db traj id : 626
frame,reward,score,terminal, action
0,0, 0, False, 0
1,0, 0, False, 0
2,0, 0, False, 0
3,0, 0, False, 0
4,0, 0, False, 0
5,0, 0, False, 0
6,0, 0, False, 0
7,0, 0, False, 0
8,0, 0, False, 0
9,0, 0, False, 0
10,0, 0, False, 0
11,0, 0, False, 0
12,0, 0, False, 0
13,0, 0, False, 0
14,0, 0, False, 0
15,0, 0, False, 0
16,0, 0, False, 0
17,0, 0, False, 0
18,0, 0, False, 0
19,0, 0, False, 0
20,0, 0, False, 0
21,0, 0, False, 0
22,0, 0, False, 0
23,0, 0, False, 0
24,0, 0, False, 0
25,0, 0, False, 0
26,0, 0, False, 0
27,0, 0, False, 0
28,0, 0, False, 0
29,0, 0, False, 0
30,0, 0, False, 0
31,0, 0, False, 0
32,0, 0, False, 0
33,0, 0, False, 0
34,0, 0, False, 0
35,0, 0, False, 0
36,0, 0, False, 0
37,0, 0, False, 0
38,0, 0, False, 0
39,0, 0, False, 0
40,0, 0, False, 0
41,0, 0, False, 0
42,0, 0, False, 0
43,0, 0, False, 0
44,0, 0, False, 0
45,0, 0, False, 0
46,0, 0, False, 0
47,0, 0, False, 0
48,0, 0, False, 0
49,0, 0, False, 0
50,0, 0, False, 0
51,0, 0, False, 0
52,0, 0, False, 0
53,0, 0, False, 0
54,0, 0, False, 0
55,0, 0, False, 0
56,0, 0, False, 0
57,0, 0, False, 3
58,0, 0, False, 3
59,0, 0, False, 3
60,0, 0, False, 3
61,0, 0, False, 3
62,0, 0, False, 3
63,0, 0, False, 3
64,0, 0, False, 3
65,0, 0, False, 3
66,0, 0, False, 3
67,0, 0, False, 3
68,0, 0, False, 3
69,0, 0, False, 3
70,0, 0, False, 3
71,0, 0, False, 3
72,0, 0, False, 3
73,0, 0, False, 3
74,0, 0, False, 3
75,0, 0, False, 3
76,0, 0, False, 3
77,0, 0, False, 3
78,0, 0, False, 3
79,0, 0, False, 3
80,0, 0, False, 0
81,0, 0, False, 0
82,0, 0, False, 0
83,0, 0, False, 0
84,0, 0, False, 0
85,0, 0, False, 0
86,0, 0, False, 0
87,0, 0, False, 0
88,0, 0, False, 0
89,0, 0, False, 0
90,0, 0, False, 0
91,0, 0, False, 0
92,0, 0, False, 0
93,0, 0, False, 0
94,0, 0, False, 0
95,0, 0, False, 0
96,0, 0, False, 0
97,0, 0, False, 0
98,0, 0, False, 0
99,0, 0, False, 0
100,0, 0, False, 0
101,0, 0, False, 0
102,0, 0, False, 0
103,0, 0, False, 0
104,0, 0, False, 0
105,0, 0, False, 0
106,0, 0, False, 0
107,0, 0, False, 0
108,0, 0, False, 0
109,0, 0, False, 0
110,0, 0, False, 0
111,0, 0, False, 1
112,0, 0, False, 1
113,0, 0, False, 1
114,0, 0, False, 1
115,0, 0, False, 1
116,0, 0, False, 1
117,0, 0, False, 1
118,0, 0, False, 1
119,0, 0, False, 1
120,0, 0, False, 1
121,0, 0, False, 1
122,0, 0, False, 1
123,0, 0, False, 0
124,0, 0, False, 0
125,0, 0, False, 0
126,0, 0, False, 0
127,0, 0, False, 0
128,0, 0, False, 0
129,0, 0, False, 0
130,0, 0, False, 0
131,0, 0, False, 0
132,0, 0, False, 0
133,0, 0, False, 0
134,0, 0, False, 0
135,0, 0, False, 0
136,0, 0, False, 0
137,0, 0, False, 0
138,0, 0, False, 1
139,0, 0, False, 1
140,0, 0, False, 1
141,0, 0, False, 1
142,0, 0, False, 1
143,0, 0, False, 1
144,0, 0, False, 1
145,0, 0, False, 1
146,0, 0, False, 1
147,0, 0, False, 1
148,0, 0, False, 1
149,0, 0, False, 1
150,0, 0, False, 0
151,0, 0, False, 0
152,0, 0, False, 0
153,0, 0, False, 0
154,0, 0, False, 0
155,0, 0, False, 0
156,0, 0, False, 0
157,0, 0, False, 0
158,0, 0, False, 0
159,0, 0, False, 0
160,0, 0, False, 0
161,0, 0, False, 0
162,0, 0, False, 0
163,0, 0, False, 0
164,0, 0, False, 0
165,0, 0, False, 0
166,0, 0, False, 0
167,0, 0, False, 0
168,0, 0, False, 3
169,0, 0, False, 3
170,0, 0, False, 3
171,0, 0, False, 3
172,0, 0, False, 3
173,0, 0, False, 3
174,0, 0, False, 3
175,0, 0, False, 3
176,0, 0, False, 3
177,0, 0, False, 3
178,0, 0, False, 3
179,0, 0, False, 3
180,0, 0, False, 3
181,0, 0, False, 3
182,0, 0, False, 3
183,0, 0, False, 3
184,0, 0, False, 3
185,0, 0, False, 3
186,0, 0, False, 3
187,0, 0, False, 3
188,0, 0, False, 3
189,0, 0, False, 3
190,0, 0, False, 3
191,0, 0, False, 3
192,0, 0, False, 3
193,0, 0, False, 3
194,0, 0, False, 3
195,0, 0, False, 3
196,0, 0, False, 3
197,0, 0, False, 3
198,0, 0, False, 3
199,0, 0, False, 3
200,0, 0, False, 3
201,0, 0, False, 3
202,0, 0, False, 3
203,0, 0, False, 3
204,0, 0, False, 3
205,0, 0, False, 3
206,0, 0, False, 3
207,0, 0, False, 3
208,0, 0, False, 0
209,0, 0, False, 0
210,0, 0, False, 0
211,0, 0, False, 0
212,0, 0, False, 3
213,0, 0, False, 3
214,0, 0, False, 3
215,0, 0, False, 3
216,0, 0, False, 3
217,0, 0, False, 3
218,0, 0, False, 3
219,0, 0, False, 3
220,0, 0, False, 0
221,0, 0, False, 0
222,0, 0, False, 0
223,0, 0, False, 0
224,0, 0, False, 1
225,0, 0, False, 1
226,0, 0, False, 1
227,0, 0, False, 1
228,0, 0, False, 1
229,0, 0, False, 1
230,0, 0, False, 1
231,0, 0, False, 1
232,0, 0, False, 1
233,0, 0, False, 1
234,0, 0, False, 1
235,0, 0, False, 0
236,0, 0, False, 0
237,0, 0, False, 0
238,0, 0, False, 0
239,0, 0, False, 0
240,0, 0, False, 0
241,0, 0, False, 0
242,0, 0, False, 0
243,0, 0, False, 0
244,0, 0, False, 0
245,0, 0, False, 0
246,0, 0, False, 0
247,0, 0, False, 0
248,0, 0, False, 0
249,0, 0, False, 0
250,5, 5, False, 0
251,0, 5, False, 0
252,0, 5, False, 0
253,0, 5, False, 0
254,0, 5, False, 0
255,0, 5, False, 0
256,0, 5, False, 0
257,0, 5, False, 0
258,0, 5, False, 0
259,0, 5, False, 0
260,0, 5, False, 0
261,0, 5, False, 0
262,0, 5, False, 1
263,0, 5, False, 1
264,0, 5, False, 11
265,0, 5, False, 11
266,0, 5, False, 11
267,0, 5, False, 11
268,0, 5, False, 11
269,0, 5, False, 11
270,0, 5, False, 3
271,0, 5, False, 3
272,0, 5, False, 3
273,0, 5, False, 3
274,0, 5, False, 3
275,0, 5, False, 3
276,0, 5, False, 3
277,0, 5, False, 3
278,0, 5, False, 3
279,0, 5, False, 3
280,0, 5, False, 3
281,0, 5, False, 3
282,0, 5, False, 3
283,0, 5, False, 3
284,0, 5, False, 0
285,0, 5, False, 0
286,0, 5, False, 0
287,0, 5, False, 0
288,0, 5, False, 0
289,0, 5, False, 0
290,0, 5, False, 0
291,0, 5, False, 0
292,0, 5, False, 0
293,0, 5, False, 0
294,0, 5, False, 0
295,0, 5, False, 0
296,10, 15, False, 0
297,0, 15, False, 0
298,0, 15, False, 0
299,0, 15, False, 0
300,0, 15, False, 3
301,0, 15, False, 3
302,0, 15, False, 3
303,0, 15, False, 3
304,0, 15, False, 3
305,0, 15, False, 3
306,0, 15, False, 3
307,0, 15, False, 3
308,0, 15, False, 3
309,0, 15, False, 3
310,0, 15, False, 3
311,0, 15, False, 3
312,0, 15, False, 3
313,0, 15, False, 3
314,0, 15, False, 3
315,0, 15, False, 3
316,0, 15, False, 3
317,0, 15, False, 3
318,0, 15, False, 3
319,0, 15, False, 3
320,0, 15, False, 3
321,0, 15, False, 0
322,0, 15, False, 0
323,0, 15, False, 0
324,0, 15, False, 0
325,0, 15, False, 0
326,0, 15, False, 0
327,0, 15, False, 0
328,0, 15, False, 0
329,0, 15, False, 0
330,0, 15, False, 0
331,0, 15, False, 3
332,0, 15, False, 3
333,0, 15, False, 3
334,0, 15, False, 3
335,0, 15, False, 3
336,0, 15, False, 3
337,0, 15, False, 3
338,0, 15, False, 3
339,0, 15, False, 3
340,0, 15, False, 3
341,0, 15, False, 3
342,0, 15, False, 3
343,0, 15, False, 3
344,0, 15, False, 3
345,0, 15, False, 3
346,0, 15, False, 3
347,0, 15, False, 3
348,0, 15, False, 3
349,0, 15, False, 3
350,0, 15, False, 0
351,0, 15, False, 0
352,0, 15, False, 0
353,0, 15, False, 0
354,0, 15, False, 0
355,0, 15, False, 0
356,0, 15, False, 0
357,0, 15, False, 0
358,0, 15, False, 0
359,0, 15, False, 0
360,0, 15, False, 0
361,0, 15, False, 0
362,0, 15, False, 0
363,0, 15, False, 0
364,0, 15, False, 0
365,0, 15, False, 1
366,0, 15, False, 1
367,0, 15, False, 1
368,0, 15, False, 1
369,0, 15, False, 1
370,0, 15, False, 1
371,0, 15, False, 1
372,0, 15, False, 1
373,0, 15, False, 1
374,0, 15, False, 1
375,0, 15, False, 0
376,0, 15, False, 0
377,0, 15, False, 0
378,0, 15, False, 0
379,0, 15, False, 0
380,0, 15, False, 0
381,0, 15, False, 0
382,0, 15, False, 0
383,0, 15, False, 0
384,0, 15, False, 0
385,0, 15, False, 0
386,0, 15, False, 0
387,0, 15, False, 0
388,0, 15, False, 0
389,0, 15, False, 0
390,0, 15, False, 0
391,0, 15, False, 0
392,0, 15, False, 0
393,0, 15, False, 0
394,0, 15, False, 0
395,0, 15, False, 0
396,0, 15, False, 0
397,0, 15, False, 0
398,0, 15, False, 0
399,0, 15, False, 0
400,0, 15, False, 0
401,0, 15, False, 0
402,0, 15, False, 0
403,0, 15, False, 0
404,0, 15, False, 0
405,0, 15, False, 0
406,0, 15, False, 0
407,0, 15, False, 0
408,0, 15, False, 0
409,0, 15, False, 0
410,0, 15, False, 0
411,0, 15, False, 0
412,0, 15, False, 0
413,0, 15, False, 0
414,0, 15, False, 0
415,0, 15, False, 0
416,0, 15, False, 0
417,0, 15, False, 0
418,0, 15, False, 0
419,0, 15, False, 0
420,0, 15, False, 3
421,0, 15, False, 3
422,0, 15, False, 3
423,0, 15, False, 3
424,0, 15, False, 3
425,0, 15, False, 3
426,0, 15, False, 3
427,0, 15, False, 3
428,0, 15, False, 3
429,0, 15, False, 3
430,0, 15, False, 3
431,0, 15, False, 3
432,0, 15, False, 0
433,0, 15, False, 0
434,0, 15, False, 0
435,0, 15, False, 0
436,0, 15, False, 0
437,0, 15, False, 0
438,0, 15, False, 0
439,0, 15, False, 0
440,0, 15, False, 0
441,0, 15, False, 0
442,0, 15, False, 0
443,0, 15, False, 0
444,0, 15, False, 0
445,0, 15, False, 0
446,0, 15, False, 0
447,0, 15, False, 0
448,0, 15, False, 0
449,0, 15, False, 3
450,0, 15, False, 3
451,0, 15, False, 3
452,0, 15, False, 3
453,0, 15, False, 3
454,0, 15, False, 3
455,0, 15, False, 3
456,0, 15, False, 3
457,0, 15, False, 3
458,0, 15, False, 3
459,0, 15, False, 3
460,0, 15, False, 3
461,0, 15, False, 3
462,0, 15, False, 0
463,0, 15, False, 0
464,0, 15, False, 0
465,0, 15, False, 0
466,0, 15, False, 0
467,0, 15, False, 0
468,0, 15, False, 1
469,0, 15, False, 1
470,0, 15, False, 1
471,0, 15, False, 1
472,0, 15, False, 1
473,0, 15, False, 1
474,0, 15, False, 1
475,0, 15, False, 1
476,0, 15, False, 1
477,0, 15, False, 0
478,0, 15, False, 0
479,0, 15, False, 0
480,0, 15, False, 0
481,0, 15, False, 0
482,0, 15, False, 0
483,0, 15, False, 0
484,0, 15, False, 0
485,0, 15, False, 0
486,0, 15, False, 0
487,0, 15, False, 0
488,0, 15, False, 0
489,0, 15, False, 0
490,0, 15, False, 0
491,0, 15, False, 0
492,0, 15, False, 0
493,0, 15, False, 0
494,0, 15, False, 0
495,0, 15, False, 0
496,5, 20, False, 0
497,0, 20, False, 0
498,0, 20, False, 0
499,0, 20, False, 0
500,0, 20, False, 0
501,0, 20, False, 0
502,0, 20, False, 0
503,0, 20, False, 0
504,0, 20, False, 0
505,0, 20, False, 0
506,0, 20, False, 0
507,0, 20, False, 0
508,0, 20, False, 0
509,0, 20, False, 1
510,0, 20, False, 1
511,0, 20, False, 1
512,0, 20, False, 1
513,0, 20, False, 1
514,0, 20, False, 1
515,0, 20, False, 1
516,0, 20, False, 1
517,0, 20, False, 0
518,0, 20, False, 0
519,0, 20, False, 0
520,0, 20, False, 0
521,0, 20, False, 0
522,0, 20, False, 0
523,0, 20, False, 0
524,0, 20, False, 0
525,0, 20, False, 0
526,0, 20, False, 0
527,0, 20, False, 0
528,0, 20, False, 0
529,0, 20, False, 0
530,0, 20, False, 0
531,0, 20, False, 0
532,0, 20, False, 0
533,0, 20, False, 0
534,0, 20, False, 0
535,0, 20, False, 0
536,0, 20, False, 0
537,0, 20, False, 0
538,0, 20, False, 0
539,0, 20, False, 0
540,0, 20, False, 0
541,0, 20, False, 0
542,10, 30, False, 0
543,0, 30, False, 0
544,0, 30, False, 0
545,0, 30, False, 0
546,0, 30, False, 0
547,0, 30, False, 0
548,0, 30, False, 0
549,0, 30, False, 0
550,0, 30, False, 0
551,0, 30, False, 0
552,0, 30, False, 0
553,0, 30, False, 0
554,0, 30, False, 0
555,0, 30, False, 0
556,0, 30, False, 1
557,0, 30, False, 1
558,0, 30, False, 1
559,0, 30, False, 1
560,0, 30, False, 1
561,0, 30, False, 1
562,0, 30, False, 1
563,0, 30, False, 1
564,0, 30, False, 0
565,0, 30, False, 0
566,0, 30, False, 0
567,0, 30, False, 0
568,0, 30, False, 0
569,0, 30, False, 0
570,0, 30, False, 0
571,0, 30, False, 0
572,0, 30, False, 0
573,0, 30, False, 0
574,0, 30, False, 0
575,0, 30, False, 0
576,0, 30, False, 0
577,0, 30, False, 0
578,0, 30, False, 0
579,0, 30, False, 0
580,0, 30, False, 0
581,0, 30, False, 0
582,0, 30, False, 0
583,0, 30, False, 0
584,0, 30, False, 0
585,0, 30, False, 0
586,0, 30, False, 0
587,0, 30, False, 0
588,0, 30, False, 0
589,0, 30, False, 0
590,0, 30, False, 0
591,0, 30, False, 0
592,0, 30, False, 0
593,0, 30, False, 0
594,0, 30, False, 0
595,0, 30, False, 0
596,0, 30, False, 0
597,0, 30, False, 0
598,0, 30, False, 0
599,0, 30, False, 0
600,15, 45, False, 0
601,0, 45, False, 0
602,0, 45, False, 0
603,0, 45, False, 0
604,0, 45, False, 0
605,0, 45, False, 0
606,0, 45, False, 1
607,0, 45, False, 1
608,0, 45, False, 1
609,0, 45, False, 1
610,0, 45, False, 1
611,0, 45, False, 1
612,0, 45, False, 1
613,0, 45, False, 1
614,0, 45, False, 1
615,0, 45, False, 0
616,0, 45, False, 0
617,0, 45, False, 0
618,0, 45, False, 0
619,0, 45, False, 0
620,0, 45, False, 0
621,0, 45, False, 0
622,0, 45, False, 0
623,0, 45, False, 0
624,0, 45, False, 0
625,0, 45, False, 0
626,0, 45, False, 0
627,0, 45, False, 0
628,0, 45, False, 0
629,0, 45, False, 0
630,0, 45, False, 0
631,0, 45, False, 0
632,0, 45, False, 0
633,0, 45, False, 4
634,0, 45, False, 4
635,0, 45, False, 4
636,0, 45, False, 4
637,0, 45, False, 4
638,0, 45, False, 4
639,0, 45, False, 4
640,0, 45, False, 4
641,0, 45, False, 4
642,0, 45, False, 4
643,0, 45, False, 4
644,0, 45, False, 4
645,0, 45, False, 4
646,0, 45, False, 4
647,0, 45, False, 4
648,0, 45, False, 4
649,0, 45, False, 4
650,0, 45, False, 4
651,0, 45, False, 4
652,0, 45, False, 4
653,0, 45, False, 0
654,0, 45, False, 0
655,0, 45, False, 0
656,0, 45, False, 0
657,0, 45, False, 0
658,20, 65, False, 0
659,0, 65, False, 0
660,0, 65, False, 0
661,0, 65, False, 0
662,0, 65, False, 0
663,0, 65, False, 0
664,0, 65, False, 0
665,0, 65, False, 0
666,0, 65, False, 0
667,0, 65, False, 0
668,0, 65, False, 0
669,0, 65, False, 0
670,0, 65, False, 1
671,0, 65, False, 1
672,0, 65, False, 1
673,0, 65, False, 1
674,0, 65, False, 1
675,0, 65, False, 1
676,0, 65, False, 1
677,0, 65, False, 1
678,0, 65, False, 1
679,0, 65, False, 1
680,0, 65, False, 1
681,0, 65, False, 1
682,0, 65, False, 1
683,0, 65, False, 0
684,0, 65, False, 0
685,0, 65, False, 0
686,0, 65, False, 0
687,0, 65, False, 0
688,0, 65, False, 0
689,0, 65, False, 0
690,0, 65, False, 0
691,0, 65, False, 0
692,0, 65, False, 0
693,0, 65, False, 0
694,0, 65, False, 0
695,0, 65, False, 0
696,0, 65, False, 0
697,0, 65, False, 0
698,5, 70, False, 0
699,0, 70, False, 0
700,0, 70, False, 0
701,0, 70, False, 0
702,0, 70, False, 0
703,0, 70, False, 0
704,0, 70, False, 0
705,0, 70, False, 1
706,0, 70, False, 1
707,0, 70, False, 1
708,0, 70, False, 1
709,0, 70, False, 1
710,0, 70, False, 1
711,0, 70, False, 1
712,0, 70, False, 1
713,0, 70, False, 1
714,0, 70, False, 1
715,0, 70, False, 1
716,0, 70, False, 0
717,0, 70, False, 0
718,0, 70, False, 0
719,0, 70, False, 0
720,0, 70, False, 0
721,0, 70, False, 0
722,0, 70, False, 0
723,0, 70, False, 0
724,0, 70, False, 0
725,0, 70, False, 0
726,0, 70, False, 0
727,0, 70, False, 0
728,0, 70, False, 0
729,0, 70, False, 0
730,0, 70, False, 0
731,0, 70, False, 0
732,0, 70, False, 0
733,0, 70, False, 0
734,0, 70, False, 0
735,0, 70, False, 0
736,0, 70, False, 0
737,0, 70, False, 0
738,0, 70, False, 0
739,0, 70, False, 0
740,10, 80, False, 0
741,0, 80, False, 1
742,0, 80, False, 1
743,0, 80, False, 1
744,0, 80, False, 1
745,0, 80, False, 1
746,0, 80, False, 1
747,0, 80, False, 1
748,0, 80, False, 1
749,0, 80, False, 1
750,0, 80, False, 1
751,0, 80, False, 0
752,0, 80, False, 0
753,0, 80, False, 0
754,0, 80, False, 0
755,0, 80, False, 0
756,0, 80, False, 0
757,0, 80, False, 0
758,0, 80, False, 0
759,0, 80, False, 0
760,0, 80, False, 0
761,0, 80, False, 0
762,0, 80, False, 0
763,0, 80, False, 0
764,0, 80, False, 0
765,0, 80, False, 0
766,0, 80, False, 0
767,0, 80, False, 0
768,0, 80, False, 0
769,0, 80, False, 0
770,0, 80, False, 0
771,0, 80, False, 0
772,0, 80, False, 0
773,0, 80, False, 1
774,0, 80, False, 1
775,0, 80, False, 12
776,0, 80, False, 12
777,0, 80, False, 12
778,0, 80, False, 12
779,0, 80, False, 4
780,0, 80, False, 4
781,0, 80, False, 4
782,0, 80, False, 4
783,0, 80, False, 4
784,15, 95, False, 4
785,0, 95, False, 4
786,0, 95, False, 4
787,0, 95, False, 4
788,0, 95, False, 4
789,0, 95, False, 4
790,0, 95, False, 4
791,0, 95, False, 4
792,0, 95, False, 4
793,0, 95, False, 4
794,0, 95, False, 4
795,0, 95, False, 4
796,0, 95, False, 4
797,0, 95, False, 4
798,0, 95, False, 4
799,0, 95, False, 4
800,0, 95, False, 4
801,0, 95, False, 4
802,0, 95, False, 4
803,0, 95, False, 4
804,0, 95, False, 4
805,0, 95, False, 4
806,0, 95, False, 4
807,0, 95, False, 4
808,0, 95, False, 4
809,0, 95, False, 4
810,0, 95, False, 4
811,0, 95, False, 4
812,0, 95, False, 4
813,0, 95, False, 4
814,0, 95, False, 4
815,0, 95, False, 4
816,0, 95, False, 4
817,0, 95, False, 4
818,0, 95, False, 4
819,0, 95, False, 4
820,0, 95, False, 4
821,0, 95, False, 4
822,0, 95, False, 4
823,0, 95, False, 4
824,0, 95, False, 4
825,0, 95, False, 4
826,0, 95, False, 4
827,0, 95, False, 4
828,0, 95, False, 4
829,0, 95, False, 0
830,0, 95, False, 0
831,0, 95, False, 0
832,0, 95, False, 0
833,0, 95, False, 0
834,0, 95, False, 0
835,0, 95, False, 0
836,0, 95, False, 1
837,0, 95, False, 1
838,0, 95, False, 1
839,0, 95, False, 1
840,0, 95, False, 1
841,0, 95, False, 1
842,0, 95, False, 1
843,0, 95, False, 1
844,0, 95, False, 1
845,0, 95, False, 1
846,0, 95, False, 0
847,0, 95, False, 0
848,0, 95, False, 0
849,0, 95, False, 0
850,0, 95, False, 0
851,0, 95, False, 0
852,0, 95, False, 0
853,0, 95, False, 0
854,0, 95, False, 1
855,0, 95, False, 1
856,0, 95, False, 1
857,0, 95, False, 1
858,0, 95, False, 1
859,0, 95, False, 1
860,0, 95, False, 1
861,0, 95, False, 1
862,5, 100, False, 1
863,0, 100, False, 0
864,0, 100, False, 0
865,0, 100, False, 0
866,0, 100, False, 0
867,0, 100, False, 0
868,0, 100, False, 0
869,0, 100, False, 1
870,0, 100, False, 1
871,0, 100, False, 1
872,0, 100, False, 1
873,0, 100, False, 1
874,0, 100, False, 1
875,0, 100, False, 1
876,0, 100, False, 1
877,0, 100, False, 0
878,0, 100, False, 0
879,0, 100, False, 0
880,0, 100, False, 0
881,0, 100, False, 0
882,0, 100, False, 1
883,0, 100, False, 1
884,0, 100, False, 1
885,0, 100, False, 1
886,0, 100, False, 1
887,0, 100, False, 1
888,0, 100, False, 1
889,0, 100, False, 1
890,0, 100, False, 0
891,0, 100, False, 0
892,0, 100, False, 0
893,0, 100, False, 0
894,0, 100, False, 1
895,0, 100, False, 1
896,0, 100, False, 1
897,0, 100, False, 1
898,0, 100, False, 1
899,0, 100, False, 1
900,0, 100, False, 1
901,0, 100, False, 0
902,10, 110, False, 0
903,0, 110, False, 0
904,0, 110, False, 0
905,0, 110, False, 0
906,0, 110, False, 1
907,0, 110, False, 1
908,0, 110, False, 1
909,0, 110, False, 1
910,0, 110, False, 1
911,0, 110, False, 1
912,0, 110, False, 0
913,0, 110, False, 0
914,0, 110, False, 0
915,0, 110, False, 0
916,0, 110, False, 0
917,0, 110, False, 0
918,0, 110, False, 1
919,0, 110, False, 1
920,0, 110, False, 1
921,0, 110, False, 1
922,0, 110, False, 1
923,0, 110, False, 1
924,0, 110, False, 1
925,0, 110, False, 0
926,0, 110, False, 0
927,0, 110, False, 0
928,0, 110, False, 0
929,0, 110, False, 0
930,0, 110, False, 0
931,0, 110, False, 0
932,0, 110, False, 1
933,0, 110, False, 1
934,0, 110, False, 1
935,0, 110, False, 1
936,0, 110, False, 1
937,0, 110, False, 1
938,0, 110, False, 1
939,0, 110, False, 1
940,0, 110, False, 0
941,0, 110, False, 0
942,0, 110, False, 0
943,0, 110, False, 0
944,0, 110, False, 1
945,0, 110, False, 1
946,0, 110, False, 1
947,0, 110, False, 1
948,0, 110, False, 1
949,0, 110, False, 1
950,0, 110, False, 1
951,0, 110, False, 1
952,15, 125, False, 0
953,0, 125, False, 0
954,0, 125, False, 0
955,0, 125, False, 0
956,0, 125, False, 0
957,0, 125, False, 0
958,0, 125, False, 1
959,0, 125, False, 1
960,0, 125, False, 1
961,0, 125, False, 1
962,0, 125, False, 1
963,0, 125, False, 1
964,0, 125, False, 0
965,0, 125, False, 0
966,0, 125, False, 0
967,0, 125, False, 0
968,0, 125, False, 0
969,0, 125, False, 1
970,0, 125, False, 1
971,0, 125, False, 1
972,0, 125, False, 1
973,0, 125, False, 1
974,0, 125, False, 1
975,0, 125, False, 1
976,0, 125, False, 0
977,0, 125, False, 0
978,0, 125, False, 0
979,0, 125, False, 0
980,0, 125, False, 0
981,0, 125, False, 0
982,0, 125, False, 0
983,0, 125, False, 0
984,0, 125, False, 0
985,0, 125, False, 0
986,0, 125, False, 0
987,0, 125, False, 0
988,0, 125, False, 1
989,0, 125, False, 1
990,0, 125, False, 1
991,0, 125, False, 1
992,0, 125, False, 1
993,0, 125, False, 1
994,0, 125, False, 1
995,0, 125, False, 0
996,0, 125, False, 0
997,0, 125, False, 0
998,0, 125, False, 0
999,0, 125, False, 0
1000,0, 125, False, 1
1001,0, 125, False, 1
1002,0, 125, False, 1
1003,0, 125, False, 1
1004,0, 125, False, 1
1005,0, 125, False, 1
1006,20, 145, False, 1
1007,0, 145, False, 0
1008,0, 145, False, 0
1009,0, 145, False, 0
1010,0, 145, False, 0
1011,0, 145, False, 0
1012,0, 145, False, 4
1013,0, 145, False, 4
1014,0, 145, False, 4
1015,0, 145, False, 4
1016,0, 145, False, 4
1017,0, 145, False, 4
1018,0, 145, False, 4
1019,0, 145, False, 4
1020,0, 145, False, 4
1021,0, 145, False, 4
1022,0, 145, False, 4
1023,0, 145, False, 4
1024,0, 145, False, 4
1025,0, 145, False, 4
1026,0, 145, False, 4
1027,0, 145, False, 4
1028,0, 145, False, 4
1029,0, 145, False, 4
1030,0, 145, False, 4
1031,0, 145, False, 4
1032,0, 145, False, 4
1033,0, 145, False, 4
1034,0, 145, False, 4
1035,0, 145, False, 4
1036,0, 145, False, 4
1037,0, 145, False, 4
1038,0, 145, False, 4
1039,0, 145, False, 4
1040,0, 145, False, 4
1041,0, 145, False, 4
1042,0, 145, False, 0
1043,0, 145, False, 0
1044,0, 145, False, 0
1045,0, 145, False, 0
1046,0, 145, False, 0
1047,0, 145, False, 4
1048,0, 145, False, 4
1049,0, 145, False, 4
1050,0, 145, False, 4
1051,0, 145, False, 4
1052,0, 145, False, 4
1053,0, 145, False, 4
1054,0, 145, False, 4
1055,0, 145, False, 4
1056,0, 145, False, 4
1057,0, 145, False, 0
1058,0, 145, False, 0
1059,0, 145, False, 0
1060,0, 145, False, 0
1061,0, 145, False, 0
1062,0, 145, False, 0
1063,0, 145, False, 0
1064,0, 145, False, 0
1065,0, 145, False, 0
1066,0, 145, False, 4
1067,0, 145, False, 4
1068,0, 145, False, 4
1069,0, 145, False, 4
1070,0, 145, False, 4
1071,0, 145, False, 4
1072,0, 145, False, 4
1073,0, 145, False, 4
1074,0, 145, False, 4
1075,0, 145, False, 4
1076,0, 145, False, 4
1077,0, 145, False, 4
1078,0, 145, False, 4
1079,0, 145, False, 4
1080,0, 145, False, 4
1081,0, 145, False, 4
1082,0, 145, False, 4
1083,0, 145, False, 4
1084,0, 145, False, 4
1085,0, 145, False, 4
1086,0, 145, False, 0
1087,0, 145, False, 0
1088,0, 145, False, 0
1089,0, 145, False, 0
1090,0, 145, False, 0
1091,0, 145, False, 0
1092,0, 145, False, 0
1093,0, 145, False, 0
1094,0, 145, False, 0
1095,0, 145, False, 0
1096,0, 145, False, 0
1097,0, 145, False, 0
1098,0, 145, False, 0
1099,0, 145, False, 0
1100,0, 145, False, 0
1101,0, 145, False, 0
1102,0, 145, False, 0
1103,0, 145, False, 0
1104,0, 145, False, 0
1105,0, 145, False, 0
1106,0, 145, False, 0
1107,0, 145, False, 0
1108,0, 145, False, 0
1109,0, 145, False, 0
1110,0, 145, False, 0
1111,0, 145, False, 0
1112,0, 145, False, 0
1113,0, 145, False, 0
1114,0, 145, False, 0
1115,0, 145, False, 0
1116,0, 145, False, 0
1117,0, 145, False, 0
1118,0, 145, False, 0
1119,0, 145, False, 0
1120,0, 145, False, 0
1121,0, 145, False, 0
1122,0, 145, False, 0
1123,0, 145, False, 0
1124,0, 145, False, 0
1125,0, 145, False, 0
1126,0, 145, False, 0
1127,0, 145, False, 0
1128,0, 145, False, 0
1129,0, 145, False, 0
1130,0, 145, False, 0
1131,0, 145, False, 0
1132,0, 145, False, 0
1133,0, 145, False, 0
1134,0, 145, False, 0
1135,0, 145, False, 0
1136,0, 145, False, 0
1137,0, 145, False, 0
1138,0, 145, False, 0
1139,0, 145, False, 0
1140,0, 145, False, 0
1141,0, 145, False, 0
1142,0, 145, False, 0
1143,0, 145, False, 0
1144,0, 145, False, 0
1145,0, 145, False, 0
1146,0, 145, False, 0
1147,0, 145, False, 0
1148,0, 145, False, 0
1149,0, 145, False, 4
1150,0, 145, False, 4
1151,0, 145, False, 4
1152,0, 145, False, 4
1153,0, 145, False, 4
1154,0, 145, False, 4
1155,0, 145, False, 4
1156,0, 145, False, 0
1157,0, 145, False, 0
1158,0, 145, False, 0
1159,0, 145, False, 0
1160,0, 145, False, 0
1161,0, 145, False, 0
1162,0, 145, False, 0
1163,0, 145, False, 0
1164,0, 145, False, 0
1165,0, 145, False, 0
1166,0, 145, False, 0
1167,0, 145, False, 0
1168,0, 145, False, 0
1169,0, 145, False, 0
1170,0, 145, False, 0
1171,0, 145, False, 0
1172,0, 145, False, 0
1173,0, 145, False, 0
1174,0, 145, False, 0
1175,0, 145, False, 0
1176,0, 145, False, 0
1177,0, 145, False, 0
1178,0, 145, False, 0
1179,0, 145, False, 0
1180,0, 145, False, 0
1181,0, 145, False, 0
1182,0, 145, False, 0
1183,0, 145, False, 0
1184,0, 145, False, 0
1185,0, 145, False, 0
1186,0, 145, False, 0
1187,0, 145, False, 0
1188,0, 145, False, 0
1189,0, 145, False, 0
1190,0, 145, False, 0
1191,0, 145, False, 0
1192,0, 145, False, 0
1193,0, 145, False, 0
1194,0, 145, False, 0
1195,0, 145, False, 0
1196,0, 145, False, 0
1197,0, 145, False, 0
1198,0, 145, False, 0
1199,0, 145, False, 0
1200,0, 145, False, 0
1201,0, 145, False, 0
1202,0, 145, False, 0
1203,0, 145, False, 0
1204,0, 145, False, 0
1205,0, 145, False, 1
1206,0, 145, False, 1
1207,0, 145, False, 1
1208,0, 145, False, 1
1209,0, 145, False, 1
1210,0, 145, False, 1
1211,0, 145, False, 1
1212,0, 145, False, 1
1213,0, 145, False, 1
1214,0, 145, False, 1
1215,0, 145, False, 0
1216,0, 145, False, 0
1217,0, 145, False, 0
1218,0, 145, False, 0
1219,0, 145, False, 0
1220,0, 145, False, 0
1221,0, 145, False, 0
1222,0, 145, False, 0
1223,0, 145, False, 0
1224,0, 145, False, 0
1225,0, 145, False, 0
1226,0, 145, False, 0
1227,0, 145, False, 0
1228,0, 145, False, 0
1229,0, 145, False, 0
1230,0, 145, False, 0
1231,0, 145, False, 0
1232,0, 145, False, 0
1233,0, 145, False, 0
1234,0, 145, False, 0
1235,0, 145, False, 0
1236,0, 145, False, 0
1237,0, 145, False, 0
1238,0, 145, False, 0
1239,0, 145, False, 0
1240,0, 145, False, 0
1241,0, 145, False, 0
1242,0, 145, False, 0
1243,0, 145, False, 0
1244,0, 145, False, 0
1245,0, 145, False, 0
1246,0, 145, False, 0
1247,0, 145, False, 0
1248,0, 145, False, 0
1249,0, 145, False, 0
1250,0, 145, False, 0
1251,0, 145, False, 0
1252,0, 145, False, 0
1253,0, 145, False, 1
1254,0, 145, False, 1
1255,0, 145, False, 1
1256,0, 145, False, 1
1257,0, 145, False, 1
1258,0, 145, False, 1
1259,0, 145, False, 1
1260,0, 145, False, 1
1261,0, 145, False, 1
1262,0, 145, False, 0
1263,0, 145, False, 0
1264,0, 145, False, 0
1265,0, 145, False, 0
1266,0, 145, False, 0
1267,0, 145, False, 0
1268,0, 145, False, 0
1269,0, 145, False, 0
1270,0, 145, False, 1
1271,0, 145, False, 1
1272,0, 145, False, 1
1273,0, 145, False, 1
1274,0, 145, False, 1
1275,0, 145, False, 1
1276,0, 145, False, 1
1277,0, 145, False, 1
1278,0, 145, False, 1
1279,0, 145, False, 0
1280,0, 145, False, 0
1281,0, 145, False, 0
1282,0, 145, False, 0
1283,0, 145, False, 0
1284,0, 145, False, 0
1285,0, 145, False, 0
1286,0, 145, False, 0
1287,0, 145, False, 0
1288,0, 145, False, 0
1289,0, 145, False, 0
1290,0, 145, False, 0
1291,0, 145, False, 0
1292,0, 145, False, 0
1293,0, 145, False, 0
1294,0, 145, False, 0
1295,0, 145, False, 0
1296,0, 145, False, 0
1297,0, 145, False, 0
1298,0, 145, False, 0
1299,0, 145, False, 1
1300,0, 145, False, 1
1301,0, 145, False, 1
1302,0, 145, False, 1
1303,0, 145, False, 1
1304,0, 145, False, 1
1305,0, 145, False, 1
1306,0, 145, False, 1
1307,0, 145, False, 1
1308,0, 145, False, 1
1309,0, 145, False, 0
1310,0, 145, False, 0
1311,0, 145, False, 0
1312,0, 145, False, 0
1313,0, 145, False, 0
1314,0, 145, False, 0
1315,0, 145, False, 0
1316,0, 145, False, 0
1317,0, 145, False, 0
1318,5, 150, False, 0
1319,0, 150, False, 0
1320,0, 150, False, 0
1321,0, 150, False, 0
1322,0, 150, False, 0
1323,0, 150, False, 0
1324,0, 150, False, 0
1325,0, 150, False, 0
1326,0, 150, False, 0
1327,0, 150, False, 0
1328,0, 150, False, 0
1329,0, 150, False, 0
1330,0, 150, False, 0
1331,0, 150, False, 0
1332,0, 150, False, 0
1333,0, 150, False, 0
1334,0, 150, False, 0
1335,0, 150, False, 0
1336,0, 150, False, 0
1337,0, 150, False, 0
1338,0, 150, False, 1
1339,0, 150, False, 1
1340,0, 150, False, 1
1341,0, 150, False, 1
1342,0, 150, False, 1
1343,0, 150, False, 1
1344,0, 150, False, 1
1345,0, 150, False, 1
1346,0, 150, False, 1
1347,0, 150, False, 1
1348,0, 150, False, 1
1349,0, 150, False, 0
1350,0, 150, False, 0
1351,0, 150, False, 0
1352,0, 150, False, 0
1353,0, 150, False, 0
1354,0, 150, False, 0
1355,0, 150, False, 0
1356,0, 150, False, 0
1357,0, 150, False, 0
1358,0, 150, False, 0
1359,0, 150, False, 0
1360,0, 150, False, 0
1361,0, 150, False, 0
1362,0, 150, False, 0
1363,0, 150, False, 0
1364,0, 150, False, 0
1365,0, 150, False, 0
1366,0, 150, False, 3
1367,0, 150, False, 3
1368,10, 160, False, 3
1369,0, 160, False, 3
1370,0, 160, False, 3
1371,0, 160, False, 3
1372,0, 160, False, 3
1373,0, 160, False, 3
1374,0, 160, False, 3
1375,0, 160, False, 3
1376,0, 160, False, 3
1377,0, 160, False, 3
1378,0, 160, False, 3
1379,0, 160, False, 3
1380,0, 160, False, 3
1381,0, 160, False, 3
1382,0, 160, False, 3
1383,0, 160, False, 3
1384,0, 160, False, 3
1385,0, 160, False, 3
1386,0, 160, False, 3
1387,0, 160, False, 3
1388,0, 160, False, 3
1389,0, 160, False, 3
1390,0, 160, False, 3
1391,0, 160, False, 3
1392,0, 160, False, 3
1393,0, 160, False, 3
1394,0, 160, False, 3
1395,0, 160, False, 3
1396,0, 160, False, 3
1397,0, 160, False, 3
1398,0, 160, False, 3
1399,0, 160, False, 3
1400,0, 160, False, 3
1401,0, 160, False, 3
1402,0, 160, False, 3
1403,0, 160, False, 3
1404,0, 160, False, 3
1405,0, 160, False, 3
1406,0, 160, False, 3
1407,0, 160, False, 3
1408,0, 160, False, 3
1409,0, 160, False, 3
1410,0, 160, False, 3
1411,0, 160, False, 3
1412,0, 160, False, 3
1413,0, 160, False, 3
1414,0, 160, False, 3
1415,0, 160, False, 3
1416,0, 160, False, 3
1417,0, 160, False, 3
1418,0, 160, False, 3
1419,0, 160, False, 3
1420,0, 160, False, 3
1421,0, 160, False, 3
1422,0, 160, False, 3
1423,0, 160, False, 3
1424,0, 160, False, 3
1425,0, 160, False, 3
1426,0, 160, False, 3
1427,0, 160, False, 3
1428,0, 160, False, 3
1429,0, 160, False, 3
1430,0, 160, False, 3
1431,0, 160, False, 3
1432,0, 160, False, 3
1433,0, 160, False, 3
1434,0, 160, False, 3
1435,0, 160, False, 3
1436,0, 160, False, 3
1437,0, 160, False, 3
1438,0, 160, False, 3
1439,0, 160, False, 3
1440,0, 160, False, 3
1441,0, 160, False, 3
1442,0, 160, False, 3
1443,0, 160, False, 3
1444,0, 160, False, 3
1445,0, 160, False, 3
1446,0, 160, False, 3
1447,0, 160, False, 3
1448,0, 160, False, 3
1449,0, 160, False, 3
1450,0, 160, False, 3
1451,0, 160, False, 3
1452,0, 160, False, 3
1453,0, 160, False, 3
1454,0, 160, False, 3
1455,0, 160, False, 0
1456,0, 160, False, 0
1457,0, 160, False, 0
1458,0, 160, False, 0
1459,0, 160, False, 0
1460,0, 160, False, 0
1461,0, 160, False, 0
1462,0, 160, False, 0
1463,0, 160, False, 0
1464,0, 160, False, 0
1465,0, 160, False, 0
1466,0, 160, False, 0
1467,0, 160, False, 0
1468,0, 160, False, 0
1469,0, 160, False, 0
1470,0, 160, False, 0
1471,0, 160, False, 0
1472,0, 160, False, 0
1473,0, 160, False, 0
1474,0, 160, False, 0
1475,0, 160, False, 0
1476,0, 160, False, 0
1477,0, 160, False, 0
1478,0, 160, False, 0
1479,0, 160, False, 0
1480,0, 160, False, 0
1481,0, 160, False, 0
1482,0, 160, False, 0
1483,0, 160, False, 0
1484,0, 160, False, 0
1485,0, 160, False, 0
1486,0, 160, False, 0
1487,0, 160, False, 3
1488,0, 160, False, 3
1489,0, 160, False, 3
1490,0, 160, False, 3
1491,0, 160, False, 3
1492,0, 160, False, 3
1493,0, 160, False, 3
1494,0, 160, False, 3
1495,0, 160, False, 3
1496,0, 160, False, 3
1497,0, 160, False, 3
1498,0, 160, False, 3
1499,0, 160, False, 3
1500,0, 160, False, 3
1501,0, 160, False, 3
1502,0, 160, False, 3
1503,0, 160, False, 3
1504,0, 160, False, 3
1505,0, 160, False, 3
1506,0, 160, False, 0
1507,0, 160, False, 0
1508,0, 160, False, 0
1509,0, 160, False, 0
1510,0, 160, False, 0
1511,0, 160, False, 0
1512,0, 160, False, 0
1513,0, 160, False, 0
1514,0, 160, False, 0
1515,0, 160, False, 0
1516,0, 160, False, 0
1517,0, 160, False, 0
1518,0, 160, False, 0
1519,0, 160, False, 3
1520,0, 160, False, 3
1521,0, 160, False, 3
1522,0, 160, False, 3
1523,0, 160, False, 3
1524,0, 160, False, 3
1525,0, 160, False, 3
1526,0, 160, False, 3
1527,0, 160, False, 3
1528,0, 160, False, 3
1529,0, 160, False, 3
1530,0, 160, False, 0
1531,0, 160, False, 0
1532,0, 160, False, 0
1533,0, 160, False, 0
1534,0, 160, False, 0
1535,0, 160, False, 0
1536,0, 160, False, 0
1537,0, 160, False, 0
1538,0, 160, False, 0
1539,0, 160, False, 0
1540,0, 160, False, 0
1541,0, 160, False, 0
1542,0, 160, False, 0
1543,0, 160, False, 0
1544,0, 160, False, 0
1545,0, 160, False, 0
1546,0, 160, False, 0
1547,0, 160, False, 0
1548,0, 160, False, 0
1549,0, 160, False, 0
1550,0, 160, False, 3
1551,0, 160, False, 3
1552,0, 160, False, 3
1553,0, 160, False, 3
1554,0, 160, False, 3
1555,0, 160, False, 3
1556,0, 160, False, 3
1557,0, 160, False, 3
1558,0, 160, False, 0
1559,0, 160, False, 0
1560,0, 160, False, 0
1561,0, 160, False, 0
1562,0, 160, False, 0
1563,0, 160, False, 0
1564,0, 160, False, 0
1565,0, 160, False, 0
1566,0, 160, False, 0
1567,0, 160, False, 0
1568,0, 160, False, 0
1569,0, 160, False, 0
1570,0, 160, False, 0
1571,0, 160, False, 0
1572,0, 160, False, 0
1573,0, 160, False, 0
1574,0, 160, False, 0
1575,0, 160, False, 0
1576,0, 160, False, 0
1577,0, 160, False, 0
1578,0, 160, False, 0
1579,0, 160, False, 0
1580,0, 160, False, 3
1581,0, 160, False, 3
1582,0, 160, False, 3
1583,0, 160, False, 3
1584,0, 160, False, 3
1585,0, 160, False, 3
1586,0, 160, False, 3
1587,0, 160, False, 3
1588,0, 160, False, 3
1589,0, 160, False, 3
1590,0, 160, False, 3
1591,0, 160, False, 3
1592,0, 160, False, 3
1593,0, 160, False, 3
1594,0, 160, False, 3
1595,0, 160, False, 3
1596,0, 160, False, 3
1597,0, 160, False, 3
1598,0, 160, False, 3
1599,0, 160, False, 3
1600,0, 160, False, 3
1601,0, 160, False, 3
1602,0, 160, False, 3
1603,0, 160, False, 3
1604,0, 160, False, 3
1605,0, 160, False, 3
1606,0, 160, False, 3
1607,0, 160, False, 3
1608,0, 160, False, 3
1609,0, 160, False, 0
1610,0, 160, False, 0
1611,0, 160, False, 0
1612,0, 160, False, 0
1613,0, 160, False, 0
1614,0, 160, False, 0
1615,0, 160, False, 0
1616,0, 160, False, 0
1617,0, 160, False, 0
1618,0, 160, False, 0
1619,0, 160, False, 0
1620,0, 160, False, 0
1621,0, 160, False, 0
1622,0, 160, False, 0
1623,0, 160, False, 0
1624,0, 160, False, 0
1625,0, 160, False, 0
1626,0, 160, False, 0
1627,0, 160, False, 0
1628,0, 160, False, 0
1629,0, 160, False, 0
1630,0, 160, False, 0
1631,0, 160, False, 0
1632,0, 160, False, 0
1633,0, 160, False, 0
1634,0, 160, False, 0
1635,0, 160, False, 0
1636,0, 160, False, 0
1637,0, 160, False, 0
1638,0, 160, False, 0
1639,0, 160, False, 0
1640,0, 160, False, 0
1641,0, 160, False, 0
1642,0, 160, False, 0
1643,0, 160, False, 0
1644,0, 160, False, 0
1645,0, 160, False, 3
1646,0, 160, False, 3
1647,0, 160, False, 3
1648,0, 160, False, 3
1649,0, 160, False, 3
1650,0, 160, False, 3
1651,0, 160, False, 3
1652,0, 160, False, 3
1653,0, 160, False, 0
1654,0, 160, False, 0
1655,0, 160, False, 0
1656,0, 160, False, 0
1657,0, 160, False, 0
1658,0, 160, False, 0
1659,0, 160, False, 0
1660,0, 160, False, 0
1661,0, 160, False, 0
1662,0, 160, False, 0
1663,0, 160, False, 0
1664,0, 160, False, 0
1665,0, 160, False, 0
1666,0, 160, False, 0
1667,0, 160, False, 1
1668,0, 160, False, 1
1669,0, 160, False, 1
1670,0, 160, False, 1
1671,0, 160, False, 1
1672,0, 160, False, 1
1673,0, 160, False, 1
1674,0, 160, False, 1
1675,0, 160, False, 1
1676,0, 160, False, 1
1677,0, 160, False, 0
1678,0, 160, False, 0
1679,0, 160, False, 0
1680,0, 160, False, 0
1681,0, 160, False, 0
1682,5, 165, False, 0
1683,0, 165, False, 0
1684,0, 165, False, 0
1685,0, 165, False, 0
1686,0, 165, False, 0
1687,0, 165, False, 1
1688,0, 165, False, 1
1689,0, 165, False, 1
1690,0, 165, False, 1
1691,0, 165, False, 1
1692,0, 165, False, 1
1693,0, 165, False, 1
1694,0, 165, False, 1
1695,0, 165, False, 0
1696,0, 165, False, 0
1697,0, 165, False, 3
1698,0, 165, False, 3
1699,0, 165, False, 3
1700,0, 165, False, 3
1701,0, 165, False, 3
1702,0, 165, False, 3
1703,0, 165, False, 3
1704,0, 165, False, 3
1705,0, 165, False, 3
1706,0, 165, False, 3
1707,0, 165, False, 3
1708,0, 165, False, 3
1709,0, 165, False, 3
1710,10, 175, False, 0
1711,0, 175, False, 0
1712,0, 175, False, 0
1713,0, 175, False, 0
1714,0, 175, False, 0
1715,0, 175, False, 0
1716,0, 175, False, 3
1717,0, 175, False, 3
1718,0, 175, False, 3
1719,0, 175, False, 3
1720,0, 175, False, 3
1721,0, 175, False, 3
1722,0, 175, False, 3
1723,0, 175, False, 3
1724,0, 175, False, 3
1725,0, 175, False, 3
1726,0, 175, False, 3
1727,0, 175, False, 3
1728,0, 175, False, 3
1729,0, 175, False, 3
1730,0, 175, False, 3
1731,0, 175, False, 3
1732,0, 175, False, 3
1733,0, 175, False, 3
1734,0, 175, False, 3
1735,0, 175, False, 3
1736,0, 175, False, 3
1737,0, 175, False, 3
1738,0, 175, False, 3
1739,0, 175, False, 3
1740,0, 175, False, 3
1741,0, 175, False, 3
1742,0, 175, False, 3
1743,0, 175, False, 3
1744,0, 175, False, 3
1745,0, 175, False, 3
1746,0, 175, False, 0
1747,0, 175, False, 0
1748,0, 175, False, 0
1749,0, 175, False, 0
1750,0, 175, False, 0
1751,0, 175, False, 0
1752,0, 175, False, 0
1753,0, 175, False, 0
1754,0, 175, False, 0
1755,0, 175, False, 0
1756,0, 175, False, 0
1757,0, 175, False, 0
1758,0, 175, False, 0
1759,0, 175, False, 0
1760,0, 175, False, 0
1761,0, 175, False, 0
1762,0, 175, False, 0
1763,0, 175, False, 0
1764,0, 175, False, 0
1765,0, 175, False, 0
1766,0, 175, False, 0
1767,0, 175, False, 0
1768,0, 175, False, 0
1769,0, 175, False, 0
1770,0, 175, False, 0
1771,0, 175, False, 0
1772,0, 175, False, 0
1773,0, 175, False, 0
1774,0, 175, False, 0
1775,0, 175, False, 0
1776,0, 175, False, 0
1777,0, 175, False, 0
1778,0, 175, False, 0
1779,0, 175, False, 0
1780,0, 175, False, 0
1781,0, 175, False, 3
1782,0, 175, False, 3
1783,0, 175, False, 3
1784,0, 175, False, 3
1785,0, 175, False, 3
1786,0, 175, False, 3
1787,0, 175, False, 3
1788,0, 175, False, 3
1789,0, 175, False, 3
1790,0, 175, False, 3
1791,0, 175, False, 3
1792,0, 175, False, 3
1793,0, 175, False, 3
1794,0, 175, False, 3
1795,0, 175, False, 3
1796,0, 175, False, 3
1797,0, 175, False, 3
1798,0, 175, False, 3
1799,0, 175, False, 3
1800,0, 175, False, 3
1801,0, 175, False, 3
1802,0, 175, False, 3
1803,0, 175, False, 3
1804,0, 175, False, 3
1805,0, 175, False, 3
1806,0, 175, False, 3
1807,0, 175, False, 3
1808,0, 175, False, 3
1809,0, 175, False, 3
1810,0, 175, False, 3
1811,0, 175, False, 0
1812,0, 175, False, 0
1813,0, 175, False, 0
1814,0, 175, False, 0
1815,0, 175, False, 0
1816,0, 175, False, 0
1817,0, 175, False, 0
1818,0, 175, False, 0
1819,0, 175, False, 0
1820,0, 175, False, 0
1821,0, 175, False, 0
1822,0, 175, False, 0
1823,0, 175, False, 0
1824,0, 175, False, 0
1825,0, 175, False, 0
1826,0, 175, False, 0
1827,0, 175, False, 0
1828,0, 175, False, 0
1829,0, 175, False, 0
1830,0, 175, False, 0
1831,0, 175, False, 0
1832,0, 175, False, 0
1833,0, 175, False, 0
1834,0, 175, False, 0
1835,0, 175, False, 0
1836,0, 175, False, 0
1837,0, 175, False, 0
1838,0, 175, False, 0
1839,0, 175, False, 0
1840,0, 175, False, 0
1841,0, 175, False, 0
1842,0, 175, False, 0
1843,0, 175, False, 0
1844,0, 175, False, 0
1845,0, 175, False, 0
1846,0, 175, False, 0
1847,0, 175, False, 0
1848,0, 175, False, 0
1849,0, 175, False, 0
1850,0, 175, False, 0
1851,0, 175, False, 0
1852,0, 175, False, 0
1853,0, 175, False, 0
1854,0, 175, False, 0
1855,0, 175, False, 3
1856,0, 175, False, 3
1857,0, 175, False, 3
1858,0, 175, False, 3
1859,0, 175, False, 3
1860,0, 175, False, 3
1861,0, 175, False, 3
1862,0, 175, False, 3
1863,0, 175, False, 3
1864,0, 175, False, 3
1865,0, 175, False, 3
1866,0, 175, False, 3
1867,0, 175, False, 3
1868,0, 175, False, 3
1869,0, 175, False, 3
1870,0, 175, False, 3
1871,0, 175, False, 3
1872,0, 175, False, 3
1873,0, 175, False, 3
1874,0, 175, False, 3
1875,0, 175, False, 3
1876,0, 175, False, 0
1877,0, 175, False, 0
1878,0, 175, False, 0
1879,0, 175, False, 0
1880,0, 175, False, 0
1881,0, 175, False, 0
1882,0, 175, False, 0
1883,0, 175, False, 0
1884,0, 175, False, 0
1885,0, 175, False, 0
1886,0, 175, False, 0
1887,0, 175, False, 0
1888,0, 175, False, 0
1889,0, 175, False, 0
1890,0, 175, False, 0
1891,0, 175, False, 0
1892,0, 175, False, 0
1893,0, 175, False, 0
1894,0, 175, False, 0
1895,0, 175, False, 0
1896,0, 175, False, 0
1897,0, 175, False, 0
1898,0, 175, False, 0
1899,0, 175, False, 0
1900,0, 175, False, 0
1901,0, 175, False, 0
1902,0, 175, False, 0
1903,0, 175, False, 0
1904,0, 175, False, 0
1905,0, 175, False, 0
1906,0, 175, False, 1
1907,0, 175, False, 1
1908,0, 175, False, 1
1909,0, 175, False, 1
1910,0, 175, False, 1
1911,0, 175, False, 1
1912,0, 175, False, 1
1913,0, 175, False, 1
1914,0, 175, False, 1
1915,0, 175, False, 0
1916,0, 175, False, 0
1917,0, 175, False, 0
1918,0, 175, False, 0
1919,0, 175, False, 0
1920,0, 175, False, 0
1921,0, 175, False, 0
1922,0, 175, False, 0
1923,0, 175, False, 0
1924,0, 175, False, 0
1925,0, 175, False, 0
1926,0, 175, False, 0
1927,0, 175, False, 0
1928,0, 175, False, 0
1929,0, 175, False, 0
1930,0, 175, False, 0
1931,0, 175, False, 0
1932,0, 175, False, 0
1933,0, 175, False, 0
1934,0, 175, False, 0
1935,0, 175, False, 0
1936,0, 175, False, 0
1937,0, 175, False, 0
1938,0, 175, False, 0
1939,0, 175, False, 0
1940,0, 175, False, 0
1941,0, 175, False, 0
1942,0, 175, False, 0
1943,0, 175, False, 3
1944,20, 195, False, 3
1945,0, 195, False, 3
1946,0, 195, False, 3
1947,0, 195, False, 3
1948,0, 195, False, 3
1949,0, 195, False, 3
1950,0, 195, False, 3
1951,0, 195, False, 3
1952,0, 195, False, 3
1953,0, 195, False, 3
1954,0, 195, False, 3
1955,0, 195, False, 3
1956,0, 195, False, 3
1957,0, 195, False, 3
1958,0, 195, False, 3
1959,0, 195, False, 3
1960,0, 195, False, 3
1961,0, 195, False, 0
1962,0, 195, False, 0
1963,0, 195, False, 0
1964,0, 195, False, 0
1965,0, 195, False, 0
1966,0, 195, False, 0
1967,0, 195, False, 0
1968,0, 195, False, 0
1969,0, 195, False, 0
1970,0, 195, False, 0
1971,0, 195, False, 0
1972,0, 195, False, 0
1973,0, 195, False, 0
1974,0, 195, False, 0
1975,0, 195, False, 0
1976,0, 195, False, 0
1977,0, 195, False, 0
1978,0, 195, False, 0
1979,0, 195, False, 0
1980,0, 195, False, 0
1981,0, 195, False, 0
1982,0, 195, False, 0
1983,0, 195, False, 0
1984,0, 195, False, 0
1985,0, 195, False, 0
1986,0, 195, False, 0
1987,0, 195, False, 0
1988,0, 195, False, 0
1989,0, 195, False, 0
1990,0, 195, False, 0
1991,0, 195, False, 0
1992,0, 195, False, 0
1993,0, 195, False, 0
1994,0, 195, False, 0
1995,0, 195, False, 0
1996,0, 195, False, 0
1997,0, 195, False, 0
1998,0, 195, False, 0
1999,0, 195, False, 0
2000,0, 195, False, 0
2001,0, 195, False, 0
2002,0, 195, False, 0
2003,0, 195, False, 0
2004,0, 195, False, 0
2005,0, 195, False, 0
2006,0, 195, False, 0
2007,0, 195, False, 0
2008,0, 195, False, 0
2009,0, 195, False, 0
2010,0, 195, False, 0
2011,0, 195, False, 0
2012,0, 195, False, 0
2013,0, 195, False, 0
2014,0, 195, False, 0
2015,0, 195, False, 0
2016,0, 195, False, 0
2017,0, 195, False, 0
2018,0, 195, False, 0
2019,0, 195, False, 0
2020,0, 195, False, 0
2021,0, 195, False, 0
2022,0, 195, False, 0
2023,0, 195, False, 0
2024,0, 195, False, 0
2025,0, 195, False, 0
2026,0, 195, False, 0
2027,0, 195, False, 0
2028,0, 195, False, 0
2029,0, 195, False, 0
2030,0, 195, False, 0
2031,0, 195, False, 0
2032,0, 195, False, 0
2033,0, 195, False, 0
2034,0, 195, False, 0
2035,0, 195, False, 0
2036,0, 195, False, 0
2037,0, 195, False, 0
2038,0, 195, False, 0
2039,0, 195, False, 0
2040,0, 195, False, 0
2041,0, 195, False, 0
2042,0, 195, False, 0
2043,0, 195, False, 0
2044,0, 195, False, 0
2045,0, 195, False, 0
2046,0, 195, False, 0
2047,0, 195, False, 0
2048,0, 195, False, 0
2049,0, 195, False, 0
2050,0, 195, False, 0
2051,0, 195, False, 0
2052,0, 195, False, 0
2053,0, 195, False, 0
2054,0, 195, False, 0
2055,0, 195, False, 0
2056,0, 195, False, 0
2057,0, 195, False, 0
2058,0, 195, False, 0
2059,0, 195, False, 0
2060,0, 195, False, 0
2061,0, 195, False, 0
2062,0, 195, False, 0
2063,0, 195, False, 0
2064,0, 195, False, 0
2065,0, 195, False, 0
2066,0, 195, False, 0
2067,0, 195, False, 0
2068,0, 195, False, 0
2069,0, 195, False, 0
2070,0, 195, False, 0
2071,0, 195, False, 0
2072,0, 195, False, 0
2073,0, 195, False, 0
2074,0, 195, False, 0
2075,0, 195, False, 0
2076,0, 195, False, 0
2077,0, 195, False, 0
2078,0, 195, False, 0
2079,0, 195, False, 0
2080,0, 195, False, 0
2081,0, 195, False, 0
2082,0, 195, False, 0
2083,0, 195, False, 0
2084,0, 195, False, 0
2085,0, 195, False, 0
2086,0, 195, False, 0
2087,0, 195, False, 0
2088,0, 195, False, 0
2089,0, 195, False, 0
2090,0, 195, False, 0
2091,0, 195, False, 0
2092,0, 195, False, 0
2093,0, 195, False, 0
2094,0, 195, False, 0
2095,0, 195, False, 0
2096,0, 195, False, 0
2097,0, 195, False, 0
2098,0, 195, False, 0
2099,0, 195, False, 0
2100,0, 195, False, 0
2101,0, 195, False, 0
2102,0, 195, False, 0
2103,0, 195, False, 0
2104,0, 195, False, 0
2105,0, 195, False, 0
2106,0, 195, False, 0
2107,0, 195, False, 0
2108,0, 195, False, 0
2109,0, 195, False, 0
2110,0, 195, False, 0
2111,0, 195, False, 0
2112,0, 195, False, 0
2113,0, 195, False, 0
2114,0, 195, False, 0
2115,0, 195, False, 0
2116,0, 195, False, 0
2117,0, 195, False, 0
2118,0, 195, False, 0
2119,0, 195, False, 0
2120,0, 195, False, 0
2121,0, 195, False, 3
2122,0, 195, False, 3
2123,0, 195, False, 3
2124,0, 195, False, 3
2125,0, 195, False, 3
2126,0, 195, False, 3
2127,0, 195, False, 3
2128,0, 195, False, 3
2129,0, 195, False, 3
2130,0, 195, False, 3
2131,0, 195, False, 0
2132,0, 195, False, 0
2133,0, 195, False, 0
2134,0, 195, False, 0
2135,0, 195, False, 0
2136,0, 195, False, 0
2137,0, 195, False, 0
2138,0, 195, False, 0
2139,0, 195, False, 0
2140,0, 195, False, 0
2141,0, 195, False, 0
2142,0, 195, False, 0
2143,0, 195, False, 0
2144,0, 195, False, 0
2145,0, 195, False, 0
2146,0, 195, False, 0
2147,0, 195, False, 0
2148,0, 195, False, 0
2149,0, 195, False, 0
2150,0, 195, False, 0
2151,0, 195, False, 0
2152,0, 195, False, 0
2153,0, 195, False, 0
2154,0, 195, False, 0
2155,0, 195, False, 0
2156,0, 195, False, 0
2157,0, 195, False, 0
2158,0, 195, False, 0
2159,0, 195, False, 0
2160,0, 195, False, 0
2161,0, 195, False, 1
2162,0, 195, False, 1
2163,0, 195, False, 1
2164,0, 195, False, 1
2165,0, 195, False, 1
2166,0, 195, False, 1
2167,0, 195, False, 1
2168,0, 195, False, 1
2169,0, 195, False, 1
2170,0, 195, False, 0
2171,0, 195, False, 0
2172,0, 195, False, 0
2173,0, 195, False, 0
2174,0, 195, False, 0
2175,0, 195, False, 1
2176,0, 195, False, 1
2177,0, 195, False, 1
2178,0, 195, False, 1
2179,0, 195, False, 12
2180,0, 195, False, 4
2181,0, 195, False, 4
2182,0, 195, False, 4
2183,0, 195, False, 4
2184,0, 195, False, 4
2185,0, 195, False, 4
2186,0, 195, False, 4
2187,0, 195, False, 4
2188,15, 210, False, 4
2189,0, 210, False, 4
2190,0, 210, False, 4
2191,0, 210, False, 4
2192,0, 210, False, 4
2193,0, 210, False, 4
2194,0, 210, False, 4
2195,0, 210, False, 4
2196,0, 210, False, 4
2197,0, 210, False, 4
2198,0, 210, False, 4
2199,0, 210, False, 4
2200,0, 210, False, 4
2201,0, 210, False, 4
2202,0, 210, False, 4
2203,0, 210, False, 4
2204,0, 210, False, 4
2205,0, 210, False, 4
2206,0, 210, False, 4
2207,0, 210, False, 4
2208,0, 210, False, 4
2209,0, 210, False, 4
2210,0, 210, False, 4
2211,0, 210, False, 4
2212,0, 210, False, 4
2213,0, 210, False, 4
2214,0, 210, False, 4
2215,0, 210, False, 4
2216,0, 210, False, 4
2217,0, 210, False, 4
2218,0, 210, False, 4
2219,0, 210, False, 4
2220,0, 210, False, 4
2221,0, 210, False, 4
2222,0, 210, False, 4
2223,0, 210, False, 4
2224,0, 210, False, 4
2225,0, 210, False, 4
2226,0, 210, False, 4
2227,0, 210, False, 4
2228,0, 210, False, 4
2229,0, 210, False, 4
2230,0, 210, False, 4
2231,0, 210, False, 4
2232,0, 210, False, 4
2233,0, 210, False, 4
2234,0, 210, False, 4
2235,0, 210, False, 4
2236,0, 210, False, 4
2237,0, 210, False, 0
2238,0, 210, False, 0
2239,0, 210, False, 0
2240,0, 210, False, 0
2241,0, 210, False, 0
2242,0, 210, False, 0
2243,0, 210, False, 0
2244,0, 210, False, 0
2245,0, 210, False, 0
2246,0, 210, False, 0
2247,0, 210, False, 0
2248,0, 210, False, 0
2249,0, 210, False, 0
2250,0, 210, False, 0
2251,0, 210, False, 0
2252,0, 210, False, 0
2253,0, 210, False, 0
2254,0, 210, False, 0
2255,0, 210, False, 0
2256,0, 210, False, 0
2257,0, 210, False, 0
2258,0, 210, False, 0
2259,0, 210, False, 0
2260,0, 210, False, 0
2261,0, 210, False, 0
2262,0, 210, False, 0
2263,0, 210, False, 0
2264,0, 210, False, 0
2265,0, 210, False, 0
2266,0, 210, False, 0
2267,0, 210, False, 0
2268,0, 210, False, 0
2269,0, 210, False, 0
2270,0, 210, False, 0
2271,0, 210, False, 0
2272,0, 210, False, 0
2273,0, 210, False, 0
2274,0, 210, False, 0
2275,0, 210, False, 0
2276,0, 210, False, 0
2277,0, 210, False, 0
2278,0, 210, False, 0
2279,0, 210, False, 0
2280,0, 210, False, 0
2281,0, 210, False, 0
2282,0, 210, False, 0
2283,0, 210, False, 0
2284,0, 210, False, 0
2285,0, 210, False, 4
2286,0, 210, False, 4
2287,0, 210, False, 4
2288,0, 210, False, 4
2289,0, 210, False, 4
2290,0, 210, False, 4
2291,0, 210, False, 4
2292,0, 210, False, 4
2293,0, 210, False, 4
2294,0, 210, False, 4
2295,0, 210, False, 4
2296,0, 210, False, 4
2297,0, 210, False, 4
2298,0, 210, False, 4
2299,0, 210, False, 4
2300,0, 210, False, 4
2301,0, 210, False, 4
2302,0, 210, False, 4
2303,0, 210, False, 4
2304,0, 210, False, 4
2305,0, 210, False, 4
2306,0, 210, False, 4
2307,0, 210, False, 4
2308,0, 210, False, 4
2309,0, 210, False, 4
2310,0, 210, False, 4
2311,0, 210, False, 4
2312,0, 210, False, 4
2313,0, 210, False, 4
2314,0, 210, False, 4
2315,0, 210, False, 4
2316,0, 210, False, 4
2317,0, 210, False, 4
2318,0, 210, False, 4
2319,0, 210, False, 4
2320,0, 210, False, 4
2321,0, 210, False, 4
2322,0, 210, False, 4
2323,0, 210, False, 0
2324,0, 210, False, 0
2325,0, 210, False, 0
2326,0, 210, False, 0
2327,0, 210, False, 0
2328,0, 210, False, 0
2329,0, 210, False, 0
2330,0, 210, False, 0
2331,0, 210, False, 0
2332,0, 210, False, 0
2333,0, 210, False, 0
2334,0, 210, False, 0
2335,0, 210, False, 0
2336,0, 210, False, 0
2337,0, 210, False, 0
2338,0, 210, False, 0
2339,0, 210, False, 0
2340,0, 210, False, 0
2341,0, 210, False, 4
2342,0, 210, False, 4
2343,0, 210, False, 4
2344,0, 210, False, 4
2345,0, 210, False, 4
2346,0, 210, False, 4
2347,0, 210, False, 4
2348,0, 210, False, 4
2349,0, 210, False, 4
2350,0, 210, False, 4
2351,0, 210, False, 4
2352,0, 210, False, 4
2353,0, 210, False, 4
2354,0, 210, False, 4
2355,0, 210, False, 4
2356,0, 210, False, 4
2357,0, 210, False, 4
2358,0, 210, False, 4
2359,0, 210, False, 4
2360,0, 210, False, 4
2361,0, 210, False, 4
2362,0, 210, False, 4
2363,0, 210, False, 4
2364,0, 210, False, 4
2365,0, 210, False, 4
2366,0, 210, False, 4
2367,0, 210, False, 4
2368,0, 210, False, 4
2369,0, 210, False, 4
2370,0, 210, False, 0
2371,0, 210, False, 0
2372,0, 210, False, 0
2373,0, 210, False, 0
2374,0, 210, False, 0
2375,0, 210, False, 0
2376,0, 210, False, 0
2377,0, 210, False, 0
2378,0, 210, False, 0
2379,0, 210, False, 0
2380,0, 210, False, 0
2381,0, 210, False, 0
2382,0, 210, False, 3
2383,0, 210, False, 3
2384,0, 210, False, 3
2385,0, 210, False, 3
2386,0, 210, False, 3
2387,0, 210, False, 3
2388,0, 210, False, 3
2389,0, 210, False, 3
2390,0, 210, False, 3
2391,0, 210, False, 3
2392,0, 210, False, 3
2393,0, 210, False, 3
2394,0, 210, False, 3
2395,0, 210, False, 3
2396,0, 210, False, 3
2397,0, 210, False, 3
2398,0, 210, False, 3
2399,0, 210, False, 3
2400,0, 210, False, 3
2401,0, 210, False, 3
2402,0, 210, False, 3
2403,0, 210, False, 3
2404,0, 210, False, 3
2405,0, 210, False, 3
2406,0, 210, False, 3
2407,0, 210, False, 3
2408,0, 210, False, 3
2409,0, 210, False, 3
2410,0, 210, False, 3
2411,0, 210, False, 3
2412,0, 210, False, 0
2413,0, 210, False, 0
2414,0, 210, False, 0
2415,0, 210, False, 0
2416,0, 210, False, 0
2417,0, 210, False, 0
2418,0, 210, False, 0
2419,0, 210, False, 0
2420,0, 210, False, 0
2421,0, 210, False, 0
2422,0, 210, False, 0
2423,0, 210, False, 0
2424,0, 210, False, 0
2425,0, 210, False, 4
2426,0, 210, False, 4
2427,0, 210, False, 4
2428,0, 210, False, 4
2429,0, 210, False, 4
2430,0, 210, False, 4
2431,0, 210, False, 4
2432,0, 210, False, 4
2433,0, 210, False, 4
2434,0, 210, False, 4
2435,0, 210, False, 4
2436,0, 210, False, 4
2437,0, 210, False, 4
2438,0, 210, False, 4
2439,0, 210, False, 4
2440,0, 210, False, 4
2441,0, 210, False, 4
2442,0, 210, False, 4
2443,0, 210, False, 4
2444,0, 210, False, 4
2445,0, 210, False, 4
2446,0, 210, False, 4
2447,0, 210, False, 4
2448,0, 210, False, 4
2449,0, 210, False, 4
2450,0, 210, False, 4
2451,0, 210, False, 4
2452,0, 210, False, 4
2453,0, 210, False, 4
2454,0, 210, False, 4
2455,0, 210, False, 4
2456,0, 210, False, 4
2457,0, 210, False, 4
2458,0, 210, False, 4
2459,0, 210, False, 4
2460,0, 210, False, 4
2461,0, 210, False, 4
2462,0, 210, False, 4
2463,0, 210, False, 4
2464,0, 210, False, 4
2465,0, 210, False, 4
2466,0, 210, False, 4
2467,0, 210, False, 4
2468,0, 210, False, 4
2469,0, 210, False, 4
2470,0, 210, False, 4
2471,0, 210, False, 4
2472,0, 210, False, 4
2473,0, 210, False, 4
2474,0, 210, False, 4
2475,0, 210, False, 4
2476,0, 210, False, 4
2477,0, 210, False, 4
2478,0, 210, False, 4
2479,0, 210, False, 4
2480,0, 210, False, 4
2481,0, 210, False, 4
2482,0, 210, False, 4
2483,0, 210, False, 4
2484,0, 210, False, 4
2485,0, 210, False, 4
2486,0, 210, False, 4
2487,0, 210, False, 4
2488,0, 210, False, 0
2489,0, 210, False, 0
2490,0, 210, False, 0
2491,0, 210, False, 0
2492,0, 210, False, 0
2493,0, 210, False, 0
2494,0, 210, False, 0
2495,0, 210, False, 0
2496,0, 210, False, 0
2497,0, 210, False, 0
2498,0, 210, False, 0
2499,0, 210, False, 3
2500,0, 210, False, 3
2501,0, 210, False, 3
2502,0, 210, False, 3
2503,0, 210, False, 3
2504,0, 210, False, 3
2505,0, 210, False, 3
2506,0, 210, False, 3
2507,0, 210, False, 3
2508,0, 210, False, 3
2509,0, 210, False, 3
2510,0, 210, False, 3
2511,0, 210, False, 3
2512,0, 210, False, 3
2513,0, 210, False, 3
2514,0, 210, False, 3
2515,0, 210, False, 3
2516,0, 210, False, 3
2517,0, 210, False, 3
2518,0, 210, False, 3
2519,0, 210, False, 3
2520,0, 210, False, 3
2521,0, 210, False, 3
2522,0, 210, False, 3
2523,0, 210, False, 3
2524,0, 210, False, 3
2525,0, 210, False, 3
2526,0, 210, False, 3
2527,0, 210, False, 3
2528,0, 210, False, 3
2529,0, 210, False, 3
2530,0, 210, False, 3
2531,0, 210, False, 3
2532,0, 210, False, 3
2533,0, 210, False, 3
2534,0, 210, False, 3
2535,0, 210, False, 3
2536,0, 210, False, 3
2537,0, 210, False, 3
2538,0, 210, False, 3
2539,0, 210, False, 3
2540,0, 210, False, 3
2541,0, 210, False, 3
2542,0, 210, False, 3
2543,0, 210, False, 3
2544,0, 210, False, 3
2545,0, 210, False, 3
2546,0, 210, False, 3
2547,0, 210, False, 3
2548,0, 210, False, 3
2549,0, 210, False, 3
2550,0, 210, False, 3
2551,0, 210, False, 3
2552,0, 210, False, 3
2553,0, 210, False, 3
2554,0, 210, False, 3
2555,0, 210, False, 3
2556,0, 210, False, 0
2557,0, 210, False, 0
2558,0, 210, False, 0
2559,0, 210, False, 1
2560,0, 210, False, 1
2561,0, 210, False, 1
2562,0, 210, False, 1
2563,0, 210, False, 1
2564,0, 210, False, 1
2565,0, 210, False, 1
2566,0, 210, False, 1
2567,0, 210, False, 1
2568,0, 210, False, 0
2569,0, 210, False, 0
2570,0, 210, False, 0
2571,0, 210, False, 0
2572,0, 210, False, 0
2573,0, 210, False, 0
2574,0, 210, False, 0
2575,0, 210, False, 0
2576,0, 210, False, 0
2577,0, 210, False, 0
2578,0, 210, False, 0
2579,0, 210, False, 0
2580,0, 210, False, 0
2581,0, 210, False, 0
2582,15, 225, False, 0
2583,0, 225, False, 0
2584,0, 225, False, 0
2585,0, 225, False, 0
2586,0, 225, False, 0
2587,0, 225, False, 1
2588,0, 225, False, 1
2589,0, 225, False, 1
2590,0, 225, False, 1
2591,0, 225, False, 1
2592,0, 225, False, 1
2593,0, 225, False, 1
2594,0, 225, False, 0
2595,0, 225, False, 0
2596,0, 225, False, 0
2597,0, 225, False, 0
2598,0, 225, False, 0
2599,0, 225, False, 0
2600,0, 225, False, 0
2601,0, 225, False, 0
2602,0, 225, False, 1
2603,0, 225, False, 1
2604,0, 225, False, 1
2605,0, 225, False, 1
2606,0, 225, False, 1
2607,0, 225, False, 1
2608,0, 225, False, 1
2609,0, 225, False, 1
2610,0, 225, False, 0
2611,0, 225, False, 0
2612,0, 225, False, 0
2613,0, 225, False, 0
2614,0, 225, False, 0
2615,0, 225, False, 0
2616,0, 225, False, 0
2617,0, 225, False, 0
2618,0, 225, False, 0
2619,0, 225, False, 0
2620,20, 245, False, 0
2621,0, 245, False, 0
2622,0, 245, False, 0
2623,0, 245, False, 1
2624,0, 245, False, 1
2625,0, 245, False, 1
2626,0, 245, False, 1
2627,0, 245, False, 1
2628,0, 245, False, 1
2629,0, 245, False, 1
2630,0, 245, False, 0
2631,0, 245, False, 0
2632,0, 245, False, 0
2633,0, 245, False, 0
2634,0, 245, False, 0
2635,0, 245, False, 0
2636,0, 245, False, 0
2637,0, 245, False, 0
2638,0, 245, False, 1
2639,0, 245, False, 1
2640,0, 245, False, 1
2641,0, 245, False, 1
2642,0, 245, False, 1
2643,0, 245, False, 1
2644,0, 245, False, 1
2645,0, 245, False, 1
2646,0, 245, False, 0
2647,0, 245, False, 0
2648,0, 245, False, 0
2649,0, 245, False, 0
2650,0, 245, False, 0
2651,0, 245, False, 0
2652,0, 245, False, 0
2653,0, 245, False, 0
2654,0, 245, False, 0
2655,0, 245, False, 0
2656,0, 245, False, 0
2657,0, 245, False, 0
2658,0, 245, False, 0
2659,0, 245, False, 0
2660,0, 245, False, 0
2661,0, 245, False, 0
2662,0, 245, False, 0
2663,0, 245, False, 0
2664,0, 245, False, 0
2665,0, 245, False, 0
2666,0, 245, False, 0
2667,0, 245, False, 0
2668,0, 245, False, 0
2669,0, 245, False, 0
2670,0, 245, False, 0
2671,0, 245, False, 0
2672,0, 245, False, 0
2673,0, 245, False, 4
2674,0, 245, False, 4
2675,0, 245, False, 4
2676,0, 245, False, 4
2677,0, 245, False, 4
2678,0, 245, False, 4
2679,0, 245, False, 4
2680,0, 245, False, 4
2681,0, 245, False, 4
2682,0, 245, False, 4
2683,0, 245, False, 4
2684,0, 245, False, 4
2685,0, 245, False, 4
2686,0, 245, False, 4
2687,0, 245, False, 4
2688,0, 245, False, 4
2689,0, 245, False, 0
2690,0, 245, False, 0
2691,0, 245, False, 0
2692,0, 245, False, 0
2693,0, 245, False, 0
2694,0, 245, False, 0
2695,0, 245, False, 0
2696,0, 245, False, 0
2697,0, 245, False, 0
2698,0, 245, False, 3
2699,0, 245, False, 3
2700,0, 245, False, 3
2701,0, 245, False, 11
2702,0, 245, False, 11
2703,0, 245, False, 1
2704,0, 245, False, 1
2705,0, 245, False, 1
2706,0, 245, False, 1
2707,0, 245, False, 1
2708,0, 245, False, 1
2709,0, 245, False, 0
2710,0, 245, False, 0
2711,0, 245, False, 0
2712,0, 245, False, 0
2713,0, 245, False, 0
2714,0, 245, False, 0
2715,0, 245, False, 0
2716,0, 245, False, 0
2717,0, 245, False, 0
2718,0, 245, False, 1
2719,0, 245, False, 1
2720,0, 245, False, 1
2721,0, 245, False, 1
2722,0, 245, False, 1
2723,0, 245, False, 1
2724,0, 245, False, 1
2725,0, 245, False, 1
2726,0, 245, False, 0
2727,0, 245, False, 0
2728,0, 245, False, 0
2729,0, 245, False, 0
2730,0, 245, False, 0
2731,0, 245, False, 0
2732,0, 245, False, 1
2733,0, 245, False, 1
2734,0, 245, False, 1
2735,0, 245, False, 1
2736,0, 245, False, 1
2737,0, 245, False, 1
2738,0, 245, False, 0
2739,0, 245, False, 0
2740,0, 245, False, 0
2741,0, 245, False, 0
2742,0, 245, False, 0
2743,0, 245, False, 0
2744,0, 245, False, 0
2745,0, 245, False, 1
2746,0, 245, False, 1
2747,0, 245, False, 1
2748,0, 245, False, 1
2749,0, 245, False, 1
2750,0, 245, False, 1
2751,0, 245, False, 1
2752,0, 245, False, 1
2753,0, 245, False, 0
2754,0, 245, False, 0
2755,0, 245, False, 0
2756,0, 245, False, 0
2757,0, 245, False, 0
2758,0, 245, False, 0
2759,0, 245, False, 0
2760,0, 245, False, 1
2761,0, 245, False, 1
2762,0, 245, False, 1
2763,0, 245, False, 1
2764,0, 245, False, 1
2765,0, 245, False, 1
2766,0, 245, False, 0
2767,0, 245, False, 0
2768,0, 245, False, 0
2769,0, 245, False, 0
2770,0, 245, False, 0
2771,0, 245, False, 0
2772,0, 245, False, 0
2773,0, 245, False, 0
2774,0, 245, False, 0
2775,0, 245, False, 0
2776,0, 245, False, 0
2777,0, 245, False, 0
2778,0, 245, False, 0
2779,0, 245, False, 0
2780,0, 245, False, 0
2781,0, 245, False, 0
2782,0, 245, False, 0
2783,0, 245, False, 4
2784,0, 245, False, 4
2785,0, 245, False, 4
2786,0, 245, False, 4
2787,0, 245, False, 4
2788,0, 245, False, 4
2789,0, 245, False, 4
2790,0, 245, False, 4
2791,0, 245, False, 4
2792,0, 245, False, 0
2793,0, 245, False, 0
2794,0, 245, False, 0
2795,0, 245, False, 0
2796,0, 245, False, 0
2797,0, 245, False, 1
2798,0, 245, False, 1
2799,0, 245, False, 1
2800,0, 245, False, 1
2801,0, 245, False, 1
2802,0, 245, False, 1
2803,0, 245, False, 1
2804,0, 245, False, 1
2805,0, 245, False, 1
2806,0, 245, False, 0
2807,0, 245, False, 0
2808,0, 245, False, 0
2809,0, 245, False, 0
2810,0, 245, False, 0
2811,0, 245, False, 0
2812,0, 245, False, 1
2813,0, 245, False, 1
2814,0, 245, False, 1
2815,0, 245, False, 1
2816,0, 245, False, 1
2817,0, 245, False, 1
2818,0, 245, False, 1
2819,0, 245, False, 0
2820,0, 245, False, 0
2821,0, 245, False, 0
2822,0, 245, False, 0
2823,0, 245, False, 0
2824,0, 245, False, 0
2825,0, 245, False, 0
2826,0, 245, False, 0
2827,0, 245, False, 0
2828,0, 245, False, 0
2829,0, 245, False, 0
2830,0, 245, False, 0
2831,0, 245, False, 0
2832,0, 245, False, 0
2833,0, 245, False, 0
2834,0, 245, False, 0
2835,0, 245, False, 0
2836,0, 245, False, 0
2837,0, 245, False, 0
2838,0, 245, False, 0
2839,0, 245, False, 0
2840,0, 245, False, 0
2841,0, 245, False, 0
2842,0, 245, False, 0
2843,0, 245, False, 0
2844,0, 245, False, 0
2845,0, 245, False, 0
2846,0, 245, False, 0
2847,0, 245, False, 0
2848,0, 245, False, 0
2849,0, 245, False, 0
2850,0, 245, False, 0
2851,0, 245, False, 0
2852,0, 245, False, 0
2853,0, 245, False, 0
2854,0, 245, False, 0
2855,0, 245, False, 0
2856,0, 245, False, 0
2857,0, 245, False, 0
2858,0, 245, False, 3
2859,0, 245, False, 3
2860,0, 245, False, 3
2861,0, 245, False, 3
2862,0, 245, False, 3
2863,0, 245, False, 3
2864,0, 245, False, 3
2865,0, 245, False, 3
2866,0, 245, False, 0
2867,0, 245, False, 0
2868,0, 245, False, 0
2869,0, 245, False, 0
2870,0, 245, False, 0
2871,0, 245, False, 0
2872,0, 245, False, 0
2873,0, 245, False, 0
2874,0, 245, False, 0
2875,0, 245, False, 0
2876,0, 245, False, 1
2877,0, 245, False, 1
2878,0, 245, False, 1
2879,0, 245, False, 1
2880,0, 245, False, 1
2881,0, 245, False, 1
2882,0, 245, False, 1
2883,0, 245, False, 1
2884,0, 245, False, 0
2885,0, 245, False, 0
2886,0, 245, False, 0
2887,0, 245, False, 0
2888,0, 245, False, 0
2889,0, 245, False, 0
2890,0, 245, False, 1
2891,0, 245, False, 1
2892,0, 245, False, 1
2893,0, 245, False, 1
2894,0, 245, False, 1
2895,0, 245, False, 1
2896,0, 245, False, 1
2897,0, 245, False, 1
2898,0, 245, False, 0
2899,0, 245, False, 0
2900,0, 245, False, 0
2901,0, 245, False, 0
2902,0, 245, False, 0
2903,0, 245, False, 0
2904,0, 245, False, 1
2905,0, 245, False, 1
2906,0, 245, False, 1
2907,0, 245, False, 1
2908,0, 245, False, 1
2909,0, 245, False, 1
2910,0, 245, False, 1
2911,0, 245, False, 1
2912,0, 245, False, 1
2913,0, 245, False, 0
2914,0, 245, False, 0
2915,0, 245, False, 0
2916,0, 245, False, 0
2917,0, 245, False, 0
2918,0, 245, False, 0
2919,0, 245, False, 0
2920,0, 245, False, 0
2921,0, 245, False, 0
2922,0, 245, False, 0
2923,0, 245, False, 0
2924,0, 245, False, 0
2925,0, 245, False, 0
2926,0, 245, False, 0
2927,0, 245, False, 0
2928,0, 245, False, 0
2929,0, 245, False, 0
2930,0, 245, False, 0
2931,0, 245, False, 0
2932,0, 245, False, 0
2933,0, 245, False, 0
2934,0, 245, False, 0
2935,0, 245, False, 0
2936,0, 245, False, 0
2937,0, 245, False, 0
2938,0, 245, False, 4
2939,0, 245, False, 4
2940,0, 245, False, 4
2941,0, 245, False, 4
2942,0, 245, False, 4
2943,0, 245, False, 4
2944,0, 245, False, 4
2945,0, 245, False, 0
2946,0, 245, False, 0
2947,0, 245, False, 0
2948,0, 245, False, 0
2949,0, 245, False, 0
2950,0, 245, False, 0
2951,0, 245, False, 0
2952,0, 245, False, 0
2953,0, 245, False, 0
2954,0, 245, False, 0
2955,0, 245, False, 3
2956,0, 245, False, 3
2957,0, 245, False, 3
2958,0, 245, False, 3
2959,0, 245, False, 3
2960,0, 245, False, 3
2961,0, 245, False, 3
2962,0, 245, False, 3
2963,0, 245, False, 3
2964,0, 245, False, 3
2965,0, 245, False, 3
2966,0, 245, False, 3
2967,0, 245, False, 3
2968,0, 245, False, 3
2969,0, 245, False, 3
2970,0, 245, False, 3
2971,0, 245, False, 0
2972,0, 245, False, 0
2973,0, 245, False, 0
2974,0, 245, False, 0
2975,0, 245, False, 0
2976,0, 245, False, 0
2977,0, 245, False, 0
2978,0, 245, False, 0
2979,0, 245, False, 1
2980,0, 245, False, 1
2981,0, 245, False, 1
2982,0, 245, False, 1
2983,0, 245, False, 1
2984,0, 245, False, 1
2985,0, 245, False, 1
2986,0, 245, False, 1
2987,0, 245, False, 1
2988,0, 245, False, 1
2989,0, 245, False, 0
2990,0, 245, False, 0
2991,0, 245, False, 0
2992,0, 245, False, 0
2993,0, 245, False, 0
2994,0, 245, False, 0
2995,0, 245, False, 1
2996,0, 245, False, 1
2997,0, 245, False, 1
2998,0, 245, False, 1
2999,0, 245, False, 1
3000,0, 245, False, 1
3001,0, 245, False, 1
3002,0, 245, False, 1
3003,0, 245, False, 0
3004,0, 245, False, 0
3005,0, 245, False, 0
3006,0, 245, False, 0
3007,0, 245, False, 0
3008,0, 245, False, 0
3009,0, 245, False, 1
3010,0, 245, False, 1
3011,0, 245, False, 1
3012,0, 245, False, 1
3013,0, 245, False, 1
3014,25, 270, False, 1
3015,0, 270, False, 1
3016,0, 270, False, 1
3017,0, 270, False, 0
3018,0, 270, False, 0
3019,0, 270, False, 0
3020,0, 270, False, 0
3021,0, 270, False, 0
3022,0, 270, False, 0
3023,0, 270, False, 0
3024,0, 270, False, 0
3025,0, 270, False, 0
3026,0, 270, False, 1
3027,0, 270, False, 1
3028,0, 270, False, 1
3029,0, 270, False, 1
3030,0, 270, False, 1
3031,0, 270, False, 1
3032,0, 270, False, 1
3033,0, 270, False, 1
3034,0, 270, False, 0
3035,0, 270, False, 0
3036,0, 270, False, 0
3037,0, 270, False, 0
3038,0, 270, False, 0
3039,0, 270, False, 0
3040,0, 270, False, 0
3041,0, 270, False, 0
3042,0, 270, False, 0
3043,0, 270, False, 0
3044,0, 270, False, 3
3045,0, 270, False, 3
3046,0, 270, False, 3
3047,0, 270, False, 3
3048,0, 270, False, 3
3049,0, 270, False, 3
3050,0, 270, False, 3
3051,0, 270, False, 3
3052,0, 270, False, 3
3053,0, 270, False, 3
3054,0, 270, False, 3
3055,0, 270, False, 3
3056,0, 270, False, 3
3057,0, 270, False, 3
3058,0, 270, False, 3
3059,0, 270, False, 3
3060,0, 270, False, 3
3061,0, 270, False, 3
3062,0, 270, False, 3
3063,0, 270, False, 3
3064,0, 270, False, 3
3065,0, 270, False, 3
3066,0, 270, False, 3
3067,0, 270, False, 3
3068,0, 270, False, 3
3069,0, 270, False, 3
3070,0, 270, False, 3
3071,0, 270, False, 3
3072,0, 270, False, 3
3073,0, 270, False, 3
3074,0, 270, False, 3
3075,0, 270, False, 3
3076,0, 270, False, 3
3077,0, 270, False, 3
3078,0, 270, False, 3
3079,0, 270, False, 3
3080,0, 270, False, 3
3081,0, 270, False, 3
3082,0, 270, False, 3
3083,0, 270, False, 3
3084,0, 270, False, 3
3085,0, 270, False, 3
3086,0, 270, False, 3
3087,0, 270, False, 3
3088,0, 270, False, 3
3089,0, 270, False, 3
3090,0, 270, False, 3
3091,0, 270, False, 3
3092,0, 270, False, 3
3093,0, 270, False, 3
3094,0, 270, False, 3
3095,0, 270, False, 3
3096,0, 270, False, 3
3097,0, 270, False, 3
3098,0, 270, False, 3
3099,0, 270, False, 3
3100,0, 270, False, 3
3101,0, 270, False, 3
3102,0, 270, False, 3
3103,0, 270, False, 3
3104,0, 270, False, 3
3105,0, 270, False, 3
3106,0, 270, False, 3
3107,0, 270, False, 3
3108,0, 270, False, 3
3109,0, 270, False, 3
3110,0, 270, False, 3
3111,0, 270, False, 3
3112,0, 270, False, 3
3113,0, 270, False, 3
3114,0, 270, False, 3
3115,0, 270, False, 3
3116,0, 270, False, 3
3117,0, 270, False, 3
3118,0, 270, False, 3
3119,0, 270, False, 3
3120,0, 270, False, 3
3121,0, 270, False, 3
3122,0, 270, False, 3
3123,0, 270, False, 3
3124,0, 270, False, 3
3125,0, 270, False, 3
3126,0, 270, False, 3
3127,0, 270, False, 3
3128,0, 270, False, 3
3129,0, 270, False, 3
3130,0, 270, False, 3
3131,0, 270, False, 3
3132,0, 270, False, 3
3133,0, 270, False, 3
3134,0, 270, False, 3
3135,0, 270, False, 3
3136,0, 270, False, 3
3137,0, 270, False, 3
3138,0, 270, False, 3
3139,0, 270, False, 3
3140,0, 270, False, 3
3141,0, 270, False, 3
3142,0, 270, False, 3
3143,0, 270, False, 3
3144,0, 270, False, 3
3145,0, 270, False, 3
3146,0, 270, False, 0
3147,0, 270, False, 0
3148,0, 270, False, 0
3149,0, 270, False, 0
3150,0, 270, False, 0
3151,0, 270, False, 0
3152,0, 270, False, 0
3153,0, 270, False, 0
3154,0, 270, False, 0
3155,0, 270, False, 0
3156,0, 270, False, 0
3157,0, 270, False, 0
3158,0, 270, False, 0
3159,0, 270, False, 0
3160,0, 270, False, 0
3161,0, 270, False, 0
3162,0, 270, False, 0
3163,0, 270, False, 0
3164,0, 270, False, 0
3165,0, 270, False, 0
3166,0, 270, False, 0
3167,0, 270, False, 0
3168,0, 270, False, 0
3169,0, 270, False, 0
3170,0, 270, False, 0
3171,0, 270, False, 0
3172,0, 270, False, 0
3173,0, 270, False, 0
3174,0, 270, False, 0
3175,0, 270, False, 0
3176,0, 270, False, 0
3177,0, 270, False, 0
3178,0, 270, False, 0
3179,0, 270, False, 0
3180,0, 270, False, 0
3181,0, 270, False, 0
3182,0, 270, False, 0
3183,0, 270, False, 0
3184,0, 270, False, 0
3185,0, 270, False, 0
3186,0, 270, False, 0
3187,0, 270, False, 0
3188,0, 270, False, 0
3189,0, 270, False, 0
3190,0, 270, False, 0
3191,0, 270, False, 0
3192,0, 270, False, 0
3193,0, 270, False, 0
3194,0, 270, False, 0
3195,0, 270, False, 0
3196,0, 270, False, 0
3197,0, 270, False, 0
3198,0, 270, False, 0
3199,0, 270, False, 0
3200,0, 270, False, 0
3201,0, 270, False, 0
3202,0, 270, False, 0
3203,0, 270, False, 0
3204,0, 270, False, 0
3205,0, 270, False, 0
3206,0, 270, False, 0
3207,0, 270, False, 0
3208,0, 270, False, 0
3209,0, 270, False, 0
3210,0, 270, False, 0
3211,0, 270, False, 0
3212,0, 270, False, 0
3213,0, 270, False, 0
3214,0, 270, False, 0
3215,0, 270, False, 0
3216,0, 270, False, 0
3217,0, 270, False, 0
3218,0, 270, False, 0
3219,0, 270, False, 0
3220,0, 270, False, 0
3221,0, 270, False, 0
3222,0, 270, False, 0
3223,0, 270, False, 0
3224,0, 270, False, 0
3225,0, 270, False, 0
3226,0, 270, False, 0
3227,0, 270, False, 0
3228,0, 270, False, 0
3229,0, 270, False, 0
3230,0, 270, False, 0
3231,0, 270, False, 0
3232,0, 270, False, 0
3233,0, 270, False, 0
3234,0, 270, False, 0
3235,0, 270, False, 0
3236,0, 270, False, 0
3237,0, 270, False, 0
3238,0, 270, False, 0
3239,0, 270, False, 0
3240,0, 270, False, 0
3241,0, 270, False, 0
3242,0, 270, False, 0
3243,0, 270, False, 0
3244,0, 270, False, 0
3245,0, 270, False, 0
3246,0, 270, False, 0
3247,0, 270, False, 0
3248,0, 270, False, 0
3249,0, 270, False, 0
3250,0, 270, False, 0
3251,0, 270, True, 0
