db traj id : 670
frame,reward,score,terminal, action
0,0, 0, False, 0
1,0, 0, False, 0
2,0, 0, False, 0
3,0, 0, False, 0
4,0, 0, False, 0
5,0, 0, False, 0
6,0, 0, False, 0
7,0, 0, False, 0
8,0, 0, False, 0
9,0, 0, False, 0
10,0, 0, False, 0
11,0, 0, False, 0
12,0, 0, False, 0
13,0, 0, False, 0
14,0, 0, False, 0
15,0, 0, False, 0
16,0, 0, False, 0
17,0, 0, False, 0
18,0, 0, False, 0
19,0, 0, False, 0
20,0, 0, False, 0
21,0, 0, False, 0
22,0, 0, False, 0
23,0, 0, False, 0
24,0, 0, False, 0
25,0, 0, False, 0
26,0, 0, False, 0
27,0, 0, False, 0
28,0, 0, False, 0
29,0, 0, False, 0
30,0, 0, False, 0
31,0, 0, False, 0
32,0, 0, False, 0
33,0, 0, False, 0
34,0, 0, False, 0
35,0, 0, False, 0
36,0, 0, False, 0
37,0, 0, False, 0
38,0, 0, False, 0
39,0, 0, False, 0
40,0, 0, False, 0
41,0, 0, False, 0
42,0, 0, False, 0
43,0, 0, False, 0
44,0, 0, False, 0
45,0, 0, False, 0
46,0, 0, False, 0
47,0, 0, False, 0
48,0, 0, False, 0
49,0, 0, False, 0
50,0, 0, False, 0
51,0, 0, False, 0
52,0, 0, False, 0
53,0, 0, False, 0
54,0, 0, False, 0
55,0, 0, False, 0
56,0, 0, False, 1
57,0, 0, False, 1
58,0, 0, False, 1
59,0, 0, False, 1
60,0, 0, False, 1
61,0, 0, False, 1
62,0, 0, False, 1
63,0, 0, False, 1
64,0, 0, False, 1
65,0, 0, False, 1
66,0, 0, False, 1
67,0, 0, False, 1
68,0, 0, False, 0
69,0, 0, False, 0
70,0, 0, False, 0
71,0, 0, False, 0
72,0, 0, False, 0
73,0, 0, False, 0
74,0, 0, False, 0
75,0, 0, False, 0
76,0, 0, False, 0
77,0, 0, False, 1
78,0, 0, False, 1
79,0, 0, False, 1
80,0, 0, False, 1
81,0, 0, False, 1
82,0, 0, False, 1
83,0, 0, False, 1
84,0, 0, False, 1
85,0, 0, False, 0
86,0, 0, False, 0
87,0, 0, False, 0
88,0, 0, False, 0
89,0, 0, False, 0
90,0, 0, False, 0
91,0, 0, False, 0
92,0, 0, False, 0
93,0, 0, False, 0
94,0, 0, False, 0
95,0, 0, False, 1
96,0, 0, False, 1
97,0, 0, False, 1
98,0, 0, False, 1
99,0, 0, False, 1
100,0, 0, False, 1
101,0, 0, False, 1
102,0, 0, False, 0
103,0, 0, False, 0
104,0, 0, False, 0
105,0, 0, False, 0
106,0, 0, False, 0
107,0, 0, False, 0
108,0, 0, False, 0
109,0, 0, False, 0
110,0, 0, False, 0
111,0, 0, False, 0
112,0, 0, False, 0
113,0, 0, False, 1
114,0, 0, False, 1
115,0, 0, False, 1
116,0, 0, False, 1
117,0, 0, False, 1
118,0, 0, False, 1
119,0, 0, False, 1
120,0, 0, False, 1
121,0, 0, False, 0
122,0, 0, False, 0
123,0, 0, False, 0
124,0, 0, False, 0
125,0, 0, False, 0
126,0, 0, False, 0
127,0, 0, False, 0
128,0, 0, False, 0
129,0, 0, False, 1
130,0, 0, False, 1
131,0, 0, False, 1
132,0, 0, False, 1
133,0, 0, False, 1
134,0, 0, False, 1
135,0, 0, False, 1
136,0, 0, False, 1
137,0, 0, False, 1
138,0, 0, False, 1
139,0, 0, False, 1
140,0, 0, False, 0
141,0, 0, False, 0
142,0, 0, False, 0
143,0, 0, False, 0
144,0, 0, False, 0
145,0, 0, False, 0
146,0, 0, False, 0
147,0, 0, False, 1
148,0, 0, False, 1
149,0, 0, False, 1
150,0, 0, False, 1
151,0, 0, False, 1
152,0, 0, False, 1
153,0, 0, False, 1
154,0, 0, False, 0
155,0, 0, False, 0
156,0, 0, False, 0
157,0, 0, False, 0
158,0, 0, False, 0
159,0, 0, False, 0
160,0, 0, False, 0
161,0, 0, False, 1
162,0, 0, False, 1
163,0, 0, False, 1
164,0, 0, False, 1
165,0, 0, False, 1
166,0, 0, False, 1
167,0, 0, False, 1
168,0, 0, False, 0
169,0, 0, False, 0
170,0, 0, False, 0
171,0, 0, False, 0
172,0, 0, False, 0
173,0, 0, False, 3
174,0, 0, False, 3
175,0, 0, False, 3
176,0, 0, False, 3
177,0, 0, False, 3
178,0, 0, False, 3
179,0, 0, False, 3
180,0, 0, False, 3
181,0, 0, False, 3
182,0, 0, False, 3
183,0, 0, False, 3
184,0, 0, False, 3
185,0, 0, False, 3
186,0, 0, False, 3
187,0, 0, False, 3
188,0, 0, False, 3
189,0, 0, False, 3
190,0, 0, False, 3
191,0, 0, False, 3
192,0, 0, False, 3
193,0, 0, False, 3
194,0, 0, False, 3
195,0, 0, False, 3
196,0, 0, False, 3
197,0, 0, False, 3
198,0, 0, False, 3
199,0, 0, False, 3
200,0, 0, False, 3
201,0, 0, False, 3
202,0, 0, False, 3
203,0, 0, False, 3
204,0, 0, False, 3
205,0, 0, False, 3
206,0, 0, False, 3
207,0, 0, False, 3
208,0, 0, False, 3
209,0, 0, False, 11
210,0, 0, False, 11
211,0, 0, False, 11
212,0, 0, False, 11
213,0, 0, False, 11
214,0, 0, False, 11
215,0, 0, False, 11
216,0, 0, False, 1
217,0, 0, False, 1
218,0, 0, False, 0
219,0, 0, False, 0
220,0, 0, False, 0
221,0, 0, False, 0
222,0, 0, False, 0
223,0, 0, False, 0
224,0, 0, False, 0
225,0, 0, False, 1
226,0, 0, False, 1
227,0, 0, False, 1
228,0, 0, False, 1
229,0, 0, False, 1
230,0, 0, False, 1
231,0, 0, False, 1
232,0, 0, False, 1
233,0, 0, False, 0
234,0, 0, False, 0
235,0, 0, False, 0
236,0, 0, False, 0
237,0, 0, False, 0
238,5, 5, False, 0
239,0, 5, False, 0
240,0, 5, False, 1
241,0, 5, False, 1
242,0, 5, False, 1
243,0, 5, False, 1
244,0, 5, False, 11
245,0, 5, False, 11
246,0, 5, False, 11
247,0, 5, False, 11
248,0, 5, False, 3
249,0, 5, False, 3
250,0, 5, False, 3
251,0, 5, False, 3
252,0, 5, False, 3
253,0, 5, False, 3
254,0, 5, False, 3
255,0, 5, False, 11
256,0, 5, False, 11
257,0, 5, False, 11
258,0, 5, False, 11
259,0, 5, False, 11
260,0, 5, False, 11
261,0, 5, False, 11
262,0, 5, False, 3
263,0, 5, False, 3
264,0, 5, False, 3
265,0, 5, False, 3
266,0, 5, False, 3
267,0, 5, False, 3
268,0, 5, False, 3
269,0, 5, False, 3
270,0, 5, False, 11
271,0, 5, False, 11
272,0, 5, False, 11
273,0, 5, False, 11
274,10, 15, False, 11
275,0, 15, False, 11
276,0, 15, False, 11
277,0, 15, False, 11
278,0, 15, False, 11
279,0, 15, False, 11
280,0, 15, False, 11
281,0, 15, False, 3
282,0, 15, False, 3
283,0, 15, False, 3
284,0, 15, False, 3
285,0, 15, False, 3
286,0, 15, False, 3
287,0, 15, False, 3
288,0, 15, False, 3
289,0, 15, False, 11
290,0, 15, False, 11
291,0, 15, False, 11
292,0, 15, False, 11
293,0, 15, False, 11
294,0, 15, False, 11
295,0, 15, False, 3
296,0, 15, False, 3
297,0, 15, False, 3
298,0, 15, False, 3
299,0, 15, False, 3
300,0, 15, False, 3
301,0, 15, False, 3
302,0, 15, False, 3
303,0, 15, False, 3
304,0, 15, False, 11
305,0, 15, False, 11
306,0, 15, False, 11
307,0, 15, False, 11
308,0, 15, False, 11
309,0, 15, False, 11
310,0, 15, False, 11
311,0, 15, False, 11
312,0, 15, False, 11
313,0, 15, False, 11
314,0, 15, False, 3
315,0, 15, False, 3
316,5, 20, False, 3
317,0, 20, False, 3
318,0, 20, False, 3
319,0, 20, False, 3
320,0, 20, False, 3
321,0, 20, False, 11
322,0, 20, False, 11
323,0, 20, False, 11
324,0, 20, False, 11
325,0, 20, False, 11
326,0, 20, False, 11
327,0, 20, False, 11
328,0, 20, False, 11
329,0, 20, False, 11
330,0, 20, False, 0
331,0, 20, False, 0
332,0, 20, False, 0
333,0, 20, False, 0
334,0, 20, False, 0
335,0, 20, False, 0
336,0, 20, False, 0
337,0, 20, False, 0
338,0, 20, False, 0
339,0, 20, False, 1
340,0, 20, False, 1
341,0, 20, False, 1
342,0, 20, False, 1
343,0, 20, False, 1
344,0, 20, False, 1
345,0, 20, False, 1
346,0, 20, False, 1
347,0, 20, False, 0
348,5, 25, False, 0
349,0, 25, False, 0
350,0, 25, False, 0
351,0, 25, False, 0
352,0, 25, False, 0
353,0, 25, False, 0
354,0, 25, False, 0
355,0, 25, False, 0
356,0, 25, False, 1
357,0, 25, False, 1
358,0, 25, False, 1
359,0, 25, False, 1
360,0, 25, False, 1
361,0, 25, False, 1
362,0, 25, False, 1
363,0, 25, False, 1
364,0, 25, False, 0
365,0, 25, False, 0
366,0, 25, False, 0
367,0, 25, False, 0
368,0, 25, False, 0
369,0, 25, False, 0
370,0, 25, False, 0
371,0, 25, False, 3
372,0, 25, False, 3
373,0, 25, False, 3
374,0, 25, False, 3
375,0, 25, False, 3
376,0, 25, False, 3
377,0, 25, False, 3
378,0, 25, False, 3
379,0, 25, False, 3
380,0, 25, False, 3
381,0, 25, False, 3
382,0, 25, False, 3
383,0, 25, False, 3
384,0, 25, False, 3
385,0, 25, False, 3
386,0, 25, False, 3
387,0, 25, False, 3
388,0, 25, False, 3
389,0, 25, False, 3
390,0, 25, False, 3
391,0, 25, False, 3
392,10, 35, False, 3
393,0, 35, False, 3
394,0, 35, False, 3
395,0, 35, False, 3
396,0, 35, False, 3
397,0, 35, False, 3
398,0, 35, False, 0
399,0, 35, False, 0
400,0, 35, False, 0
401,0, 35, False, 0
402,0, 35, False, 0
403,0, 35, False, 0
404,0, 35, False, 1
405,0, 35, False, 1
406,0, 35, False, 1
407,0, 35, False, 1
408,0, 35, False, 1
409,0, 35, False, 1
410,0, 35, False, 1
411,0, 35, False, 1
412,0, 35, False, 1
413,0, 35, False, 1
414,0, 35, False, 1
415,0, 35, False, 1
416,0, 35, False, 0
417,0, 35, False, 0
418,0, 35, False, 0
419,0, 35, False, 0
420,0, 35, False, 0
421,0, 35, False, 0
422,0, 35, False, 0
423,0, 35, False, 0
424,0, 35, False, 0
425,0, 35, False, 0
426,0, 35, False, 1
427,0, 35, False, 1
428,0, 35, False, 1
429,0, 35, False, 1
430,5, 40, False, 1
431,0, 40, False, 1
432,0, 40, False, 1
433,0, 40, False, 1
434,0, 40, False, 1
435,0, 40, False, 0
436,0, 40, False, 0
437,0, 40, False, 0
438,0, 40, False, 0
439,0, 40, False, 0
440,0, 40, False, 0
441,0, 40, False, 0
442,0, 40, False, 0
443,0, 40, False, 0
444,0, 40, False, 0
445,0, 40, False, 1
446,0, 40, False, 1
447,0, 40, False, 1
448,0, 40, False, 1
449,0, 40, False, 0
450,0, 40, False, 0
451,0, 40, False, 0
452,0, 40, False, 0
453,0, 40, False, 0
454,0, 40, False, 0
455,0, 40, False, 0
456,0, 40, False, 0
457,0, 40, False, 0
458,0, 40, False, 0
459,0, 40, False, 3
460,0, 40, False, 3
461,0, 40, False, 0
462,0, 40, False, 0
463,0, 40, False, 0
464,10, 50, False, 0
465,0, 50, False, 0
466,0, 50, False, 0
467,0, 50, False, 0
468,0, 50, False, 0
469,0, 50, False, 0
470,0, 50, False, 1
471,0, 50, False, 1
472,0, 50, False, 1
473,0, 50, False, 1
474,0, 50, False, 1
475,0, 50, False, 1
476,0, 50, False, 1
477,0, 50, False, 1
478,0, 50, False, 0
479,0, 50, False, 0
480,0, 50, False, 0
481,0, 50, False, 0
482,0, 50, False, 0
483,0, 50, False, 0
484,0, 50, False, 0
485,0, 50, False, 0
486,0, 50, False, 1
487,0, 50, False, 1
488,0, 50, False, 1
489,0, 50, False, 1
490,0, 50, False, 1
491,0, 50, False, 1
492,0, 50, False, 12
493,0, 50, False, 12
494,0, 50, False, 12
495,0, 50, False, 4
496,0, 50, False, 4
497,0, 50, False, 4
498,0, 50, False, 4
499,0, 50, False, 4
500,0, 50, False, 4
501,0, 50, False, 4
502,0, 50, False, 4
503,0, 50, False, 4
504,0, 50, False, 4
505,0, 50, False, 4
506,0, 50, False, 4
507,0, 50, False, 4
508,0, 50, False, 4
509,0, 50, False, 4
510,0, 50, False, 4
511,0, 50, False, 4
512,0, 50, False, 4
513,0, 50, False, 4
514,15, 65, False, 4
515,0, 65, False, 4
516,0, 65, False, 4
517,0, 65, False, 4
518,0, 65, False, 4
519,0, 65, False, 4
520,0, 65, False, 4
521,0, 65, False, 4
522,0, 65, False, 4
523,0, 65, False, 4
524,0, 65, False, 4
525,0, 65, False, 4
526,0, 65, False, 4
527,0, 65, False, 4
528,0, 65, False, 4
529,0, 65, False, 4
530,0, 65, False, 4
531,0, 65, False, 4
532,0, 65, False, 4
533,0, 65, False, 4
534,0, 65, False, 4
535,0, 65, False, 4
536,0, 65, False, 4
537,0, 65, False, 4
538,0, 65, False, 4
539,0, 65, False, 4
540,0, 65, False, 4
541,0, 65, False, 4
542,0, 65, False, 4
543,0, 65, False, 4
544,0, 65, False, 4
545,0, 65, False, 4
546,0, 65, False, 4
547,0, 65, False, 4
548,0, 65, False, 4
549,0, 65, False, 4
550,0, 65, False, 4
551,0, 65, False, 4
552,0, 65, False, 4
553,0, 65, False, 4
554,0, 65, False, 0
555,0, 65, False, 0
556,0, 65, False, 0
557,0, 65, False, 0
558,0, 65, False, 0
559,0, 65, False, 0
560,0, 65, False, 0
561,0, 65, False, 0
562,0, 65, False, 0
563,0, 65, False, 0
564,0, 65, False, 1
565,0, 65, False, 1
566,0, 65, False, 1
567,0, 65, False, 1
568,0, 65, False, 1
569,0, 65, False, 1
570,0, 65, False, 1
571,0, 65, False, 0
572,0, 65, False, 0
573,0, 65, False, 0
574,0, 65, False, 0
575,0, 65, False, 0
576,0, 65, False, 0
577,0, 65, False, 0
578,0, 65, False, 0
579,0, 65, False, 0
580,0, 65, False, 0
581,0, 65, False, 0
582,0, 65, False, 0
583,0, 65, False, 0
584,0, 65, False, 0
585,0, 65, False, 0
586,0, 65, False, 0
587,0, 65, False, 0
588,0, 65, False, 0
589,0, 65, False, 0
590,0, 65, False, 0
591,0, 65, False, 0
592,0, 65, False, 0
593,0, 65, False, 0
594,0, 65, False, 0
595,0, 65, False, 0
596,0, 65, False, 0
597,0, 65, False, 0
598,0, 65, False, 0
599,0, 65, False, 0
600,0, 65, False, 0
601,0, 65, False, 0
602,0, 65, False, 0
603,0, 65, False, 0
604,0, 65, False, 0
605,0, 65, False, 0
606,0, 65, False, 0
607,0, 65, False, 0
608,0, 65, False, 0
609,0, 65, False, 0
610,0, 65, False, 0
611,0, 65, False, 0
612,0, 65, False, 0
613,0, 65, False, 0
614,0, 65, False, 0
615,0, 65, False, 0
616,0, 65, False, 0
617,0, 65, False, 0
618,0, 65, False, 0
619,0, 65, False, 0
620,0, 65, False, 0
621,0, 65, False, 0
622,0, 65, False, 0
623,0, 65, False, 0
624,0, 65, False, 0
625,0, 65, False, 0
626,0, 65, False, 0
627,0, 65, False, 0
628,0, 65, False, 0
629,0, 65, False, 0
630,0, 65, False, 0
631,0, 65, False, 0
632,0, 65, False, 0
633,0, 65, False, 0
634,0, 65, False, 0
635,0, 65, False, 0
636,0, 65, False, 0
637,0, 65, False, 0
638,0, 65, False, 0
639,0, 65, False, 0
640,0, 65, False, 0
641,0, 65, False, 0
642,0, 65, False, 0
643,0, 65, False, 0
644,0, 65, False, 0
645,0, 65, False, 0
646,0, 65, False, 0
647,0, 65, False, 0
648,0, 65, False, 0
649,0, 65, False, 0
650,0, 65, False, 0
651,0, 65, False, 0
652,0, 65, False, 0
653,0, 65, False, 0
654,0, 65, False, 0
655,0, 65, False, 0
656,0, 65, False, 0
657,0, 65, False, 0
658,0, 65, False, 0
659,0, 65, False, 0
660,0, 65, False, 0
661,0, 65, False, 0
662,0, 65, False, 1
663,0, 65, False, 1
664,0, 65, False, 1
665,0, 65, False, 1
666,0, 65, False, 1
667,0, 65, False, 1
668,0, 65, False, 1
669,0, 65, False, 1
670,0, 65, False, 1
671,0, 65, False, 1
672,0, 65, False, 0
673,0, 65, False, 0
674,0, 65, False, 0
675,0, 65, False, 0
676,0, 65, False, 0
677,0, 65, False, 0
678,0, 65, False, 0
679,0, 65, False, 0
680,0, 65, False, 0
681,0, 65, False, 0
682,0, 65, False, 1
683,0, 65, False, 1
684,0, 65, False, 1
685,0, 65, False, 1
686,0, 65, False, 1
687,0, 65, False, 1
688,0, 65, False, 1
689,0, 65, False, 1
690,0, 65, False, 1
691,0, 65, False, 1
692,0, 65, False, 4
693,0, 65, False, 4
694,5, 70, False, 4
695,0, 70, False, 4
696,0, 70, False, 0
697,0, 70, False, 0
698,0, 70, False, 0
699,0, 70, False, 1
700,0, 70, False, 1
701,0, 70, False, 1
702,0, 70, False, 1
703,0, 70, False, 1
704,0, 70, False, 1
705,0, 70, False, 0
706,0, 70, False, 0
707,0, 70, False, 0
708,0, 70, False, 0
709,0, 70, False, 0
710,0, 70, False, 0
711,0, 70, False, 0
712,0, 70, False, 0
713,0, 70, False, 0
714,0, 70, False, 1
715,0, 70, False, 1
716,0, 70, False, 1
717,0, 70, False, 1
718,0, 70, False, 1
719,0, 70, False, 1
720,0, 70, False, 0
721,0, 70, False, 0
722,0, 70, False, 0
723,0, 70, False, 0
724,0, 70, False, 0
725,0, 70, False, 0
726,0, 70, False, 0
727,0, 70, False, 0
728,0, 70, False, 0
729,0, 70, False, 1
730,0, 70, False, 1
731,0, 70, False, 1
732,0, 70, False, 1
733,0, 70, False, 1
734,10, 80, False, 1
735,0, 80, False, 0
736,0, 80, False, 0
737,0, 80, False, 0
738,0, 80, False, 0
739,0, 80, False, 0
740,0, 80, False, 0
741,0, 80, False, 0
742,0, 80, False, 0
743,0, 80, False, 0
744,0, 80, False, 1
745,0, 80, False, 1
746,0, 80, False, 1
747,0, 80, False, 1
748,0, 80, False, 1
749,0, 80, False, 1
750,0, 80, False, 0
751,0, 80, False, 0
752,0, 80, False, 0
753,0, 80, False, 0
754,0, 80, False, 0
755,0, 80, False, 0
756,0, 80, False, 0
757,0, 80, False, 0
758,0, 80, False, 0
759,0, 80, False, 1
760,0, 80, False, 1
761,0, 80, False, 1
762,0, 80, False, 1
763,0, 80, False, 1
764,0, 80, False, 1
765,0, 80, False, 0
766,0, 80, False, 0
767,0, 80, False, 0
768,0, 80, False, 0
769,0, 80, False, 0
770,0, 80, False, 0
771,0, 80, False, 0
772,0, 80, False, 0
773,0, 80, False, 1
774,0, 80, False, 1
775,0, 80, False, 1
776,0, 80, False, 1
777,0, 80, False, 1
778,0, 80, False, 1
779,0, 80, False, 1
780,0, 80, False, 0
781,0, 80, False, 0
782,0, 80, False, 0
783,0, 80, False, 0
784,0, 80, False, 0
785,0, 80, False, 0
786,0, 80, False, 0
787,0, 80, False, 0
788,15, 95, False, 0
789,0, 95, False, 1
790,0, 95, False, 1
791,0, 95, False, 1
792,0, 95, False, 1
793,0, 95, False, 1
794,0, 95, False, 1
795,0, 95, False, 1
796,0, 95, False, 1
797,0, 95, False, 0
798,0, 95, False, 0
799,0, 95, False, 0
800,0, 95, False, 0
801,0, 95, False, 0
802,0, 95, False, 0
803,0, 95, False, 0
804,0, 95, False, 1
805,0, 95, False, 1
806,0, 95, False, 1
807,0, 95, False, 1
808,0, 95, False, 1
809,0, 95, False, 1
810,0, 95, False, 1
811,0, 95, False, 1
812,0, 95, False, 0
813,0, 95, False, 0
814,0, 95, False, 0
815,0, 95, False, 0
816,0, 95, False, 0
817,0, 95, False, 0
818,0, 95, False, 0
819,0, 95, False, 1
820,0, 95, False, 1
821,0, 95, False, 1
822,0, 95, False, 1
823,0, 95, False, 1
824,0, 95, False, 1
825,0, 95, False, 1
826,0, 95, False, 11
827,0, 95, False, 11
828,0, 95, False, 3
829,0, 95, False, 3
830,0, 95, False, 3
831,0, 95, False, 3
832,0, 95, False, 3
833,0, 95, False, 3
834,0, 95, False, 3
835,0, 95, False, 3
836,0, 95, False, 3
837,0, 95, False, 3
838,0, 95, False, 3
839,0, 95, False, 3
840,0, 95, False, 3
841,0, 95, False, 3
842,0, 95, False, 3
843,0, 95, False, 3
844,0, 95, False, 3
845,0, 95, False, 3
846,0, 95, False, 3
847,0, 95, False, 3
848,0, 95, False, 3
849,0, 95, False, 3
850,0, 95, False, 3
851,0, 95, False, 3
852,0, 95, False, 3
853,0, 95, False, 3
854,0, 95, False, 3
855,0, 95, False, 3
856,0, 95, False, 3
857,0, 95, False, 3
858,0, 95, False, 3
859,0, 95, False, 3
860,0, 95, False, 3
861,0, 95, False, 3
862,0, 95, False, 3
863,0, 95, False, 0
864,0, 95, False, 0
865,0, 95, False, 0
866,0, 95, False, 1
867,0, 95, False, 1
868,0, 95, False, 1
869,0, 95, False, 1
870,0, 95, False, 1
871,0, 95, False, 1
872,0, 95, False, 1
873,0, 95, False, 1
874,0, 95, False, 1
875,0, 95, False, 1
876,0, 95, False, 0
877,0, 95, False, 0
878,0, 95, False, 0
879,0, 95, False, 0
880,0, 95, False, 0
881,0, 95, False, 0
882,0, 95, False, 0
883,0, 95, False, 1
884,0, 95, False, 1
885,0, 95, False, 1
886,0, 95, False, 1
887,0, 95, False, 1
888,0, 95, False, 1
889,0, 95, False, 1
890,0, 95, False, 1
891,0, 95, False, 1
892,0, 95, False, 0
893,0, 95, False, 0
894,0, 95, False, 0
895,0, 95, False, 0
896,0, 95, False, 0
897,0, 95, False, 0
898,0, 95, False, 0
899,0, 95, False, 1
900,5, 100, False, 1
901,0, 100, False, 1
902,0, 100, False, 1
903,0, 100, False, 1
904,0, 100, False, 11
905,0, 100, False, 11
906,0, 100, False, 11
907,0, 100, False, 11
908,0, 100, False, 3
909,0, 100, False, 3
910,0, 100, False, 3
911,0, 100, False, 3
912,0, 100, False, 3
913,0, 100, False, 3
914,0, 100, False, 3
915,0, 100, False, 11
916,0, 100, False, 11
917,0, 100, False, 11
918,0, 100, False, 1
919,0, 100, False, 1
920,0, 100, False, 1
921,0, 100, False, 1
922,0, 100, False, 1
923,0, 100, False, 1
924,0, 100, False, 1
925,0, 100, False, 0
926,0, 100, False, 0
927,0, 100, False, 0
928,0, 100, False, 0
929,0, 100, False, 0
930,0, 100, False, 0
931,0, 100, False, 1
932,0, 100, False, 1
933,0, 100, False, 1
934,0, 100, False, 1
935,0, 100, False, 1
936,0, 100, False, 1
937,0, 100, False, 1
938,0, 100, False, 1
939,0, 100, False, 1
940,0, 100, False, 1
941,0, 100, False, 0
942,0, 100, False, 0
943,0, 100, False, 0
944,0, 100, False, 0
945,0, 100, False, 0
946,0, 100, False, 0
947,0, 100, False, 1
948,0, 100, False, 1
949,0, 100, False, 1
950,0, 100, False, 1
951,0, 100, False, 1
952,0, 100, False, 1
953,0, 100, False, 1
954,0, 100, False, 1
955,0, 100, False, 1
956,0, 100, False, 1
957,0, 100, False, 1
958,0, 100, False, 1
959,0, 100, False, 0
960,0, 100, False, 0
961,0, 100, False, 0
962,0, 100, False, 0
963,0, 100, False, 0
964,0, 100, False, 0
965,0, 100, False, 1
966,0, 100, False, 1
967,0, 100, False, 1
968,0, 100, False, 1
969,0, 100, False, 1
970,0, 100, False, 1
971,0, 100, False, 1
972,0, 100, False, 1
973,0, 100, False, 1
974,0, 100, False, 1
975,0, 100, False, 1
976,0, 100, False, 1
977,0, 100, False, 1
978,0, 100, False, 0
979,0, 100, False, 0
980,0, 100, False, 0
981,0, 100, False, 0
982,0, 100, False, 0
983,0, 100, False, 0
984,0, 100, False, 0
985,0, 100, False, 1
986,0, 100, False, 1
987,0, 100, False, 1
988,0, 100, False, 0
989,0, 100, False, 0
990,0, 100, False, 0
991,0, 100, False, 0
992,0, 100, False, 0
993,0, 100, False, 0
994,0, 100, False, 0
995,0, 100, False, 0
996,0, 100, False, 0
997,0, 100, False, 1
998,0, 100, False, 1
999,0, 100, False, 1
1000,0, 100, False, 1
1001,0, 100, False, 1
1002,0, 100, False, 1
1003,0, 100, False, 1
1004,0, 100, False, 1
1005,0, 100, False, 1
1006,0, 100, False, 1
1007,0, 100, False, 1
1008,0, 100, False, 1
1009,0, 100, False, 1
1010,0, 100, False, 1
1011,0, 100, False, 1
1012,0, 100, False, 1
1013,0, 100, False, 1
1014,0, 100, False, 0
1015,0, 100, False, 1
1016,0, 100, False, 1
1017,0, 100, False, 1
1018,0, 100, False, 1
1019,0, 100, False, 1
1020,10, 110, False, 1
1021,0, 110, False, 1
1022,0, 110, False, 1
1023,0, 110, False, 1
1024,0, 110, False, 1
1025,0, 110, False, 1
1026,0, 110, False, 0
1027,0, 110, False, 0
1028,0, 110, False, 0
1029,0, 110, False, 0
1030,0, 110, False, 0
1031,0, 110, False, 0
1032,0, 110, False, 0
1033,0, 110, False, 0
1034,0, 110, False, 1
1035,0, 110, False, 1
1036,0, 110, False, 1
1037,0, 110, False, 1
1038,0, 110, False, 1
1039,0, 110, False, 1
1040,0, 110, False, 1
1041,0, 110, False, 1
1042,0, 110, False, 1
1043,0, 110, False, 1
1044,0, 110, False, 1
1045,0, 110, False, 0
1046,0, 110, False, 0
1047,0, 110, False, 0
1048,0, 110, False, 0
1049,0, 110, False, 0
1050,0, 110, False, 1
1051,0, 110, False, 1
1052,0, 110, False, 1
1053,0, 110, False, 1
1054,0, 110, False, 1
1055,0, 110, False, 1
1056,0, 110, False, 1
1057,0, 110, False, 1
1058,0, 110, False, 1
1059,0, 110, False, 1
1060,0, 110, False, 0
1061,0, 110, False, 0
1062,0, 110, False, 0
1063,0, 110, False, 0
1064,15, 125, False, 0
1065,0, 125, False, 0
1066,0, 125, False, 1
1067,0, 125, False, 1
1068,0, 125, False, 1
1069,0, 125, False, 1
1070,0, 125, False, 1
1071,0, 125, False, 1
1072,0, 125, False, 1
1073,0, 125, False, 1
1074,0, 125, False, 1
1075,0, 125, False, 1
1076,0, 125, False, 1
1077,0, 125, False, 0
1078,0, 125, False, 0
1079,0, 125, False, 0
1080,0, 125, False, 0
1081,0, 125, False, 1
1082,0, 125, False, 1
1083,0, 125, False, 1
1084,0, 125, False, 1
1085,0, 125, False, 1
1086,0, 125, False, 1
1087,0, 125, False, 1
1088,0, 125, False, 1
1089,0, 125, False, 1
1090,0, 125, False, 1
1091,0, 125, False, 1
1092,0, 125, False, 1
1093,0, 125, False, 0
1094,0, 125, False, 0
1095,0, 125, False, 0
1096,0, 125, False, 3
1097,0, 125, False, 3
1098,0, 125, False, 3
1099,0, 125, False, 11
1100,0, 125, False, 11
1101,0, 125, False, 11
1102,0, 125, False, 11
1103,0, 125, False, 11
1104,0, 125, False, 11
1105,0, 125, False, 11
1106,0, 125, False, 11
1107,0, 125, False, 11
1108,0, 125, False, 11
1109,0, 125, False, 11
1110,0, 125, False, 3
1111,0, 125, False, 3
1112,0, 125, False, 3
1113,0, 125, False, 3
1114,0, 125, False, 3
1115,0, 125, False, 3
1116,0, 125, False, 3
1117,0, 125, False, 3
1118,20, 145, False, 3
1119,0, 145, False, 3
1120,0, 145, False, 3
1121,0, 145, False, 3
1122,0, 145, False, 3
1123,0, 145, False, 3
1124,0, 145, False, 3
1125,0, 145, False, 3
1126,0, 145, False, 3
1127,0, 145, False, 3
1128,0, 145, False, 3
1129,0, 145, False, 3
1130,0, 145, False, 3
1131,0, 145, False, 3
1132,0, 145, False, 3
1133,0, 145, False, 3
1134,0, 145, False, 3
1135,0, 145, False, 3
1136,0, 145, False, 3
1137,0, 145, False, 3
1138,0, 145, False, 3
1139,0, 145, False, 3
1140,0, 145, False, 3
1141,0, 145, False, 3
1142,0, 145, False, 3
1143,0, 145, False, 3
1144,0, 145, False, 3
1145,0, 145, False, 3
1146,0, 145, False, 3
1147,0, 145, False, 3
1148,0, 145, False, 3
1149,0, 145, False, 3
1150,0, 145, False, 3
1151,0, 145, False, 11
1152,0, 145, False, 11
1153,0, 145, False, 11
1154,0, 145, False, 11
1155,0, 145, False, 11
1156,0, 145, False, 1
1157,0, 145, False, 1
1158,0, 145, False, 1
1159,0, 145, False, 1
1160,0, 145, False, 1
1161,0, 145, False, 1
1162,0, 145, False, 0
1163,0, 145, False, 0
1164,0, 145, False, 0
1165,0, 145, False, 0
1166,0, 145, False, 0
1167,0, 145, False, 0
1168,0, 145, False, 1
1169,0, 145, False, 1
1170,0, 145, False, 1
1171,0, 145, False, 1
1172,0, 145, False, 1
1173,0, 145, False, 1
1174,0, 145, False, 1
1175,0, 145, False, 1
1176,0, 145, False, 1
1177,0, 145, False, 1
1178,0, 145, False, 0
1179,0, 145, False, 0
1180,0, 145, False, 0
1181,0, 145, False, 0
1182,0, 145, False, 0
1183,0, 145, False, 0
1184,0, 145, False, 0
1185,0, 145, False, 1
1186,0, 145, False, 1
1187,0, 145, False, 1
1188,0, 145, False, 1
1189,0, 145, False, 1
1190,0, 145, False, 1
1191,0, 145, False, 1
1192,0, 145, False, 1
1193,0, 145, False, 1
1194,0, 145, False, 1
1195,0, 145, False, 1
1196,0, 145, False, 1
1197,0, 145, False, 0
1198,0, 145, False, 0
1199,0, 145, False, 0
1200,0, 145, False, 0
1201,0, 145, False, 0
1202,0, 145, False, 0
1203,0, 145, False, 0
1204,0, 145, False, 1
1205,0, 145, False, 1
1206,0, 145, False, 1
1207,0, 145, False, 1
1208,0, 145, False, 1
1209,0, 145, False, 1
1210,25, 170, False, 1
1211,0, 170, False, 1
1212,0, 170, False, 0
1213,0, 170, False, 0
1214,0, 170, False, 0
1215,0, 170, False, 0
1216,0, 170, False, 0
1217,0, 170, False, 0
1218,0, 170, False, 0
1219,0, 170, False, 0
1220,0, 170, False, 1
1221,0, 170, False, 1
1222,0, 170, False, 1
1223,0, 170, False, 1
1224,0, 170, False, 1
1225,0, 170, False, 1
1226,0, 170, False, 1
1227,0, 170, False, 1
1228,0, 170, False, 1
1229,0, 170, False, 1
1230,0, 170, False, 1
1231,0, 170, False, 1
1232,0, 170, False, 1
1233,0, 170, False, 1
1234,0, 170, False, 1
1235,0, 170, False, 0
1236,0, 170, False, 0
1237,0, 170, False, 0
1238,0, 170, False, 0
1239,0, 170, False, 0
1240,10, 180, False, 0
1241,0, 180, False, 0
1242,0, 180, False, 0
1243,0, 180, False, 1
1244,0, 180, False, 1
1245,0, 180, False, 1
1246,0, 180, False, 1
1247,0, 180, False, 1
1248,0, 180, False, 1
1249,0, 180, False, 1
1250,0, 180, False, 1
1251,0, 180, False, 1
1252,0, 180, False, 1
1253,0, 180, False, 1
1254,0, 180, False, 0
1255,0, 180, False, 0
1256,0, 180, False, 0
1257,0, 180, False, 0
1258,0, 180, False, 0
1259,0, 180, False, 0
1260,0, 180, False, 0
1261,0, 180, False, 1
1262,0, 180, False, 1
1263,0, 180, False, 1
1264,0, 180, False, 1
1265,0, 180, False, 1
1266,0, 180, False, 1
1267,0, 180, False, 11
1268,0, 180, False, 11
1269,0, 180, False, 11
1270,0, 180, False, 11
1271,0, 180, False, 11
1272,0, 180, False, 11
1273,0, 180, False, 11
1274,0, 180, False, 0
1275,0, 180, False, 0
1276,0, 180, False, 0
1277,0, 180, False, 0
1278,0, 180, False, 0
1279,0, 180, False, 0
1280,0, 180, False, 0
1281,0, 180, False, 1
1282,0, 180, False, 1
1283,0, 180, False, 11
1284,0, 180, False, 11
1285,0, 180, False, 3
1286,0, 180, False, 3
1287,0, 180, False, 3
1288,0, 180, False, 3
1289,0, 180, False, 3
1290,0, 180, False, 3
1291,0, 180, False, 0
1292,0, 180, False, 0
1293,0, 180, False, 0
1294,0, 180, False, 0
1295,0, 180, False, 0
1296,0, 180, False, 0
1297,0, 180, False, 0
1298,0, 180, False, 1
1299,0, 180, False, 1
1300,0, 180, False, 1
1301,0, 180, False, 1
1302,0, 180, False, 1
1303,0, 180, False, 1
1304,0, 180, False, 1
1305,0, 180, False, 1
1306,0, 180, False, 1
1307,0, 180, False, 1
1308,0, 180, False, 1
1309,0, 180, False, 1
1310,0, 180, False, 0
1311,0, 180, False, 0
1312,0, 180, False, 0
1313,0, 180, False, 0
1314,0, 180, False, 0
1315,0, 180, False, 0
1316,0, 180, False, 0
1317,0, 180, False, 1
1318,0, 180, False, 1
1319,0, 180, False, 1
1320,0, 180, False, 1
1321,0, 180, False, 1
1322,0, 180, False, 1
1323,0, 180, False, 1
1324,0, 180, False, 1
1325,0, 180, False, 1
1326,0, 180, False, 1
1327,0, 180, False, 1
1328,0, 180, False, 0
1329,0, 180, False, 0
1330,0, 180, False, 0
1331,0, 180, False, 0
1332,0, 180, False, 0
1333,0, 180, False, 0
1334,0, 180, False, 0
1335,0, 180, False, 0
1336,0, 180, False, 1
1337,0, 180, False, 1
1338,0, 180, False, 1
1339,0, 180, False, 1
1340,0, 180, False, 1
1341,0, 180, False, 1
1342,0, 180, False, 1
1343,0, 180, False, 1
1344,0, 180, False, 1
1345,0, 180, False, 1
1346,0, 180, False, 1
1347,0, 180, False, 0
1348,0, 180, False, 0
1349,0, 180, False, 0
1350,0, 180, False, 0
1351,0, 180, False, 0
1352,0, 180, False, 0
1353,0, 180, False, 0
1354,0, 180, False, 1
1355,0, 180, False, 1
1356,0, 180, False, 1
1357,0, 180, False, 1
1358,0, 180, False, 1
1359,0, 180, False, 1
1360,0, 180, False, 1
1361,0, 180, False, 1
1362,0, 180, False, 1
1363,0, 180, False, 0
1364,0, 180, False, 0
1365,0, 180, False, 0
1366,0, 180, False, 0
1367,0, 180, False, 0
1368,0, 180, False, 0
1369,0, 180, False, 0
1370,0, 180, False, 0
1371,0, 180, False, 1
1372,0, 180, False, 1
1373,0, 180, False, 1
1374,0, 180, False, 1
1375,0, 180, False, 1
1376,0, 180, False, 1
1377,0, 180, False, 1
1378,0, 180, False, 1
1379,0, 180, False, 1
1380,0, 180, False, 1
1381,0, 180, False, 1
1382,0, 180, False, 1
1383,0, 180, False, 0
1384,0, 180, False, 0
1385,0, 180, False, 0
1386,0, 180, False, 0
1387,0, 180, False, 0
1388,0, 180, False, 0
1389,0, 180, False, 1
1390,0, 180, False, 1
1391,0, 180, False, 1
1392,0, 180, False, 1
1393,0, 180, False, 1
1394,0, 180, False, 1
1395,0, 180, False, 1
1396,0, 180, False, 1
1397,0, 180, False, 1
1398,0, 180, False, 1
1399,0, 180, False, 1
1400,0, 180, False, 1
1401,0, 180, False, 1
1402,0, 180, False, 0
1403,0, 180, False, 0
1404,0, 180, False, 0
1405,0, 180, False, 0
1406,0, 180, False, 0
1407,0, 180, False, 0
1408,0, 180, False, 0
1409,0, 180, False, 0
1410,0, 180, False, 0
1411,0, 180, False, 0
1412,0, 180, False, 0
1413,0, 180, False, 0
1414,0, 180, False, 1
1415,0, 180, False, 1
1416,0, 180, False, 1
1417,0, 180, False, 1
1418,0, 180, False, 1
1419,0, 180, False, 1
1420,0, 180, False, 1
1421,0, 180, False, 1
1422,0, 180, False, 1
1423,0, 180, False, 1
1424,0, 180, False, 1
1425,0, 180, False, 1
1426,0, 180, False, 1
1427,0, 180, False, 0
1428,0, 180, False, 0
1429,0, 180, False, 0
1430,0, 180, False, 0
1431,0, 180, False, 1
1432,0, 180, False, 1
1433,0, 180, False, 1
1434,0, 180, False, 1
1435,0, 180, False, 1
1436,0, 180, False, 1
1437,0, 180, False, 1
1438,0, 180, False, 1
1439,0, 180, False, 1
1440,0, 180, False, 1
1441,0, 180, False, 1
1442,0, 180, False, 1
1443,0, 180, False, 0
1444,0, 180, False, 4
1445,0, 180, False, 4
1446,0, 180, False, 4
1447,0, 180, False, 4
1448,0, 180, False, 4
1449,0, 180, False, 4
1450,0, 180, False, 4
1451,0, 180, False, 4
1452,0, 180, False, 4
1453,0, 180, False, 4
1454,0, 180, False, 4
1455,0, 180, False, 4
1456,0, 180, False, 4
1457,0, 180, False, 4
1458,0, 180, False, 4
1459,0, 180, False, 4
1460,0, 180, False, 0
1461,0, 180, False, 0
1462,0, 180, False, 0
1463,0, 180, False, 0
1464,0, 180, False, 0
1465,0, 180, False, 0
1466,0, 180, False, 0
1467,0, 180, False, 0
1468,0, 180, False, 4
1469,0, 180, False, 4
1470,0, 180, False, 4
1471,0, 180, False, 4
1472,0, 180, False, 4
1473,0, 180, False, 4
1474,0, 180, False, 4
1475,0, 180, False, 4
1476,0, 180, False, 0
1477,0, 180, False, 0
1478,0, 180, False, 0
1479,0, 180, False, 0
1480,0, 180, False, 0
1481,0, 180, False, 0
1482,0, 180, False, 0
1483,0, 180, False, 0
1484,0, 180, False, 0
1485,0, 180, False, 0
1486,0, 180, False, 1
1487,0, 180, False, 1
1488,0, 180, False, 1
1489,0, 180, False, 1
1490,0, 180, False, 1
1491,0, 180, False, 1
1492,0, 180, False, 1
1493,0, 180, False, 1
1494,0, 180, False, 1
1495,0, 180, False, 1
1496,0, 180, False, 1
1497,0, 180, False, 1
1498,0, 180, False, 1
1499,0, 180, False, 0
1500,0, 180, False, 0
1501,0, 180, False, 0
1502,0, 180, False, 0
1503,0, 180, False, 0
1504,0, 180, False, 0
1505,0, 180, False, 0
1506,0, 180, False, 0
1507,0, 180, False, 0
1508,0, 180, False, 0
1509,0, 180, False, 1
1510,0, 180, False, 1
1511,0, 180, False, 1
1512,0, 180, False, 1
1513,0, 180, False, 1
1514,0, 180, False, 1
1515,0, 180, False, 1
1516,0, 180, False, 1
1517,0, 180, False, 1
1518,0, 180, False, 1
1519,0, 180, False, 1
1520,0, 180, False, 1
1521,0, 180, False, 1
1522,0, 180, False, 1
1523,0, 180, False, 1
1524,0, 180, False, 1
1525,0, 180, False, 0
1526,0, 180, False, 0
1527,0, 180, False, 0
1528,0, 180, False, 0
1529,0, 180, False, 0
1530,0, 180, False, 0
1531,0, 180, False, 0
1532,0, 180, False, 0
1533,0, 180, False, 0
1534,0, 180, False, 0
1535,0, 180, False, 0
1536,0, 180, False, 0
1537,0, 180, False, 1
1538,0, 180, False, 1
1539,0, 180, False, 1
1540,0, 180, False, 1
1541,0, 180, False, 1
1542,0, 180, False, 1
1543,0, 180, False, 1
1544,0, 180, False, 1
1545,0, 180, False, 1
1546,0, 180, False, 1
1547,0, 180, False, 1
1548,0, 180, False, 1
1549,0, 180, False, 1
1550,0, 180, False, 0
1551,0, 180, False, 0
1552,0, 180, False, 0
1553,0, 180, False, 0
1554,0, 180, False, 0
1555,0, 180, False, 0
1556,0, 180, False, 0
1557,0, 180, False, 0
1558,0, 180, False, 0
1559,0, 180, False, 1
1560,0, 180, False, 1
1561,0, 180, False, 1
1562,0, 180, False, 1
1563,0, 180, False, 1
1564,0, 180, False, 1
1565,0, 180, False, 1
1566,0, 180, False, 1
1567,0, 180, False, 11
1568,0, 180, False, 11
1569,0, 180, False, 11
1570,0, 180, False, 3
1571,0, 180, False, 3
1572,30, 210, False, 3
1573,0, 210, False, 3
1574,0, 210, False, 3
1575,0, 210, False, 3
1576,0, 210, False, 3
1577,0, 210, False, 3
1578,0, 210, False, 3
1579,0, 210, False, 3
1580,0, 210, False, 3
1581,0, 210, False, 3
1582,0, 210, False, 3
1583,0, 210, False, 3
1584,0, 210, False, 3
1585,0, 210, False, 3
1586,0, 210, False, 0
1587,0, 210, False, 0
1588,0, 210, False, 0
1589,0, 210, False, 0
1590,0, 210, False, 1
1591,0, 210, False, 1
1592,0, 210, False, 1
1593,0, 210, False, 1
1594,0, 210, False, 1
1595,0, 210, False, 1
1596,0, 210, False, 1
1597,0, 210, False, 1
1598,0, 210, False, 1
1599,0, 210, False, 1
1600,0, 210, False, 1
1601,0, 210, False, 1
1602,0, 210, False, 1
1603,0, 210, False, 1
1604,0, 210, False, 0
1605,0, 210, False, 0
1606,0, 210, False, 0
1607,0, 210, False, 0
1608,0, 210, False, 0
1609,0, 210, False, 0
1610,0, 210, False, 0
1611,0, 210, False, 0
1612,0, 210, False, 1
1613,0, 210, False, 1
1614,0, 210, False, 1
1615,0, 210, False, 1
1616,0, 210, False, 1
1617,0, 210, False, 1
1618,0, 210, False, 1
1619,0, 210, False, 1
1620,0, 210, False, 1
1621,0, 210, False, 1
1622,0, 210, False, 1
1623,0, 210, False, 1
1624,0, 210, False, 0
1625,0, 210, False, 0
1626,0, 210, False, 0
1627,0, 210, False, 0
1628,0, 210, False, 0
1629,0, 210, False, 0
1630,0, 210, False, 4
1631,0, 210, False, 4
1632,0, 210, False, 4
1633,0, 210, False, 4
1634,0, 210, False, 4
1635,0, 210, False, 4
1636,0, 210, False, 4
1637,0, 210, False, 4
1638,0, 210, False, 4
1639,0, 210, False, 4
1640,0, 210, False, 4
1641,0, 210, False, 4
1642,0, 210, False, 4
1643,0, 210, False, 4
1644,0, 210, False, 4
1645,0, 210, False, 4
1646,0, 210, False, 4
1647,0, 210, False, 4
1648,0, 210, False, 4
1649,0, 210, False, 4
1650,0, 210, False, 4
1651,0, 210, False, 4
1652,0, 210, False, 4
1653,0, 210, False, 4
1654,0, 210, False, 4
1655,0, 210, False, 0
1656,0, 210, False, 0
1657,0, 210, False, 0
1658,0, 210, False, 0
1659,0, 210, False, 1
1660,0, 210, False, 1
1661,0, 210, False, 1
1662,0, 210, False, 1
1663,0, 210, False, 1
1664,0, 210, False, 1
1665,0, 210, False, 1
1666,0, 210, False, 1
1667,0, 210, False, 1
1668,0, 210, False, 1
1669,0, 210, False, 1
1670,0, 210, False, 1
1671,0, 210, False, 1
1672,0, 210, False, 1
1673,0, 210, False, 1
1674,0, 210, False, 0
1675,0, 210, False, 0
1676,0, 210, False, 0
1677,0, 210, False, 0
1678,0, 210, False, 0
1679,0, 210, False, 0
1680,0, 210, False, 0
1681,0, 210, False, 0
1682,0, 210, False, 1
1683,0, 210, False, 1
1684,0, 210, False, 1
1685,0, 210, False, 1
1686,0, 210, False, 1
1687,0, 210, False, 1
1688,0, 210, False, 1
1689,0, 210, False, 1
1690,0, 210, False, 1
1691,0, 210, False, 1
1692,0, 210, False, 1
1693,0, 210, False, 1
1694,0, 210, False, 0
1695,0, 210, False, 0
1696,0, 210, False, 0
1697,0, 210, False, 0
1698,0, 210, False, 0
1699,0, 210, False, 3
1700,0, 210, False, 3
1701,0, 210, False, 3
1702,0, 210, False, 3
1703,0, 210, False, 11
1704,0, 210, False, 11
1705,0, 210, False, 11
1706,0, 210, False, 11
1707,0, 210, False, 11
1708,0, 210, False, 11
1709,0, 210, False, 11
1710,0, 210, False, 11
1711,0, 210, False, 11
1712,0, 210, False, 3
1713,0, 210, False, 3
1714,0, 210, False, 3
1715,0, 210, False, 3
1716,15, 225, False, 3
1717,0, 225, False, 3
1718,0, 225, False, 3
1719,0, 225, False, 3
1720,0, 225, False, 3
1721,0, 225, False, 3
1722,0, 225, False, 0
1723,0, 225, False, 0
1724,0, 225, False, 0
1725,0, 225, False, 0
1726,0, 225, False, 0
1727,0, 225, False, 1
1728,0, 225, False, 1
1729,0, 225, False, 1
1730,0, 225, False, 1
1731,0, 225, False, 1
1732,0, 225, False, 1
1733,0, 225, False, 1
1734,0, 225, False, 1
1735,0, 225, False, 1
1736,0, 225, False, 1
1737,0, 225, False, 1
1738,0, 225, False, 1
1739,0, 225, False, 1
1740,0, 225, False, 1
1741,0, 225, False, 3
1742,0, 225, False, 3
1743,0, 225, False, 3
1744,0, 225, False, 3
1745,0, 225, False, 3
1746,0, 225, False, 3
1747,0, 225, False, 3
1748,0, 225, False, 3
1749,0, 225, False, 3
1750,0, 225, False, 3
1751,0, 225, False, 3
1752,0, 225, False, 3
1753,0, 225, False, 3
1754,0, 225, False, 0
1755,0, 225, False, 0
1756,0, 225, False, 1
1757,0, 225, False, 1
1758,15, 240, False, 1
1759,0, 240, False, 1
1760,0, 240, False, 1
1761,0, 240, False, 1
1762,0, 240, False, 1
1763,0, 240, False, 1
1764,0, 240, False, 1
1765,0, 240, False, 1
1766,0, 240, False, 1
1767,0, 240, False, 1
1768,0, 240, False, 0
1769,0, 240, False, 0
1770,0, 240, False, 0
1771,0, 240, False, 0
1772,0, 240, False, 0
1773,0, 240, False, 0
1774,0, 240, False, 1
1775,0, 240, False, 1
1776,0, 240, False, 1
1777,0, 240, False, 1
1778,0, 240, False, 1
1779,0, 240, False, 1
1780,0, 240, False, 1
1781,0, 240, False, 1
1782,0, 240, False, 1
1783,0, 240, False, 1
1784,0, 240, False, 0
1785,0, 240, False, 0
1786,0, 240, False, 0
1787,0, 240, False, 0
1788,0, 240, False, 0
1789,0, 240, False, 0
1790,0, 240, False, 0
1791,0, 240, False, 1
1792,0, 240, False, 1
1793,0, 240, False, 1
1794,0, 240, False, 1
1795,0, 240, False, 1
1796,0, 240, False, 1
1797,0, 240, False, 1
1798,0, 240, False, 1
1799,0, 240, False, 1
1800,0, 240, False, 1
1801,0, 240, False, 0
1802,0, 240, False, 0
1803,0, 240, False, 0
1804,0, 240, False, 0
1805,0, 240, False, 0
1806,0, 240, False, 0
1807,0, 240, False, 0
1808,0, 240, False, 1
1809,0, 240, False, 1
1810,0, 240, False, 1
1811,0, 240, False, 1
1812,0, 240, False, 1
1813,0, 240, False, 1
1814,0, 240, False, 1
1815,0, 240, False, 1
1816,0, 240, False, 1
1817,0, 240, False, 1
1818,0, 240, False, 0
1819,0, 240, False, 0
1820,0, 240, False, 0
1821,0, 240, False, 0
1822,0, 240, False, 0
1823,0, 240, False, 1
1824,0, 240, False, 1
1825,0, 240, False, 1
1826,0, 240, False, 1
1827,0, 240, False, 1
1828,0, 240, False, 1
1829,0, 240, False, 1
1830,0, 240, False, 1
1831,0, 240, False, 1
1832,0, 240, False, 1
1833,0, 240, False, 1
1834,0, 240, False, 0
1835,0, 240, False, 0
1836,0, 240, False, 0
1837,0, 240, False, 0
1838,0, 240, False, 0
1839,0, 240, False, 0
1840,0, 240, False, 0
1841,0, 240, False, 1
1842,0, 240, False, 1
1843,0, 240, False, 1
1844,0, 240, False, 1
1845,0, 240, False, 1
1846,0, 240, False, 1
1847,0, 240, False, 0
1848,0, 240, False, 0
1849,0, 240, False, 0
1850,0, 240, False, 0
1851,0, 240, False, 0
1852,0, 240, False, 0
1853,0, 240, False, 0
1854,0, 240, False, 0
1855,0, 240, False, 1
1856,0, 240, False, 12
1857,0, 240, False, 12
1858,0, 240, False, 12
1859,0, 240, False, 12
1860,0, 240, False, 12
1861,0, 240, False, 12
1862,0, 240, False, 12
1863,0, 240, False, 12
1864,0, 240, False, 12
1865,0, 240, False, 12
1866,0, 240, False, 12
1867,0, 240, False, 12
1868,0, 240, False, 4
1869,0, 240, False, 4
1870,0, 240, False, 4
1871,0, 240, False, 4
1872,15, 255, False, 4
1873,0, 255, False, 4
1874,0, 255, False, 4
1875,0, 255, False, 4
1876,0, 255, False, 4
1877,0, 255, False, 0
1878,0, 255, False, 0
1879,0, 255, False, 0
1880,0, 255, False, 0
1881,0, 255, False, 0
1882,0, 255, False, 0
1883,0, 255, False, 0
1884,0, 255, False, 0
1885,0, 255, False, 0
1886,0, 255, False, 0
1887,0, 255, False, 0
1888,0, 255, False, 0
1889,0, 255, False, 0
1890,0, 255, False, 0
1891,0, 255, False, 3
1892,0, 255, False, 3
1893,0, 255, False, 3
1894,0, 255, False, 3
1895,0, 255, False, 3
1896,0, 255, False, 3
1897,0, 255, False, 3
1898,0, 255, False, 11
1899,0, 255, False, 11
1900,0, 255, False, 11
1901,0, 255, False, 11
1902,0, 255, False, 11
1903,0, 255, False, 1
1904,0, 255, False, 1
1905,0, 255, False, 1
1906,0, 255, False, 1
1907,0, 255, False, 1
1908,0, 255, False, 1
1909,0, 255, False, 1
1910,0, 255, False, 1
1911,0, 255, False, 1
1912,0, 255, False, 0
1913,0, 255, False, 3
1914,0, 255, False, 3
1915,0, 255, False, 3
1916,0, 255, False, 3
1917,0, 255, False, 3
1918,0, 255, False, 3
1919,0, 255, False, 3
1920,0, 255, False, 3
1921,0, 255, False, 11
1922,0, 255, False, 11
1923,0, 255, False, 11
1924,0, 255, False, 1
1925,0, 255, False, 1
1926,0, 255, False, 1
1927,0, 255, False, 1
1928,0, 255, False, 1
1929,0, 255, False, 1
1930,0, 255, False, 1
1931,0, 255, False, 0
1932,0, 255, False, 0
1933,0, 255, False, 0
1934,0, 255, False, 0
1935,0, 255, False, 0
1936,20, 275, False, 0
1937,0, 275, False, 0
1938,0, 275, False, 1
1939,0, 275, False, 1
1940,0, 275, False, 1
1941,0, 275, False, 1
1942,0, 275, False, 1
1943,0, 275, False, 1
1944,0, 275, False, 1
1945,0, 275, False, 1
1946,0, 275, False, 1
1947,0, 275, False, 1
1948,0, 275, False, 0
1949,0, 275, False, 0
1950,0, 275, False, 0
1951,0, 275, False, 0
1952,0, 275, False, 0
1953,0, 275, False, 0
1954,0, 275, False, 1
1955,0, 275, False, 1
1956,0, 275, False, 1
1957,0, 275, False, 1
1958,0, 275, False, 11
1959,0, 275, False, 11
1960,0, 275, False, 11
1961,0, 275, False, 11
1962,0, 275, False, 11
1963,0, 275, False, 11
1964,0, 275, False, 11
1965,0, 275, False, 11
1966,0, 275, False, 3
1967,0, 275, False, 3
1968,0, 275, False, 3
1969,0, 275, False, 3
1970,0, 275, False, 3
1971,0, 275, False, 3
1972,0, 275, False, 3
1973,0, 275, False, 3
1974,0, 275, False, 3
1975,0, 275, False, 3
1976,0, 275, False, 3
1977,0, 275, False, 3
1978,0, 275, False, 3
1979,0, 275, False, 3
1980,0, 275, False, 3
1981,0, 275, False, 3
1982,0, 275, False, 3
1983,0, 275, False, 3
1984,0, 275, False, 0
1985,0, 275, False, 0
1986,0, 275, False, 0
1987,0, 275, False, 0
1988,0, 275, False, 0
1989,0, 275, False, 1
1990,0, 275, False, 1
1991,0, 275, False, 1
1992,0, 275, False, 1
1993,0, 275, False, 1
1994,0, 275, False, 1
1995,0, 275, False, 1
1996,0, 275, False, 1
1997,0, 275, False, 1
1998,0, 275, False, 1
1999,0, 275, False, 1
2000,0, 275, False, 0
2001,0, 275, False, 0
2002,0, 275, False, 0
2003,0, 275, False, 0
2004,0, 275, False, 0
2005,0, 275, False, 0
2006,0, 275, False, 0
2007,0, 275, False, 0
2008,0, 275, False, 0
2009,0, 275, False, 0
2010,0, 275, False, 0
2011,0, 275, False, 0
2012,0, 275, False, 0
2013,0, 275, False, 0
2014,0, 275, False, 0
2015,0, 275, False, 0
2016,0, 275, False, 0
2017,0, 275, False, 0
2018,0, 275, False, 0
2019,0, 275, False, 0
2020,0, 275, False, 0
2021,0, 275, False, 0
2022,0, 275, False, 1
2023,0, 275, False, 1
2024,0, 275, False, 1
2025,0, 275, False, 12
2026,0, 275, False, 12
2027,0, 275, False, 12
2028,0, 275, False, 12
2029,0, 275, False, 12
2030,0, 275, False, 12
2031,0, 275, False, 12
2032,0, 275, False, 12
2033,0, 275, False, 12
2034,0, 275, False, 12
2035,0, 275, False, 12
2036,0, 275, False, 4
2037,0, 275, False, 4
2038,0, 275, False, 4
2039,0, 275, False, 4
2040,0, 275, False, 4
2041,0, 275, False, 4
2042,0, 275, False, 4
2043,0, 275, False, 4
2044,0, 275, False, 4
2045,0, 275, False, 4
2046,0, 275, False, 4
2047,0, 275, False, 4
2048,0, 275, False, 12
2049,0, 275, False, 12
2050,0, 275, False, 12
2051,0, 275, False, 12
2052,0, 275, False, 12
2053,0, 275, False, 12
2054,0, 275, False, 12
2055,0, 275, False, 12
2056,0, 275, False, 12
2057,0, 275, False, 12
2058,0, 275, False, 12
2059,0, 275, False, 4
2060,0, 275, False, 4
2061,0, 275, False, 4
2062,0, 275, False, 4
2063,0, 275, False, 4
2064,0, 275, False, 0
2065,0, 275, False, 0
2066,0, 275, False, 1
2067,0, 275, False, 1
2068,0, 275, False, 1
2069,0, 275, False, 1
2070,0, 275, False, 1
2071,0, 275, False, 1
2072,0, 275, False, 1
2073,0, 275, False, 1
2074,0, 275, False, 1
2075,0, 275, False, 1
2076,0, 275, False, 1
2077,0, 275, False, 1
2078,0, 275, False, 0
2079,0, 275, False, 0
2080,0, 275, False, 0
2081,0, 275, False, 0
2082,0, 275, False, 0
2083,0, 275, False, 0
2084,0, 275, False, 0
2085,0, 275, False, 0
2086,0, 275, False, 0
2087,0, 275, False, 1
2088,0, 275, False, 1
2089,0, 275, False, 1
2090,0, 275, False, 1
2091,0, 275, False, 1
2092,0, 275, False, 1
2093,0, 275, False, 1
2094,0, 275, False, 1
2095,0, 275, False, 1
2096,0, 275, False, 11
2097,0, 275, False, 3
2098,0, 275, False, 3
2099,0, 275, False, 3
2100,0, 275, False, 3
2101,0, 275, False, 3
2102,0, 275, False, 3
2103,0, 275, False, 11
2104,0, 275, False, 11
2105,0, 275, False, 11
2106,0, 275, False, 11
2107,0, 275, False, 11
2108,0, 275, False, 11
2109,0, 275, False, 11
2110,0, 275, False, 11
2111,0, 275, False, 11
2112,0, 275, False, 11
2113,0, 275, False, 11
2114,0, 275, False, 11
2115,0, 275, False, 11
2116,0, 275, False, 11
2117,0, 275, False, 3
2118,0, 275, False, 3
2119,0, 275, False, 3
2120,0, 275, False, 3
2121,0, 275, False, 3
2122,0, 275, False, 3
2123,0, 275, False, 11
2124,0, 275, False, 11
2125,0, 275, False, 11
2126,0, 275, False, 11
2127,0, 275, False, 11
2128,0, 275, False, 11
2129,0, 275, False, 11
2130,0, 275, False, 11
2131,0, 275, False, 11
2132,0, 275, False, 11
2133,0, 275, False, 11
2134,0, 275, False, 11
2135,0, 275, False, 3
2136,0, 275, False, 3
2137,0, 275, False, 3
2138,0, 275, False, 3
2139,0, 275, False, 3
2140,0, 275, False, 3
2141,0, 275, False, 3
2142,0, 275, False, 3
2143,0, 275, False, 11
2144,0, 275, False, 11
2145,0, 275, False, 11
2146,0, 275, False, 11
2147,0, 275, False, 11
2148,0, 275, False, 11
2149,0, 275, False, 1
2150,25, 300, False, 1
2151,0, 300, False, 1
2152,0, 300, False, 1
2153,0, 300, False, 0
2154,0, 300, False, 0
2155,0, 300, False, 0
2156,0, 300, False, 0
2157,0, 300, False, 0
2158,0, 300, False, 0
2159,0, 300, False, 0
2160,0, 300, False, 1
2161,0, 300, False, 1
2162,0, 300, False, 1
2163,0, 300, False, 1
2164,0, 300, False, 1
2165,0, 300, False, 1
2166,0, 300, False, 1
2167,0, 300, False, 1
2168,0, 300, False, 1
2169,0, 300, False, 1
2170,0, 300, False, 1
2171,0, 300, False, 0
2172,0, 300, False, 0
2173,0, 300, False, 0
2174,0, 300, False, 0
2175,0, 300, False, 0
2176,0, 300, False, 0
2177,0, 300, False, 1
2178,0, 300, False, 1
2179,0, 300, False, 1
2180,0, 300, False, 1
2181,0, 300, False, 1
2182,20, 320, False, 1
2183,0, 320, False, 1
2184,0, 320, False, 1
2185,0, 320, False, 1
2186,0, 320, False, 1
2187,0, 320, False, 1
2188,0, 320, False, 1
2189,0, 320, False, 0
2190,0, 320, False, 0
2191,0, 320, False, 0
2192,0, 320, False, 0
2193,0, 320, False, 1
2194,0, 320, False, 1
2195,0, 320, False, 1
2196,0, 320, False, 1
2197,0, 320, False, 1
2198,0, 320, False, 1
2199,0, 320, False, 1
2200,0, 320, False, 1
2201,0, 320, False, 0
2202,0, 320, False, 0
2203,0, 320, False, 0
2204,0, 320, False, 0
2205,0, 320, False, 0
2206,0, 320, False, 0
2207,0, 320, False, 0
2208,0, 320, False, 1
2209,0, 320, False, 1
2210,0, 320, False, 1
2211,0, 320, False, 1
2212,0, 320, False, 1
2213,0, 320, False, 0
2214,0, 320, False, 0
2215,0, 320, False, 0
2216,0, 320, False, 0
2217,0, 320, False, 0
2218,0, 320, False, 0
2219,0, 320, False, 0
2220,0, 320, False, 0
2221,0, 320, False, 1
2222,0, 320, False, 1
2223,0, 320, False, 1
2224,0, 320, False, 1
2225,0, 320, False, 1
2226,25, 345, False, 1
2227,0, 345, False, 1
2228,0, 345, False, 1
2229,0, 345, False, 1
2230,0, 345, False, 1
2231,0, 345, False, 0
2232,0, 345, False, 0
2233,0, 345, False, 0
2234,0, 345, False, 0
2235,0, 345, False, 0
2236,0, 345, False, 0
2237,0, 345, False, 0
2238,0, 345, False, 1
2239,0, 345, False, 1
2240,0, 345, False, 1
2241,0, 345, False, 1
2242,0, 345, False, 1
2243,0, 345, False, 1
2244,0, 345, False, 1
2245,0, 345, False, 1
2246,0, 345, False, 1
2247,0, 345, False, 1
2248,0, 345, False, 1
2249,0, 345, False, 0
2250,0, 345, False, 0
2251,0, 345, False, 0
2252,0, 345, False, 0
2253,0, 345, False, 1
2254,0, 345, False, 1
2255,0, 345, False, 1
2256,0, 345, False, 1
2257,0, 345, False, 1
2258,0, 345, False, 1
2259,0, 345, False, 1
2260,0, 345, False, 1
2261,0, 345, False, 1
2262,0, 345, False, 1
2263,0, 345, False, 1
2264,0, 345, False, 1
2265,0, 345, False, 1
2266,0, 345, False, 0
2267,0, 345, False, 0
2268,0, 345, False, 0
2269,0, 345, False, 0
2270,0, 345, False, 4
2271,0, 345, False, 4
2272,0, 345, False, 4
2273,0, 345, False, 4
2274,0, 345, False, 4
2275,0, 345, False, 4
2276,0, 345, False, 4
2277,0, 345, False, 4
2278,0, 345, False, 4
2279,0, 345, False, 4
2280,0, 345, False, 4
2281,0, 345, False, 4
2282,0, 345, False, 4
2283,0, 345, False, 4
2284,0, 345, False, 4
2285,0, 345, False, 4
2286,0, 345, False, 4
2287,0, 345, False, 4
2288,0, 345, False, 4
2289,0, 345, False, 4
2290,0, 345, False, 4
2291,0, 345, False, 4
2292,0, 345, False, 4
2293,0, 345, False, 4
2294,0, 345, False, 4
2295,0, 345, False, 4
2296,0, 345, False, 4
2297,0, 345, False, 4
2298,0, 345, False, 4
2299,0, 345, False, 4
2300,0, 345, False, 4
2301,0, 345, False, 4
2302,0, 345, False, 4
2303,0, 345, False, 4
2304,0, 345, False, 4
2305,0, 345, False, 4
2306,0, 345, False, 4
2307,0, 345, False, 4
2308,0, 345, False, 4
2309,0, 345, False, 4
2310,0, 345, False, 4
2311,0, 345, False, 4
2312,0, 345, False, 4
2313,0, 345, False, 4
2314,0, 345, False, 4
2315,0, 345, False, 4
2316,0, 345, False, 4
2317,0, 345, False, 4
2318,0, 345, False, 4
2319,0, 345, False, 4
2320,0, 345, False, 4
2321,0, 345, False, 4
2322,0, 345, False, 12
2323,0, 345, False, 12
2324,0, 345, False, 12
2325,0, 345, False, 12
2326,0, 345, False, 12
2327,0, 345, False, 12
2328,0, 345, False, 12
2329,0, 345, False, 12
2330,0, 345, False, 12
2331,0, 345, False, 12
2332,0, 345, False, 0
2333,0, 345, False, 0
2334,0, 345, False, 0
2335,0, 345, False, 0
2336,0, 345, False, 0
2337,0, 345, False, 0
2338,0, 345, False, 0
2339,0, 345, False, 1
2340,0, 345, False, 1
2341,0, 345, False, 1
2342,0, 345, False, 1
2343,0, 345, False, 1
2344,0, 345, False, 1
2345,0, 345, False, 1
2346,0, 345, False, 1
2347,0, 345, False, 1
2348,0, 345, False, 0
2349,0, 345, False, 0
2350,0, 345, False, 0
2351,0, 345, False, 0
2352,0, 345, False, 0
2353,0, 345, False, 0
2354,0, 345, False, 0
2355,0, 345, False, 1
2356,0, 345, False, 1
2357,0, 345, False, 1
2358,0, 345, False, 1
2359,0, 345, False, 1
2360,0, 345, False, 1
2361,0, 345, False, 1
2362,0, 345, False, 1
2363,0, 345, False, 1
2364,0, 345, False, 1
2365,0, 345, False, 1
2366,0, 345, False, 1
2367,0, 345, False, 0
2368,0, 345, False, 0
2369,0, 345, False, 0
2370,0, 345, False, 4
2371,0, 345, False, 4
2372,0, 345, False, 4
2373,0, 345, False, 4
2374,0, 345, False, 4
2375,0, 345, False, 4
2376,0, 345, False, 4
2377,0, 345, False, 4
2378,0, 345, False, 4
2379,0, 345, False, 4
2380,0, 345, False, 4
2381,0, 345, False, 4
2382,0, 345, False, 4
2383,0, 345, False, 4
2384,0, 345, False, 4
2385,0, 345, False, 4
2386,0, 345, False, 4
2387,0, 345, False, 4
2388,0, 345, False, 4
2389,0, 345, False, 4
2390,0, 345, False, 4
2391,0, 345, False, 4
2392,0, 345, False, 4
2393,0, 345, False, 4
2394,0, 345, False, 4
2395,0, 345, False, 4
2396,0, 345, False, 4
2397,0, 345, False, 4
2398,0, 345, False, 4
2399,0, 345, False, 4
2400,0, 345, False, 4
2401,0, 345, False, 4
2402,0, 345, False, 4
2403,0, 345, False, 4
2404,0, 345, False, 4
2405,0, 345, False, 4
2406,0, 345, False, 4
2407,0, 345, False, 4
2408,0, 345, False, 4
2409,0, 345, False, 12
2410,0, 345, False, 12
2411,0, 345, False, 12
2412,0, 345, False, 12
2413,0, 345, False, 12
2414,0, 345, False, 1
2415,0, 345, False, 1
2416,0, 345, False, 1
2417,0, 345, False, 1
2418,0, 345, False, 1
2419,0, 345, False, 1
2420,0, 345, False, 1
2421,0, 345, False, 0
2422,0, 345, False, 0
2423,0, 345, False, 0
2424,0, 345, False, 0
2425,0, 345, False, 0
2426,0, 345, False, 0
2427,0, 345, False, 0
2428,0, 345, False, 1
2429,0, 345, False, 1
2430,0, 345, False, 1
2431,0, 345, False, 1
2432,0, 345, False, 1
2433,0, 345, False, 1
2434,0, 345, False, 1
2435,0, 345, False, 1
2436,0, 345, False, 1
2437,0, 345, False, 1
2438,0, 345, False, 1
2439,0, 345, False, 0
2440,0, 345, False, 0
2441,0, 345, False, 0
2442,0, 345, False, 0
2443,0, 345, False, 0
2444,0, 345, False, 0
2445,0, 345, False, 0
2446,0, 345, False, 1
2447,0, 345, False, 1
2448,0, 345, False, 1
2449,0, 345, False, 1
2450,0, 345, False, 1
2451,0, 345, False, 1
2452,0, 345, False, 1
2453,0, 345, False, 1
2454,0, 345, False, 1
2455,0, 345, False, 1
2456,0, 345, False, 1
2457,0, 345, False, 1
2458,0, 345, False, 1
2459,0, 345, False, 0
2460,0, 345, False, 0
2461,0, 345, False, 0
2462,0, 345, False, 0
2463,0, 345, False, 4
2464,0, 345, False, 4
2465,0, 345, False, 4
2466,0, 345, False, 0
2467,0, 345, False, 3
2468,0, 345, False, 3
2469,0, 345, False, 3
2470,0, 345, False, 3
2471,0, 345, False, 3
2472,0, 345, False, 3
2473,0, 345, False, 3
2474,0, 345, False, 3
2475,0, 345, False, 3
2476,0, 345, False, 3
2477,0, 345, False, 3
2478,0, 345, False, 3
2479,0, 345, False, 3
2480,0, 345, False, 3
2481,0, 345, False, 3
2482,0, 345, False, 3
2483,0, 345, False, 3
2484,0, 345, False, 3
2485,0, 345, False, 0
2486,0, 345, False, 0
2487,0, 345, False, 0
2488,0, 345, False, 0
2489,0, 345, False, 0
2490,0, 345, False, 0
2491,0, 345, False, 0
2492,0, 345, False, 0
2493,0, 345, False, 0
2494,0, 345, False, 0
2495,0, 345, False, 0
2496,0, 345, False, 0
2497,0, 345, False, 0
2498,0, 345, False, 0
2499,0, 345, False, 0
2500,0, 345, False, 0
2501,0, 345, False, 0
2502,0, 345, False, 0
2503,0, 345, False, 0
2504,0, 345, False, 0
2505,0, 345, False, 0
2506,0, 345, False, 0
2507,0, 345, False, 0
2508,0, 345, False, 0
2509,0, 345, False, 12
2510,0, 345, False, 12
2511,0, 345, False, 12
2512,0, 345, False, 12
2513,0, 345, False, 12
2514,0, 345, False, 12
2515,0, 345, False, 12
2516,0, 345, False, 12
2517,0, 345, False, 12
2518,0, 345, False, 12
2519,0, 345, False, 12
2520,0, 345, False, 0
2521,0, 345, False, 0
2522,0, 345, False, 0
2523,0, 345, False, 0
2524,0, 345, False, 0
2525,0, 345, False, 0
2526,0, 345, False, 0
2527,0, 345, False, 1
2528,0, 345, False, 1
2529,0, 345, False, 1
2530,0, 345, False, 1
2531,0, 345, False, 1
2532,0, 345, False, 1
2533,0, 345, False, 1
2534,0, 345, False, 1
2535,0, 345, False, 1
2536,0, 345, False, 1
2537,0, 345, False, 1
2538,0, 345, False, 0
2539,0, 345, False, 0
2540,0, 345, False, 0
2541,0, 345, False, 0
2542,0, 345, False, 0
2543,0, 345, False, 0
2544,0, 345, False, 0
2545,0, 345, False, 0
2546,20, 365, False, 0
2547,0, 365, False, 0
2548,0, 365, False, 0
2549,0, 365, False, 1
2550,0, 365, False, 1
2551,0, 365, False, 1
2552,0, 365, False, 1
2553,0, 365, False, 1
2554,0, 365, False, 1
2555,0, 365, False, 1
2556,0, 365, False, 1
2557,0, 365, False, 1
2558,0, 365, False, 1
2559,0, 365, False, 1
2560,0, 365, False, 0
2561,0, 365, False, 0
2562,0, 365, False, 0
2563,0, 365, False, 0
2564,0, 365, False, 0
2565,0, 365, False, 0
2566,0, 365, False, 0
2567,0, 365, False, 0
2568,0, 365, False, 1
2569,0, 365, False, 1
2570,0, 365, False, 1
2571,0, 365, False, 1
2572,0, 365, False, 1
2573,0, 365, False, 1
2574,0, 365, False, 1
2575,0, 365, False, 1
2576,0, 365, False, 1
2577,0, 365, False, 1
2578,0, 365, False, 0
2579,0, 365, False, 0
2580,0, 365, False, 0
2581,0, 365, False, 0
2582,0, 365, False, 0
2583,0, 365, False, 0
2584,0, 365, False, 0
2585,0, 365, False, 0
2586,0, 365, False, 1
2587,0, 365, False, 1
2588,0, 365, False, 1
2589,0, 365, False, 1
2590,0, 365, False, 1
2591,0, 365, False, 1
2592,0, 365, False, 1
2593,0, 365, False, 1
2594,0, 365, False, 1
2595,0, 365, False, 1
2596,0, 365, False, 0
2597,0, 365, False, 0
2598,0, 365, False, 4
2599,0, 365, False, 4
2600,0, 365, False, 4
2601,0, 365, False, 4
2602,0, 365, False, 4
2603,0, 365, False, 4
2604,0, 365, False, 4
2605,0, 365, False, 4
2606,0, 365, False, 4
2607,0, 365, False, 4
2608,0, 365, False, 4
2609,0, 365, False, 4
2610,0, 365, False, 4
2611,0, 365, False, 4
2612,0, 365, False, 4
2613,0, 365, False, 4
2614,0, 365, False, 4
2615,0, 365, False, 4
2616,0, 365, False, 4
2617,0, 365, False, 4
2618,0, 365, False, 4
2619,0, 365, False, 4
2620,0, 365, False, 12
2621,0, 365, False, 12
2622,0, 365, False, 12
2623,0, 365, False, 12
2624,0, 365, False, 12
2625,0, 365, False, 12
2626,0, 365, False, 12
2627,0, 365, False, 12
2628,0, 365, False, 12
2629,0, 365, False, 12
2630,0, 365, False, 12
2631,0, 365, False, 12
2632,0, 365, False, 12
2633,0, 365, False, 4
2634,0, 365, False, 4
2635,0, 365, False, 0
2636,0, 365, False, 0
2637,0, 365, False, 0
2638,0, 365, False, 0
2639,0, 365, False, 1
2640,0, 365, False, 1
2641,0, 365, False, 1
2642,0, 365, False, 1
2643,0, 365, False, 1
2644,0, 365, False, 1
2645,0, 365, False, 1
2646,0, 365, False, 1
2647,0, 365, False, 1
2648,0, 365, False, 1
2649,0, 365, False, 0
2650,0, 365, False, 0
2651,0, 365, False, 0
2652,0, 365, False, 0
2653,0, 365, False, 0
2654,0, 365, False, 0
2655,0, 365, False, 0
2656,0, 365, False, 0
2657,0, 365, False, 0
2658,0, 365, False, 0
2659,0, 365, False, 0
2660,0, 365, False, 0
2661,0, 365, False, 0
2662,0, 365, False, 0
2663,0, 365, False, 0
2664,0, 365, False, 0
2665,0, 365, False, 0
2666,0, 365, False, 0
2667,0, 365, False, 0
2668,0, 365, False, 0
2669,0, 365, False, 0
2670,0, 365, False, 4
2671,0, 365, False, 4
2672,0, 365, False, 4
2673,0, 365, False, 4
2674,0, 365, False, 4
2675,0, 365, False, 4
2676,0, 365, False, 4
2677,0, 365, False, 4
2678,0, 365, False, 4
2679,0, 365, False, 4
2680,0, 365, False, 4
2681,0, 365, False, 4
2682,0, 365, False, 12
2683,0, 365, False, 12
2684,0, 365, False, 12
2685,0, 365, False, 12
2686,0, 365, False, 12
2687,0, 365, False, 12
2688,0, 365, False, 12
2689,0, 365, False, 12
2690,0, 365, False, 12
2691,0, 365, False, 12
2692,0, 365, False, 12
2693,0, 365, False, 12
2694,0, 365, False, 12
2695,0, 365, False, 12
2696,0, 365, False, 4
2697,0, 365, False, 4
2698,0, 365, False, 4
2699,0, 365, False, 4
2700,0, 365, False, 4
2701,0, 365, False, 4
2702,0, 365, False, 4
2703,0, 365, False, 4
2704,0, 365, False, 4
2705,0, 365, False, 12
2706,0, 365, False, 12
2707,0, 365, False, 12
2708,0, 365, False, 12
2709,0, 365, False, 12
2710,0, 365, False, 1
2711,0, 365, False, 1
2712,0, 365, False, 1
2713,0, 365, False, 1
2714,0, 365, False, 0
2715,0, 365, False, 0
2716,0, 365, False, 0
2717,0, 365, False, 0
2718,0, 365, False, 0
2719,0, 365, False, 0
2720,0, 365, False, 0
2721,0, 365, False, 0
2722,0, 365, False, 0
2723,0, 365, False, 0
2724,0, 365, False, 0
2725,0, 365, False, 0
2726,0, 365, False, 0
2727,0, 365, False, 4
2728,0, 365, False, 4
2729,0, 365, False, 4
2730,0, 365, False, 4
2731,0, 365, False, 4
2732,0, 365, False, 4
2733,0, 365, False, 4
2734,0, 365, False, 4
2735,0, 365, False, 4
2736,0, 365, False, 4
2737,0, 365, False, 4
2738,0, 365, False, 4
2739,0, 365, False, 12
2740,0, 365, False, 12
2741,0, 365, False, 1
2742,0, 365, False, 1
2743,0, 365, False, 1
2744,0, 365, False, 1
2745,0, 365, False, 1
2746,0, 365, False, 1
2747,0, 365, False, 1
2748,0, 365, False, 1
2749,0, 365, False, 1
2750,0, 365, False, 0
2751,0, 365, False, 0
2752,0, 365, False, 0
2753,0, 365, False, 0
2754,0, 365, False, 0
2755,0, 365, False, 0
2756,0, 365, False, 1
2757,0, 365, False, 1
2758,0, 365, False, 1
2759,0, 365, False, 1
2760,0, 365, False, 1
2761,0, 365, False, 1
2762,20, 385, False, 1
2763,0, 385, False, 1
2764,0, 385, False, 1
2765,0, 385, False, 1
2766,0, 385, False, 1
2767,0, 385, False, 0
2768,0, 385, False, 0
2769,0, 385, False, 0
2770,0, 385, False, 0
2771,0, 385, False, 0
2772,0, 385, False, 1
2773,0, 385, False, 1
2774,0, 385, False, 1
2775,0, 385, False, 1
2776,0, 385, False, 1
2777,0, 385, False, 1
2778,0, 385, False, 11
2779,0, 385, False, 11
2780,0, 385, False, 11
2781,0, 385, False, 11
2782,0, 385, False, 3
2783,0, 385, False, 3
2784,0, 385, False, 3
2785,0, 385, False, 3
2786,0, 385, False, 3
2787,0, 385, False, 3
2788,0, 385, False, 3
2789,0, 385, False, 3
2790,0, 385, False, 3
2791,0, 385, False, 3
2792,0, 385, False, 3
2793,0, 385, False, 3
2794,25, 410, False, 3
2795,0, 410, False, 3
2796,0, 410, False, 3
2797,0, 410, False, 3
2798,0, 410, False, 3
2799,0, 410, False, 3
2800,0, 410, False, 3
2801,0, 410, False, 3
2802,0, 410, False, 3
2803,0, 410, False, 3
2804,0, 410, False, 0
2805,0, 410, False, 0
2806,0, 410, False, 0
2807,0, 410, False, 0
2808,0, 410, False, 0
2809,0, 410, False, 0
2810,0, 410, False, 0
2811,0, 410, False, 0
2812,0, 410, False, 4
2813,0, 410, False, 4
2814,0, 410, False, 4
2815,0, 410, False, 4
2816,0, 410, False, 4
2817,0, 410, False, 4
2818,0, 410, False, 4
2819,0, 410, False, 4
2820,0, 410, False, 4
2821,0, 410, False, 4
2822,0, 410, False, 4
2823,0, 410, False, 4
2824,0, 410, False, 4
2825,0, 410, False, 4
2826,0, 410, False, 4
2827,0, 410, False, 4
2828,0, 410, False, 4
2829,0, 410, False, 4
2830,0, 410, False, 4
2831,0, 410, False, 4
2832,0, 410, False, 4
2833,0, 410, False, 4
2834,0, 410, False, 0
2835,0, 410, False, 0
2836,0, 410, False, 0
2837,0, 410, False, 1
2838,0, 410, False, 1
2839,0, 410, False, 1
2840,0, 410, False, 1
2841,0, 410, False, 1
2842,0, 410, False, 1
2843,0, 410, False, 1
2844,0, 410, False, 1
2845,0, 410, False, 1
2846,0, 410, False, 1
2847,0, 410, False, 0
2848,0, 410, False, 0
2849,0, 410, False, 0
2850,0, 410, False, 0
2851,0, 410, False, 0
2852,0, 410, False, 0
2853,0, 410, False, 0
2854,0, 410, False, 0
2855,0, 410, False, 0
2856,0, 410, False, 0
2857,0, 410, False, 11
2858,0, 410, False, 11
2859,0, 410, False, 11
2860,0, 410, False, 11
2861,0, 410, False, 11
2862,0, 410, False, 11
2863,0, 410, False, 11
2864,0, 410, False, 11
2865,0, 410, False, 11
2866,0, 410, False, 11
2867,0, 410, False, 11
2868,0, 410, False, 3
2869,0, 410, False, 3
2870,0, 410, False, 3
2871,0, 410, False, 3
2872,0, 410, False, 3
2873,0, 410, False, 3
2874,0, 410, False, 3
2875,0, 410, False, 3
2876,0, 410, False, 3
2877,0, 410, False, 3
2878,0, 410, False, 3
2879,0, 410, False, 3
2880,0, 410, False, 3
2881,0, 410, False, 3
2882,0, 410, False, 3
2883,0, 410, False, 3
2884,0, 410, False, 0
2885,0, 410, False, 0
2886,0, 410, False, 0
2887,0, 410, False, 0
2888,0, 410, False, 0
2889,0, 410, False, 0
2890,0, 410, False, 0
2891,0, 410, False, 0
2892,0, 410, False, 0
2893,0, 410, False, 0
2894,0, 410, False, 0
2895,0, 410, False, 0
2896,0, 410, False, 0
2897,0, 410, False, 0
2898,0, 410, False, 0
2899,0, 410, False, 0
2900,0, 410, False, 0
2901,0, 410, False, 0
2902,0, 410, False, 0
2903,0, 410, False, 0
2904,0, 410, False, 0
2905,0, 410, False, 0
2906,0, 410, False, 0
2907,0, 410, False, 0
2908,0, 410, False, 0
2909,0, 410, False, 0
2910,0, 410, False, 0
2911,0, 410, False, 0
2912,0, 410, False, 0
2913,0, 410, False, 0
2914,0, 410, False, 3
2915,0, 410, False, 3
2916,0, 410, False, 3
2917,0, 410, False, 3
2918,0, 410, False, 3
2919,0, 410, False, 3
2920,0, 410, False, 3
2921,0, 410, False, 3
2922,0, 410, False, 3
2923,0, 410, False, 11
2924,0, 410, False, 11
2925,0, 410, False, 11
2926,0, 410, False, 11
2927,0, 410, False, 11
2928,0, 410, False, 11
2929,0, 410, False, 11
2930,0, 410, False, 11
2931,0, 410, False, 11
2932,0, 410, False, 11
2933,0, 410, False, 11
2934,0, 410, False, 11
2935,0, 410, False, 3
2936,0, 410, False, 3
2937,0, 410, False, 3
2938,0, 410, False, 3
2939,0, 410, False, 3
2940,0, 410, False, 3
2941,0, 410, False, 3
2942,0, 410, False, 11
2943,0, 410, False, 11
2944,0, 410, False, 11
2945,0, 410, False, 11
2946,0, 410, False, 11
2947,0, 410, False, 11
2948,0, 410, False, 11
2949,0, 410, False, 11
2950,0, 410, False, 11
2951,0, 410, False, 11
2952,0, 410, False, 3
2953,0, 410, False, 3
2954,0, 410, False, 3
2955,0, 410, False, 3
2956,0, 410, False, 3
2957,0, 410, False, 3
2958,0, 410, False, 11
2959,0, 410, False, 11
2960,0, 410, False, 11
2961,0, 410, False, 11
2962,0, 410, False, 11
2963,0, 410, False, 11
2964,0, 410, False, 11
2965,0, 410, False, 11
2966,0, 410, False, 11
2967,0, 410, False, 11
2968,0, 410, False, 0
2969,0, 410, False, 0
2970,0, 410, False, 0
2971,0, 410, False, 0
2972,0, 410, False, 0
2973,0, 410, False, 0
2974,0, 410, False, 0
2975,0, 410, False, 0
2976,0, 410, False, 0
2977,0, 410, False, 0
2978,0, 410, False, 0
2979,0, 410, False, 0
2980,0, 410, False, 0
2981,0, 410, False, 0
2982,0, 410, False, 0
2983,0, 410, False, 0
2984,0, 410, False, 0
2985,0, 410, False, 0
2986,0, 410, False, 4
2987,0, 410, False, 4
2988,0, 410, False, 4
2989,0, 410, False, 4
2990,0, 410, False, 4
2991,0, 410, False, 4
2992,0, 410, False, 4
2993,0, 410, False, 4
2994,0, 410, False, 4
2995,0, 410, False, 4
2996,0, 410, False, 4
2997,0, 410, False, 4
2998,0, 410, False, 4
2999,0, 410, False, 4
3000,0, 410, False, 4
3001,0, 410, False, 4
3002,0, 410, False, 4
3003,0, 410, False, 4
3004,0, 410, False, 4
3005,0, 410, False, 4
3006,0, 410, False, 4
3007,0, 410, False, 4
3008,0, 410, False, 4
3009,0, 410, False, 12
3010,0, 410, False, 12
3011,0, 410, False, 12
3012,0, 410, False, 1
3013,0, 410, False, 1
3014,0, 410, False, 1
3015,0, 410, False, 1
3016,0, 410, False, 1
3017,0, 410, False, 1
3018,0, 410, False, 1
3019,0, 410, False, 1
3020,0, 410, False, 0
3021,0, 410, False, 0
3022,0, 410, False, 0
3023,0, 410, False, 1
3024,0, 410, False, 1
3025,0, 410, False, 1
3026,0, 410, False, 1
3027,0, 410, False, 0
3028,0, 410, False, 0
3029,0, 410, False, 0
3030,0, 410, False, 0
3031,0, 410, False, 0
3032,0, 410, False, 0
3033,0, 410, False, 1
3034,0, 410, False, 1
3035,0, 410, False, 1
3036,0, 410, False, 1
3037,0, 410, False, 1
3038,0, 410, False, 0
3039,0, 410, False, 0
3040,0, 410, False, 0
3041,0, 410, False, 1
3042,0, 410, False, 1
3043,0, 410, False, 1
3044,0, 410, False, 1
3045,0, 410, False, 1
3046,0, 410, False, 1
3047,0, 410, False, 0
3048,0, 410, False, 0
3049,0, 410, False, 0
3050,0, 410, False, 3
3051,0, 410, False, 3
3052,0, 410, False, 3
3053,0, 410, False, 3
3054,0, 410, False, 3
3055,0, 410, False, 3
3056,0, 410, False, 3
3057,0, 410, False, 3
3058,0, 410, False, 0
3059,0, 410, False, 0
3060,0, 410, False, 1
3061,0, 410, False, 1
3062,0, 410, False, 1
3063,0, 410, False, 1
3064,0, 410, False, 1
3065,0, 410, False, 1
3066,0, 410, False, 1
3067,0, 410, False, 1
3068,0, 410, False, 1
3069,0, 410, False, 1
3070,0, 410, False, 1
3071,0, 410, False, 0
3072,0, 410, False, 0
3073,0, 410, False, 0
3074,0, 410, False, 0
3075,0, 410, False, 0
3076,0, 410, False, 0
3077,0, 410, False, 0
3078,0, 410, False, 1
3079,0, 410, False, 1
3080,0, 410, False, 1
3081,0, 410, False, 1
3082,0, 410, False, 1
3083,0, 410, False, 1
3084,0, 410, False, 1
3085,0, 410, False, 1
3086,0, 410, False, 1
3087,0, 410, False, 1
3088,0, 410, False, 1
3089,0, 410, False, 1
3090,0, 410, False, 0
3091,0, 410, False, 4
3092,0, 410, False, 4
3093,0, 410, False, 4
3094,0, 410, False, 4
3095,0, 410, False, 4
3096,0, 410, False, 4
3097,0, 410, False, 4
3098,0, 410, False, 4
3099,0, 410, False, 4
3100,0, 410, False, 4
3101,0, 410, False, 4
3102,0, 410, False, 4
3103,0, 410, False, 4
3104,0, 410, False, 4
3105,0, 410, False, 4
3106,0, 410, False, 4
3107,0, 410, False, 4
3108,0, 410, False, 4
3109,0, 410, False, 12
3110,0, 410, False, 12
3111,0, 410, False, 12
3112,0, 410, False, 12
3113,0, 410, False, 12
3114,0, 410, False, 12
3115,0, 410, False, 12
3116,0, 410, False, 12
3117,0, 410, False, 12
3118,0, 410, False, 12
3119,0, 410, False, 12
3120,0, 410, False, 12
3121,0, 410, False, 1
3122,0, 410, False, 1
3123,0, 410, False, 0
3124,0, 410, False, 0
3125,0, 410, False, 0
3126,0, 410, False, 1
3127,0, 410, False, 1
3128,0, 410, False, 1
3129,0, 410, False, 1
3130,0, 410, False, 1
3131,0, 410, False, 1
3132,0, 410, False, 1
3133,0, 410, False, 1
3134,0, 410, False, 1
3135,0, 410, False, 1
3136,0, 410, False, 1
3137,0, 410, False, 1
3138,0, 410, False, 1
3139,0, 410, False, 0
3140,0, 410, False, 0
3141,0, 410, False, 0
3142,0, 410, False, 0
3143,0, 410, False, 0
3144,30, 440, False, 0
3145,0, 440, False, 1
3146,0, 440, False, 1
3147,0, 440, False, 1
3148,0, 440, False, 1
3149,0, 440, False, 1
3150,0, 440, False, 1
3151,0, 440, False, 1
3152,0, 440, False, 1
3153,0, 440, False, 1
3154,0, 440, False, 1
3155,0, 440, False, 1
3156,0, 440, False, 1
3157,0, 440, False, 0
3158,0, 440, False, 0
3159,0, 440, False, 0
3160,0, 440, False, 3
3161,0, 440, False, 3
3162,0, 440, False, 3
3163,0, 440, False, 3
3164,0, 440, False, 3
3165,0, 440, False, 3
3166,0, 440, False, 3
3167,0, 440, False, 3
3168,0, 440, False, 3
3169,0, 440, False, 0
3170,25, 465, False, 0
3171,0, 465, False, 0
3172,0, 465, False, 1
3173,0, 465, False, 1
3174,0, 465, False, 1
3175,0, 465, False, 1
3176,0, 465, False, 1
3177,0, 465, False, 1
3178,0, 465, False, 1
3179,0, 465, False, 1
3180,0, 465, False, 1
3181,0, 465, False, 1
3182,0, 465, False, 1
3183,0, 465, False, 1
3184,0, 465, False, 1
3185,0, 465, False, 1
3186,0, 465, False, 0
3187,0, 465, False, 0
3188,0, 465, False, 0
3189,0, 465, False, 0
3190,0, 465, False, 0
3191,0, 465, False, 1
3192,0, 465, False, 1
3193,0, 465, False, 1
3194,0, 465, False, 1
3195,0, 465, False, 1
3196,0, 465, False, 12
3197,0, 465, False, 12
3198,0, 465, False, 12
3199,0, 465, False, 12
3200,0, 465, False, 12
3201,0, 465, False, 12
3202,0, 465, False, 12
3203,0, 465, False, 12
3204,0, 465, False, 4
3205,0, 465, False, 4
3206,0, 465, False, 4
3207,0, 465, False, 4
3208,0, 465, False, 4
3209,0, 465, False, 4
3210,0, 465, False, 4
3211,0, 465, False, 4
3212,0, 465, False, 4
3213,0, 465, False, 4
3214,0, 465, False, 4
3215,0, 465, False, 4
3216,0, 465, False, 4
3217,0, 465, False, 4
3218,0, 465, False, 4
3219,0, 465, False, 4
3220,0, 465, False, 4
3221,0, 465, False, 4
3222,0, 465, False, 1
3223,0, 465, False, 1
3224,0, 465, False, 1
3225,0, 465, False, 1
3226,0, 465, False, 1
3227,0, 465, False, 1
3228,0, 465, False, 1
3229,0, 465, False, 1
3230,0, 465, False, 1
3231,0, 465, False, 1
3232,0, 465, False, 1
3233,0, 465, False, 1
3234,0, 465, False, 1
3235,0, 465, False, 0
3236,0, 465, False, 0
3237,0, 465, False, 0
3238,0, 465, False, 0
3239,0, 465, False, 0
3240,0, 465, False, 0
3241,0, 465, False, 0
3242,0, 465, False, 0
3243,0, 465, False, 1
3244,0, 465, False, 1
3245,0, 465, False, 1
3246,0, 465, False, 1
3247,0, 465, False, 1
3248,0, 465, False, 1
3249,0, 465, False, 1
3250,0, 465, False, 1
3251,0, 465, False, 1
3252,0, 465, False, 1
3253,0, 465, False, 1
3254,0, 465, False, 1
3255,0, 465, False, 1
3256,0, 465, False, 0
3257,0, 465, False, 0
3258,0, 465, False, 0
3259,0, 465, False, 0
3260,0, 465, False, 0
3261,0, 465, False, 0
3262,0, 465, False, 1
3263,0, 465, False, 1
3264,0, 465, False, 1
3265,0, 465, False, 1
3266,0, 465, False, 1
3267,0, 465, False, 1
3268,0, 465, False, 1
3269,0, 465, False, 1
3270,0, 465, False, 1
3271,0, 465, False, 1
3272,0, 465, False, 1
3273,0, 465, False, 1
3274,0, 465, False, 1
3275,0, 465, False, 11
3276,0, 465, False, 3
3277,0, 465, False, 3
3278,0, 465, False, 3
3279,0, 465, False, 3
3280,0, 465, False, 3
3281,0, 465, False, 3
3282,0, 465, False, 3
3283,0, 465, False, 3
3284,0, 465, False, 11
3285,0, 465, False, 11
3286,0, 465, False, 11
3287,0, 465, False, 11
3288,0, 465, False, 11
3289,0, 465, False, 11
3290,0, 465, False, 11
3291,0, 465, False, 11
3292,0, 465, False, 11
3293,0, 465, False, 11
3294,30, 495, False, 3
3295,0, 495, False, 3
3296,0, 495, False, 3
3297,0, 495, False, 3
3298,0, 495, False, 3
3299,0, 495, False, 3
3300,0, 495, False, 3
3301,0, 495, False, 3
3302,0, 495, False, 3
3303,0, 495, False, 3
3304,0, 495, False, 11
3305,0, 495, False, 11
3306,0, 495, False, 11
3307,0, 495, False, 11
3308,0, 495, False, 11
3309,0, 495, False, 11
3310,0, 495, False, 11
3311,0, 495, False, 11
3312,0, 495, False, 11
3313,0, 495, False, 11
3314,0, 495, False, 11
3315,0, 495, False, 11
3316,0, 495, False, 11
3317,0, 495, False, 3
3318,0, 495, False, 3
3319,0, 495, False, 3
3320,0, 495, False, 3
3321,0, 495, False, 3
3322,0, 495, False, 3
3323,0, 495, False, 3
3324,0, 495, False, 3
3325,0, 495, False, 3
3326,0, 495, False, 3
3327,0, 495, False, 11
3328,0, 495, False, 11
3329,0, 495, False, 11
3330,0, 495, False, 11
3331,0, 495, False, 11
3332,0, 495, False, 11
3333,0, 495, False, 11
3334,0, 495, False, 11
3335,0, 495, False, 11
3336,0, 495, False, 11
3337,0, 495, False, 11
3338,0, 495, False, 11
3339,0, 495, False, 11
3340,0, 495, False, 3
3341,0, 495, False, 3
3342,0, 495, False, 3
3343,0, 495, False, 3
3344,0, 495, False, 3
3345,0, 495, False, 11
3346,0, 495, False, 11
3347,0, 495, False, 11
3348,0, 495, False, 11
3349,0, 495, False, 11
3350,0, 495, False, 11
3351,0, 495, False, 11
3352,0, 495, False, 11
3353,0, 495, False, 11
3354,0, 495, False, 11
3355,0, 495, False, 11
3356,0, 495, False, 11
3357,0, 495, False, 11
3358,0, 495, False, 11
3359,0, 495, False, 11
3360,0, 495, False, 3
3361,0, 495, False, 3
3362,0, 495, False, 3
3363,0, 495, False, 3
3364,0, 495, False, 0
3365,0, 495, False, 0
3366,0, 495, False, 0
3367,0, 495, False, 0
3368,0, 495, False, 1
3369,0, 495, False, 1
3370,0, 495, False, 1
3371,0, 495, False, 1
3372,0, 495, False, 1
3373,0, 495, False, 1
3374,0, 495, False, 12
3375,0, 495, False, 12
3376,0, 495, False, 12
3377,0, 495, False, 12
3378,0, 495, False, 12
3379,0, 495, False, 12
3380,0, 495, False, 12
3381,0, 495, False, 12
3382,0, 495, False, 4
3383,0, 495, False, 4
3384,0, 495, False, 4
3385,0, 495, False, 4
3386,0, 495, False, 4
3387,0, 495, False, 12
3388,0, 495, False, 12
3389,0, 495, False, 12
3390,0, 495, False, 12
3391,0, 495, False, 12
3392,0, 495, False, 12
3393,0, 495, False, 12
3394,0, 495, False, 12
3395,0, 495, False, 1
3396,0, 495, False, 1
3397,0, 495, False, 1
3398,0, 495, False, 1
3399,0, 495, False, 1
3400,0, 495, False, 0
3401,0, 495, False, 0
3402,0, 495, False, 0
3403,0, 495, False, 0
3404,0, 495, False, 0
3405,0, 495, False, 0
3406,0, 495, False, 0
3407,0, 495, False, 0
3408,0, 495, False, 3
3409,0, 495, False, 3
3410,0, 495, False, 3
3411,0, 495, False, 3
3412,0, 495, False, 0
3413,0, 495, False, 0
3414,0, 495, False, 0
3415,0, 495, False, 0
3416,0, 495, False, 0
3417,0, 495, False, 1
3418,0, 495, False, 1
3419,0, 495, False, 1
3420,0, 495, False, 1
3421,0, 495, False, 1
3422,0, 495, False, 1
3423,0, 495, False, 1
3424,0, 495, False, 1
3425,0, 495, False, 1
3426,0, 495, False, 1
3427,0, 495, False, 1
3428,0, 495, False, 1
3429,0, 495, False, 1
3430,0, 495, False, 0
3431,0, 495, False, 0
3432,0, 495, False, 0
3433,0, 495, False, 0
3434,0, 495, False, 0
3435,0, 495, False, 0
3436,0, 495, False, 0
3437,0, 495, False, 0
3438,0, 495, False, 0
3439,0, 495, False, 0
3440,0, 495, False, 1
3441,0, 495, False, 1
3442,0, 495, False, 1
3443,0, 495, False, 1
3444,0, 495, False, 1
3445,0, 495, False, 1
3446,0, 495, False, 12
3447,0, 495, False, 12
3448,0, 495, False, 12
3449,0, 495, False, 12
3450,0, 495, False, 12
3451,0, 495, False, 12
3452,0, 495, False, 4
3453,0, 495, False, 4
3454,0, 495, False, 4
3455,0, 495, False, 4
3456,0, 495, False, 4
3457,0, 495, False, 4
3458,0, 495, False, 4
3459,0, 495, False, 4
3460,0, 495, False, 12
3461,0, 495, False, 12
3462,0, 495, False, 12
3463,0, 495, False, 12
3464,0, 495, False, 12
3465,0, 495, False, 12
3466,0, 495, False, 12
3467,0, 495, False, 12
3468,0, 495, False, 12
3469,0, 495, False, 12
3470,0, 495, False, 12
3471,0, 495, False, 4
3472,0, 495, False, 4
3473,0, 495, False, 4
3474,0, 495, False, 0
3475,0, 495, False, 0
3476,0, 495, False, 0
3477,0, 495, False, 0
3478,0, 495, False, 1
3479,0, 495, False, 1
3480,0, 495, False, 1
3481,0, 495, False, 1
3482,0, 495, False, 1
3483,0, 495, False, 1
3484,0, 495, False, 1
3485,0, 495, False, 1
3486,20, 515, False, 1
3487,0, 515, False, 1
3488,0, 515, False, 1
3489,0, 515, False, 1
3490,0, 515, False, 0
3491,0, 515, False, 0
3492,0, 515, False, 0
3493,0, 515, False, 0
3494,0, 515, False, 0
3495,0, 515, False, 1
3496,0, 515, False, 1
3497,0, 515, False, 1
3498,0, 515, False, 1
3499,0, 515, False, 1
3500,0, 515, False, 1
3501,0, 515, False, 0
3502,0, 515, False, 0
3503,0, 515, False, 0
3504,0, 515, False, 0
3505,0, 515, False, 0
3506,0, 515, False, 4
3507,0, 515, False, 4
3508,0, 515, False, 4
3509,0, 515, False, 4
3510,0, 515, False, 4
3511,0, 515, False, 4
3512,0, 515, False, 4
3513,0, 515, False, 4
3514,0, 515, False, 0
3515,0, 515, False, 0
3516,0, 515, False, 0
3517,0, 515, False, 0
3518,0, 515, False, 3
3519,0, 515, False, 3
3520,0, 515, False, 3
3521,0, 515, False, 3
3522,0, 515, False, 3
3523,0, 515, False, 3
3524,0, 515, False, 3
3525,0, 515, False, 3
3526,0, 515, False, 3
3527,0, 515, False, 3
3528,0, 515, False, 3
3529,0, 515, False, 3
3530,0, 515, False, 3
3531,0, 515, False, 3
3532,0, 515, False, 3
3533,0, 515, False, 3
3534,0, 515, False, 3
3535,0, 515, False, 3
3536,0, 515, False, 3
3537,0, 515, False, 0
3538,0, 515, False, 0
3539,0, 515, False, 0
3540,0, 515, False, 1
3541,0, 515, False, 1
3542,0, 515, False, 1
3543,0, 515, False, 1
3544,0, 515, False, 1
3545,0, 515, False, 1
3546,0, 515, False, 1
3547,0, 515, False, 1
3548,0, 515, False, 1
3549,0, 515, False, 1
3550,0, 515, False, 1
3551,0, 515, False, 1
3552,0, 515, False, 0
3553,0, 515, False, 0
3554,0, 515, False, 0
3555,0, 515, False, 0
3556,0, 515, False, 0
3557,0, 515, False, 0
3558,0, 515, False, 0
3559,0, 515, False, 0
3560,0, 515, False, 1
3561,0, 515, False, 1
3562,0, 515, False, 1
3563,0, 515, False, 1
3564,0, 515, False, 1
3565,0, 515, False, 1
3566,0, 515, False, 1
3567,0, 515, False, 1
3568,0, 515, False, 1
3569,0, 515, False, 1
3570,0, 515, False, 1
3571,0, 515, False, 1
3572,0, 515, False, 1
3573,0, 515, False, 0
3574,0, 515, False, 0
3575,0, 515, False, 0
3576,0, 515, False, 0
3577,0, 515, False, 0
3578,0, 515, False, 0
3579,0, 515, False, 1
3580,0, 515, False, 1
3581,0, 515, False, 1
3582,0, 515, False, 1
3583,0, 515, False, 1
3584,0, 515, False, 1
3585,0, 515, False, 1
3586,0, 515, False, 1
3587,0, 515, False, 1
3588,0, 515, False, 0
3589,0, 515, False, 1
3590,0, 515, False, 1
3591,0, 515, False, 1
3592,0, 515, False, 1
3593,0, 515, False, 1
3594,0, 515, False, 1
3595,0, 515, False, 1
3596,0, 515, False, 1
3597,0, 515, False, 1
3598,0, 515, False, 1
3599,0, 515, False, 1
3600,0, 515, False, 1
3601,0, 515, False, 11
3602,0, 515, False, 3
3603,0, 515, False, 3
3604,0, 515, False, 3
3605,0, 515, False, 3
3606,0, 515, False, 3
3607,0, 515, False, 3
3608,0, 515, False, 3
3609,0, 515, False, 3
3610,0, 515, False, 0
3611,0, 515, False, 0
3612,0, 515, False, 0
3613,0, 515, False, 0
3614,0, 515, False, 4
3615,0, 515, False, 4
3616,0, 515, False, 4
3617,0, 515, False, 4
3618,0, 515, False, 4
3619,0, 515, False, 4
3620,0, 515, False, 4
3621,0, 515, False, 4
3622,0, 515, False, 4
3623,0, 515, False, 4
3624,0, 515, False, 4
3625,0, 515, False, 4
3626,0, 515, False, 4
3627,0, 515, False, 4
3628,0, 515, False, 4
3629,0, 515, False, 4
3630,0, 515, False, 4
3631,0, 515, False, 4
3632,0, 515, False, 4
3633,0, 515, False, 4
3634,0, 515, False, 4
3635,0, 515, False, 4
3636,0, 515, False, 4
3637,0, 515, False, 4
3638,0, 515, False, 4
3639,0, 515, False, 4
3640,0, 515, False, 4
3641,0, 515, False, 4
3642,0, 515, False, 4
3643,0, 515, False, 4
3644,0, 515, False, 4
3645,0, 515, False, 4
3646,0, 515, False, 4
3647,0, 515, False, 4
3648,0, 515, False, 4
3649,0, 515, False, 4
3650,0, 515, False, 4
3651,0, 515, False, 4
3652,0, 515, False, 4
3653,0, 515, False, 4
3654,0, 515, False, 4
3655,0, 515, False, 4
3656,0, 515, False, 4
3657,0, 515, False, 4
3658,0, 515, False, 4
3659,0, 515, False, 4
3660,0, 515, False, 4
3661,0, 515, False, 4
3662,0, 515, False, 4
3663,0, 515, False, 4
3664,0, 515, False, 4
3665,0, 515, False, 4
3666,0, 515, False, 1
3667,0, 515, False, 1
3668,0, 515, False, 1
3669,0, 515, False, 1
3670,0, 515, False, 1
3671,0, 515, False, 1
3672,0, 515, False, 1
3673,0, 515, False, 1
3674,0, 515, False, 1
3675,0, 515, False, 1
3676,0, 515, False, 1
3677,0, 515, False, 1
3678,0, 515, False, 0
3679,0, 515, False, 0
3680,25, 540, False, 0
3681,0, 540, False, 0
3682,0, 540, False, 0
3683,0, 540, False, 0
3684,0, 540, False, 1
3685,0, 540, False, 1
3686,0, 540, False, 1
3687,0, 540, False, 1
3688,0, 540, False, 1
3689,0, 540, False, 1
3690,0, 540, False, 1
3691,0, 540, False, 1
3692,0, 540, False, 1
3693,0, 540, False, 1
3694,0, 540, False, 1
3695,0, 540, False, 1
3696,0, 540, False, 1
3697,0, 540, False, 0
3698,0, 540, False, 0
3699,0, 540, False, 0
3700,0, 540, False, 0
3701,0, 540, False, 1
3702,0, 540, False, 1
3703,0, 540, False, 1
3704,0, 540, False, 1
3705,0, 540, False, 1
3706,0, 540, False, 1
3707,0, 540, False, 1
3708,0, 540, False, 3
3709,0, 540, False, 3
3710,0, 540, False, 3
3711,0, 540, False, 3
3712,0, 540, False, 3
3713,0, 540, False, 3
3714,0, 540, False, 3
3715,0, 540, False, 3
3716,0, 540, False, 3
3717,0, 540, False, 3
3718,0, 540, False, 3
3719,0, 540, False, 3
3720,0, 540, False, 3
3721,0, 540, False, 3
3722,0, 540, False, 3
3723,0, 540, False, 3
3724,0, 540, False, 3
3725,0, 540, False, 3
3726,0, 540, False, 11
3727,0, 540, False, 11
3728,0, 540, False, 11
3729,0, 540, False, 11
3730,0, 540, False, 11
3731,0, 540, False, 11
3732,0, 540, False, 11
3733,0, 540, False, 11
3734,0, 540, False, 11
3735,0, 540, False, 11
3736,0, 540, False, 11
3737,0, 540, False, 3
3738,0, 540, False, 3
3739,0, 540, False, 3
3740,0, 540, False, 3
3741,0, 540, False, 3
3742,0, 540, False, 3
3743,0, 540, False, 0
3744,0, 540, False, 0
3745,0, 540, False, 0
3746,0, 540, False, 0
3747,0, 540, False, 0
3748,0, 540, False, 0
3749,0, 540, False, 0
3750,0, 540, False, 4
3751,0, 540, False, 4
3752,0, 540, False, 4
3753,0, 540, False, 4
3754,0, 540, False, 4
3755,0, 540, False, 4
3756,0, 540, False, 4
3757,0, 540, False, 4
3758,0, 540, False, 12
3759,0, 540, False, 12
3760,0, 540, False, 12
3761,0, 540, False, 12
3762,0, 540, False, 12
3763,0, 540, False, 12
3764,0, 540, False, 12
3765,0, 540, False, 12
3766,0, 540, False, 12
3767,0, 540, False, 12
3768,0, 540, False, 12
3769,0, 540, False, 12
3770,0, 540, False, 4
3771,0, 540, False, 4
3772,0, 540, False, 0
3773,0, 540, False, 0
3774,0, 540, False, 0
3775,0, 540, False, 1
3776,0, 540, False, 1
3777,0, 540, False, 1
3778,0, 540, False, 1
3779,0, 540, False, 1
3780,0, 540, False, 1
3781,0, 540, False, 1
3782,0, 540, False, 1
3783,0, 540, False, 0
3784,0, 540, False, 0
3785,0, 540, False, 0
3786,0, 540, False, 0
3787,0, 540, False, 0
3788,0, 540, False, 0
3789,0, 540, False, 0
3790,0, 540, False, 0
3791,0, 540, False, 1
3792,0, 540, False, 1
3793,0, 540, False, 1
3794,0, 540, False, 1
3795,0, 540, False, 1
3796,0, 540, False, 1
3797,0, 540, False, 1
3798,0, 540, False, 1
3799,0, 540, False, 1
3800,0, 540, False, 0
3801,0, 540, False, 0
3802,0, 540, False, 0
3803,0, 540, False, 0
3804,0, 540, False, 0
3805,0, 540, False, 0
3806,0, 540, False, 0
3807,0, 540, False, 1
3808,0, 540, False, 1
3809,0, 540, False, 1
3810,0, 540, False, 1
3811,0, 540, False, 1
3812,0, 540, False, 1
3813,0, 540, False, 1
3814,0, 540, False, 1
3815,0, 540, False, 1
3816,0, 540, False, 1
3817,0, 540, False, 1
3818,0, 540, False, 1
3819,0, 540, False, 0
3820,0, 540, False, 0
3821,0, 540, False, 0
3822,0, 540, False, 0
3823,0, 540, False, 0
3824,0, 540, False, 0
3825,0, 540, False, 0
3826,0, 540, False, 0
3827,0, 540, False, 0
3828,0, 540, False, 0
3829,0, 540, False, 0
3830,0, 540, False, 0
3831,0, 540, False, 0
3832,0, 540, False, 0
3833,0, 540, False, 0
3834,0, 540, False, 0
3835,0, 540, False, 1
3836,0, 540, False, 1
3837,0, 540, False, 1
3838,0, 540, False, 1
3839,0, 540, False, 1
3840,0, 540, False, 1
3841,0, 540, False, 0
3842,0, 540, False, 0
3843,0, 540, False, 0
3844,0, 540, False, 0
3845,0, 540, False, 0
3846,0, 540, False, 3
3847,0, 540, False, 3
3848,0, 540, False, 3
3849,0, 540, False, 11
3850,0, 540, False, 11
3851,0, 540, False, 11
3852,0, 540, False, 11
3853,0, 540, False, 11
3854,0, 540, False, 11
3855,0, 540, False, 11
3856,0, 540, False, 11
3857,0, 540, False, 3
3858,0, 540, False, 3
3859,0, 540, False, 3
3860,0, 540, False, 3
3861,0, 540, False, 3
3862,0, 540, False, 3
3863,0, 540, False, 0
3864,0, 540, False, 0
3865,0, 540, False, 0
3866,0, 540, False, 0
3867,0, 540, False, 0
3868,0, 540, False, 1
3869,0, 540, False, 1
3870,0, 540, False, 1
3871,0, 540, False, 1
3872,0, 540, False, 12
3873,0, 540, False, 12
3874,0, 540, False, 12
3875,0, 540, False, 12
3876,0, 540, False, 12
3877,0, 540, False, 12
3878,0, 540, False, 4
3879,0, 540, False, 4
3880,0, 540, False, 4
3881,0, 540, False, 4
3882,0, 540, False, 4
3883,0, 540, False, 4
3884,0, 540, False, 4
3885,0, 540, False, 4
3886,0, 540, False, 4
3887,0, 540, False, 1
3888,0, 540, False, 1
3889,0, 540, False, 1
3890,0, 540, False, 1
3891,0, 540, False, 1
3892,0, 540, False, 1
3893,0, 540, False, 1
3894,0, 540, False, 1
3895,0, 540, False, 1
3896,0, 540, False, 0
3897,0, 540, False, 0
3898,0, 540, False, 0
3899,0, 540, False, 0
3900,0, 540, False, 0
3901,0, 540, False, 0
3902,0, 540, False, 1
3903,0, 540, False, 1
3904,0, 540, False, 1
3905,0, 540, False, 1
3906,0, 540, False, 1
3907,0, 540, False, 1
3908,0, 540, False, 1
3909,0, 540, False, 11
3910,0, 540, False, 11
3911,0, 540, False, 11
3912,0, 540, False, 11
3913,0, 540, False, 11
3914,0, 540, False, 11
3915,0, 540, False, 3
3916,0, 540, False, 3
3917,0, 540, False, 11
3918,0, 540, False, 11
3919,0, 540, False, 11
3920,0, 540, False, 11
3921,0, 540, False, 11
3922,0, 540, False, 11
3923,0, 540, False, 11
3924,0, 540, False, 11
3925,0, 540, False, 11
3926,0, 540, False, 11
3927,0, 540, False, 11
3928,0, 540, False, 3
3929,0, 540, False, 3
3930,0, 540, False, 3
3931,0, 540, False, 11
3932,0, 540, False, 11
3933,0, 540, False, 11
3934,0, 540, False, 11
3935,0, 540, False, 11
3936,0, 540, False, 11
3937,0, 540, False, 11
3938,0, 540, False, 11
3939,0, 540, False, 11
3940,0, 540, False, 11
3941,0, 540, False, 11
3942,0, 540, False, 11
3943,0, 540, False, 11
3944,0, 540, False, 11
3945,0, 540, False, 11
3946,0, 540, False, 3
3947,0, 540, False, 3
3948,0, 540, False, 3
3949,0, 540, False, 11
3950,0, 540, False, 11
3951,0, 540, False, 11
3952,0, 540, False, 11
3953,0, 540, False, 11
3954,0, 540, False, 11
3955,0, 540, False, 11
3956,0, 540, False, 11
3957,0, 540, False, 11
3958,0, 540, False, 11
3959,0, 540, False, 11
3960,0, 540, False, 11
3961,0, 540, False, 11
3962,0, 540, False, 11
3963,0, 540, False, 11
3964,0, 540, False, 11
3965,0, 540, False, 11
3966,0, 540, False, 11
3967,0, 540, False, 11
3968,0, 540, False, 3
3969,0, 540, False, 3
3970,0, 540, False, 0
3971,0, 540, False, 1
3972,0, 540, False, 1
3973,0, 540, False, 1
3974,0, 540, False, 1
3975,0, 540, False, 1
3976,0, 540, False, 1
3977,0, 540, False, 1
3978,0, 540, False, 1
3979,0, 540, False, 1
3980,0, 540, False, 1
3981,0, 540, False, 1
3982,0, 540, False, 0
3983,0, 540, False, 0
3984,0, 540, False, 0
3985,0, 540, False, 0
3986,0, 540, False, 1
3987,0, 540, False, 1
3988,0, 540, False, 1
3989,0, 540, False, 1
3990,0, 540, False, 1
3991,0, 540, False, 1
3992,0, 540, False, 1
3993,0, 540, False, 1
3994,0, 540, False, 1
3995,0, 540, False, 1
3996,0, 540, False, 1
3997,0, 540, False, 1
3998,0, 540, False, 1
3999,0, 540, False, 1
4000,0, 540, False, 1
4001,0, 540, False, 1
4002,0, 540, False, 1
4003,0, 540, False, 0
4004,0, 540, False, 0
4005,0, 540, False, 1
4006,0, 540, False, 1
4007,0, 540, False, 1
4008,0, 540, False, 1
4009,0, 540, False, 1
4010,0, 540, False, 1
4011,0, 540, False, 1
4012,0, 540, False, 1
4013,0, 540, False, 1
4014,0, 540, False, 1
4015,0, 540, False, 1
4016,0, 540, False, 1
4017,0, 540, False, 1
4018,0, 540, False, 1
4019,0, 540, False, 1
4020,0, 540, False, 0
4021,0, 540, False, 0
4022,0, 540, False, 0
4023,0, 540, False, 1
4024,0, 540, False, 1
4025,0, 540, False, 1
4026,0, 540, False, 1
4027,0, 540, False, 1
4028,30, 570, False, 1
4029,0, 570, False, 1
4030,0, 570, False, 1
4031,0, 570, False, 1
4032,0, 570, False, 1
4033,0, 570, True, 1
