db traj id : 713
frame,reward,score,terminal, action
0,0, 0, False, 0
1,0, 0, False, 0
2,0, 0, False, 0
3,0, 0, False, 0
4,0, 0, False, 0
5,0, 0, False, 0
6,0, 0, False, 0
7,0, 0, False, 0
8,0, 0, False, 0
9,0, 0, False, 0
10,0, 0, False, 0
11,0, 0, False, 0
12,0, 0, False, 0
13,0, 0, False, 0
14,0, 0, False, 0
15,0, 0, False, 0
16,0, 0, False, 0
17,0, 0, False, 0
18,0, 0, False, 0
19,0, 0, False, 0
20,0, 0, False, 0
21,0, 0, False, 0
22,0, 0, False, 0
23,0, 0, False, 0
24,0, 0, False, 0
25,0, 0, False, 0
26,0, 0, False, 0
27,0, 0, False, 0
28,0, 0, False, 0
29,0, 0, False, 0
30,0, 0, False, 0
31,0, 0, False, 0
32,0, 0, False, 0
33,0, 0, False, 0
34,0, 0, False, 0
35,0, 0, False, 0
36,0, 0, False, 0
37,0, 0, False, 0
38,0, 0, False, 0
39,0, 0, False, 0
40,0, 0, False, 0
41,0, 0, False, 0
42,0, 0, False, 0
43,0, 0, False, 0
44,0, 0, False, 0
45,0, 0, False, 0
46,0, 0, False, 0
47,0, 0, False, 0
48,0, 0, False, 0
49,0, 0, False, 0
50,0, 0, False, 0
51,0, 0, False, 0
52,0, 0, False, 0
53,0, 0, False, 0
54,0, 0, False, 0
55,0, 0, False, 0
56,0, 0, False, 0
57,0, 0, False, 0
58,0, 0, False, 0
59,0, 0, False, 0
60,0, 0, False, 0
61,0, 0, False, 0
62,0, 0, False, 0
63,0, 0, False, 0
64,0, 0, False, 0
65,0, 0, False, 0
66,0, 0, False, 0
67,0, 0, False, 0
68,0, 0, False, 0
69,0, 0, False, 0
70,0, 0, False, 0
71,0, 0, False, 0
72,0, 0, False, 0
73,0, 0, False, 0
74,0, 0, False, 0
75,0, 0, False, 0
76,0, 0, False, 0
77,0, 0, False, 0
78,0, 0, False, 0
79,0, 0, False, 0
80,0, 0, False, 0
81,0, 0, False, 0
82,0, 0, False, 0
83,0, 0, False, 0
84,0, 0, False, 0
85,0, 0, False, 0
86,0, 0, False, 0
87,0, 0, False, 0
88,0, 0, False, 0
89,0, 0, False, 0
90,0, 0, False, 0
91,0, 0, False, 0
92,0, 0, False, 0
93,0, 0, False, 0
94,0, 0, False, 0
95,0, 0, False, 0
96,0, 0, False, 0
97,0, 0, False, 0
98,0, 0, False, 0
99,0, 0, False, 0
100,0, 0, False, 0
101,0, 0, False, 0
102,0, 0, False, 0
103,0, 0, False, 0
104,0, 0, False, 0
105,0, 0, False, 0
106,0, 0, False, 0
107,0, 0, False, 0
108,0, 0, False, 0
109,0, 0, False, 0
110,0, 0, False, 0
111,0, 0, False, 0
112,0, 0, False, 0
113,0, 0, False, 0
114,0, 0, False, 0
115,0, 0, False, 0
116,0, 0, False, 0
117,0, 0, False, 0
118,0, 0, False, 0
119,0, 0, False, 0
120,0, 0, False, 0
121,0, 0, False, 0
122,0, 0, False, 0
123,0, 0, False, 0
124,0, 0, False, 0
125,0, 0, False, 0
126,0, 0, False, 0
127,0, 0, False, 0
128,0, 0, False, 0
129,0, 0, False, 0
130,0, 0, False, 0
131,0, 0, False, 0
132,0, 0, False, 0
133,0, 0, False, 0
134,0, 0, False, 0
135,0, 0, False, 0
136,0, 0, False, 0
137,0, 0, False, 0
138,0, 0, False, 0
139,0, 0, False, 0
140,0, 0, False, 0
141,0, 0, False, 0
142,0, 0, False, 0
143,0, 0, False, 0
144,0, 0, False, 0
145,0, 0, False, 0
146,0, 0, False, 0
147,0, 0, False, 0
148,0, 0, False, 0
149,0, 0, False, 3
150,0, 0, False, 3
151,0, 0, False, 3
152,0, 0, False, 3
153,0, 0, False, 3
154,0, 0, False, 3
155,0, 0, False, 3
156,0, 0, False, 3
157,0, 0, False, 3
158,0, 0, False, 3
159,0, 0, False, 3
160,0, 0, False, 3
161,0, 0, False, 3
162,0, 0, False, 3
163,0, 0, False, 3
164,0, 0, False, 3
165,0, 0, False, 3
166,0, 0, False, 3
167,0, 0, False, 3
168,0, 0, False, 3
169,0, 0, False, 3
170,0, 0, False, 3
171,0, 0, False, 3
172,0, 0, False, 3
173,0, 0, False, 3
174,0, 0, False, 3
175,0, 0, False, 3
176,0, 0, False, 3
177,0, 0, False, 3
178,0, 0, False, 3
179,0, 0, False, 3
180,0, 0, False, 3
181,0, 0, False, 3
182,0, 0, False, 3
183,0, 0, False, 3
184,0, 0, False, 3
185,0, 0, False, 3
186,0, 0, False, 3
187,0, 0, False, 3
188,0, 0, False, 3
189,0, 0, False, 3
190,0, 0, False, 3
191,0, 0, False, 3
192,0, 0, False, 3
193,0, 0, False, 3
194,0, 0, False, 3
195,0, 0, False, 3
196,0, 0, False, 3
197,0, 0, False, 3
198,0, 0, False, 11
199,0, 0, False, 1
200,0, 0, False, 1
201,0, 0, False, 1
202,0, 0, False, 1
203,0, 0, False, 1
204,0, 0, False, 0
205,0, 0, False, 0
206,0, 0, False, 0
207,0, 0, False, 0
208,0, 0, False, 0
209,0, 0, False, 0
210,0, 0, False, 1
211,0, 0, False, 1
212,0, 0, False, 1
213,0, 0, False, 1
214,0, 0, False, 1
215,0, 0, False, 1
216,0, 0, False, 0
217,0, 0, False, 0
218,0, 0, False, 0
219,0, 0, False, 0
220,0, 0, False, 0
221,0, 0, False, 0
222,0, 0, False, 1
223,5, 5, False, 1
224,0, 5, False, 1
225,0, 5, False, 1
226,0, 5, False, 1
227,0, 5, False, 1
228,0, 5, False, 0
229,0, 5, False, 0
230,0, 5, False, 0
231,0, 5, False, 0
232,0, 5, False, 0
233,0, 5, False, 3
234,0, 5, False, 11
235,0, 5, False, 11
236,0, 5, False, 11
237,0, 5, False, 11
238,0, 5, False, 11
239,0, 5, False, 3
240,0, 5, False, 3
241,0, 5, False, 3
242,0, 5, False, 3
243,0, 5, False, 3
244,0, 5, False, 3
245,0, 5, False, 3
246,0, 5, False, 3
247,0, 5, False, 3
248,0, 5, False, 3
249,0, 5, False, 3
250,0, 5, False, 3
251,0, 5, False, 3
252,0, 5, False, 3
253,0, 5, False, 0
254,0, 5, False, 0
255,0, 5, False, 0
256,0, 5, False, 0
257,10, 15, False, 0
258,0, 15, False, 0
259,0, 15, False, 0
260,0, 15, False, 0
261,0, 15, False, 0
262,0, 15, False, 0
263,0, 15, False, 0
264,0, 15, False, 0
265,0, 15, False, 0
266,0, 15, False, 0
267,0, 15, False, 0
268,0, 15, False, 0
269,0, 15, False, 0
270,0, 15, False, 0
271,0, 15, False, 4
272,0, 15, False, 4
273,0, 15, False, 4
274,0, 15, False, 4
275,0, 15, False, 4
276,0, 15, False, 4
277,0, 15, False, 4
278,0, 15, False, 4
279,0, 15, False, 4
280,0, 15, False, 0
281,0, 15, False, 0
282,0, 15, False, 0
283,0, 15, False, 0
284,0, 15, False, 0
285,0, 15, False, 0
286,0, 15, False, 0
287,0, 15, False, 0
288,0, 15, False, 0
289,0, 15, False, 0
290,0, 15, False, 1
291,0, 15, False, 1
292,0, 15, False, 1
293,0, 15, False, 1
294,0, 15, False, 1
295,0, 15, False, 1
296,0, 15, False, 1
297,0, 15, False, 1
298,0, 15, False, 1
299,0, 15, False, 1
300,0, 15, False, 0
301,0, 15, False, 0
302,0, 15, False, 0
303,0, 15, False, 0
304,0, 15, False, 0
305,0, 15, False, 0
306,0, 15, False, 0
307,0, 15, False, 1
308,0, 15, False, 1
309,0, 15, False, 1
310,0, 15, False, 1
311,0, 15, False, 1
312,0, 15, False, 1
313,0, 15, False, 1
314,0, 15, False, 0
315,0, 15, False, 0
316,0, 15, False, 0
317,0, 15, False, 0
318,0, 15, False, 0
319,0, 15, False, 1
320,0, 15, False, 1
321,0, 15, False, 1
322,0, 15, False, 1
323,0, 15, False, 1
324,0, 15, False, 1
325,0, 15, False, 1
326,0, 15, False, 1
327,0, 15, False, 0
328,0, 15, False, 0
329,0, 15, False, 0
330,0, 15, False, 0
331,0, 15, False, 1
332,0, 15, False, 1
333,0, 15, False, 1
334,0, 15, False, 1
335,15, 30, False, 1
336,0, 30, False, 1
337,0, 30, False, 1
338,0, 30, False, 1
339,0, 30, False, 1
340,0, 30, False, 1
341,0, 30, False, 0
342,0, 30, False, 0
343,0, 30, False, 0
344,0, 30, False, 0
345,0, 30, False, 0
346,0, 30, False, 0
347,0, 30, False, 0
348,0, 30, False, 0
349,0, 30, False, 0
350,0, 30, False, 1
351,0, 30, False, 1
352,0, 30, False, 1
353,0, 30, False, 1
354,0, 30, False, 1
355,0, 30, False, 1
356,0, 30, False, 1
357,0, 30, False, 0
358,0, 30, False, 0
359,0, 30, False, 0
360,0, 30, False, 0
361,0, 30, False, 1
362,0, 30, False, 1
363,0, 30, False, 1
364,0, 30, False, 1
365,0, 30, False, 1
366,0, 30, False, 1
367,0, 30, False, 1
368,0, 30, False, 1
369,0, 30, False, 1
370,0, 30, False, 1
371,0, 30, False, 1
372,0, 30, False, 1
373,0, 30, False, 1
374,0, 30, False, 1
375,0, 30, False, 1
376,0, 30, False, 1
377,0, 30, False, 1
378,0, 30, False, 1
379,0, 30, False, 1
380,0, 30, False, 1
381,0, 30, False, 1
382,0, 30, False, 1
383,0, 30, False, 1
384,0, 30, False, 1
385,0, 30, False, 1
386,0, 30, False, 1
387,20, 50, False, 1
388,0, 50, False, 1
389,0, 50, False, 1
390,0, 50, False, 1
391,0, 50, False, 1
392,0, 50, False, 1
393,0, 50, False, 1
394,0, 50, False, 1
395,0, 50, False, 1
396,0, 50, False, 1
397,0, 50, False, 1
398,0, 50, False, 0
399,0, 50, False, 0
400,0, 50, False, 0
401,0, 50, False, 0
402,0, 50, False, 0
403,0, 50, False, 1
404,0, 50, False, 1
405,0, 50, False, 1
406,0, 50, False, 1
407,0, 50, False, 1
408,0, 50, False, 1
409,0, 50, False, 1
410,0, 50, False, 1
411,0, 50, False, 0
412,0, 50, False, 0
413,0, 50, False, 0
414,0, 50, False, 0
415,0, 50, False, 0
416,0, 50, False, 1
417,0, 50, False, 1
418,0, 50, False, 1
419,0, 50, False, 1
420,0, 50, False, 1
421,0, 50, False, 1
422,0, 50, False, 1
423,0, 50, False, 1
424,0, 50, False, 1
425,0, 50, False, 1
426,0, 50, False, 1
427,0, 50, False, 1
428,0, 50, False, 1
429,0, 50, False, 1
430,0, 50, False, 1
431,0, 50, False, 1
432,0, 50, False, 1
433,0, 50, False, 1
434,0, 50, False, 1
435,0, 50, False, 1
436,0, 50, False, 1
437,0, 50, False, 1
438,0, 50, False, 0
439,0, 50, False, 0
440,0, 50, False, 0
441,0, 50, False, 0
442,0, 50, False, 0
443,0, 50, False, 0
444,0, 50, False, 0
445,0, 50, False, 0
446,0, 50, False, 0
447,0, 50, False, 0
448,0, 50, False, 0
449,25, 75, False, 0
450,0, 75, False, 0
451,0, 75, False, 0
452,0, 75, False, 0
453,0, 75, False, 0
454,0, 75, False, 0
455,0, 75, False, 0
456,0, 75, False, 0
457,0, 75, False, 0
458,0, 75, False, 0
459,0, 75, False, 0
460,0, 75, False, 0
461,0, 75, False, 0
462,0, 75, False, 0
463,0, 75, False, 0
464,0, 75, False, 0
465,0, 75, False, 0
466,0, 75, False, 0
467,0, 75, False, 0
468,0, 75, False, 0
469,0, 75, False, 0
470,0, 75, False, 0
471,0, 75, False, 0
472,0, 75, False, 0
473,0, 75, False, 0
474,0, 75, False, 0
475,0, 75, False, 0
476,0, 75, False, 0
477,0, 75, False, 0
478,0, 75, False, 0
479,0, 75, False, 0
480,0, 75, False, 0
481,0, 75, False, 0
482,0, 75, False, 0
483,0, 75, False, 0
484,0, 75, False, 0
485,0, 75, False, 0
486,0, 75, False, 0
487,0, 75, False, 0
488,0, 75, False, 0
489,0, 75, False, 0
490,0, 75, False, 0
491,0, 75, False, 0
492,0, 75, False, 0
493,0, 75, False, 0
494,0, 75, False, 0
495,0, 75, False, 0
496,0, 75, False, 0
497,0, 75, False, 0
498,0, 75, False, 0
499,0, 75, False, 0
500,0, 75, False, 0
501,0, 75, False, 0
502,0, 75, False, 0
503,0, 75, False, 0
504,0, 75, False, 0
505,0, 75, False, 0
506,0, 75, False, 0
507,0, 75, False, 0
508,0, 75, False, 0
509,0, 75, False, 0
510,0, 75, False, 0
511,0, 75, False, 0
512,0, 75, False, 0
513,0, 75, False, 0
514,0, 75, False, 0
515,0, 75, False, 0
516,0, 75, False, 0
517,0, 75, False, 0
518,0, 75, False, 0
519,0, 75, False, 0
520,0, 75, False, 0
521,0, 75, False, 0
522,0, 75, False, 0
523,0, 75, False, 0
524,0, 75, False, 0
525,0, 75, False, 0
526,0, 75, False, 0
527,0, 75, False, 0
528,0, 75, False, 0
529,0, 75, False, 0
530,0, 75, False, 0
531,0, 75, False, 0
532,0, 75, False, 0
533,0, 75, False, 0
534,0, 75, False, 0
535,0, 75, False, 0
536,0, 75, False, 0
537,0, 75, False, 0
538,0, 75, False, 0
539,0, 75, False, 0
540,0, 75, False, 0
541,0, 75, False, 0
542,0, 75, False, 0
543,0, 75, False, 0
544,0, 75, False, 0
545,0, 75, False, 0
546,0, 75, False, 0
547,0, 75, False, 0
548,0, 75, False, 0
549,0, 75, False, 0
550,0, 75, False, 0
551,0, 75, False, 0
552,0, 75, False, 0
553,0, 75, False, 0
554,0, 75, False, 0
555,0, 75, False, 0
556,0, 75, False, 0
557,0, 75, False, 0
558,0, 75, False, 0
559,0, 75, False, 0
560,0, 75, False, 0
561,0, 75, False, 0
562,0, 75, False, 0
563,0, 75, False, 0
564,0, 75, False, 0
565,0, 75, False, 0
566,0, 75, False, 0
567,0, 75, False, 0
568,0, 75, False, 0
569,0, 75, False, 0
570,0, 75, False, 0
571,0, 75, False, 0
572,0, 75, False, 0
573,0, 75, False, 0
574,0, 75, False, 0
575,0, 75, False, 0
576,0, 75, False, 0
577,0, 75, False, 0
578,0, 75, False, 0
579,0, 75, False, 0
580,0, 75, False, 0
581,0, 75, False, 0
582,0, 75, False, 0
583,0, 75, False, 3
584,0, 75, False, 3
585,0, 75, False, 3
586,0, 75, False, 3
587,0, 75, False, 3
588,0, 75, False, 3
589,0, 75, False, 3
590,0, 75, False, 3
591,0, 75, False, 3
592,0, 75, False, 3
593,0, 75, False, 3
594,0, 75, False, 3
595,0, 75, False, 3
596,0, 75, False, 3
597,0, 75, False, 3
598,0, 75, False, 3
599,0, 75, False, 3
600,0, 75, False, 3
601,0, 75, False, 3
602,0, 75, False, 3
603,0, 75, False, 3
604,0, 75, False, 3
605,0, 75, False, 3
606,0, 75, False, 3
607,0, 75, False, 3
608,0, 75, False, 3
609,0, 75, False, 3
610,0, 75, False, 3
611,0, 75, False, 3
612,0, 75, False, 3
613,0, 75, False, 3
614,0, 75, False, 3
615,0, 75, False, 3
616,0, 75, False, 3
617,0, 75, False, 3
618,0, 75, False, 3
619,0, 75, False, 3
620,0, 75, False, 3
621,0, 75, False, 3
622,0, 75, False, 3
623,0, 75, False, 3
624,0, 75, False, 3
625,0, 75, False, 3
626,0, 75, False, 3
627,0, 75, False, 3
628,0, 75, False, 3
629,0, 75, False, 3
630,0, 75, False, 3
631,0, 75, False, 3
632,0, 75, False, 3
633,0, 75, False, 3
634,0, 75, False, 3
635,0, 75, False, 3
636,0, 75, False, 3
637,0, 75, False, 3
638,0, 75, False, 3
639,0, 75, False, 3
640,0, 75, False, 3
641,0, 75, False, 3
642,0, 75, False, 0
643,0, 75, False, 0
644,0, 75, False, 0
645,0, 75, False, 3
646,0, 75, False, 3
647,0, 75, False, 3
648,0, 75, False, 3
649,0, 75, False, 3
650,0, 75, False, 3
651,0, 75, False, 3
652,0, 75, False, 3
653,0, 75, False, 3
654,0, 75, False, 3
655,0, 75, False, 3
656,0, 75, False, 3
657,0, 75, False, 3
658,0, 75, False, 3
659,0, 75, False, 3
660,0, 75, False, 3
661,0, 75, False, 3
662,0, 75, False, 3
663,0, 75, False, 3
664,0, 75, False, 3
665,0, 75, False, 3
666,0, 75, False, 0
667,0, 75, False, 0
668,0, 75, False, 0
669,0, 75, False, 0
670,0, 75, False, 0
671,0, 75, False, 0
672,0, 75, False, 0
673,0, 75, False, 0
674,0, 75, False, 0
675,0, 75, False, 0
676,0, 75, False, 0
677,0, 75, False, 0
678,0, 75, False, 0
679,0, 75, False, 0
680,0, 75, False, 0
681,0, 75, False, 0
682,0, 75, False, 0
683,0, 75, False, 0
684,0, 75, False, 4
685,0, 75, False, 4
686,0, 75, False, 4
687,0, 75, False, 4
688,0, 75, False, 4
689,0, 75, False, 4
690,0, 75, False, 4
691,0, 75, False, 0
692,0, 75, False, 0
693,0, 75, False, 0
694,0, 75, False, 0
695,0, 75, False, 0
696,0, 75, False, 0
697,0, 75, False, 0
698,0, 75, False, 0
699,0, 75, False, 0
700,0, 75, False, 0
701,0, 75, False, 0
702,0, 75, False, 0
703,0, 75, False, 0
704,0, 75, False, 0
705,0, 75, False, 0
706,0, 75, False, 0
707,0, 75, False, 0
708,0, 75, False, 0
709,0, 75, False, 0
710,0, 75, False, 0
711,0, 75, False, 0
712,0, 75, False, 0
713,0, 75, False, 4
714,0, 75, False, 4
715,0, 75, False, 4
716,0, 75, False, 4
717,0, 75, False, 0
718,0, 75, False, 0
719,0, 75, False, 0
720,0, 75, False, 0
721,0, 75, False, 0
722,0, 75, False, 0
723,0, 75, False, 0
724,0, 75, False, 0
725,0, 75, False, 0
726,0, 75, False, 0
727,0, 75, False, 0
728,0, 75, False, 1
729,0, 75, False, 1
730,0, 75, False, 1
731,0, 75, False, 1
732,0, 75, False, 1
733,0, 75, False, 1
734,0, 75, False, 1
735,0, 75, False, 1
736,0, 75, False, 0
737,0, 75, False, 0
738,0, 75, False, 0
739,0, 75, False, 0
740,0, 75, False, 1
741,0, 75, False, 1
742,0, 75, False, 1
743,0, 75, False, 1
744,0, 75, False, 1
745,0, 75, False, 1
746,0, 75, False, 1
747,0, 75, False, 1
748,0, 75, False, 0
749,0, 75, False, 0
750,0, 75, False, 0
751,0, 75, False, 0
752,0, 75, False, 0
753,5, 80, False, 0
754,0, 80, False, 0
755,0, 80, False, 1
756,0, 80, False, 1
757,0, 80, False, 1
758,0, 80, False, 1
759,0, 80, False, 1
760,0, 80, False, 1
761,0, 80, False, 0
762,0, 80, False, 0
763,0, 80, False, 0
764,0, 80, False, 0
765,0, 80, False, 0
766,0, 80, False, 0
767,0, 80, False, 1
768,0, 80, False, 1
769,0, 80, False, 1
770,0, 80, False, 1
771,0, 80, False, 1
772,0, 80, False, 1
773,0, 80, False, 0
774,0, 80, False, 0
775,0, 80, False, 0
776,0, 80, False, 0
777,0, 80, False, 0
778,0, 80, False, 0
779,0, 80, False, 0
780,0, 80, False, 1
781,0, 80, False, 1
782,0, 80, False, 1
783,0, 80, False, 1
784,0, 80, False, 1
785,0, 80, False, 0
786,0, 80, False, 0
787,0, 80, False, 0
788,0, 80, False, 0
789,10, 90, False, 0
790,0, 90, False, 0
791,0, 90, False, 0
792,0, 90, False, 1
793,0, 90, False, 1
794,0, 90, False, 1
795,0, 90, False, 1
796,0, 90, False, 1
797,0, 90, False, 0
798,0, 90, False, 0
799,0, 90, False, 0
800,0, 90, False, 0
801,0, 90, False, 0
802,0, 90, False, 0
803,0, 90, False, 0
804,0, 90, False, 1
805,0, 90, False, 1
806,0, 90, False, 1
807,0, 90, False, 1
808,0, 90, False, 1
809,0, 90, False, 0
810,0, 90, False, 0
811,0, 90, False, 0
812,0, 90, False, 0
813,0, 90, False, 0
814,0, 90, False, 0
815,0, 90, False, 0
816,0, 90, False, 1
817,0, 90, False, 1
818,0, 90, False, 1
819,0, 90, False, 1
820,0, 90, False, 1
821,0, 90, False, 1
822,0, 90, False, 0
823,0, 90, False, 0
824,0, 90, False, 0
825,0, 90, False, 0
826,0, 90, False, 0
827,0, 90, False, 0
828,0, 90, False, 0
829,0, 90, False, 1
830,0, 90, False, 1
831,0, 90, False, 1
832,0, 90, False, 1
833,0, 90, False, 1
834,0, 90, False, 0
835,15, 105, False, 0
836,0, 105, False, 0
837,0, 105, False, 0
838,0, 105, False, 0
839,0, 105, False, 0
840,0, 105, False, 0
841,0, 105, False, 1
842,0, 105, False, 1
843,0, 105, False, 1
844,0, 105, False, 1
845,0, 105, False, 1
846,0, 105, False, 1
847,0, 105, False, 1
848,0, 105, False, 0
849,0, 105, False, 0
850,0, 105, False, 0
851,0, 105, False, 0
852,0, 105, False, 0
853,0, 105, False, 0
854,0, 105, False, 1
855,0, 105, False, 1
856,0, 105, False, 1
857,0, 105, False, 1
858,0, 105, False, 1
859,0, 105, False, 1
860,0, 105, False, 0
861,0, 105, False, 0
862,0, 105, False, 0
863,0, 105, False, 0
864,0, 105, False, 0
865,0, 105, False, 0
866,0, 105, False, 1
867,0, 105, False, 1
868,0, 105, False, 1
869,0, 105, False, 1
870,0, 105, False, 1
871,0, 105, False, 1
872,0, 105, False, 1
873,0, 105, False, 1
874,0, 105, False, 0
875,0, 105, False, 0
876,0, 105, False, 3
877,0, 105, False, 3
878,0, 105, False, 3
879,0, 105, False, 3
880,0, 105, False, 3
881,0, 105, False, 3
882,0, 105, False, 3
883,0, 105, False, 3
884,0, 105, False, 3
885,0, 105, False, 3
886,0, 105, False, 3
887,0, 105, False, 3
888,0, 105, False, 3
889,0, 105, False, 3
890,0, 105, False, 3
891,0, 105, False, 3
892,0, 105, False, 3
893,0, 105, False, 3
894,0, 105, False, 3
895,20, 125, False, 3
896,0, 125, False, 3
897,0, 125, False, 3
898,0, 125, False, 3
899,0, 125, False, 3
900,0, 125, False, 3
901,0, 125, False, 3
902,0, 125, False, 3
903,0, 125, False, 3
904,0, 125, False, 3
905,0, 125, False, 3
906,0, 125, False, 3
907,0, 125, False, 0
908,0, 125, False, 1
909,0, 125, False, 1
910,0, 125, False, 1
911,0, 125, False, 1
912,0, 125, False, 1
913,0, 125, False, 0
914,0, 125, False, 0
915,0, 125, False, 0
916,0, 125, False, 0
917,0, 125, False, 0
918,0, 125, False, 0
919,0, 125, False, 0
920,0, 125, False, 0
921,0, 125, False, 0
922,0, 125, False, 0
923,0, 125, False, 0
924,0, 125, False, 0
925,0, 125, False, 0
926,0, 125, False, 0
927,0, 125, False, 0
928,0, 125, False, 0
929,0, 125, False, 0
930,0, 125, False, 0
931,0, 125, False, 0
932,0, 125, False, 0
933,0, 125, False, 3
934,0, 125, False, 3
935,0, 125, False, 3
936,0, 125, False, 3
937,0, 125, False, 3
938,0, 125, False, 3
939,0, 125, False, 3
940,0, 125, False, 3
941,0, 125, False, 3
942,0, 125, False, 3
943,0, 125, False, 3
944,0, 125, False, 3
945,0, 125, False, 3
946,0, 125, False, 3
947,0, 125, False, 3
948,0, 125, False, 3
949,0, 125, False, 3
950,0, 125, False, 3
951,0, 125, False, 3
952,0, 125, False, 3
953,0, 125, False, 3
954,0, 125, False, 3
955,0, 125, False, 3
956,0, 125, False, 3
957,0, 125, False, 3
958,0, 125, False, 3
959,0, 125, False, 3
960,0, 125, False, 3
961,0, 125, False, 3
962,0, 125, False, 3
963,0, 125, False, 3
964,0, 125, False, 3
965,0, 125, False, 3
966,0, 125, False, 3
967,0, 125, False, 3
968,0, 125, False, 3
969,0, 125, False, 3
970,0, 125, False, 3
971,0, 125, False, 3
972,0, 125, False, 3
973,0, 125, False, 3
974,0, 125, False, 11
975,0, 125, False, 11
976,0, 125, False, 11
977,0, 125, False, 11
978,0, 125, False, 3
979,0, 125, False, 3
980,0, 125, False, 3
981,0, 125, False, 3
982,0, 125, False, 3
983,0, 125, False, 3
984,0, 125, False, 11
985,0, 125, False, 11
986,0, 125, False, 11
987,0, 125, False, 11
988,0, 125, False, 11
989,0, 125, False, 11
990,0, 125, False, 3
991,0, 125, False, 3
992,0, 125, False, 3
993,0, 125, False, 3
994,0, 125, False, 3
995,0, 125, False, 3
996,0, 125, False, 3
997,0, 125, False, 11
998,0, 125, False, 11
999,5, 130, False, 11
1000,0, 130, False, 11
1001,0, 130, False, 11
1002,0, 130, False, 3
1003,0, 130, False, 3
1004,0, 130, False, 3
1005,0, 130, False, 3
1006,0, 130, False, 3
1007,0, 130, False, 3
1008,0, 130, False, 3
1009,0, 130, False, 3
1010,0, 130, False, 0
1011,0, 130, False, 0
1012,0, 130, False, 0
1013,0, 130, False, 0
1014,0, 130, False, 0
1015,0, 130, False, 0
1016,0, 130, False, 0
1017,0, 130, False, 0
1018,0, 130, False, 0
1019,0, 130, False, 4
1020,0, 130, False, 4
1021,0, 130, False, 4
1022,0, 130, False, 4
1023,0, 130, False, 4
1024,0, 130, False, 4
1025,0, 130, False, 4
1026,0, 130, False, 4
1027,0, 130, False, 4
1028,0, 130, False, 4
1029,0, 130, False, 4
1030,0, 130, False, 4
1031,0, 130, False, 4
1032,0, 130, False, 4
1033,0, 130, False, 4
1034,0, 130, False, 4
1035,0, 130, False, 4
1036,0, 130, False, 4
1037,0, 130, False, 4
1038,0, 130, False, 0
1039,0, 130, False, 0
1040,0, 130, False, 0
1041,0, 130, False, 0
1042,0, 130, False, 0
1043,0, 130, False, 0
1044,0, 130, False, 1
1045,0, 130, False, 1
1046,0, 130, False, 1
1047,0, 130, False, 1
1048,0, 130, False, 1
1049,0, 130, False, 1
1050,0, 130, False, 1
1051,0, 130, False, 1
1052,0, 130, False, 0
1053,0, 130, False, 0
1054,0, 130, False, 0
1055,0, 130, False, 0
1056,0, 130, False, 0
1057,0, 130, False, 0
1058,0, 130, False, 1
1059,0, 130, False, 1
1060,0, 130, False, 1
1061,0, 130, False, 1
1062,0, 130, False, 1
1063,0, 130, False, 1
1064,0, 130, False, 1
1065,0, 130, False, 0
1066,0, 130, False, 0
1067,0, 130, False, 0
1068,0, 130, False, 0
1069,0, 130, False, 0
1070,0, 130, False, 0
1071,0, 130, False, 1
1072,0, 130, False, 1
1073,0, 130, False, 1
1074,0, 130, False, 1
1075,0, 130, False, 1
1076,0, 130, False, 1
1077,0, 130, False, 1
1078,0, 130, False, 1
1079,0, 130, False, 0
1080,0, 130, False, 0
1081,0, 130, False, 0
1082,0, 130, False, 0
1083,0, 130, False, 0
1084,0, 130, False, 1
1085,0, 130, False, 1
1086,0, 130, False, 1
1087,0, 130, False, 1
1088,0, 130, False, 1
1089,0, 130, False, 1
1090,0, 130, False, 1
1091,0, 130, False, 1
1092,0, 130, False, 0
1093,0, 130, False, 0
1094,0, 130, False, 0
1095,0, 130, False, 0
1096,0, 130, False, 0
1097,0, 130, False, 0
1098,0, 130, False, 0
1099,0, 130, False, 1
1100,0, 130, False, 1
1101,0, 130, False, 1
1102,0, 130, False, 1
1103,0, 130, False, 1
1104,0, 130, False, 1
1105,0, 130, False, 0
1106,0, 130, False, 0
1107,0, 130, False, 0
1108,0, 130, False, 0
1109,0, 130, False, 0
1110,0, 130, False, 0
1111,0, 130, False, 1
1112,0, 130, False, 1
1113,0, 130, False, 1
1114,0, 130, False, 1
1115,0, 130, False, 1
1116,0, 130, False, 1
1117,0, 130, False, 1
1118,0, 130, False, 0
1119,0, 130, False, 0
1120,0, 130, False, 0
1121,0, 130, False, 0
1122,0, 130, False, 0
1123,0, 130, False, 0
1124,0, 130, False, 1
1125,0, 130, False, 1
1126,0, 130, False, 1
1127,0, 130, False, 1
1128,0, 130, False, 1
1129,0, 130, False, 1
1130,0, 130, False, 1
1131,0, 130, False, 0
1132,0, 130, False, 0
1133,0, 130, False, 0
1134,0, 130, False, 0
1135,0, 130, False, 0
1136,0, 130, False, 0
1137,0, 130, False, 0
1138,0, 130, False, 1
1139,0, 130, False, 1
1140,0, 130, False, 1
1141,0, 130, False, 1
1142,0, 130, False, 1
1143,0, 130, False, 1
1144,0, 130, False, 1
1145,0, 130, False, 0
1146,0, 130, False, 0
1147,0, 130, False, 0
1148,0, 130, False, 0
1149,0, 130, False, 0
1150,0, 130, False, 0
1151,0, 130, False, 0
1152,0, 130, False, 1
1153,0, 130, False, 1
1154,0, 130, False, 1
1155,0, 130, False, 1
1156,0, 130, False, 1
1157,0, 130, False, 0
1158,0, 130, False, 0
1159,0, 130, False, 0
1160,0, 130, False, 0
1161,0, 130, False, 0
1162,0, 130, False, 0
1163,0, 130, False, 1
1164,0, 130, False, 1
1165,0, 130, False, 1
1166,0, 130, False, 1
1167,0, 130, False, 1
1168,0, 130, False, 1
1169,0, 130, False, 1
1170,0, 130, False, 0
1171,0, 130, False, 0
1172,0, 130, False, 0
1173,0, 130, False, 0
1174,0, 130, False, 0
1175,0, 130, False, 0
1176,0, 130, False, 1
1177,0, 130, False, 1
1178,0, 130, False, 1
1179,0, 130, False, 1
1180,0, 130, False, 1
1181,0, 130, False, 1
1182,0, 130, False, 1
1183,0, 130, False, 0
1184,0, 130, False, 0
1185,0, 130, False, 0
1186,0, 130, False, 0
1187,0, 130, False, 0
1188,0, 130, False, 0
1189,0, 130, False, 4
1190,0, 130, False, 4
1191,0, 130, False, 4
1192,0, 130, False, 4
1193,0, 130, False, 4
1194,0, 130, False, 4
1195,0, 130, False, 4
1196,0, 130, False, 0
1197,0, 130, False, 0
1198,0, 130, False, 0
1199,0, 130, False, 0
1200,0, 130, False, 0
1201,0, 130, False, 0
1202,0, 130, False, 0
1203,0, 130, False, 0
1204,0, 130, False, 0
1205,0, 130, False, 0
1206,0, 130, False, 1
1207,0, 130, False, 1
1208,0, 130, False, 1
1209,0, 130, False, 1
1210,0, 130, False, 1
1211,0, 130, False, 1
1212,0, 130, False, 1
1213,0, 130, False, 1
1214,0, 130, False, 1
1215,0, 130, False, 0
1216,0, 130, False, 0
1217,0, 130, False, 0
1218,0, 130, False, 0
1219,0, 130, False, 0
1220,0, 130, False, 0
1221,0, 130, False, 1
1222,0, 130, False, 1
1223,0, 130, False, 1
1224,0, 130, False, 1
1225,0, 130, False, 1
1226,0, 130, False, 1
1227,0, 130, False, 1
1228,0, 130, False, 0
1229,0, 130, False, 0
1230,0, 130, False, 0
1231,0, 130, False, 0
1232,0, 130, False, 0
1233,0, 130, False, 0
1234,0, 130, False, 0
1235,0, 130, False, 1
1236,0, 130, False, 1
1237,0, 130, False, 1
1238,0, 130, False, 1
1239,0, 130, False, 1
1240,0, 130, False, 1
1241,10, 140, False, 1
1242,0, 140, False, 0
1243,0, 140, False, 0
1244,0, 140, False, 0
1245,0, 140, False, 0
1246,0, 140, False, 0
1247,0, 140, False, 0
1248,0, 140, False, 1
1249,0, 140, False, 1
1250,0, 140, False, 1
1251,0, 140, False, 1
1252,0, 140, False, 1
1253,0, 140, False, 1
1254,0, 140, False, 1
1255,0, 140, False, 1
1256,0, 140, False, 0
1257,0, 140, False, 0
1258,0, 140, False, 4
1259,0, 140, False, 4
1260,0, 140, False, 4
1261,0, 140, False, 4
1262,0, 140, False, 4
1263,0, 140, False, 4
1264,0, 140, False, 4
1265,0, 140, False, 4
1266,0, 140, False, 4
1267,0, 140, False, 4
1268,0, 140, False, 4
1269,0, 140, False, 4
1270,0, 140, False, 4
1271,0, 140, False, 4
1272,0, 140, False, 4
1273,0, 140, False, 4
1274,0, 140, False, 4
1275,0, 140, False, 4
1276,0, 140, False, 4
1277,0, 140, False, 4
1278,0, 140, False, 4
1279,0, 140, False, 4
1280,0, 140, False, 0
1281,0, 140, False, 0
1282,0, 140, False, 0
1283,0, 140, False, 0
1284,0, 140, False, 0
1285,0, 140, False, 0
1286,0, 140, False, 0
1287,0, 140, False, 0
1288,0, 140, False, 0
1289,0, 140, False, 0
1290,0, 140, False, 0
1291,0, 140, False, 0
1292,0, 140, False, 0
1293,0, 140, False, 0
1294,0, 140, False, 0
1295,0, 140, False, 0
1296,0, 140, False, 0
1297,0, 140, False, 0
1298,0, 140, False, 0
1299,0, 140, False, 0
1300,0, 140, False, 0
1301,0, 140, False, 0
1302,0, 140, False, 0
1303,0, 140, False, 1
1304,0, 140, False, 1
1305,0, 140, False, 1
1306,0, 140, False, 1
1307,0, 140, False, 1
1308,0, 140, False, 1
1309,0, 140, False, 1
1310,0, 140, False, 0
1311,0, 140, False, 0
1312,0, 140, False, 0
1313,0, 140, False, 0
1314,0, 140, False, 0
1315,0, 140, False, 0
1316,0, 140, False, 1
1317,0, 140, False, 1
1318,0, 140, False, 1
1319,0, 140, False, 1
1320,0, 140, False, 1
1321,0, 140, False, 1
1322,0, 140, False, 1
1323,0, 140, False, 0
1324,0, 140, False, 0
1325,0, 140, False, 0
1326,0, 140, False, 0
1327,0, 140, False, 0
1328,0, 140, False, 0
1329,0, 140, False, 0
1330,0, 140, False, 0
1331,0, 140, False, 0
1332,0, 140, False, 0
1333,0, 140, False, 0
1334,0, 140, False, 0
1335,0, 140, False, 0
1336,0, 140, False, 0
1337,0, 140, False, 0
1338,0, 140, False, 0
1339,0, 140, False, 0
1340,0, 140, False, 0
1341,0, 140, False, 0
1342,0, 140, False, 0
1343,0, 140, False, 0
1344,0, 140, False, 0
1345,0, 140, False, 0
1346,0, 140, False, 0
1347,0, 140, False, 0
1348,0, 140, False, 4
1349,0, 140, False, 4
1350,0, 140, False, 4
1351,0, 140, False, 4
1352,0, 140, False, 4
1353,0, 140, False, 4
1354,0, 140, False, 4
1355,0, 140, False, 4
1356,0, 140, False, 0
1357,0, 140, False, 0
1358,0, 140, False, 0
1359,0, 140, False, 0
1360,0, 140, False, 0
1361,0, 140, False, 0
1362,0, 140, False, 0
1363,0, 140, False, 0
1364,0, 140, False, 0
1365,0, 140, False, 0
1366,0, 140, False, 0
1367,0, 140, False, 0
1368,0, 140, False, 0
1369,0, 140, False, 0
1370,0, 140, False, 0
1371,0, 140, False, 0
1372,0, 140, False, 0
1373,0, 140, False, 0
1374,0, 140, False, 0
1375,0, 140, False, 0
1376,0, 140, False, 0
1377,0, 140, False, 0
1378,0, 140, False, 0
1379,0, 140, False, 0
1380,0, 140, False, 0
1381,0, 140, False, 0
1382,0, 140, False, 0
1383,0, 140, False, 0
1384,0, 140, False, 0
1385,0, 140, False, 0
1386,0, 140, False, 0
1387,0, 140, False, 0
1388,0, 140, False, 0
1389,0, 140, False, 0
1390,0, 140, False, 0
1391,0, 140, False, 0
1392,0, 140, False, 3
1393,0, 140, False, 3
1394,0, 140, False, 3
1395,0, 140, False, 3
1396,0, 140, False, 3
1397,0, 140, False, 3
1398,0, 140, False, 3
1399,0, 140, False, 3
1400,0, 140, False, 3
1401,0, 140, False, 3
1402,0, 140, False, 3
1403,0, 140, False, 3
1404,0, 140, False, 3
1405,0, 140, False, 3
1406,0, 140, False, 3
1407,0, 140, False, 11
1408,0, 140, False, 11
1409,0, 140, False, 1
1410,0, 140, False, 1
1411,0, 140, False, 1
1412,0, 140, False, 1
1413,0, 140, False, 0
1414,0, 140, False, 0
1415,0, 140, False, 0
1416,0, 140, False, 0
1417,0, 140, False, 0
1418,0, 140, False, 1
1419,0, 140, False, 1
1420,0, 140, False, 1
1421,0, 140, False, 1
1422,0, 140, False, 1
1423,0, 140, False, 1
1424,0, 140, False, 1
1425,0, 140, False, 1
1426,0, 140, False, 0
1427,0, 140, False, 0
1428,0, 140, False, 0
1429,0, 140, False, 0
1430,0, 140, False, 0
1431,0, 140, False, 0
1432,0, 140, False, 0
1433,0, 140, False, 0
1434,0, 140, False, 1
1435,0, 140, False, 1
1436,0, 140, False, 1
1437,0, 140, False, 1
1438,0, 140, False, 1
1439,0, 140, False, 1
1440,0, 140, False, 1
1441,0, 140, False, 0
1442,0, 140, False, 0
1443,0, 140, False, 0
1444,0, 140, False, 0
1445,0, 140, False, 0
1446,0, 140, False, 0
1447,15, 155, False, 0
1448,0, 155, False, 1
1449,0, 155, False, 1
1450,0, 155, False, 1
1451,0, 155, False, 1
1452,0, 155, False, 1
1453,0, 155, False, 1
1454,0, 155, False, 1
1455,0, 155, False, 0
1456,0, 155, False, 0
1457,0, 155, False, 0
1458,0, 155, False, 0
1459,0, 155, False, 0
1460,0, 155, False, 0
1461,0, 155, False, 0
1462,0, 155, False, 0
1463,0, 155, False, 3
1464,0, 155, False, 3
1465,0, 155, False, 3
1466,0, 155, False, 3
1467,0, 155, False, 3
1468,0, 155, False, 3
1469,0, 155, False, 3
1470,0, 155, False, 3
1471,0, 155, False, 3
1472,0, 155, False, 3
1473,0, 155, False, 3
1474,0, 155, False, 3
1475,0, 155, False, 3
1476,0, 155, False, 3
1477,0, 155, False, 3
1478,0, 155, False, 3
1479,0, 155, False, 3
1480,0, 155, False, 3
1481,0, 155, False, 3
1482,0, 155, False, 3
1483,0, 155, False, 3
1484,0, 155, False, 3
1485,0, 155, False, 3
1486,0, 155, False, 3
1487,0, 155, False, 3
1488,0, 155, False, 3
1489,0, 155, False, 3
1490,0, 155, False, 3
1491,0, 155, False, 3
1492,0, 155, False, 3
1493,0, 155, False, 3
1494,0, 155, False, 3
1495,20, 175, False, 3
1496,0, 175, False, 3
1497,0, 175, False, 3
1498,0, 175, False, 3
1499,0, 175, False, 3
1500,0, 175, False, 3
1501,0, 175, False, 3
1502,0, 175, False, 3
1503,0, 175, False, 3
1504,0, 175, False, 3
1505,0, 175, False, 3
1506,0, 175, False, 3
1507,0, 175, False, 3
1508,0, 175, False, 3
1509,0, 175, False, 3
1510,0, 175, False, 0
1511,0, 175, False, 0
1512,0, 175, False, 0
1513,0, 175, False, 0
1514,0, 175, False, 0
1515,0, 175, False, 0
1516,0, 175, False, 0
1517,0, 175, False, 0
1518,0, 175, False, 0
1519,0, 175, False, 0
1520,0, 175, False, 0
1521,0, 175, False, 0
1522,0, 175, False, 3
1523,0, 175, False, 3
1524,0, 175, False, 3
1525,0, 175, False, 3
1526,0, 175, False, 3
1527,0, 175, False, 3
1528,0, 175, False, 0
1529,0, 175, False, 0
1530,0, 175, False, 0
1531,0, 175, False, 0
1532,0, 175, False, 0
1533,0, 175, False, 0
1534,0, 175, False, 0
1535,0, 175, False, 0
1536,0, 175, False, 0
1537,0, 175, False, 0
1538,0, 175, False, 0
1539,0, 175, False, 0
1540,0, 175, False, 1
1541,0, 175, False, 1
1542,0, 175, False, 1
1543,0, 175, False, 1
1544,0, 175, False, 1
1545,0, 175, False, 1
1546,0, 175, False, 1
1547,0, 175, False, 0
1548,0, 175, False, 0
1549,0, 175, False, 0
1550,0, 175, False, 0
1551,0, 175, False, 0
1552,0, 175, False, 0
1553,0, 175, False, 0
1554,0, 175, False, 1
1555,0, 175, False, 1
1556,0, 175, False, 1
1557,0, 175, False, 1
1558,0, 175, False, 1
1559,5, 180, False, 0
1560,0, 180, False, 0
1561,0, 180, False, 0
1562,0, 180, False, 0
1563,0, 180, False, 0
1564,0, 180, False, 0
1565,0, 180, False, 0
1566,0, 180, False, 1
1567,0, 180, False, 1
1568,0, 180, False, 1
1569,0, 180, False, 1
1570,0, 180, False, 1
1571,0, 180, False, 1
1572,0, 180, False, 1
1573,0, 180, False, 0
1574,0, 180, False, 0
1575,0, 180, False, 0
1576,0, 180, False, 0
1577,0, 180, False, 0
1578,0, 180, False, 1
1579,0, 180, False, 1
1580,0, 180, False, 1
1581,0, 180, False, 1
1582,0, 180, False, 1
1583,0, 180, False, 1
1584,0, 180, False, 0
1585,0, 180, False, 0
1586,0, 180, False, 0
1587,0, 180, False, 0
1588,0, 180, False, 0
1589,0, 180, False, 0
1590,0, 180, False, 0
1591,0, 180, False, 1
1592,0, 180, False, 1
1593,0, 180, False, 1
1594,0, 180, False, 1
1595,10, 190, False, 1
1596,0, 190, False, 1
1597,0, 190, False, 0
1598,0, 190, False, 0
1599,0, 190, False, 0
1600,0, 190, False, 0
1601,0, 190, False, 0
1602,0, 190, False, 0
1603,0, 190, False, 1
1604,0, 190, False, 1
1605,0, 190, False, 1
1606,0, 190, False, 1
1607,0, 190, False, 1
1608,0, 190, False, 1
1609,0, 190, False, 12
1610,0, 190, False, 4
1611,0, 190, False, 4
1612,0, 190, False, 4
1613,0, 190, False, 4
1614,0, 190, False, 4
1615,0, 190, False, 4
1616,0, 190, False, 4
1617,0, 190, False, 4
1618,0, 190, False, 4
1619,0, 190, False, 4
1620,0, 190, False, 4
1621,0, 190, False, 4
1622,0, 190, False, 4
1623,0, 190, False, 4
1624,0, 190, False, 4
1625,0, 190, False, 4
1626,0, 190, False, 4
1627,0, 190, False, 4
1628,0, 190, False, 4
1629,0, 190, False, 4
1630,0, 190, False, 4
1631,0, 190, False, 4
1632,0, 190, False, 4
1633,15, 205, False, 0
1634,0, 205, False, 0
1635,0, 205, False, 0
1636,0, 205, False, 0
1637,0, 205, False, 0
1638,0, 205, False, 0
1639,0, 205, False, 0
1640,0, 205, False, 0
1641,0, 205, False, 0
1642,0, 205, False, 0
1643,0, 205, False, 0
1644,0, 205, False, 4
1645,0, 205, False, 4
1646,0, 205, False, 4
1647,0, 205, False, 4
1648,0, 205, False, 4
1649,0, 205, False, 4
1650,0, 205, False, 4
1651,0, 205, False, 4
1652,0, 205, False, 4
1653,0, 205, False, 4
1654,0, 205, False, 4
1655,0, 205, False, 4
1656,0, 205, False, 4
1657,0, 205, False, 4
1658,0, 205, False, 4
1659,0, 205, False, 4
1660,0, 205, False, 4
1661,0, 205, False, 4
1662,0, 205, False, 4
1663,0, 205, False, 4
1664,0, 205, False, 4
1665,0, 205, False, 4
1666,0, 205, False, 0
1667,0, 205, False, 0
1668,0, 205, False, 0
1669,0, 205, False, 0
1670,0, 205, False, 1
1671,0, 205, False, 1
1672,0, 205, False, 1
1673,0, 205, False, 1
1674,0, 205, False, 1
1675,0, 205, False, 1
1676,0, 205, False, 0
1677,0, 205, False, 0
1678,0, 205, False, 0
1679,0, 205, False, 0
1680,0, 205, False, 0
1681,0, 205, False, 1
1682,0, 205, False, 1
1683,0, 205, False, 1
1684,0, 205, False, 1
1685,0, 205, False, 1
1686,0, 205, False, 1
1687,0, 205, False, 1
1688,0, 205, False, 0
1689,0, 205, False, 0
1690,0, 205, False, 0
1691,5, 210, False, 0
1692,0, 210, False, 0
1693,0, 210, False, 0
1694,0, 210, False, 1
1695,0, 210, False, 1
1696,0, 210, False, 1
1697,0, 210, False, 1
1698,0, 210, False, 12
1699,0, 210, False, 12
1700,0, 210, False, 12
1701,0, 210, False, 4
1702,0, 210, False, 4
1703,0, 210, False, 4
1704,0, 210, False, 4
1705,0, 210, False, 4
1706,0, 210, False, 4
1707,0, 210, False, 4
1708,0, 210, False, 4
1709,0, 210, False, 4
1710,0, 210, False, 12
1711,0, 210, False, 12
1712,0, 210, False, 12
1713,0, 210, False, 12
1714,0, 210, False, 12
1715,0, 210, False, 4
1716,0, 210, False, 4
1717,0, 210, False, 4
1718,0, 210, False, 4
1719,0, 210, False, 4
1720,0, 210, False, 4
1721,0, 210, False, 4
1722,0, 210, False, 12
1723,0, 210, False, 12
1724,0, 210, False, 12
1725,0, 210, False, 12
1726,0, 210, False, 12
1727,0, 210, False, 12
1728,0, 210, False, 4
1729,0, 210, False, 4
1730,0, 210, False, 4
1731,0, 210, False, 4
1732,0, 210, False, 4
1733,0, 210, False, 4
1734,0, 210, False, 4
1735,0, 210, False, 4
1736,0, 210, False, 4
1737,0, 210, False, 4
1738,0, 210, False, 4
1739,0, 210, False, 4
1740,0, 210, False, 4
1741,0, 210, False, 4
1742,0, 210, False, 4
1743,0, 210, False, 4
1744,0, 210, False, 4
1745,0, 210, False, 4
1746,0, 210, False, 4
1747,0, 210, False, 4
1748,0, 210, False, 4
1749,0, 210, False, 4
1750,0, 210, False, 4
1751,0, 210, False, 4
1752,0, 210, False, 4
1753,0, 210, False, 4
1754,0, 210, False, 4
1755,0, 210, False, 4
1756,0, 210, False, 4
1757,0, 210, False, 4
1758,0, 210, False, 4
1759,0, 210, False, 4
1760,0, 210, False, 4
1761,0, 210, False, 4
1762,0, 210, False, 4
1763,0, 210, False, 4
1764,0, 210, False, 4
1765,0, 210, False, 4
1766,0, 210, False, 4
1767,0, 210, False, 4
1768,0, 210, False, 4
1769,0, 210, False, 4
1770,0, 210, False, 4
1771,0, 210, False, 4
1772,0, 210, False, 4
1773,0, 210, False, 4
1774,0, 210, False, 4
1775,0, 210, False, 4
1776,0, 210, False, 4
1777,0, 210, False, 4
1778,0, 210, False, 4
1779,0, 210, False, 4
1780,0, 210, False, 4
1781,0, 210, False, 4
1782,0, 210, False, 4
1783,0, 210, False, 4
1784,0, 210, False, 4
1785,0, 210, False, 4
1786,0, 210, False, 4
1787,0, 210, False, 4
1788,0, 210, False, 4
1789,0, 210, False, 4
1790,0, 210, False, 4
1791,0, 210, False, 4
1792,0, 210, False, 4
1793,0, 210, False, 4
1794,0, 210, False, 4
1795,0, 210, False, 4
1796,0, 210, False, 4
1797,0, 210, False, 4
1798,0, 210, False, 4
1799,0, 210, False, 4
1800,0, 210, False, 4
1801,0, 210, False, 4
1802,0, 210, False, 4
1803,0, 210, False, 4
1804,0, 210, False, 4
1805,0, 210, False, 4
1806,0, 210, False, 4
1807,0, 210, False, 4
1808,0, 210, False, 4
1809,0, 210, False, 4
1810,0, 210, False, 4
1811,0, 210, False, 0
1812,0, 210, False, 0
1813,0, 210, False, 0
1814,0, 210, False, 0
1815,0, 210, False, 0
1816,0, 210, False, 0
1817,0, 210, False, 0
1818,0, 210, False, 0
1819,0, 210, False, 0
1820,0, 210, False, 0
1821,0, 210, False, 0
1822,0, 210, False, 0
1823,0, 210, False, 0
1824,0, 210, False, 0
1825,0, 210, False, 0
1826,0, 210, False, 0
1827,0, 210, False, 0
1828,0, 210, False, 1
1829,0, 210, False, 1
1830,0, 210, False, 1
1831,0, 210, False, 1
1832,0, 210, False, 1
1833,0, 210, False, 1
1834,0, 210, False, 1
1835,0, 210, False, 1
1836,0, 210, False, 1
1837,0, 210, False, 0
1838,0, 210, False, 0
1839,0, 210, False, 0
1840,0, 210, False, 0
1841,0, 210, False, 0
1842,0, 210, False, 0
1843,0, 210, False, 0
1844,0, 210, False, 0
1845,0, 210, False, 0
1846,0, 210, False, 0
1847,0, 210, False, 0
1848,0, 210, False, 0
1849,0, 210, False, 0
1850,0, 210, False, 0
1851,0, 210, False, 4
1852,0, 210, False, 4
1853,0, 210, False, 4
1854,0, 210, False, 4
1855,0, 210, False, 4
1856,0, 210, False, 4
1857,0, 210, False, 4
1858,0, 210, False, 4
1859,0, 210, False, 0
1860,0, 210, False, 0
1861,0, 210, False, 1
1862,0, 210, False, 1
1863,0, 210, False, 1
1864,0, 210, False, 1
1865,0, 210, False, 1
1866,0, 210, False, 1
1867,0, 210, False, 1
1868,0, 210, False, 0
1869,0, 210, False, 0
1870,0, 210, False, 0
1871,20, 230, False, 0
1872,0, 230, False, 0
1873,0, 230, False, 0
1874,0, 230, False, 1
1875,0, 230, False, 1
1876,0, 230, False, 1
1877,0, 230, False, 1
1878,0, 230, False, 1
1879,0, 230, False, 1
1880,0, 230, False, 0
1881,0, 230, False, 0
1882,0, 230, False, 0
1883,0, 230, False, 0
1884,0, 230, False, 0
1885,0, 230, False, 0
1886,0, 230, False, 1
1887,0, 230, False, 1
1888,0, 230, False, 1
1889,5, 235, False, 1
1890,0, 235, False, 1
1891,0, 235, False, 1
1892,0, 235, False, 0
1893,0, 235, False, 0
1894,0, 235, False, 0
1895,0, 235, False, 0
1896,0, 235, False, 0
1897,0, 235, False, 0
1898,0, 235, False, 1
1899,0, 235, False, 1
1900,0, 235, False, 1
1901,0, 235, False, 1
1902,0, 235, False, 1
1903,0, 235, False, 1
1904,0, 235, False, 0
1905,0, 235, False, 0
1906,0, 235, False, 0
1907,0, 235, False, 0
1908,0, 235, False, 0
1909,0, 235, False, 0
1910,0, 235, False, 1
1911,0, 235, False, 1
1912,0, 235, False, 1
1913,10, 245, False, 1
1914,0, 245, False, 1
1915,0, 245, False, 0
1916,0, 245, False, 0
1917,0, 245, False, 0
1918,0, 245, False, 0
1919,0, 245, False, 0
1920,0, 245, False, 0
1921,0, 245, False, 0
1922,0, 245, False, 1
1923,0, 245, False, 1
1924,0, 245, False, 1
1925,0, 245, False, 1
1926,0, 245, False, 1
1927,0, 245, False, 0
1928,0, 245, False, 0
1929,0, 245, False, 0
1930,0, 245, False, 0
1931,0, 245, False, 0
1932,0, 245, False, 0
1933,0, 245, False, 0
1934,0, 245, False, 1
1935,0, 245, False, 1
1936,0, 245, False, 1
1937,0, 245, False, 1
1938,0, 245, False, 1
1939,0, 245, False, 1
1940,0, 245, False, 0
1941,0, 245, False, 0
1942,0, 245, False, 0
1943,0, 245, False, 0
1944,0, 245, False, 0
1945,0, 245, False, 1
1946,0, 245, False, 1
1947,0, 245, False, 1
1948,0, 245, False, 1
1949,0, 245, False, 1
1950,0, 245, False, 1
1951,0, 245, False, 1
1952,0, 245, False, 1
1953,0, 245, False, 0
1954,0, 245, False, 0
1955,0, 245, False, 0
1956,0, 245, False, 0
1957,0, 245, False, 0
1958,0, 245, False, 0
1959,0, 245, False, 0
1960,0, 245, False, 0
1961,0, 245, False, 0
1962,0, 245, False, 3
1963,0, 245, False, 3
1964,0, 245, False, 3
1965,0, 245, False, 3
1966,0, 245, False, 3
1967,0, 245, False, 3
1968,0, 245, False, 3
1969,0, 245, False, 3
1970,0, 245, False, 3
1971,0, 245, False, 3
1972,0, 245, False, 3
1973,0, 245, False, 3
1974,0, 245, False, 3
1975,0, 245, False, 3
1976,0, 245, False, 3
1977,0, 245, False, 3
1978,0, 245, False, 3
1979,0, 245, False, 3
1980,0, 245, False, 3
1981,0, 245, False, 3
1982,0, 245, False, 3
1983,0, 245, False, 3
1984,0, 245, False, 3
1985,0, 245, False, 3
1986,0, 245, False, 3
1987,0, 245, False, 3
1988,0, 245, False, 3
1989,0, 245, False, 3
1990,0, 245, False, 3
1991,0, 245, False, 3
1992,0, 245, False, 3
1993,0, 245, False, 3
1994,0, 245, False, 3
1995,0, 245, False, 3
1996,0, 245, False, 3
1997,0, 245, False, 0
1998,0, 245, False, 0
1999,0, 245, False, 0
2000,0, 245, False, 0
2001,0, 245, False, 0
2002,0, 245, False, 0
2003,0, 245, False, 0
2004,0, 245, False, 1
2005,0, 245, False, 1
2006,0, 245, False, 1
2007,0, 245, False, 1
2008,0, 245, False, 1
2009,0, 245, False, 1
2010,0, 245, False, 1
2011,0, 245, False, 0
2012,0, 245, False, 0
2013,0, 245, False, 0
2014,0, 245, False, 0
2015,0, 245, False, 0
2016,0, 245, False, 0
2017,0, 245, False, 0
2018,0, 245, False, 1
2019,0, 245, False, 1
2020,0, 245, False, 1
2021,0, 245, False, 1
2022,0, 245, False, 1
2023,0, 245, False, 1
2024,0, 245, False, 1
2025,0, 245, False, 0
2026,0, 245, False, 0
2027,0, 245, False, 0
2028,0, 245, False, 0
2029,0, 245, False, 0
2030,0, 245, False, 0
2031,0, 245, False, 1
2032,0, 245, False, 1
2033,0, 245, False, 1
2034,0, 245, False, 1
2035,0, 245, False, 1
2036,0, 245, False, 1
2037,0, 245, False, 1
2038,0, 245, False, 1
2039,15, 260, False, 0
2040,0, 260, False, 0
2041,0, 260, False, 0
2042,0, 260, False, 0
2043,0, 260, False, 0
2044,0, 260, False, 0
2045,0, 260, False, 1
2046,0, 260, False, 1
2047,0, 260, False, 1
2048,0, 260, False, 1
2049,0, 260, False, 1
2050,0, 260, False, 1
2051,0, 260, False, 1
2052,0, 260, False, 0
2053,0, 260, False, 0
2054,0, 260, False, 0
2055,0, 260, False, 0
2056,0, 260, False, 0
2057,0, 260, False, 0
2058,0, 260, False, 1
2059,0, 260, False, 1
2060,0, 260, False, 1
2061,0, 260, False, 1
2062,0, 260, False, 1
2063,0, 260, False, 1
2064,0, 260, False, 1
2065,0, 260, False, 1
2066,0, 260, False, 0
2067,0, 260, False, 0
2068,0, 260, False, 3
2069,0, 260, False, 3
2070,0, 260, False, 3
2071,0, 260, False, 3
2072,0, 260, False, 3
2073,0, 260, False, 3
2074,0, 260, False, 3
2075,0, 260, False, 3
2076,0, 260, False, 3
2077,0, 260, False, 3
2078,0, 260, False, 3
2079,0, 260, False, 3
2080,0, 260, False, 3
2081,0, 260, False, 3
2082,0, 260, False, 3
2083,0, 260, False, 3
2084,0, 260, False, 3
2085,0, 260, False, 3
2086,0, 260, False, 3
2087,0, 260, False, 3
2088,0, 260, False, 3
2089,0, 260, False, 3
2090,0, 260, False, 3
2091,0, 260, False, 3
2092,0, 260, False, 3
2093,0, 260, False, 3
2094,0, 260, False, 3
2095,0, 260, False, 3
2096,0, 260, False, 3
2097,0, 260, False, 3
2098,0, 260, False, 11
2099,0, 260, False, 11
2100,0, 260, False, 11
2101,0, 260, False, 1
2102,0, 260, False, 1
2103,0, 260, False, 0
2104,0, 260, False, 0
2105,0, 260, False, 0
2106,0, 260, False, 0
2107,0, 260, False, 0
2108,0, 260, False, 0
2109,0, 260, False, 1
2110,0, 260, False, 1
2111,0, 260, False, 1
2112,0, 260, False, 1
2113,0, 260, False, 11
2114,0, 260, False, 11
2115,0, 260, False, 11
2116,0, 260, False, 11
2117,0, 260, False, 11
2118,0, 260, False, 3
2119,0, 260, False, 3
2120,0, 260, False, 3
2121,0, 260, False, 3
2122,0, 260, False, 3
2123,0, 260, False, 3
2124,0, 260, False, 3
2125,0, 260, False, 3
2126,0, 260, False, 3
2127,0, 260, False, 3
2128,0, 260, False, 3
2129,0, 260, False, 3
2130,0, 260, False, 3
2131,0, 260, False, 3
2132,0, 260, False, 3
2133,0, 260, False, 3
2134,0, 260, False, 3
2135,0, 260, False, 3
2136,0, 260, False, 3
2137,0, 260, False, 3
2138,0, 260, False, 3
2139,0, 260, False, 3
2140,0, 260, False, 3
2141,0, 260, False, 3
2142,0, 260, False, 3
2143,0, 260, False, 3
2144,0, 260, False, 3
2145,0, 260, False, 3
2146,0, 260, False, 3
2147,0, 260, False, 3
2148,0, 260, False, 3
2149,0, 260, False, 3
2150,0, 260, False, 3
2151,0, 260, False, 3
2152,0, 260, False, 3
2153,0, 260, False, 3
2154,0, 260, False, 3
2155,0, 260, False, 3
2156,0, 260, False, 3
2157,0, 260, False, 3
2158,0, 260, False, 3
2159,0, 260, False, 3
2160,0, 260, False, 3
2161,0, 260, False, 3
2162,0, 260, False, 3
2163,0, 260, False, 3
2164,0, 260, False, 3
2165,0, 260, False, 0
2166,0, 260, False, 0
2167,0, 260, False, 1
2168,0, 260, False, 1
2169,0, 260, False, 1
2170,0, 260, False, 1
2171,0, 260, False, 1
2172,0, 260, False, 1
2173,0, 260, False, 0
2174,0, 260, False, 0
2175,0, 260, False, 0
2176,0, 260, False, 0
2177,0, 260, False, 0
2178,0, 260, False, 0
2179,0, 260, False, 1
2180,0, 260, False, 1
2181,0, 260, False, 1
2182,0, 260, False, 1
2183,0, 260, False, 1
2184,0, 260, False, 1
2185,0, 260, False, 1
2186,0, 260, False, 0
2187,0, 260, False, 0
2188,0, 260, False, 0
2189,0, 260, False, 0
2190,0, 260, False, 0
2191,0, 260, False, 0
2192,0, 260, False, 1
2193,0, 260, False, 1
2194,0, 260, False, 1
2195,0, 260, False, 1
2196,0, 260, False, 1
2197,0, 260, False, 1
2198,0, 260, False, 1
2199,0, 260, False, 0
2200,0, 260, False, 0
2201,0, 260, False, 0
2202,0, 260, False, 0
2203,0, 260, False, 0
2204,0, 260, False, 0
2205,0, 260, False, 0
2206,0, 260, False, 1
2207,0, 260, False, 1
2208,0, 260, False, 1
2209,0, 260, False, 1
2210,0, 260, False, 1
2211,0, 260, False, 1
2212,0, 260, False, 1
2213,25, 285, False, 0
2214,0, 285, False, 0
2215,0, 285, False, 0
2216,0, 285, False, 0
2217,0, 285, False, 0
2218,0, 285, False, 1
2219,0, 285, False, 1
2220,0, 285, False, 1
2221,0, 285, False, 1
2222,0, 285, False, 1
2223,0, 285, False, 1
2224,0, 285, False, 0
2225,0, 285, False, 0
2226,0, 285, False, 0
2227,0, 285, False, 0
2228,0, 285, False, 0
2229,0, 285, False, 0
2230,0, 285, False, 1
2231,0, 285, False, 1
2232,0, 285, False, 1
2233,0, 285, False, 1
2234,0, 285, False, 1
2235,0, 285, False, 1
2236,0, 285, False, 1
2237,10, 295, False, 1
2238,0, 295, False, 1
2239,0, 295, False, 0
2240,0, 295, False, 0
2241,0, 295, False, 0
2242,0, 295, False, 0
2243,0, 295, False, 0
2244,0, 295, False, 0
2245,0, 295, False, 0
2246,0, 295, False, 0
2247,0, 295, False, 1
2248,0, 295, False, 1
2249,0, 295, False, 1
2250,0, 295, False, 1
2251,0, 295, False, 1
2252,0, 295, False, 1
2253,0, 295, False, 0
2254,0, 295, False, 0
2255,0, 295, False, 0
2256,0, 295, False, 0
2257,0, 295, False, 0
2258,0, 295, False, 0
2259,0, 295, False, 0
2260,0, 295, False, 1
2261,0, 295, False, 1
2262,0, 295, False, 1
2263,0, 295, False, 1
2264,0, 295, False, 1
2265,0, 295, False, 0
2266,0, 295, False, 0
2267,15, 310, False, 0
2268,0, 310, False, 0
2269,0, 310, False, 0
2270,0, 310, False, 0
2271,0, 310, False, 1
2272,0, 310, False, 1
2273,0, 310, False, 1
2274,0, 310, False, 1
2275,0, 310, False, 1
2276,0, 310, False, 1
2277,0, 310, False, 0
2278,0, 310, False, 3
2279,0, 310, False, 3
2280,0, 310, False, 3
2281,0, 310, False, 3
2282,0, 310, False, 3
2283,0, 310, False, 3
2284,0, 310, False, 3
2285,0, 310, False, 3
2286,0, 310, False, 3
2287,0, 310, False, 3
2288,0, 310, False, 3
2289,0, 310, False, 3
2290,0, 310, False, 3
2291,0, 310, False, 3
2292,0, 310, False, 3
2293,0, 310, False, 3
2294,0, 310, False, 3
2295,0, 310, False, 3
2296,0, 310, False, 3
2297,0, 310, False, 3
2298,0, 310, False, 3
2299,0, 310, False, 3
2300,0, 310, False, 3
2301,0, 310, False, 3
2302,0, 310, False, 3
2303,0, 310, False, 3
2304,0, 310, False, 3
2305,0, 310, False, 3
2306,0, 310, False, 3
2307,0, 310, False, 3
2308,0, 310, False, 3
2309,20, 330, False, 3
2310,0, 330, False, 3
2311,0, 330, False, 3
2312,0, 330, False, 3
2313,0, 330, False, 0
2314,0, 330, False, 0
2315,0, 330, False, 0
2316,0, 330, False, 0
2317,0, 330, False, 0
2318,0, 330, False, 0
2319,0, 330, False, 0
2320,0, 330, False, 0
2321,0, 330, False, 0
2322,0, 330, False, 0
2323,0, 330, False, 0
2324,0, 330, False, 0
2325,0, 330, False, 0
2326,0, 330, False, 0
2327,0, 330, False, 0
2328,0, 330, False, 0
2329,0, 330, False, 0
2330,0, 330, False, 0
2331,0, 330, False, 0
2332,0, 330, False, 0
2333,0, 330, False, 0
2334,0, 330, False, 0
2335,0, 330, False, 0
2336,0, 330, False, 0
2337,0, 330, False, 0
2338,0, 330, False, 0
2339,0, 330, False, 0
2340,0, 330, False, 0
2341,0, 330, False, 0
2342,0, 330, False, 0
2343,0, 330, False, 0
2344,0, 330, False, 0
2345,0, 330, False, 0
2346,0, 330, False, 0
2347,0, 330, False, 0
2348,0, 330, False, 0
2349,0, 330, False, 0
2350,0, 330, False, 0
2351,0, 330, False, 0
2352,0, 330, False, 0
2353,0, 330, False, 0
2354,0, 330, False, 0
2355,0, 330, False, 0
2356,0, 330, False, 0
2357,0, 330, False, 0
2358,0, 330, False, 0
2359,0, 330, False, 0
2360,0, 330, False, 0
2361,0, 330, False, 0
2362,0, 330, False, 0
2363,0, 330, False, 0
2364,0, 330, False, 0
2365,0, 330, False, 0
2366,0, 330, False, 0
2367,0, 330, False, 0
2368,0, 330, False, 0
2369,0, 330, False, 0
2370,0, 330, False, 0
2371,0, 330, False, 0
2372,0, 330, False, 0
2373,0, 330, False, 0
2374,0, 330, False, 0
2375,0, 330, False, 0
2376,0, 330, False, 0
2377,0, 330, False, 0
2378,0, 330, False, 0
2379,0, 330, False, 0
2380,0, 330, False, 0
2381,0, 330, False, 0
2382,0, 330, False, 0
2383,0, 330, False, 0
2384,0, 330, False, 0
2385,0, 330, False, 0
2386,0, 330, False, 0
2387,0, 330, False, 0
2388,0, 330, False, 0
2389,0, 330, False, 0
2390,0, 330, False, 0
2391,0, 330, False, 0
2392,0, 330, False, 0
2393,0, 330, False, 0
2394,0, 330, False, 0
2395,0, 330, False, 0
2396,0, 330, False, 0
2397,0, 330, False, 0
2398,0, 330, False, 0
2399,0, 330, False, 0
2400,0, 330, False, 0
2401,0, 330, False, 0
2402,0, 330, False, 0
2403,0, 330, False, 0
2404,0, 330, False, 0
2405,0, 330, False, 0
2406,0, 330, False, 0
2407,0, 330, False, 0
2408,0, 330, False, 0
2409,0, 330, False, 0
2410,0, 330, False, 0
2411,0, 330, False, 0
2412,0, 330, False, 0
2413,0, 330, False, 0
2414,0, 330, False, 0
2415,0, 330, False, 0
2416,0, 330, False, 0
2417,0, 330, False, 0
2418,0, 330, False, 0
2419,0, 330, False, 0
2420,0, 330, False, 0
2421,0, 330, False, 0
2422,0, 330, False, 0
2423,0, 330, False, 0
2424,0, 330, False, 0
2425,0, 330, False, 0
2426,0, 330, False, 0
2427,0, 330, False, 0
2428,0, 330, False, 0
2429,0, 330, False, 0
2430,0, 330, False, 0
2431,0, 330, False, 0
2432,0, 330, False, 0
2433,0, 330, False, 3
2434,0, 330, False, 3
2435,0, 330, False, 3
2436,0, 330, False, 3
2437,0, 330, False, 3
2438,0, 330, False, 3
2439,0, 330, False, 3
2440,0, 330, False, 3
2441,0, 330, False, 3
2442,0, 330, False, 3
2443,0, 330, False, 3
2444,0, 330, False, 3
2445,0, 330, False, 3
2446,0, 330, False, 3
2447,0, 330, False, 3
2448,0, 330, False, 3
2449,0, 330, False, 3
2450,0, 330, False, 3
2451,0, 330, False, 3
2452,0, 330, False, 3
2453,0, 330, False, 3
2454,0, 330, False, 3
2455,0, 330, False, 3
2456,0, 330, False, 3
2457,0, 330, False, 3
2458,0, 330, False, 3
2459,0, 330, False, 3
2460,0, 330, False, 3
2461,0, 330, False, 3
2462,0, 330, False, 3
2463,0, 330, False, 3
2464,0, 330, False, 3
2465,0, 330, False, 3
2466,0, 330, False, 3
2467,0, 330, False, 3
2468,0, 330, False, 3
2469,0, 330, False, 3
2470,0, 330, False, 3
2471,0, 330, False, 3
2472,0, 330, False, 3
2473,0, 330, False, 3
2474,0, 330, False, 3
2475,0, 330, False, 3
2476,0, 330, False, 3
2477,0, 330, False, 3
2478,0, 330, False, 3
2479,0, 330, False, 3
2480,0, 330, False, 3
2481,0, 330, False, 3
2482,0, 330, False, 3
2483,0, 330, False, 3
2484,0, 330, False, 3
2485,0, 330, False, 3
2486,0, 330, False, 3
2487,0, 330, False, 3
2488,0, 330, False, 3
2489,0, 330, False, 3
2490,0, 330, False, 3
2491,0, 330, False, 3
2492,0, 330, False, 3
2493,0, 330, False, 3
2494,0, 330, False, 3
2495,0, 330, False, 3
2496,0, 330, False, 3
2497,0, 330, False, 3
2498,0, 330, False, 3
2499,0, 330, False, 3
2500,0, 330, False, 3
2501,0, 330, False, 3
2502,0, 330, False, 3
2503,0, 330, False, 3
2504,0, 330, False, 3
2505,0, 330, False, 3
2506,0, 330, False, 3
2507,0, 330, False, 3
2508,0, 330, False, 3
2509,0, 330, False, 3
2510,0, 330, False, 3
2511,0, 330, False, 3
2512,0, 330, False, 3
2513,0, 330, False, 3
2514,0, 330, False, 3
2515,0, 330, False, 3
2516,0, 330, False, 3
2517,0, 330, False, 3
2518,0, 330, False, 3
2519,0, 330, False, 3
2520,0, 330, False, 3
2521,0, 330, False, 3
2522,0, 330, False, 3
2523,0, 330, False, 3
2524,0, 330, False, 3
2525,0, 330, False, 3
2526,0, 330, False, 3
2527,0, 330, False, 3
2528,0, 330, False, 3
2529,0, 330, False, 3
2530,0, 330, False, 3
2531,0, 330, False, 3
2532,0, 330, False, 3
2533,0, 330, False, 3
2534,0, 330, False, 3
2535,0, 330, False, 3
2536,0, 330, False, 3
2537,0, 330, False, 3
2538,0, 330, False, 3
2539,0, 330, False, 3
2540,0, 330, False, 3
2541,0, 330, False, 3
2542,0, 330, False, 3
2543,0, 330, False, 3
2544,0, 330, False, 3
2545,0, 330, False, 3
2546,0, 330, False, 3
2547,0, 330, False, 3
2548,0, 330, False, 3
2549,0, 330, False, 3
2550,0, 330, False, 3
2551,0, 330, False, 3
2552,0, 330, False, 3
2553,0, 330, False, 3
2554,0, 330, False, 3
2555,0, 330, False, 3
2556,0, 330, False, 3
2557,0, 330, False, 3
2558,0, 330, False, 3
2559,0, 330, False, 3
2560,0, 330, False, 3
2561,0, 330, False, 3
2562,0, 330, False, 3
2563,0, 330, False, 3
2564,0, 330, False, 3
2565,0, 330, False, 3
2566,0, 330, False, 3
2567,0, 330, False, 3
2568,0, 330, False, 3
2569,0, 330, False, 3
2570,0, 330, False, 3
2571,0, 330, False, 3
2572,0, 330, False, 3
2573,0, 330, False, 3
2574,0, 330, False, 3
2575,0, 330, False, 3
2576,0, 330, False, 3
2577,0, 330, False, 3
2578,0, 330, False, 3
2579,0, 330, False, 3
2580,0, 330, False, 3
2581,0, 330, False, 3
2582,0, 330, False, 3
2583,0, 330, False, 3
2584,0, 330, False, 3
2585,0, 330, False, 3
2586,0, 330, False, 3
2587,0, 330, False, 3
2588,0, 330, False, 3
2589,0, 330, False, 3
2590,0, 330, False, 3
2591,0, 330, False, 3
2592,0, 330, False, 3
2593,0, 330, False, 3
2594,0, 330, False, 3
2595,0, 330, False, 3
2596,0, 330, False, 3
2597,0, 330, False, 3
2598,0, 330, False, 3
2599,0, 330, False, 3
2600,0, 330, False, 3
2601,0, 330, False, 3
2602,0, 330, False, 3
2603,0, 330, False, 3
2604,0, 330, False, 3
2605,0, 330, False, 3
2606,0, 330, False, 3
2607,0, 330, False, 3
2608,0, 330, False, 3
2609,0, 330, False, 3
2610,0, 330, False, 3
2611,0, 330, False, 3
2612,0, 330, False, 3
2613,0, 330, False, 3
2614,0, 330, False, 3
2615,0, 330, False, 3
2616,0, 330, False, 3
2617,0, 330, False, 3
2618,0, 330, False, 3
2619,0, 330, False, 3
2620,0, 330, False, 3
2621,0, 330, False, 3
2622,0, 330, False, 3
2623,0, 330, False, 3
2624,0, 330, False, 3
2625,0, 330, False, 3
2626,0, 330, False, 3
2627,0, 330, False, 3
2628,0, 330, False, 3
2629,0, 330, False, 3
2630,0, 330, False, 3
2631,0, 330, False, 3
2632,0, 330, False, 3
2633,0, 330, False, 3
2634,0, 330, False, 3
2635,0, 330, False, 3
2636,0, 330, False, 3
2637,0, 330, False, 3
2638,0, 330, False, 3
2639,0, 330, False, 3
2640,0, 330, False, 3
2641,0, 330, False, 3
2642,0, 330, False, 3
2643,0, 330, False, 3
2644,0, 330, False, 3
2645,0, 330, False, 3
2646,0, 330, False, 3
2647,0, 330, False, 3
2648,0, 330, False, 11
2649,0, 330, False, 11
2650,0, 330, False, 11
2651,0, 330, False, 1
2652,0, 330, False, 0
2653,0, 330, False, 0
2654,0, 330, False, 0
2655,0, 330, False, 0
2656,0, 330, False, 0
2657,0, 330, False, 0
2658,0, 330, False, 1
2659,0, 330, False, 1
2660,0, 330, False, 1
2661,0, 330, False, 1
2662,0, 330, False, 1
2663,0, 330, False, 0
2664,0, 330, False, 0
2665,0, 330, False, 0
2666,0, 330, False, 0
2667,0, 330, False, 0
2668,0, 330, False, 0
2669,0, 330, False, 0
2670,0, 330, False, 1
2671,0, 330, False, 1
2672,0, 330, False, 1
2673,0, 330, False, 1
2674,0, 330, False, 1
2675,0, 330, False, 0
2676,0, 330, False, 0
2677,0, 330, False, 0
2678,0, 330, False, 0
2679,0, 330, False, 0
2680,0, 330, False, 0
2681,20, 350, False, 1
2682,0, 350, False, 1
2683,0, 350, False, 1
2684,0, 350, False, 1
2685,0, 350, False, 1
2686,0, 350, False, 1
2687,0, 350, False, 0
2688,0, 350, False, 0
2689,0, 350, False, 0
2690,0, 350, False, 0
2691,0, 350, False, 0
2692,0, 350, False, 1
2693,0, 350, False, 1
2694,0, 350, False, 1
2695,0, 350, False, 1
2696,0, 350, False, 1
2697,0, 350, False, 0
2698,0, 350, False, 0
2699,0, 350, False, 4
2700,0, 350, False, 4
2701,0, 350, False, 4
2702,0, 350, False, 4
2703,0, 350, False, 4
2704,0, 350, False, 4
2705,0, 350, False, 4
2706,0, 350, False, 4
2707,0, 350, False, 4
2708,0, 350, False, 4
2709,0, 350, False, 4
2710,0, 350, False, 4
2711,0, 350, False, 4
2712,0, 350, False, 4
2713,0, 350, False, 4
2714,0, 350, False, 4
2715,0, 350, False, 4
2716,0, 350, False, 4
2717,0, 350, False, 4
2718,0, 350, False, 4
2719,0, 350, False, 4
2720,0, 350, False, 4
2721,0, 350, False, 4
2722,0, 350, False, 4
2723,0, 350, False, 4
2724,0, 350, False, 4
2725,25, 375, False, 4
2726,0, 375, False, 4
2727,0, 375, False, 4
2728,0, 375, False, 4
2729,0, 375, False, 4
2730,0, 375, False, 4
2731,0, 375, False, 4
2732,0, 375, False, 4
2733,0, 375, False, 4
2734,0, 375, False, 4
2735,0, 375, False, 4
2736,0, 375, False, 0
2737,0, 375, False, 0
2738,0, 375, False, 0
2739,0, 375, False, 0
2740,0, 375, False, 0
2741,0, 375, False, 0
2742,0, 375, False, 0
2743,0, 375, False, 0
2744,0, 375, False, 0
2745,0, 375, False, 0
2746,0, 375, False, 0
2747,0, 375, False, 0
2748,0, 375, False, 0
2749,0, 375, False, 0
2750,0, 375, False, 3
2751,0, 375, False, 3
2752,0, 375, False, 3
2753,0, 375, False, 3
2754,0, 375, False, 3
2755,0, 375, False, 3
2756,0, 375, False, 3
2757,0, 375, False, 3
2758,0, 375, False, 3
2759,0, 375, False, 3
2760,0, 375, False, 3
2761,0, 375, False, 3
2762,0, 375, False, 3
2763,0, 375, False, 3
2764,0, 375, False, 3
2765,0, 375, False, 3
2766,0, 375, False, 3
2767,0, 375, False, 3
2768,0, 375, False, 3
2769,0, 375, False, 3
2770,0, 375, False, 3
2771,0, 375, False, 3
2772,0, 375, False, 3
2773,0, 375, False, 3
2774,0, 375, False, 3
2775,0, 375, False, 3
2776,0, 375, False, 3
2777,0, 375, False, 3
2778,0, 375, False, 3
2779,0, 375, False, 3
2780,0, 375, False, 3
2781,0, 375, False, 3
2782,0, 375, False, 3
2783,0, 375, False, 3
2784,0, 375, False, 3
2785,0, 375, False, 3
2786,0, 375, False, 3
2787,0, 375, False, 3
2788,0, 375, False, 3
2789,0, 375, False, 3
2790,0, 375, False, 3
2791,0, 375, False, 3
2792,0, 375, False, 3
2793,0, 375, False, 3
2794,0, 375, False, 3
2795,0, 375, False, 3
2796,0, 375, False, 3
2797,0, 375, False, 3
2798,0, 375, False, 11
2799,0, 375, False, 11
2800,0, 375, False, 11
2801,0, 375, False, 1
2802,0, 375, False, 1
2803,0, 375, False, 1
2804,0, 375, False, 0
2805,0, 375, False, 0
2806,0, 375, False, 0
2807,0, 375, False, 0
2808,0, 375, False, 0
2809,0, 375, False, 0
2810,0, 375, False, 1
2811,0, 375, False, 1
2812,0, 375, False, 1
2813,0, 375, False, 1
2814,0, 375, False, 1
2815,0, 375, False, 1
2816,0, 375, False, 0
2817,0, 375, False, 0
2818,0, 375, False, 0
2819,0, 375, False, 0
2820,0, 375, False, 0
2821,0, 375, False, 0
2822,0, 375, False, 1
2823,0, 375, False, 1
2824,0, 375, False, 1
2825,0, 375, False, 1
2826,0, 375, False, 1
2827,0, 375, False, 1
2828,0, 375, False, 0
2829,0, 375, False, 0
2830,0, 375, False, 0
2831,0, 375, False, 0
2832,0, 375, False, 0
2833,0, 375, False, 0
2834,0, 375, False, 0
2835,0, 375, False, 0
2836,0, 375, False, 1
2837,0, 375, False, 1
2838,0, 375, False, 1
2839,0, 375, False, 1
2840,0, 375, False, 1
2841,0, 375, False, 1
2842,0, 375, False, 1
2843,0, 375, False, 0
2844,0, 375, False, 0
2845,0, 375, False, 0
2846,0, 375, False, 0
2847,0, 375, False, 0
2848,0, 375, False, 0
2849,0, 375, False, 0
2850,0, 375, False, 0
2851,0, 375, False, 0
2852,0, 375, False, 0
2853,0, 375, False, 0
2854,0, 375, False, 0
2855,0, 375, False, 0
2856,0, 375, False, 0
2857,0, 375, False, 0
2858,0, 375, False, 0
2859,0, 375, False, 4
2860,0, 375, False, 4
2861,0, 375, False, 4
2862,0, 375, False, 4
2863,0, 375, False, 4
2864,0, 375, False, 4
2865,0, 375, False, 4
2866,0, 375, False, 4
2867,0, 375, False, 4
2868,0, 375, False, 4
2869,0, 375, False, 4
2870,0, 375, False, 4
2871,0, 375, False, 4
2872,0, 375, False, 4
2873,0, 375, False, 4
2874,0, 375, False, 4
2875,0, 375, False, 4
2876,0, 375, False, 4
2877,0, 375, False, 4
2878,0, 375, False, 4
2879,0, 375, False, 4
2880,0, 375, False, 4
2881,0, 375, False, 4
2882,0, 375, False, 4
2883,0, 375, False, 4
2884,0, 375, False, 4
2885,0, 375, False, 4
2886,0, 375, False, 4
2887,0, 375, False, 4
2888,0, 375, False, 4
2889,0, 375, False, 4
2890,0, 375, False, 4
2891,0, 375, False, 4
2892,0, 375, False, 4
2893,0, 375, False, 4
2894,0, 375, False, 4
2895,0, 375, False, 12
2896,0, 375, False, 12
2897,0, 375, False, 12
2898,0, 375, False, 12
2899,0, 375, False, 12
2900,0, 375, False, 12
2901,0, 375, False, 4
2902,0, 375, False, 4
2903,0, 375, False, 4
2904,0, 375, False, 4
2905,0, 375, False, 4
2906,0, 375, False, 4
2907,0, 375, False, 4
2908,0, 375, False, 12
2909,0, 375, False, 12
2910,0, 375, False, 12
2911,0, 375, False, 12
2912,0, 375, False, 12
2913,0, 375, False, 12
2914,0, 375, False, 4
2915,0, 375, False, 4
2916,0, 375, False, 4
2917,0, 375, False, 4
2918,0, 375, False, 4
2919,0, 375, False, 4
2920,0, 375, False, 4
2921,0, 375, False, 4
2922,0, 375, False, 12
2923,0, 375, False, 12
2924,0, 375, False, 12
2925,0, 375, False, 12
2926,0, 375, False, 12
2927,0, 375, False, 4
2928,0, 375, False, 4
2929,0, 375, False, 4
2930,0, 375, False, 4
2931,0, 375, False, 4
2932,0, 375, False, 4
2933,0, 375, False, 12
2934,0, 375, False, 12
2935,0, 375, False, 12
2936,0, 375, False, 12
2937,0, 375, False, 12
2938,0, 375, False, 12
2939,0, 375, False, 12
2940,0, 375, False, 4
2941,0, 375, False, 4
2942,0, 375, False, 4
2943,0, 375, False, 4
2944,0, 375, False, 4
2945,30, 405, False, 4
2946,0, 405, False, 4
2947,0, 405, False, 12
2948,0, 405, False, 12
2949,0, 405, False, 12
2950,0, 405, False, 12
2951,0, 405, False, 12
2952,0, 405, False, 4
2953,0, 405, False, 4
2954,0, 405, False, 4
2955,0, 405, False, 4
2956,0, 405, False, 4
2957,0, 405, False, 4
2958,0, 405, False, 4
2959,0, 405, False, 4
2960,0, 405, False, 4
2961,0, 405, False, 4
2962,0, 405, False, 4
2963,0, 405, False, 4
2964,0, 405, False, 4
2965,0, 405, False, 4
2966,0, 405, False, 4
2967,0, 405, False, 4
2968,0, 405, False, 4
2969,0, 405, False, 4
2970,0, 405, False, 4
2971,0, 405, False, 4
2972,0, 405, False, 4
2973,0, 405, False, 4
2974,0, 405, False, 4
2975,0, 405, False, 4
2976,0, 405, False, 4
2977,0, 405, False, 4
2978,0, 405, False, 4
2979,0, 405, False, 4
2980,0, 405, False, 4
2981,0, 405, False, 4
2982,0, 405, False, 4
2983,0, 405, False, 4
2984,0, 405, False, 4
2985,0, 405, False, 4
2986,0, 405, False, 4
2987,0, 405, False, 4
2988,0, 405, False, 4
2989,0, 405, False, 4
2990,0, 405, False, 12
2991,0, 405, False, 12
2992,0, 405, False, 12
2993,0, 405, False, 12
2994,0, 405, False, 4
2995,0, 405, False, 4
2996,0, 405, False, 4
2997,0, 405, False, 0
2998,0, 405, False, 0
2999,0, 405, False, 0
3000,0, 405, False, 0
3001,0, 405, False, 0
3002,0, 405, False, 0
3003,0, 405, False, 0
3004,0, 405, False, 1
3005,0, 405, False, 1
3006,0, 405, False, 1
3007,0, 405, False, 1
3008,0, 405, False, 1
3009,0, 405, False, 1
3010,0, 405, False, 0
3011,0, 405, False, 0
3012,0, 405, False, 0
3013,0, 405, False, 0
3014,0, 405, False, 0
3015,0, 405, False, 0
3016,0, 405, False, 0
3017,0, 405, False, 0
3018,0, 405, False, 0
3019,0, 405, False, 1
3020,0, 405, False, 1
3021,0, 405, False, 1
3022,0, 405, False, 1
3023,0, 405, False, 1
3024,0, 405, False, 0
3025,0, 405, False, 0
3026,0, 405, False, 0
3027,25, 430, False, 0
3028,0, 430, False, 0
3029,0, 430, False, 0
3030,0, 430, False, 0
3031,0, 430, False, 0
3032,0, 430, False, 0
3033,0, 430, False, 1
3034,0, 430, False, 1
3035,0, 430, False, 1
3036,0, 430, False, 1
3037,0, 430, False, 1
3038,0, 430, False, 1
3039,0, 430, False, 0
3040,0, 430, False, 0
3041,0, 430, False, 0
3042,0, 430, False, 0
3043,0, 430, False, 0
3044,0, 430, False, 0
3045,0, 430, False, 0
3046,0, 430, False, 0
3047,0, 430, False, 0
3048,0, 430, False, 0
3049,0, 430, False, 0
3050,0, 430, False, 0
3051,0, 430, False, 0
3052,0, 430, False, 0
3053,0, 430, False, 0
3054,0, 430, False, 0
3055,0, 430, False, 0
3056,0, 430, False, 0
3057,0, 430, False, 4
3058,0, 430, False, 4
3059,0, 430, False, 4
3060,0, 430, False, 4
3061,0, 430, False, 4
3062,0, 430, False, 4
3063,0, 430, False, 4
3064,0, 430, False, 4
3065,0, 430, False, 4
3066,0, 430, False, 4
3067,0, 430, False, 4
3068,0, 430, False, 4
3069,0, 430, False, 4
3070,0, 430, False, 4
3071,0, 430, False, 4
3072,0, 430, False, 4
3073,0, 430, False, 4
3074,0, 430, False, 4
3075,0, 430, False, 4
3076,0, 430, False, 4
3077,0, 430, False, 4
3078,0, 430, False, 4
3079,0, 430, False, 4
3080,0, 430, False, 4
3081,0, 430, False, 4
3082,0, 430, False, 4
3083,0, 430, False, 4
3084,0, 430, False, 4
3085,0, 430, False, 4
3086,0, 430, False, 4
3087,0, 430, False, 4
3088,0, 430, False, 4
3089,0, 430, False, 4
3090,0, 430, False, 4
3091,0, 430, False, 4
3092,0, 430, False, 4
3093,0, 430, False, 4
3094,0, 430, False, 4
3095,0, 430, False, 4
3096,0, 430, False, 0
3097,0, 430, False, 1
3098,0, 430, False, 1
3099,0, 430, False, 1
3100,0, 430, False, 1
3101,0, 430, False, 0
3102,0, 430, False, 0
3103,0, 430, False, 0
3104,0, 430, False, 0
3105,0, 430, False, 0
3106,0, 430, False, 0
3107,0, 430, False, 0
3108,0, 430, False, 1
3109,0, 430, False, 1
3110,0, 430, False, 1
3111,0, 430, False, 1
3112,0, 430, False, 1
3113,0, 430, False, 1
3114,0, 430, False, 0
3115,0, 430, False, 0
3116,0, 430, False, 0
3117,0, 430, False, 0
3118,0, 430, False, 0
3119,0, 430, False, 0
3120,0, 430, False, 0
3121,0, 430, False, 0
3122,0, 430, False, 1
3123,0, 430, False, 1
3124,0, 430, False, 1
3125,0, 430, False, 1
3126,0, 430, False, 1
3127,0, 430, False, 1
3128,0, 430, False, 1
3129,0, 430, False, 0
3130,0, 430, False, 0
3131,0, 430, False, 0
3132,0, 430, False, 0
3133,0, 430, False, 0
3134,0, 430, False, 1
3135,0, 430, False, 1
3136,0, 430, False, 1
3137,0, 430, False, 1
3138,0, 430, False, 1
3139,0, 430, False, 1
3140,0, 430, False, 1
3141,0, 430, False, 0
3142,0, 430, False, 0
3143,0, 430, False, 0
3144,0, 430, False, 0
3145,0, 430, False, 0
3146,0, 430, False, 0
3147,0, 430, False, 1
3148,0, 430, False, 1
3149,0, 430, False, 1
3150,0, 430, False, 1
3151,0, 430, False, 1
3152,0, 430, False, 1
3153,25, 455, False, 0
3154,0, 455, False, 0
3155,0, 455, False, 0
3156,0, 455, False, 0
3157,0, 455, False, 0
3158,0, 455, False, 0
3159,0, 455, False, 0
3160,0, 455, False, 3
3161,0, 455, False, 3
3162,0, 455, False, 3
3163,0, 455, False, 3
3164,0, 455, False, 3
3165,0, 455, False, 3
3166,0, 455, False, 3
3167,0, 455, False, 3
3168,0, 455, False, 3
3169,0, 455, False, 3
3170,0, 455, False, 3
3171,0, 455, False, 3
3172,0, 455, False, 3
3173,0, 455, False, 3
3174,0, 455, False, 3
3175,0, 455, False, 3
3176,0, 455, False, 3
3177,0, 455, False, 3
3178,0, 455, False, 3
3179,0, 455, False, 3
3180,0, 455, False, 3
3181,0, 455, False, 3
3182,0, 455, False, 3
3183,0, 455, False, 3
3184,0, 455, False, 3
3185,0, 455, False, 3
3186,0, 455, False, 3
3187,0, 455, False, 3
3188,0, 455, False, 0
3189,0, 455, False, 0
3190,0, 455, False, 0
3191,0, 455, False, 0
3192,0, 455, False, 0
3193,0, 455, False, 0
3194,0, 455, False, 0
3195,0, 455, False, 0
3196,0, 455, False, 0
3197,0, 455, False, 0
3198,0, 455, False, 0
3199,0, 455, False, 0
3200,0, 455, False, 0
3201,0, 455, False, 0
3202,0, 455, False, 0
3203,0, 455, False, 0
3204,0, 455, False, 1
3205,0, 455, False, 1
3206,0, 455, False, 1
3207,0, 455, False, 1
3208,0, 455, False, 1
3209,0, 455, False, 1
3210,0, 455, False, 1
3211,0, 455, False, 0
3212,0, 455, False, 0
3213,0, 455, False, 0
3214,0, 455, False, 0
3215,0, 455, False, 0
3216,0, 455, False, 0
3217,0, 455, False, 0
3218,0, 455, False, 0
3219,0, 455, False, 0
3220,0, 455, False, 0
3221,0, 455, False, 0
3222,0, 455, False, 0
3223,0, 455, False, 0
3224,0, 455, False, 0
3225,0, 455, False, 0
3226,0, 455, False, 0
3227,0, 455, False, 0
3228,0, 455, False, 0
3229,0, 455, False, 0
3230,0, 455, False, 0
3231,0, 455, False, 0
3232,0, 455, False, 0
3233,0, 455, False, 0
3234,0, 455, False, 0
3235,0, 455, False, 0
3236,0, 455, False, 4
3237,0, 455, False, 4
3238,0, 455, False, 4
3239,30, 485, False, 4
3240,0, 485, False, 0
3241,0, 485, False, 0
3242,0, 485, False, 0
3243,0, 485, False, 0
3244,0, 485, False, 0
3245,0, 485, False, 0
3246,0, 485, False, 0
3247,0, 485, False, 0
3248,0, 485, False, 0
3249,0, 485, False, 0
3250,0, 485, False, 0
3251,0, 485, False, 0
3252,0, 485, False, 0
3253,0, 485, False, 0
3254,0, 485, False, 0
3255,0, 485, False, 0
3256,0, 485, False, 0
3257,0, 485, False, 0
3258,0, 485, False, 0
3259,0, 485, False, 0
3260,0, 485, False, 0
3261,0, 485, False, 0
3262,0, 485, False, 0
3263,0, 485, False, 0
3264,0, 485, False, 0
3265,0, 485, False, 0
3266,0, 485, False, 0
3267,0, 485, False, 0
3268,0, 485, False, 0
3269,0, 485, False, 0
3270,0, 485, False, 0
3271,0, 485, False, 0
3272,0, 485, False, 0
3273,0, 485, False, 0
3274,0, 485, False, 0
3275,0, 485, False, 0
3276,0, 485, False, 0
3277,0, 485, False, 0
3278,0, 485, False, 0
3279,0, 485, False, 0
3280,0, 485, False, 0
3281,0, 485, False, 3
3282,0, 485, False, 3
3283,0, 485, False, 3
3284,0, 485, False, 3
3285,0, 485, False, 3
3286,0, 485, False, 3
3287,0, 485, False, 3
3288,0, 485, False, 3
3289,0, 485, False, 3
3290,0, 485, False, 3
3291,0, 485, False, 3
3292,0, 485, False, 3
3293,0, 485, False, 3
3294,0, 485, False, 3
3295,0, 485, False, 3
3296,0, 485, False, 0
3297,0, 485, False, 0
3298,0, 485, False, 0
3299,0, 485, False, 1
3300,0, 485, False, 1
3301,0, 485, False, 1
3302,0, 485, False, 1
3303,0, 485, False, 1
3304,0, 485, False, 1
3305,0, 485, False, 0
3306,0, 485, False, 0
3307,0, 485, False, 0
3308,0, 485, False, 0
3309,0, 485, False, 0
3310,0, 485, False, 0
3311,0, 485, False, 0
3312,0, 485, False, 0
3313,0, 485, False, 0
3314,0, 485, False, 0
3315,0, 485, False, 0
3316,0, 485, False, 0
3317,0, 485, False, 0
3318,0, 485, False, 0
3319,0, 485, False, 0
3320,0, 485, False, 0
3321,0, 485, False, 0
3322,0, 485, False, 0
3323,0, 485, False, 0
3324,0, 485, False, 0
3325,0, 485, False, 0
3326,0, 485, False, 0
3327,0, 485, False, 0
3328,0, 485, False, 0
3329,0, 485, False, 0
3330,0, 485, False, 0
3331,0, 485, False, 0
3332,0, 485, False, 0
3333,0, 485, False, 0
3334,0, 485, False, 0
3335,0, 485, False, 0
3336,0, 485, False, 0
3337,0, 485, False, 0
3338,0, 485, False, 0
3339,0, 485, False, 0
3340,0, 485, False, 0
3341,0, 485, False, 0
3342,0, 485, False, 0
3343,0, 485, False, 0
3344,0, 485, False, 0
3345,0, 485, False, 0
3346,0, 485, False, 0
3347,0, 485, False, 0
3348,0, 485, False, 0
3349,0, 485, False, 3
3350,0, 485, False, 3
3351,0, 485, False, 3
3352,0, 485, False, 3
3353,0, 485, False, 3
3354,0, 485, False, 3
3355,0, 485, False, 3
3356,0, 485, False, 3
3357,0, 485, False, 0
3358,0, 485, False, 0
3359,0, 485, False, 0
3360,0, 485, False, 0
3361,0, 485, False, 0
3362,0, 485, False, 0
3363,0, 485, False, 0
3364,0, 485, False, 1
3365,0, 485, False, 1
3366,0, 485, False, 1
3367,0, 485, False, 1
3368,0, 485, False, 1
3369,0, 485, False, 1
3370,0, 485, False, 0
3371,0, 485, False, 0
3372,0, 485, False, 0
3373,0, 485, False, 0
3374,0, 485, False, 0
3375,0, 485, False, 0
3376,0, 485, False, 0
3377,0, 485, False, 0
3378,0, 485, False, 0
3379,0, 485, False, 0
3380,0, 485, False, 0
3381,0, 485, False, 0
3382,0, 485, False, 0
3383,0, 485, False, 0
3384,0, 485, False, 0
3385,0, 485, False, 0
3386,0, 485, False, 0
3387,0, 485, False, 0
3388,0, 485, False, 0
3389,0, 485, False, 0
3390,0, 485, False, 0
3391,0, 485, False, 0
3392,0, 485, False, 0
3393,0, 485, False, 0
3394,0, 485, False, 0
3395,0, 485, False, 3
3396,0, 485, False, 3
3397,0, 485, False, 3
3398,0, 485, False, 3
3399,0, 485, False, 3
3400,0, 485, False, 3
3401,0, 485, False, 3
3402,0, 485, False, 3
3403,0, 485, False, 3
3404,0, 485, False, 3
3405,0, 485, False, 3
3406,0, 485, False, 3
3407,0, 485, False, 3
3408,0, 485, False, 3
3409,0, 485, False, 0
3410,0, 485, False, 0
3411,0, 485, False, 1
3412,0, 485, False, 1
3413,0, 485, False, 1
3414,0, 485, False, 1
3415,0, 485, False, 1
3416,0, 485, False, 1
3417,0, 485, False, 0
3418,0, 485, False, 0
3419,0, 485, False, 0
3420,0, 485, False, 0
3421,0, 485, False, 0
3422,0, 485, False, 0
3423,0, 485, False, 0
3424,0, 485, False, 0
3425,0, 485, False, 0
3426,0, 485, False, 0
3427,0, 485, False, 0
3428,0, 485, False, 0
3429,0, 485, False, 0
3430,0, 485, False, 0
3431,0, 485, False, 0
3432,0, 485, False, 0
3433,0, 485, False, 0
3434,0, 485, False, 0
3435,0, 485, False, 0
3436,0, 485, False, 0
3437,0, 485, False, 0
3438,0, 485, False, 0
3439,0, 485, False, 0
3440,0, 485, False, 0
3441,0, 485, False, 0
3442,0, 485, False, 0
3443,0, 485, False, 4
3444,0, 485, False, 4
3445,0, 485, False, 4
3446,0, 485, False, 4
3447,0, 485, False, 4
3448,0, 485, False, 4
3449,0, 485, False, 4
3450,0, 485, False, 4
3451,0, 485, False, 0
3452,0, 485, False, 0
3453,0, 485, False, 0
3454,0, 485, False, 0
3455,0, 485, False, 0
3456,0, 485, False, 0
3457,0, 485, False, 0
3458,0, 485, False, 0
3459,0, 485, False, 0
3460,0, 485, False, 1
3461,0, 485, False, 1
3462,0, 485, False, 1
3463,0, 485, False, 1
3464,0, 485, False, 1
3465,0, 485, False, 1
3466,0, 485, False, 1
3467,0, 485, False, 0
3468,0, 485, False, 0
3469,0, 485, False, 0
3470,0, 485, False, 0
3471,0, 485, False, 0
3472,0, 485, False, 0
3473,0, 485, False, 0
3474,0, 485, False, 0
3475,0, 485, False, 0
3476,0, 485, False, 0
3477,0, 485, False, 0
3478,0, 485, False, 0
3479,0, 485, False, 0
3480,0, 485, False, 0
3481,0, 485, False, 0
3482,0, 485, False, 0
3483,0, 485, False, 0
3484,0, 485, False, 0
3485,0, 485, False, 0
3486,0, 485, False, 0
3487,0, 485, False, 0
3488,0, 485, False, 4
3489,0, 485, False, 4
3490,0, 485, False, 4
3491,0, 485, False, 4
3492,0, 485, False, 4
3493,0, 485, False, 4
3494,0, 485, False, 4
3495,0, 485, False, 4
3496,0, 485, False, 4
3497,0, 485, False, 0
3498,0, 485, False, 0
3499,0, 485, False, 0
3500,0, 485, False, 0
3501,0, 485, False, 0
3502,0, 485, False, 0
3503,0, 485, False, 1
3504,0, 485, False, 1
3505,0, 485, False, 1
3506,0, 485, False, 1
3507,0, 485, False, 1
3508,0, 485, False, 1
3509,0, 485, False, 0
3510,0, 485, False, 0
3511,0, 485, False, 0
3512,0, 485, False, 0
3513,0, 485, False, 0
3514,0, 485, False, 0
3515,0, 485, False, 0
3516,0, 485, False, 0
3517,0, 485, False, 0
3518,0, 485, False, 1
3519,0, 485, False, 1
3520,0, 485, False, 1
3521,0, 485, False, 1
3522,0, 485, False, 0
3523,0, 485, False, 3
3524,0, 485, False, 3
3525,0, 485, False, 3
3526,0, 485, False, 3
3527,0, 485, False, 3
3528,0, 485, False, 3
3529,0, 485, False, 3
3530,0, 485, False, 3
3531,0, 485, False, 3
3532,0, 485, False, 0
3533,0, 485, False, 1
3534,0, 485, False, 1
3535,0, 485, False, 1
3536,0, 485, False, 1
3537,0, 485, False, 1
3538,0, 485, False, 0
3539,0, 485, False, 0
3540,0, 485, False, 3
3541,0, 485, False, 3
3542,0, 485, False, 3
3543,0, 485, False, 3
3544,0, 485, False, 3
3545,0, 485, False, 0
3546,0, 485, False, 0
3547,0, 485, False, 1
3548,0, 485, False, 1
3549,0, 485, False, 1
3550,0, 485, False, 1
3551,0, 485, False, 1
3552,0, 485, False, 0
3553,0, 485, False, 0
3554,0, 485, False, 0
3555,0, 485, False, 0
3556,0, 485, False, 0
3557,0, 485, False, 0
3558,0, 485, False, 1
3559,0, 485, False, 1
3560,0, 485, False, 1
3561,0, 485, False, 1
3562,0, 485, False, 1
3563,0, 485, False, 1
3564,0, 485, False, 1
3565,0, 485, False, 1
3566,0, 485, False, 0
3567,0, 485, False, 0
3568,0, 485, False, 0
3569,0, 485, False, 0
3570,0, 485, False, 0
3571,0, 485, False, 0
3572,0, 485, False, 0
3573,0, 485, False, 1
3574,0, 485, False, 1
3575,0, 485, False, 1
3576,0, 485, False, 1
3577,0, 485, False, 1
3578,0, 485, False, 1
3579,0, 485, False, 0
3580,0, 485, False, 0
3581,0, 485, False, 0
3582,0, 485, False, 0
3583,0, 485, False, 0
3584,0, 485, False, 0
3585,0, 485, False, 0
3586,0, 485, False, 1
3587,0, 485, False, 1
3588,0, 485, False, 1
3589,0, 485, False, 1
3590,0, 485, False, 1
3591,0, 485, False, 1
3592,0, 485, False, 1
3593,0, 485, False, 0
3594,0, 485, False, 0
3595,0, 485, False, 0
3596,0, 485, False, 0
3597,0, 485, False, 0
3598,0, 485, False, 0
3599,0, 485, False, 0
3600,0, 485, False, 1
3601,0, 485, False, 1
3602,0, 485, False, 1
3603,0, 485, False, 1
3604,0, 485, False, 1
3605,0, 485, False, 1
3606,0, 485, False, 1
3607,0, 485, False, 0
3608,0, 485, False, 0
3609,0, 485, False, 0
3610,0, 485, False, 0
3611,0, 485, False, 1
3612,0, 485, False, 1
3613,0, 485, False, 1
3614,0, 485, False, 1
3615,0, 485, False, 1
3616,0, 485, False, 1
3617,0, 485, False, 1
3618,0, 485, False, 1
3619,30, 515, False, 1
3620,0, 515, False, 1
3621,0, 515, False, 1
3622,0, 515, False, 1
3623,0, 515, False, 0
3624,0, 515, False, 0
3625,0, 515, False, 0
3626,0, 515, False, 0
3627,0, 515, False, 0
3628,0, 515, False, 0
3629,0, 515, False, 0
3630,0, 515, False, 3
3631,0, 515, False, 3
3632,0, 515, False, 3
3633,0, 515, False, 3
3634,0, 515, False, 3
3635,0, 515, False, 3
3636,0, 515, False, 3
3637,0, 515, False, 3
3638,0, 515, False, 3
3639,0, 515, False, 3
3640,0, 515, False, 3
3641,0, 515, False, 3
3642,0, 515, False, 3
3643,0, 515, False, 3
3644,0, 515, False, 3
3645,0, 515, False, 3
3646,0, 515, False, 3
3647,0, 515, False, 3
3648,0, 515, False, 3
3649,0, 515, False, 3
3650,0, 515, False, 3
3651,0, 515, False, 3
3652,0, 515, False, 3
3653,0, 515, False, 3
3654,0, 515, False, 3
3655,0, 515, False, 3
3656,0, 515, False, 3
3657,0, 515, False, 3
3658,0, 515, False, 3
3659,0, 515, False, 3
3660,0, 515, False, 3
3661,0, 515, False, 3
3662,0, 515, False, 3
3663,0, 515, False, 3
3664,0, 515, False, 3
3665,0, 515, False, 3
3666,0, 515, False, 3
3667,0, 515, False, 3
3668,0, 515, False, 3
3669,0, 515, False, 3
3670,0, 515, False, 3
3671,0, 515, False, 3
3672,0, 515, False, 3
3673,0, 515, False, 3
3674,0, 515, False, 3
3675,0, 515, False, 3
3676,0, 515, False, 3
3677,0, 515, False, 3
3678,0, 515, False, 3
3679,0, 515, False, 3
3680,0, 515, False, 3
3681,0, 515, False, 3
3682,0, 515, False, 3
3683,0, 515, False, 3
3684,0, 515, False, 3
3685,0, 515, False, 3
3686,0, 515, False, 3
3687,0, 515, False, 3
3688,0, 515, False, 11
3689,0, 515, False, 11
3690,0, 515, False, 11
3691,0, 515, False, 11
3692,0, 515, False, 11
3693,0, 515, False, 11
3694,0, 515, False, 3
3695,0, 515, False, 3
3696,0, 515, False, 3
3697,0, 515, False, 3
3698,0, 515, False, 3
3699,0, 515, False, 11
3700,0, 515, False, 11
3701,0, 515, False, 11
3702,0, 515, False, 11
3703,0, 515, False, 11
3704,0, 515, False, 11
3705,0, 515, False, 3
3706,0, 515, False, 3
3707,0, 515, False, 3
3708,0, 515, False, 3
3709,0, 515, False, 3
3710,0, 515, False, 3
3711,0, 515, False, 3
3712,0, 515, False, 3
3713,0, 515, False, 3
3714,0, 515, False, 3
3715,0, 515, False, 3
3716,0, 515, False, 3
3717,0, 515, False, 3
3718,0, 515, False, 0
3719,0, 515, False, 0
3720,0, 515, False, 0
3721,0, 515, False, 0
3722,0, 515, False, 0
3723,0, 515, False, 0
3724,0, 515, False, 0
3725,0, 515, False, 0
3726,0, 515, False, 0
3727,0, 515, False, 4
3728,0, 515, False, 4
3729,0, 515, False, 4
3730,0, 515, False, 4
3731,0, 515, False, 4
3732,0, 515, False, 4
3733,0, 515, False, 4
3734,0, 515, False, 4
3735,0, 515, False, 4
3736,0, 515, False, 4
3737,0, 515, False, 4
3738,0, 515, False, 4
3739,0, 515, False, 4
3740,0, 515, False, 4
3741,0, 515, False, 4
3742,0, 515, False, 4
3743,0, 515, False, 4
3744,0, 515, False, 4
3745,0, 515, False, 4
3746,0, 515, False, 4
3747,0, 515, False, 4
3748,0, 515, False, 4
3749,0, 515, False, 4
3750,0, 515, False, 4
3751,0, 515, False, 4
3752,0, 515, False, 4
3753,0, 515, False, 4
3754,0, 515, False, 4
3755,0, 515, False, 4
3756,0, 515, False, 4
3757,0, 515, False, 4
3758,0, 515, False, 4
3759,0, 515, False, 4
3760,0, 515, False, 4
3761,0, 515, False, 4
3762,0, 515, False, 4
3763,0, 515, False, 4
3764,0, 515, False, 4
3765,0, 515, False, 4
3766,0, 515, False, 4
3767,0, 515, False, 4
3768,0, 515, False, 4
3769,0, 515, False, 4
3770,0, 515, False, 4
3771,0, 515, False, 4
3772,0, 515, False, 4
3773,0, 515, False, 4
3774,0, 515, False, 4
3775,0, 515, False, 4
3776,0, 515, False, 4
3777,0, 515, False, 4
3778,0, 515, False, 4
3779,0, 515, False, 4
3780,0, 515, False, 4
3781,0, 515, False, 4
3782,0, 515, False, 4
3783,0, 515, False, 4
3784,0, 515, False, 4
3785,0, 515, False, 4
3786,0, 515, False, 4
3787,0, 515, False, 4
3788,0, 515, False, 4
3789,0, 515, False, 4
3790,0, 515, False, 4
3791,0, 515, False, 4
3792,0, 515, False, 4
3793,0, 515, False, 4
3794,0, 515, False, 4
3795,0, 515, False, 4
3796,0, 515, False, 4
3797,0, 515, False, 4
3798,0, 515, False, 4
3799,0, 515, False, 4
3800,0, 515, False, 4
3801,0, 515, False, 4
3802,0, 515, False, 4
3803,0, 515, False, 4
3804,0, 515, False, 4
3805,0, 515, False, 4
3806,0, 515, False, 4
3807,0, 515, False, 4
3808,0, 515, False, 4
3809,0, 515, False, 4
3810,0, 515, False, 4
3811,0, 515, False, 4
3812,0, 515, False, 4
3813,0, 515, False, 4
3814,0, 515, False, 4
3815,0, 515, False, 4
3816,0, 515, False, 4
3817,0, 515, False, 0
3818,0, 515, False, 0
3819,0, 515, False, 0
3820,0, 515, False, 1
3821,0, 515, False, 1
3822,0, 515, False, 1
3823,0, 515, False, 1
3824,0, 515, False, 1
3825,0, 515, False, 1
3826,0, 515, False, 0
3827,0, 515, False, 0
3828,0, 515, False, 0
3829,0, 515, False, 0
3830,0, 515, False, 0
3831,0, 515, False, 0
3832,0, 515, False, 1
3833,0, 515, False, 1
3834,0, 515, False, 1
3835,25, 540, False, 1
3836,0, 540, False, 1
3837,0, 540, False, 1
3838,0, 540, False, 0
3839,0, 540, False, 0
3840,0, 540, False, 0
3841,0, 540, False, 0
3842,0, 540, False, 0
3843,0, 540, False, 0
3844,0, 540, False, 0
3845,0, 540, False, 1
3846,0, 540, False, 1
3847,0, 540, False, 1
3848,0, 540, False, 1
3849,0, 540, False, 1
3850,0, 540, False, 1
3851,0, 540, False, 1
3852,0, 540, False, 0
3853,0, 540, False, 0
3854,0, 540, False, 0
3855,0, 540, False, 0
3856,0, 540, False, 0
3857,0, 540, False, 0
3858,0, 540, False, 0
3859,0, 540, False, 0
3860,0, 540, False, 0
3861,0, 540, False, 1
3862,0, 540, False, 1
3863,0, 540, False, 1
3864,0, 540, False, 1
3865,0, 540, False, 1
3866,0, 540, False, 1
3867,0, 540, False, 1
3868,0, 540, False, 0
3869,0, 540, False, 0
3870,0, 540, False, 0
3871,0, 540, False, 0
3872,0, 540, False, 0
3873,0, 540, False, 0
3874,0, 540, False, 0
3875,0, 540, False, 4
3876,0, 540, False, 4
3877,0, 540, False, 4
3878,0, 540, False, 4
3879,0, 540, False, 4
3880,0, 540, False, 4
3881,0, 540, False, 4
3882,0, 540, False, 4
3883,0, 540, False, 4
3884,0, 540, False, 4
3885,0, 540, False, 4
3886,0, 540, False, 4
3887,0, 540, False, 4
3888,0, 540, False, 4
3889,0, 540, False, 4
3890,0, 540, False, 4
3891,0, 540, False, 4
3892,0, 540, False, 4
3893,0, 540, False, 0
3894,0, 540, False, 0
3895,0, 540, False, 0
3896,0, 540, False, 0
3897,0, 540, False, 0
3898,0, 540, False, 0
3899,0, 540, False, 1
3900,0, 540, False, 1
3901,0, 540, False, 0
3902,0, 540, False, 0
3903,0, 540, False, 0
3904,0, 540, False, 0
3905,0, 540, False, 0
3906,0, 540, False, 3
3907,0, 540, False, 3
3908,0, 540, False, 3
3909,0, 540, False, 3
3910,0, 540, False, 3
3911,0, 540, False, 3
3912,0, 540, False, 3
3913,0, 540, False, 3
3914,0, 540, False, 0
3915,0, 540, False, 0
3916,0, 540, False, 0
3917,0, 540, False, 0
3918,0, 540, False, 0
3919,0, 540, False, 0
3920,0, 540, False, 0
3921,0, 540, False, 0
3922,0, 540, False, 0
3923,0, 540, False, 0
3924,0, 540, False, 0
3925,0, 540, False, 0
3926,0, 540, False, 0
3927,0, 540, False, 0
3928,0, 540, False, 0
3929,0, 540, False, 0
3930,0, 540, False, 0
3931,0, 540, False, 1
3932,0, 540, False, 1
3933,0, 540, False, 1
3934,0, 540, False, 1
3935,0, 540, False, 1
3936,0, 540, False, 1
3937,0, 540, False, 1
3938,0, 540, False, 0
3939,0, 540, False, 0
3940,0, 540, False, 0
3941,0, 540, False, 0
3942,0, 540, False, 1
3943,0, 540, False, 1
3944,0, 540, False, 1
3945,0, 540, False, 1
3946,0, 540, False, 1
3947,0, 540, False, 1
3948,0, 540, False, 1
3949,0, 540, False, 0
3950,0, 540, False, 0
3951,30, 570, False, 0
3952,0, 570, False, 0
3953,0, 570, False, 0
3954,0, 570, False, 0
3955,0, 570, False, 0
3956,0, 570, False, 0
3957,0, 570, False, 0
3958,0, 570, False, 0
3959,0, 570, False, 0
3960,0, 570, False, 0
3961,0, 570, False, 0
3962,0, 570, False, 0
3963,0, 570, False, 0
3964,0, 570, False, 0
3965,0, 570, False, 0
3966,0, 570, False, 0
3967,0, 570, False, 0
3968,0, 570, False, 0
3969,0, 570, False, 0
3970,0, 570, False, 0
3971,0, 570, False, 0
3972,0, 570, False, 0
3973,0, 570, False, 0
3974,0, 570, False, 0
3975,0, 570, False, 0
3976,0, 570, False, 3
3977,0, 570, False, 3
3978,0, 570, False, 3
3979,0, 570, False, 3
3980,0, 570, False, 3
3981,0, 570, False, 3
3982,0, 570, False, 3
3983,0, 570, False, 3
3984,0, 570, False, 3
3985,0, 570, False, 3
3986,0, 570, False, 3
3987,0, 570, False, 3
3988,0, 570, False, 3
3989,0, 570, False, 3
3990,0, 570, False, 3
3991,0, 570, False, 3
3992,0, 570, False, 3
3993,0, 570, False, 3
3994,0, 570, False, 3
3995,0, 570, False, 3
3996,0, 570, False, 3
3997,0, 570, False, 3
3998,0, 570, False, 3
3999,0, 570, False, 3
4000,0, 570, False, 3
4001,0, 570, False, 3
4002,0, 570, False, 3
4003,0, 570, False, 3
4004,0, 570, False, 3
4005,0, 570, False, 11
4006,0, 570, False, 11
4007,0, 570, False, 1
4008,0, 570, False, 1
4009,0, 570, False, 1
4010,0, 570, False, 1
4011,0, 570, False, 1
4012,0, 570, False, 0
4013,0, 570, False, 0
4014,0, 570, False, 0
4015,0, 570, False, 0
4016,0, 570, False, 0
4017,0, 570, False, 0
4018,0, 570, False, 0
4019,0, 570, False, 0
4020,0, 570, False, 4
4021,0, 570, False, 4
4022,0, 570, False, 4
4023,0, 570, False, 4
4024,0, 570, False, 4
4025,0, 570, False, 4
4026,0, 570, False, 4
4027,0, 570, False, 4
4028,0, 570, False, 4
4029,0, 570, False, 4
4030,0, 570, False, 4
4031,0, 570, False, 4
4032,0, 570, False, 4
4033,0, 570, False, 4
4034,0, 570, False, 4
4035,0, 570, False, 4
4036,0, 570, False, 4
4037,0, 570, False, 4
4038,0, 570, False, 4
4039,0, 570, False, 4
4040,0, 570, False, 4
4041,0, 570, False, 4
4042,0, 570, False, 12
4043,0, 570, False, 1
4044,0, 570, False, 1
4045,0, 570, False, 1
4046,0, 570, False, 1
4047,0, 570, False, 1
4048,0, 570, False, 1
4049,0, 570, False, 0
4050,0, 570, False, 0
4051,0, 570, False, 0
4052,0, 570, False, 0
4053,0, 570, False, 0
4054,0, 570, False, 0
4055,0, 570, False, 0
4056,0, 570, False, 0
4057,0, 570, False, 1
4058,0, 570, False, 1
4059,0, 570, False, 1
4060,0, 570, False, 1
4061,0, 570, False, 1
4062,0, 570, False, 1
4063,0, 570, False, 0
4064,0, 570, False, 0
4065,0, 570, False, 0
4066,0, 570, False, 0
4067,0, 570, False, 0
4068,0, 570, False, 0
4069,0, 570, False, 0
4070,0, 570, False, 0
4071,0, 570, False, 0
4072,0, 570, False, 0
4073,0, 570, False, 0
4074,0, 570, False, 0
4075,0, 570, False, 0
4076,0, 570, False, 0
4077,0, 570, False, 0
4078,0, 570, False, 0
4079,0, 570, False, 1
4080,0, 570, False, 1
4081,0, 570, False, 1
4082,0, 570, False, 1
4083,0, 570, False, 1
4084,0, 570, False, 1
4085,0, 570, False, 0
4086,0, 570, False, 0
4087,0, 570, False, 0
4088,0, 570, False, 0
4089,0, 570, False, 0
4090,0, 570, False, 0
4091,0, 570, False, 0
4092,0, 570, False, 1
4093,0, 570, False, 1
4094,0, 570, False, 1
4095,0, 570, False, 1
4096,0, 570, False, 1
4097,0, 570, False, 1
4098,0, 570, False, 1
4099,0, 570, False, 1
4100,0, 570, False, 0
4101,0, 570, False, 0
4102,0, 570, False, 0
4103,0, 570, False, 0
4104,0, 570, False, 0
4105,0, 570, False, 1
4106,0, 570, False, 1
4107,0, 570, False, 1
4108,0, 570, False, 1
4109,0, 570, False, 1
4110,0, 570, False, 1
4111,0, 570, False, 1
4112,0, 570, False, 1
4113,0, 570, False, 0
4114,0, 570, False, 0
4115,0, 570, False, 1
4116,0, 570, False, 1
4117,0, 570, False, 1
4118,0, 570, False, 0
4119,0, 570, False, 0
4120,0, 570, False, 0
4121,0, 570, False, 0
4122,0, 570, False, 0
4123,0, 570, False, 4
4124,0, 570, False, 4
4125,0, 570, False, 4
4126,0, 570, False, 4
4127,0, 570, False, 4
4128,0, 570, False, 4
4129,0, 570, False, 4
4130,0, 570, False, 4
4131,0, 570, False, 4
4132,0, 570, False, 0
4133,0, 570, False, 0
4134,0, 570, False, 0
4135,0, 570, False, 0
4136,0, 570, False, 0
4137,0, 570, False, 0
4138,0, 570, False, 0
4139,0, 570, False, 0
4140,0, 570, False, 0
4141,0, 570, False, 1
4142,0, 570, False, 1
4143,0, 570, False, 1
4144,0, 570, False, 1
4145,0, 570, False, 1
4146,0, 570, False, 1
4147,0, 570, False, 1
4148,0, 570, False, 1
4149,0, 570, False, 1
4150,0, 570, False, 1
4151,0, 570, False, 0
4152,0, 570, False, 0
4153,0, 570, False, 0
4154,0, 570, False, 0
4155,0, 570, False, 0
4156,0, 570, False, 0
4157,0, 570, False, 1
4158,0, 570, False, 1
4159,0, 570, False, 1
4160,0, 570, False, 1
4161,0, 570, False, 1
4162,0, 570, False, 1
4163,0, 570, False, 1
4164,0, 570, False, 0
4165,0, 570, False, 0
4166,0, 570, False, 0
4167,0, 570, False, 0
4168,0, 570, False, 0
4169,0, 570, False, 1
4170,0, 570, False, 1
4171,0, 570, False, 1
4172,0, 570, False, 1
4173,0, 570, False, 1
4174,0, 570, False, 1
4175,0, 570, False, 1
4176,0, 570, False, 1
4177,0, 570, False, 0
4178,0, 570, False, 0
4179,0, 570, False, 0
4180,0, 570, False, 0
4181,0, 570, False, 1
4182,0, 570, False, 1
4183,0, 570, False, 1
4184,0, 570, False, 1
4185,0, 570, False, 1
4186,0, 570, False, 1
4187,0, 570, False, 1
4188,0, 570, False, 11
4189,0, 570, False, 3
4190,0, 570, False, 3
4191,0, 570, False, 3
4192,0, 570, False, 3
4193,0, 570, False, 3
4194,0, 570, False, 3
4195,0, 570, False, 3
4196,0, 570, False, 3
4197,0, 570, False, 3
4198,0, 570, False, 3
4199,0, 570, False, 3
4200,0, 570, False, 3
4201,0, 570, False, 3
4202,0, 570, False, 3
4203,0, 570, False, 3
4204,0, 570, False, 3
4205,0, 570, False, 3
4206,0, 570, False, 3
4207,0, 570, False, 3
4208,0, 570, False, 3
4209,0, 570, False, 3
4210,0, 570, False, 3
4211,0, 570, False, 3
4212,0, 570, False, 3
4213,0, 570, False, 3
4214,0, 570, False, 11
4215,0, 570, False, 11
4216,0, 570, False, 11
4217,0, 570, False, 11
4218,0, 570, False, 11
4219,0, 570, False, 11
4220,0, 570, False, 11
4221,0, 570, False, 11
4222,0, 570, False, 11
4223,0, 570, False, 11
4224,0, 570, False, 3
4225,0, 570, False, 3
4226,0, 570, False, 3
4227,0, 570, False, 3
4228,0, 570, False, 3
4229,0, 570, False, 3
4230,0, 570, False, 3
4231,0, 570, False, 11
4232,0, 570, False, 11
4233,0, 570, False, 11
4234,0, 570, False, 11
4235,0, 570, False, 11
4236,0, 570, False, 11
4237,0, 570, False, 11
4238,0, 570, False, 3
4239,0, 570, False, 3
4240,0, 570, False, 3
4241,0, 570, False, 3
4242,0, 570, False, 3
4243,0, 570, False, 3
4244,0, 570, False, 3
4245,0, 570, False, 3
4246,0, 570, False, 3
4247,0, 570, False, 11
4248,0, 570, False, 11
4249,0, 570, False, 11
4250,0, 570, False, 11
4251,0, 570, False, 11
4252,0, 570, False, 3
4253,0, 570, False, 3
4254,0, 570, False, 3
4255,0, 570, False, 3
4256,0, 570, False, 3
4257,0, 570, False, 3
4258,0, 570, False, 3
4259,0, 570, False, 3
4260,0, 570, False, 3
4261,0, 570, False, 3
4262,0, 570, False, 3
4263,0, 570, False, 3
4264,0, 570, False, 3
4265,0, 570, False, 3
4266,0, 570, False, 3
4267,0, 570, False, 1
4268,0, 570, False, 1
4269,0, 570, False, 1
4270,0, 570, False, 1
4271,0, 570, False, 1
4272,0, 570, False, 1
4273,0, 570, False, 1
4274,0, 570, False, 1
4275,0, 570, False, 1
4276,0, 570, False, 1
4277,0, 570, False, 0
4278,0, 570, False, 0
4279,0, 570, False, 0
4280,0, 570, False, 0
4281,0, 570, False, 0
4282,0, 570, False, 0
4283,0, 570, False, 0
4284,0, 570, False, 1
4285,0, 570, False, 1
4286,0, 570, False, 1
4287,0, 570, False, 1
4288,0, 570, False, 1
4289,0, 570, False, 1
4290,0, 570, False, 1
4291,0, 570, False, 0
4292,0, 570, False, 0
4293,0, 570, False, 0
4294,0, 570, False, 0
4295,0, 570, False, 0
4296,0, 570, False, 0
4297,0, 570, False, 0
4298,0, 570, False, 0
4299,0, 570, False, 0
4300,0, 570, False, 0
4301,0, 570, False, 0
4302,0, 570, False, 0
4303,0, 570, False, 0
4304,0, 570, False, 0
4305,0, 570, False, 0
4306,0, 570, False, 0
4307,0, 570, False, 0
4308,0, 570, False, 0
4309,0, 570, False, 0
4310,0, 570, False, 0
4311,0, 570, False, 0
4312,0, 570, False, 0
4313,0, 570, False, 0
4314,0, 570, False, 0
4315,0, 570, False, 0
4316,0, 570, False, 0
4317,0, 570, False, 0
4318,0, 570, False, 0
4319,0, 570, False, 0
4320,0, 570, False, 0
4321,0, 570, False, 0
4322,0, 570, False, 0
4323,0, 570, False, 0
4324,0, 570, False, 0
4325,0, 570, False, 0
4326,0, 570, False, 0
4327,0, 570, False, 0
4328,0, 570, False, 0
4329,0, 570, False, 0
4330,0, 570, False, 0
4331,0, 570, False, 0
4332,0, 570, False, 0
4333,0, 570, False, 0
4334,0, 570, False, 0
4335,0, 570, False, 0
4336,0, 570, False, 0
4337,0, 570, False, 0
4338,0, 570, False, 0
4339,0, 570, False, 0
4340,0, 570, False, 0
4341,0, 570, False, 0
4342,0, 570, False, 0
4343,0, 570, False, 0
4344,0, 570, False, 0
4345,0, 570, False, 0
4346,0, 570, False, 0
4347,0, 570, False, 0
4348,0, 570, False, 0
4349,0, 570, False, 0
4350,0, 570, False, 0
4351,0, 570, False, 0
4352,0, 570, False, 0
4353,0, 570, False, 0
4354,0, 570, False, 0
4355,0, 570, False, 0
4356,0, 570, False, 0
4357,0, 570, False, 0
4358,0, 570, False, 0
4359,0, 570, False, 0
4360,0, 570, False, 0
4361,0, 570, False, 0
4362,0, 570, False, 0
4363,0, 570, False, 0
4364,0, 570, False, 0
4365,0, 570, False, 0
4366,0, 570, False, 0
4367,0, 570, False, 0
4368,0, 570, False, 0
4369,0, 570, False, 0
4370,0, 570, False, 0
4371,0, 570, False, 0
4372,0, 570, False, 0
4373,0, 570, False, 0
4374,0, 570, False, 0
4375,0, 570, False, 0
4376,0, 570, False, 0
4377,0, 570, False, 0
4378,0, 570, False, 0
4379,0, 570, False, 0
4380,0, 570, False, 0
4381,0, 570, False, 0
4382,0, 570, True, 0
