db traj id : 766
frame,reward,score,terminal, action
0,0, 0, False, 0
1,0, 0, False, 0
2,0, 0, False, 0
3,0, 0, False, 0
4,0, 0, False, 0
5,0, 0, False, 0
6,0, 0, False, 0
7,0, 0, False, 0
8,0, 0, False, 0
9,0, 0, False, 0
10,0, 0, False, 0
11,0, 0, False, 0
12,0, 0, False, 0
13,0, 0, False, 0
14,0, 0, False, 0
15,0, 0, False, 0
16,0, 0, False, 0
17,0, 0, False, 0
18,0, 0, False, 0
19,0, 0, False, 0
20,0, 0, False, 0
21,0, 0, False, 0
22,0, 0, False, 0
23,0, 0, False, 0
24,0, 0, False, 0
25,0, 0, False, 0
26,0, 0, False, 0
27,0, 0, False, 0
28,0, 0, False, 0
29,0, 0, False, 0
30,0, 0, False, 0
31,0, 0, False, 0
32,0, 0, False, 0
33,0, 0, False, 0
34,0, 0, False, 0
35,0, 0, False, 0
36,0, 0, False, 0
37,0, 0, False, 0
38,0, 0, False, 0
39,0, 0, False, 0
40,0, 0, False, 0
41,0, 0, False, 0
42,0, 0, False, 0
43,0, 0, False, 0
44,0, 0, False, 0
45,0, 0, False, 0
46,0, 0, False, 0
47,0, 0, False, 0
48,0, 0, False, 0
49,0, 0, False, 0
50,0, 0, False, 0
51,0, 0, False, 0
52,0, 0, False, 0
53,0, 0, False, 0
54,0, 0, False, 0
55,0, 0, False, 0
56,0, 0, False, 0
57,0, 0, False, 0
58,0, 0, False, 0
59,0, 0, False, 0
60,0, 0, False, 0
61,0, 0, False, 0
62,0, 0, False, 0
63,0, 0, False, 0
64,0, 0, False, 0
65,0, 0, False, 0
66,0, 0, False, 0
67,0, 0, False, 0
68,0, 0, False, 0
69,0, 0, False, 0
70,0, 0, False, 0
71,0, 0, False, 0
72,0, 0, False, 0
73,0, 0, False, 0
74,0, 0, False, 0
75,0, 0, False, 0
76,0, 0, False, 0
77,0, 0, False, 0
78,0, 0, False, 0
79,0, 0, False, 0
80,0, 0, False, 0
81,0, 0, False, 0
82,0, 0, False, 0
83,0, 0, False, 0
84,0, 0, False, 0
85,0, 0, False, 0
86,0, 0, False, 0
87,0, 0, False, 0
88,0, 0, False, 0
89,0, 0, False, 0
90,0, 0, False, 0
91,0, 0, False, 0
92,0, 0, False, 0
93,0, 0, False, 0
94,0, 0, False, 0
95,0, 0, False, 0
96,0, 0, False, 0
97,0, 0, False, 0
98,0, 0, False, 0
99,0, 0, False, 0
100,0, 0, False, 0
101,0, 0, False, 0
102,0, 0, False, 0
103,0, 0, False, 0
104,0, 0, False, 0
105,0, 0, False, 0
106,0, 0, False, 0
107,0, 0, False, 0
108,0, 0, False, 0
109,0, 0, False, 0
110,0, 0, False, 0
111,0, 0, False, 0
112,0, 0, False, 0
113,0, 0, False, 0
114,0, 0, False, 0
115,0, 0, False, 0
116,0, 0, False, 0
117,0, 0, False, 0
118,0, 0, False, 0
119,0, 0, False, 0
120,0, 0, False, 0
121,0, 0, False, 0
122,0, 0, False, 0
123,0, 0, False, 0
124,0, 0, False, 0
125,0, 0, False, 0
126,0, 0, False, 0
127,0, 0, False, 0
128,0, 0, False, 0
129,0, 0, False, 0
130,0, 0, False, 0
131,0, 0, False, 0
132,0, 0, False, 0
133,0, 0, False, 0
134,0, 0, False, 0
135,0, 0, False, 0
136,0, 0, False, 0
137,0, 0, False, 0
138,0, 0, False, 0
139,0, 0, False, 0
140,0, 0, False, 0
141,0, 0, False, 0
142,0, 0, False, 0
143,0, 0, False, 0
144,0, 0, False, 0
145,0, 0, False, 0
146,0, 0, False, 0
147,0, 0, False, 0
148,0, 0, False, 0
149,0, 0, False, 0
150,0, 0, False, 0
151,0, 0, False, 0
152,0, 0, False, 0
153,0, 0, False, 0
154,0, 0, False, 0
155,0, 0, False, 0
156,0, 0, False, 0
157,0, 0, False, 0
158,0, 0, False, 0
159,0, 0, False, 0
160,0, 0, False, 0
161,0, 0, False, 0
162,0, 0, False, 0
163,0, 0, False, 0
164,0, 0, False, 0
165,0, 0, False, 0
166,0, 0, False, 0
167,0, 0, False, 0
168,0, 0, False, 0
169,0, 0, False, 0
170,0, 0, False, 0
171,0, 0, False, 0
172,0, 0, False, 0
173,0, 0, False, 0
174,0, 0, False, 0
175,0, 0, False, 0
176,0, 0, False, 0
177,0, 0, False, 0
178,0, 0, False, 0
179,0, 0, False, 0
180,0, 0, False, 0
181,0, 0, False, 0
182,0, 0, False, 0
183,0, 0, False, 0
184,0, 0, False, 0
185,0, 0, False, 0
186,0, 0, False, 0
187,0, 0, False, 0
188,0, 0, False, 0
189,0, 0, False, 0
190,0, 0, False, 0
191,0, 0, False, 0
192,0, 0, False, 0
193,0, 0, False, 0
194,0, 0, False, 0
195,0, 0, False, 0
196,0, 0, False, 0
197,0, 0, False, 0
198,0, 0, False, 0
199,0, 0, False, 4
200,0, 0, False, 4
201,0, 0, False, 4
202,0, 0, False, 4
203,0, 0, False, 4
204,0, 0, False, 4
205,0, 0, False, 4
206,0, 0, False, 4
207,0, 0, False, 0
208,0, 0, False, 0
209,0, 0, False, 0
210,0, 0, False, 0
211,0, 0, False, 0
212,0, 0, False, 0
213,0, 0, False, 0
214,0, 0, False, 0
215,0, 0, False, 0
216,0, 0, False, 0
217,0, 0, False, 0
218,0, 0, False, 0
219,0, 0, False, 0
220,0, 0, False, 0
221,0, 0, False, 0
222,0, 0, False, 0
223,0, 0, False, 0
224,0, 0, False, 0
225,0, 0, False, 0
226,0, 0, False, 0
227,0, 0, False, 0
228,0, 0, False, 0
229,0, 0, False, 0
230,0, 0, False, 0
231,0, 0, False, 0
232,0, 0, False, 0
233,0, 0, False, 0
234,0, 0, False, 0
235,0, 0, False, 0
236,0, 0, False, 0
237,0, 0, False, 0
238,0, 0, False, 0
239,0, 0, False, 0
240,0, 0, False, 0
241,0, 0, False, 0
242,0, 0, False, 0
243,0, 0, False, 0
244,0, 0, False, 0
245,0, 0, False, 0
246,0, 0, False, 0
247,0, 0, False, 0
248,0, 0, False, 0
249,0, 0, False, 0
250,0, 0, False, 0
251,0, 0, False, 1
252,0, 0, False, 1
253,0, 0, False, 1
254,0, 0, False, 1
255,0, 0, False, 1
256,0, 0, False, 1
257,0, 0, False, 0
258,0, 0, False, 0
259,0, 0, False, 0
260,0, 0, False, 0
261,0, 0, False, 0
262,0, 0, False, 0
263,0, 0, False, 0
264,0, 0, False, 0
265,0, 0, False, 0
266,0, 0, False, 0
267,0, 0, False, 0
268,0, 0, False, 0
269,0, 0, False, 0
270,0, 0, False, 0
271,0, 0, False, 0
272,0, 0, False, 0
273,0, 0, False, 0
274,0, 0, False, 0
275,0, 0, False, 0
276,0, 0, False, 0
277,0, 0, False, 0
278,0, 0, False, 0
279,0, 0, False, 0
280,0, 0, False, 0
281,0, 0, False, 0
282,0, 0, False, 0
283,0, 0, False, 0
284,0, 0, False, 0
285,0, 0, False, 0
286,0, 0, False, 0
287,0, 0, False, 0
288,0, 0, False, 0
289,0, 0, False, 0
290,0, 0, False, 0
291,0, 0, False, 0
292,0, 0, False, 0
293,0, 0, False, 0
294,0, 0, False, 0
295,0, 0, False, 0
296,0, 0, False, 0
297,0, 0, False, 0
298,0, 0, False, 0
299,0, 0, False, 0
300,0, 0, False, 0
301,0, 0, False, 0
302,0, 0, False, 0
303,0, 0, False, 0
304,0, 0, False, 0
305,0, 0, False, 0
306,0, 0, False, 0
307,0, 0, False, 0
308,0, 0, False, 0
309,0, 0, False, 0
310,0, 0, False, 0
311,0, 0, False, 0
312,0, 0, False, 0
313,0, 0, False, 0
314,0, 0, False, 0
315,0, 0, False, 0
316,0, 0, False, 1
317,0, 0, False, 1
318,0, 0, False, 1
319,0, 0, False, 1
320,0, 0, False, 1
321,0, 0, False, 1
322,0, 0, False, 1
323,0, 0, False, 0
324,0, 0, False, 0
325,0, 0, False, 0
326,0, 0, False, 0
327,0, 0, False, 0
328,0, 0, False, 0
329,0, 0, False, 0
330,0, 0, False, 0
331,0, 0, False, 0
332,0, 0, False, 0
333,0, 0, False, 0
334,0, 0, False, 0
335,0, 0, False, 0
336,0, 0, False, 0
337,0, 0, False, 0
338,0, 0, False, 0
339,0, 0, False, 0
340,0, 0, False, 0
341,0, 0, False, 0
342,0, 0, False, 0
343,0, 0, False, 1
344,0, 0, False, 1
345,0, 0, False, 1
346,0, 0, False, 1
347,0, 0, False, 1
348,0, 0, False, 1
349,0, 0, False, 1
350,0, 0, False, 1
351,0, 0, False, 1
352,0, 0, False, 1
353,0, 0, False, 1
354,0, 0, False, 1
355,0, 0, False, 1
356,0, 0, False, 1
357,0, 0, False, 0
358,0, 0, False, 0
359,0, 0, False, 0
360,0, 0, False, 0
361,0, 0, False, 0
362,0, 0, False, 0
363,0, 0, False, 0
364,0, 0, False, 0
365,0, 0, False, 0
366,0, 0, False, 0
367,0, 0, False, 0
368,0, 0, False, 0
369,0, 0, False, 0
370,0, 0, False, 0
371,0, 0, False, 0
372,0, 0, False, 0
373,0, 0, False, 0
374,0, 0, False, 0
375,0, 0, False, 0
376,0, 0, False, 0
377,0, 0, False, 0
378,0, 0, False, 0
379,0, 0, False, 0
380,0, 0, False, 0
381,0, 0, False, 0
382,0, 0, False, 0
383,0, 0, False, 0
384,0, 0, False, 0
385,0, 0, False, 0
386,0, 0, False, 0
387,0, 0, False, 0
388,15, 15, False, 0
389,0, 15, False, 0
390,0, 15, False, 0
391,0, 15, False, 0
392,0, 15, False, 0
393,0, 15, False, 0
394,0, 15, False, 0
395,0, 15, False, 0
396,0, 15, False, 0
397,0, 15, False, 0
398,0, 15, False, 0
399,0, 15, False, 1
400,0, 15, False, 1
401,0, 15, False, 1
402,0, 15, False, 1
403,0, 15, False, 1
404,0, 15, False, 1
405,0, 15, False, 1
406,0, 15, False, 1
407,0, 15, False, 0
408,0, 15, False, 0
409,0, 15, False, 0
410,0, 15, False, 0
411,0, 15, False, 0
412,0, 15, False, 0
413,0, 15, False, 0
414,0, 15, False, 0
415,0, 15, False, 0
416,0, 15, False, 0
417,0, 15, False, 0
418,0, 15, False, 0
419,0, 15, False, 0
420,0, 15, False, 0
421,0, 15, False, 0
422,0, 15, False, 0
423,0, 15, False, 0
424,0, 15, False, 0
425,0, 15, False, 0
426,5, 20, False, 0
427,0, 20, False, 0
428,0, 20, False, 0
429,0, 20, False, 0
430,0, 20, False, 0
431,0, 20, False, 0
432,0, 20, False, 0
433,0, 20, False, 0
434,0, 20, False, 0
435,0, 20, False, 0
436,0, 20, False, 0
437,0, 20, False, 0
438,0, 20, False, 0
439,0, 20, False, 1
440,0, 20, False, 1
441,0, 20, False, 1
442,0, 20, False, 1
443,0, 20, False, 1
444,0, 20, False, 1
445,0, 20, False, 1
446,0, 20, False, 1
447,0, 20, False, 1
448,0, 20, False, 1
449,0, 20, False, 0
450,0, 20, False, 0
451,0, 20, False, 0
452,0, 20, False, 0
453,0, 20, False, 0
454,0, 20, False, 0
455,0, 20, False, 0
456,0, 20, False, 0
457,0, 20, False, 0
458,0, 20, False, 0
459,0, 20, False, 0
460,0, 20, False, 0
461,0, 20, False, 0
462,0, 20, False, 0
463,0, 20, False, 0
464,0, 20, False, 0
465,0, 20, False, 0
466,0, 20, False, 0
467,0, 20, False, 0
468,0, 20, False, 0
469,0, 20, False, 0
470,0, 20, False, 0
471,0, 20, False, 1
472,10, 30, False, 1
473,0, 30, False, 1
474,0, 30, False, 1
475,0, 30, False, 1
476,0, 30, False, 1
477,0, 30, False, 1
478,0, 30, False, 1
479,0, 30, False, 1
480,0, 30, False, 1
481,0, 30, False, 1
482,0, 30, False, 0
483,0, 30, False, 0
484,0, 30, False, 0
485,0, 30, False, 0
486,0, 30, False, 0
487,0, 30, False, 0
488,0, 30, False, 0
489,0, 30, False, 0
490,0, 30, False, 0
491,0, 30, False, 0
492,0, 30, False, 0
493,0, 30, False, 3
494,0, 30, False, 3
495,0, 30, False, 3
496,0, 30, False, 3
497,0, 30, False, 3
498,0, 30, False, 3
499,0, 30, False, 3
500,0, 30, False, 3
501,0, 30, False, 3
502,0, 30, False, 3
503,0, 30, False, 3
504,0, 30, False, 3
505,0, 30, False, 3
506,0, 30, False, 3
507,0, 30, False, 3
508,0, 30, False, 3
509,0, 30, False, 3
510,0, 30, False, 3
511,0, 30, False, 3
512,0, 30, False, 3
513,0, 30, False, 3
514,0, 30, False, 3
515,0, 30, False, 3
516,0, 30, False, 3
517,0, 30, False, 3
518,0, 30, False, 3
519,0, 30, False, 3
520,0, 30, False, 3
521,0, 30, False, 3
522,0, 30, False, 3
523,0, 30, False, 3
524,0, 30, False, 3
525,0, 30, False, 3
526,20, 50, False, 3
527,0, 50, False, 3
528,0, 50, False, 3
529,0, 50, False, 3
530,0, 50, False, 3
531,0, 50, False, 3
532,0, 50, False, 3
533,0, 50, False, 3
534,0, 50, False, 3
535,0, 50, False, 3
536,0, 50, False, 3
537,0, 50, False, 3
538,0, 50, False, 3
539,0, 50, False, 3
540,0, 50, False, 3
541,0, 50, False, 3
542,0, 50, False, 3
543,0, 50, False, 3
544,0, 50, False, 0
545,0, 50, False, 1
546,0, 50, False, 1
547,0, 50, False, 1
548,0, 50, False, 1
549,0, 50, False, 1
550,0, 50, False, 1
551,0, 50, False, 1
552,0, 50, False, 1
553,0, 50, False, 1
554,0, 50, False, 0
555,0, 50, False, 0
556,0, 50, False, 0
557,0, 50, False, 0
558,0, 50, False, 0
559,0, 50, False, 0
560,0, 50, False, 0
561,0, 50, False, 0
562,0, 50, False, 0
563,0, 50, False, 0
564,0, 50, False, 0
565,0, 50, False, 0
566,0, 50, False, 0
567,0, 50, False, 0
568,0, 50, False, 0
569,0, 50, False, 0
570,0, 50, False, 0
571,0, 50, False, 0
572,0, 50, False, 0
573,0, 50, False, 0
574,0, 50, False, 0
575,0, 50, False, 0
576,0, 50, False, 0
577,0, 50, False, 0
578,0, 50, False, 0
579,0, 50, False, 0
580,0, 50, False, 0
581,0, 50, False, 0
582,0, 50, False, 0
583,0, 50, False, 0
584,0, 50, False, 0
585,0, 50, False, 0
586,0, 50, False, 0
587,0, 50, False, 0
588,0, 50, False, 0
589,0, 50, False, 0
590,0, 50, False, 0
591,0, 50, False, 0
592,0, 50, False, 0
593,0, 50, False, 0
594,0, 50, False, 0
595,0, 50, False, 4
596,0, 50, False, 4
597,0, 50, False, 4
598,0, 50, False, 4
599,0, 50, False, 0
600,0, 50, False, 0
601,0, 50, False, 0
602,0, 50, False, 1
603,0, 50, False, 1
604,0, 50, False, 1
605,0, 50, False, 1
606,0, 50, False, 0
607,0, 50, False, 0
608,0, 50, False, 0
609,0, 50, False, 0
610,0, 50, False, 0
611,0, 50, False, 0
612,0, 50, False, 0
613,0, 50, False, 0
614,0, 50, False, 0
615,0, 50, False, 0
616,0, 50, False, 0
617,0, 50, False, 0
618,0, 50, False, 0
619,0, 50, False, 0
620,0, 50, False, 0
621,0, 50, False, 0
622,0, 50, False, 0
623,0, 50, False, 0
624,0, 50, False, 0
625,0, 50, False, 0
626,0, 50, False, 0
627,0, 50, False, 0
628,0, 50, False, 0
629,0, 50, False, 0
630,0, 50, False, 0
631,0, 50, False, 0
632,0, 50, False, 0
633,0, 50, False, 0
634,0, 50, False, 0
635,0, 50, False, 0
636,0, 50, False, 0
637,0, 50, False, 0
638,0, 50, False, 0
639,0, 50, False, 0
640,0, 50, False, 0
641,0, 50, False, 0
642,0, 50, False, 0
643,0, 50, False, 0
644,0, 50, False, 0
645,0, 50, False, 0
646,0, 50, False, 0
647,0, 50, False, 0
648,0, 50, False, 0
649,0, 50, False, 0
650,0, 50, False, 0
651,0, 50, False, 0
652,0, 50, False, 0
653,0, 50, False, 0
654,0, 50, False, 0
655,0, 50, False, 1
656,0, 50, False, 1
657,0, 50, False, 1
658,0, 50, False, 1
659,0, 50, False, 1
660,0, 50, False, 1
661,0, 50, False, 0
662,0, 50, False, 0
663,0, 50, False, 3
664,0, 50, False, 3
665,0, 50, False, 3
666,0, 50, False, 3
667,0, 50, False, 3
668,0, 50, False, 3
669,0, 50, False, 3
670,0, 50, False, 3
671,0, 50, False, 3
672,0, 50, False, 3
673,0, 50, False, 3
674,0, 50, False, 3
675,0, 50, False, 3
676,0, 50, False, 3
677,0, 50, False, 3
678,0, 50, False, 3
679,0, 50, False, 3
680,5, 55, False, 3
681,0, 55, False, 3
682,0, 55, False, 3
683,0, 55, False, 3
684,0, 55, False, 3
685,0, 55, False, 3
686,0, 55, False, 3
687,0, 55, False, 0
688,0, 55, False, 0
689,0, 55, False, 0
690,0, 55, False, 0
691,0, 55, False, 0
692,0, 55, False, 0
693,0, 55, False, 0
694,0, 55, False, 0
695,0, 55, False, 3
696,0, 55, False, 3
697,0, 55, False, 3
698,0, 55, False, 3
699,0, 55, False, 3
700,0, 55, False, 3
701,0, 55, False, 3
702,0, 55, False, 3
703,0, 55, False, 3
704,0, 55, False, 3
705,0, 55, False, 3
706,0, 55, False, 3
707,0, 55, False, 3
708,0, 55, False, 3
709,0, 55, False, 3
710,0, 55, False, 3
711,0, 55, False, 3
712,0, 55, False, 3
713,0, 55, False, 3
714,0, 55, False, 3
715,0, 55, False, 3
716,0, 55, False, 3
717,0, 55, False, 3
718,0, 55, False, 3
719,0, 55, False, 3
720,0, 55, False, 3
721,0, 55, False, 0
722,0, 55, False, 0
723,0, 55, False, 0
724,0, 55, False, 0
725,0, 55, False, 0
726,0, 55, False, 0
727,0, 55, False, 0
728,0, 55, False, 0
729,0, 55, False, 0
730,0, 55, False, 0
731,0, 55, False, 0
732,0, 55, False, 0
733,0, 55, False, 0
734,0, 55, False, 0
735,0, 55, False, 0
736,0, 55, False, 0
737,0, 55, False, 1
738,0, 55, False, 1
739,0, 55, False, 1
740,0, 55, False, 1
741,0, 55, False, 1
742,0, 55, False, 1
743,0, 55, False, 1
744,0, 55, False, 1
745,0, 55, False, 0
746,0, 55, False, 0
747,0, 55, False, 0
748,0, 55, False, 0
749,0, 55, False, 0
750,0, 55, False, 0
751,0, 55, False, 0
752,0, 55, False, 0
753,0, 55, False, 0
754,0, 55, False, 0
755,0, 55, False, 0
756,0, 55, False, 0
757,0, 55, False, 0
758,0, 55, False, 0
759,0, 55, False, 0
760,0, 55, False, 0
761,0, 55, False, 0
762,0, 55, False, 0
763,0, 55, False, 0
764,0, 55, False, 0
765,0, 55, False, 0
766,0, 55, False, 0
767,0, 55, False, 0
768,0, 55, False, 0
769,0, 55, False, 0
770,0, 55, False, 0
771,0, 55, False, 0
772,0, 55, False, 0
773,0, 55, False, 0
774,0, 55, False, 0
775,0, 55, False, 0
776,0, 55, False, 0
777,0, 55, False, 0
778,0, 55, False, 0
779,0, 55, False, 0
780,0, 55, False, 0
781,0, 55, False, 0
782,0, 55, False, 0
783,0, 55, False, 0
784,0, 55, False, 0
785,0, 55, False, 0
786,0, 55, False, 0
787,0, 55, False, 0
788,0, 55, False, 0
789,0, 55, False, 0
790,0, 55, False, 0
791,0, 55, False, 0
792,0, 55, False, 1
793,0, 55, False, 1
794,0, 55, False, 1
795,0, 55, False, 1
796,0, 55, False, 1
797,0, 55, False, 1
798,0, 55, False, 1
799,0, 55, False, 1
800,0, 55, False, 1
801,0, 55, False, 1
802,0, 55, False, 1
803,0, 55, False, 0
804,0, 55, False, 0
805,0, 55, False, 0
806,0, 55, False, 0
807,0, 55, False, 0
808,0, 55, False, 0
809,0, 55, False, 0
810,0, 55, False, 0
811,0, 55, False, 0
812,0, 55, False, 0
813,0, 55, False, 0
814,0, 55, False, 0
815,0, 55, False, 0
816,0, 55, False, 0
817,0, 55, False, 0
818,0, 55, False, 0
819,0, 55, False, 0
820,0, 55, False, 0
821,0, 55, False, 0
822,0, 55, False, 0
823,0, 55, False, 0
824,0, 55, False, 0
825,0, 55, False, 0
826,0, 55, False, 0
827,0, 55, False, 0
828,0, 55, False, 0
829,0, 55, False, 0
830,0, 55, False, 0
831,0, 55, False, 1
832,0, 55, False, 1
833,0, 55, False, 1
834,0, 55, False, 1
835,0, 55, False, 1
836,0, 55, False, 1
837,0, 55, False, 1
838,0, 55, False, 1
839,0, 55, False, 1
840,0, 55, False, 1
841,0, 55, False, 1
842,0, 55, False, 1
843,0, 55, False, 1
844,0, 55, False, 0
845,0, 55, False, 0
846,0, 55, False, 0
847,0, 55, False, 0
848,0, 55, False, 0
849,0, 55, False, 0
850,0, 55, False, 0
851,0, 55, False, 0
852,0, 55, False, 0
853,0, 55, False, 0
854,0, 55, False, 0
855,0, 55, False, 0
856,0, 55, False, 0
857,0, 55, False, 0
858,0, 55, False, 0
859,0, 55, False, 0
860,0, 55, False, 0
861,0, 55, False, 0
862,0, 55, False, 0
863,0, 55, False, 0
864,0, 55, False, 1
865,0, 55, False, 1
866,0, 55, False, 1
867,0, 55, False, 1
868,0, 55, False, 1
869,0, 55, False, 1
870,0, 55, False, 1
871,0, 55, False, 1
872,0, 55, False, 1
873,0, 55, False, 1
874,0, 55, False, 1
875,0, 55, False, 1
876,0, 55, False, 1
877,0, 55, False, 0
878,0, 55, False, 0
879,0, 55, False, 0
880,0, 55, False, 0
881,0, 55, False, 0
882,0, 55, False, 0
883,0, 55, False, 0
884,0, 55, False, 0
885,0, 55, False, 0
886,0, 55, False, 0
887,0, 55, False, 0
888,0, 55, False, 0
889,0, 55, False, 0
890,0, 55, False, 0
891,0, 55, False, 0
892,0, 55, False, 0
893,0, 55, False, 0
894,0, 55, False, 0
895,0, 55, False, 0
896,0, 55, False, 0
897,0, 55, False, 0
898,0, 55, False, 0
899,0, 55, False, 0
900,0, 55, False, 0
901,0, 55, False, 0
902,0, 55, False, 0
903,0, 55, False, 0
904,30, 85, False, 0
905,0, 85, False, 0
906,0, 85, False, 0
907,0, 85, False, 0
908,0, 85, False, 0
909,0, 85, False, 0
910,0, 85, False, 0
911,0, 85, False, 0
912,0, 85, False, 0
913,0, 85, False, 0
914,0, 85, False, 0
915,0, 85, False, 0
916,0, 85, False, 0
917,0, 85, False, 0
918,0, 85, False, 1
919,0, 85, False, 1
920,0, 85, False, 1
921,0, 85, False, 1
922,0, 85, False, 1
923,0, 85, False, 1
924,0, 85, False, 1
925,0, 85, False, 1
926,0, 85, False, 0
927,0, 85, False, 0
928,0, 85, False, 0
929,0, 85, False, 0
930,0, 85, False, 0
931,0, 85, False, 0
932,0, 85, False, 0
933,0, 85, False, 0
934,0, 85, False, 0
935,0, 85, False, 0
936,0, 85, False, 0
937,0, 85, False, 0
938,0, 85, False, 0
939,0, 85, False, 0
940,0, 85, False, 0
941,0, 85, False, 0
942,0, 85, False, 0
943,0, 85, False, 0
944,0, 85, False, 0
945,0, 85, False, 0
946,5, 90, False, 0
947,0, 90, False, 0
948,0, 90, False, 1
949,0, 90, False, 1
950,0, 90, False, 1
951,0, 90, False, 1
952,0, 90, False, 1
953,0, 90, False, 1
954,0, 90, False, 1
955,0, 90, False, 1
956,0, 90, False, 1
957,0, 90, False, 1
958,0, 90, False, 1
959,0, 90, False, 1
960,0, 90, False, 1
961,0, 90, False, 0
962,0, 90, False, 0
963,0, 90, False, 0
964,0, 90, False, 0
965,0, 90, False, 0
966,0, 90, False, 0
967,0, 90, False, 0
968,0, 90, False, 0
969,0, 90, False, 0
970,0, 90, False, 0
971,0, 90, False, 0
972,0, 90, False, 0
973,0, 90, False, 0
974,0, 90, False, 0
975,0, 90, False, 0
976,0, 90, False, 0
977,0, 90, False, 0
978,10, 100, False, 0
979,0, 100, False, 0
980,0, 100, False, 0
981,0, 100, False, 0
982,0, 100, False, 0
983,0, 100, False, 0
984,0, 100, False, 0
985,0, 100, False, 0
986,0, 100, False, 0
987,0, 100, False, 0
988,0, 100, False, 0
989,0, 100, False, 0
990,0, 100, False, 0
991,0, 100, False, 1
992,0, 100, False, 1
993,0, 100, False, 1
994,0, 100, False, 1
995,0, 100, False, 1
996,0, 100, False, 1
997,0, 100, False, 1
998,0, 100, False, 1
999,0, 100, False, 1
1000,0, 100, False, 1
1001,0, 100, False, 1
1002,0, 100, False, 1
1003,0, 100, False, 1
1004,0, 100, False, 1
1005,0, 100, False, 1
1006,0, 100, False, 1
1007,0, 100, False, 1
1008,0, 100, False, 0
1009,0, 100, False, 0
1010,0, 100, False, 0
1011,0, 100, False, 0
1012,0, 100, False, 0
1013,0, 100, False, 0
1014,0, 100, False, 0
1015,0, 100, False, 0
1016,0, 100, False, 0
1017,0, 100, False, 0
1018,0, 100, False, 0
1019,0, 100, False, 0
1020,0, 100, False, 0
1021,0, 100, False, 0
1022,0, 100, False, 0
1023,0, 100, False, 0
1024,0, 100, False, 0
1025,0, 100, False, 3
1026,0, 100, False, 3
1027,0, 100, False, 3
1028,0, 100, False, 3
1029,0, 100, False, 3
1030,0, 100, False, 3
1031,0, 100, False, 3
1032,15, 115, False, 3
1033,0, 115, False, 3
1034,0, 115, False, 3
1035,0, 115, False, 3
1036,0, 115, False, 3
1037,0, 115, False, 3
1038,0, 115, False, 3
1039,0, 115, False, 3
1040,0, 115, False, 3
1041,0, 115, False, 3
1042,0, 115, False, 3
1043,0, 115, False, 3
1044,0, 115, False, 3
1045,0, 115, False, 3
1046,0, 115, False, 3
1047,0, 115, False, 3
1048,0, 115, False, 3
1049,0, 115, False, 3
1050,0, 115, False, 3
1051,0, 115, False, 3
1052,0, 115, False, 0
1053,0, 115, False, 0
1054,0, 115, False, 0
1055,0, 115, False, 0
1056,0, 115, False, 0
1057,0, 115, False, 1
1058,0, 115, False, 1
1059,0, 115, False, 1
1060,0, 115, False, 1
1061,0, 115, False, 1
1062,0, 115, False, 1
1063,0, 115, False, 1
1064,0, 115, False, 0
1065,0, 115, False, 0
1066,0, 115, False, 0
1067,0, 115, False, 0
1068,0, 115, False, 0
1069,0, 115, False, 0
1070,0, 115, False, 0
1071,0, 115, False, 0
1072,0, 115, False, 0
1073,0, 115, False, 0
1074,0, 115, False, 0
1075,0, 115, False, 0
1076,0, 115, False, 0
1077,0, 115, False, 0
1078,5, 120, False, 0
1079,0, 120, False, 0
1080,0, 120, False, 0
1081,0, 120, False, 0
1082,0, 120, False, 0
1083,0, 120, False, 0
1084,0, 120, False, 0
1085,0, 120, False, 0
1086,0, 120, False, 0
1087,0, 120, False, 0
1088,0, 120, False, 0
1089,0, 120, False, 0
1090,0, 120, False, 4
1091,0, 120, False, 4
1092,0, 120, False, 4
1093,0, 120, False, 4
1094,0, 120, False, 4
1095,0, 120, False, 4
1096,0, 120, False, 0
1097,0, 120, False, 0
1098,0, 120, False, 0
1099,0, 120, False, 1
1100,0, 120, False, 1
1101,0, 120, False, 1
1102,0, 120, False, 1
1103,0, 120, False, 0
1104,0, 120, False, 0
1105,0, 120, False, 0
1106,0, 120, False, 0
1107,0, 120, False, 0
1108,0, 120, False, 0
1109,0, 120, False, 0
1110,0, 120, False, 0
1111,0, 120, False, 0
1112,0, 120, False, 0
1113,0, 120, False, 0
1114,0, 120, False, 0
1115,0, 120, False, 0
1116,0, 120, False, 0
1117,0, 120, False, 0
1118,0, 120, False, 0
1119,0, 120, False, 0
1120,0, 120, False, 0
1121,0, 120, False, 0
1122,0, 120, False, 0
1123,0, 120, False, 0
1124,0, 120, False, 0
1125,0, 120, False, 0
1126,0, 120, False, 0
1127,0, 120, False, 0
1128,0, 120, False, 0
1129,0, 120, False, 0
1130,10, 130, False, 0
1131,0, 130, False, 0
1132,0, 130, False, 1
1133,0, 130, False, 1
1134,0, 130, False, 1
1135,0, 130, False, 1
1136,0, 130, False, 1
1137,0, 130, False, 1
1138,0, 130, False, 0
1139,0, 130, False, 0
1140,0, 130, False, 0
1141,0, 130, False, 0
1142,0, 130, False, 4
1143,0, 130, False, 4
1144,0, 130, False, 4
1145,0, 130, False, 4
1146,0, 130, False, 0
1147,0, 130, False, 0
1148,0, 130, False, 0
1149,0, 130, False, 0
1150,0, 130, False, 0
1151,0, 130, False, 0
1152,0, 130, False, 0
1153,0, 130, False, 0
1154,0, 130, False, 0
1155,0, 130, False, 0
1156,0, 130, False, 0
1157,0, 130, False, 0
1158,0, 130, False, 1
1159,0, 130, False, 1
1160,0, 130, False, 1
1161,0, 130, False, 1
1162,0, 130, False, 1
1163,0, 130, False, 1
1164,0, 130, False, 1
1165,0, 130, False, 0
1166,0, 130, False, 0
1167,0, 130, False, 0
1168,0, 130, False, 0
1169,0, 130, False, 0
1170,15, 145, False, 0
1171,0, 145, False, 0
1172,0, 145, False, 0
1173,0, 145, False, 0
1174,0, 145, False, 0
1175,0, 145, False, 0
1176,0, 145, False, 0
1177,0, 145, False, 0
1178,0, 145, False, 0
1179,0, 145, False, 0
1180,0, 145, False, 0
1181,0, 145, False, 0
1182,0, 145, False, 1
1183,0, 145, False, 1
1184,0, 145, False, 1
1185,0, 145, False, 1
1186,0, 145, False, 1
1187,0, 145, False, 1
1188,0, 145, False, 1
1189,0, 145, False, 1
1190,0, 145, False, 1
1191,0, 145, False, 0
1192,0, 145, False, 0
1193,0, 145, False, 0
1194,0, 145, False, 0
1195,0, 145, False, 0
1196,0, 145, False, 0
1197,0, 145, False, 0
1198,0, 145, False, 0
1199,0, 145, False, 0
1200,0, 145, False, 3
1201,0, 145, False, 3
1202,0, 145, False, 3
1203,0, 145, False, 3
1204,0, 145, False, 3
1205,0, 145, False, 3
1206,0, 145, False, 3
1207,0, 145, False, 3
1208,0, 145, False, 3
1209,0, 145, False, 3
1210,0, 145, False, 3
1211,0, 145, False, 3
1212,0, 145, False, 3
1213,0, 145, False, 3
1214,0, 145, False, 3
1215,0, 145, False, 3
1216,0, 145, False, 3
1217,0, 145, False, 3
1218,0, 145, False, 0
1219,0, 145, False, 0
1220,0, 145, False, 0
1221,0, 145, False, 0
1222,0, 145, False, 0
1223,0, 145, False, 0
1224,0, 145, False, 0
1225,0, 145, False, 0
1226,0, 145, False, 0
1227,0, 145, False, 0
1228,0, 145, False, 0
1229,0, 145, False, 0
1230,20, 165, False, 0
1231,0, 165, False, 0
1232,0, 165, False, 0
1233,0, 165, False, 0
1234,0, 165, False, 0
1235,0, 165, False, 0
1236,0, 165, False, 0
1237,0, 165, False, 0
1238,0, 165, False, 0
1239,0, 165, False, 0
1240,0, 165, False, 0
1241,0, 165, False, 0
1242,0, 165, False, 0
1243,0, 165, False, 0
1244,0, 165, False, 0
1245,0, 165, False, 0
1246,0, 165, False, 0
1247,0, 165, False, 0
1248,0, 165, False, 0
1249,0, 165, False, 0
1250,0, 165, False, 0
1251,0, 165, False, 0
1252,0, 165, False, 0
1253,0, 165, False, 0
1254,0, 165, False, 0
1255,0, 165, False, 0
1256,0, 165, False, 0
1257,0, 165, False, 0
1258,0, 165, False, 0
1259,0, 165, False, 0
1260,0, 165, False, 0
1261,0, 165, False, 0
1262,0, 165, False, 0
1263,0, 165, False, 0
1264,0, 165, False, 0
1265,0, 165, False, 0
1266,0, 165, False, 0
1267,0, 165, False, 0
1268,0, 165, False, 0
1269,0, 165, False, 0
1270,0, 165, False, 0
1271,0, 165, False, 0
1272,0, 165, False, 0
1273,0, 165, False, 0
1274,0, 165, False, 0
1275,0, 165, False, 0
1276,0, 165, False, 0
1277,0, 165, False, 0
1278,0, 165, False, 0
1279,0, 165, False, 0
1280,0, 165, False, 0
1281,0, 165, False, 0
1282,0, 165, False, 0
1283,0, 165, False, 0
1284,0, 165, False, 0
1285,0, 165, False, 0
1286,0, 165, False, 0
1287,0, 165, False, 0
1288,0, 165, False, 0
1289,0, 165, False, 0
1290,0, 165, False, 0
1291,0, 165, False, 0
1292,0, 165, False, 0
1293,0, 165, False, 0
1294,0, 165, False, 0
1295,0, 165, False, 0
1296,0, 165, False, 0
1297,0, 165, False, 0
1298,0, 165, False, 0
1299,0, 165, False, 0
1300,0, 165, False, 0
1301,0, 165, False, 0
1302,0, 165, False, 0
1303,0, 165, False, 0
1304,0, 165, False, 0
1305,0, 165, False, 0
1306,0, 165, False, 0
1307,0, 165, False, 0
1308,0, 165, False, 0
1309,0, 165, False, 0
1310,0, 165, False, 1
1311,0, 165, False, 1
1312,0, 165, False, 1
1313,0, 165, False, 1
1314,0, 165, False, 1
1315,0, 165, False, 1
1316,0, 165, False, 1
1317,0, 165, False, 1
1318,0, 165, False, 1
1319,0, 165, False, 1
1320,0, 165, False, 1
1321,0, 165, False, 1
1322,0, 165, False, 0
1323,0, 165, False, 0
1324,0, 165, False, 0
1325,0, 165, False, 0
1326,0, 165, False, 0
1327,0, 165, False, 0
1328,0, 165, False, 0
1329,0, 165, False, 0
1330,0, 165, False, 0
1331,0, 165, False, 0
1332,5, 170, False, 0
1333,0, 170, False, 0
1334,0, 170, False, 0
1335,0, 170, False, 0
1336,0, 170, False, 0
1337,0, 170, False, 0
1338,0, 170, False, 0
1339,0, 170, False, 0
1340,0, 170, False, 0
1341,0, 170, False, 0
1342,0, 170, False, 0
1343,0, 170, False, 0
1344,0, 170, False, 1
1345,0, 170, False, 1
1346,0, 170, False, 1
1347,0, 170, False, 1
1348,0, 170, False, 1
1349,0, 170, False, 1
1350,0, 170, False, 1
1351,0, 170, False, 1
1352,0, 170, False, 1
1353,0, 170, False, 0
1354,0, 170, False, 0
1355,0, 170, False, 0
1356,0, 170, False, 0
1357,0, 170, False, 0
1358,0, 170, False, 0
1359,0, 170, False, 0
1360,0, 170, False, 0
1361,0, 170, False, 0
1362,0, 170, False, 0
1363,0, 170, False, 0
1364,0, 170, False, 0
1365,0, 170, False, 0
1366,0, 170, False, 0
1367,0, 170, False, 0
1368,0, 170, False, 0
1369,0, 170, False, 0
1370,0, 170, False, 0
1371,0, 170, False, 0
1372,0, 170, False, 0
1373,0, 170, False, 0
1374,10, 180, False, 0
1375,0, 180, False, 0
1376,0, 180, False, 0
1377,0, 180, False, 0
1378,0, 180, False, 1
1379,0, 180, False, 1
1380,0, 180, False, 1
1381,0, 180, False, 1
1382,0, 180, False, 1
1383,0, 180, False, 1
1384,0, 180, False, 1
1385,0, 180, False, 1
1386,0, 180, False, 1
1387,0, 180, False, 1
1388,0, 180, False, 1
1389,0, 180, False, 1
1390,0, 180, False, 1
1391,0, 180, False, 1
1392,0, 180, False, 1
1393,0, 180, False, 0
1394,0, 180, False, 0
1395,0, 180, False, 0
1396,0, 180, False, 0
1397,0, 180, False, 0
1398,0, 180, False, 0
1399,0, 180, False, 0
1400,0, 180, False, 0
1401,0, 180, False, 0
1402,0, 180, False, 0
1403,0, 180, False, 0
1404,0, 180, False, 0
1405,0, 180, False, 0
1406,0, 180, False, 0
1407,0, 180, False, 0
1408,0, 180, False, 0
1409,0, 180, False, 0
1410,0, 180, False, 0
1411,0, 180, False, 0
1412,0, 180, False, 0
1413,0, 180, False, 0
1414,0, 180, False, 0
1415,0, 180, False, 0
1416,0, 180, False, 0
1417,0, 180, False, 0
1418,15, 195, False, 1
1419,0, 195, False, 1
1420,0, 195, False, 1
1421,0, 195, False, 1
1422,0, 195, False, 1
1423,0, 195, False, 1
1424,0, 195, False, 1
1425,0, 195, False, 1
1426,0, 195, False, 1
1427,0, 195, False, 1
1428,0, 195, False, 1
1429,0, 195, False, 1
1430,0, 195, False, 1
1431,0, 195, False, 1
1432,0, 195, False, 0
1433,0, 195, False, 0
1434,0, 195, False, 0
1435,0, 195, False, 0
1436,0, 195, False, 0
1437,0, 195, False, 0
1438,0, 195, False, 0
1439,0, 195, False, 0
1440,0, 195, False, 0
1441,0, 195, False, 0
1442,0, 195, False, 0
1443,0, 195, False, 0
1444,0, 195, False, 0
1445,0, 195, False, 0
1446,0, 195, False, 0
1447,0, 195, False, 0
1448,0, 195, False, 0
1449,0, 195, False, 0
1450,0, 195, False, 0
1451,0, 195, False, 0
1452,0, 195, False, 0
1453,0, 195, False, 0
1454,0, 195, False, 0
1455,0, 195, False, 0
1456,0, 195, False, 0
1457,0, 195, False, 0
1458,0, 195, False, 0
1459,0, 195, False, 0
1460,0, 195, False, 0
1461,0, 195, False, 0
1462,0, 195, False, 0
1463,0, 195, False, 0
1464,0, 195, False, 0
1465,0, 195, False, 0
1466,0, 195, False, 0
1467,0, 195, False, 0
1468,0, 195, False, 0
1469,0, 195, False, 0
1470,0, 195, False, 3
1471,0, 195, False, 3
1472,0, 195, False, 3
1473,0, 195, False, 3
1474,0, 195, False, 0
1475,0, 195, False, 0
1476,0, 195, False, 0
1477,0, 195, False, 0
1478,0, 195, False, 0
1479,0, 195, False, 0
1480,0, 195, False, 0
1481,0, 195, False, 0
1482,0, 195, False, 0
1483,0, 195, False, 0
1484,0, 195, False, 0
1485,0, 195, False, 0
1486,0, 195, False, 0
1487,0, 195, False, 0
1488,0, 195, False, 0
1489,0, 195, False, 0
1490,0, 195, False, 0
1491,0, 195, False, 0
1492,0, 195, False, 0
1493,0, 195, False, 0
1494,0, 195, False, 0
1495,0, 195, False, 0
1496,0, 195, False, 0
1497,0, 195, False, 0
1498,0, 195, False, 0
1499,0, 195, False, 0
1500,0, 195, False, 0
1501,0, 195, False, 0
1502,0, 195, False, 0
1503,0, 195, False, 0
1504,0, 195, False, 0
1505,0, 195, False, 0
1506,0, 195, False, 0
1507,0, 195, False, 0
1508,0, 195, False, 0
1509,0, 195, False, 0
1510,0, 195, False, 0
1511,0, 195, False, 0
1512,0, 195, False, 0
1513,0, 195, False, 0
1514,0, 195, False, 0
1515,0, 195, False, 0
1516,0, 195, False, 0
1517,0, 195, False, 0
1518,0, 195, False, 0
1519,0, 195, False, 0
1520,0, 195, False, 0
1521,0, 195, False, 0
1522,0, 195, False, 0
1523,0, 195, False, 0
1524,0, 195, False, 0
1525,0, 195, False, 0
1526,0, 195, False, 0
1527,0, 195, False, 0
1528,0, 195, False, 0
1529,0, 195, False, 0
1530,0, 195, False, 0
1531,0, 195, False, 0
1532,0, 195, False, 0
1533,0, 195, False, 0
1534,0, 195, False, 0
1535,0, 195, False, 0
1536,0, 195, False, 1
1537,0, 195, False, 1
1538,0, 195, False, 1
1539,0, 195, False, 1
1540,0, 195, False, 0
1541,0, 195, False, 0
1542,0, 195, False, 0
1543,0, 195, False, 0
1544,0, 195, False, 0
1545,0, 195, False, 0
1546,0, 195, False, 0
1547,0, 195, False, 0
1548,0, 195, False, 0
1549,0, 195, False, 0
1550,0, 195, False, 0
1551,0, 195, False, 0
1552,5, 200, False, 0
1553,0, 200, False, 0
1554,0, 200, False, 0
1555,0, 200, False, 0
1556,0, 200, False, 0
1557,0, 200, False, 0
1558,0, 200, False, 0
1559,0, 200, False, 0
1560,0, 200, False, 0
1561,0, 200, False, 0
1562,0, 200, False, 0
1563,0, 200, False, 0
1564,0, 200, False, 1
1565,0, 200, False, 1
1566,0, 200, False, 1
1567,0, 200, False, 1
1568,0, 200, False, 1
1569,0, 200, False, 1
1570,0, 200, False, 1
1571,0, 200, False, 1
1572,0, 200, False, 1
1573,0, 200, False, 1
1574,0, 200, False, 1
1575,0, 200, False, 0
1576,0, 200, False, 0
1577,0, 200, False, 0
1578,0, 200, False, 0
1579,0, 200, False, 0
1580,0, 200, False, 0
1581,0, 200, False, 0
1582,0, 200, False, 0
1583,0, 200, False, 0
1584,0, 200, False, 0
1585,0, 200, False, 0
1586,0, 200, False, 0
1587,0, 200, False, 4
1588,0, 200, False, 4
1589,0, 200, False, 4
1590,0, 200, False, 4
1591,0, 200, False, 4
1592,0, 200, False, 4
1593,0, 200, False, 4
1594,0, 200, False, 4
1595,0, 200, False, 4
1596,0, 200, False, 4
1597,0, 200, False, 4
1598,0, 200, False, 4
1599,0, 200, False, 4
1600,0, 200, False, 4
1601,0, 200, False, 4
1602,0, 200, False, 4
1603,0, 200, False, 4
1604,0, 200, False, 4
1605,0, 200, False, 4
1606,0, 200, False, 4
1607,0, 200, False, 4
1608,0, 200, False, 4
1609,0, 200, False, 4
1610,0, 200, False, 4
1611,0, 200, False, 4
1612,0, 200, False, 4
1613,0, 200, False, 4
1614,0, 200, False, 0
1615,0, 200, False, 0
1616,0, 200, False, 0
1617,0, 200, False, 0
1618,0, 200, False, 0
1619,0, 200, False, 0
1620,0, 200, False, 0
1621,0, 200, False, 0
1622,0, 200, False, 0
1623,0, 200, False, 0
1624,0, 200, False, 0
1625,0, 200, False, 0
1626,0, 200, False, 0
1627,0, 200, False, 0
1628,0, 200, False, 0
1629,0, 200, False, 0
1630,0, 200, False, 0
1631,0, 200, False, 0
1632,0, 200, False, 0
1633,0, 200, False, 0
1634,0, 200, False, 0
1635,0, 200, False, 0
1636,0, 200, False, 4
1637,0, 200, False, 4
1638,0, 200, False, 4
1639,0, 200, False, 4
1640,0, 200, False, 4
1641,0, 200, False, 4
1642,0, 200, False, 4
1643,0, 200, False, 4
1644,0, 200, False, 4
1645,0, 200, False, 4
1646,0, 200, False, 4
1647,0, 200, False, 4
1648,0, 200, False, 4
1649,0, 200, False, 4
1650,0, 200, False, 4
1651,0, 200, False, 4
1652,0, 200, False, 4
1653,0, 200, False, 4
1654,0, 200, False, 4
1655,0, 200, False, 4
1656,0, 200, False, 4
1657,0, 200, False, 4
1658,0, 200, False, 4
1659,0, 200, False, 4
1660,0, 200, False, 4
1661,0, 200, False, 4
1662,0, 200, False, 4
1663,0, 200, False, 4
1664,0, 200, False, 4
1665,0, 200, False, 4
1666,0, 200, False, 4
1667,0, 200, False, 4
1668,0, 200, False, 4
1669,0, 200, False, 4
1670,0, 200, False, 4
1671,0, 200, False, 4
1672,0, 200, False, 4
1673,0, 200, False, 4
1674,0, 200, False, 4
1675,0, 200, False, 4
1676,0, 200, False, 4
1677,0, 200, False, 4
1678,0, 200, False, 4
1679,0, 200, False, 4
1680,0, 200, False, 4
1681,0, 200, False, 4
1682,0, 200, False, 4
1683,0, 200, False, 4
1684,0, 200, False, 4
1685,0, 200, False, 4
1686,0, 200, False, 4
1687,0, 200, False, 4
1688,0, 200, False, 4
1689,0, 200, False, 4
1690,0, 200, False, 4
1691,0, 200, False, 4
1692,0, 200, False, 4
1693,0, 200, False, 4
1694,0, 200, False, 4
1695,0, 200, False, 4
1696,0, 200, False, 4
1697,0, 200, False, 4
1698,0, 200, False, 0
1699,0, 200, False, 0
1700,0, 200, False, 0
1701,0, 200, False, 1
1702,0, 200, False, 1
1703,0, 200, False, 1
1704,0, 200, False, 1
1705,0, 200, False, 1
1706,0, 200, False, 1
1707,0, 200, False, 1
1708,0, 200, False, 1
1709,0, 200, False, 0
1710,0, 200, False, 0
1711,0, 200, False, 0
1712,0, 200, False, 0
1713,0, 200, False, 0
1714,0, 200, False, 0
1715,0, 200, False, 0
1716,0, 200, False, 0
1717,0, 200, False, 0
1718,0, 200, False, 0
1719,0, 200, False, 0
1720,0, 200, False, 0
1721,0, 200, False, 0
1722,0, 200, False, 0
1723,0, 200, False, 0
1724,0, 200, False, 0
1725,0, 200, False, 0
1726,10, 210, False, 0
1727,0, 210, False, 0
1728,0, 210, False, 0
1729,0, 210, False, 0
1730,0, 210, False, 0
1731,0, 210, False, 0
1732,0, 210, False, 0
1733,0, 210, False, 0
1734,0, 210, False, 1
1735,0, 210, False, 1
1736,0, 210, False, 1
1737,0, 210, False, 1
1738,0, 210, False, 1
1739,0, 210, False, 1
1740,0, 210, False, 1
1741,0, 210, False, 1
1742,0, 210, False, 1
1743,0, 210, False, 1
1744,0, 210, False, 0
1745,0, 210, False, 0
1746,0, 210, False, 0
1747,0, 210, False, 0
1748,0, 210, False, 0
1749,0, 210, False, 0
1750,0, 210, False, 0
1751,0, 210, False, 0
1752,0, 210, False, 3
1753,0, 210, False, 3
1754,0, 210, False, 3
1755,0, 210, False, 3
1756,0, 210, False, 3
1757,0, 210, False, 3
1758,0, 210, False, 3
1759,0, 210, False, 3
1760,0, 210, False, 3
1761,0, 210, False, 3
1762,0, 210, False, 3
1763,0, 210, False, 3
1764,0, 210, False, 3
1765,0, 210, False, 3
1766,0, 210, False, 3
1767,0, 210, False, 3
1768,15, 225, False, 3
1769,0, 225, False, 3
1770,0, 225, False, 3
1771,0, 225, False, 3
1772,0, 225, False, 3
1773,0, 225, False, 3
1774,0, 225, False, 3
1775,0, 225, False, 3
1776,0, 225, False, 3
1777,0, 225, False, 3
1778,0, 225, False, 3
1779,0, 225, False, 3
1780,0, 225, False, 3
1781,0, 225, False, 3
1782,0, 225, False, 3
1783,0, 225, False, 3
1784,0, 225, False, 3
1785,0, 225, False, 3
1786,0, 225, False, 3
1787,0, 225, False, 3
1788,0, 225, False, 3
1789,0, 225, False, 3
1790,0, 225, False, 3
1791,0, 225, False, 3
1792,0, 225, False, 3
1793,0, 225, False, 3
1794,0, 225, False, 3
1795,0, 225, False, 3
1796,0, 225, False, 3
1797,0, 225, False, 3
1798,0, 225, False, 3
1799,0, 225, False, 3
1800,0, 225, False, 3
1801,0, 225, False, 3
1802,0, 225, False, 3
1803,0, 225, False, 3
1804,0, 225, False, 3
1805,0, 225, False, 3
1806,0, 225, False, 3
1807,0, 225, False, 3
1808,0, 225, False, 3
1809,0, 225, False, 3
1810,0, 225, False, 3
1811,0, 225, False, 3
1812,0, 225, False, 3
1813,0, 225, False, 3
1814,0, 225, False, 3
1815,0, 225, False, 3
1816,0, 225, False, 3
1817,0, 225, False, 3
1818,0, 225, False, 3
1819,0, 225, False, 3
1820,0, 225, False, 3
1821,0, 225, False, 3
1822,0, 225, False, 3
1823,0, 225, False, 3
1824,0, 225, False, 3
1825,0, 225, False, 3
1826,0, 225, False, 3
1827,0, 225, False, 3
1828,0, 225, False, 3
1829,0, 225, False, 3
1830,0, 225, False, 3
1831,0, 225, False, 3
1832,0, 225, False, 3
1833,0, 225, False, 3
1834,0, 225, False, 3
1835,0, 225, False, 3
1836,0, 225, False, 3
1837,0, 225, False, 3
1838,0, 225, False, 3
1839,0, 225, False, 3
1840,0, 225, False, 3
1841,0, 225, False, 3
1842,0, 225, False, 3
1843,0, 225, False, 3
1844,0, 225, False, 3
1845,0, 225, False, 3
1846,0, 225, False, 3
1847,0, 225, False, 3
1848,0, 225, False, 3
1849,0, 225, False, 3
1850,0, 225, False, 3
1851,0, 225, False, 3
1852,0, 225, False, 3
1853,0, 225, False, 3
1854,0, 225, False, 3
1855,0, 225, False, 3
1856,0, 225, False, 3
1857,0, 225, False, 3
1858,0, 225, False, 3
1859,0, 225, False, 3
1860,0, 225, False, 3
1861,0, 225, False, 3
1862,0, 225, False, 3
1863,0, 225, False, 3
1864,0, 225, False, 3
1865,0, 225, False, 3
1866,0, 225, False, 3
1867,0, 225, False, 3
1868,0, 225, False, 3
1869,0, 225, False, 3
1870,0, 225, False, 0
1871,0, 225, False, 0
1872,0, 225, False, 0
1873,0, 225, False, 0
1874,0, 225, False, 0
1875,0, 225, False, 0
1876,0, 225, False, 0
1877,0, 225, False, 0
1878,0, 225, False, 0
1879,0, 225, False, 0
1880,0, 225, False, 0
1881,0, 225, False, 3
1882,0, 225, False, 3
1883,0, 225, False, 3
1884,0, 225, False, 3
1885,0, 225, False, 3
1886,0, 225, False, 3
1887,0, 225, False, 3
1888,0, 225, False, 3
1889,0, 225, False, 3
1890,0, 225, False, 0
1891,0, 225, False, 0
1892,0, 225, False, 0
1893,0, 225, False, 0
1894,0, 225, False, 3
1895,0, 225, False, 3
1896,0, 225, False, 3
1897,0, 225, False, 3
1898,0, 225, False, 3
1899,0, 225, False, 3
1900,0, 225, False, 3
1901,0, 225, False, 3
1902,0, 225, False, 0
1903,0, 225, False, 0
1904,0, 225, False, 0
1905,0, 225, False, 0
1906,0, 225, False, 0
1907,0, 225, False, 0
1908,0, 225, False, 0
1909,0, 225, False, 0
1910,0, 225, False, 0
1911,0, 225, False, 0
1912,0, 225, False, 0
1913,0, 225, False, 3
1914,0, 225, False, 3
1915,0, 225, False, 3
1916,0, 225, False, 3
1917,0, 225, False, 3
1918,0, 225, False, 3
1919,0, 225, False, 3
1920,0, 225, False, 3
1921,0, 225, False, 0
1922,0, 225, False, 0
1923,0, 225, False, 0
1924,0, 225, False, 0
1925,0, 225, False, 0
1926,0, 225, False, 0
1927,0, 225, False, 0
1928,0, 225, False, 0
1929,0, 225, False, 0
1930,0, 225, False, 0
1931,0, 225, False, 0
1932,0, 225, False, 0
1933,0, 225, False, 0
1934,0, 225, False, 0
1935,0, 225, False, 0
1936,0, 225, False, 0
1937,0, 225, False, 0
1938,0, 225, False, 0
1939,0, 225, False, 0
1940,0, 225, False, 0
1941,0, 225, False, 0
1942,0, 225, False, 0
1943,0, 225, False, 1
1944,0, 225, False, 1
1945,0, 225, False, 1
1946,0, 225, False, 1
1947,0, 225, False, 1
1948,0, 225, False, 1
1949,0, 225, False, 1
1950,0, 225, False, 1
1951,0, 225, False, 1
1952,0, 225, False, 1
1953,0, 225, False, 0
1954,0, 225, False, 0
1955,0, 225, False, 0
1956,0, 225, False, 0
1957,0, 225, False, 0
1958,0, 225, False, 0
1959,0, 225, False, 0
1960,0, 225, False, 0
1961,0, 225, False, 0
1962,10, 235, False, 0
1963,0, 235, False, 0
1964,0, 235, False, 0
1965,0, 235, False, 0
1966,0, 235, False, 0
1967,0, 235, False, 0
1968,0, 235, False, 0
1969,0, 235, False, 0
1970,0, 235, False, 1
1971,0, 235, False, 1
1972,0, 235, False, 1
1973,0, 235, False, 1
1974,0, 235, False, 1
1975,0, 235, False, 1
1976,0, 235, False, 1
1977,0, 235, False, 1
1978,0, 235, False, 1
1979,0, 235, False, 1
1980,0, 235, False, 1
1981,0, 235, False, 0
1982,0, 235, False, 0
1983,0, 235, False, 0
1984,0, 235, False, 0
1985,0, 235, False, 0
1986,0, 235, False, 0
1987,0, 235, False, 0
1988,0, 235, False, 0
1989,0, 235, False, 0
1990,0, 235, False, 0
1991,0, 235, False, 0
1992,0, 235, False, 0
1993,0, 235, False, 0
1994,0, 235, False, 0
1995,0, 235, False, 0
1996,0, 235, False, 0
1997,0, 235, False, 0
1998,0, 235, False, 0
1999,0, 235, False, 0
2000,15, 250, False, 4
2001,0, 250, False, 4
2002,0, 250, False, 4
2003,0, 250, False, 4
2004,0, 250, False, 4
2005,0, 250, False, 4
2006,0, 250, False, 4
2007,0, 250, False, 4
2008,0, 250, False, 4
2009,0, 250, False, 4
2010,0, 250, False, 0
2011,0, 250, False, 0
2012,0, 250, False, 0
2013,0, 250, False, 0
2014,0, 250, False, 0
2015,0, 250, False, 0
2016,0, 250, False, 1
2017,0, 250, False, 1
2018,0, 250, False, 1
2019,0, 250, False, 1
2020,0, 250, False, 1
2021,0, 250, False, 0
2022,0, 250, False, 0
2023,0, 250, False, 0
2024,0, 250, False, 0
2025,0, 250, False, 0
2026,0, 250, False, 0
2027,0, 250, False, 0
2028,0, 250, False, 0
2029,0, 250, False, 0
2030,0, 250, False, 0
2031,0, 250, False, 0
2032,0, 250, False, 0
2033,0, 250, False, 0
2034,0, 250, False, 0
2035,0, 250, False, 0
2036,0, 250, False, 0
2037,0, 250, False, 0
2038,0, 250, False, 0
2039,0, 250, False, 4
2040,0, 250, False, 4
2041,0, 250, False, 4
2042,0, 250, False, 4
2043,0, 250, False, 4
2044,0, 250, False, 4
2045,0, 250, False, 4
2046,0, 250, False, 4
2047,0, 250, False, 4
2048,0, 250, False, 4
2049,0, 250, False, 4
2050,0, 250, False, 4
2051,0, 250, False, 4
2052,0, 250, False, 4
2053,0, 250, False, 4
2054,20, 270, False, 4
2055,0, 270, False, 4
2056,0, 270, False, 4
2057,0, 270, False, 4
2058,0, 270, False, 4
2059,0, 270, False, 4
2060,0, 270, False, 4
2061,0, 270, False, 4
2062,0, 270, False, 4
2063,0, 270, False, 4
2064,0, 270, False, 4
2065,0, 270, False, 4
2066,0, 270, False, 4
2067,0, 270, False, 4
2068,0, 270, False, 4
2069,0, 270, False, 4
2070,0, 270, False, 4
2071,0, 270, False, 4
2072,0, 270, False, 4
2073,0, 270, False, 0
2074,0, 270, False, 1
2075,0, 270, False, 1
2076,0, 270, False, 1
2077,0, 270, False, 1
2078,0, 270, False, 1
2079,0, 270, False, 1
2080,0, 270, False, 1
2081,0, 270, False, 1
2082,0, 270, False, 1
2083,0, 270, False, 0
2084,0, 270, False, 0
2085,0, 270, False, 0
2086,0, 270, False, 0
2087,0, 270, False, 0
2088,0, 270, False, 0
2089,0, 270, False, 4
2090,0, 270, False, 4
2091,0, 270, False, 4
2092,0, 270, False, 4
2093,0, 270, False, 4
2094,0, 270, False, 4
2095,0, 270, False, 4
2096,0, 270, False, 4
2097,0, 270, False, 4
2098,0, 270, False, 4
2099,0, 270, False, 4
2100,0, 270, False, 4
2101,0, 270, False, 4
2102,0, 270, False, 0
2103,0, 270, False, 0
2104,0, 270, False, 0
2105,0, 270, False, 0
2106,0, 270, False, 0
2107,0, 270, False, 1
2108,0, 270, False, 1
2109,0, 270, False, 1
2110,0, 270, False, 1
2111,0, 270, False, 1
2112,0, 270, False, 1
2113,0, 270, False, 1
2114,0, 270, False, 1
2115,0, 270, False, 1
2116,0, 270, False, 0
2117,0, 270, False, 0
2118,0, 270, False, 0
2119,0, 270, False, 0
2120,0, 270, False, 0
2121,0, 270, False, 0
2122,0, 270, False, 0
2123,0, 270, False, 0
2124,0, 270, False, 0
2125,0, 270, False, 0
2126,0, 270, False, 0
2127,0, 270, False, 0
2128,0, 270, False, 0
2129,0, 270, False, 0
2130,0, 270, False, 0
2131,0, 270, False, 0
2132,0, 270, False, 0
2133,0, 270, False, 0
2134,0, 270, False, 0
2135,0, 270, False, 0
2136,0, 270, False, 0
2137,0, 270, False, 0
2138,0, 270, False, 0
2139,0, 270, False, 0
2140,0, 270, False, 0
2141,0, 270, False, 0
2142,0, 270, False, 0
2143,0, 270, False, 0
2144,0, 270, False, 0
2145,0, 270, False, 0
2146,0, 270, False, 0
2147,0, 270, False, 0
2148,0, 270, False, 0
2149,0, 270, False, 0
2150,0, 270, False, 0
2151,0, 270, False, 0
2152,0, 270, False, 0
2153,0, 270, False, 0
2154,0, 270, False, 0
2155,0, 270, False, 0
2156,0, 270, False, 0
2157,0, 270, False, 0
2158,0, 270, False, 0
2159,0, 270, False, 4
2160,0, 270, False, 4
2161,0, 270, False, 4
2162,0, 270, False, 4
2163,0, 270, False, 4
2164,0, 270, False, 4
2165,0, 270, False, 4
2166,0, 270, False, 4
2167,0, 270, False, 4
2168,0, 270, False, 4
2169,0, 270, False, 4
2170,0, 270, False, 4
2171,0, 270, False, 4
2172,0, 270, False, 4
2173,0, 270, False, 4
2174,0, 270, False, 4
2175,0, 270, False, 4
2176,0, 270, False, 4
2177,0, 270, False, 4
2178,0, 270, False, 4
2179,0, 270, False, 4
2180,0, 270, False, 4
2181,0, 270, False, 4
2182,0, 270, False, 4
2183,0, 270, False, 4
2184,0, 270, False, 4
2185,0, 270, False, 4
2186,0, 270, False, 4
2187,0, 270, False, 4
2188,0, 270, False, 4
2189,0, 270, False, 4
2190,0, 270, False, 4
2191,0, 270, False, 4
2192,0, 270, False, 4
2193,0, 270, False, 4
2194,0, 270, False, 4
2195,0, 270, False, 4
2196,0, 270, False, 4
2197,0, 270, False, 4
2198,0, 270, False, 4
2199,0, 270, False, 4
2200,0, 270, False, 4
2201,0, 270, False, 4
2202,0, 270, False, 4
2203,0, 270, False, 4
2204,0, 270, False, 4
2205,0, 270, False, 4
2206,0, 270, False, 4
2207,0, 270, False, 4
2208,0, 270, False, 4
2209,0, 270, False, 4
2210,0, 270, False, 4
2211,0, 270, False, 4
2212,0, 270, False, 4
2213,0, 270, False, 0
2214,0, 270, False, 0
2215,0, 270, False, 1
2216,0, 270, False, 1
2217,0, 270, False, 1
2218,0, 270, False, 1
2219,0, 270, False, 0
2220,0, 270, False, 0
2221,0, 270, False, 0
2222,0, 270, False, 0
2223,0, 270, False, 0
2224,0, 270, False, 0
2225,0, 270, False, 0
2226,0, 270, False, 0
2227,0, 270, False, 0
2228,0, 270, False, 0
2229,0, 270, False, 0
2230,0, 270, False, 0
2231,0, 270, False, 0
2232,0, 270, False, 0
2233,0, 270, False, 0
2234,0, 270, False, 0
2235,0, 270, False, 0
2236,0, 270, False, 0
2237,0, 270, False, 0
2238,0, 270, False, 0
2239,0, 270, False, 0
2240,0, 270, False, 0
2241,0, 270, False, 0
2242,0, 270, False, 0
2243,0, 270, False, 0
2244,0, 270, False, 0
2245,0, 270, False, 0
2246,20, 290, False, 0
2247,0, 290, False, 0
2248,0, 290, False, 0
2249,0, 290, False, 0
2250,0, 290, False, 0
2251,0, 290, False, 0
2252,0, 290, False, 1
2253,0, 290, False, 1
2254,0, 290, False, 1
2255,0, 290, False, 1
2256,0, 290, False, 1
2257,0, 290, False, 1
2258,0, 290, False, 1
2259,0, 290, False, 0
2260,0, 290, False, 0
2261,0, 290, False, 0
2262,0, 290, False, 0
2263,0, 290, False, 0
2264,0, 290, False, 0
2265,0, 290, False, 0
2266,0, 290, False, 0
2267,0, 290, False, 0
2268,0, 290, False, 0
2269,0, 290, False, 0
2270,0, 290, False, 0
2271,0, 290, False, 0
2272,0, 290, False, 0
2273,0, 290, False, 0
2274,0, 290, False, 0
2275,0, 290, False, 0
2276,0, 290, False, 0
2277,0, 290, False, 0
2278,0, 290, False, 0
2279,0, 290, False, 0
2280,0, 290, False, 0
2281,0, 290, False, 0
2282,0, 290, False, 0
2283,0, 290, False, 0
2284,0, 290, False, 0
2285,0, 290, False, 0
2286,0, 290, False, 0
2287,0, 290, False, 0
2288,0, 290, False, 0
2289,0, 290, False, 0
2290,0, 290, False, 0
2291,0, 290, False, 0
2292,0, 290, False, 4
2293,0, 290, False, 4
2294,0, 290, False, 4
2295,0, 290, False, 4
2296,0, 290, False, 4
2297,0, 290, False, 4
2298,0, 290, False, 4
2299,0, 290, False, 4
2300,0, 290, False, 0
2301,0, 290, False, 0
2302,0, 290, False, 0
2303,0, 290, False, 0
2304,0, 290, False, 0
2305,0, 290, False, 0
2306,0, 290, False, 0
2307,0, 290, False, 0
2308,0, 290, False, 0
2309,0, 290, False, 0
2310,0, 290, False, 0
2311,0, 290, False, 0
2312,0, 290, False, 0
2313,0, 290, False, 0
2314,0, 290, False, 0
2315,0, 290, False, 0
2316,0, 290, False, 0
2317,0, 290, False, 0
2318,0, 290, False, 0
2319,0, 290, False, 0
2320,0, 290, False, 0
2321,0, 290, False, 0
2322,0, 290, False, 0
2323,0, 290, False, 0
2324,0, 290, False, 0
2325,0, 290, False, 0
2326,0, 290, False, 0
2327,0, 290, False, 0
2328,0, 290, False, 0
2329,0, 290, False, 0
2330,0, 290, False, 0
2331,0, 290, False, 0
2332,0, 290, False, 0
2333,0, 290, False, 0
2334,0, 290, False, 0
2335,0, 290, False, 0
2336,0, 290, False, 0
2337,0, 290, False, 0
2338,0, 290, False, 0
2339,0, 290, False, 0
2340,0, 290, False, 1
2341,0, 290, False, 1
2342,0, 290, False, 1
2343,0, 290, False, 1
2344,0, 290, False, 1
2345,0, 290, False, 1
2346,0, 290, False, 1
2347,0, 290, False, 1
2348,0, 290, False, 0
2349,0, 290, False, 0
2350,0, 290, False, 0
2351,0, 290, False, 0
2352,0, 290, False, 0
2353,0, 290, False, 0
2354,0, 290, False, 0
2355,0, 290, False, 0
2356,0, 290, False, 0
2357,0, 290, False, 0
2358,0, 290, False, 0
2359,0, 290, False, 0
2360,0, 290, False, 0
2361,0, 290, False, 0
2362,0, 290, False, 0
2363,0, 290, False, 0
2364,0, 290, False, 0
2365,0, 290, False, 0
2366,0, 290, False, 0
2367,0, 290, False, 0
2368,0, 290, False, 0
2369,0, 290, False, 0
2370,0, 290, False, 0
2371,0, 290, False, 0
2372,20, 310, False, 0
2373,0, 310, False, 0
2374,0, 310, False, 0
2375,0, 310, False, 0
2376,0, 310, False, 0
2377,0, 310, False, 0
2378,0, 310, False, 0
2379,0, 310, False, 0
2380,0, 310, False, 0
2381,0, 310, False, 3
2382,0, 310, False, 3
2383,0, 310, False, 3
2384,0, 310, False, 3
2385,0, 310, False, 3
2386,0, 310, False, 3
2387,0, 310, False, 3
2388,0, 310, False, 3
2389,0, 310, False, 3
2390,0, 310, False, 0
2391,0, 310, False, 0
2392,0, 310, False, 0
2393,0, 310, False, 0
2394,0, 310, False, 0
2395,0, 310, False, 1
2396,0, 310, False, 1
2397,0, 310, False, 1
2398,0, 310, False, 1
2399,0, 310, False, 1
2400,0, 310, False, 0
2401,0, 310, False, 0
2402,0, 310, False, 0
2403,0, 310, False, 0
2404,0, 310, False, 0
2405,0, 310, False, 0
2406,0, 310, False, 0
2407,0, 310, False, 0
2408,0, 310, False, 0
2409,0, 310, False, 0
2410,0, 310, False, 0
2411,0, 310, False, 0
2412,0, 310, False, 0
2413,0, 310, False, 0
2414,0, 310, False, 0
2415,0, 310, False, 0
2416,0, 310, False, 0
2417,0, 310, False, 0
2418,0, 310, False, 0
2419,0, 310, False, 0
2420,0, 310, False, 0
2421,0, 310, False, 0
2422,0, 310, False, 0
2423,0, 310, False, 0
2424,0, 310, False, 0
2425,0, 310, False, 0
2426,0, 310, False, 0
2427,0, 310, False, 0
2428,0, 310, False, 0
2429,0, 310, False, 3
2430,0, 310, False, 3
2431,0, 310, False, 3
2432,0, 310, False, 3
2433,0, 310, False, 3
2434,25, 335, False, 3
2435,0, 335, False, 3
2436,0, 335, False, 3
2437,0, 335, False, 3
2438,0, 335, False, 3
2439,0, 335, False, 3
2440,0, 335, False, 3
2441,0, 335, False, 3
2442,0, 335, False, 3
2443,0, 335, False, 3
2444,0, 335, False, 3
2445,0, 335, False, 3
2446,0, 335, False, 0
2447,0, 335, False, 0
2448,0, 335, False, 0
2449,0, 335, False, 0
2450,0, 335, False, 0
2451,0, 335, False, 0
2452,0, 335, False, 0
2453,0, 335, False, 3
2454,0, 335, False, 3
2455,0, 335, False, 3
2456,0, 335, False, 3
2457,0, 335, False, 3
2458,0, 335, False, 3
2459,0, 335, False, 3
2460,0, 335, False, 3
2461,0, 335, False, 3
2462,0, 335, False, 3
2463,0, 335, False, 3
2464,0, 335, False, 3
2465,0, 335, False, 3
2466,0, 335, False, 3
2467,0, 335, False, 3
2468,0, 335, False, 3
2469,0, 335, False, 3
2470,0, 335, False, 3
2471,0, 335, False, 3
2472,0, 335, False, 3
2473,0, 335, False, 3
2474,0, 335, False, 3
2475,0, 335, False, 3
2476,0, 335, False, 3
2477,0, 335, False, 3
2478,0, 335, False, 3
2479,0, 335, False, 3
2480,0, 335, False, 3
2481,0, 335, False, 3
2482,0, 335, False, 3
2483,0, 335, False, 3
2484,0, 335, False, 3
2485,0, 335, False, 3
2486,0, 335, False, 3
2487,0, 335, False, 3
2488,0, 335, False, 3
2489,0, 335, False, 3
2490,0, 335, False, 3
2491,0, 335, False, 3
2492,0, 335, False, 3
2493,0, 335, False, 3
2494,0, 335, False, 3
2495,0, 335, False, 3
2496,0, 335, False, 3
2497,0, 335, False, 3
2498,0, 335, False, 0
2499,0, 335, False, 0
2500,0, 335, False, 0
2501,0, 335, False, 0
2502,0, 335, False, 1
2503,0, 335, False, 1
2504,0, 335, False, 1
2505,0, 335, False, 1
2506,0, 335, False, 1
2507,0, 335, False, 0
2508,0, 335, False, 0
2509,0, 335, False, 0
2510,0, 335, False, 0
2511,0, 335, False, 0
2512,0, 335, False, 0
2513,0, 335, False, 0
2514,0, 335, False, 0
2515,0, 335, False, 0
2516,0, 335, False, 0
2517,0, 335, False, 0
2518,0, 335, False, 0
2519,0, 335, False, 0
2520,0, 335, False, 0
2521,0, 335, False, 0
2522,0, 335, False, 0
2523,0, 335, False, 0
2524,0, 335, False, 0
2525,0, 335, False, 0
2526,0, 335, False, 0
2527,0, 335, False, 0
2528,0, 335, False, 0
2529,0, 335, False, 0
2530,0, 335, False, 0
2531,0, 335, False, 0
2532,0, 335, False, 0
2533,0, 335, False, 0
2534,0, 335, False, 0
2535,0, 335, False, 0
2536,0, 335, False, 0
2537,0, 335, False, 0
2538,25, 360, False, 0
2539,0, 360, False, 0
2540,0, 360, False, 0
2541,0, 360, False, 0
2542,0, 360, False, 0
2543,0, 360, False, 0
2544,0, 360, False, 0
2545,0, 360, False, 0
2546,0, 360, False, 0
2547,0, 360, False, 0
2548,0, 360, False, 0
2549,0, 360, False, 0
2550,0, 360, False, 0
2551,0, 360, False, 0
2552,0, 360, False, 0
2553,0, 360, False, 0
2554,0, 360, False, 0
2555,0, 360, False, 0
2556,0, 360, False, 0
2557,0, 360, False, 0
2558,0, 360, False, 0
2559,0, 360, False, 0
2560,0, 360, False, 0
2561,0, 360, False, 0
2562,0, 360, False, 0
2563,0, 360, False, 0
2564,0, 360, False, 0
2565,0, 360, False, 3
2566,0, 360, False, 3
2567,0, 360, False, 3
2568,0, 360, False, 3
2569,0, 360, False, 3
2570,0, 360, False, 0
2571,0, 360, False, 0
2572,0, 360, False, 0
2573,0, 360, False, 0
2574,0, 360, False, 0
2575,0, 360, False, 0
2576,0, 360, False, 0
2577,0, 360, False, 0
2578,0, 360, False, 1
2579,0, 360, False, 1
2580,0, 360, False, 1
2581,0, 360, False, 1
2582,0, 360, False, 1
2583,0, 360, False, 1
2584,0, 360, False, 1
2585,0, 360, False, 1
2586,0, 360, False, 1
2587,0, 360, False, 1
2588,0, 360, False, 1
2589,0, 360, False, 1
2590,0, 360, False, 1
2591,0, 360, False, 1
2592,0, 360, False, 0
2593,0, 360, False, 0
2594,0, 360, False, 0
2595,0, 360, False, 0
2596,0, 360, False, 0
2597,0, 360, False, 0
2598,0, 360, False, 0
2599,0, 360, False, 0
2600,0, 360, False, 0
2601,0, 360, False, 0
2602,0, 360, False, 0
2603,0, 360, False, 0
2604,0, 360, False, 0
2605,0, 360, False, 0
2606,20, 380, False, 0
2607,0, 380, False, 0
2608,0, 380, False, 0
2609,0, 380, False, 0
2610,0, 380, False, 0
2611,0, 380, False, 0
2612,0, 380, False, 0
2613,0, 380, False, 0
2614,0, 380, False, 0
2615,0, 380, False, 0
2616,0, 380, False, 0
2617,0, 380, False, 0
2618,0, 380, False, 1
2619,0, 380, False, 1
2620,0, 380, False, 1
2621,0, 380, False, 1
2622,0, 380, False, 1
2623,0, 380, False, 1
2624,0, 380, False, 1
2625,0, 380, False, 1
2626,0, 380, False, 1
2627,0, 380, False, 0
2628,0, 380, False, 0
2629,0, 380, False, 0
2630,0, 380, False, 0
2631,0, 380, False, 0
2632,0, 380, False, 0
2633,0, 380, False, 4
2634,0, 380, False, 4
2635,0, 380, False, 4
2636,0, 380, False, 4
2637,0, 380, False, 4
2638,0, 380, False, 4
2639,0, 380, False, 4
2640,0, 380, False, 4
2641,0, 380, False, 4
2642,0, 380, False, 0
2643,0, 380, False, 0
2644,0, 380, False, 0
2645,0, 380, False, 0
2646,0, 380, False, 0
2647,0, 380, False, 0
2648,0, 380, False, 0
2649,0, 380, False, 0
2650,0, 380, False, 0
2651,0, 380, False, 0
2652,0, 380, False, 0
2653,0, 380, False, 0
2654,25, 405, False, 0
2655,0, 405, False, 1
2656,0, 405, False, 1
2657,0, 405, False, 1
2658,0, 405, False, 1
2659,0, 405, False, 1
2660,0, 405, False, 1
2661,0, 405, False, 1
2662,0, 405, False, 1
2663,0, 405, False, 0
2664,0, 405, False, 0
2665,0, 405, False, 0
2666,0, 405, False, 0
2667,0, 405, False, 0
2668,0, 405, False, 0
2669,0, 405, False, 0
2670,0, 405, False, 0
2671,0, 405, False, 0
2672,0, 405, False, 0
2673,0, 405, False, 0
2674,0, 405, False, 0
2675,0, 405, False, 0
2676,0, 405, False, 0
2677,0, 405, False, 0
2678,0, 405, False, 0
2679,0, 405, False, 0
2680,0, 405, False, 0
2681,0, 405, False, 0
2682,0, 405, False, 0
2683,0, 405, False, 0
2684,0, 405, False, 0
2685,0, 405, False, 0
2686,0, 405, False, 0
2687,0, 405, False, 0
2688,0, 405, False, 0
2689,0, 405, False, 0
2690,0, 405, False, 0
2691,0, 405, False, 0
2692,0, 405, False, 0
2693,0, 405, False, 0
2694,0, 405, False, 0
2695,0, 405, False, 0
2696,0, 405, False, 0
2697,0, 405, False, 0
2698,0, 405, False, 0
2699,0, 405, False, 0
2700,30, 435, False, 0
2701,0, 435, False, 0
2702,0, 435, False, 0
2703,0, 435, False, 0
2704,0, 435, False, 0
2705,0, 435, False, 0
2706,0, 435, False, 0
2707,0, 435, False, 0
2708,0, 435, False, 0
2709,0, 435, False, 0
2710,0, 435, False, 0
2711,0, 435, False, 0
2712,0, 435, False, 3
2713,0, 435, False, 3
2714,0, 435, False, 3
2715,0, 435, False, 3
2716,0, 435, False, 3
2717,0, 435, False, 3
2718,0, 435, False, 3
2719,0, 435, False, 3
2720,0, 435, False, 3
2721,0, 435, False, 3
2722,0, 435, False, 3
2723,0, 435, False, 0
2724,0, 435, False, 0
2725,0, 435, False, 0
2726,0, 435, False, 0
2727,0, 435, False, 0
2728,0, 435, False, 0
2729,0, 435, False, 0
2730,0, 435, False, 3
2731,0, 435, False, 3
2732,0, 435, False, 3
2733,0, 435, False, 3
2734,0, 435, False, 3
2735,0, 435, False, 3
2736,0, 435, False, 3
2737,0, 435, False, 3
2738,0, 435, False, 3
2739,0, 435, False, 0
2740,0, 435, False, 0
2741,0, 435, False, 0
2742,0, 435, False, 0
2743,0, 435, False, 0
2744,0, 435, False, 1
2745,0, 435, False, 1
2746,0, 435, False, 1
2747,0, 435, False, 1
2748,0, 435, False, 1
2749,0, 435, False, 1
2750,0, 435, False, 0
2751,0, 435, False, 0
2752,0, 435, False, 0
2753,0, 435, False, 0
2754,0, 435, False, 0
2755,0, 435, False, 0
2756,0, 435, False, 0
2757,0, 435, False, 0
2758,0, 435, False, 0
2759,0, 435, False, 0
2760,0, 435, False, 0
2761,0, 435, False, 4
2762,0, 435, False, 4
2763,0, 435, False, 4
2764,0, 435, False, 4
2765,0, 435, False, 4
2766,0, 435, False, 4
2767,0, 435, False, 4
2768,0, 435, False, 4
2769,0, 435, False, 4
2770,0, 435, False, 0
2771,0, 435, False, 0
2772,0, 435, False, 0
2773,0, 435, False, 0
2774,0, 435, False, 3
2775,0, 435, False, 3
2776,0, 435, False, 3
2777,0, 435, False, 3
2778,0, 435, False, 3
2779,0, 435, False, 3
2780,0, 435, False, 3
2781,0, 435, False, 3
2782,0, 435, False, 3
2783,0, 435, False, 3
2784,0, 435, False, 3
2785,0, 435, False, 3
2786,0, 435, False, 3
2787,0, 435, False, 3
2788,0, 435, False, 3
2789,0, 435, False, 3
2790,0, 435, False, 3
2791,0, 435, False, 3
2792,0, 435, False, 3
2793,0, 435, False, 3
2794,0, 435, False, 3
2795,0, 435, False, 3
2796,0, 435, False, 3
2797,0, 435, False, 3
2798,0, 435, False, 3
2799,0, 435, False, 3
2800,0, 435, False, 3
2801,0, 435, False, 3
2802,0, 435, False, 3
2803,0, 435, False, 3
2804,0, 435, False, 3
2805,0, 435, False, 3
2806,0, 435, False, 3
2807,0, 435, False, 3
2808,0, 435, False, 3
2809,0, 435, False, 3
2810,0, 435, False, 3
2811,0, 435, False, 3
2812,0, 435, False, 3
2813,0, 435, False, 3
2814,0, 435, False, 3
2815,0, 435, False, 0
2816,0, 435, False, 1
2817,0, 435, False, 1
2818,0, 435, False, 1
2819,0, 435, False, 1
2820,0, 435, False, 1
2821,0, 435, False, 0
2822,0, 435, False, 0
2823,0, 435, False, 0
2824,0, 435, False, 0
2825,0, 435, False, 0
2826,0, 435, False, 0
2827,0, 435, False, 0
2828,0, 435, False, 0
2829,0, 435, False, 0
2830,0, 435, False, 0
2831,0, 435, False, 0
2832,0, 435, False, 0
2833,0, 435, False, 0
2834,0, 435, False, 0
2835,0, 435, False, 0
2836,0, 435, False, 0
2837,0, 435, False, 0
2838,0, 435, False, 0
2839,0, 435, False, 0
2840,0, 435, False, 0
2841,0, 435, False, 0
2842,0, 435, False, 0
2843,0, 435, False, 0
2844,0, 435, False, 0
2845,0, 435, False, 0
2846,0, 435, False, 3
2847,0, 435, False, 3
2848,0, 435, False, 3
2849,0, 435, False, 3
2850,0, 435, False, 3
2851,0, 435, False, 3
2852,0, 435, False, 3
2853,0, 435, False, 3
2854,0, 435, False, 0
2855,0, 435, False, 0
2856,0, 435, False, 0
2857,0, 435, False, 0
2858,0, 435, False, 0
2859,0, 435, False, 0
2860,0, 435, False, 0
2861,0, 435, False, 0
2862,0, 435, False, 0
2863,0, 435, False, 0
2864,0, 435, False, 0
2865,0, 435, False, 0
2866,0, 435, False, 0
2867,0, 435, False, 0
2868,0, 435, False, 0
2869,0, 435, False, 0
2870,0, 435, False, 0
2871,0, 435, False, 0
2872,0, 435, False, 0
2873,0, 435, False, 0
2874,0, 435, False, 0
2875,0, 435, False, 0
2876,0, 435, False, 0
2877,0, 435, False, 0
2878,0, 435, False, 0
2879,0, 435, False, 0
2880,0, 435, False, 0
2881,0, 435, False, 0
2882,0, 435, False, 0
2883,0, 435, False, 0
2884,0, 435, False, 0
2885,0, 435, False, 0
2886,0, 435, False, 0
2887,0, 435, False, 0
2888,0, 435, False, 0
2889,0, 435, False, 0
2890,0, 435, False, 0
2891,0, 435, False, 0
2892,0, 435, False, 0
2893,0, 435, False, 0
2894,0, 435, False, 0
2895,0, 435, False, 0
2896,0, 435, False, 0
2897,0, 435, False, 0
2898,0, 435, False, 0
2899,0, 435, False, 0
2900,0, 435, False, 0
2901,0, 435, False, 1
2902,0, 435, False, 1
2903,0, 435, False, 1
2904,0, 435, False, 1
2905,0, 435, False, 1
2906,0, 435, False, 1
2907,0, 435, False, 1
2908,0, 435, False, 1
2909,0, 435, False, 1
2910,0, 435, False, 1
2911,0, 435, False, 1
2912,0, 435, False, 1
2913,0, 435, False, 1
2914,0, 435, False, 0
2915,0, 435, False, 0
2916,0, 435, False, 0
2917,0, 435, False, 0
2918,0, 435, False, 0
2919,0, 435, False, 0
2920,0, 435, False, 0
2921,0, 435, False, 0
2922,0, 435, False, 0
2923,0, 435, False, 0
2924,0, 435, False, 0
2925,0, 435, False, 0
2926,0, 435, False, 0
2927,0, 435, False, 0
2928,25, 460, False, 0
2929,0, 460, False, 0
2930,0, 460, False, 0
2931,0, 460, False, 0
2932,0, 460, False, 0
2933,0, 460, False, 0
2934,0, 460, False, 0
2935,0, 460, False, 0
2936,0, 460, False, 0
2937,0, 460, False, 0
2938,0, 460, False, 1
2939,0, 460, False, 1
2940,0, 460, False, 1
2941,0, 460, False, 1
2942,0, 460, False, 1
2943,0, 460, False, 1
2944,0, 460, False, 1
2945,0, 460, False, 1
2946,0, 460, False, 0
2947,0, 460, False, 0
2948,0, 460, False, 4
2949,0, 460, False, 4
2950,0, 460, False, 4
2951,0, 460, False, 4
2952,0, 460, False, 4
2953,0, 460, False, 4
2954,0, 460, False, 4
2955,0, 460, False, 4
2956,0, 460, False, 4
2957,0, 460, False, 4
2958,0, 460, False, 4
2959,0, 460, False, 4
2960,0, 460, False, 4
2961,0, 460, False, 4
2962,0, 460, False, 4
2963,0, 460, False, 4
2964,0, 460, False, 4
2965,0, 460, False, 4
2966,0, 460, False, 4
2967,0, 460, False, 4
2968,0, 460, False, 4
2969,0, 460, False, 4
2970,0, 460, False, 4
2971,0, 460, False, 4
2972,0, 460, False, 4
2973,0, 460, False, 4
2974,0, 460, False, 4
2975,0, 460, False, 4
2976,0, 460, False, 4
2977,0, 460, False, 4
2978,0, 460, False, 4
2979,0, 460, False, 4
2980,0, 460, False, 4
2981,0, 460, False, 4
2982,0, 460, False, 4
2983,0, 460, False, 4
2984,0, 460, False, 4
2985,0, 460, False, 4
2986,0, 460, False, 4
2987,0, 460, False, 4
2988,0, 460, False, 4
2989,0, 460, False, 4
2990,0, 460, False, 4
2991,0, 460, False, 4
2992,0, 460, False, 4
2993,0, 460, False, 4
2994,0, 460, False, 4
2995,0, 460, False, 0
2996,0, 460, False, 0
2997,0, 460, False, 0
2998,0, 460, False, 0
2999,0, 460, False, 0
3000,0, 460, False, 0
3001,0, 460, False, 3
3002,0, 460, False, 3
3003,0, 460, False, 3
3004,0, 460, False, 3
3005,0, 460, False, 3
3006,0, 460, False, 3
3007,0, 460, False, 3
3008,0, 460, False, 3
3009,0, 460, False, 0
3010,0, 460, False, 0
3011,0, 460, False, 0
3012,0, 460, False, 0
3013,0, 460, False, 0
3014,0, 460, False, 0
3015,0, 460, False, 0
3016,0, 460, False, 0
3017,0, 460, False, 0
3018,0, 460, False, 0
3019,0, 460, False, 0
3020,0, 460, False, 0
3021,0, 460, False, 0
3022,0, 460, False, 0
3023,0, 460, False, 0
3024,0, 460, False, 0
3025,0, 460, False, 1
3026,0, 460, False, 1
3027,0, 460, False, 1
3028,0, 460, False, 1
3029,0, 460, False, 1
3030,0, 460, False, 1
3031,0, 460, False, 1
3032,0, 460, False, 1
3033,0, 460, False, 0
3034,0, 460, False, 0
3035,0, 460, False, 0
3036,0, 460, False, 0
3037,0, 460, False, 0
3038,0, 460, False, 0
3039,0, 460, False, 0
3040,0, 460, False, 0
3041,0, 460, False, 0
3042,0, 460, False, 3
3043,0, 460, False, 3
3044,0, 460, False, 3
3045,0, 460, False, 3
3046,0, 460, False, 3
3047,0, 460, False, 3
3048,0, 460, False, 3
3049,0, 460, False, 0
3050,0, 460, False, 0
3051,0, 460, False, 0
3052,0, 460, False, 0
3053,0, 460, False, 0
3054,0, 460, False, 0
3055,0, 460, False, 0
3056,0, 460, False, 4
3057,0, 460, False, 4
3058,0, 460, False, 4
3059,0, 460, False, 4
3060,0, 460, False, 4
3061,0, 460, False, 4
3062,0, 460, False, 4
3063,0, 460, False, 4
3064,0, 460, False, 4
3065,0, 460, False, 4
3066,0, 460, False, 4
3067,0, 460, False, 4
3068,0, 460, False, 4
3069,0, 460, False, 4
3070,0, 460, False, 4
3071,0, 460, False, 4
3072,0, 460, False, 4
3073,0, 460, False, 4
3074,0, 460, False, 4
3075,0, 460, False, 4
3076,0, 460, False, 4
3077,0, 460, False, 4
3078,0, 460, False, 4
3079,0, 460, False, 4
3080,0, 460, False, 4
3081,0, 460, False, 4
3082,0, 460, False, 4
3083,0, 460, False, 4
3084,0, 460, False, 0
3085,0, 460, False, 0
3086,0, 460, False, 0
3087,0, 460, False, 1
3088,0, 460, False, 1
3089,0, 460, False, 1
3090,0, 460, False, 1
3091,0, 460, False, 1
3092,0, 460, False, 0
3093,0, 460, False, 0
3094,0, 460, False, 0
3095,0, 460, False, 0
3096,0, 460, False, 0
3097,0, 460, False, 0
3098,0, 460, False, 0
3099,0, 460, False, 0
3100,0, 460, False, 0
3101,0, 460, False, 0
3102,0, 460, False, 0
3103,0, 460, False, 0
3104,0, 460, False, 0
3105,0, 460, False, 0
3106,0, 460, False, 0
3107,0, 460, False, 0
3108,0, 460, False, 0
3109,0, 460, False, 1
3110,0, 460, False, 1
3111,0, 460, False, 1
3112,0, 460, False, 1
3113,0, 460, False, 1
3114,0, 460, False, 1
3115,0, 460, False, 1
3116,0, 460, False, 1
3117,0, 460, False, 1
3118,0, 460, False, 1
3119,0, 460, False, 0
3120,0, 460, False, 0
3121,0, 460, False, 0
3122,0, 460, False, 0
3123,0, 460, False, 0
3124,0, 460, False, 0
3125,0, 460, False, 0
3126,0, 460, False, 0
3127,0, 460, False, 0
3128,0, 460, False, 0
3129,0, 460, False, 0
3130,0, 460, False, 0
3131,0, 460, False, 0
3132,0, 460, False, 0
3133,0, 460, False, 0
3134,0, 460, False, 0
3135,0, 460, False, 0
3136,0, 460, False, 0
3137,0, 460, False, 0
3138,0, 460, False, 0
3139,0, 460, False, 0
3140,0, 460, False, 0
3141,0, 460, False, 0
3142,0, 460, False, 0
3143,0, 460, False, 0
3144,0, 460, False, 0
3145,0, 460, False, 0
3146,0, 460, False, 0
3147,0, 460, False, 0
3148,0, 460, False, 0
3149,0, 460, False, 0
3150,0, 460, False, 4
3151,0, 460, False, 4
3152,0, 460, False, 4
3153,0, 460, False, 4
3154,0, 460, False, 4
3155,0, 460, False, 4
3156,0, 460, False, 4
3157,0, 460, False, 4
3158,0, 460, False, 4
3159,0, 460, False, 4
3160,0, 460, False, 4
3161,0, 460, False, 4
3162,0, 460, False, 4
3163,0, 460, False, 4
3164,0, 460, False, 4
3165,0, 460, False, 4
3166,0, 460, False, 4
3167,0, 460, False, 4
3168,0, 460, False, 4
3169,0, 460, False, 4
3170,0, 460, False, 4
3171,0, 460, False, 4
3172,0, 460, False, 4
3173,0, 460, False, 4
3174,0, 460, False, 4
3175,0, 460, False, 4
3176,0, 460, False, 4
3177,0, 460, False, 4
3178,0, 460, False, 4
3179,0, 460, False, 4
3180,0, 460, False, 4
3181,0, 460, False, 4
3182,0, 460, False, 4
3183,0, 460, False, 4
3184,0, 460, False, 4
3185,0, 460, False, 4
3186,0, 460, False, 4
3187,0, 460, False, 4
3188,0, 460, False, 4
3189,0, 460, False, 4
3190,0, 460, False, 4
3191,0, 460, False, 4
3192,0, 460, False, 1
3193,0, 460, False, 1
3194,0, 460, False, 1
3195,0, 460, False, 1
3196,0, 460, False, 1
3197,0, 460, False, 1
3198,0, 460, False, 1
3199,0, 460, False, 1
3200,0, 460, False, 1
3201,0, 460, False, 1
3202,0, 460, False, 1
3203,0, 460, False, 1
3204,0, 460, False, 1
3205,0, 460, False, 0
3206,0, 460, False, 0
3207,0, 460, False, 0
3208,0, 460, False, 0
3209,0, 460, False, 0
3210,0, 460, False, 0
3211,0, 460, False, 0
3212,0, 460, False, 0
3213,0, 460, False, 0
3214,0, 460, False, 0
3215,0, 460, False, 4
3216,0, 460, False, 4
3217,0, 460, False, 4
3218,0, 460, False, 4
3219,0, 460, False, 4
3220,0, 460, False, 4
3221,0, 460, False, 4
3222,0, 460, False, 4
3223,0, 460, False, 4
3224,0, 460, False, 4
3225,0, 460, False, 4
3226,0, 460, False, 4
3227,0, 460, False, 4
3228,0, 460, False, 0
3229,0, 460, False, 0
3230,0, 460, False, 0
3231,0, 460, False, 0
3232,0, 460, False, 3
3233,0, 460, False, 3
3234,0, 460, False, 3
3235,0, 460, False, 3
3236,0, 460, False, 3
3237,0, 460, False, 3
3238,0, 460, False, 3
3239,0, 460, False, 3
3240,0, 460, False, 3
3241,0, 460, False, 3
3242,0, 460, False, 3
3243,0, 460, False, 0
3244,0, 460, False, 0
3245,0, 460, False, 0
3246,0, 460, False, 0
3247,0, 460, False, 0
3248,0, 460, False, 0
3249,0, 460, False, 0
3250,0, 460, False, 0
3251,0, 460, False, 0
3252,0, 460, False, 0
3253,0, 460, False, 3
3254,0, 460, False, 3
3255,0, 460, False, 3
3256,0, 460, False, 3
3257,0, 460, False, 3
3258,0, 460, False, 0
3259,0, 460, False, 0
3260,0, 460, False, 0
3261,0, 460, False, 0
3262,0, 460, False, 0
3263,0, 460, False, 0
3264,0, 460, False, 0
3265,0, 460, False, 0
3266,0, 460, False, 0
3267,0, 460, False, 0
3268,0, 460, False, 0
3269,0, 460, False, 0
3270,0, 460, False, 1
3271,0, 460, False, 1
3272,0, 460, False, 1
3273,0, 460, False, 1
3274,0, 460, False, 1
3275,0, 460, False, 0
3276,0, 460, False, 0
3277,0, 460, False, 0
3278,0, 460, False, 0
3279,0, 460, False, 0
3280,0, 460, False, 0
3281,0, 460, False, 0
3282,0, 460, False, 0
3283,0, 460, False, 0
3284,0, 460, False, 0
3285,0, 460, False, 0
3286,0, 460, False, 0
3287,0, 460, False, 0
3288,0, 460, False, 0
3289,0, 460, False, 0
3290,0, 460, False, 0
3291,0, 460, False, 0
3292,0, 460, False, 0
3293,0, 460, False, 0
3294,0, 460, False, 0
3295,0, 460, False, 0
3296,0, 460, False, 4
3297,0, 460, False, 4
3298,0, 460, False, 4
3299,0, 460, False, 4
3300,0, 460, False, 4
3301,0, 460, False, 4
3302,0, 460, False, 4
3303,0, 460, False, 4
3304,0, 460, False, 4
3305,0, 460, False, 4
3306,0, 460, False, 4
3307,0, 460, False, 4
3308,0, 460, False, 4
3309,0, 460, False, 4
3310,0, 460, False, 4
3311,0, 460, False, 4
3312,0, 460, False, 4
3313,0, 460, False, 4
3314,0, 460, False, 4
3315,0, 460, False, 4
3316,0, 460, False, 4
3317,0, 460, False, 4
3318,0, 460, False, 0
3319,0, 460, False, 0
3320,0, 460, False, 0
3321,0, 460, False, 0
3322,0, 460, False, 0
3323,0, 460, False, 3
3324,0, 460, False, 0
3325,0, 460, False, 0
3326,0, 460, False, 0
3327,0, 460, False, 0
3328,0, 460, False, 0
3329,0, 460, False, 0
3330,0, 460, False, 0
3331,0, 460, False, 0
3332,0, 460, False, 0
3333,0, 460, False, 0
3334,0, 460, False, 0
3335,0, 460, False, 0
3336,0, 460, False, 3
3337,0, 460, False, 3
3338,0, 460, False, 3
3339,0, 460, False, 3
3340,0, 460, False, 3
3341,0, 460, False, 3
3342,0, 460, False, 3
3343,0, 460, False, 3
3344,0, 460, False, 3
3345,0, 460, False, 3
3346,0, 460, False, 3
3347,0, 460, False, 3
3348,0, 460, False, 3
3349,0, 460, False, 3
3350,0, 460, False, 3
3351,0, 460, False, 3
3352,0, 460, False, 3
3353,0, 460, False, 3
3354,0, 460, False, 3
3355,0, 460, False, 3
3356,0, 460, False, 3
3357,0, 460, False, 3
3358,0, 460, False, 3
3359,0, 460, False, 3
3360,0, 460, False, 3
3361,0, 460, False, 3
3362,0, 460, False, 3
3363,0, 460, False, 3
3364,0, 460, False, 3
3365,0, 460, False, 3
3366,0, 460, False, 3
3367,0, 460, False, 3
3368,0, 460, False, 3
3369,0, 460, False, 3
3370,0, 460, False, 3
3371,0, 460, False, 3
3372,0, 460, False, 3
3373,0, 460, False, 3
3374,0, 460, False, 3
3375,0, 460, False, 3
3376,0, 460, False, 3
3377,0, 460, False, 3
3378,0, 460, False, 3
3379,0, 460, False, 3
3380,0, 460, False, 3
3381,0, 460, False, 3
3382,0, 460, False, 3
3383,0, 460, False, 3
3384,0, 460, False, 3
3385,0, 460, False, 1
3386,0, 460, False, 1
3387,0, 460, False, 1
3388,0, 460, False, 0
3389,0, 460, False, 0
3390,0, 460, False, 0
3391,0, 460, False, 0
3392,0, 460, False, 0
3393,0, 460, False, 3
3394,0, 460, False, 3
3395,0, 460, False, 3
3396,0, 460, False, 3
3397,0, 460, False, 3
3398,0, 460, False, 3
3399,0, 460, False, 3
3400,0, 460, False, 3
3401,0, 460, False, 3
3402,0, 460, False, 3
3403,0, 460, False, 3
3404,0, 460, False, 3
3405,0, 460, False, 3
3406,30, 490, False, 3
3407,0, 490, False, 3
3408,0, 490, False, 3
3409,0, 490, False, 3
3410,0, 490, False, 3
3411,0, 490, False, 3
3412,0, 490, False, 3
3413,0, 490, False, 3
3414,0, 490, False, 3
3415,0, 490, False, 3
3416,0, 490, False, 3
3417,0, 490, False, 3
3418,0, 490, False, 3
3419,0, 490, False, 3
3420,0, 490, False, 3
3421,0, 490, False, 3
3422,0, 490, False, 3
3423,0, 490, False, 3
3424,0, 490, False, 3
3425,0, 490, False, 3
3426,0, 490, False, 3
3427,0, 490, False, 3
3428,0, 490, False, 3
3429,0, 490, False, 3
3430,0, 490, False, 3
3431,0, 490, False, 0
3432,0, 490, False, 0
3433,0, 490, False, 0
3434,0, 490, False, 0
3435,0, 490, False, 0
3436,0, 490, False, 0
3437,0, 490, False, 0
3438,0, 490, False, 0
3439,0, 490, False, 0
3440,0, 490, False, 0
3441,0, 490, False, 4
3442,0, 490, False, 4
3443,0, 490, False, 4
3444,0, 490, False, 4
3445,0, 490, False, 4
3446,0, 490, False, 4
3447,0, 490, False, 4
3448,0, 490, False, 4
3449,0, 490, False, 4
3450,0, 490, False, 4
3451,0, 490, False, 4
3452,0, 490, False, 4
3453,0, 490, False, 4
3454,0, 490, False, 4
3455,0, 490, False, 4
3456,0, 490, False, 4
3457,0, 490, False, 4
3458,0, 490, False, 4
3459,0, 490, False, 4
3460,0, 490, False, 4
3461,0, 490, False, 4
3462,0, 490, False, 4
3463,0, 490, False, 4
3464,0, 490, False, 4
3465,0, 490, False, 4
3466,0, 490, False, 4
3467,0, 490, False, 4
3468,0, 490, False, 4
3469,0, 490, False, 4
3470,0, 490, False, 4
3471,0, 490, False, 4
3472,0, 490, False, 4
3473,0, 490, False, 4
3474,0, 490, False, 4
3475,0, 490, False, 4
3476,0, 490, False, 4
3477,0, 490, False, 4
3478,0, 490, False, 4
3479,0, 490, False, 4
3480,0, 490, False, 1
3481,0, 490, False, 1
3482,0, 490, False, 1
3483,0, 490, False, 1
3484,0, 490, False, 0
3485,0, 490, False, 0
3486,0, 490, False, 0
3487,0, 490, False, 0
3488,25, 515, False, 0
3489,0, 515, False, 0
3490,0, 515, False, 0
3491,0, 515, False, 0
3492,0, 515, False, 0
3493,0, 515, False, 4
3494,0, 515, False, 4
3495,0, 515, False, 4
3496,0, 515, False, 4
3497,0, 515, False, 4
3498,0, 515, False, 4
3499,0, 515, False, 4
3500,0, 515, False, 4
3501,0, 515, False, 4
3502,0, 515, False, 4
3503,0, 515, False, 4
3504,0, 515, False, 4
3505,0, 515, False, 4
3506,0, 515, False, 4
3507,0, 515, False, 4
3508,0, 515, False, 4
3509,0, 515, False, 4
3510,0, 515, False, 4
3511,0, 515, False, 4
3512,0, 515, False, 4
3513,0, 515, False, 0
3514,0, 515, False, 0
3515,0, 515, False, 0
3516,0, 515, False, 0
3517,0, 515, False, 3
3518,0, 515, False, 3
3519,0, 515, False, 3
3520,0, 515, False, 3
3521,0, 515, False, 3
3522,0, 515, False, 3
3523,0, 515, False, 3
3524,0, 515, False, 3
3525,0, 515, False, 3
3526,0, 515, False, 0
3527,0, 515, False, 0
3528,0, 515, False, 4
3529,0, 515, False, 4
3530,0, 515, False, 4
3531,0, 515, False, 4
3532,0, 515, False, 4
3533,0, 515, False, 4
3534,0, 515, False, 4
3535,0, 515, False, 4
3536,0, 515, False, 4
3537,0, 515, False, 4
3538,0, 515, False, 4
3539,0, 515, False, 4
3540,0, 515, False, 4
3541,0, 515, False, 4
3542,0, 515, False, 4
3543,0, 515, False, 4
3544,0, 515, False, 4
3545,0, 515, False, 4
3546,0, 515, False, 4
3547,0, 515, False, 4
3548,0, 515, False, 4
3549,0, 515, False, 4
3550,0, 515, False, 4
3551,0, 515, False, 4
3552,0, 515, False, 4
3553,0, 515, False, 4
3554,0, 515, False, 4
3555,0, 515, False, 4
3556,0, 515, False, 4
3557,0, 515, False, 4
3558,0, 515, False, 4
3559,0, 515, False, 4
3560,0, 515, False, 4
3561,0, 515, False, 4
3562,0, 515, False, 0
3563,0, 515, False, 3
3564,0, 515, False, 3
3565,0, 515, False, 3
3566,0, 515, False, 3
3567,0, 515, False, 3
3568,0, 515, False, 3
3569,0, 515, False, 3
3570,0, 515, False, 3
3571,0, 515, False, 3
3572,0, 515, False, 3
3573,0, 515, False, 3
3574,0, 515, False, 3
3575,0, 515, False, 3
3576,0, 515, False, 3
3577,0, 515, False, 3
3578,0, 515, False, 3
3579,0, 515, False, 0
3580,0, 515, False, 0
3581,0, 515, False, 0
3582,0, 515, False, 0
3583,0, 515, False, 0
3584,0, 515, False, 0
3585,0, 515, False, 0
3586,0, 515, False, 0
3587,0, 515, False, 0
3588,0, 515, False, 0
3589,0, 515, False, 0
3590,0, 515, False, 0
3591,0, 515, False, 0
3592,0, 515, False, 0
3593,0, 515, False, 0
3594,0, 515, False, 0
3595,0, 515, False, 0
3596,0, 515, False, 0
3597,0, 515, False, 0
3598,0, 515, False, 0
3599,0, 515, False, 0
3600,0, 515, False, 0
3601,0, 515, False, 0
3602,0, 515, False, 0
3603,0, 515, False, 0
3604,0, 515, False, 0
3605,0, 515, False, 0
3606,0, 515, False, 0
3607,0, 515, False, 0
3608,0, 515, False, 0
3609,0, 515, False, 0
3610,0, 515, False, 0
3611,0, 515, False, 0
3612,0, 515, False, 0
3613,0, 515, False, 0
3614,0, 515, False, 0
3615,0, 515, False, 0
3616,0, 515, False, 0
3617,0, 515, False, 0
3618,0, 515, False, 0
3619,0, 515, False, 0
