db traj id : 878
frame,reward,score,terminal, action
0,0, 0, False, 0
1,0, 0, False, 0
2,0, 0, False, 0
3,0, 0, False, 0
4,0, 0, False, 0
5,0, 0, False, 0
6,0, 0, False, 0
7,0, 0, False, 0
8,0, 0, False, 0
9,0, 0, False, 0
10,0, 0, False, 0
11,0, 0, False, 0
12,0, 0, False, 0
13,0, 0, False, 0
14,0, 0, False, 0
15,0, 0, False, 0
16,0, 0, False, 0
17,0, 0, False, 0
18,0, 0, False, 0
19,0, 0, False, 0
20,0, 0, False, 0
21,0, 0, False, 0
22,0, 0, False, 0
23,0, 0, False, 0
24,0, 0, False, 0
25,0, 0, False, 0
26,0, 0, False, 0
27,0, 0, False, 0
28,0, 0, False, 0
29,0, 0, False, 0
30,0, 0, False, 0
31,0, 0, False, 0
32,0, 0, False, 0
33,0, 0, False, 0
34,0, 0, False, 0
35,0, 0, False, 0
36,0, 0, False, 0
37,0, 0, False, 0
38,0, 0, False, 0
39,0, 0, False, 0
40,0, 0, False, 0
41,0, 0, False, 0
42,0, 0, False, 0
43,0, 0, False, 0
44,0, 0, False, 0
45,0, 0, False, 0
46,0, 0, False, 0
47,0, 0, False, 0
48,0, 0, False, 0
49,0, 0, False, 0
50,0, 0, False, 0
51,0, 0, False, 0
52,0, 0, False, 0
53,0, 0, False, 0
54,0, 0, False, 0
55,0, 0, False, 0
56,0, 0, False, 0
57,0, 0, False, 0
58,0, 0, False, 0
59,0, 0, False, 0
60,0, 0, False, 0
61,0, 0, False, 0
62,0, 0, False, 0
63,0, 0, False, 0
64,0, 0, False, 1
65,0, 0, False, 1
66,0, 0, False, 1
67,0, 0, False, 1
68,0, 0, False, 1
69,0, 0, False, 1
70,0, 0, False, 0
71,0, 0, False, 0
72,0, 0, False, 0
73,0, 0, False, 0
74,0, 0, False, 0
75,0, 0, False, 0
76,0, 0, False, 0
77,0, 0, False, 0
78,0, 0, False, 1
79,0, 0, False, 1
80,0, 0, False, 0
81,0, 0, False, 0
82,0, 0, False, 0
83,0, 0, False, 0
84,0, 0, False, 0
85,0, 0, False, 1
86,0, 0, False, 1
87,0, 0, False, 1
88,0, 0, False, 1
89,0, 0, False, 1
90,0, 0, False, 1
91,0, 0, False, 0
92,0, 0, False, 0
93,0, 0, False, 0
94,0, 0, False, 0
95,0, 0, False, 0
96,0, 0, False, 0
97,0, 0, False, 0
98,0, 0, False, 0
99,0, 0, False, 0
100,0, 0, False, 0
101,0, 0, False, 0
102,0, 0, False, 0
103,0, 0, False, 0
104,0, 0, False, 0
105,0, 0, False, 0
106,0, 0, False, 0
107,0, 0, False, 0
108,0, 0, False, 0
109,0, 0, False, 0
110,0, 0, False, 0
111,0, 0, False, 0
112,0, 0, False, 0
113,0, 0, False, 0
114,0, 0, False, 0
115,0, 0, False, 0
116,0, 0, False, 0
117,0, 0, False, 0
118,0, 0, False, 0
119,0, 0, False, 0
120,0, 0, False, 0
121,0, 0, False, 0
122,0, 0, False, 0
123,0, 0, False, 0
124,0, 0, False, 0
125,0, 0, False, 0
126,0, 0, False, 0
127,0, 0, False, 0
128,0, 0, False, 0
129,0, 0, False, 0
130,0, 0, False, 0
131,0, 0, False, 0
132,0, 0, False, 0
133,0, 0, False, 0
134,0, 0, False, 0
135,0, 0, False, 0
136,0, 0, False, 0
137,0, 0, False, 0
138,0, 0, False, 0
139,0, 0, False, 0
140,0, 0, False, 0
141,0, 0, False, 0
142,0, 0, False, 0
143,0, 0, False, 0
144,0, 0, False, 0
145,0, 0, False, 0
146,0, 0, False, 1
147,0, 0, False, 1
148,0, 0, False, 1
149,0, 0, False, 1
150,0, 0, False, 1
151,0, 0, False, 1
152,0, 0, False, 1
153,0, 0, False, 0
154,0, 0, False, 0
155,0, 0, False, 0
156,0, 0, False, 1
157,0, 0, False, 1
158,0, 0, False, 1
159,0, 0, False, 1
160,0, 0, False, 1
161,0, 0, False, 1
162,0, 0, False, 0
163,0, 0, False, 0
164,0, 0, False, 0
165,0, 0, False, 1
166,0, 0, False, 1
167,0, 0, False, 1
168,0, 0, False, 1
169,0, 0, False, 1
170,0, 0, False, 1
171,0, 0, False, 1
172,0, 0, False, 0
173,0, 0, False, 0
174,0, 0, False, 0
175,0, 0, False, 0
176,0, 0, False, 0
177,0, 0, False, 0
178,0, 0, False, 0
179,0, 0, False, 0
180,0, 0, False, 4
181,0, 0, False, 4
182,0, 0, False, 4
183,0, 0, False, 4
184,0, 0, False, 4
185,0, 0, False, 4
186,0, 0, False, 4
187,0, 0, False, 4
188,0, 0, False, 4
189,0, 0, False, 4
190,0, 0, False, 4
191,0, 0, False, 4
192,0, 0, False, 4
193,0, 0, False, 4
194,0, 0, False, 4
195,0, 0, False, 4
196,0, 0, False, 4
197,0, 0, False, 0
198,0, 0, False, 0
199,0, 0, False, 1
200,0, 0, False, 1
201,0, 0, False, 1
202,0, 0, False, 1
203,0, 0, False, 1
204,0, 0, False, 0
205,0, 0, False, 0
206,0, 0, False, 0
207,0, 0, False, 0
208,0, 0, False, 1
209,0, 0, False, 1
210,0, 0, False, 1
211,0, 0, False, 1
212,0, 0, False, 1
213,0, 0, False, 1
214,0, 0, False, 0
215,0, 0, False, 0
216,0, 0, False, 0
217,0, 0, False, 1
218,0, 0, False, 1
219,0, 0, False, 1
220,0, 0, False, 1
221,0, 0, False, 1
222,0, 0, False, 1
223,0, 0, False, 0
224,0, 0, False, 0
225,0, 0, False, 0
226,0, 0, False, 1
227,0, 0, False, 1
228,0, 0, False, 1
229,0, 0, False, 1
230,0, 0, False, 1
231,0, 0, False, 1
232,0, 0, False, 1
233,0, 0, False, 0
234,0, 0, False, 0
235,0, 0, False, 0
236,0, 0, False, 1
237,0, 0, False, 1
238,0, 0, False, 1
239,0, 0, False, 1
240,0, 0, False, 1
241,0, 0, False, 0
242,0, 0, False, 0
243,0, 0, False, 0
244,0, 0, False, 0
245,0, 0, False, 0
246,0, 0, False, 1
247,0, 0, False, 1
248,0, 0, False, 1
249,0, 0, False, 1
250,0, 0, False, 1
251,0, 0, False, 1
252,0, 0, False, 1
253,0, 0, False, 0
254,0, 0, False, 0
255,0, 0, False, 0
256,0, 0, False, 0
257,0, 0, False, 0
258,0, 0, False, 0
259,0, 0, False, 1
260,0, 0, False, 1
261,0, 0, False, 1
262,0, 0, False, 1
263,0, 0, False, 1
264,0, 0, False, 1
265,0, 0, False, 1
266,0, 0, False, 1
267,0, 0, False, 0
268,0, 0, False, 0
269,0, 0, False, 0
270,0, 0, False, 0
271,0, 0, False, 0
272,0, 0, False, 0
273,0, 0, False, 0
274,0, 0, False, 0
275,0, 0, False, 0
276,0, 0, False, 0
277,0, 0, False, 0
278,0, 0, False, 0
279,0, 0, False, 0
280,0, 0, False, 0
281,0, 0, False, 0
282,0, 0, False, 0
283,0, 0, False, 0
284,0, 0, False, 0
285,0, 0, False, 0
286,0, 0, False, 0
287,0, 0, False, 0
288,0, 0, False, 0
289,0, 0, False, 0
290,0, 0, False, 0
291,0, 0, False, 0
292,0, 0, False, 0
293,0, 0, False, 0
294,0, 0, False, 0
295,0, 0, False, 0
296,0, 0, False, 1
297,0, 0, False, 1
298,0, 0, False, 1
299,0, 0, False, 1
300,0, 0, False, 1
301,0, 0, False, 1
302,0, 0, False, 1
303,0, 0, False, 1
304,0, 0, False, 0
305,0, 0, False, 0
306,0, 0, False, 0
307,0, 0, False, 0
308,0, 0, False, 0
309,0, 0, False, 1
310,0, 0, False, 1
311,0, 0, False, 1
312,0, 0, False, 1
313,0, 0, False, 1
314,0, 0, False, 1
315,0, 0, False, 0
316,0, 0, False, 0
317,0, 0, False, 0
318,0, 0, False, 0
319,0, 0, False, 0
320,0, 0, False, 0
321,0, 0, False, 0
322,0, 0, False, 1
323,0, 0, False, 1
324,0, 0, False, 1
325,0, 0, False, 1
326,0, 0, False, 1
327,0, 0, False, 1
328,0, 0, False, 1
329,0, 0, False, 1
330,0, 0, False, 0
331,0, 0, False, 0
332,0, 0, False, 0
333,0, 0, False, 0
334,0, 0, False, 0
335,0, 0, False, 0
336,0, 0, False, 0
337,0, 0, False, 1
338,0, 0, False, 1
339,0, 0, False, 1
340,0, 0, False, 1
341,0, 0, False, 1
342,0, 0, False, 1
343,0, 0, False, 1
344,0, 0, False, 1
345,0, 0, False, 1
346,0, 0, False, 0
347,0, 0, False, 0
348,0, 0, False, 0
349,0, 0, False, 0
350,0, 0, False, 0
351,0, 0, False, 0
352,0, 0, False, 0
353,0, 0, False, 0
354,0, 0, False, 0
355,0, 0, False, 0
356,0, 0, False, 0
357,0, 0, False, 0
358,0, 0, False, 0
359,0, 0, False, 0
360,0, 0, False, 0
361,0, 0, False, 0
362,0, 0, False, 0
363,0, 0, False, 0
364,0, 0, False, 0
365,0, 0, False, 0
366,0, 0, False, 0
367,0, 0, False, 1
368,0, 0, False, 1
369,0, 0, False, 1
370,0, 0, False, 1
371,0, 0, False, 1
372,0, 0, False, 1
373,0, 0, False, 1
374,0, 0, False, 1
375,0, 0, False, 0
376,0, 0, False, 0
377,0, 0, False, 0
378,0, 0, False, 0
379,0, 0, False, 0
380,0, 0, False, 0
381,0, 0, False, 1
382,0, 0, False, 1
383,0, 0, False, 1
384,0, 0, False, 1
385,0, 0, False, 1
386,0, 0, False, 1
387,30, 30, False, 1
388,0, 30, False, 1
389,0, 30, False, 0
390,0, 30, False, 0
391,0, 30, False, 0
392,0, 30, False, 0
393,0, 30, False, 0
394,0, 30, False, 0
395,0, 30, False, 1
396,0, 30, False, 1
397,0, 30, False, 1
398,0, 30, False, 1
399,0, 30, False, 1
400,0, 30, False, 1
401,0, 30, False, 1
402,0, 30, False, 1
403,0, 30, False, 0
404,0, 30, False, 0
405,0, 30, False, 0
406,0, 30, False, 0
407,0, 30, False, 1
408,0, 30, False, 1
409,0, 30, False, 1
410,0, 30, False, 1
411,0, 30, False, 1
412,0, 30, False, 1
413,5, 35, False, 1
414,0, 35, False, 0
415,0, 35, False, 0
416,0, 35, False, 0
417,0, 35, False, 0
418,0, 35, False, 1
419,0, 35, False, 1
420,0, 35, False, 1
421,0, 35, False, 1
422,0, 35, False, 1
423,0, 35, False, 0
424,0, 35, False, 0
425,0, 35, False, 0
426,0, 35, False, 0
427,0, 35, False, 1
428,0, 35, False, 1
429,0, 35, False, 1
430,0, 35, False, 1
431,0, 35, False, 1
432,0, 35, False, 0
433,0, 35, False, 0
434,0, 35, False, 0
435,0, 35, False, 0
436,0, 35, False, 0
437,0, 35, False, 0
438,0, 35, False, 1
439,0, 35, False, 1
440,0, 35, False, 1
441,0, 35, False, 1
442,0, 35, False, 1
443,0, 35, False, 1
444,0, 35, False, 0
445,0, 35, False, 0
446,0, 35, False, 1
447,0, 35, False, 1
448,0, 35, False, 1
449,0, 35, False, 1
450,0, 35, False, 1
451,10, 45, False, 1
452,0, 45, False, 1
453,0, 45, False, 0
454,0, 45, False, 0
455,0, 45, False, 0
456,0, 45, False, 0
457,0, 45, False, 4
458,0, 45, False, 4
459,0, 45, False, 4
460,0, 45, False, 4
461,0, 45, False, 4
462,0, 45, False, 4
463,0, 45, False, 4
464,0, 45, False, 4
465,0, 45, False, 4
466,0, 45, False, 4
467,0, 45, False, 4
468,0, 45, False, 4
469,0, 45, False, 4
470,0, 45, False, 4
471,0, 45, False, 4
472,0, 45, False, 4
473,0, 45, False, 4
474,0, 45, False, 4
475,0, 45, False, 4
476,0, 45, False, 4
477,0, 45, False, 4
478,0, 45, False, 4
479,0, 45, False, 4
480,0, 45, False, 0
481,0, 45, False, 0
482,0, 45, False, 3
483,0, 45, False, 3
484,0, 45, False, 3
485,0, 45, False, 3
486,0, 45, False, 3
487,0, 45, False, 3
488,0, 45, False, 3
489,0, 45, False, 3
490,0, 45, False, 3
491,0, 45, False, 3
492,0, 45, False, 3
493,0, 45, False, 3
494,0, 45, False, 3
495,0, 45, False, 3
496,0, 45, False, 3
497,15, 60, False, 3
498,0, 60, False, 3
499,0, 60, False, 3
500,0, 60, False, 3
501,0, 60, False, 3
502,0, 60, False, 3
503,0, 60, False, 3
504,0, 60, False, 3
505,0, 60, False, 3
506,0, 60, False, 3
507,0, 60, False, 3
508,0, 60, False, 3
509,0, 60, False, 3
510,0, 60, False, 3
511,0, 60, False, 3
512,0, 60, False, 3
513,0, 60, False, 3
514,0, 60, False, 3
515,0, 60, False, 3
516,0, 60, False, 3
517,0, 60, False, 3
518,0, 60, False, 3
519,0, 60, False, 3
520,0, 60, False, 3
521,0, 60, False, 3
522,0, 60, False, 3
523,0, 60, False, 0
524,0, 60, False, 1
525,0, 60, False, 1
526,0, 60, False, 1
527,0, 60, False, 1
528,0, 60, False, 1
529,0, 60, False, 1
530,0, 60, False, 0
531,0, 60, False, 0
532,0, 60, False, 0
533,0, 60, False, 0
534,0, 60, False, 1
535,0, 60, False, 1
536,0, 60, False, 1
537,0, 60, False, 1
538,0, 60, False, 1
539,0, 60, False, 1
540,0, 60, False, 0
541,0, 60, False, 0
542,0, 60, False, 0
543,0, 60, False, 0
544,0, 60, False, 1
545,0, 60, False, 1
546,0, 60, False, 1
547,0, 60, False, 1
548,0, 60, False, 1
549,0, 60, False, 1
550,0, 60, False, 0
551,5, 65, False, 0
552,0, 65, False, 0
553,0, 65, False, 1
554,0, 65, False, 1
555,0, 65, False, 1
556,0, 65, False, 1
557,0, 65, False, 1
558,0, 65, False, 1
559,0, 65, False, 1
560,0, 65, False, 0
561,0, 65, False, 0
562,0, 65, False, 0
563,0, 65, False, 1
564,0, 65, False, 1
565,0, 65, False, 1
566,0, 65, False, 1
567,0, 65, False, 1
568,0, 65, False, 1
569,0, 65, False, 1
570,0, 65, False, 0
571,0, 65, False, 0
572,0, 65, False, 0
573,0, 65, False, 0
574,0, 65, False, 1
575,0, 65, False, 1
576,0, 65, False, 1
577,0, 65, False, 1
578,0, 65, False, 1
579,0, 65, False, 1
580,0, 65, False, 0
581,0, 65, False, 0
582,0, 65, False, 0
583,0, 65, False, 1
584,0, 65, False, 1
585,0, 65, False, 1
586,0, 65, False, 1
587,10, 75, False, 1
588,0, 75, False, 1
589,0, 75, False, 1
590,0, 75, False, 0
591,0, 75, False, 0
592,0, 75, False, 0
593,0, 75, False, 1
594,0, 75, False, 1
595,0, 75, False, 1
596,0, 75, False, 1
597,0, 75, False, 1
598,0, 75, False, 1
599,0, 75, False, 1
600,0, 75, False, 1
601,0, 75, False, 0
602,0, 75, False, 0
603,0, 75, False, 1
604,0, 75, False, 1
605,0, 75, False, 1
606,0, 75, False, 1
607,0, 75, False, 1
608,0, 75, False, 1
609,0, 75, False, 1
610,0, 75, False, 1
611,0, 75, False, 1
612,0, 75, False, 0
613,0, 75, False, 0
614,0, 75, False, 0
615,0, 75, False, 0
616,0, 75, False, 0
617,0, 75, False, 0
618,0, 75, False, 0
619,0, 75, False, 3
620,0, 75, False, 3
621,0, 75, False, 3
622,0, 75, False, 3
623,0, 75, False, 3
624,0, 75, False, 3
625,0, 75, False, 3
626,0, 75, False, 3
627,0, 75, False, 3
628,0, 75, False, 3
629,0, 75, False, 3
630,0, 75, False, 3
631,0, 75, False, 3
632,0, 75, False, 3
633,15, 90, False, 3
634,0, 90, False, 3
635,0, 90, False, 3
636,0, 90, False, 3
637,0, 90, False, 3
638,0, 90, False, 3
639,0, 90, False, 3
640,0, 90, False, 3
641,0, 90, False, 3
642,0, 90, False, 3
643,0, 90, False, 3
644,0, 90, False, 3
645,0, 90, False, 3
646,0, 90, False, 3
647,0, 90, False, 3
648,0, 90, False, 3
649,0, 90, False, 3
650,0, 90, False, 3
651,0, 90, False, 3
652,0, 90, False, 3
653,0, 90, False, 3
654,0, 90, False, 3
655,0, 90, False, 3
656,0, 90, False, 3
657,0, 90, False, 3
658,0, 90, False, 3
659,0, 90, False, 3
660,0, 90, False, 3
661,0, 90, False, 3
662,0, 90, False, 3
663,0, 90, False, 3
664,0, 90, False, 3
665,0, 90, False, 3
666,0, 90, False, 3
667,0, 90, False, 3
668,0, 90, False, 3
669,0, 90, False, 3
670,0, 90, False, 3
671,0, 90, False, 3
672,0, 90, False, 3
673,0, 90, False, 3
674,0, 90, False, 3
675,0, 90, False, 3
676,0, 90, False, 3
677,0, 90, False, 3
678,0, 90, False, 3
679,0, 90, False, 3
680,0, 90, False, 3
681,0, 90, False, 3
682,0, 90, False, 3
683,0, 90, False, 3
684,0, 90, False, 3
685,0, 90, False, 3
686,0, 90, False, 3
687,0, 90, False, 3
688,0, 90, False, 3
689,0, 90, False, 3
690,0, 90, False, 3
691,0, 90, False, 3
692,0, 90, False, 3
693,0, 90, False, 3
694,0, 90, False, 3
695,0, 90, False, 3
696,0, 90, False, 3
697,0, 90, False, 3
698,0, 90, False, 3
699,0, 90, False, 0
700,0, 90, False, 1
701,0, 90, False, 1
702,0, 90, False, 1
703,0, 90, False, 1
704,0, 90, False, 1
705,0, 90, False, 1
706,0, 90, False, 0
707,0, 90, False, 0
708,0, 90, False, 0
709,0, 90, False, 0
710,0, 90, False, 0
711,0, 90, False, 0
712,0, 90, False, 1
713,0, 90, False, 1
714,0, 90, False, 1
715,0, 90, False, 1
716,0, 90, False, 0
717,0, 90, False, 0
718,0, 90, False, 0
719,0, 90, False, 0
720,0, 90, False, 0
721,0, 90, False, 1
722,0, 90, False, 1
723,0, 90, False, 1
724,0, 90, False, 1
725,0, 90, False, 1
726,0, 90, False, 1
727,0, 90, False, 0
728,0, 90, False, 0
729,0, 90, False, 0
730,0, 90, False, 0
731,0, 90, False, 0
732,0, 90, False, 0
733,0, 90, False, 0
734,0, 90, False, 0
735,0, 90, False, 0
736,0, 90, False, 0
737,0, 90, False, 0
738,0, 90, False, 0
739,0, 90, False, 0
740,0, 90, False, 0
741,0, 90, False, 0
742,0, 90, False, 0
743,0, 90, False, 0
744,0, 90, False, 0
745,0, 90, False, 0
746,0, 90, False, 0
747,0, 90, False, 0
748,0, 90, False, 0
749,0, 90, False, 1
750,0, 90, False, 1
751,0, 90, False, 1
752,0, 90, False, 1
753,0, 90, False, 1
754,0, 90, False, 1
755,0, 90, False, 1
756,0, 90, False, 1
757,0, 90, False, 0
758,0, 90, False, 0
759,0, 90, False, 0
760,0, 90, False, 1
761,0, 90, False, 1
762,0, 90, False, 1
763,0, 90, False, 1
764,0, 90, False, 1
765,0, 90, False, 1
766,0, 90, False, 1
767,0, 90, False, 1
768,0, 90, False, 1
769,0, 90, False, 0
770,0, 90, False, 1
771,0, 90, False, 1
772,0, 90, False, 1
773,30, 120, False, 1
774,0, 120, False, 1
775,0, 120, False, 1
776,0, 120, False, 1
777,0, 120, False, 0
778,0, 120, False, 0
779,0, 120, False, 0
780,0, 120, False, 1
781,0, 120, False, 1
782,0, 120, False, 1
783,0, 120, False, 1
784,0, 120, False, 1
785,0, 120, False, 1
786,0, 120, False, 1
787,0, 120, False, 1
788,0, 120, False, 1
789,0, 120, False, 0
790,0, 120, False, 0
791,0, 120, False, 0
792,0, 120, False, 1
793,0, 120, False, 1
794,0, 120, False, 1
795,0, 120, False, 1
796,0, 120, False, 1
797,0, 120, False, 0
798,0, 120, False, 0
799,5, 125, False, 0
800,0, 125, False, 0
801,0, 125, False, 1
802,0, 125, False, 1
803,0, 125, False, 1
804,0, 125, False, 1
805,0, 125, False, 1
806,0, 125, False, 1
807,0, 125, False, 1
808,0, 125, False, 0
809,0, 125, False, 0
810,0, 125, False, 0
811,0, 125, False, 0
812,0, 125, False, 1
813,0, 125, False, 1
814,0, 125, False, 1
815,0, 125, False, 1
816,0, 125, False, 1
817,0, 125, False, 1
818,0, 125, False, 0
819,0, 125, False, 0
820,0, 125, False, 0
821,0, 125, False, 0
822,0, 125, False, 1
823,0, 125, False, 1
824,0, 125, False, 1
825,0, 125, False, 1
826,0, 125, False, 1
827,0, 125, False, 1
828,0, 125, False, 1
829,0, 125, False, 0
830,0, 125, False, 0
831,0, 125, False, 0
832,0, 125, False, 1
833,0, 125, False, 1
834,0, 125, False, 1
835,10, 135, False, 1
836,0, 135, False, 1
837,0, 135, False, 1
838,0, 135, False, 0
839,0, 135, False, 0
840,0, 135, False, 0
841,0, 135, False, 1
842,0, 135, False, 1
843,0, 135, False, 1
844,0, 135, False, 1
845,0, 135, False, 1
846,0, 135, False, 1
847,0, 135, False, 0
848,0, 135, False, 0
849,0, 135, False, 0
850,0, 135, False, 0
851,0, 135, False, 1
852,0, 135, False, 1
853,0, 135, False, 1
854,0, 135, False, 1
855,0, 135, False, 1
856,0, 135, False, 1
857,0, 135, False, 0
858,0, 135, False, 0
859,0, 135, False, 0
860,0, 135, False, 0
861,0, 135, False, 1
862,0, 135, False, 1
863,0, 135, False, 1
864,0, 135, False, 1
865,0, 135, False, 1
866,0, 135, False, 1
867,0, 135, False, 1
868,0, 135, False, 0
869,0, 135, False, 0
870,0, 135, False, 0
871,0, 135, False, 0
872,0, 135, False, 0
873,0, 135, False, 1
874,0, 135, False, 1
875,0, 135, False, 1
876,0, 135, False, 1
877,0, 135, False, 0
878,0, 135, False, 0
879,0, 135, False, 0
880,0, 135, False, 0
881,15, 150, False, 0
882,0, 150, False, 0
883,0, 150, False, 1
884,0, 150, False, 1
885,0, 150, False, 1
886,0, 150, False, 1
887,0, 150, False, 1
888,0, 150, False, 0
889,0, 150, False, 0
890,0, 150, False, 0
891,0, 150, False, 0
892,0, 150, False, 1
893,0, 150, False, 1
894,0, 150, False, 1
895,0, 150, False, 1
896,0, 150, False, 1
897,0, 150, False, 1
898,0, 150, False, 1
899,0, 150, False, 0
900,0, 150, False, 0
901,0, 150, False, 0
902,0, 150, False, 1
903,0, 150, False, 1
904,0, 150, False, 1
905,0, 150, False, 1
906,0, 150, False, 1
907,0, 150, False, 1
908,0, 150, False, 0
909,0, 150, False, 0
910,0, 150, False, 0
911,0, 150, False, 0
912,0, 150, False, 0
913,0, 150, False, 1
914,0, 150, False, 1
915,0, 150, False, 1
916,0, 150, False, 1
917,0, 150, False, 1
918,0, 150, False, 1
919,0, 150, False, 1
920,0, 150, False, 0
921,0, 150, False, 0
922,0, 150, False, 0
923,0, 150, False, 0
924,0, 150, False, 0
925,0, 150, False, 0
926,0, 150, False, 0
927,0, 150, False, 0
928,0, 150, False, 0
929,0, 150, False, 0
930,0, 150, False, 0
931,0, 150, False, 0
932,0, 150, False, 0
933,0, 150, False, 0
934,0, 150, False, 0
935,20, 170, False, 0
936,0, 170, False, 0
937,0, 170, False, 0
938,0, 170, False, 0
939,0, 170, False, 0
940,0, 170, False, 0
941,0, 170, False, 0
942,0, 170, False, 0
943,0, 170, False, 0
944,0, 170, False, 0
945,0, 170, False, 0
946,0, 170, False, 0
947,0, 170, False, 0
948,0, 170, False, 0
949,0, 170, False, 0
950,0, 170, False, 0
951,0, 170, False, 0
952,0, 170, False, 0
953,0, 170, False, 4
954,0, 170, False, 4
955,0, 170, False, 4
956,0, 170, False, 4
957,0, 170, False, 4
958,0, 170, False, 4
959,0, 170, False, 4
960,0, 170, False, 4
961,0, 170, False, 4
962,0, 170, False, 4
963,0, 170, False, 4
964,0, 170, False, 4
965,0, 170, False, 4
966,0, 170, False, 4
967,0, 170, False, 0
968,0, 170, False, 0
969,0, 170, False, 0
970,0, 170, False, 0
971,0, 170, False, 0
972,0, 170, False, 1
973,0, 170, False, 1
974,0, 170, False, 1
975,0, 170, False, 1
976,0, 170, False, 1
977,0, 170, False, 1
978,0, 170, False, 0
979,0, 170, False, 0
980,0, 170, False, 0
981,0, 170, False, 0
982,0, 170, False, 1
983,0, 170, False, 1
984,0, 170, False, 1
985,0, 170, False, 1
986,0, 170, False, 1
987,0, 170, False, 1
988,0, 170, False, 0
989,0, 170, False, 0
990,0, 170, False, 0
991,0, 170, False, 0
992,0, 170, False, 0
993,0, 170, False, 0
994,0, 170, False, 0
995,0, 170, False, 0
996,0, 170, False, 0
997,0, 170, False, 0
998,0, 170, False, 0
999,0, 170, False, 0
1000,0, 170, False, 0
1001,0, 170, False, 0
1002,0, 170, False, 0
1003,0, 170, False, 0
1004,0, 170, False, 0
1005,0, 170, False, 0
1006,0, 170, False, 0
1007,0, 170, False, 0
1008,0, 170, False, 0
1009,0, 170, False, 0
1010,0, 170, False, 0
1011,0, 170, False, 0
1012,0, 170, False, 0
1013,0, 170, False, 0
1014,0, 170, False, 0
1015,0, 170, False, 0
1016,0, 170, False, 0
1017,0, 170, False, 0
1018,0, 170, False, 0
1019,0, 170, False, 0
1020,0, 170, False, 0
1021,0, 170, False, 0
1022,0, 170, False, 0
1023,0, 170, False, 0
1024,0, 170, False, 0
1025,0, 170, False, 0
1026,0, 170, False, 0
1027,0, 170, False, 0
1028,0, 170, False, 0
1029,0, 170, False, 0
1030,0, 170, False, 0
1031,0, 170, False, 0
1032,0, 170, False, 0
1033,0, 170, False, 0
1034,0, 170, False, 0
1035,0, 170, False, 0
1036,0, 170, False, 0
1037,0, 170, False, 0
1038,0, 170, False, 0
1039,0, 170, False, 0
1040,0, 170, False, 0
1041,0, 170, False, 0
1042,0, 170, False, 0
1043,0, 170, False, 0
1044,0, 170, False, 0
1045,0, 170, False, 0
1046,0, 170, False, 0
1047,0, 170, False, 1
1048,0, 170, False, 1
1049,0, 170, False, 1
1050,0, 170, False, 1
1051,0, 170, False, 1
1052,0, 170, False, 1
1053,0, 170, False, 1
1054,0, 170, False, 1
1055,0, 170, False, 0
1056,0, 170, False, 0
1057,0, 170, False, 0
1058,0, 170, False, 0
1059,0, 170, False, 1
1060,0, 170, False, 1
1061,0, 170, False, 1
1062,0, 170, False, 1
1063,0, 170, False, 1
1064,0, 170, False, 1
1065,0, 170, False, 1
1066,0, 170, False, 1
1067,0, 170, False, 1
1068,0, 170, False, 0
1069,0, 170, False, 0
1070,0, 170, False, 0
1071,0, 170, False, 1
1072,0, 170, False, 1
1073,0, 170, False, 1
1074,0, 170, False, 1
1075,0, 170, False, 1
1076,0, 170, False, 1
1077,0, 170, False, 1
1078,0, 170, False, 1
1079,0, 170, False, 0
1080,0, 170, False, 0
1081,0, 170, False, 0
1082,0, 170, False, 0
1083,0, 170, False, 0
1084,0, 170, False, 0
1085,0, 170, False, 0
1086,0, 170, False, 0
1087,0, 170, False, 0
1088,0, 170, False, 3
1089,0, 170, False, 3
1090,0, 170, False, 3
1091,0, 170, False, 3
1092,0, 170, False, 3
1093,0, 170, False, 3
1094,0, 170, False, 3
1095,0, 170, False, 3
1096,0, 170, False, 3
1097,0, 170, False, 3
1098,0, 170, False, 3
1099,0, 170, False, 3
1100,0, 170, False, 3
1101,0, 170, False, 3
1102,0, 170, False, 3
1103,0, 170, False, 3
1104,0, 170, False, 3
1105,0, 170, False, 3
1106,0, 170, False, 3
1107,0, 170, False, 3
1108,0, 170, False, 3
1109,0, 170, False, 3
1110,0, 170, False, 3
1111,0, 170, False, 3
1112,0, 170, False, 3
1113,0, 170, False, 3
1114,0, 170, False, 3
1115,0, 170, False, 3
1116,0, 170, False, 3
1117,0, 170, False, 3
1118,0, 170, False, 3
1119,0, 170, False, 3
1120,0, 170, False, 3
1121,0, 170, False, 3
1122,0, 170, False, 3
1123,0, 170, False, 3
1124,0, 170, False, 3
1125,0, 170, False, 3
1126,0, 170, False, 3
1127,0, 170, False, 3
1128,0, 170, False, 3
1129,0, 170, False, 3
1130,0, 170, False, 3
1131,0, 170, False, 3
1132,0, 170, False, 3
1133,0, 170, False, 3
1134,0, 170, False, 3
1135,0, 170, False, 3
1136,0, 170, False, 3
1137,0, 170, False, 3
1138,0, 170, False, 3
1139,0, 170, False, 3
1140,0, 170, False, 3
1141,0, 170, False, 3
1142,0, 170, False, 3
1143,0, 170, False, 3
1144,0, 170, False, 3
1145,0, 170, False, 3
1146,0, 170, False, 3
1147,0, 170, False, 3
1148,0, 170, False, 3
1149,0, 170, False, 3
1150,0, 170, False, 3
1151,0, 170, False, 3
1152,0, 170, False, 3
1153,0, 170, False, 3
1154,0, 170, False, 3
1155,0, 170, False, 3
1156,0, 170, False, 3
1157,0, 170, False, 1
1158,0, 170, False, 1
1159,0, 170, False, 1
1160,0, 170, False, 1
1161,0, 170, False, 1
1162,0, 170, False, 1
1163,0, 170, False, 0
1164,0, 170, False, 0
1165,0, 170, False, 0
1166,0, 170, False, 1
1167,0, 170, False, 1
1168,0, 170, False, 1
1169,0, 170, False, 1
1170,0, 170, False, 1
1171,0, 170, False, 1
1172,0, 170, False, 0
1173,0, 170, False, 0
1174,0, 170, False, 0
1175,0, 170, False, 0
1176,0, 170, False, 0
1177,0, 170, False, 1
1178,0, 170, False, 1
1179,0, 170, False, 1
1180,0, 170, False, 1
1181,0, 170, False, 1
1182,0, 170, False, 1
1183,0, 170, False, 1
1184,0, 170, False, 0
1185,0, 170, False, 0
1186,0, 170, False, 0
1187,0, 170, False, 0
1188,0, 170, False, 0
1189,0, 170, False, 0
1190,0, 170, False, 0
1191,0, 170, False, 0
1192,0, 170, False, 0
1193,0, 170, False, 0
1194,0, 170, False, 0
1195,0, 170, False, 0
1196,0, 170, False, 0
1197,0, 170, False, 0
1198,0, 170, False, 0
1199,0, 170, False, 0
1200,0, 170, False, 0
1201,0, 170, False, 0
1202,0, 170, False, 0
1203,0, 170, False, 1
1204,0, 170, False, 1
1205,0, 170, False, 1
1206,0, 170, False, 1
1207,0, 170, False, 1
1208,0, 170, False, 1
1209,0, 170, False, 1
1210,0, 170, False, 0
1211,0, 170, False, 0
1212,0, 170, False, 0
1213,0, 170, False, 0
1214,0, 170, False, 1
1215,0, 170, False, 1
1216,0, 170, False, 1
1217,0, 170, False, 1
1218,0, 170, False, 1
1219,0, 170, False, 1
1220,0, 170, False, 1
1221,0, 170, False, 1
1222,0, 170, False, 1
1223,0, 170, False, 0
1224,0, 170, False, 0
1225,0, 170, False, 0
1226,0, 170, False, 1
1227,0, 170, False, 1
1228,0, 170, False, 1
1229,0, 170, False, 1
1230,0, 170, False, 1
1231,0, 170, False, 1
1232,0, 170, False, 1
1233,0, 170, False, 0
1234,0, 170, False, 0
1235,0, 170, False, 0
1236,0, 170, False, 0
1237,0, 170, False, 1
1238,0, 170, False, 1
1239,0, 170, False, 1
1240,0, 170, False, 1
1241,0, 170, False, 1
1242,0, 170, False, 1
1243,0, 170, False, 1
1244,0, 170, False, 1
1245,0, 170, False, 0
1246,0, 170, False, 0
1247,0, 170, False, 1
1248,0, 170, False, 1
1249,0, 170, False, 1
1250,0, 170, False, 1
1251,0, 170, False, 1
1252,0, 170, False, 1
1253,0, 170, False, 1
1254,0, 170, False, 0
1255,0, 170, False, 0
1256,0, 170, False, 0
1257,0, 170, False, 0
1258,0, 170, False, 0
1259,0, 170, False, 1
1260,0, 170, False, 1
1261,5, 175, False, 1
1262,0, 175, False, 0
1263,0, 175, False, 0
1264,0, 175, False, 0
1265,0, 175, False, 0
1266,0, 175, False, 0
1267,0, 175, False, 1
1268,0, 175, False, 1
1269,0, 175, False, 1
1270,0, 175, False, 1
1271,0, 175, False, 1
1272,0, 175, False, 1
1273,0, 175, False, 0
1274,0, 175, False, 0
1275,0, 175, False, 0
1276,0, 175, False, 1
1277,0, 175, False, 1
1278,0, 175, False, 1
1279,0, 175, False, 1
1280,0, 175, False, 1
1281,0, 175, False, 1
1282,0, 175, False, 0
1283,0, 175, False, 0
1284,0, 175, False, 0
1285,0, 175, False, 1
1286,0, 175, False, 1
1287,0, 175, False, 1
1288,0, 175, False, 1
1289,0, 175, False, 1
1290,0, 175, False, 1
1291,0, 175, False, 1
1292,0, 175, False, 0
1293,0, 175, False, 0
1294,0, 175, False, 0
1295,0, 175, False, 1
1296,0, 175, False, 1
1297,10, 185, False, 1
1298,0, 185, False, 1
1299,0, 185, False, 1
1300,0, 185, False, 1
1301,0, 185, False, 1
1302,0, 185, False, 0
1303,0, 185, False, 0
1304,0, 185, False, 0
1305,0, 185, False, 1
1306,0, 185, False, 1
1307,0, 185, False, 1
1308,0, 185, False, 1
1309,0, 185, False, 1
1310,0, 185, False, 1
1311,0, 185, False, 1
1312,0, 185, False, 0
1313,0, 185, False, 0
1314,0, 185, False, 0
1315,0, 185, False, 0
1316,0, 185, False, 1
1317,0, 185, False, 1
1318,0, 185, False, 1
1319,0, 185, False, 1
1320,0, 185, False, 0
1321,0, 185, False, 0
1322,0, 185, False, 0
1323,0, 185, False, 1
1324,0, 185, False, 1
1325,0, 185, False, 1
1326,0, 185, False, 1
1327,0, 185, False, 1
1328,0, 185, False, 1
1329,0, 185, False, 1
1330,0, 185, False, 0
1331,0, 185, False, 0
1332,0, 185, False, 0
1333,0, 185, False, 1
1334,0, 185, False, 1
1335,0, 185, False, 1
1336,0, 185, False, 1
1337,15, 200, False, 1
1338,0, 200, False, 1
1339,0, 200, False, 0
1340,0, 200, False, 0
1341,0, 200, False, 0
1342,0, 200, False, 1
1343,0, 200, False, 1
1344,0, 200, False, 1
1345,0, 200, False, 1
1346,0, 200, False, 1
1347,0, 200, False, 1
1348,0, 200, False, 0
1349,0, 200, False, 0
1350,0, 200, False, 0
1351,0, 200, False, 0
1352,0, 200, False, 1
1353,0, 200, False, 1
1354,0, 200, False, 1
1355,0, 200, False, 1
1356,0, 200, False, 1
1357,0, 200, False, 1
1358,0, 200, False, 1
1359,0, 200, False, 0
1360,0, 200, False, 0
1361,0, 200, False, 0
1362,0, 200, False, 1
1363,0, 200, False, 1
1364,0, 200, False, 1
1365,0, 200, False, 1
1366,0, 200, False, 1
1367,0, 200, False, 1
1368,0, 200, False, 1
1369,0, 200, False, 1
1370,0, 200, False, 0
1371,0, 200, False, 0
1372,0, 200, False, 0
1373,0, 200, False, 0
1374,0, 200, False, 4
1375,0, 200, False, 4
1376,0, 200, False, 4
1377,0, 200, False, 4
1378,0, 200, False, 4
1379,0, 200, False, 4
1380,0, 200, False, 4
1381,0, 200, False, 4
1382,0, 200, False, 4
1383,0, 200, False, 4
1384,0, 200, False, 4
1385,20, 220, False, 4
1386,0, 220, False, 4
1387,0, 220, False, 4
1388,0, 220, False, 4
1389,0, 220, False, 4
1390,0, 220, False, 4
1391,0, 220, False, 4
1392,0, 220, False, 4
1393,0, 220, False, 4
1394,0, 220, False, 4
1395,0, 220, False, 4
1396,0, 220, False, 4
1397,0, 220, False, 4
1398,0, 220, False, 4
1399,0, 220, False, 4
1400,0, 220, False, 4
1401,0, 220, False, 4
1402,0, 220, False, 4
1403,0, 220, False, 4
1404,0, 220, False, 4
1405,0, 220, False, 4
1406,0, 220, False, 4
1407,0, 220, False, 4
1408,0, 220, False, 4
1409,0, 220, False, 4
1410,0, 220, False, 4
1411,0, 220, False, 4
1412,0, 220, False, 4
1413,0, 220, False, 4
1414,0, 220, False, 4
1415,0, 220, False, 4
1416,0, 220, False, 4
1417,0, 220, False, 4
1418,0, 220, False, 4
1419,0, 220, False, 4
1420,0, 220, False, 4
1421,0, 220, False, 4
1422,0, 220, False, 4
1423,0, 220, False, 4
1424,0, 220, False, 4
1425,0, 220, False, 4
1426,0, 220, False, 4
1427,0, 220, False, 4
1428,0, 220, False, 4
1429,0, 220, False, 4
1430,0, 220, False, 4
1431,0, 220, False, 4
1432,0, 220, False, 4
1433,0, 220, False, 4
1434,0, 220, False, 4
1435,0, 220, False, 1
1436,0, 220, False, 1
1437,0, 220, False, 1
1438,0, 220, False, 1
1439,0, 220, False, 1
1440,0, 220, False, 0
1441,0, 220, False, 0
1442,0, 220, False, 0
1443,0, 220, False, 0
1444,0, 220, False, 1
1445,0, 220, False, 1
1446,0, 220, False, 1
1447,0, 220, False, 1
1448,0, 220, False, 1
1449,0, 220, False, 1
1450,0, 220, False, 0
1451,0, 220, False, 0
1452,0, 220, False, 0
1453,0, 220, False, 0
1454,0, 220, False, 0
1455,5, 225, False, 1
1456,0, 225, False, 1
1457,0, 225, False, 1
1458,0, 225, False, 1
1459,0, 225, False, 1
1460,0, 225, False, 1
1461,0, 225, False, 1
1462,0, 225, False, 0
1463,0, 225, False, 0
1464,0, 225, False, 0
1465,0, 225, False, 0
1466,0, 225, False, 0
1467,0, 225, False, 1
1468,0, 225, False, 1
1469,0, 225, False, 1
1470,0, 225, False, 1
1471,0, 225, False, 1
1472,0, 225, False, 1
1473,0, 225, False, 1
1474,0, 225, False, 0
1475,0, 225, False, 0
1476,0, 225, False, 1
1477,0, 225, False, 1
1478,0, 225, False, 1
1479,0, 225, False, 1
1480,0, 225, False, 1
1481,0, 225, False, 1
1482,0, 225, False, 1
1483,0, 225, False, 0
1484,0, 225, False, 0
1485,10, 235, False, 0
1486,0, 235, False, 1
1487,0, 235, False, 1
1488,0, 235, False, 1
1489,0, 235, False, 1
1490,0, 235, False, 1
1491,0, 235, False, 1
1492,0, 235, False, 1
1493,0, 235, False, 0
1494,0, 235, False, 0
1495,0, 235, False, 0
1496,0, 235, False, 0
1497,0, 235, False, 0
1498,0, 235, False, 0
1499,0, 235, False, 4
1500,0, 235, False, 4
1501,0, 235, False, 4
1502,0, 235, False, 4
1503,0, 235, False, 4
1504,0, 235, False, 4
1505,0, 235, False, 4
1506,0, 235, False, 4
1507,0, 235, False, 4
1508,0, 235, False, 4
1509,0, 235, False, 4
1510,0, 235, False, 4
1511,0, 235, False, 4
1512,0, 235, False, 4
1513,0, 235, False, 4
1514,0, 235, False, 4
1515,0, 235, False, 4
1516,0, 235, False, 4
1517,0, 235, False, 4
1518,0, 235, False, 4
1519,15, 250, False, 4
1520,0, 250, False, 4
1521,0, 250, False, 4
1522,0, 250, False, 4
1523,0, 250, False, 4
1524,0, 250, False, 4
1525,0, 250, False, 4
1526,0, 250, False, 4
1527,0, 250, False, 4
1528,0, 250, False, 4
1529,0, 250, False, 4
1530,0, 250, False, 4
1531,0, 250, False, 4
1532,0, 250, False, 4
1533,0, 250, False, 4
1534,0, 250, False, 4
1535,0, 250, False, 4
1536,0, 250, False, 4
1537,0, 250, False, 4
1538,0, 250, False, 4
1539,0, 250, False, 4
1540,0, 250, False, 4
1541,0, 250, False, 4
1542,0, 250, False, 4
1543,0, 250, False, 4
1544,0, 250, False, 4
1545,0, 250, False, 4
1546,0, 250, False, 4
1547,0, 250, False, 4
1548,0, 250, False, 4
1549,0, 250, False, 4
1550,0, 250, False, 4
1551,0, 250, False, 4
1552,0, 250, False, 4
1553,0, 250, False, 4
1554,0, 250, False, 4
1555,0, 250, False, 0
1556,0, 250, False, 0
1557,0, 250, False, 0
1558,0, 250, False, 1
1559,0, 250, False, 1
1560,0, 250, False, 1
1561,0, 250, False, 1
1562,0, 250, False, 1
1563,0, 250, False, 1
1564,0, 250, False, 0
1565,0, 250, False, 0
1566,0, 250, False, 1
1567,0, 250, False, 1
1568,0, 250, False, 1
1569,0, 250, False, 1
1570,0, 250, False, 1
1571,0, 250, False, 1
1572,0, 250, False, 1
1573,5, 255, False, 0
1574,0, 255, False, 0
1575,0, 255, False, 0
1576,0, 255, False, 0
1577,0, 255, False, 1
1578,0, 255, False, 1
1579,0, 255, False, 1
1580,0, 255, False, 1
1581,0, 255, False, 1
1582,0, 255, False, 1
1583,0, 255, False, 1
1584,0, 255, False, 0
1585,0, 255, False, 0
1586,0, 255, False, 0
1587,0, 255, False, 1
1588,0, 255, False, 1
1589,0, 255, False, 1
1590,0, 255, False, 1
1591,0, 255, False, 1
1592,0, 255, False, 1
1593,0, 255, False, 1
1594,0, 255, False, 0
1595,0, 255, False, 0
1596,0, 255, False, 0
1597,0, 255, False, 0
1598,0, 255, False, 1
1599,0, 255, False, 1
1600,0, 255, False, 1
1601,10, 265, False, 1
1602,0, 265, False, 1
1603,0, 265, False, 1
1604,0, 265, False, 1
1605,0, 265, False, 0
1606,0, 265, False, 0
1607,0, 265, False, 0
1608,0, 265, False, 0
1609,0, 265, False, 0
1610,0, 265, False, 0
1611,0, 265, False, 1
1612,0, 265, False, 1
1613,0, 265, False, 1
1614,0, 265, False, 1
1615,0, 265, False, 1
1616,0, 265, False, 1
1617,0, 265, False, 0
1618,0, 265, False, 0
1619,0, 265, False, 0
1620,0, 265, False, 0
1621,0, 265, False, 1
1622,0, 265, False, 1
1623,0, 265, False, 1
1624,0, 265, False, 1
1625,0, 265, False, 1
1626,0, 265, False, 1
1627,0, 265, False, 1
1628,0, 265, False, 1
1629,0, 265, False, 1
1630,0, 265, False, 0
1631,0, 265, False, 0
1632,0, 265, False, 0
1633,0, 265, False, 0
1634,0, 265, False, 0
1635,0, 265, False, 0
1636,0, 265, False, 0
1637,0, 265, False, 0
1638,0, 265, False, 0
1639,0, 265, False, 0
1640,0, 265, False, 0
1641,0, 265, False, 0
1642,0, 265, False, 0
1643,0, 265, False, 0
1644,0, 265, False, 0
1645,0, 265, False, 0
1646,0, 265, False, 0
1647,0, 265, False, 0
1648,0, 265, False, 0
1649,0, 265, False, 0
1650,0, 265, False, 0
1651,0, 265, False, 0
1652,0, 265, False, 0
1653,0, 265, False, 0
1654,0, 265, False, 0
1655,0, 265, False, 0
1656,0, 265, False, 0
1657,0, 265, False, 0
1658,0, 265, False, 0
1659,0, 265, False, 0
1660,0, 265, False, 0
1661,0, 265, False, 0
1662,0, 265, False, 0
1663,0, 265, False, 0
1664,0, 265, False, 0
1665,0, 265, False, 0
1666,0, 265, False, 0
1667,0, 265, False, 0
1668,0, 265, False, 0
1669,0, 265, False, 0
1670,0, 265, False, 0
1671,0, 265, False, 0
1672,0, 265, False, 0
1673,0, 265, False, 0
1674,0, 265, False, 0
1675,0, 265, False, 0
1676,0, 265, False, 0
1677,0, 265, False, 0
1678,0, 265, False, 0
1679,0, 265, False, 0
1680,0, 265, False, 0
1681,0, 265, False, 0
1682,0, 265, False, 0
1683,0, 265, False, 0
1684,0, 265, False, 0
1685,0, 265, False, 0
1686,0, 265, False, 0
1687,0, 265, False, 0
1688,0, 265, False, 1
1689,0, 265, False, 1
1690,0, 265, False, 1
1691,0, 265, False, 1
1692,0, 265, False, 1
1693,0, 265, False, 1
1694,0, 265, False, 0
1695,0, 265, False, 0
1696,0, 265, False, 0
1697,0, 265, False, 0
1698,0, 265, False, 0
1699,0, 265, False, 1
1700,0, 265, False, 1
1701,0, 265, False, 1
1702,0, 265, False, 1
1703,0, 265, False, 1
1704,0, 265, False, 1
1705,0, 265, False, 1
1706,0, 265, False, 0
1707,0, 265, False, 0
1708,0, 265, False, 0
1709,0, 265, False, 1
1710,0, 265, False, 1
1711,0, 265, False, 1
1712,0, 265, False, 1
1713,0, 265, False, 1
1714,0, 265, False, 1
1715,0, 265, False, 0
1716,0, 265, False, 0
1717,0, 265, False, 0
1718,0, 265, False, 0
1719,0, 265, False, 1
1720,0, 265, False, 1
1721,0, 265, False, 1
1722,0, 265, False, 1
1723,0, 265, False, 1
1724,0, 265, False, 3
1725,0, 265, False, 3
1726,0, 265, False, 3
1727,0, 265, False, 3
1728,0, 265, False, 3
1729,0, 265, False, 3
1730,0, 265, False, 3
1731,20, 285, False, 3
1732,0, 285, False, 3
1733,0, 285, False, 3
1734,0, 285, False, 3
1735,0, 285, False, 3
1736,0, 285, False, 3
1737,0, 285, False, 3
1738,0, 285, False, 3
1739,0, 285, False, 3
1740,0, 285, False, 3
1741,0, 285, False, 3
1742,0, 285, False, 3
1743,0, 285, False, 0
1744,0, 285, False, 0
1745,0, 285, False, 0
1746,0, 285, False, 0
1747,0, 285, False, 0
1748,0, 285, False, 0
1749,0, 285, False, 0
1750,0, 285, False, 0
1751,0, 285, False, 0
1752,0, 285, False, 0
1753,0, 285, False, 0
1754,0, 285, False, 0
1755,0, 285, False, 0
1756,0, 285, False, 0
1757,0, 285, False, 0
1758,0, 285, False, 0
1759,0, 285, False, 0
1760,0, 285, False, 0
1761,0, 285, False, 0
1762,0, 285, False, 0
1763,0, 285, False, 0
1764,0, 285, False, 1
1765,0, 285, False, 1
1766,0, 285, False, 1
1767,0, 285, False, 1
1768,0, 285, False, 1
1769,0, 285, False, 1
1770,0, 285, False, 0
1771,0, 285, False, 0
1772,0, 285, False, 0
1773,0, 285, False, 1
1774,0, 285, False, 1
1775,0, 285, False, 1
1776,0, 285, False, 1
1777,0, 285, False, 1
1778,0, 285, False, 1
1779,0, 285, False, 0
1780,0, 285, False, 0
1781,0, 285, False, 0
1782,0, 285, False, 0
1783,0, 285, False, 0
1784,0, 285, False, 1
1785,0, 285, False, 1
1786,0, 285, False, 1
1787,0, 285, False, 1
1788,0, 285, False, 1
1789,0, 285, False, 1
1790,0, 285, False, 0
1791,0, 285, False, 0
1792,0, 285, False, 1
1793,0, 285, False, 1
1794,0, 285, False, 1
1795,0, 285, False, 1
1796,0, 285, False, 1
1797,0, 285, False, 1
1798,0, 285, False, 1
1799,0, 285, False, 0
1800,0, 285, False, 0
1801,0, 285, False, 0
1802,0, 285, False, 0
1803,0, 285, False, 0
1804,0, 285, False, 0
1805,0, 285, False, 0
1806,0, 285, False, 0
1807,0, 285, False, 0
1808,0, 285, False, 0
1809,0, 285, False, 0
1810,0, 285, False, 0
1811,0, 285, False, 0
1812,0, 285, False, 0
1813,0, 285, False, 0
1814,0, 285, False, 0
1815,25, 310, False, 0
1816,0, 310, False, 0
1817,0, 310, False, 0
1818,0, 310, False, 0
1819,0, 310, False, 0
1820,0, 310, False, 0
1821,0, 310, False, 0
1822,0, 310, False, 0
1823,0, 310, False, 0
1824,0, 310, False, 0
1825,0, 310, False, 0
1826,0, 310, False, 4
1827,0, 310, False, 4
1828,0, 310, False, 4
1829,0, 310, False, 4
1830,0, 310, False, 4
1831,0, 310, False, 4
1832,0, 310, False, 4
1833,0, 310, False, 4
1834,0, 310, False, 4
1835,0, 310, False, 4
1836,0, 310, False, 4
1837,0, 310, False, 4
1838,0, 310, False, 4
1839,0, 310, False, 4
1840,0, 310, False, 4
1841,0, 310, False, 4
1842,0, 310, False, 4
1843,0, 310, False, 4
1844,0, 310, False, 4
1845,0, 310, False, 4
1846,0, 310, False, 4
1847,0, 310, False, 4
1848,0, 310, False, 4
1849,0, 310, False, 4
1850,0, 310, False, 4
1851,0, 310, False, 4
1852,0, 310, False, 4
1853,0, 310, False, 4
1854,0, 310, False, 4
1855,0, 310, False, 4
1856,0, 310, False, 0
1857,0, 310, False, 0
1858,0, 310, False, 0
1859,0, 310, False, 0
1860,0, 310, False, 1
1861,0, 310, False, 1
1862,0, 310, False, 1
1863,0, 310, False, 1
1864,0, 310, False, 1
1865,0, 310, False, 0
1866,0, 310, False, 0
1867,0, 310, False, 0
1868,0, 310, False, 0
1869,0, 310, False, 0
1870,0, 310, False, 0
1871,0, 310, False, 0
1872,0, 310, False, 0
1873,0, 310, False, 0
1874,0, 310, False, 0
1875,0, 310, False, 0
1876,0, 310, False, 0
1877,0, 310, False, 0
1878,0, 310, False, 0
1879,0, 310, False, 0
1880,0, 310, False, 0
1881,0, 310, False, 0
1882,0, 310, False, 0
1883,0, 310, False, 0
1884,0, 310, False, 0
1885,0, 310, False, 0
1886,0, 310, False, 0
1887,0, 310, False, 0
1888,0, 310, False, 0
1889,0, 310, False, 0
1890,0, 310, False, 0
1891,0, 310, False, 0
1892,0, 310, False, 0
1893,0, 310, False, 0
1894,0, 310, False, 0
1895,0, 310, False, 0
1896,0, 310, False, 0
1897,0, 310, False, 0
1898,0, 310, False, 0
1899,0, 310, False, 0
1900,0, 310, False, 0
1901,0, 310, False, 0
1902,0, 310, False, 0
1903,0, 310, False, 0
1904,0, 310, False, 0
1905,0, 310, False, 0
1906,0, 310, False, 0
1907,0, 310, False, 0
1908,0, 310, False, 0
1909,0, 310, False, 0
1910,0, 310, False, 0
1911,0, 310, False, 0
1912,0, 310, False, 0
1913,0, 310, False, 0
1914,0, 310, False, 0
1915,0, 310, False, 0
1916,0, 310, False, 0
1917,0, 310, False, 0
1918,0, 310, False, 0
1919,0, 310, False, 0
1920,0, 310, False, 0
1921,30, 340, False, 0
1922,0, 340, False, 0
1923,0, 340, False, 0
1924,0, 340, False, 0
1925,0, 340, False, 0
1926,0, 340, False, 0
1927,0, 340, False, 0
1928,0, 340, False, 0
1929,0, 340, False, 0
1930,0, 340, False, 0
1931,0, 340, False, 0
1932,0, 340, False, 0
1933,0, 340, False, 0
1934,0, 340, False, 0
1935,0, 340, False, 0
1936,0, 340, False, 0
1937,0, 340, False, 0
1938,0, 340, False, 0
1939,0, 340, False, 0
1940,0, 340, False, 0
1941,0, 340, False, 0
1942,0, 340, False, 0
1943,0, 340, False, 0
1944,0, 340, False, 0
1945,0, 340, False, 0
1946,0, 340, False, 0
1947,0, 340, False, 0
1948,0, 340, False, 0
1949,0, 340, False, 0
1950,0, 340, False, 0
1951,0, 340, False, 0
1952,0, 340, False, 0
1953,0, 340, False, 0
1954,0, 340, False, 0
1955,0, 340, False, 0
1956,0, 340, False, 0
1957,0, 340, False, 0
1958,0, 340, False, 0
1959,0, 340, False, 0
1960,0, 340, False, 0
1961,0, 340, False, 0
1962,0, 340, False, 0
1963,0, 340, False, 0
1964,0, 340, False, 0
1965,0, 340, False, 0
1966,0, 340, False, 0
1967,0, 340, False, 0
1968,0, 340, False, 0
1969,0, 340, False, 0
1970,0, 340, False, 0
1971,0, 340, False, 0
1972,0, 340, False, 0
1973,0, 340, False, 0
1974,0, 340, False, 0
1975,0, 340, False, 0
1976,0, 340, False, 0
1977,0, 340, False, 0
1978,0, 340, False, 0
1979,0, 340, False, 0
1980,0, 340, False, 0
1981,0, 340, False, 0
1982,0, 340, False, 0
1983,0, 340, False, 0
1984,0, 340, False, 0
1985,0, 340, False, 0
1986,0, 340, False, 0
1987,0, 340, False, 0
1988,0, 340, False, 0
1989,0, 340, False, 0
1990,0, 340, False, 0
1991,0, 340, False, 0
1992,0, 340, False, 0
1993,0, 340, False, 0
1994,0, 340, False, 0
1995,0, 340, False, 0
1996,0, 340, False, 0
1997,0, 340, False, 0
1998,0, 340, False, 0
1999,0, 340, False, 0
2000,0, 340, False, 0
2001,0, 340, False, 0
2002,0, 340, False, 0
2003,0, 340, False, 0
2004,0, 340, False, 0
2005,0, 340, False, 0
2006,0, 340, False, 0
2007,0, 340, False, 0
2008,0, 340, False, 0
2009,0, 340, False, 0
2010,0, 340, False, 0
2011,0, 340, False, 0
2012,0, 340, False, 0
2013,0, 340, False, 0
2014,0, 340, False, 0
2015,0, 340, False, 0
2016,0, 340, False, 0
2017,0, 340, False, 0
2018,0, 340, False, 0
2019,0, 340, False, 0
2020,0, 340, False, 0
2021,0, 340, False, 0
2022,0, 340, False, 0
2023,0, 340, False, 0
2024,0, 340, False, 0
2025,0, 340, False, 0
2026,0, 340, False, 0
2027,0, 340, False, 0
2028,0, 340, False, 0
2029,0, 340, False, 0
2030,0, 340, False, 0
2031,0, 340, False, 0
2032,0, 340, False, 0
2033,0, 340, False, 0
2034,0, 340, False, 0
2035,0, 340, False, 0
2036,0, 340, False, 0
2037,0, 340, False, 0
2038,0, 340, False, 0
2039,0, 340, False, 0
2040,0, 340, False, 0
2041,0, 340, False, 0
2042,0, 340, False, 0
2043,0, 340, False, 0
2044,0, 340, False, 0
2045,0, 340, False, 0
2046,0, 340, False, 0
2047,0, 340, False, 0
2048,0, 340, False, 0
2049,0, 340, False, 0
2050,0, 340, False, 0
2051,0, 340, False, 0
2052,0, 340, False, 0
2053,0, 340, False, 0
2054,0, 340, False, 0
2055,0, 340, False, 0
2056,0, 340, False, 0
2057,0, 340, False, 0
2058,0, 340, False, 0
2059,0, 340, False, 0
2060,0, 340, False, 0
2061,0, 340, False, 0
2062,0, 340, False, 0
2063,0, 340, False, 0
2064,0, 340, False, 1
2065,0, 340, False, 1
2066,0, 340, False, 1
2067,0, 340, False, 1
2068,0, 340, False, 1
2069,0, 340, False, 1
2070,0, 340, False, 1
2071,0, 340, False, 0
2072,0, 340, False, 0
2073,0, 340, False, 0
2074,0, 340, False, 1
2075,0, 340, False, 1
2076,0, 340, False, 1
2077,0, 340, False, 1
2078,0, 340, False, 1
2079,0, 340, False, 1
2080,0, 340, False, 1
2081,0, 340, False, 0
2082,0, 340, False, 0
2083,0, 340, False, 0
2084,0, 340, False, 0
2085,0, 340, False, 0
2086,0, 340, False, 1
2087,0, 340, False, 1
2088,0, 340, False, 1
2089,0, 340, False, 1
2090,0, 340, False, 1
2091,15, 355, False, 1
2092,0, 355, False, 1
2093,0, 355, False, 0
2094,0, 355, False, 0
2095,0, 355, False, 0
2096,0, 355, False, 0
2097,0, 355, False, 1
2098,0, 355, False, 1
2099,0, 355, False, 1
2100,0, 355, False, 1
2101,0, 355, False, 1
2102,0, 355, False, 1
2103,0, 355, False, 0
2104,0, 355, False, 0
2105,0, 355, False, 0
2106,0, 355, False, 0
2107,0, 355, False, 0
2108,0, 355, False, 1
2109,0, 355, False, 1
2110,0, 355, False, 1
2111,0, 355, False, 1
2112,0, 355, False, 1
2113,0, 355, False, 1
2114,0, 355, False, 0
2115,0, 355, False, 0
2116,0, 355, False, 0
2117,0, 355, False, 1
2118,0, 355, False, 1
2119,0, 355, False, 1
2120,0, 355, False, 1
2121,0, 355, False, 1
2122,0, 355, False, 1
2123,20, 375, False, 1
2124,0, 375, False, 0
2125,0, 375, False, 0
2126,0, 375, False, 0
2127,0, 375, False, 1
2128,0, 375, False, 1
2129,0, 375, False, 1
2130,0, 375, False, 1
2131,0, 375, False, 1
2132,0, 375, False, 1
2133,0, 375, False, 1
2134,0, 375, False, 0
2135,0, 375, False, 0
2136,0, 375, False, 0
2137,0, 375, False, 1
2138,0, 375, False, 1
2139,0, 375, False, 1
2140,0, 375, False, 1
2141,0, 375, False, 0
2142,0, 375, False, 0
2143,0, 375, False, 1
2144,0, 375, False, 1
2145,0, 375, False, 1
2146,0, 375, False, 1
2147,0, 375, False, 1
2148,0, 375, False, 1
2149,0, 375, False, 0
2150,0, 375, False, 0
2151,0, 375, False, 0
2152,0, 375, False, 0
2153,0, 375, False, 0
2154,0, 375, False, 0
2155,0, 375, False, 0
2156,0, 375, False, 0
2157,0, 375, False, 0
2158,0, 375, False, 0
2159,0, 375, False, 0
2160,0, 375, False, 0
2161,0, 375, False, 0
2162,0, 375, False, 0
2163,0, 375, False, 0
2164,0, 375, False, 3
2165,0, 375, False, 3
2166,0, 375, False, 3
2167,0, 375, False, 3
2168,0, 375, False, 3
2169,0, 375, False, 3
2170,0, 375, False, 3
2171,0, 375, False, 3
2172,0, 375, False, 3
2173,0, 375, False, 3
2174,0, 375, False, 3
2175,0, 375, False, 3
2176,0, 375, False, 3
2177,0, 375, False, 3
2178,0, 375, False, 3
2179,0, 375, False, 3
2180,0, 375, False, 3
2181,0, 375, False, 3
2182,0, 375, False, 3
2183,0, 375, False, 3
2184,0, 375, False, 3
2185,0, 375, False, 3
2186,0, 375, False, 3
2187,0, 375, False, 3
2188,0, 375, False, 3
2189,0, 375, False, 3
2190,0, 375, False, 3
2191,0, 375, False, 3
2192,0, 375, False, 3
2193,0, 375, False, 3
2194,0, 375, False, 3
2195,0, 375, False, 3
2196,0, 375, False, 3
2197,0, 375, False, 3
2198,0, 375, False, 3
2199,0, 375, False, 3
2200,0, 375, False, 3
2201,0, 375, False, 3
2202,0, 375, False, 3
2203,0, 375, False, 3
2204,0, 375, False, 3
2205,0, 375, False, 3
2206,0, 375, False, 3
2207,0, 375, False, 3
2208,0, 375, False, 3
2209,0, 375, False, 3
2210,0, 375, False, 3
2211,0, 375, False, 3
2212,0, 375, False, 3
2213,0, 375, False, 3
2214,0, 375, False, 3
2215,0, 375, False, 3
2216,0, 375, False, 3
2217,0, 375, False, 3
2218,0, 375, False, 3
2219,0, 375, False, 3
2220,0, 375, False, 3
2221,0, 375, False, 3
2222,0, 375, False, 3
2223,0, 375, False, 3
2224,0, 375, False, 3
2225,0, 375, False, 3
2226,0, 375, False, 3
2227,0, 375, False, 3
2228,0, 375, False, 3
2229,0, 375, False, 3
2230,0, 375, False, 3
2231,0, 375, False, 3
2232,0, 375, False, 3
2233,0, 375, False, 3
2234,0, 375, False, 3
2235,0, 375, False, 3
2236,0, 375, False, 3
2237,0, 375, False, 3
2238,0, 375, False, 3
2239,0, 375, False, 3
2240,0, 375, False, 3
2241,0, 375, False, 3
2242,0, 375, False, 3
2243,0, 375, False, 3
2244,0, 375, False, 3
2245,0, 375, False, 3
2246,0, 375, False, 3
2247,0, 375, False, 3
2248,0, 375, False, 3
2249,0, 375, False, 3
2250,0, 375, False, 3
2251,0, 375, False, 3
2252,0, 375, False, 3
2253,0, 375, False, 3
2254,0, 375, False, 3
2255,0, 375, False, 3
2256,0, 375, False, 3
2257,0, 375, False, 3
2258,0, 375, False, 3
2259,0, 375, False, 3
2260,0, 375, False, 0
2261,0, 375, False, 1
2262,0, 375, False, 1
2263,0, 375, False, 1
2264,0, 375, False, 1
2265,0, 375, False, 1
2266,0, 375, False, 1
2267,0, 375, False, 0
2268,0, 375, False, 0
2269,0, 375, False, 0
2270,0, 375, False, 0
2271,0, 375, False, 0
2272,0, 375, False, 0
2273,0, 375, False, 0
2274,0, 375, False, 0
2275,0, 375, False, 0
2276,0, 375, False, 0
2277,0, 375, False, 0
2278,0, 375, False, 0
2279,0, 375, False, 0
2280,0, 375, False, 0
2281,0, 375, False, 0
2282,0, 375, False, 0
2283,0, 375, False, 0
2284,0, 375, False, 0
2285,0, 375, False, 0
2286,0, 375, False, 0
2287,0, 375, False, 0
2288,0, 375, False, 0
2289,0, 375, False, 0
2290,0, 375, False, 0
2291,0, 375, False, 0
2292,0, 375, False, 0
2293,20, 395, False, 0
2294,0, 395, False, 0
2295,0, 395, False, 0
2296,0, 395, False, 0
2297,0, 395, False, 0
2298,0, 395, False, 0
2299,0, 395, False, 0
2300,0, 395, False, 0
2301,0, 395, False, 0
2302,0, 395, False, 0
2303,0, 395, False, 0
2304,0, 395, False, 0
2305,0, 395, False, 0
2306,0, 395, False, 0
2307,0, 395, False, 0
2308,0, 395, False, 0
2309,0, 395, False, 0
2310,0, 395, False, 4
2311,0, 395, False, 4
2312,0, 395, False, 4
2313,0, 395, False, 4
2314,0, 395, False, 4
2315,0, 395, False, 4
2316,0, 395, False, 4
2317,0, 395, False, 4
2318,0, 395, False, 4
2319,0, 395, False, 4
2320,0, 395, False, 4
2321,0, 395, False, 4
2322,0, 395, False, 4
2323,0, 395, False, 0
2324,0, 395, False, 0
2325,0, 395, False, 0
2326,0, 395, False, 1
2327,0, 395, False, 1
2328,0, 395, False, 1
2329,0, 395, False, 1
2330,0, 395, False, 1
2331,0, 395, False, 1
2332,0, 395, False, 0
2333,0, 395, False, 0
2334,0, 395, False, 0
2335,0, 395, False, 0
2336,0, 395, False, 0
2337,0, 395, False, 0
2338,0, 395, False, 0
2339,0, 395, False, 0
2340,0, 395, False, 0
2341,0, 395, False, 0
2342,0, 395, False, 0
2343,0, 395, False, 0
2344,0, 395, False, 0
2345,0, 395, False, 0
2346,0, 395, False, 0
2347,0, 395, False, 0
2348,0, 395, False, 0
2349,0, 395, False, 0
2350,0, 395, False, 0
2351,0, 395, False, 0
2352,0, 395, False, 0
2353,0, 395, False, 0
2354,0, 395, False, 0
2355,0, 395, False, 0
2356,0, 395, False, 0
2357,0, 395, False, 0
2358,0, 395, False, 0
2359,0, 395, False, 0
2360,0, 395, False, 0
2361,0, 395, False, 0
2362,0, 395, False, 0
2363,0, 395, False, 0
2364,0, 395, False, 0
2365,0, 395, False, 0
2366,0, 395, False, 0
2367,0, 395, False, 0
2368,0, 395, False, 0
2369,25, 420, False, 0
2370,0, 420, False, 0
2371,0, 420, False, 0
2372,0, 420, False, 0
2373,0, 420, False, 4
2374,0, 420, False, 4
2375,0, 420, False, 4
2376,0, 420, False, 4
2377,0, 420, False, 4
2378,0, 420, False, 4
2379,0, 420, False, 4
2380,0, 420, False, 4
2381,0, 420, False, 4
2382,0, 420, False, 4
2383,0, 420, False, 4
2384,0, 420, False, 4
2385,0, 420, False, 4
2386,0, 420, False, 4
2387,0, 420, False, 4
2388,0, 420, False, 0
2389,0, 420, False, 0
2390,0, 420, False, 0
2391,0, 420, False, 0
2392,0, 420, False, 0
2393,0, 420, False, 0
2394,0, 420, False, 0
2395,0, 420, False, 0
2396,0, 420, False, 0
2397,0, 420, False, 0
2398,0, 420, False, 0
2399,0, 420, False, 0
2400,0, 420, False, 0
2401,0, 420, False, 0
2402,0, 420, False, 0
2403,0, 420, False, 0
2404,0, 420, False, 0
2405,0, 420, False, 0
2406,0, 420, False, 0
2407,0, 420, False, 0
2408,0, 420, False, 0
2409,0, 420, False, 0
2410,0, 420, False, 0
2411,0, 420, False, 0
2412,0, 420, False, 0
2413,0, 420, False, 0
2414,0, 420, False, 0
2415,0, 420, False, 0
2416,0, 420, False, 0
2417,0, 420, False, 0
2418,0, 420, False, 0
2419,0, 420, False, 0
2420,0, 420, False, 0
2421,0, 420, False, 0
2422,0, 420, False, 0
2423,0, 420, False, 0
2424,0, 420, False, 0
2425,0, 420, False, 0
2426,0, 420, False, 0
2427,0, 420, False, 0
2428,0, 420, False, 0
2429,0, 420, False, 0
2430,0, 420, False, 0
2431,0, 420, False, 0
2432,0, 420, False, 0
2433,0, 420, False, 0
2434,0, 420, False, 0
2435,0, 420, False, 0
2436,0, 420, False, 0
2437,0, 420, False, 0
2438,0, 420, False, 0
2439,0, 420, False, 0
2440,0, 420, False, 0
2441,0, 420, False, 4
2442,0, 420, False, 4
2443,0, 420, False, 4
2444,0, 420, False, 4
2445,0, 420, False, 4
2446,0, 420, False, 4
2447,0, 420, False, 4
2448,0, 420, False, 4
2449,0, 420, False, 4
2450,0, 420, False, 4
2451,0, 420, False, 4
2452,0, 420, False, 4
2453,0, 420, False, 4
2454,0, 420, False, 4
2455,0, 420, False, 4
2456,0, 420, False, 4
2457,0, 420, False, 4
2458,0, 420, False, 4
2459,0, 420, False, 4
2460,0, 420, False, 4
2461,0, 420, False, 4
2462,0, 420, False, 4
2463,0, 420, False, 4
2464,0, 420, False, 4
2465,0, 420, False, 4
2466,0, 420, False, 4
2467,0, 420, False, 4
2468,0, 420, False, 4
2469,0, 420, False, 4
2470,0, 420, False, 4
2471,0, 420, False, 4
2472,0, 420, False, 4
2473,0, 420, False, 4
2474,0, 420, False, 4
2475,0, 420, False, 4
2476,0, 420, False, 4
2477,0, 420, False, 4
2478,0, 420, False, 4
2479,0, 420, False, 4
2480,0, 420, False, 4
2481,0, 420, False, 4
2482,0, 420, False, 4
2483,0, 420, False, 4
2484,0, 420, False, 4
2485,0, 420, False, 4
2486,0, 420, False, 4
2487,0, 420, False, 4
2488,0, 420, False, 4
2489,0, 420, False, 4
2490,0, 420, False, 4
2491,0, 420, False, 4
2492,0, 420, False, 4
2493,0, 420, False, 4
2494,0, 420, False, 0
2495,0, 420, False, 1
2496,0, 420, False, 1
2497,0, 420, False, 1
2498,0, 420, False, 1
2499,0, 420, False, 1
2500,0, 420, False, 1
2501,0, 420, False, 0
2502,0, 420, False, 0
2503,0, 420, False, 0
2504,0, 420, False, 0
2505,0, 420, False, 0
2506,0, 420, False, 0
2507,0, 420, False, 0
2508,0, 420, False, 0
2509,0, 420, False, 0
2510,0, 420, False, 0
2511,0, 420, False, 0
2512,0, 420, False, 0
2513,0, 420, False, 0
2514,0, 420, False, 0
2515,0, 420, False, 0
2516,0, 420, False, 0
2517,0, 420, False, 0
2518,0, 420, False, 0
2519,0, 420, False, 0
2520,0, 420, False, 0
2521,0, 420, False, 0
2522,0, 420, False, 0
2523,0, 420, False, 0
2524,0, 420, False, 0
2525,0, 420, False, 0
2526,0, 420, False, 0
2527,0, 420, False, 0
2528,0, 420, False, 0
2529,0, 420, False, 0
2530,0, 420, False, 0
2531,0, 420, False, 0
2532,0, 420, False, 0
2533,0, 420, False, 0
2534,0, 420, False, 0
2535,0, 420, False, 0
2536,0, 420, False, 0
2537,0, 420, False, 0
2538,0, 420, False, 0
2539,0, 420, False, 0
2540,0, 420, False, 0
2541,0, 420, False, 0
2542,0, 420, False, 0
2543,0, 420, False, 0
2544,0, 420, False, 0
2545,0, 420, False, 0
2546,0, 420, False, 0
2547,0, 420, False, 0
2548,0, 420, False, 0
2549,0, 420, False, 0
2550,0, 420, False, 0
2551,0, 420, False, 0
2552,0, 420, False, 0
2553,0, 420, False, 0
2554,0, 420, False, 0
2555,0, 420, False, 0
2556,0, 420, False, 0
2557,0, 420, False, 0
2558,0, 420, False, 0
2559,0, 420, False, 0
2560,0, 420, False, 0
2561,0, 420, False, 1
2562,0, 420, False, 1
2563,0, 420, False, 1
2564,0, 420, False, 1
2565,0, 420, False, 1
2566,0, 420, False, 1
2567,0, 420, False, 0
2568,0, 420, False, 0
2569,0, 420, False, 0
2570,0, 420, False, 0
2571,0, 420, False, 1
2572,0, 420, False, 1
2573,0, 420, False, 1
2574,0, 420, False, 1
2575,0, 420, False, 1
2576,0, 420, False, 1
2577,0, 420, False, 0
2578,0, 420, False, 0
2579,0, 420, False, 0
2580,0, 420, False, 1
2581,0, 420, False, 1
2582,0, 420, False, 1
2583,0, 420, False, 1
2584,0, 420, False, 1
2585,0, 420, False, 1
2586,0, 420, False, 0
2587,0, 420, False, 0
2588,0, 420, False, 0
2589,0, 420, False, 1
2590,0, 420, False, 1
2591,0, 420, False, 1
2592,0, 420, False, 1
2593,0, 420, False, 1
2594,0, 420, False, 1
2595,0, 420, False, 1
2596,0, 420, False, 0
2597,0, 420, False, 0
2598,0, 420, False, 1
2599,0, 420, False, 1
2600,0, 420, False, 1
2601,0, 420, False, 1
2602,0, 420, False, 1
2603,0, 420, False, 0
2604,0, 420, False, 0
2605,0, 420, False, 0
2606,0, 420, False, 0
2607,0, 420, False, 0
2608,0, 420, False, 1
2609,0, 420, False, 1
2610,0, 420, False, 1
2611,0, 420, False, 1
2612,0, 420, False, 0
2613,0, 420, False, 0
2614,0, 420, False, 0
2615,25, 445, False, 0
2616,0, 445, False, 1
2617,0, 445, False, 1
2618,0, 445, False, 1
2619,0, 445, False, 1
2620,0, 445, False, 0
2621,0, 445, False, 0
2622,0, 445, False, 0
2623,0, 445, False, 0
2624,0, 445, False, 0
2625,0, 445, False, 1
2626,0, 445, False, 1
2627,0, 445, False, 1
2628,0, 445, False, 1
2629,0, 445, False, 1
2630,0, 445, False, 1
2631,0, 445, False, 0
2632,0, 445, False, 0
2633,0, 445, False, 1
2634,0, 445, False, 1
2635,0, 445, False, 1
2636,0, 445, False, 1
2637,0, 445, False, 1
2638,0, 445, False, 1
2639,0, 445, False, 1
2640,0, 445, False, 0
2641,0, 445, False, 0
2642,0, 445, False, 0
2643,0, 445, False, 0
2644,0, 445, False, 0
2645,0, 445, False, 0
2646,0, 445, False, 0
2647,0, 445, False, 0
2648,0, 445, False, 0
2649,0, 445, False, 0
2650,0, 445, False, 4
2651,0, 445, False, 4
2652,0, 445, False, 4
2653,0, 445, False, 4
2654,0, 445, False, 4
2655,0, 445, False, 4
2656,0, 445, False, 4
2657,0, 445, False, 4
2658,0, 445, False, 4
2659,0, 445, False, 4
2660,0, 445, False, 4
2661,0, 445, False, 4
2662,0, 445, False, 4
2663,0, 445, False, 4
2664,0, 445, False, 4
2665,0, 445, False, 4
2666,0, 445, False, 4
2667,0, 445, False, 4
2668,0, 445, False, 0
2669,0, 445, False, 0
2670,0, 445, False, 0
2671,0, 445, False, 0
2672,0, 445, False, 0
2673,0, 445, False, 0
2674,0, 445, False, 0
2675,0, 445, False, 0
2676,0, 445, False, 0
2677,0, 445, False, 0
2678,0, 445, False, 0
2679,0, 445, False, 0
2680,0, 445, False, 0
2681,0, 445, False, 0
2682,0, 445, False, 0
2683,0, 445, False, 0
2684,0, 445, False, 0
2685,0, 445, False, 0
2686,0, 445, False, 0
2687,0, 445, False, 0
2688,0, 445, False, 0
2689,0, 445, False, 0
2690,0, 445, False, 0
2691,0, 445, False, 0
2692,0, 445, False, 0
2693,0, 445, False, 0
2694,0, 445, False, 3
2695,0, 445, False, 3
2696,0, 445, False, 3
2697,0, 445, False, 3
2698,0, 445, False, 3
2699,0, 445, False, 3
2700,0, 445, False, 3
2701,0, 445, False, 3
2702,0, 445, False, 3
2703,0, 445, False, 3
2704,0, 445, False, 3
2705,0, 445, False, 3
2706,0, 445, False, 3
2707,0, 445, False, 3
2708,0, 445, False, 3
2709,0, 445, False, 3
2710,0, 445, False, 3
2711,0, 445, False, 3
2712,0, 445, False, 3
2713,0, 445, False, 3
2714,0, 445, False, 3
2715,0, 445, False, 3
2716,0, 445, False, 3
2717,0, 445, False, 3
2718,0, 445, False, 3
2719,0, 445, False, 3
2720,0, 445, False, 3
2721,0, 445, False, 3
2722,0, 445, False, 3
2723,0, 445, False, 3
2724,0, 445, False, 3
2725,0, 445, False, 3
2726,0, 445, False, 1
2727,0, 445, False, 1
2728,0, 445, False, 1
2729,0, 445, False, 1
2730,0, 445, False, 1
2731,0, 445, False, 1
2732,0, 445, False, 0
2733,0, 445, False, 0
2734,0, 445, False, 0
2735,0, 445, False, 0
2736,0, 445, False, 0
2737,0, 445, False, 0
2738,0, 445, False, 0
2739,0, 445, False, 0
2740,0, 445, False, 0
2741,0, 445, False, 0
2742,0, 445, False, 0
2743,0, 445, False, 0
2744,0, 445, False, 0
2745,0, 445, False, 0
2746,0, 445, False, 0
2747,0, 445, False, 0
2748,0, 445, False, 0
2749,0, 445, False, 0
2750,0, 445, False, 0
2751,0, 445, False, 0
2752,0, 445, False, 0
2753,0, 445, False, 0
2754,0, 445, False, 0
2755,0, 445, False, 0
2756,0, 445, False, 0
2757,0, 445, False, 0
2758,0, 445, False, 0
2759,0, 445, False, 0
2760,0, 445, False, 0
2761,0, 445, False, 0
2762,0, 445, False, 0
2763,0, 445, False, 0
2764,0, 445, False, 0
2765,30, 475, False, 0
2766,0, 475, False, 0
2767,0, 475, False, 3
2768,0, 475, False, 3
2769,0, 475, False, 3
2770,0, 475, False, 3
2771,0, 475, False, 3
2772,0, 475, False, 3
2773,0, 475, False, 3
2774,0, 475, False, 3
2775,0, 475, False, 3
2776,0, 475, False, 3
2777,0, 475, False, 3
2778,0, 475, False, 3
2779,0, 475, False, 3
2780,0, 475, False, 3
2781,0, 475, False, 3
2782,0, 475, False, 3
2783,0, 475, False, 3
2784,0, 475, False, 3
2785,0, 475, False, 3
2786,0, 475, False, 3
2787,0, 475, False, 3
2788,0, 475, False, 3
2789,0, 475, False, 3
2790,0, 475, False, 3
2791,0, 475, False, 3
2792,0, 475, False, 3
2793,0, 475, False, 3
2794,0, 475, False, 3
2795,0, 475, False, 3
2796,0, 475, False, 3
2797,0, 475, False, 3
2798,0, 475, False, 3
2799,0, 475, False, 3
2800,0, 475, False, 3
2801,0, 475, False, 3
2802,0, 475, False, 3
2803,0, 475, False, 3
2804,0, 475, False, 3
2805,0, 475, False, 3
2806,0, 475, False, 3
2807,0, 475, False, 3
2808,0, 475, False, 3
2809,0, 475, False, 3
2810,0, 475, False, 3
2811,0, 475, False, 3
2812,0, 475, False, 3
2813,0, 475, False, 3
2814,0, 475, False, 3
2815,0, 475, False, 3
2816,0, 475, False, 3
2817,0, 475, False, 3
2818,0, 475, False, 3
2819,0, 475, False, 0
2820,0, 475, False, 0
2821,0, 475, False, 0
2822,0, 475, False, 0
2823,0, 475, False, 0
2824,0, 475, False, 0
2825,0, 475, False, 0
2826,0, 475, False, 0
2827,0, 475, False, 0
2828,0, 475, False, 0
2829,0, 475, False, 0
2830,0, 475, False, 0
2831,0, 475, False, 0
2832,0, 475, False, 0
2833,0, 475, False, 0
2834,0, 475, False, 0
2835,0, 475, False, 0
2836,0, 475, False, 0
2837,0, 475, False, 0
2838,0, 475, False, 0
2839,0, 475, False, 0
2840,0, 475, False, 0
2841,0, 475, False, 0
2842,0, 475, False, 0
2843,0, 475, False, 0
2844,0, 475, False, 0
2845,0, 475, False, 0
2846,0, 475, False, 0
2847,0, 475, False, 0
2848,0, 475, False, 0
2849,0, 475, False, 0
2850,0, 475, False, 0
2851,0, 475, False, 0
2852,0, 475, False, 0
2853,0, 475, False, 0
2854,0, 475, False, 0
2855,0, 475, False, 0
2856,0, 475, False, 0
2857,0, 475, False, 0
2858,0, 475, False, 0
2859,0, 475, False, 0
2860,0, 475, False, 0
2861,0, 475, False, 0
2862,0, 475, False, 0
2863,0, 475, False, 0
2864,0, 475, False, 0
2865,0, 475, False, 0
2866,0, 475, False, 0
2867,0, 475, False, 0
2868,0, 475, False, 0
2869,0, 475, False, 0
2870,0, 475, False, 0
2871,0, 475, False, 0
2872,0, 475, False, 0
2873,0, 475, False, 0
2874,0, 475, False, 0
2875,0, 475, False, 0
2876,0, 475, False, 0
2877,0, 475, False, 0
2878,0, 475, False, 0
2879,0, 475, False, 0
2880,0, 475, False, 0
2881,0, 475, False, 0
2882,0, 475, False, 0
2883,0, 475, False, 0
2884,0, 475, False, 0
2885,0, 475, False, 0
2886,0, 475, False, 0
2887,0, 475, False, 0
2888,0, 475, False, 0
2889,0, 475, False, 0
2890,0, 475, False, 0
2891,0, 475, False, 0
2892,0, 475, False, 0
2893,0, 475, False, 0
2894,0, 475, False, 0
2895,0, 475, False, 0
2896,0, 475, False, 0
2897,0, 475, False, 1
2898,0, 475, False, 1
2899,0, 475, False, 1
2900,0, 475, False, 1
2901,0, 475, False, 1
2902,0, 475, False, 1
2903,0, 475, False, 1
2904,0, 475, False, 0
2905,0, 475, False, 0
2906,0, 475, False, 0
2907,0, 475, False, 0
2908,0, 475, False, 0
2909,0, 475, False, 0
2910,0, 475, False, 1
2911,0, 475, False, 1
2912,0, 475, False, 1
2913,0, 475, False, 1
2914,0, 475, False, 1
2915,0, 475, False, 1
2916,0, 475, False, 1
2917,0, 475, False, 0
2918,0, 475, False, 0
2919,0, 475, False, 0
2920,0, 475, False, 0
2921,0, 475, False, 0
2922,0, 475, False, 0
2923,25, 500, False, 0
2924,0, 500, False, 0
2925,0, 500, False, 0
2926,0, 500, False, 0
2927,0, 500, False, 0
2928,0, 500, False, 0
2929,0, 500, False, 0
2930,0, 500, False, 0
2931,0, 500, False, 0
2932,0, 500, False, 1
2933,0, 500, False, 1
2934,0, 500, False, 1
2935,0, 500, False, 1
2936,0, 500, False, 0
2937,0, 500, False, 0
2938,0, 500, False, 0
2939,0, 500, False, 0
2940,0, 500, False, 1
2941,0, 500, False, 1
2942,0, 500, False, 1
2943,0, 500, False, 1
2944,0, 500, False, 1
2945,0, 500, False, 1
2946,0, 500, False, 1
2947,0, 500, False, 0
2948,0, 500, False, 0
2949,0, 500, False, 0
2950,0, 500, False, 0
2951,0, 500, False, 0
2952,0, 500, False, 0
2953,0, 500, False, 0
2954,0, 500, False, 0
2955,0, 500, False, 0
2956,0, 500, False, 0
2957,0, 500, False, 0
2958,0, 500, False, 0
2959,0, 500, False, 0
2960,0, 500, False, 0
2961,0, 500, False, 0
2962,0, 500, False, 0
2963,0, 500, False, 0
2964,0, 500, False, 0
2965,0, 500, False, 0
2966,0, 500, False, 4
2967,0, 500, False, 4
2968,0, 500, False, 4
2969,0, 500, False, 4
2970,0, 500, False, 4
2971,0, 500, False, 4
2972,0, 500, False, 4
2973,0, 500, False, 4
2974,0, 500, False, 4
2975,0, 500, False, 4
2976,0, 500, False, 4
2977,0, 500, False, 4
2978,0, 500, False, 4
2979,0, 500, False, 4
2980,0, 500, False, 4
2981,0, 500, False, 4
2982,0, 500, False, 4
2983,0, 500, False, 4
2984,0, 500, False, 4
2985,0, 500, False, 4
2986,0, 500, False, 4
2987,0, 500, False, 4
2988,0, 500, False, 0
2989,0, 500, False, 0
2990,0, 500, False, 0
2991,0, 500, False, 0
2992,0, 500, False, 0
2993,0, 500, False, 0
2994,0, 500, False, 0
2995,0, 500, False, 0
2996,0, 500, False, 0
2997,0, 500, False, 0
2998,0, 500, False, 3
2999,0, 500, False, 3
3000,0, 500, False, 3
3001,0, 500, False, 3
3002,0, 500, False, 3
3003,0, 500, False, 3
3004,0, 500, False, 3
3005,0, 500, False, 3
3006,0, 500, False, 3
3007,0, 500, False, 3
3008,0, 500, False, 3
3009,0, 500, False, 3
3010,0, 500, False, 3
3011,0, 500, False, 3
3012,0, 500, False, 3
3013,0, 500, False, 3
3014,0, 500, False, 3
3015,0, 500, False, 3
3016,0, 500, False, 3
3017,0, 500, False, 3
3018,0, 500, False, 3
3019,0, 500, False, 3
3020,0, 500, False, 3
3021,0, 500, False, 3
3022,0, 500, False, 3
3023,0, 500, False, 3
3024,0, 500, False, 3
3025,0, 500, False, 3
3026,0, 500, False, 3
3027,0, 500, False, 3
3028,0, 500, False, 3
3029,0, 500, False, 3
3030,0, 500, False, 3
3031,0, 500, False, 3
3032,0, 500, False, 0
3033,0, 500, False, 0
3034,0, 500, False, 0
3035,0, 500, False, 0
3036,0, 500, False, 0
3037,0, 500, False, 4
3038,0, 500, False, 4
3039,0, 500, False, 4
3040,0, 500, False, 4
3041,0, 500, False, 4
3042,0, 500, False, 4
3043,0, 500, False, 4
3044,0, 500, False, 4
3045,0, 500, False, 4
3046,0, 500, False, 4
3047,0, 500, False, 4
3048,0, 500, False, 4
3049,0, 500, False, 4
3050,0, 500, False, 4
3051,0, 500, False, 4
3052,0, 500, False, 4
3053,0, 500, False, 4
3054,0, 500, False, 4
3055,0, 500, False, 4
3056,0, 500, False, 4
3057,0, 500, False, 4
3058,0, 500, False, 4
3059,0, 500, False, 4
3060,0, 500, False, 4
3061,0, 500, False, 4
3062,0, 500, False, 4
3063,0, 500, False, 4
3064,0, 500, False, 4
3065,0, 500, False, 0
3066,0, 500, False, 0
3067,0, 500, False, 0
3068,0, 500, False, 0
3069,0, 500, False, 0
3070,0, 500, False, 0
3071,0, 500, False, 0
3072,0, 500, False, 0
3073,0, 500, False, 0
3074,0, 500, False, 0
3075,0, 500, False, 0
3076,0, 500, False, 0
3077,0, 500, False, 0
3078,0, 500, False, 0
3079,0, 500, False, 0
3080,0, 500, False, 0
3081,0, 500, False, 0
3082,0, 500, False, 0
3083,0, 500, False, 0
3084,0, 500, False, 0
3085,0, 500, False, 0
3086,0, 500, False, 0
3087,0, 500, False, 0
3088,0, 500, False, 0
3089,0, 500, False, 0
3090,0, 500, False, 0
3091,0, 500, False, 0
3092,0, 500, False, 0
3093,0, 500, False, 0
3094,0, 500, False, 0
3095,0, 500, False, 0
3096,0, 500, False, 0
3097,0, 500, False, 0
3098,0, 500, False, 0
3099,0, 500, False, 0
3100,0, 500, False, 0
3101,0, 500, False, 0
3102,0, 500, False, 0
3103,0, 500, False, 0
3104,0, 500, False, 0
3105,0, 500, False, 0
3106,0, 500, False, 0
3107,0, 500, False, 0
3108,0, 500, False, 0
3109,0, 500, False, 0
3110,0, 500, False, 0
3111,0, 500, False, 0
3112,0, 500, False, 0
3113,0, 500, False, 0
3114,0, 500, False, 0
3115,0, 500, False, 0
3116,0, 500, False, 0
3117,0, 500, False, 0
3118,0, 500, False, 0
3119,0, 500, False, 0
3120,0, 500, False, 0
3121,0, 500, False, 0
3122,0, 500, False, 0
3123,0, 500, False, 0
3124,0, 500, False, 0
3125,0, 500, False, 0
3126,0, 500, False, 0
3127,0, 500, False, 0
3128,0, 500, False, 0
3129,0, 500, False, 0
3130,0, 500, False, 0
3131,0, 500, False, 0
3132,0, 500, False, 0
3133,0, 500, False, 0
3134,0, 500, False, 0
3135,0, 500, False, 0
3136,0, 500, False, 0
3137,0, 500, False, 0
3138,0, 500, False, 0
3139,0, 500, False, 0
3140,0, 500, False, 0
3141,0, 500, False, 0
3142,0, 500, False, 0
3143,0, 500, False, 0
3144,0, 500, False, 0
3145,0, 500, False, 0
3146,0, 500, False, 0
3147,0, 500, False, 0
3148,0, 500, False, 0
3149,0, 500, False, 0
3150,0, 500, False, 0
3151,0, 500, False, 0
3152,0, 500, False, 0
3153,0, 500, False, 0
3154,0, 500, False, 0
3155,0, 500, False, 0
3156,0, 500, False, 0
3157,0, 500, False, 0
3158,0, 500, False, 0
3159,0, 500, False, 0
3160,0, 500, False, 0
3161,0, 500, False, 0
3162,0, 500, False, 0
3163,0, 500, False, 0
3164,0, 500, False, 0
3165,0, 500, False, 0
3166,0, 500, False, 0
3167,0, 500, False, 0
3168,0, 500, False, 0
3169,0, 500, False, 0
3170,0, 500, False, 0
3171,0, 500, False, 0
3172,0, 500, False, 0
3173,0, 500, False, 0
3174,0, 500, False, 0
3175,0, 500, False, 0
3176,0, 500, False, 0
3177,0, 500, False, 0
3178,0, 500, False, 0
3179,0, 500, False, 0
3180,0, 500, False, 0
3181,0, 500, False, 0
3182,0, 500, False, 0
3183,0, 500, False, 0
3184,0, 500, False, 0
3185,0, 500, False, 0
3186,0, 500, False, 0
3187,0, 500, False, 0
3188,0, 500, False, 0
3189,0, 500, False, 0
3190,0, 500, False, 0
3191,0, 500, False, 0
3192,0, 500, False, 0
3193,0, 500, False, 0
3194,0, 500, False, 0
3195,0, 500, False, 0
3196,0, 500, False, 0
3197,0, 500, False, 0
3198,0, 500, False, 0
3199,0, 500, False, 0
3200,0, 500, False, 0
3201,0, 500, False, 0
3202,0, 500, False, 0
3203,0, 500, False, 0
3204,0, 500, False, 0
3205,0, 500, False, 0
3206,0, 500, False, 0
3207,0, 500, False, 0
3208,0, 500, False, 0
3209,0, 500, False, 0
3210,0, 500, False, 0
3211,0, 500, False, 0
3212,0, 500, False, 0
3213,0, 500, False, 0
3214,0, 500, False, 0
3215,0, 500, False, 0
3216,0, 500, False, 0
3217,0, 500, False, 0
3218,0, 500, False, 0
3219,0, 500, False, 0
3220,0, 500, False, 0
3221,0, 500, False, 0
3222,0, 500, False, 0
3223,0, 500, False, 0
3224,0, 500, False, 0
3225,0, 500, False, 0
3226,0, 500, False, 0
3227,0, 500, False, 0
3228,0, 500, False, 0
3229,0, 500, False, 3
3230,0, 500, False, 3
3231,0, 500, False, 3
3232,0, 500, False, 3
3233,0, 500, False, 3
3234,0, 500, False, 3
3235,0, 500, False, 3
3236,0, 500, False, 3
3237,0, 500, False, 3
3238,0, 500, False, 3
3239,0, 500, False, 3
3240,0, 500, False, 3
3241,0, 500, False, 3
3242,0, 500, False, 3
3243,0, 500, False, 3
3244,0, 500, False, 3
3245,0, 500, False, 3
3246,0, 500, False, 3
3247,0, 500, False, 3
3248,0, 500, False, 3
3249,0, 500, False, 3
3250,0, 500, False, 3
3251,0, 500, False, 3
3252,0, 500, False, 3
3253,0, 500, False, 3
3254,0, 500, False, 3
3255,0, 500, False, 3
3256,0, 500, False, 3
3257,0, 500, False, 3
3258,0, 500, False, 3
3259,0, 500, False, 3
3260,0, 500, False, 3
3261,0, 500, False, 3
3262,0, 500, False, 3
3263,0, 500, False, 3
3264,0, 500, False, 3
3265,0, 500, False, 3
3266,0, 500, False, 3
3267,0, 500, False, 3
3268,0, 500, False, 3
3269,0, 500, False, 3
3270,0, 500, False, 3
3271,0, 500, False, 3
3272,0, 500, False, 3
3273,0, 500, False, 3
3274,0, 500, False, 3
3275,0, 500, False, 3
3276,0, 500, False, 3
3277,0, 500, False, 3
3278,0, 500, False, 3
3279,0, 500, False, 0
3280,0, 500, False, 0
3281,0, 500, False, 0
3282,0, 500, False, 0
3283,0, 500, False, 0
3284,0, 500, False, 0
3285,0, 500, False, 0
3286,0, 500, False, 0
3287,0, 500, False, 0
3288,0, 500, False, 0
3289,0, 500, False, 0
3290,0, 500, False, 0
3291,0, 500, False, 0
3292,0, 500, False, 0
3293,0, 500, False, 0
3294,0, 500, False, 0
3295,0, 500, False, 0
3296,0, 500, False, 0
3297,0, 500, False, 0
3298,0, 500, False, 0
3299,0, 500, False, 0
3300,0, 500, False, 0
3301,0, 500, False, 0
3302,0, 500, False, 0
3303,0, 500, False, 0
3304,0, 500, False, 0
3305,0, 500, False, 0
3306,0, 500, False, 0
3307,0, 500, False, 0
3308,0, 500, False, 0
3309,0, 500, False, 0
3310,0, 500, False, 0
3311,0, 500, False, 0
3312,0, 500, False, 0
3313,0, 500, False, 0
3314,0, 500, False, 0
3315,0, 500, False, 0
3316,0, 500, False, 0
3317,0, 500, False, 0
3318,0, 500, False, 0
3319,0, 500, False, 0
3320,0, 500, False, 0
3321,0, 500, False, 0
3322,0, 500, False, 0
3323,0, 500, False, 0
3324,0, 500, False, 0
3325,0, 500, False, 0
3326,0, 500, False, 0
3327,0, 500, False, 0
3328,0, 500, False, 0
3329,0, 500, False, 0
3330,0, 500, False, 0
3331,0, 500, False, 0
3332,0, 500, False, 0
3333,0, 500, False, 0
3334,0, 500, False, 0
3335,0, 500, False, 0
3336,0, 500, False, 0
3337,0, 500, False, 4
3338,0, 500, False, 4
3339,0, 500, False, 4
3340,0, 500, False, 4
3341,0, 500, False, 4
3342,0, 500, False, 4
3343,0, 500, False, 4
3344,0, 500, False, 4
3345,0, 500, False, 4
3346,0, 500, False, 4
3347,0, 500, False, 0
3348,0, 500, False, 0
3349,0, 500, False, 0
3350,0, 500, False, 0
3351,0, 500, False, 0
3352,0, 500, False, 0
3353,0, 500, False, 0
3354,0, 500, False, 0
3355,0, 500, False, 0
3356,0, 500, False, 0
3357,0, 500, False, 0
3358,0, 500, False, 3
3359,0, 500, False, 3
3360,0, 500, False, 3
3361,0, 500, False, 3
3362,0, 500, False, 3
3363,0, 500, False, 3
3364,0, 500, False, 3
3365,0, 500, False, 3
3366,0, 500, False, 3
3367,0, 500, False, 3
3368,0, 500, False, 3
3369,0, 500, False, 3
3370,0, 500, False, 3
3371,0, 500, False, 3
3372,0, 500, False, 3
3373,0, 500, False, 3
3374,0, 500, False, 3
3375,0, 500, False, 3
3376,0, 500, False, 3
3377,0, 500, False, 3
3378,0, 500, False, 3
3379,0, 500, False, 3
3380,0, 500, False, 3
3381,0, 500, False, 3
3382,0, 500, False, 3
3383,0, 500, False, 3
3384,0, 500, False, 3
3385,0, 500, False, 3
3386,0, 500, False, 3
3387,0, 500, False, 3
3388,0, 500, False, 3
3389,0, 500, False, 3
3390,0, 500, False, 3
3391,0, 500, False, 3
3392,0, 500, False, 3
3393,0, 500, False, 3
3394,0, 500, False, 3
3395,0, 500, False, 3
3396,0, 500, False, 3
3397,0, 500, False, 3
3398,0, 500, False, 3
3399,0, 500, False, 3
3400,0, 500, False, 3
3401,0, 500, False, 3
3402,0, 500, False, 3
3403,0, 500, False, 3
3404,0, 500, False, 3
3405,0, 500, False, 3
3406,0, 500, False, 3
3407,0, 500, False, 3
3408,0, 500, False, 3
3409,0, 500, False, 3
3410,0, 500, False, 3
3411,0, 500, False, 3
3412,0, 500, False, 3
3413,0, 500, False, 3
3414,0, 500, False, 3
3415,0, 500, False, 3
3416,0, 500, False, 3
3417,0, 500, False, 3
3418,0, 500, False, 3
3419,0, 500, False, 3
3420,0, 500, False, 3
3421,0, 500, False, 3
3422,0, 500, False, 3
3423,0, 500, False, 3
3424,0, 500, False, 3
3425,0, 500, False, 3
3426,0, 500, False, 3
3427,0, 500, False, 3
3428,0, 500, False, 3
3429,0, 500, False, 0
3430,0, 500, False, 0
3431,0, 500, False, 0
3432,0, 500, False, 1
3433,0, 500, False, 1
3434,0, 500, False, 1
3435,0, 500, False, 1
3436,0, 500, False, 1
3437,0, 500, False, 1
3438,0, 500, False, 1
3439,0, 500, False, 0
3440,0, 500, False, 0
3441,0, 500, False, 0
3442,0, 500, False, 0
3443,0, 500, False, 0
3444,0, 500, False, 0
3445,0, 500, False, 0
3446,0, 500, False, 0
3447,0, 500, False, 0
3448,0, 500, False, 0
3449,0, 500, False, 0
3450,0, 500, False, 0
3451,0, 500, False, 0
3452,0, 500, False, 0
3453,0, 500, False, 0
3454,0, 500, False, 0
3455,0, 500, False, 0
3456,0, 500, False, 0
3457,0, 500, False, 0
3458,0, 500, False, 0
3459,30, 530, False, 0
3460,0, 530, False, 0
3461,0, 530, False, 0
3462,0, 530, False, 3
3463,0, 530, False, 3
3464,0, 530, False, 3
3465,0, 530, False, 3
3466,0, 530, False, 3
3467,0, 530, False, 3
3468,0, 530, False, 3
3469,0, 530, False, 3
3470,0, 530, False, 3
3471,0, 530, False, 3
3472,0, 530, False, 3
3473,0, 530, False, 3
3474,0, 530, False, 3
3475,0, 530, False, 3
3476,0, 530, False, 3
3477,0, 530, False, 3
3478,0, 530, False, 3
3479,0, 530, False, 3
3480,0, 530, False, 3
3481,0, 530, False, 3
3482,0, 530, False, 3
3483,0, 530, False, 3
3484,0, 530, False, 3
3485,0, 530, False, 3
3486,0, 530, False, 3
3487,0, 530, False, 3
3488,0, 530, False, 3
3489,0, 530, False, 3
3490,0, 530, False, 1
3491,0, 530, False, 1
3492,0, 530, False, 1
3493,0, 530, False, 1
3494,0, 530, False, 1
3495,0, 530, False, 1
3496,0, 530, False, 0
3497,0, 530, False, 0
3498,0, 530, False, 0
3499,0, 530, False, 0
3500,0, 530, False, 0
3501,0, 530, False, 1
3502,0, 530, False, 1
3503,0, 530, False, 1
3504,0, 530, False, 1
3505,0, 530, False, 1
3506,0, 530, False, 1
3507,0, 530, False, 1
3508,0, 530, False, 0
3509,0, 530, False, 0
3510,0, 530, False, 0
3511,0, 530, False, 0
3512,0, 530, False, 0
3513,0, 530, False, 1
3514,0, 530, False, 1
3515,0, 530, False, 1
3516,0, 530, False, 1
3517,0, 530, False, 1
3518,0, 530, False, 1
3519,0, 530, False, 0
3520,0, 530, False, 0
3521,0, 530, False, 0
3522,0, 530, False, 0
3523,0, 530, False, 0
3524,0, 530, False, 0
3525,0, 530, False, 0
3526,0, 530, False, 0
3527,0, 530, False, 4
3528,0, 530, False, 4
3529,0, 530, False, 4
3530,0, 530, False, 4
3531,0, 530, False, 4
3532,0, 530, False, 4
3533,0, 530, False, 4
3534,0, 530, False, 4
3535,0, 530, False, 4
3536,0, 530, False, 4
3537,0, 530, False, 4
3538,0, 530, False, 4
3539,0, 530, False, 4
3540,0, 530, False, 4
3541,0, 530, False, 4
3542,0, 530, False, 4
3543,0, 530, False, 4
3544,0, 530, False, 4
3545,0, 530, False, 4
3546,0, 530, False, 4
3547,0, 530, False, 4
3548,0, 530, False, 4
3549,0, 530, False, 4
3550,0, 530, False, 4
3551,0, 530, False, 4
3552,0, 530, False, 4
3553,0, 530, False, 4
3554,0, 530, False, 4
3555,0, 530, False, 4
3556,0, 530, False, 0
3557,0, 530, False, 0
3558,0, 530, False, 0
3559,0, 530, False, 0
3560,0, 530, False, 0
3561,0, 530, False, 0
3562,0, 530, False, 0
3563,0, 530, False, 0
3564,0, 530, False, 0
3565,0, 530, False, 0
3566,0, 530, False, 0
3567,0, 530, False, 0
3568,0, 530, False, 0
3569,0, 530, False, 0
3570,0, 530, False, 0
3571,0, 530, False, 0
3572,0, 530, False, 0
3573,0, 530, False, 0
3574,0, 530, False, 0
3575,0, 530, False, 0
3576,0, 530, False, 0
3577,0, 530, False, 0
3578,0, 530, False, 0
3579,0, 530, False, 0
3580,0, 530, False, 0
3581,0, 530, False, 0
3582,0, 530, False, 0
3583,0, 530, False, 0
3584,0, 530, False, 0
3585,0, 530, False, 0
3586,0, 530, False, 0
3587,0, 530, False, 0
3588,0, 530, False, 0
3589,0, 530, False, 0
3590,0, 530, False, 0
3591,0, 530, False, 0
3592,0, 530, False, 0
3593,0, 530, False, 0
3594,0, 530, False, 0
3595,0, 530, False, 0
3596,0, 530, False, 0
3597,0, 530, False, 0
3598,0, 530, False, 0
3599,0, 530, False, 0
3600,0, 530, False, 0
3601,0, 530, False, 0
3602,0, 530, False, 0
3603,0, 530, False, 0
3604,0, 530, False, 0
3605,0, 530, False, 0
3606,0, 530, False, 0
3607,0, 530, False, 0
3608,0, 530, False, 0
3609,0, 530, False, 0
3610,0, 530, False, 0
3611,0, 530, False, 0
3612,0, 530, False, 0
3613,0, 530, False, 0
3614,0, 530, False, 0
3615,0, 530, False, 0
3616,0, 530, False, 0
3617,0, 530, False, 0
3618,0, 530, False, 0
3619,0, 530, False, 0
3620,0, 530, False, 0
3621,0, 530, False, 0
3622,0, 530, False, 0
3623,0, 530, False, 0
3624,0, 530, False, 0
3625,0, 530, False, 0
3626,0, 530, False, 0
3627,0, 530, False, 0
3628,0, 530, False, 0
3629,0, 530, False, 0
3630,0, 530, False, 0
3631,0, 530, False, 0
3632,0, 530, False, 0
3633,0, 530, False, 0
3634,0, 530, False, 0
3635,0, 530, False, 0
3636,0, 530, False, 0
3637,0, 530, False, 0
3638,0, 530, False, 0
3639,0, 530, False, 0
3640,0, 530, False, 0
3641,0, 530, False, 0
3642,0, 530, False, 0
3643,0, 530, False, 0
3644,0, 530, False, 0
3645,0, 530, False, 0
3646,0, 530, False, 0
3647,0, 530, False, 0
3648,0, 530, False, 0
3649,0, 530, False, 0
3650,0, 530, False, 0
3651,0, 530, False, 0
3652,0, 530, False, 0
3653,0, 530, False, 0
3654,0, 530, False, 0
3655,0, 530, False, 0
3656,0, 530, False, 0
3657,0, 530, False, 0
3658,0, 530, False, 0
3659,0, 530, False, 0
3660,0, 530, False, 0
3661,0, 530, False, 0
3662,0, 530, False, 0
3663,0, 530, False, 0
3664,0, 530, False, 0
3665,0, 530, False, 0
3666,0, 530, False, 0
3667,0, 530, False, 0
3668,0, 530, False, 4
3669,0, 530, False, 4
3670,0, 530, False, 4
3671,0, 530, False, 4
3672,0, 530, False, 4
3673,0, 530, False, 4
3674,0, 530, False, 4
3675,0, 530, False, 4
3676,0, 530, False, 4
3677,0, 530, False, 4
3678,0, 530, False, 4
3679,0, 530, False, 4
3680,0, 530, False, 4
3681,0, 530, False, 4
3682,0, 530, False, 4
3683,0, 530, False, 4
3684,0, 530, False, 4
3685,0, 530, False, 4
3686,0, 530, False, 4
3687,0, 530, False, 4
3688,0, 530, False, 4
3689,0, 530, False, 4
3690,0, 530, False, 4
3691,0, 530, False, 0
3692,0, 530, False, 0
3693,0, 530, False, 0
3694,0, 530, False, 0
3695,0, 530, False, 0
3696,0, 530, False, 0
3697,0, 530, False, 0
3698,0, 530, False, 0
3699,0, 530, False, 0
3700,0, 530, False, 0
3701,0, 530, False, 0
3702,0, 530, False, 0
3703,0, 530, False, 0
3704,0, 530, False, 0
3705,0, 530, False, 0
3706,0, 530, False, 0
3707,0, 530, False, 0
3708,0, 530, False, 1
3709,0, 530, False, 1
3710,0, 530, False, 1
3711,0, 530, False, 1
3712,0, 530, False, 1
3713,0, 530, False, 1
3714,0, 530, False, 1
3715,0, 530, False, 1
3716,0, 530, False, 0
3717,0, 530, False, 0
3718,0, 530, False, 1
3719,20, 550, False, 1
3720,0, 550, False, 1
3721,0, 550, False, 1
3722,0, 550, False, 1
3723,0, 550, False, 0
3724,0, 550, False, 0
3725,0, 550, False, 0
3726,0, 550, False, 0
3727,0, 550, False, 1
3728,0, 550, False, 1
3729,0, 550, False, 1
3730,0, 550, False, 1
3731,0, 550, False, 0
3732,0, 550, False, 0
3733,0, 550, False, 0
3734,0, 550, False, 0
3735,0, 550, False, 1
3736,0, 550, False, 1
3737,0, 550, False, 1
3738,0, 550, False, 1
3739,0, 550, False, 1
3740,0, 550, False, 1
3741,0, 550, False, 1
3742,0, 550, False, 0
3743,0, 550, False, 0
3744,0, 550, False, 0
3745,0, 550, False, 0
3746,0, 550, False, 0
3747,0, 550, False, 0
3748,0, 550, False, 0
3749,0, 550, False, 0
3750,0, 550, False, 0
3751,0, 550, False, 0
3752,0, 550, False, 0
3753,0, 550, False, 0
3754,0, 550, False, 0
3755,0, 550, False, 0
3756,0, 550, False, 0
3757,0, 550, False, 0
3758,0, 550, False, 0
3759,0, 550, False, 0
3760,0, 550, False, 0
3761,0, 550, False, 0
3762,0, 550, False, 0
3763,0, 550, False, 3
3764,0, 550, False, 3
3765,0, 550, False, 3
3766,0, 550, False, 3
3767,0, 550, False, 3
3768,0, 550, False, 3
3769,0, 550, False, 3
3770,0, 550, False, 3
3771,0, 550, False, 3
3772,0, 550, False, 3
3773,0, 550, False, 3
3774,0, 550, False, 3
3775,0, 550, False, 3
3776,0, 550, False, 3
3777,0, 550, False, 3
3778,0, 550, False, 3
3779,0, 550, False, 3
3780,0, 550, False, 3
3781,0, 550, False, 0
3782,0, 550, False, 0
3783,0, 550, False, 0
3784,0, 550, False, 0
3785,0, 550, False, 0
3786,0, 550, False, 0
3787,0, 550, False, 0
3788,0, 550, False, 0
3789,0, 550, False, 0
3790,0, 550, False, 0
3791,0, 550, False, 0
3792,0, 550, False, 0
3793,0, 550, False, 0
3794,0, 550, False, 0
3795,0, 550, False, 0
3796,0, 550, False, 0
3797,0, 550, False, 0
3798,0, 550, False, 0
3799,0, 550, False, 0
3800,0, 550, False, 0
3801,0, 550, False, 0
3802,0, 550, False, 0
3803,0, 550, False, 0
3804,0, 550, False, 0
3805,0, 550, False, 0
3806,0, 550, False, 0
3807,0, 550, False, 0
3808,0, 550, False, 0
3809,0, 550, False, 0
3810,0, 550, False, 0
3811,0, 550, False, 0
3812,0, 550, False, 0
3813,0, 550, False, 0
3814,0, 550, False, 0
3815,0, 550, False, 0
3816,0, 550, False, 0
3817,0, 550, False, 0
3818,0, 550, False, 0
3819,0, 550, False, 0
3820,0, 550, False, 0
3821,0, 550, False, 0
3822,0, 550, False, 0
3823,0, 550, False, 0
3824,0, 550, False, 0
3825,0, 550, False, 0
3826,0, 550, False, 0
3827,0, 550, False, 0
3828,0, 550, False, 0
3829,0, 550, False, 0
3830,0, 550, False, 0
3831,0, 550, False, 0
3832,0, 550, False, 0
3833,0, 550, False, 0
3834,0, 550, False, 0
3835,0, 550, False, 0
3836,0, 550, False, 0
3837,0, 550, False, 0
3838,0, 550, False, 0
3839,0, 550, False, 0
3840,0, 550, False, 0
3841,0, 550, False, 0
3842,0, 550, False, 0
3843,0, 550, False, 0
3844,0, 550, False, 0
3845,0, 550, False, 0
3846,0, 550, False, 0
3847,0, 550, False, 0
3848,0, 550, False, 0
3849,0, 550, False, 0
3850,0, 550, False, 0
3851,0, 550, False, 0
3852,0, 550, False, 0
3853,0, 550, False, 0
3854,0, 550, False, 0
3855,0, 550, False, 0
3856,0, 550, False, 0
3857,0, 550, False, 0
3858,0, 550, False, 0
3859,0, 550, False, 0
3860,0, 550, True, 0
