db traj id : 1251
frame,reward,score,terminal, action
0,0, 0, False, 0
1,0, 0, False, 0
2,0, 0, False, 0
3,0, 0, False, 0
4,0, 0, False, 0
5,0, 0, False, 0
6,0, 0, False, 0
7,0, 0, False, 0
8,0, 0, False, 0
9,0, 0, False, 0
10,0, 0, False, 0
11,0, 0, False, 0
12,0, 0, False, 0
13,0, 0, False, 0
14,0, 0, False, 0
15,0, 0, False, 0
16,0, 0, False, 0
17,0, 0, False, 0
18,0, 0, False, 0
19,0, 0, False, 0
20,0, 0, False, 0
21,0, 0, False, 0
22,0, 0, False, 0
23,0, 0, False, 0
24,0, 0, False, 0
25,0, 0, False, 0
26,0, 0, False, 0
27,0, 0, False, 0
28,0, 0, False, 0
29,0, 0, False, 0
30,0, 0, False, 0
31,0, 0, False, 0
32,0, 0, False, 0
33,0, 0, False, 0
34,0, 0, False, 0
35,0, 0, False, 0
36,0, 0, False, 0
37,0, 0, False, 0
38,0, 0, False, 0
39,0, 0, False, 0
40,0, 0, False, 0
41,0, 0, False, 0
42,0, 0, False, 0
43,0, 0, False, 0
44,0, 0, False, 0
45,0, 0, False, 0
46,0, 0, False, 0
47,0, 0, False, 0
48,0, 0, False, 0
49,0, 0, False, 0
50,0, 0, False, 0
51,0, 0, False, 0
52,0, 0, False, 0
53,0, 0, False, 0
54,0, 0, False, 0
55,0, 0, False, 0
56,0, 0, False, 0
57,0, 0, False, 0
58,0, 0, False, 0
59,0, 0, False, 0
60,0, 0, False, 0
61,0, 0, False, 0
62,0, 0, False, 0
63,0, 0, False, 0
64,0, 0, False, 0
65,0, 0, False, 0
66,0, 0, False, 0
67,0, 0, False, 0
68,0, 0, False, 0
69,0, 0, False, 0
70,0, 0, False, 0
71,0, 0, False, 0
72,0, 0, False, 0
73,0, 0, False, 0
74,0, 0, False, 0
75,0, 0, False, 0
76,0, 0, False, 0
77,0, 0, False, 0
78,0, 0, False, 0
79,0, 0, False, 0
80,0, 0, False, 0
81,0, 0, False, 0
82,0, 0, False, 0
83,0, 0, False, 0
84,0, 0, False, 0
85,0, 0, False, 0
86,0, 0, False, 0
87,0, 0, False, 0
88,0, 0, False, 0
89,0, 0, False, 0
90,0, 0, False, 0
91,0, 0, False, 0
92,0, 0, False, 0
93,0, 0, False, 0
94,0, 0, False, 0
95,0, 0, False, 0
96,0, 0, False, 0
97,0, 0, False, 0
98,0, 0, False, 0
99,0, 0, False, 0
100,0, 0, False, 0
101,0, 0, False, 0
102,0, 0, False, 0
103,0, 0, False, 0
104,0, 0, False, 0
105,0, 0, False, 0
106,0, 0, False, 0
107,0, 0, False, 0
108,0, 0, False, 0
109,0, 0, False, 0
110,0, 0, False, 0
111,0, 0, False, 0
112,0, 0, False, 0
113,0, 0, False, 0
114,0, 0, False, 3
115,0, 0, False, 3
116,0, 0, False, 3
117,0, 0, False, 3
118,0, 0, False, 3
119,0, 0, False, 3
120,0, 0, False, 3
121,0, 0, False, 3
122,0, 0, False, 3
123,0, 0, False, 3
124,0, 0, False, 3
125,0, 0, False, 3
126,0, 0, False, 3
127,0, 0, False, 3
128,0, 0, False, 3
129,0, 0, False, 3
130,0, 0, False, 3
131,0, 0, False, 3
132,0, 0, False, 3
133,0, 0, False, 3
134,0, 0, False, 3
135,0, 0, False, 3
136,0, 0, False, 3
137,0, 0, False, 3
138,0, 0, False, 3
139,0, 0, False, 3
140,0, 0, False, 3
141,0, 0, False, 3
142,0, 0, False, 3
143,0, 0, False, 3
144,0, 0, False, 3
145,0, 0, False, 3
146,0, 0, False, 3
147,0, 0, False, 3
148,0, 0, False, 3
149,0, 0, False, 3
150,0, 0, False, 3
151,0, 0, False, 3
152,0, 0, False, 3
153,0, 0, False, 3
154,0, 0, False, 3
155,0, 0, False, 3
156,0, 0, False, 3
157,0, 0, False, 3
158,0, 0, False, 3
159,0, 0, False, 3
160,0, 0, False, 3
161,0, 0, False, 3
162,0, 0, False, 3
163,0, 0, False, 3
164,0, 0, False, 3
165,0, 0, False, 3
166,0, 0, False, 3
167,0, 0, False, 3
168,0, 0, False, 3
169,0, 0, False, 3
170,0, 0, False, 3
171,0, 0, False, 3
172,0, 0, False, 3
173,0, 0, False, 3
174,0, 0, False, 3
175,0, 0, False, 3
176,0, 0, False, 3
177,0, 0, False, 3
178,0, 0, False, 3
179,0, 0, False, 3
180,0, 0, False, 3
181,0, 0, False, 3
182,0, 0, False, 0
183,0, 0, False, 0
184,0, 0, False, 0
185,0, 0, False, 0
186,0, 0, False, 0
187,0, 0, False, 0
188,0, 0, False, 0
189,0, 0, False, 0
190,0, 0, False, 0
191,0, 0, False, 0
192,0, 0, False, 0
193,0, 0, False, 0
194,0, 0, False, 0
195,0, 0, False, 0
196,0, 0, False, 2
197,0, 0, False, 2
198,0, 0, False, 2
199,0, 0, False, 2
200,0, 0, False, 2
201,0, 0, False, 2
202,0, 0, False, 2
203,0, 0, False, 2
204,0, 0, False, 6
205,0, 0, False, 6
206,0, 0, False, 3
207,0, 0, False, 3
208,0, 0, False, 3
209,0, 0, False, 3
210,0, 0, False, 3
211,0, 0, False, 3
212,0, 0, False, 3
213,0, 0, False, 3
214,0, 0, False, 3
215,0, 0, False, 3
216,0, 0, False, 3
217,0, 0, False, 3
218,0, 0, False, 3
219,0, 0, False, 3
220,0, 0, False, 3
221,0, 0, False, 3
222,0, 0, False, 3
223,0, 0, False, 3
224,0, 0, False, 3
225,0, 0, False, 3
226,0, 0, False, 3
227,0, 0, False, 3
228,0, 0, False, 3
229,0, 0, False, 3
230,0, 0, False, 3
231,0, 0, False, 3
232,0, 0, False, 3
233,0, 0, False, 3
234,0, 0, False, 3
235,0, 0, False, 3
236,0, 0, False, 3
237,0, 0, False, 3
238,0, 0, False, 3
239,0, 0, False, 3
240,0, 0, False, 3
241,0, 0, False, 3
242,0, 0, False, 3
243,0, 0, False, 3
244,0, 0, False, 3
245,0, 0, False, 3
246,0, 0, False, 3
247,0, 0, False, 3
248,0, 0, False, 3
249,0, 0, False, 0
250,0, 0, False, 1
251,0, 0, False, 1
252,0, 0, False, 1
253,0, 0, False, 1
254,0, 0, False, 1
255,0, 0, False, 1
256,0, 0, False, 1
257,0, 0, False, 1
258,0, 0, False, 1
259,0, 0, False, 1
260,0, 0, False, 1
261,0, 0, False, 1
262,0, 0, False, 1
263,0, 0, False, 1
264,0, 0, False, 1
265,0, 0, False, 0
266,0, 0, False, 0
267,0, 0, False, 0
268,0, 0, False, 0
269,0, 0, False, 0
270,0, 0, False, 0
271,0, 0, False, 3
272,0, 0, False, 3
273,0, 0, False, 3
274,0, 0, False, 3
275,0, 0, False, 3
276,0, 0, False, 3
277,0, 0, False, 3
278,0, 0, False, 3
279,0, 0, False, 3
280,0, 0, False, 3
281,0, 0, False, 3
282,0, 0, False, 11
283,0, 0, False, 11
284,0, 0, False, 11
285,0, 0, False, 11
286,0, 0, False, 3
287,0, 0, False, 3
288,0, 0, False, 3
289,0, 0, False, 3
290,0, 0, False, 3
291,0, 0, False, 3
292,0, 0, False, 3
293,0, 0, False, 3
294,0, 0, False, 0
295,0, 0, False, 0
296,0, 0, False, 0
297,0, 0, False, 1
298,0, 0, False, 1
299,0, 0, False, 1
300,0, 0, False, 1
301,0, 0, False, 1
302,0, 0, False, 1
303,0, 0, False, 1
304,0, 0, False, 0
305,0, 0, False, 0
306,0, 0, False, 0
307,0, 0, False, 0
308,0, 0, False, 0
309,0, 0, False, 0
310,0, 0, False, 0
311,0, 0, False, 0
312,0, 0, False, 1
313,0, 0, False, 1
314,0, 0, False, 1
315,0, 0, False, 1
316,0, 0, False, 1
317,0, 0, False, 1
318,0, 0, False, 1
319,0, 0, False, 1
320,0, 0, False, 1
321,0, 0, False, 1
322,0, 0, False, 1
323,0, 0, False, 0
324,0, 0, False, 0
325,0, 0, False, 0
326,0, 0, False, 0
327,0, 0, False, 0
328,0, 0, False, 0
329,0, 0, False, 0
330,0, 0, False, 0
331,0, 0, False, 0
332,0, 0, False, 1
333,0, 0, False, 1
334,0, 0, False, 1
335,0, 0, False, 1
336,0, 0, False, 1
337,0, 0, False, 1
338,0, 0, False, 1
339,0, 0, False, 1
340,0, 0, False, 1
341,0, 0, False, 1
342,0, 0, False, 1
343,0, 0, False, 1
344,0, 0, False, 1
345,0, 0, False, 1
346,0, 0, False, 1
347,0, 0, False, 1
348,0, 0, False, 1
349,0, 0, False, 1
350,0, 0, False, 1
351,0, 0, False, 1
352,0, 0, False, 1
353,0, 0, False, 1
354,0, 0, False, 1
355,0, 0, False, 1
356,0, 0, False, 1
357,0, 0, False, 1
358,0, 0, False, 1
359,0, 0, False, 1
360,0, 0, False, 1
361,5, 5, False, 1
362,0, 5, False, 1
363,0, 5, False, 1
364,0, 5, False, 0
365,0, 5, False, 0
366,0, 5, False, 0
367,0, 5, False, 0
368,0, 5, False, 0
369,0, 5, False, 0
370,0, 5, False, 0
371,0, 5, False, 0
372,0, 5, False, 0
373,0, 5, False, 0
374,0, 5, False, 0
375,0, 5, False, 0
376,0, 5, False, 0
377,0, 5, False, 0
378,0, 5, False, 0
379,0, 5, False, 0
380,0, 5, False, 1
381,0, 5, False, 1
382,0, 5, False, 1
383,0, 5, False, 1
384,0, 5, False, 1
385,0, 5, False, 1
386,0, 5, False, 1
387,0, 5, False, 1
388,0, 5, False, 1
389,0, 5, False, 1
390,0, 5, False, 1
391,0, 5, False, 1
392,0, 5, False, 1
393,0, 5, False, 1
394,0, 5, False, 1
395,10, 15, False, 1
396,0, 15, False, 1
397,0, 15, False, 1
398,0, 15, False, 1
399,0, 15, False, 1
400,0, 15, False, 1
401,0, 15, False, 1
402,0, 15, False, 1
403,0, 15, False, 1
404,0, 15, False, 1
405,0, 15, False, 1
406,0, 15, False, 1
407,0, 15, False, 1
408,0, 15, False, 1
409,0, 15, False, 1
410,0, 15, False, 1
411,0, 15, False, 1
412,0, 15, False, 0
413,0, 15, False, 0
414,0, 15, False, 0
415,0, 15, False, 0
416,0, 15, False, 0
417,0, 15, False, 0
418,0, 15, False, 0
419,0, 15, False, 0
420,0, 15, False, 0
421,0, 15, False, 0
422,0, 15, False, 0
423,0, 15, False, 1
424,0, 15, False, 1
425,0, 15, False, 1
426,0, 15, False, 1
427,0, 15, False, 1
428,0, 15, False, 1
429,0, 15, False, 1
430,0, 15, False, 1
431,0, 15, False, 1
432,0, 15, False, 1
433,0, 15, False, 1
434,0, 15, False, 1
435,0, 15, False, 1
436,0, 15, False, 1
437,0, 15, False, 12
438,0, 15, False, 4
439,0, 15, False, 4
440,0, 15, False, 4
441,15, 30, False, 4
442,0, 30, False, 4
443,0, 30, False, 4
444,0, 30, False, 4
445,0, 30, False, 4
446,0, 30, False, 4
447,0, 30, False, 4
448,0, 30, False, 4
449,0, 30, False, 4
450,0, 30, False, 4
451,0, 30, False, 4
452,0, 30, False, 4
453,0, 30, False, 4
454,0, 30, False, 4
455,0, 30, False, 4
456,0, 30, False, 4
457,0, 30, False, 4
458,0, 30, False, 4
459,0, 30, False, 0
460,0, 30, False, 0
461,0, 30, False, 0
462,0, 30, False, 0
463,0, 30, False, 1
464,0, 30, False, 1
465,0, 30, False, 1
466,0, 30, False, 1
467,0, 30, False, 1
468,0, 30, False, 1
469,0, 30, False, 1
470,0, 30, False, 1
471,0, 30, False, 1
472,0, 30, False, 1
473,0, 30, False, 1
474,0, 30, False, 1
475,0, 30, False, 1
476,0, 30, False, 1
477,0, 30, False, 1
478,0, 30, False, 1
479,0, 30, False, 1
480,0, 30, False, 1
481,0, 30, False, 1
482,0, 30, False, 1
483,0, 30, False, 1
484,0, 30, False, 1
485,0, 30, False, 1
486,0, 30, False, 1
487,0, 30, False, 1
488,0, 30, False, 1
489,0, 30, False, 1
490,0, 30, False, 1
491,5, 35, False, 1
492,0, 35, False, 1
493,0, 35, False, 1
494,0, 35, False, 1
495,0, 35, False, 1
496,0, 35, False, 1
497,0, 35, False, 1
498,0, 35, False, 1
499,0, 35, False, 1
500,0, 35, False, 1
501,0, 35, False, 1
502,0, 35, False, 1
503,0, 35, False, 1
504,0, 35, False, 1
505,0, 35, False, 1
506,0, 35, False, 1
507,0, 35, False, 1
508,0, 35, False, 1
509,0, 35, False, 1
510,0, 35, False, 1
511,0, 35, False, 1
512,0, 35, False, 1
513,0, 35, False, 1
514,0, 35, False, 1
515,0, 35, False, 1
516,0, 35, False, 1
517,0, 35, False, 1
518,0, 35, False, 1
519,0, 35, False, 1
520,0, 35, False, 1
521,0, 35, False, 1
522,0, 35, False, 1
523,0, 35, False, 1
524,0, 35, False, 1
525,10, 45, False, 1
526,0, 45, False, 1
527,0, 45, False, 1
528,0, 45, False, 1
529,0, 45, False, 1
530,0, 45, False, 1
531,0, 45, False, 1
532,0, 45, False, 1
533,0, 45, False, 1
534,0, 45, False, 1
535,0, 45, False, 1
536,0, 45, False, 1
537,0, 45, False, 1
538,0, 45, False, 1
539,0, 45, False, 1
540,0, 45, False, 1
541,0, 45, False, 1
542,0, 45, False, 1
543,0, 45, False, 1
544,0, 45, False, 1
545,0, 45, False, 1
546,0, 45, False, 1
547,0, 45, False, 1
548,0, 45, False, 1
549,0, 45, False, 1
550,0, 45, False, 1
551,0, 45, False, 1
552,0, 45, False, 1
553,0, 45, False, 1
554,0, 45, False, 1
555,0, 45, False, 1
556,0, 45, False, 1
557,0, 45, False, 1
558,0, 45, False, 1
559,0, 45, False, 1
560,0, 45, False, 1
561,0, 45, False, 1
562,0, 45, False, 1
563,0, 45, False, 1
564,0, 45, False, 1
565,0, 45, False, 1
566,0, 45, False, 1
567,0, 45, False, 1
568,0, 45, False, 1
569,15, 60, False, 1
570,0, 60, False, 1
571,0, 60, False, 1
572,0, 60, False, 1
573,0, 60, False, 1
574,0, 60, False, 1
575,0, 60, False, 1
576,0, 60, False, 1
577,0, 60, False, 1
578,0, 60, False, 1
579,0, 60, False, 1
580,0, 60, False, 1
581,0, 60, False, 1
582,0, 60, False, 1
583,0, 60, False, 1
584,0, 60, False, 1
585,0, 60, False, 1
586,0, 60, False, 1
587,0, 60, False, 1
588,0, 60, False, 1
589,0, 60, False, 1
590,0, 60, False, 1
591,0, 60, False, 1
592,0, 60, False, 1
593,0, 60, False, 1
594,0, 60, False, 1
595,0, 60, False, 1
596,0, 60, False, 1
597,0, 60, False, 1
598,0, 60, False, 1
599,0, 60, False, 1
600,0, 60, False, 1
601,0, 60, False, 1
602,0, 60, False, 1
603,0, 60, False, 1
604,0, 60, False, 1
605,0, 60, False, 1
606,0, 60, False, 1
607,0, 60, False, 1
608,0, 60, False, 1
609,0, 60, False, 1
610,0, 60, False, 1
611,0, 60, False, 1
612,0, 60, False, 1
613,0, 60, False, 1
614,0, 60, False, 1
615,0, 60, False, 1
616,0, 60, False, 1
617,0, 60, False, 1
618,0, 60, False, 1
619,0, 60, False, 1
620,0, 60, False, 1
621,0, 60, False, 1
622,0, 60, False, 1
623,20, 80, False, 1
624,0, 80, False, 1
625,0, 80, False, 1
626,0, 80, False, 1
627,0, 80, False, 1
628,0, 80, False, 1
629,0, 80, False, 1
630,0, 80, False, 1
631,0, 80, False, 1
632,0, 80, False, 1
633,0, 80, False, 1
634,0, 80, False, 1
635,0, 80, False, 1
636,0, 80, False, 1
637,0, 80, False, 1
638,0, 80, False, 1
639,0, 80, False, 1
640,0, 80, False, 1
641,0, 80, False, 1
642,0, 80, False, 1
643,0, 80, False, 1
644,0, 80, False, 1
645,0, 80, False, 1
646,0, 80, False, 1
647,0, 80, False, 1
648,0, 80, False, 1
649,0, 80, False, 1
650,0, 80, False, 1
651,0, 80, False, 1
652,0, 80, False, 1
653,0, 80, False, 1
654,0, 80, False, 1
655,0, 80, False, 1
656,0, 80, False, 1
657,0, 80, False, 1
658,0, 80, False, 1
659,0, 80, False, 1
660,0, 80, False, 1
661,0, 80, False, 1
662,0, 80, False, 1
663,0, 80, False, 1
664,0, 80, False, 1
665,0, 80, False, 1
666,0, 80, False, 1
667,0, 80, False, 1
668,0, 80, False, 1
669,0, 80, False, 1
670,0, 80, False, 1
671,0, 80, False, 1
672,0, 80, False, 1
673,0, 80, False, 1
674,0, 80, False, 1
675,0, 80, False, 1
676,0, 80, False, 1
677,0, 80, False, 1
678,0, 80, False, 1
679,0, 80, False, 1
680,0, 80, False, 12
681,0, 80, False, 12
682,0, 80, False, 12
683,0, 80, False, 12
684,0, 80, False, 4
685,0, 80, False, 4
686,0, 80, False, 4
687,25, 105, False, 4
688,0, 105, False, 4
689,0, 105, False, 4
690,0, 105, False, 4
691,0, 105, False, 4
692,0, 105, False, 4
693,0, 105, False, 4
694,0, 105, False, 4
695,0, 105, False, 4
696,0, 105, False, 4
697,0, 105, False, 4
698,0, 105, False, 4
699,0, 105, False, 4
700,0, 105, False, 4
701,0, 105, False, 4
702,0, 105, False, 4
703,0, 105, False, 4
704,0, 105, False, 4
705,0, 105, False, 4
706,0, 105, False, 4
707,0, 105, False, 4
708,0, 105, False, 4
709,0, 105, False, 4
710,0, 105, False, 4
711,0, 105, False, 4
712,0, 105, False, 4
713,0, 105, False, 4
714,0, 105, False, 4
715,0, 105, False, 4
716,0, 105, False, 4
717,0, 105, False, 4
718,0, 105, False, 4
719,0, 105, False, 4
720,0, 105, False, 4
721,0, 105, False, 4
722,0, 105, False, 4
723,0, 105, False, 4
724,0, 105, False, 4
725,0, 105, False, 12
726,0, 105, False, 12
727,0, 105, False, 1
728,0, 105, False, 1
729,0, 105, False, 1
730,0, 105, False, 1
731,0, 105, False, 1
732,0, 105, False, 1
733,0, 105, False, 1
734,0, 105, False, 1
735,0, 105, False, 1
736,0, 105, False, 1
737,0, 105, False, 1
738,0, 105, False, 1
739,0, 105, False, 1
740,0, 105, False, 1
741,0, 105, False, 1
742,0, 105, False, 1
743,0, 105, False, 1
744,0, 105, False, 1
745,0, 105, False, 1
746,0, 105, False, 1
747,0, 105, False, 1
748,0, 105, False, 1
749,0, 105, False, 1
750,0, 105, False, 1
751,0, 105, False, 1
752,0, 105, False, 1
753,0, 105, False, 1
754,0, 105, False, 1
755,0, 105, False, 1
756,0, 105, False, 1
757,0, 105, False, 1
758,0, 105, False, 1
759,0, 105, False, 1
760,0, 105, False, 1
761,0, 105, False, 1
762,0, 105, False, 1
763,0, 105, False, 1
764,0, 105, False, 1
765,0, 105, False, 1
766,0, 105, False, 1
767,0, 105, False, 1
768,0, 105, False, 1
769,0, 105, False, 1
770,0, 105, False, 1
771,15, 120, False, 1
772,0, 120, False, 1
773,0, 120, False, 1
774,0, 120, False, 1
775,0, 120, False, 1
776,0, 120, False, 1
777,0, 120, False, 12
778,0, 120, False, 12
779,0, 120, False, 12
780,0, 120, False, 4
781,0, 120, False, 4
782,0, 120, False, 4
783,0, 120, False, 4
784,0, 120, False, 4
785,0, 120, False, 4
786,0, 120, False, 12
787,0, 120, False, 12
788,0, 120, False, 1
789,0, 120, False, 1
790,0, 120, False, 1
791,0, 120, False, 1
792,0, 120, False, 1
793,0, 120, False, 1
794,0, 120, False, 1
795,0, 120, False, 1
796,0, 120, False, 1
797,5, 125, False, 1
798,0, 125, False, 1
799,0, 125, False, 1
800,0, 125, False, 1
801,0, 125, False, 1
802,0, 125, False, 1
803,0, 125, False, 1
804,0, 125, False, 1
805,0, 125, False, 1
806,0, 125, False, 1
807,0, 125, False, 1
808,0, 125, False, 1
809,0, 125, False, 1
810,0, 125, False, 1
811,0, 125, False, 1
812,0, 125, False, 1
813,0, 125, False, 1
814,0, 125, False, 1
815,0, 125, False, 1
816,0, 125, False, 1
817,0, 125, False, 1
818,0, 125, False, 1
819,0, 125, False, 1
820,0, 125, False, 1
821,0, 125, False, 1
822,0, 125, False, 1
823,0, 125, False, 1
824,0, 125, False, 1
825,0, 125, False, 1
826,0, 125, False, 1
827,0, 125, False, 1
828,0, 125, False, 1
829,0, 125, False, 1
830,0, 125, False, 1
831,0, 125, False, 1
832,0, 125, False, 1
833,0, 125, False, 1
834,0, 125, False, 1
835,0, 125, False, 1
836,0, 125, False, 1
837,0, 125, False, 1
838,0, 125, False, 1
839,0, 125, False, 1
840,0, 125, False, 1
841,0, 125, False, 1
842,0, 125, False, 1
843,0, 125, False, 1
844,0, 125, False, 1
845,0, 125, False, 11
846,0, 125, False, 11
847,0, 125, False, 11
848,0, 125, False, 11
849,0, 125, False, 11
850,0, 125, False, 11
851,0, 125, False, 11
852,0, 125, False, 11
853,0, 125, False, 11
854,0, 125, False, 11
855,0, 125, False, 1
856,0, 125, False, 1
857,0, 125, False, 1
858,0, 125, False, 1
859,0, 125, False, 1
860,0, 125, False, 1
861,0, 125, False, 1
862,0, 125, False, 1
863,0, 125, False, 1
864,0, 125, False, 1
865,0, 125, False, 1
866,0, 125, False, 1
867,0, 125, False, 1
868,0, 125, False, 1
869,0, 125, False, 1
870,0, 125, False, 1
871,0, 125, False, 1
872,0, 125, False, 1
873,0, 125, False, 1
874,0, 125, False, 1
875,0, 125, False, 1
876,0, 125, False, 1
877,0, 125, False, 1
878,0, 125, False, 0
879,0, 125, False, 0
880,0, 125, False, 0
881,0, 125, False, 0
882,0, 125, False, 0
883,0, 125, False, 0
884,0, 125, False, 0
885,0, 125, False, 0
886,0, 125, False, 0
887,0, 125, False, 0
888,0, 125, False, 0
889,0, 125, False, 0
890,0, 125, False, 0
891,0, 125, False, 0
892,0, 125, False, 0
893,0, 125, False, 0
894,0, 125, False, 1
895,0, 125, False, 1
896,0, 125, False, 1
897,0, 125, False, 0
898,0, 125, False, 0
899,0, 125, False, 0
900,0, 125, False, 0
901,0, 125, False, 0
902,0, 125, False, 0
903,0, 125, False, 0
904,0, 125, False, 1
905,0, 125, False, 1
906,0, 125, False, 1
907,0, 125, False, 1
908,0, 125, False, 1
909,0, 125, False, 1
910,0, 125, False, 1
911,0, 125, False, 1
912,0, 125, False, 1
913,0, 125, False, 1
914,0, 125, False, 1
915,0, 125, False, 3
916,0, 125, False, 3
917,0, 125, False, 3
918,0, 125, False, 3
919,0, 125, False, 3
920,0, 125, False, 3
921,0, 125, False, 3
922,0, 125, False, 3
923,0, 125, False, 3
924,0, 125, False, 3
925,0, 125, False, 3
926,0, 125, False, 3
927,10, 135, False, 11
928,0, 135, False, 11
929,0, 135, False, 11
930,0, 135, False, 11
931,0, 135, False, 1
932,0, 135, False, 1
933,0, 135, False, 1
934,0, 135, False, 1
935,0, 135, False, 1
936,0, 135, False, 1
937,0, 135, False, 1
938,0, 135, False, 1
939,0, 135, False, 1
940,0, 135, False, 0
941,0, 135, False, 0
942,0, 135, False, 0
943,0, 135, False, 0
944,0, 135, False, 0
945,0, 135, False, 0
946,0, 135, False, 0
947,0, 135, False, 0
948,0, 135, False, 4
949,0, 135, False, 4
950,0, 135, False, 4
951,0, 135, False, 4
952,0, 135, False, 4
953,0, 135, False, 4
954,0, 135, False, 4
955,0, 135, False, 4
956,0, 135, False, 4
957,0, 135, False, 4
958,0, 135, False, 4
959,0, 135, False, 4
960,0, 135, False, 4
961,0, 135, False, 4
962,0, 135, False, 12
963,0, 135, False, 12
964,0, 135, False, 12
965,0, 135, False, 12
966,0, 135, False, 12
967,0, 135, False, 12
968,0, 135, False, 12
969,0, 135, False, 12
970,0, 135, False, 12
971,0, 135, False, 12
972,0, 135, False, 4
973,0, 135, False, 4
974,0, 135, False, 4
975,20, 155, False, 4
976,0, 155, False, 4
977,0, 155, False, 4
978,0, 155, False, 4
979,0, 155, False, 4
980,0, 155, False, 4
981,0, 155, False, 12
982,0, 155, False, 12
983,0, 155, False, 12
984,0, 155, False, 12
985,0, 155, False, 12
986,0, 155, False, 12
987,0, 155, False, 12
988,0, 155, False, 12
989,0, 155, False, 1
990,0, 155, False, 1
991,0, 155, False, 0
992,0, 155, False, 0
993,0, 155, False, 0
994,0, 155, False, 0
995,0, 155, False, 0
996,0, 155, False, 0
997,0, 155, False, 0
998,0, 155, False, 0
999,0, 155, False, 1
1000,0, 155, False, 1
1001,0, 155, False, 1
1002,0, 155, False, 1
1003,0, 155, False, 1
1004,0, 155, False, 1
1005,0, 155, False, 1
1006,0, 155, False, 1
1007,0, 155, False, 1
1008,0, 155, False, 0
1009,0, 155, False, 0
1010,0, 155, False, 0
1011,0, 155, False, 0
1012,0, 155, False, 0
1013,0, 155, False, 0
1014,0, 155, False, 0
1015,0, 155, False, 4
1016,0, 155, False, 4
1017,0, 155, False, 4
1018,0, 155, False, 4
1019,0, 155, False, 4
1020,0, 155, False, 4
1021,0, 155, False, 4
1022,0, 155, False, 4
1023,0, 155, False, 12
1024,0, 155, False, 12
1025,0, 155, False, 12
1026,0, 155, False, 12
1027,0, 155, False, 12
1028,0, 155, False, 12
1029,0, 155, False, 12
1030,0, 155, False, 12
1031,0, 155, False, 12
1032,0, 155, False, 12
1033,0, 155, False, 4
1034,0, 155, False, 4
1035,0, 155, False, 4
1036,0, 155, False, 4
1037,0, 155, False, 4
1038,0, 155, False, 4
1039,0, 155, False, 4
1040,0, 155, False, 4
1041,0, 155, False, 4
1042,0, 155, False, 4
1043,0, 155, False, 4
1044,0, 155, False, 4
1045,0, 155, False, 4
1046,0, 155, False, 4
1047,0, 155, False, 4
1048,0, 155, False, 4
1049,0, 155, False, 4
1050,0, 155, False, 4
1051,0, 155, False, 4
1052,0, 155, False, 0
1053,0, 155, False, 0
1054,0, 155, False, 0
1055,0, 155, False, 0
1056,0, 155, False, 0
1057,0, 155, False, 0
1058,0, 155, False, 0
1059,0, 155, False, 0
1060,0, 155, False, 0
1061,0, 155, False, 3
1062,0, 155, False, 3
1063,0, 155, False, 3
1064,0, 155, False, 3
1065,0, 155, False, 3
1066,0, 155, False, 0
1067,0, 155, False, 0
1068,0, 155, False, 1
1069,0, 155, False, 1
1070,0, 155, False, 1
1071,0, 155, False, 1
1072,0, 155, False, 1
1073,0, 155, False, 1
1074,0, 155, False, 0
1075,0, 155, False, 0
1076,0, 155, False, 0
1077,0, 155, False, 0
1078,0, 155, False, 0
1079,0, 155, False, 0
1080,0, 155, False, 0
1081,0, 155, False, 0
1082,0, 155, False, 0
1083,0, 155, False, 0
1084,0, 155, False, 0
1085,0, 155, False, 0
1086,0, 155, False, 0
1087,0, 155, False, 0
1088,0, 155, False, 0
1089,0, 155, False, 4
1090,0, 155, False, 4
1091,0, 155, False, 4
1092,0, 155, False, 4
1093,0, 155, False, 4
1094,0, 155, False, 4
1095,0, 155, False, 4
1096,0, 155, False, 4
1097,0, 155, False, 4
1098,0, 155, False, 0
1099,0, 155, False, 1
1100,0, 155, False, 1
1101,0, 155, False, 1
1102,0, 155, False, 1
1103,0, 155, False, 1
1104,0, 155, False, 1
1105,0, 155, False, 1
1106,0, 155, False, 1
1107,0, 155, False, 1
1108,0, 155, False, 1
1109,0, 155, False, 1
1110,0, 155, False, 1
1111,0, 155, False, 1
1112,0, 155, False, 0
1113,0, 155, False, 0
1114,0, 155, False, 0
1115,0, 155, False, 0
1116,0, 155, False, 0
1117,0, 155, False, 0
1118,0, 155, False, 0
1119,0, 155, False, 0
1120,0, 155, False, 0
1121,0, 155, False, 0
1122,0, 155, False, 0
1123,0, 155, False, 3
1124,0, 155, False, 3
1125,0, 155, False, 3
1126,0, 155, False, 3
1127,0, 155, False, 1
1128,0, 155, False, 1
1129,0, 155, False, 1
1130,0, 155, False, 1
1131,0, 155, False, 1
1132,0, 155, False, 1
1133,0, 155, False, 1
1134,0, 155, False, 1
1135,0, 155, False, 1
1136,0, 155, False, 1
1137,0, 155, False, 1
1138,0, 155, False, 1
1139,0, 155, False, 1
1140,0, 155, False, 1
1141,0, 155, False, 1
1142,0, 155, False, 1
1143,0, 155, False, 1
1144,0, 155, False, 0
1145,0, 155, False, 0
1146,0, 155, False, 0
1147,0, 155, False, 0
1148,0, 155, False, 0
1149,0, 155, False, 0
1150,0, 155, False, 0
1151,0, 155, False, 0
1152,0, 155, False, 1
1153,0, 155, False, 1
1154,0, 155, False, 1
1155,0, 155, False, 1
1156,0, 155, False, 1
1157,0, 155, False, 1
1158,0, 155, False, 1
1159,0, 155, False, 1
1160,0, 155, False, 1
1161,0, 155, False, 1
1162,0, 155, False, 1
1163,0, 155, False, 1
1164,0, 155, False, 1
1165,0, 155, False, 1
1166,0, 155, False, 1
1167,0, 155, False, 1
1168,0, 155, False, 1
1169,0, 155, False, 1
1170,0, 155, False, 1
1171,0, 155, False, 1
1172,0, 155, False, 1
1173,0, 155, False, 1
1174,0, 155, False, 1
1175,0, 155, False, 1
1176,0, 155, False, 1
1177,0, 155, False, 1
1178,0, 155, False, 1
1179,0, 155, False, 1
1180,0, 155, False, 1
1181,0, 155, False, 1
1182,0, 155, False, 1
1183,0, 155, False, 0
1184,0, 155, False, 0
1185,0, 155, False, 0
1186,0, 155, False, 0
1187,0, 155, False, 0
1188,0, 155, False, 0
1189,0, 155, False, 0
1190,0, 155, False, 1
1191,0, 155, False, 1
1192,0, 155, False, 1
1193,0, 155, False, 1
1194,0, 155, False, 1
1195,0, 155, False, 1
1196,0, 155, False, 1
1197,0, 155, False, 1
1198,0, 155, False, 1
1199,0, 155, False, 1
1200,0, 155, False, 1
1201,0, 155, False, 1
1202,0, 155, False, 1
1203,0, 155, False, 1
1204,0, 155, False, 1
1205,0, 155, False, 1
1206,0, 155, False, 1
1207,0, 155, False, 1
1208,0, 155, False, 1
1209,0, 155, False, 1
1210,0, 155, False, 1
1211,0, 155, False, 1
1212,0, 155, False, 1
1213,0, 155, False, 0
1214,0, 155, False, 0
1215,0, 155, False, 0
1216,0, 155, False, 0
1217,0, 155, False, 0
1218,0, 155, False, 0
1219,0, 155, False, 0
1220,0, 155, False, 0
1221,0, 155, False, 1
1222,0, 155, False, 1
1223,0, 155, False, 1
1224,0, 155, False, 1
1225,0, 155, False, 1
1226,0, 155, False, 1
1227,0, 155, False, 1
1228,0, 155, False, 1
1229,0, 155, False, 1
1230,0, 155, False, 1
1231,0, 155, False, 1
1232,0, 155, False, 1
1233,0, 155, False, 1
1234,0, 155, False, 1
1235,0, 155, False, 1
1236,0, 155, False, 1
1237,0, 155, False, 1
1238,0, 155, False, 1
1239,0, 155, False, 1
1240,0, 155, False, 1
1241,0, 155, False, 1
1242,0, 155, False, 1
1243,0, 155, False, 1
1244,0, 155, False, 1
1245,0, 155, False, 1
1246,0, 155, False, 1
1247,0, 155, False, 0
1248,0, 155, False, 0
1249,0, 155, False, 0
1250,0, 155, False, 0
1251,0, 155, False, 0
1252,0, 155, False, 0
1253,0, 155, False, 0
1254,0, 155, False, 1
1255,5, 160, False, 1
1256,0, 160, False, 1
1257,0, 160, False, 1
1258,0, 160, False, 1
1259,0, 160, False, 1
1260,0, 160, False, 1
1261,0, 160, False, 0
1262,0, 160, False, 0
1263,0, 160, False, 4
1264,0, 160, False, 4
1265,0, 160, False, 4
1266,0, 160, False, 4
1267,0, 160, False, 4
1268,0, 160, False, 4
1269,0, 160, False, 4
1270,0, 160, False, 4
1271,0, 160, False, 4
1272,0, 160, False, 4
1273,0, 160, False, 4
1274,0, 160, False, 4
1275,0, 160, False, 12
1276,0, 160, False, 12
1277,0, 160, False, 12
1278,0, 160, False, 12
1279,0, 160, False, 12
1280,0, 160, False, 12
1281,0, 160, False, 12
1282,0, 160, False, 12
1283,0, 160, False, 12
1284,0, 160, False, 12
1285,10, 170, False, 4
1286,0, 170, False, 4
1287,0, 170, False, 4
1288,0, 170, False, 4
1289,0, 170, False, 4
1290,0, 170, False, 4
1291,0, 170, False, 4
1292,0, 170, False, 4
1293,0, 170, False, 12
1294,0, 170, False, 12
1295,0, 170, False, 12
1296,0, 170, False, 12
1297,0, 170, False, 12
1298,0, 170, False, 12
1299,0, 170, False, 12
1300,0, 170, False, 12
1301,0, 170, False, 12
1302,0, 170, False, 4
1303,0, 170, False, 4
1304,0, 170, False, 4
1305,0, 170, False, 4
1306,0, 170, False, 4
1307,0, 170, False, 4
1308,0, 170, False, 4
1309,0, 170, False, 4
1310,0, 170, False, 4
1311,0, 170, False, 4
1312,0, 170, False, 4
1313,0, 170, False, 4
1314,0, 170, False, 4
1315,0, 170, False, 4
1316,0, 170, False, 12
1317,0, 170, False, 12
1318,0, 170, False, 12
1319,0, 170, False, 12
1320,0, 170, False, 12
1321,0, 170, False, 12
1322,0, 170, False, 12
1323,0, 170, False, 12
1324,0, 170, False, 12
1325,0, 170, False, 12
1326,0, 170, False, 1
1327,0, 170, False, 1
1328,0, 170, False, 1
1329,0, 170, False, 1
1330,0, 170, False, 0
1331,15, 185, False, 0
1332,0, 185, False, 0
1333,0, 185, False, 0
1334,0, 185, False, 0
1335,0, 185, False, 0
1336,0, 185, False, 0
1337,0, 185, False, 0
1338,0, 185, False, 0
1339,0, 185, False, 0
1340,0, 185, False, 1
1341,0, 185, False, 1
1342,0, 185, False, 1
1343,0, 185, False, 1
1344,0, 185, False, 1
1345,0, 185, False, 1
1346,0, 185, False, 1
1347,0, 185, False, 1
1348,0, 185, False, 1
1349,0, 185, False, 1
1350,0, 185, False, 0
1351,0, 185, False, 0
1352,0, 185, False, 0
1353,0, 185, False, 0
1354,0, 185, False, 0
1355,0, 185, False, 0
1356,0, 185, False, 0
1357,0, 185, False, 0
1358,0, 185, False, 0
1359,0, 185, False, 0
1360,0, 185, False, 1
1361,0, 185, False, 1
1362,0, 185, False, 1
1363,0, 185, False, 1
1364,0, 185, False, 1
1365,0, 185, False, 1
1366,0, 185, False, 1
1367,0, 185, False, 1
1368,0, 185, False, 1
1369,0, 185, False, 1
1370,0, 185, False, 1
1371,0, 185, False, 0
1372,0, 185, False, 0
1373,0, 185, False, 0
1374,0, 185, False, 0
1375,0, 185, False, 0
1376,0, 185, False, 0
1377,0, 185, False, 0
1378,0, 185, False, 0
1379,0, 185, False, 0
1380,0, 185, False, 0
1381,0, 185, False, 0
1382,0, 185, False, 1
1383,0, 185, False, 1
1384,0, 185, False, 1
1385,0, 185, False, 1
1386,0, 185, False, 1
1387,20, 205, False, 1
1388,0, 205, False, 1
1389,0, 205, False, 1
1390,0, 205, False, 1
1391,0, 205, False, 1
1392,0, 205, False, 1
1393,0, 205, False, 0
1394,0, 205, False, 0
1395,0, 205, False, 0
1396,0, 205, False, 0
1397,0, 205, False, 0
1398,0, 205, False, 0
1399,0, 205, False, 0
1400,0, 205, False, 0
1401,0, 205, False, 0
1402,0, 205, False, 1
1403,0, 205, False, 1
1404,0, 205, False, 1
1405,0, 205, False, 1
1406,0, 205, False, 1
1407,0, 205, False, 1
1408,0, 205, False, 1
1409,0, 205, False, 1
1410,0, 205, False, 1
1411,0, 205, False, 1
1412,0, 205, False, 0
1413,0, 205, False, 0
1414,0, 205, False, 0
1415,0, 205, False, 0
1416,0, 205, False, 0
1417,0, 205, False, 0
1418,0, 205, False, 0
1419,0, 205, False, 0
1420,0, 205, False, 0
1421,0, 205, False, 1
1422,0, 205, False, 1
1423,0, 205, False, 1
1424,0, 205, False, 11
1425,0, 205, False, 11
1426,0, 205, False, 11
1427,0, 205, False, 11
1428,0, 205, False, 11
1429,0, 205, False, 3
1430,0, 205, False, 3
1431,0, 205, False, 3
1432,0, 205, False, 3
1433,0, 205, False, 3
1434,0, 205, False, 3
1435,0, 205, False, 3
1436,0, 205, False, 3
1437,0, 205, False, 3
1438,0, 205, False, 3
1439,0, 205, False, 3
1440,0, 205, False, 3
1441,0, 205, False, 3
1442,0, 205, False, 3
1443,0, 205, False, 3
1444,0, 205, False, 3
1445,0, 205, False, 3
1446,0, 205, False, 3
1447,0, 205, False, 3
1448,0, 205, False, 3
1449,0, 205, False, 3
1450,0, 205, False, 3
1451,0, 205, False, 3
1452,0, 205, False, 3
1453,0, 205, False, 3
1454,0, 205, False, 3
1455,0, 205, False, 3
1456,0, 205, False, 3
1457,0, 205, False, 3
1458,0, 205, False, 3
1459,0, 205, False, 3
1460,0, 205, False, 3
1461,0, 205, False, 3
1462,0, 205, False, 3
1463,0, 205, False, 3
1464,0, 205, False, 3
1465,0, 205, False, 3
1466,0, 205, False, 3
1467,0, 205, False, 0
1468,0, 205, False, 1
1469,0, 205, False, 1
1470,0, 205, False, 1
1471,0, 205, False, 1
1472,0, 205, False, 1
1473,0, 205, False, 1
1474,0, 205, False, 1
1475,0, 205, False, 1
1476,0, 205, False, 1
1477,0, 205, False, 1
1478,0, 205, False, 0
1479,0, 205, False, 0
1480,0, 205, False, 0
1481,0, 205, False, 0
1482,0, 205, False, 0
1483,0, 205, False, 0
1484,0, 205, False, 0
1485,0, 205, False, 0
1486,0, 205, False, 1
1487,0, 205, False, 1
1488,0, 205, False, 1
1489,0, 205, False, 1
1490,0, 205, False, 1
1491,5, 210, False, 1
1492,0, 210, False, 1
1493,0, 210, False, 1
1494,0, 210, False, 0
1495,0, 210, False, 0
1496,0, 210, False, 0
1497,0, 210, False, 3
1498,0, 210, False, 3
1499,0, 210, False, 3
1500,0, 210, False, 3
1501,0, 210, False, 3
1502,0, 210, False, 11
1503,0, 210, False, 11
1504,0, 210, False, 11
1505,0, 210, False, 11
1506,0, 210, False, 1
1507,0, 210, False, 1
1508,0, 210, False, 1
1509,0, 210, False, 1
1510,0, 210, False, 0
1511,0, 210, False, 0
1512,0, 210, False, 0
1513,0, 210, False, 0
1514,0, 210, False, 0
1515,10, 220, False, 0
1516,0, 220, False, 0
1517,0, 220, False, 1
1518,0, 220, False, 1
1519,0, 220, False, 1
1520,0, 220, False, 1
1521,0, 220, False, 1
1522,0, 220, False, 1
1523,0, 220, False, 1
1524,0, 220, False, 1
1525,0, 220, False, 1
1526,0, 220, False, 0
1527,0, 220, False, 0
1528,0, 220, False, 0
1529,0, 220, False, 0
1530,0, 220, False, 3
1531,0, 220, False, 3
1532,0, 220, False, 3
1533,0, 220, False, 3
1534,0, 220, False, 3
1535,0, 220, False, 3
1536,0, 220, False, 3
1537,0, 220, False, 11
1538,0, 220, False, 11
1539,0, 220, False, 11
1540,0, 220, False, 11
1541,0, 220, False, 11
1542,0, 220, False, 11
1543,0, 220, False, 3
1544,0, 220, False, 3
1545,0, 220, False, 3
1546,0, 220, False, 3
1547,0, 220, False, 3
1548,0, 220, False, 3
1549,0, 220, False, 3
1550,0, 220, False, 3
1551,0, 220, False, 3
1552,0, 220, False, 3
1553,0, 220, False, 3
1554,0, 220, False, 3
1555,0, 220, False, 3
1556,0, 220, False, 11
1557,0, 220, False, 11
1558,0, 220, False, 11
1559,20, 240, False, 11
1560,0, 240, False, 3
1561,0, 240, False, 3
1562,0, 240, False, 3
1563,0, 240, False, 3
1564,0, 240, False, 3
1565,0, 240, False, 3
1566,0, 240, False, 3
1567,0, 240, False, 3
1568,0, 240, False, 3
1569,0, 240, False, 3
1570,0, 240, False, 3
1571,0, 240, False, 3
1572,0, 240, False, 3
1573,0, 240, False, 3
1574,0, 240, False, 3
1575,0, 240, False, 3
1576,0, 240, False, 3
1577,0, 240, False, 3
1578,0, 240, False, 3
1579,0, 240, False, 3
1580,0, 240, False, 3
1581,0, 240, False, 3
1582,0, 240, False, 3
1583,0, 240, False, 3
1584,0, 240, False, 3
1585,0, 240, False, 3
1586,0, 240, False, 3
1587,0, 240, False, 3
1588,0, 240, False, 3
1589,0, 240, False, 3
1590,0, 240, False, 3
1591,0, 240, False, 3
1592,0, 240, False, 3
1593,0, 240, False, 3
1594,0, 240, False, 3
1595,0, 240, False, 3
1596,0, 240, False, 3
1597,0, 240, False, 3
1598,0, 240, False, 3
1599,0, 240, False, 3
1600,0, 240, False, 3
1601,0, 240, False, 3
1602,0, 240, False, 3
1603,0, 240, False, 3
1604,0, 240, False, 3
1605,0, 240, False, 3
1606,0, 240, False, 3
1607,0, 240, False, 3
1608,0, 240, False, 3
1609,0, 240, False, 3
1610,0, 240, False, 3
1611,0, 240, False, 3
1612,0, 240, False, 3
1613,0, 240, False, 3
1614,0, 240, False, 3
1615,0, 240, False, 3
1616,0, 240, False, 3
1617,0, 240, False, 3
1618,0, 240, False, 3
1619,0, 240, False, 3
1620,0, 240, False, 3
1621,0, 240, False, 3
1622,0, 240, False, 3
1623,0, 240, False, 3
1624,0, 240, False, 3
1625,0, 240, False, 3
1626,0, 240, False, 3
1627,0, 240, False, 3
1628,0, 240, False, 3
1629,0, 240, False, 3
1630,0, 240, False, 3
1631,0, 240, False, 3
1632,0, 240, False, 3
1633,0, 240, False, 3
1634,0, 240, False, 3
1635,0, 240, False, 3
1636,0, 240, False, 0
1637,0, 240, False, 0
1638,0, 240, False, 0
1639,0, 240, False, 0
1640,0, 240, False, 0
1641,0, 240, False, 0
1642,0, 240, False, 1
1643,0, 240, False, 1
1644,0, 240, False, 1
1645,0, 240, False, 1
1646,0, 240, False, 1
1647,0, 240, False, 1
1648,0, 240, False, 1
1649,0, 240, False, 1
1650,0, 240, False, 1
1651,0, 240, False, 0
1652,0, 240, False, 0
1653,0, 240, False, 0
1654,0, 240, False, 0
1655,0, 240, False, 0
1656,0, 240, False, 0
1657,5, 245, False, 0
1658,0, 245, False, 0
1659,0, 245, False, 0
1660,0, 245, False, 0
1661,0, 245, False, 1
1662,0, 245, False, 1
1663,0, 245, False, 1
1664,0, 245, False, 1
1665,0, 245, False, 1
1666,0, 245, False, 11
1667,0, 245, False, 11
1668,0, 245, False, 3
1669,0, 245, False, 3
1670,0, 245, False, 3
1671,0, 245, False, 3
1672,0, 245, False, 3
1673,0, 245, False, 3
1674,0, 245, False, 3
1675,0, 245, False, 3
1676,0, 245, False, 3
1677,0, 245, False, 3
1678,0, 245, False, 11
1679,0, 245, False, 11
1680,0, 245, False, 11
1681,0, 245, False, 11
1682,0, 245, False, 11
1683,0, 245, False, 11
1684,0, 245, False, 11
1685,10, 255, False, 3
1686,0, 255, False, 3
1687,0, 255, False, 3
1688,0, 255, False, 3
1689,0, 255, False, 3
1690,0, 255, False, 3
1691,0, 255, False, 3
1692,0, 255, False, 3
1693,0, 255, False, 3
1694,0, 255, False, 3
1695,0, 255, False, 11
1696,0, 255, False, 11
1697,0, 255, False, 11
1698,0, 255, False, 11
1699,0, 255, False, 11
1700,0, 255, False, 1
1701,0, 255, False, 1
1702,0, 255, False, 1
1703,0, 255, False, 0
1704,0, 255, False, 0
1705,0, 255, False, 0
1706,0, 255, False, 0
1707,0, 255, False, 0
1708,0, 255, False, 0
1709,0, 255, False, 3
1710,0, 255, False, 3
1711,0, 255, False, 3
1712,0, 255, False, 11
1713,0, 255, False, 11
1714,0, 255, False, 11
1715,0, 255, False, 11
1716,0, 255, False, 11
1717,0, 255, False, 11
1718,0, 255, False, 11
1719,0, 255, False, 11
1720,0, 255, False, 1
1721,0, 255, False, 1
1722,0, 255, False, 0
1723,0, 255, False, 0
1724,0, 255, False, 4
1725,0, 255, False, 4
1726,0, 255, False, 4
1727,0, 255, False, 4
1728,0, 255, False, 4
1729,0, 255, False, 4
1730,0, 255, False, 4
1731,0, 255, False, 4
1732,0, 255, False, 4
1733,0, 255, False, 12
1734,0, 255, False, 12
1735,0, 255, False, 12
1736,0, 255, False, 12
1737,0, 255, False, 12
1738,0, 255, False, 12
1739,0, 255, False, 12
1740,0, 255, False, 12
1741,0, 255, False, 4
1742,0, 255, False, 4
1743,0, 255, False, 4
1744,0, 255, False, 4
1745,0, 255, False, 4
1746,0, 255, False, 4
1747,0, 255, False, 4
1748,0, 255, False, 4
1749,0, 255, False, 4
1750,0, 255, False, 4
1751,0, 255, False, 4
1752,0, 255, False, 4
1753,0, 255, False, 4
1754,0, 255, False, 4
1755,0, 255, False, 4
1756,0, 255, False, 4
1757,0, 255, False, 4
1758,0, 255, False, 4
1759,0, 255, False, 4
1760,0, 255, False, 4
1761,0, 255, False, 4
1762,0, 255, False, 4
1763,0, 255, False, 4
1764,0, 255, False, 4
1765,0, 255, False, 4
1766,0, 255, False, 4
1767,0, 255, False, 4
1768,0, 255, False, 4
1769,0, 255, False, 4
1770,0, 255, False, 4
1771,0, 255, False, 12
1772,0, 255, False, 12
1773,0, 255, False, 12
1774,0, 255, False, 4
1775,0, 255, False, 4
1776,0, 255, False, 4
1777,0, 255, False, 4
1778,0, 255, False, 4
1779,0, 255, False, 4
1780,0, 255, False, 4
1781,0, 255, False, 4
1782,0, 255, False, 4
1783,0, 255, False, 4
1784,0, 255, False, 4
1785,0, 255, False, 12
1786,0, 255, False, 12
1787,0, 255, False, 12
1788,0, 255, False, 12
1789,0, 255, False, 12
1790,0, 255, False, 4
1791,0, 255, False, 4
1792,0, 255, False, 4
1793,0, 255, False, 4
1794,0, 255, False, 4
1795,0, 255, False, 4
1796,0, 255, False, 4
1797,0, 255, False, 12
1798,0, 255, False, 12
1799,0, 255, False, 12
1800,0, 255, False, 12
1801,0, 255, False, 12
1802,0, 255, False, 12
1803,0, 255, False, 12
1804,0, 255, False, 12
1805,0, 255, False, 12
1806,0, 255, False, 4
1807,0, 255, False, 4
1808,0, 255, False, 4
1809,0, 255, False, 4
1810,0, 255, False, 4
1811,0, 255, False, 4
1812,0, 255, False, 4
1813,0, 255, False, 4
1814,0, 255, False, 4
1815,0, 255, False, 4
1816,0, 255, False, 4
1817,0, 255, False, 4
1818,0, 255, False, 4
1819,0, 255, False, 4
1820,0, 255, False, 4
1821,0, 255, False, 4
1822,0, 255, False, 4
1823,0, 255, False, 4
1824,0, 255, False, 4
1825,0, 255, False, 4
1826,0, 255, False, 4
1827,0, 255, False, 4
1828,0, 255, False, 4
1829,0, 255, False, 4
1830,0, 255, False, 4
1831,0, 255, False, 4
1832,0, 255, False, 4
1833,0, 255, False, 4
1834,0, 255, False, 4
1835,0, 255, False, 4
1836,0, 255, False, 12
1837,0, 255, False, 12
1838,0, 255, False, 12
1839,0, 255, False, 12
1840,0, 255, False, 1
1841,0, 255, False, 1
1842,0, 255, False, 1
1843,0, 255, False, 1
1844,0, 255, False, 1
1845,0, 255, False, 0
1846,0, 255, False, 0
1847,0, 255, False, 0
1848,0, 255, False, 0
1849,0, 255, False, 0
1850,0, 255, False, 0
1851,0, 255, False, 0
1852,0, 255, False, 0
1853,0, 255, False, 1
1854,0, 255, False, 1
1855,0, 255, False, 1
1856,0, 255, False, 1
1857,0, 255, False, 1
1858,0, 255, False, 1
1859,0, 255, False, 1
1860,0, 255, False, 1
1861,0, 255, False, 1
1862,0, 255, False, 1
1863,0, 255, False, 1
1864,0, 255, False, 0
1865,0, 255, False, 0
1866,0, 255, False, 0
1867,0, 255, False, 0
1868,0, 255, False, 0
1869,0, 255, False, 0
1870,0, 255, False, 0
1871,0, 255, False, 12
1872,0, 255, False, 12
1873,0, 255, False, 12
1874,0, 255, False, 12
1875,0, 255, False, 12
1876,0, 255, False, 12
1877,0, 255, False, 12
1878,0, 255, False, 12
1879,0, 255, False, 12
1880,0, 255, False, 12
1881,0, 255, False, 4
1882,0, 255, False, 4
1883,0, 255, False, 4
1884,0, 255, False, 4
1885,0, 255, False, 4
1886,0, 255, False, 4
1887,0, 255, False, 4
1888,0, 255, False, 4
1889,0, 255, False, 4
1890,0, 255, False, 4
1891,0, 255, False, 4
1892,0, 255, False, 4
1893,0, 255, False, 4
1894,0, 255, False, 4
1895,0, 255, False, 4
1896,0, 255, False, 4
1897,0, 255, False, 4
1898,0, 255, False, 4
1899,0, 255, False, 4
1900,0, 255, False, 4
1901,0, 255, False, 4
1902,0, 255, False, 4
1903,0, 255, False, 4
1904,0, 255, False, 4
1905,0, 255, False, 4
1906,0, 255, False, 4
1907,0, 255, False, 4
1908,0, 255, False, 4
1909,0, 255, False, 4
1910,0, 255, False, 4
1911,0, 255, False, 4
1912,0, 255, False, 4
1913,0, 255, False, 4
1914,0, 255, False, 4
1915,0, 255, False, 4
1916,0, 255, False, 4
1917,25, 280, False, 4
1918,0, 280, False, 4
1919,0, 280, False, 4
1920,0, 280, False, 4
1921,0, 280, False, 4
1922,0, 280, False, 4
1923,0, 280, False, 4
1924,0, 280, False, 4
1925,0, 280, False, 4
1926,0, 280, False, 12
1927,0, 280, False, 12
1928,0, 280, False, 12
1929,0, 280, False, 1
1930,0, 280, False, 1
1931,0, 280, False, 1
1932,0, 280, False, 1
1933,0, 280, False, 1
1934,0, 280, False, 1
1935,0, 280, False, 1
1936,0, 280, False, 1
1937,0, 280, False, 1
1938,0, 280, False, 1
1939,0, 280, False, 1
1940,0, 280, False, 1
1941,0, 280, False, 1
1942,0, 280, False, 0
1943,0, 280, False, 0
1944,0, 280, False, 0
1945,0, 280, False, 0
1946,0, 280, False, 1
1947,0, 280, False, 1
1948,0, 280, False, 1
1949,0, 280, False, 1
1950,0, 280, False, 1
1951,0, 280, False, 1
1952,0, 280, False, 1
1953,0, 280, False, 1
1954,0, 280, False, 1
1955,0, 280, False, 1
1956,0, 280, False, 1
1957,0, 280, False, 1
1958,0, 280, False, 1
1959,0, 280, False, 1
1960,0, 280, False, 1
1961,0, 280, False, 1
1962,0, 280, False, 1
1963,0, 280, False, 1
1964,0, 280, False, 1
1965,0, 280, False, 1
1966,0, 280, False, 1
1967,0, 280, False, 0
1968,0, 280, False, 0
1969,0, 280, False, 0
1970,0, 280, False, 0
1971,0, 280, False, 0
1972,0, 280, False, 0
1973,25, 305, False, 0
1974,0, 305, False, 0
1975,0, 305, False, 1
1976,0, 305, False, 1
1977,0, 305, False, 1
1978,0, 305, False, 12
1979,0, 305, False, 12
1980,0, 305, False, 12
1981,0, 305, False, 12
1982,0, 305, False, 12
1983,0, 305, False, 12
1984,0, 305, False, 12
1985,0, 305, False, 12
1986,0, 305, False, 12
1987,0, 305, False, 4
1988,0, 305, False, 4
1989,0, 305, False, 4
1990,0, 305, False, 4
1991,0, 305, False, 4
1992,0, 305, False, 4
1993,0, 305, False, 4
1994,0, 305, False, 4
1995,0, 305, False, 4
1996,0, 305, False, 4
1997,0, 305, False, 12
1998,0, 305, False, 12
1999,0, 305, False, 12
2000,0, 305, False, 12
2001,0, 305, False, 12
2002,0, 305, False, 12
2003,0, 305, False, 12
2004,0, 305, False, 12
2005,0, 305, False, 12
2006,0, 305, False, 12
2007,0, 305, False, 4
2008,0, 305, False, 4
2009,0, 305, False, 4
2010,0, 305, False, 4
2011,0, 305, False, 4
2012,0, 305, False, 4
2013,0, 305, False, 4
2014,0, 305, False, 4
2015,0, 305, False, 4
2016,0, 305, False, 4
2017,0, 305, False, 4
2018,0, 305, False, 4
2019,0, 305, False, 4
2020,0, 305, False, 4
2021,0, 305, False, 4
2022,0, 305, False, 4
2023,0, 305, False, 4
2024,0, 305, False, 4
2025,0, 305, False, 4
2026,0, 305, False, 4
2027,0, 305, False, 4
2028,0, 305, False, 4
2029,0, 305, False, 1
2030,0, 305, False, 1
2031,0, 305, False, 1
2032,0, 305, False, 1
2033,0, 305, False, 1
2034,0, 305, False, 1
2035,0, 305, False, 1
2036,0, 305, False, 1
2037,0, 305, False, 1
2038,0, 305, False, 1
2039,0, 305, False, 1
2040,0, 305, False, 1
2041,0, 305, False, 1
2042,0, 305, False, 0
2043,0, 305, False, 0
2044,0, 305, False, 0
2045,0, 305, False, 0
2046,0, 305, False, 0
2047,0, 305, False, 0
2048,0, 305, False, 0
2049,0, 305, False, 0
2050,0, 305, False, 0
2051,0, 305, False, 0
2052,0, 305, False, 0
2053,0, 305, False, 0
2054,0, 305, False, 0
2055,0, 305, False, 0
2056,0, 305, False, 0
2057,0, 305, False, 0
2058,0, 305, False, 0
2059,0, 305, False, 0
2060,0, 305, False, 0
2061,0, 305, False, 0
2062,0, 305, False, 0
2063,0, 305, False, 0
2064,0, 305, False, 0
2065,0, 305, False, 0
2066,0, 305, False, 0
2067,0, 305, False, 0
2068,0, 305, False, 0
2069,0, 305, False, 0
2070,0, 305, False, 0
2071,0, 305, False, 0
2072,0, 305, False, 0
2073,0, 305, False, 1
2074,0, 305, False, 1
2075,0, 305, False, 1
2076,0, 305, False, 1
2077,0, 305, False, 1
2078,0, 305, False, 1
2079,0, 305, False, 1
2080,0, 305, False, 1
2081,0, 305, False, 1
2082,0, 305, False, 1
2083,0, 305, False, 1
2084,0, 305, False, 1
2085,0, 305, False, 1
2086,0, 305, False, 1
2087,0, 305, False, 1
2088,0, 305, False, 1
2089,0, 305, False, 12
2090,0, 305, False, 4
2091,0, 305, False, 4
2092,0, 305, False, 4
2093,0, 305, False, 4
2094,0, 305, False, 4
2095,0, 305, False, 4
2096,0, 305, False, 4
2097,0, 305, False, 4
2098,0, 305, False, 4
2099,0, 305, False, 4
2100,0, 305, False, 4
2101,0, 305, False, 4
2102,0, 305, False, 4
2103,0, 305, False, 4
2104,0, 305, False, 4
2105,0, 305, False, 4
2106,0, 305, False, 4
2107,0, 305, False, 4
2108,0, 305, False, 4
2109,0, 305, False, 4
2110,0, 305, False, 4
2111,0, 305, False, 4
2112,0, 305, False, 12
2113,0, 305, False, 12
2114,0, 305, False, 12
2115,0, 305, False, 12
2116,0, 305, False, 12
2117,0, 305, False, 12
2118,0, 305, False, 1
2119,0, 305, False, 1
2120,0, 305, False, 1
2121,0, 305, False, 1
2122,0, 305, False, 1
2123,30, 335, False, 1
2124,0, 335, False, 0
2125,0, 335, False, 0
2126,0, 335, False, 3
2127,0, 335, False, 3
2128,0, 335, False, 3
2129,0, 335, False, 3
2130,0, 335, False, 3
2131,0, 335, False, 3
2132,0, 335, False, 3
2133,0, 335, False, 3
2134,0, 335, False, 3
2135,0, 335, False, 3
2136,0, 335, False, 3
2137,0, 335, False, 3
2138,0, 335, False, 3
2139,0, 335, False, 3
2140,0, 335, False, 3
2141,0, 335, False, 3
2142,0, 335, False, 3
2143,0, 335, False, 3
2144,0, 335, False, 3
2145,0, 335, False, 3
2146,0, 335, False, 3
2147,0, 335, False, 3
2148,0, 335, False, 3
2149,0, 335, False, 3
2150,0, 335, False, 3
2151,0, 335, False, 3
2152,0, 335, False, 3
2153,0, 335, False, 3
2154,0, 335, False, 3
2155,0, 335, False, 3
2156,0, 335, False, 3
2157,0, 335, False, 3
2158,0, 335, False, 3
2159,0, 335, False, 3
2160,0, 335, False, 3
2161,0, 335, False, 3
2162,0, 335, False, 3
2163,0, 335, False, 3
2164,0, 335, False, 3
2165,0, 335, False, 3
2166,0, 335, False, 3
2167,0, 335, False, 3
2168,0, 335, False, 3
2169,0, 335, False, 3
2170,0, 335, False, 3
2171,0, 335, False, 3
2172,0, 335, False, 3
2173,0, 335, False, 3
2174,0, 335, False, 3
2175,0, 335, False, 3
2176,0, 335, False, 3
2177,0, 335, False, 11
2178,0, 335, False, 11
2179,0, 335, False, 11
2180,0, 335, False, 11
2181,0, 335, False, 11
2182,0, 335, False, 11
2183,0, 335, False, 11
2184,0, 335, False, 11
2185,0, 335, False, 11
2186,0, 335, False, 11
2187,0, 335, False, 11
2188,0, 335, False, 3
2189,0, 335, False, 3
2190,0, 335, False, 3
2191,0, 335, False, 3
2192,0, 335, False, 3
2193,0, 335, False, 3
2194,0, 335, False, 3
2195,0, 335, False, 11
2196,0, 335, False, 11
2197,0, 335, False, 11
2198,0, 335, False, 11
2199,0, 335, False, 11
2200,0, 335, False, 11
2201,15, 350, False, 11
2202,0, 350, False, 11
2203,0, 350, False, 11
2204,0, 350, False, 11
2205,0, 350, False, 3
2206,0, 350, False, 3
2207,0, 350, False, 3
2208,0, 350, False, 3
2209,0, 350, False, 3
2210,0, 350, False, 3
2211,0, 350, False, 3
2212,0, 350, False, 3
2213,0, 350, False, 3
2214,0, 350, False, 3
2215,0, 350, False, 11
2216,0, 350, False, 11
2217,0, 350, False, 11
2218,0, 350, False, 11
2219,0, 350, False, 11
2220,0, 350, False, 11
2221,0, 350, False, 11
2222,0, 350, False, 11
2223,0, 350, False, 11
2224,0, 350, False, 11
2225,0, 350, False, 11
2226,0, 350, False, 3
2227,0, 350, False, 3
2228,0, 350, False, 3
2229,0, 350, False, 3
2230,0, 350, False, 3
2231,0, 350, False, 3
2232,0, 350, False, 3
2233,0, 350, False, 3
2234,0, 350, False, 3
2235,0, 350, False, 3
2236,0, 350, False, 3
2237,0, 350, False, 3
2238,0, 350, False, 11
2239,0, 350, False, 11
2240,0, 350, False, 11
2241,0, 350, False, 11
2242,0, 350, False, 11
2243,0, 350, False, 11
2244,0, 350, False, 11
2245,0, 350, False, 11
2246,0, 350, False, 11
2247,0, 350, False, 3
2248,0, 350, False, 3
2249,0, 350, False, 3
2250,0, 350, False, 3
2251,0, 350, False, 3
2252,0, 350, False, 3
2253,0, 350, False, 3
2254,0, 350, False, 3
2255,0, 350, False, 3
2256,0, 350, False, 3
2257,0, 350, False, 3
2258,0, 350, False, 3
2259,0, 350, False, 11
2260,0, 350, False, 11
2261,0, 350, False, 11
2262,0, 350, False, 11
2263,0, 350, False, 11
2264,0, 350, False, 11
2265,0, 350, False, 11
2266,0, 350, False, 11
2267,0, 350, False, 11
2268,0, 350, False, 11
2269,0, 350, False, 11
2270,0, 350, False, 3
2271,0, 350, False, 3
2272,0, 350, False, 3
2273,0, 350, False, 3
2274,0, 350, False, 3
2275,0, 350, False, 3
2276,0, 350, False, 3
2277,0, 350, False, 3
2278,0, 350, False, 3
2279,0, 350, False, 3
2280,0, 350, False, 11
2281,0, 350, False, 11
2282,0, 350, False, 11
2283,0, 350, False, 11
2284,0, 350, False, 11
2285,0, 350, False, 11
2286,0, 350, False, 11
2287,0, 350, False, 11
2288,0, 350, False, 11
2289,0, 350, False, 11
2290,0, 350, False, 11
2291,0, 350, False, 3
2292,0, 350, False, 3
2293,0, 350, False, 3
2294,0, 350, False, 3
2295,0, 350, False, 3
2296,0, 350, False, 3
2297,0, 350, False, 3
2298,0, 350, False, 3
2299,0, 350, False, 3
2300,0, 350, False, 3
2301,0, 350, False, 3
2302,0, 350, False, 11
2303,0, 350, False, 11
2304,0, 350, False, 11
2305,0, 350, False, 11
2306,0, 350, False, 11
2307,0, 350, False, 1
2308,0, 350, False, 1
2309,0, 350, False, 1
2310,0, 350, False, 1
2311,0, 350, False, 1
2312,0, 350, False, 0
2313,0, 350, False, 0
2314,0, 350, False, 0
2315,0, 350, False, 0
2316,0, 350, False, 0
2317,0, 350, False, 0
2318,0, 350, False, 0
2319,0, 350, False, 0
2320,0, 350, False, 1
2321,0, 350, False, 1
2322,0, 350, False, 1
2323,0, 350, False, 1
2324,0, 350, False, 1
2325,15, 365, False, 1
2326,0, 365, False, 1
2327,0, 365, False, 1
2328,0, 365, False, 1
2329,0, 365, False, 1
2330,0, 365, False, 0
2331,0, 365, False, 0
2332,0, 365, False, 0
2333,0, 365, False, 0
2334,0, 365, False, 0
2335,0, 365, False, 0
2336,0, 365, False, 0
2337,0, 365, False, 0
2338,0, 365, False, 0
2339,0, 365, False, 0
2340,0, 365, False, 1
2341,0, 365, False, 1
2342,0, 365, False, 1
2343,0, 365, False, 1
2344,0, 365, False, 1
2345,0, 365, False, 1
2346,0, 365, False, 1
2347,0, 365, False, 1
2348,0, 365, False, 1
2349,0, 365, False, 1
2350,0, 365, False, 1
2351,0, 365, False, 0
2352,0, 365, False, 0
2353,0, 365, False, 0
2354,0, 365, False, 0
2355,0, 365, False, 0
2356,0, 365, False, 0
2357,0, 365, False, 0
2358,0, 365, False, 0
2359,0, 365, False, 0
2360,0, 365, False, 0
2361,0, 365, False, 0
2362,0, 365, False, 0
2363,0, 365, False, 0
2364,0, 365, False, 0
2365,0, 365, False, 0
2366,0, 365, False, 0
2367,0, 365, False, 0
2368,0, 365, False, 0
2369,0, 365, False, 0
2370,0, 365, False, 1
2371,0, 365, False, 1
2372,0, 365, False, 1
2373,0, 365, False, 1
2374,0, 365, False, 1
2375,0, 365, False, 1
2376,0, 365, False, 1
2377,0, 365, False, 1
2378,0, 365, False, 1
2379,0, 365, False, 1
2380,0, 365, False, 1
2381,0, 365, False, 0
2382,0, 365, False, 0
2383,0, 365, False, 0
2384,0, 365, False, 0
2385,0, 365, False, 0
2386,0, 365, False, 0
2387,0, 365, False, 0
2388,0, 365, False, 0
2389,0, 365, False, 0
2390,0, 365, False, 0
2391,0, 365, False, 0
2392,0, 365, False, 0
2393,0, 365, False, 1
2394,0, 365, False, 1
2395,0, 365, False, 1
2396,0, 365, False, 1
2397,0, 365, False, 1
2398,0, 365, False, 1
2399,0, 365, False, 1
2400,0, 365, False, 1
2401,0, 365, False, 1
2402,0, 365, False, 0
2403,0, 365, False, 0
2404,0, 365, False, 0
2405,0, 365, False, 0
2406,0, 365, False, 0
2407,0, 365, False, 0
2408,0, 365, False, 0
2409,0, 365, False, 0
2410,0, 365, False, 0
2411,0, 365, False, 1
2412,0, 365, False, 1
2413,0, 365, False, 1
2414,0, 365, False, 1
2415,0, 365, False, 1
2416,0, 365, False, 1
2417,0, 365, False, 1
2418,0, 365, False, 1
2419,0, 365, False, 1
2420,0, 365, False, 1
2421,0, 365, False, 1
2422,0, 365, False, 1
2423,0, 365, False, 1
2424,0, 365, False, 1
2425,0, 365, False, 1
2426,0, 365, False, 1
2427,0, 365, False, 1
2428,0, 365, False, 1
2429,0, 365, False, 1
2430,0, 365, False, 1
2431,0, 365, False, 1
2432,0, 365, False, 1
2433,0, 365, False, 1
2434,0, 365, False, 1
2435,0, 365, False, 1
2436,0, 365, False, 0
2437,0, 365, False, 0
2438,0, 365, False, 0
2439,0, 365, False, 0
2440,0, 365, False, 0
2441,0, 365, False, 0
2442,0, 365, False, 0
2443,0, 365, False, 0
2444,0, 365, False, 0
2445,0, 365, False, 0
2446,0, 365, False, 0
2447,0, 365, False, 0
2448,0, 365, False, 0
2449,0, 365, False, 0
2450,0, 365, False, 0
2451,0, 365, False, 0
2452,0, 365, False, 0
2453,0, 365, False, 0
2454,0, 365, False, 0
2455,0, 365, False, 0
2456,0, 365, False, 0
2457,0, 365, False, 0
2458,0, 365, False, 0
2459,0, 365, False, 0
2460,0, 365, False, 0
2461,0, 365, False, 0
2462,0, 365, False, 0
2463,0, 365, False, 0
2464,0, 365, False, 0
2465,0, 365, False, 0
2466,0, 365, False, 1
2467,0, 365, False, 1
2468,0, 365, False, 1
2469,0, 365, False, 1
2470,0, 365, False, 1
2471,0, 365, False, 1
2472,0, 365, False, 1
2473,0, 365, False, 1
2474,0, 365, False, 1
2475,0, 365, False, 1
2476,0, 365, False, 1
2477,0, 365, False, 1
2478,0, 365, False, 0
2479,0, 365, False, 0
2480,0, 365, False, 0
2481,0, 365, False, 0
2482,0, 365, False, 0
2483,0, 365, False, 0
2484,0, 365, False, 0
2485,0, 365, False, 0
2486,0, 365, False, 0
2487,0, 365, False, 0
2488,0, 365, False, 0
2489,0, 365, False, 0
2490,0, 365, False, 0
2491,0, 365, False, 0
2492,0, 365, False, 1
2493,0, 365, False, 1
2494,0, 365, False, 1
2495,0, 365, False, 1
2496,0, 365, False, 1
2497,0, 365, False, 1
2498,0, 365, False, 1
2499,0, 365, False, 1
2500,0, 365, False, 1
2501,0, 365, False, 1
2502,0, 365, False, 1
2503,0, 365, False, 1
2504,0, 365, False, 1
2505,0, 365, False, 1
2506,0, 365, False, 1
2507,0, 365, False, 1
2508,0, 365, False, 1
2509,0, 365, False, 1
2510,0, 365, False, 1
2511,0, 365, False, 1
2512,0, 365, False, 1
2513,0, 365, False, 1
2514,0, 365, False, 1
2515,0, 365, False, 1
2516,0, 365, False, 0
2517,0, 365, False, 0
2518,0, 365, False, 0
2519,0, 365, False, 0
2520,0, 365, False, 0
2521,0, 365, False, 0
2522,0, 365, False, 0
2523,20, 385, False, 0
2524,0, 385, False, 0
2525,0, 385, False, 0
2526,0, 385, False, 1
2527,0, 385, False, 1
2528,0, 385, False, 1
2529,0, 385, False, 1
2530,0, 385, False, 1
2531,0, 385, False, 1
2532,0, 385, False, 1
2533,0, 385, False, 1
2534,0, 385, False, 1
2535,0, 385, False, 1
2536,0, 385, False, 1
2537,0, 385, False, 0
2538,0, 385, False, 0
2539,0, 385, False, 0
2540,0, 385, False, 0
2541,0, 385, False, 0
2542,0, 385, False, 0
2543,0, 385, False, 0
2544,0, 385, False, 0
2545,0, 385, False, 0
2546,0, 385, False, 0
2547,0, 385, False, 0
2548,0, 385, False, 0
2549,0, 385, False, 0
2550,0, 385, False, 1
2551,0, 385, False, 1
2552,0, 385, False, 1
2553,0, 385, False, 1
2554,0, 385, False, 1
2555,0, 385, False, 1
2556,0, 385, False, 1
2557,0, 385, False, 1
2558,0, 385, False, 1
2559,0, 385, False, 1
2560,0, 385, False, 1
2561,25, 410, False, 1
2562,0, 410, False, 1
2563,0, 410, False, 1
2564,0, 410, False, 0
2565,0, 410, False, 0
2566,0, 410, False, 0
2567,0, 410, False, 0
2568,0, 410, False, 0
2569,0, 410, False, 0
2570,0, 410, False, 0
2571,0, 410, False, 0
2572,0, 410, False, 0
2573,0, 410, False, 0
2574,0, 410, False, 0
2575,0, 410, False, 0
2576,0, 410, False, 0
2577,0, 410, False, 1
2578,0, 410, False, 1
2579,0, 410, False, 1
2580,0, 410, False, 1
2581,0, 410, False, 1
2582,0, 410, False, 1
2583,0, 410, False, 1
2584,0, 410, False, 1
2585,0, 410, False, 1
2586,0, 410, False, 1
2587,0, 410, False, 1
2588,0, 410, False, 1
2589,0, 410, False, 1
2590,0, 410, False, 1
2591,0, 410, False, 1
2592,0, 410, False, 1
2593,0, 410, False, 1
2594,0, 410, False, 1
2595,0, 410, False, 1
2596,0, 410, False, 1
2597,0, 410, False, 1
2598,0, 410, False, 0
2599,0, 410, False, 0
2600,0, 410, False, 0
2601,0, 410, False, 0
2602,0, 410, False, 0
2603,0, 410, False, 0
2604,0, 410, False, 0
2605,0, 410, False, 0
2606,0, 410, False, 0
2607,0, 410, False, 0
2608,0, 410, False, 0
2609,0, 410, False, 0
2610,0, 410, False, 0
2611,0, 410, False, 0
2612,0, 410, False, 0
2613,0, 410, False, 0
2614,0, 410, False, 0
2615,0, 410, False, 0
2616,0, 410, False, 0
2617,0, 410, False, 0
2618,0, 410, False, 0
2619,0, 410, False, 0
2620,0, 410, False, 0
2621,0, 410, False, 0
2622,0, 410, False, 4
2623,0, 410, False, 4
2624,0, 410, False, 4
2625,0, 410, False, 4
2626,0, 410, False, 4
2627,0, 410, False, 4
2628,0, 410, False, 4
2629,0, 410, False, 4
2630,0, 410, False, 0
2631,0, 410, False, 0
2632,0, 410, False, 0
2633,0, 410, False, 0
2634,0, 410, False, 0
2635,0, 410, False, 0
2636,0, 410, False, 0
2637,0, 410, False, 1
2638,0, 410, False, 1
2639,200, 610, False, 1
2640,0, 610, False, 1
2641,0, 610, False, 1
2642,0, 610, False, 1
2643,0, 610, False, 1
2644,0, 610, False, 1
2645,0, 610, False, 12
2646,0, 610, False, 4
2647,0, 610, False, 4
2648,0, 610, False, 4
2649,0, 610, False, 4
2650,0, 610, False, 4
2651,0, 610, False, 4
2652,0, 610, False, 4
2653,0, 610, False, 4
2654,0, 610, False, 4
2655,0, 610, False, 4
2656,0, 610, False, 4
2657,0, 610, False, 4
2658,0, 610, False, 4
2659,0, 610, False, 4
2660,0, 610, False, 4
2661,0, 610, False, 4
2662,0, 610, False, 4
2663,0, 610, False, 4
2664,0, 610, False, 4
2665,0, 610, False, 4
2666,0, 610, False, 4
2667,0, 610, False, 4
2668,0, 610, False, 0
2669,0, 610, False, 0
2670,0, 610, False, 0
2671,0, 610, False, 0
2672,0, 610, False, 0
2673,0, 610, False, 0
2674,0, 610, False, 0
2675,0, 610, False, 0
2676,0, 610, False, 0
2677,0, 610, False, 1
2678,0, 610, False, 1
2679,0, 610, False, 1
2680,0, 610, False, 1
2681,0, 610, False, 1
2682,0, 610, False, 1
2683,0, 610, False, 1
2684,0, 610, False, 1
2685,0, 610, False, 1
2686,0, 610, False, 1
2687,0, 610, False, 1
2688,0, 610, False, 1
2689,0, 610, False, 1
2690,0, 610, False, 1
2691,0, 610, False, 1
2692,0, 610, False, 0
2693,0, 610, False, 0
2694,0, 610, False, 0
2695,0, 610, False, 0
2696,0, 610, False, 0
2697,0, 610, False, 0
2698,0, 610, False, 0
2699,0, 610, False, 0
2700,0, 610, False, 0
2701,0, 610, False, 0
2702,0, 610, False, 0
2703,0, 610, False, 0
2704,0, 610, False, 0
2705,0, 610, False, 0
2706,0, 610, False, 0
2707,0, 610, False, 0
2708,0, 610, False, 0
2709,0, 610, False, 0
2710,0, 610, False, 0
2711,0, 610, False, 0
2712,0, 610, False, 0
2713,0, 610, False, 0
2714,0, 610, False, 0
2715,0, 610, False, 0
2716,0, 610, False, 0
2717,0, 610, False, 0
2718,0, 610, False, 0
2719,30, 640, False, 0
2720,0, 640, False, 0
2721,0, 640, False, 0
2722,0, 640, False, 0
2723,0, 640, False, 0
2724,0, 640, False, 0
2725,0, 640, False, 4
2726,0, 640, False, 4
2727,0, 640, False, 4
2728,0, 640, False, 4
2729,0, 640, False, 4
2730,0, 640, False, 4
2731,0, 640, False, 4
2732,0, 640, False, 4
2733,0, 640, False, 4
2734,0, 640, False, 4
2735,0, 640, False, 0
2736,0, 640, False, 0
2737,0, 640, False, 0
2738,0, 640, False, 1
2739,0, 640, False, 1
2740,0, 640, False, 1
2741,0, 640, False, 1
2742,0, 640, False, 1
2743,0, 640, False, 1
2744,0, 640, False, 1
2745,0, 640, False, 1
2746,0, 640, False, 1
2747,0, 640, False, 1
2748,0, 640, False, 0
2749,0, 640, False, 0
2750,0, 640, False, 0
2751,0, 640, False, 0
2752,0, 640, False, 0
2753,0, 640, False, 0
2754,0, 640, False, 0
2755,0, 640, False, 0
2756,0, 640, False, 1
2757,0, 640, False, 1
2758,0, 640, False, 1
2759,0, 640, False, 1
2760,0, 640, False, 1
2761,20, 660, False, 1
2762,0, 660, False, 1
2763,0, 660, False, 1
2764,0, 660, False, 1
2765,0, 660, False, 1
2766,0, 660, False, 1
2767,0, 660, False, 1
2768,0, 660, False, 1
2769,0, 660, False, 3
2770,0, 660, False, 3
2771,0, 660, False, 3
2772,0, 660, False, 3
2773,0, 660, False, 3
2774,0, 660, False, 3
2775,0, 660, False, 3
2776,0, 660, False, 3
2777,0, 660, False, 11
2778,0, 660, False, 11
2779,0, 660, False, 11
2780,0, 660, False, 11
2781,0, 660, False, 1
2782,0, 660, False, 1
2783,0, 660, False, 1
2784,0, 660, False, 1
2785,0, 660, False, 1
2786,0, 660, False, 1
2787,0, 660, False, 1
2788,0, 660, False, 1
2789,0, 660, False, 1
2790,0, 660, False, 1
2791,0, 660, False, 1
2792,0, 660, False, 0
2793,0, 660, False, 0
2794,0, 660, False, 0
2795,0, 660, False, 0
2796,0, 660, False, 0
2797,0, 660, False, 0
2798,0, 660, False, 0
2799,0, 660, False, 0
2800,0, 660, False, 0
2801,0, 660, False, 0
2802,0, 660, False, 0
2803,0, 660, False, 0
2804,0, 660, False, 0
2805,0, 660, False, 3
2806,0, 660, False, 3
2807,0, 660, False, 3
2808,0, 660, False, 3
2809,0, 660, False, 3
2810,0, 660, False, 3
2811,0, 660, False, 3
2812,0, 660, False, 3
2813,0, 660, False, 3
2814,0, 660, False, 3
2815,0, 660, False, 3
2816,0, 660, False, 3
2817,0, 660, False, 3
2818,0, 660, False, 3
2819,0, 660, False, 3
2820,0, 660, False, 3
2821,0, 660, False, 3
2822,0, 660, False, 3
2823,0, 660, False, 3
2824,0, 660, False, 3
2825,0, 660, False, 3
2826,0, 660, False, 11
2827,0, 660, False, 11
2828,0, 660, False, 1
2829,0, 660, False, 1
2830,0, 660, False, 1
2831,0, 660, False, 1
2832,0, 660, False, 1
2833,0, 660, False, 1
2834,0, 660, False, 1
2835,0, 660, False, 1
2836,0, 660, False, 1
2837,0, 660, False, 1
2838,0, 660, False, 1
2839,0, 660, False, 0
2840,0, 660, False, 0
2841,0, 660, False, 0
2842,0, 660, False, 0
2843,0, 660, False, 0
2844,0, 660, False, 0
2845,0, 660, False, 0
2846,0, 660, False, 0
2847,0, 660, False, 1
2848,0, 660, False, 1
2849,0, 660, False, 1
2850,0, 660, False, 1
2851,0, 660, False, 1
2852,0, 660, False, 1
2853,0, 660, False, 1
2854,0, 660, False, 1
2855,0, 660, False, 1
2856,0, 660, False, 1
2857,0, 660, False, 1
2858,0, 660, False, 1
2859,0, 660, False, 1
2860,0, 660, False, 1
2861,0, 660, False, 1
2862,0, 660, False, 1
2863,0, 660, False, 1
2864,0, 660, False, 1
2865,0, 660, False, 1
2866,0, 660, False, 0
2867,0, 660, False, 0
2868,0, 660, False, 3
2869,0, 660, False, 3
2870,0, 660, False, 3
2871,0, 660, False, 3
2872,0, 660, False, 3
2873,0, 660, False, 3
2874,0, 660, False, 3
2875,0, 660, False, 3
2876,0, 660, False, 0
2877,0, 660, False, 0
2878,0, 660, False, 0
2879,25, 685, False, 1
2880,0, 685, False, 1
2881,0, 685, False, 1
2882,0, 685, False, 1
2883,0, 685, False, 1
2884,0, 685, False, 12
2885,0, 685, False, 12
2886,0, 685, False, 12
2887,0, 685, False, 12
2888,0, 685, False, 12
2889,0, 685, False, 4
2890,0, 685, False, 4
2891,0, 685, False, 4
2892,0, 685, False, 4
2893,0, 685, False, 4
2894,0, 685, False, 4
2895,0, 685, False, 4
2896,0, 685, False, 4
2897,0, 685, False, 4
2898,0, 685, False, 4
2899,0, 685, False, 4
2900,0, 685, False, 4
2901,0, 685, False, 4
2902,0, 685, False, 4
2903,0, 685, False, 4
2904,0, 685, False, 4
2905,0, 685, False, 4
2906,0, 685, False, 4
2907,0, 685, False, 4
2908,0, 685, False, 4
2909,0, 685, False, 4
2910,0, 685, False, 4
2911,0, 685, False, 4
2912,0, 685, False, 4
2913,0, 685, False, 4
2914,0, 685, False, 4
2915,0, 685, False, 4
2916,0, 685, False, 4
2917,0, 685, False, 4
2918,0, 685, False, 4
2919,0, 685, False, 4
2920,0, 685, False, 12
2921,0, 685, False, 12
2922,0, 685, False, 12
2923,0, 685, False, 12
2924,0, 685, False, 12
2925,0, 685, False, 12
2926,0, 685, False, 12
2927,0, 685, False, 12
2928,0, 685, False, 1
2929,0, 685, False, 1
2930,0, 685, False, 1
2931,0, 685, False, 1
2932,0, 685, False, 1
2933,0, 685, False, 0
2934,0, 685, False, 0
2935,0, 685, False, 0
2936,0, 685, False, 0
2937,0, 685, False, 0
2938,0, 685, False, 0
2939,0, 685, False, 0
2940,0, 685, False, 0
2941,0, 685, False, 1
2942,0, 685, False, 1
2943,0, 685, False, 1
2944,0, 685, False, 1
2945,0, 685, False, 1
2946,0, 685, False, 1
2947,0, 685, False, 1
2948,0, 685, False, 1
2949,0, 685, False, 1
2950,0, 685, False, 1
2951,0, 685, False, 1
2952,0, 685, False, 1
2953,0, 685, False, 1
2954,0, 685, False, 1
2955,0, 685, False, 1
2956,0, 685, False, 1
2957,0, 685, False, 0
2958,0, 685, False, 0
2959,0, 685, False, 0
2960,0, 685, False, 0
2961,0, 685, False, 0
2962,0, 685, False, 0
2963,0, 685, False, 0
2964,0, 685, False, 1
2965,0, 685, False, 1
2966,0, 685, False, 1
2967,0, 685, False, 1
2968,0, 685, False, 1
2969,0, 685, False, 1
2970,0, 685, False, 1
2971,0, 685, False, 1
2972,0, 685, False, 1
2973,0, 685, False, 1
2974,0, 685, False, 1
2975,0, 685, False, 1
2976,0, 685, False, 1
2977,0, 685, False, 1
2978,0, 685, False, 1
2979,0, 685, False, 1
2980,0, 685, False, 0
2981,0, 685, False, 0
2982,0, 685, False, 0
2983,0, 685, False, 0
2984,0, 685, False, 0
2985,0, 685, False, 0
2986,0, 685, False, 0
2987,0, 685, False, 0
2988,0, 685, False, 0
2989,25, 710, False, 0
2990,0, 710, False, 0
2991,0, 710, False, 0
2992,0, 710, False, 0
2993,0, 710, False, 0
2994,0, 710, False, 0
2995,0, 710, False, 0
2996,0, 710, False, 0
2997,0, 710, False, 0
2998,0, 710, False, 0
2999,0, 710, False, 1
3000,0, 710, False, 1
3001,0, 710, False, 1
3002,0, 710, False, 1
3003,0, 710, False, 11
3004,0, 710, False, 11
3005,0, 710, False, 11
3006,0, 710, False, 11
3007,0, 710, False, 11
3008,0, 710, False, 11
3009,0, 710, False, 11
3010,0, 710, False, 3
3011,0, 710, False, 3
3012,0, 710, False, 3
3013,0, 710, False, 3
3014,0, 710, False, 3
3015,0, 710, False, 3
3016,0, 710, False, 3
3017,0, 710, False, 3
3018,0, 710, False, 3
3019,0, 710, False, 3
3020,0, 710, False, 3
3021,0, 710, False, 3
3022,0, 710, False, 3
3023,0, 710, False, 3
3024,0, 710, False, 3
3025,0, 710, False, 3
3026,0, 710, False, 3
3027,0, 710, False, 3
3028,0, 710, False, 3
3029,0, 710, False, 3
3030,0, 710, False, 3
3031,0, 710, False, 3
3032,0, 710, False, 3
3033,0, 710, False, 3
3034,0, 710, False, 11
3035,30, 740, False, 11
3036,0, 740, False, 11
3037,0, 740, False, 3
3038,0, 740, False, 3
3039,0, 740, False, 3
3040,0, 740, False, 3
3041,0, 740, False, 3
3042,0, 740, False, 3
3043,0, 740, False, 3
3044,0, 740, False, 11
3045,0, 740, False, 11
3046,0, 740, False, 11
3047,0, 740, False, 11
3048,0, 740, False, 1
3049,0, 740, False, 1
3050,0, 740, False, 1
3051,0, 740, False, 1
3052,0, 740, False, 1
3053,0, 740, False, 1
3054,0, 740, False, 1
3055,0, 740, False, 1
3056,0, 740, False, 1
3057,0, 740, False, 1
3058,0, 740, False, 1
3059,0, 740, False, 1
3060,0, 740, False, 1
3061,0, 740, False, 1
3062,0, 740, False, 1
3063,0, 740, False, 1
3064,0, 740, False, 1
3065,0, 740, False, 1
3066,0, 740, False, 1
3067,0, 740, False, 1
3068,0, 740, False, 0
3069,0, 740, False, 0
3070,0, 740, False, 0
3071,0, 740, False, 0
3072,0, 740, False, 0
3073,0, 740, False, 0
3074,0, 740, False, 0
3075,0, 740, False, 0
3076,0, 740, False, 0
3077,0, 740, False, 0
3078,0, 740, False, 0
3079,0, 740, False, 0
3080,0, 740, False, 0
3081,0, 740, False, 0
3082,0, 740, False, 0
3083,0, 740, False, 0
3084,0, 740, False, 0
3085,0, 740, False, 0
3086,0, 740, False, 0
3087,0, 740, False, 0
3088,0, 740, False, 0
3089,0, 740, False, 0
3090,0, 740, False, 0
3091,0, 740, False, 0
3092,0, 740, False, 0
3093,0, 740, False, 0
3094,0, 740, False, 0
3095,0, 740, False, 0
3096,0, 740, False, 0
3097,0, 740, False, 0
3098,0, 740, False, 0
3099,0, 740, False, 0
3100,0, 740, False, 0
3101,0, 740, False, 0
3102,0, 740, False, 0
3103,0, 740, False, 0
3104,0, 740, False, 0
3105,0, 740, False, 0
3106,0, 740, False, 0
3107,0, 740, False, 0
3108,0, 740, False, 0
3109,0, 740, False, 0
3110,0, 740, False, 0
3111,0, 740, False, 0
3112,0, 740, False, 0
3113,0, 740, False, 0
3114,0, 740, False, 0
3115,0, 740, False, 0
3116,0, 740, False, 0
3117,0, 740, False, 0
3118,0, 740, False, 0
3119,0, 740, False, 0
3120,0, 740, False, 0
3121,0, 740, False, 0
3122,0, 740, False, 0
3123,0, 740, False, 1
3124,0, 740, False, 1
3125,0, 740, False, 1
3126,0, 740, False, 1
3127,0, 740, False, 1
3128,0, 740, False, 1
3129,0, 740, False, 1
3130,0, 740, False, 1
3131,0, 740, False, 1
3132,0, 740, False, 1
3133,0, 740, False, 1
3134,0, 740, False, 1
3135,0, 740, False, 1
3136,0, 740, False, 1
3137,0, 740, False, 1
3138,0, 740, False, 1
3139,0, 740, False, 1
3140,0, 740, False, 1
3141,0, 740, False, 1
3142,0, 740, False, 1
3143,0, 740, False, 1
3144,0, 740, False, 0
3145,0, 740, False, 0
3146,0, 740, False, 0
3147,0, 740, False, 0
3148,0, 740, False, 0
3149,0, 740, False, 0
3150,0, 740, False, 0
3151,0, 740, False, 0
3152,0, 740, False, 1
3153,0, 740, False, 1
3154,0, 740, False, 1
3155,0, 740, False, 1
3156,0, 740, False, 1
3157,0, 740, False, 1
3158,0, 740, False, 1
3159,0, 740, False, 1
3160,0, 740, False, 1
3161,0, 740, False, 1
3162,0, 740, False, 1
3163,0, 740, False, 1
3164,0, 740, False, 1
3165,0, 740, False, 1
3166,0, 740, False, 1
3167,0, 740, False, 1
3168,0, 740, False, 1
3169,0, 740, False, 1
3170,0, 740, False, 1
3171,0, 740, False, 1
3172,0, 740, False, 1
3173,0, 740, False, 1
3174,0, 740, False, 1
3175,0, 740, False, 1
3176,0, 740, False, 1
3177,0, 740, False, 1
3178,0, 740, False, 1
3179,0, 740, False, 1
3180,0, 740, False, 1
3181,0, 740, False, 1
3182,0, 740, False, 1
3183,0, 740, False, 1
3184,0, 740, False, 1
3185,0, 740, False, 1
3186,0, 740, False, 1
3187,0, 740, False, 1
3188,0, 740, False, 1
3189,0, 740, False, 1
3190,0, 740, False, 1
3191,0, 740, False, 1
3192,0, 740, False, 1
3193,0, 740, False, 1
3194,0, 740, False, 1
3195,0, 740, False, 1
3196,0, 740, False, 1
3197,0, 740, False, 1
3198,0, 740, False, 1
3199,0, 740, False, 0
3200,0, 740, False, 0
3201,0, 740, False, 0
3202,0, 740, False, 0
3203,0, 740, False, 0
3204,0, 740, False, 0
3205,0, 740, False, 0
3206,0, 740, False, 0
3207,0, 740, False, 0
3208,0, 740, False, 1
3209,0, 740, False, 1
3210,0, 740, False, 1
3211,0, 740, False, 1
3212,0, 740, False, 1
3213,0, 740, False, 1
3214,0, 740, False, 1
3215,0, 740, False, 1
3216,0, 740, False, 1
3217,0, 740, False, 1
3218,0, 740, False, 1
3219,0, 740, False, 1
3220,0, 740, False, 12
3221,0, 740, False, 4
3222,0, 740, False, 4
3223,0, 740, False, 0
3224,0, 740, False, 0
3225,0, 740, False, 0
3226,0, 740, False, 0
3227,0, 740, False, 4
3228,0, 740, False, 4
3229,0, 740, False, 4
3230,0, 740, False, 4
3231,0, 740, False, 4
3232,0, 740, False, 4
3233,30, 770, False, 4
3234,0, 770, False, 4
3235,0, 770, False, 4
3236,0, 770, False, 4
3237,0, 770, False, 4
3238,0, 770, False, 4
3239,0, 770, False, 4
3240,0, 770, False, 4
3241,0, 770, False, 4
3242,0, 770, False, 4
3243,0, 770, False, 4
3244,0, 770, False, 4
3245,0, 770, False, 4
3246,0, 770, False, 4
3247,0, 770, False, 4
3248,0, 770, False, 4
3249,0, 770, False, 4
3250,0, 770, False, 4
3251,0, 770, False, 4
3252,0, 770, False, 4
3253,0, 770, False, 4
3254,0, 770, False, 4
3255,0, 770, False, 4
3256,0, 770, False, 4
3257,0, 770, False, 4
3258,0, 770, False, 4
3259,0, 770, False, 4
3260,0, 770, False, 4
3261,0, 770, False, 4
3262,0, 770, False, 4
3263,0, 770, False, 0
3264,0, 770, False, 0
3265,0, 770, False, 0
3266,0, 770, False, 0
3267,0, 770, False, 0
3268,0, 770, False, 0
3269,0, 770, False, 0
3270,0, 770, False, 0
3271,0, 770, False, 0
3272,0, 770, False, 0
3273,0, 770, False, 0
3274,0, 770, False, 0
3275,0, 770, False, 0
3276,0, 770, False, 0
3277,0, 770, False, 0
3278,0, 770, False, 0
3279,0, 770, False, 0
3280,0, 770, False, 0
3281,0, 770, False, 0
3282,0, 770, False, 0
3283,0, 770, False, 0
3284,0, 770, False, 0
3285,0, 770, False, 0
3286,0, 770, False, 0
3287,0, 770, False, 0
3288,0, 770, False, 0
3289,0, 770, False, 0
3290,0, 770, False, 0
3291,0, 770, False, 0
3292,0, 770, False, 0
3293,0, 770, False, 0
3294,0, 770, False, 4
3295,0, 770, False, 4
3296,0, 770, False, 4
3297,0, 770, False, 4
3298,0, 770, False, 4
3299,0, 770, False, 4
3300,0, 770, False, 4
3301,0, 770, False, 4
3302,0, 770, False, 0
3303,0, 770, False, 0
3304,0, 770, False, 0
3305,0, 770, False, 0
3306,0, 770, False, 0
3307,0, 770, False, 0
3308,0, 770, False, 0
3309,0, 770, False, 0
3310,0, 770, False, 0
3311,0, 770, False, 0
3312,0, 770, False, 0
3313,0, 770, False, 0
3314,0, 770, False, 0
3315,0, 770, False, 0
3316,0, 770, False, 0
3317,0, 770, False, 0
3318,0, 770, False, 0
3319,0, 770, False, 0
3320,0, 770, False, 0
3321,0, 770, False, 0
3322,0, 770, False, 0
3323,0, 770, False, 0
3324,0, 770, False, 0
3325,0, 770, False, 0
3326,0, 770, False, 0
3327,0, 770, False, 0
3328,0, 770, False, 0
3329,0, 770, False, 0
3330,0, 770, False, 1
3331,0, 770, False, 1
3332,0, 770, False, 1
3333,0, 770, False, 1
3334,0, 770, False, 1
3335,0, 770, False, 1
3336,0, 770, False, 1
3337,0, 770, False, 1
3338,0, 770, False, 1
3339,0, 770, False, 1
3340,0, 770, False, 1
3341,0, 770, False, 1
3342,0, 770, False, 1
3343,0, 770, False, 1
3344,0, 770, False, 1
3345,0, 770, False, 1
3346,0, 770, False, 1
3347,0, 770, False, 1
3348,0, 770, False, 0
3349,0, 770, False, 0
3350,0, 770, False, 0
3351,0, 770, False, 0
3352,0, 770, False, 0
3353,0, 770, False, 0
3354,0, 770, False, 0
3355,0, 770, False, 0
3356,0, 770, False, 0
3357,0, 770, False, 0
3358,0, 770, False, 0
3359,0, 770, False, 0
3360,0, 770, False, 0
3361,0, 770, False, 0
3362,0, 770, False, 0
3363,0, 770, False, 0
3364,0, 770, False, 0
3365,0, 770, False, 0
3366,0, 770, False, 0
3367,0, 770, False, 0
3368,0, 770, False, 0
3369,0, 770, False, 0
3370,0, 770, False, 1
3371,0, 770, False, 1
3372,0, 770, False, 1
3373,0, 770, False, 1
3374,0, 770, False, 1
3375,0, 770, False, 1
3376,0, 770, False, 1
3377,0, 770, False, 1
3378,0, 770, False, 1
3379,0, 770, False, 1
3380,0, 770, False, 1
3381,0, 770, False, 1
3382,0, 770, False, 1
3383,0, 770, False, 1
3384,0, 770, False, 1
3385,0, 770, False, 1
3386,0, 770, False, 11
3387,0, 770, False, 3
3388,0, 770, False, 3
3389,0, 770, False, 3
3390,0, 770, False, 3
3391,0, 770, False, 3
3392,0, 770, False, 3
3393,0, 770, False, 3
3394,0, 770, False, 3
3395,0, 770, False, 3
3396,0, 770, False, 3
3397,0, 770, False, 3
3398,0, 770, False, 3
3399,0, 770, False, 3
3400,0, 770, False, 3
3401,0, 770, False, 3
3402,0, 770, False, 0
3403,0, 770, False, 0
3404,0, 770, False, 0
3405,0, 770, False, 0
3406,0, 770, False, 0
3407,0, 770, False, 0
3408,0, 770, False, 0
3409,0, 770, False, 0
3410,0, 770, False, 0
3411,0, 770, False, 0
3412,0, 770, False, 1
3413,0, 770, False, 1
3414,0, 770, False, 1
3415,0, 770, False, 1
3416,0, 770, False, 1
3417,0, 770, False, 1
3418,0, 770, False, 1
3419,0, 770, False, 1
3420,0, 770, False, 1
3421,0, 770, False, 1
3422,0, 770, False, 1
3423,0, 770, False, 1
3424,0, 770, False, 12
3425,0, 770, False, 12
3426,0, 770, False, 4
3427,0, 770, False, 4
3428,0, 770, False, 4
3429,0, 770, False, 4
3430,0, 770, False, 4
3431,0, 770, False, 4
3432,0, 770, False, 4
3433,0, 770, False, 4
3434,0, 770, False, 4
3435,0, 770, False, 4
3436,0, 770, False, 4
3437,0, 770, False, 4
3438,0, 770, False, 4
3439,0, 770, False, 4
3440,0, 770, False, 4
3441,0, 770, False, 4
3442,0, 770, False, 4
3443,0, 770, False, 4
3444,0, 770, False, 4
3445,0, 770, False, 0
3446,0, 770, False, 0
3447,0, 770, False, 0
3448,0, 770, False, 0
3449,0, 770, False, 0
3450,0, 770, False, 0
3451,0, 770, False, 0
3452,0, 770, False, 1
3453,0, 770, False, 1
3454,0, 770, False, 1
3455,0, 770, False, 1
3456,0, 770, False, 11
3457,0, 770, False, 11
3458,0, 770, False, 11
3459,0, 770, False, 11
3460,0, 770, False, 11
3461,0, 770, False, 11
3462,0, 770, False, 3
3463,0, 770, False, 3
3464,0, 770, False, 3
3465,0, 770, False, 3
3466,0, 770, False, 3
3467,0, 770, False, 3
3468,0, 770, False, 3
3469,0, 770, False, 3
3470,0, 770, False, 3
3471,0, 770, False, 3
3472,0, 770, False, 1
3473,0, 770, False, 1
3474,0, 770, False, 1
3475,0, 770, False, 1
3476,0, 770, False, 1
3477,0, 770, False, 1
3478,0, 770, False, 1
3479,0, 770, False, 1
3480,0, 770, False, 1
3481,0, 770, False, 1
3482,0, 770, False, 1
3483,0, 770, False, 1
3484,0, 770, False, 1
3485,0, 770, False, 1
3486,0, 770, False, 1
3487,0, 770, False, 1
3488,0, 770, False, 1
3489,0, 770, False, 1
3490,0, 770, False, 1
3491,0, 770, False, 12
3492,0, 770, False, 12
3493,0, 770, False, 12
3494,0, 770, False, 1
3495,0, 770, False, 4
3496,0, 770, False, 4
3497,0, 770, False, 4
3498,0, 770, False, 4
3499,0, 770, False, 4
3500,0, 770, False, 4
3501,0, 770, False, 4
3502,0, 770, False, 4
3503,0, 770, False, 4
3504,0, 770, False, 4
3505,0, 770, False, 4
3506,0, 770, False, 4
3507,0, 770, False, 4
3508,0, 770, False, 0
3509,0, 770, False, 0
3510,0, 770, False, 0
3511,0, 770, False, 0
3512,0, 770, False, 0
3513,0, 770, False, 0
3514,0, 770, False, 0
3515,0, 770, False, 0
3516,0, 770, False, 0
3517,0, 770, False, 0
3518,0, 770, False, 0
3519,0, 770, False, 0
3520,0, 770, False, 0
3521,0, 770, False, 0
3522,0, 770, False, 0
3523,0, 770, False, 0
3524,0, 770, False, 0
3525,0, 770, False, 0
3526,0, 770, False, 0
3527,0, 770, False, 0
3528,0, 770, False, 4
3529,0, 770, False, 4
3530,0, 770, False, 4
3531,0, 770, False, 4
3532,0, 770, False, 4
3533,0, 770, False, 4
3534,0, 770, False, 4
3535,0, 770, False, 4
3536,0, 770, False, 4
3537,0, 770, False, 4
3538,0, 770, False, 4
3539,0, 770, False, 4
3540,0, 770, False, 4
3541,0, 770, False, 4
3542,0, 770, False, 4
3543,0, 770, False, 4
3544,0, 770, False, 4
3545,0, 770, False, 4
3546,0, 770, False, 4
3547,0, 770, False, 0
3548,0, 770, False, 0
3549,0, 770, False, 0
3550,0, 770, False, 0
3551,0, 770, False, 0
3552,0, 770, False, 0
3553,0, 770, False, 3
3554,0, 770, False, 3
3555,0, 770, False, 3
3556,0, 770, False, 3
3557,0, 770, False, 3
3558,0, 770, False, 3
3559,0, 770, False, 3
3560,0, 770, False, 3
3561,0, 770, False, 3
3562,0, 770, False, 3
3563,0, 770, False, 0
3564,0, 770, False, 0
3565,0, 770, False, 0
3566,0, 770, False, 0
3567,0, 770, False, 0
3568,0, 770, False, 0
3569,0, 770, False, 0
3570,0, 770, False, 0
3571,0, 770, False, 0
3572,0, 770, False, 0
3573,0, 770, False, 0
3574,0, 770, False, 0
3575,0, 770, False, 0
3576,0, 770, False, 0
3577,0, 770, False, 0
3578,0, 770, False, 0
3579,0, 770, False, 0
3580,0, 770, False, 0
3581,0, 770, False, 0
3582,0, 770, False, 0
3583,0, 770, False, 0
3584,0, 770, False, 0
3585,0, 770, False, 0
3586,0, 770, False, 0
3587,0, 770, False, 0
3588,0, 770, False, 0
3589,0, 770, False, 0
3590,0, 770, False, 0
3591,0, 770, False, 0
3592,0, 770, False, 0
3593,0, 770, False, 0
3594,0, 770, False, 0
3595,0, 770, False, 0
3596,0, 770, False, 0
3597,0, 770, False, 0
3598,0, 770, False, 1
3599,0, 770, False, 1
3600,0, 770, False, 1
3601,0, 770, False, 1
3602,0, 770, False, 1
3603,0, 770, False, 1
3604,0, 770, False, 1
3605,0, 770, False, 1
3606,0, 770, False, 1
3607,0, 770, False, 1
3608,0, 770, False, 1
3609,0, 770, False, 1
3610,0, 770, False, 1
3611,0, 770, False, 1
3612,0, 770, False, 1
3613,0, 770, False, 1
3614,0, 770, False, 1
3615,0, 770, False, 1
3616,0, 770, False, 1
3617,0, 770, False, 1
3618,0, 770, False, 3
3619,0, 770, False, 3
3620,0, 770, False, 3
3621,0, 770, False, 3
3622,0, 770, False, 3
3623,0, 770, False, 11
3624,0, 770, False, 11
3625,0, 770, False, 11
3626,0, 770, False, 11
3627,0, 770, False, 11
3628,0, 770, False, 11
3629,0, 770, False, 11
3630,0, 770, False, 11
3631,0, 770, False, 11
3632,0, 770, False, 11
3633,0, 770, False, 11
3634,0, 770, False, 3
3635,0, 770, False, 3
3636,0, 770, False, 3
3637,0, 770, False, 3
3638,0, 770, False, 3
3639,0, 770, False, 11
3640,0, 770, False, 11
3641,0, 770, False, 11
3642,0, 770, False, 11
3643,0, 770, False, 11
3644,0, 770, False, 11
3645,0, 770, False, 11
3646,0, 770, False, 11
3647,0, 770, False, 11
3648,0, 770, False, 11
3649,0, 770, False, 11
3650,0, 770, False, 11
3651,0, 770, False, 3
3652,0, 770, False, 3
3653,0, 770, False, 3
3654,0, 770, False, 3
3655,0, 770, False, 11
3656,0, 770, False, 11
3657,0, 770, False, 11
3658,0, 770, False, 11
3659,0, 770, False, 11
3660,0, 770, False, 11
3661,0, 770, False, 11
3662,0, 770, False, 11
3663,0, 770, False, 11
3664,0, 770, False, 11
3665,0, 770, False, 11
3666,0, 770, False, 11
3667,0, 770, False, 11
3668,0, 770, False, 4
3669,0, 770, False, 4
3670,0, 770, False, 4
3671,0, 770, False, 4
3672,0, 770, False, 4
3673,0, 770, False, 4
3674,0, 770, False, 4
3675,0, 770, False, 4
3676,0, 770, False, 12
3677,0, 770, False, 12
3678,0, 770, False, 12
3679,0, 770, False, 12
3680,0, 770, False, 12
3681,0, 770, False, 12
3682,0, 770, False, 12
3683,0, 770, False, 12
3684,0, 770, False, 12
3685,0, 770, False, 4
3686,0, 770, False, 4
3687,0, 770, False, 4
3688,0, 770, False, 4
3689,0, 770, False, 4
3690,0, 770, False, 4
3691,0, 770, False, 4
3692,0, 770, False, 4
3693,0, 770, False, 4
3694,0, 770, False, 4
3695,0, 770, False, 4
3696,0, 770, False, 4
3697,0, 770, False, 4
3698,0, 770, False, 4
3699,0, 770, False, 12
3700,0, 770, False, 12
3701,0, 770, False, 12
3702,0, 770, False, 12
3703,0, 770, False, 12
3704,0, 770, False, 12
3705,0, 770, False, 12
3706,0, 770, False, 12
3707,0, 770, False, 4
3708,0, 770, False, 4
3709,0, 770, False, 0
3710,0, 770, False, 0
3711,0, 770, False, 0
3712,0, 770, False, 1
3713,0, 770, False, 12
3714,0, 770, False, 12
3715,0, 770, False, 12
3716,0, 770, False, 12
3717,0, 770, False, 12
3718,0, 770, False, 12
3719,0, 770, False, 4
3720,0, 770, False, 4
3721,0, 770, False, 12
3722,0, 770, False, 12
3723,0, 770, False, 12
3724,0, 770, False, 12
3725,0, 770, False, 12
3726,0, 770, False, 12
3727,0, 770, False, 12
3728,0, 770, False, 12
3729,0, 770, False, 12
3730,0, 770, False, 12
3731,0, 770, False, 12
3732,0, 770, False, 12
3733,0, 770, False, 12
3734,0, 770, False, 12
3735,0, 770, False, 12
3736,0, 770, False, 4
3737,0, 770, False, 4
3738,0, 770, False, 4
3739,0, 770, False, 4
3740,0, 770, False, 4
3741,0, 770, False, 12
3742,0, 770, False, 12
3743,0, 770, False, 12
3744,0, 770, False, 12
3745,0, 770, False, 12
3746,0, 770, False, 12
3747,0, 770, False, 12
3748,0, 770, False, 12
3749,0, 770, False, 12
3750,0, 770, False, 12
3751,0, 770, False, 4
3752,0, 770, False, 4
3753,0, 770, False, 4
3754,0, 770, False, 4
3755,0, 770, False, 4
3756,0, 770, False, 4
3757,0, 770, False, 4
3758,0, 770, False, 12
3759,0, 770, False, 12
3760,0, 770, False, 12
3761,0, 770, False, 12
3762,0, 770, False, 12
3763,0, 770, False, 12
3764,0, 770, False, 4
3765,0, 770, False, 4
3766,0, 770, False, 4
3767,0, 770, False, 4
3768,0, 770, False, 4
3769,0, 770, False, 0
3770,0, 770, False, 0
3771,0, 770, False, 0
3772,0, 770, False, 0
3773,0, 770, False, 0
3774,0, 770, False, 0
3775,0, 770, False, 0
3776,0, 770, False, 0
3777,0, 770, False, 0
3778,0, 770, False, 0
3779,0, 770, False, 0
3780,0, 770, False, 0
3781,0, 770, False, 0
3782,0, 770, False, 0
3783,0, 770, False, 0
3784,0, 770, False, 0
3785,0, 770, False, 0
3786,0, 770, False, 3
3787,0, 770, False, 3
3788,0, 770, False, 0
3789,0, 770, False, 0
3790,0, 770, False, 0
3791,0, 770, False, 0
3792,0, 770, False, 0
3793,0, 770, False, 0
3794,0, 770, False, 0
3795,0, 770, False, 0
3796,0, 770, False, 0
3797,0, 770, False, 0
3798,0, 770, False, 0
3799,0, 770, False, 0
3800,0, 770, False, 0
3801,0, 770, False, 0
3802,0, 770, False, 0
3803,0, 770, False, 0
3804,0, 770, False, 0
3805,0, 770, False, 0
3806,0, 770, False, 0
3807,0, 770, False, 1
3808,0, 770, False, 1
3809,0, 770, False, 1
3810,0, 770, False, 1
3811,0, 770, False, 1
3812,0, 770, False, 1
3813,30, 800, False, 1
3814,0, 800, False, 1
3815,0, 800, False, 1
3816,0, 800, False, 1
3817,0, 800, False, 1
3818,0, 800, False, 1
3819,0, 800, False, 1
3820,0, 800, False, 1
3821,0, 800, False, 0
3822,0, 800, False, 0
3823,0, 800, False, 0
3824,0, 800, True, 0
