db traj id : 1344
frame,reward,score,terminal, action
0,0, 0, False, 0
1,0, 0, False, 0
2,0, 0, False, 0
3,0, 0, False, 0
4,0, 0, False, 0
5,0, 0, False, 0
6,0, 0, False, 0
7,0, 0, False, 0
8,0, 0, False, 0
9,0, 0, False, 0
10,0, 0, False, 0
11,0, 0, False, 0
12,0, 0, False, 0
13,0, 0, False, 0
14,0, 0, False, 0
15,0, 0, False, 0
16,0, 0, False, 0
17,0, 0, False, 0
18,0, 0, False, 0
19,0, 0, False, 0
20,0, 0, False, 0
21,0, 0, False, 0
22,0, 0, False, 0
23,0, 0, False, 0
24,0, 0, False, 0
25,0, 0, False, 0
26,0, 0, False, 0
27,0, 0, False, 0
28,0, 0, False, 0
29,0, 0, False, 0
30,0, 0, False, 0
31,0, 0, False, 0
32,0, 0, False, 0
33,0, 0, False, 0
34,0, 0, False, 0
35,0, 0, False, 0
36,0, 0, False, 0
37,0, 0, False, 0
38,0, 0, False, 0
39,0, 0, False, 0
40,0, 0, False, 4
41,0, 0, False, 4
42,0, 0, False, 4
43,0, 0, False, 4
44,0, 0, False, 4
45,0, 0, False, 4
46,0, 0, False, 4
47,0, 0, False, 4
48,0, 0, False, 4
49,0, 0, False, 4
50,0, 0, False, 4
51,0, 0, False, 4
52,0, 0, False, 4
53,0, 0, False, 4
54,0, 0, False, 0
55,0, 0, False, 3
56,0, 0, False, 3
57,0, 0, False, 3
58,0, 0, False, 3
59,0, 0, False, 3
60,0, 0, False, 3
61,0, 0, False, 3
62,0, 0, False, 3
63,0, 0, False, 3
64,0, 0, False, 3
65,0, 0, False, 3
66,0, 0, False, 3
67,0, 0, False, 3
68,0, 0, False, 3
69,0, 0, False, 3
70,0, 0, False, 3
71,0, 0, False, 3
72,0, 0, False, 3
73,0, 0, False, 3
74,0, 0, False, 3
75,0, 0, False, 3
76,0, 0, False, 3
77,0, 0, False, 3
78,0, 0, False, 3
79,0, 0, False, 3
80,0, 0, False, 3
81,0, 0, False, 3
82,0, 0, False, 3
83,0, 0, False, 3
84,0, 0, False, 3
85,0, 0, False, 3
86,0, 0, False, 3
87,0, 0, False, 3
88,0, 0, False, 3
89,0, 0, False, 3
90,0, 0, False, 3
91,0, 0, False, 3
92,0, 0, False, 0
93,0, 0, False, 0
94,0, 0, False, 0
95,0, 0, False, 0
96,0, 0, False, 0
97,0, 0, False, 0
98,0, 0, False, 0
99,0, 0, False, 0
100,0, 0, False, 0
101,0, 0, False, 0
102,0, 0, False, 0
103,0, 0, False, 0
104,0, 0, False, 0
105,0, 0, False, 0
106,0, 0, False, 0
107,0, 0, False, 0
108,0, 0, False, 0
109,0, 0, False, 0
110,0, 0, False, 0
111,0, 0, False, 0
112,0, 0, False, 0
113,0, 0, False, 0
114,0, 0, False, 0
115,0, 0, False, 0
116,0, 0, False, 0
117,0, 0, False, 0
118,0, 0, False, 0
119,0, 0, False, 0
120,0, 0, False, 0
121,0, 0, False, 0
122,0, 0, False, 0
123,0, 0, False, 0
124,0, 0, False, 0
125,0, 0, False, 0
126,0, 0, False, 0
127,0, 0, False, 0
128,0, 0, False, 0
129,0, 0, False, 0
130,0, 0, False, 0
131,0, 0, False, 0
132,0, 0, False, 0
133,0, 0, False, 0
134,0, 0, False, 0
135,0, 0, False, 0
136,0, 0, False, 0
137,0, 0, False, 0
138,0, 0, False, 0
139,0, 0, False, 0
140,0, 0, False, 0
141,0, 0, False, 0
142,0, 0, False, 0
143,0, 0, False, 0
144,0, 0, False, 0
145,0, 0, False, 0
146,0, 0, False, 0
147,0, 0, False, 0
148,0, 0, False, 0
149,0, 0, False, 0
150,0, 0, False, 0
151,0, 0, False, 0
152,0, 0, False, 0
153,0, 0, False, 0
154,0, 0, False, 0
155,0, 0, False, 0
156,0, 0, False, 0
157,0, 0, False, 0
158,0, 0, False, 0
159,0, 0, False, 0
160,0, 0, False, 0
161,0, 0, False, 0
162,0, 0, False, 3
163,0, 0, False, 3
164,0, 0, False, 3
165,0, 0, False, 3
166,0, 0, False, 3
167,0, 0, False, 3
168,0, 0, False, 3
169,0, 0, False, 3
170,0, 0, False, 3
171,0, 0, False, 3
172,0, 0, False, 3
173,0, 0, False, 3
174,0, 0, False, 3
175,0, 0, False, 3
176,0, 0, False, 3
177,0, 0, False, 3
178,0, 0, False, 3
179,0, 0, False, 3
180,0, 0, False, 3
181,0, 0, False, 3
182,0, 0, False, 3
183,0, 0, False, 3
184,0, 0, False, 3
185,0, 0, False, 3
186,0, 0, False, 3
187,0, 0, False, 3
188,0, 0, False, 3
189,0, 0, False, 3
190,0, 0, False, 3
191,0, 0, False, 3
192,0, 0, False, 3
193,0, 0, False, 3
194,0, 0, False, 3
195,0, 0, False, 3
196,0, 0, False, 3
197,0, 0, False, 0
198,0, 0, False, 0
199,0, 0, False, 0
200,0, 0, False, 3
201,0, 0, False, 3
202,0, 0, False, 3
203,0, 0, False, 3
204,0, 0, False, 3
205,0, 0, False, 3
206,0, 0, False, 3
207,0, 0, False, 3
208,0, 0, False, 3
209,0, 0, False, 3
210,0, 0, False, 3
211,0, 0, False, 3
212,0, 0, False, 3
213,0, 0, False, 3
214,0, 0, False, 3
215,0, 0, False, 3
216,0, 0, False, 3
217,0, 0, False, 3
218,0, 0, False, 3
219,0, 0, False, 3
220,0, 0, False, 0
221,0, 0, False, 0
222,0, 0, False, 1
223,0, 0, False, 1
224,0, 0, False, 1
225,0, 0, False, 1
226,0, 0, False, 1
227,0, 0, False, 1
228,0, 0, False, 1
229,0, 0, False, 1
230,0, 0, False, 0
231,0, 0, False, 0
232,0, 0, False, 0
233,0, 0, False, 0
234,0, 0, False, 0
235,0, 0, False, 0
236,0, 0, False, 0
237,0, 0, False, 0
238,0, 0, False, 0
239,0, 0, False, 0
240,0, 0, False, 0
241,0, 0, False, 1
242,0, 0, False, 1
243,0, 0, False, 1
244,0, 0, False, 1
245,0, 0, False, 1
246,0, 0, False, 1
247,0, 0, False, 0
248,0, 0, False, 0
249,5, 5, False, 0
250,0, 5, False, 0
251,0, 5, False, 0
252,0, 5, False, 0
253,0, 5, False, 0
254,0, 5, False, 0
255,0, 5, False, 1
256,0, 5, False, 1
257,0, 5, False, 1
258,0, 5, False, 1
259,0, 5, False, 1
260,0, 5, False, 1
261,0, 5, False, 0
262,0, 5, False, 0
263,0, 5, False, 0
264,0, 5, False, 0
265,0, 5, False, 0
266,0, 5, False, 0
267,0, 5, False, 1
268,0, 5, False, 1
269,0, 5, False, 11
270,0, 5, False, 11
271,0, 5, False, 3
272,0, 5, False, 3
273,0, 5, False, 3
274,0, 5, False, 3
275,0, 5, False, 3
276,0, 5, False, 3
277,0, 5, False, 3
278,0, 5, False, 3
279,0, 5, False, 3
280,0, 5, False, 3
281,0, 5, False, 3
282,0, 5, False, 3
283,0, 5, False, 3
284,0, 5, False, 3
285,0, 5, False, 3
286,0, 5, False, 3
287,0, 5, False, 3
288,0, 5, False, 3
289,10, 15, False, 3
290,0, 15, False, 3
291,0, 15, False, 3
292,0, 15, False, 3
293,0, 15, False, 3
294,0, 15, False, 3
295,0, 15, False, 3
296,0, 15, False, 3
297,0, 15, False, 3
298,0, 15, False, 3
299,0, 15, False, 3
300,0, 15, False, 3
301,0, 15, False, 3
302,0, 15, False, 3
303,0, 15, False, 3
304,0, 15, False, 3
305,0, 15, False, 3
306,0, 15, False, 3
307,0, 15, False, 0
308,0, 15, False, 0
309,0, 15, False, 0
310,0, 15, False, 0
311,0, 15, False, 0
312,0, 15, False, 0
313,0, 15, False, 3
314,0, 15, False, 3
315,0, 15, False, 3
316,0, 15, False, 3
317,0, 15, False, 3
318,0, 15, False, 3
319,0, 15, False, 3
320,0, 15, False, 3
321,0, 15, False, 3
322,0, 15, False, 3
323,0, 15, False, 3
324,0, 15, False, 3
325,0, 15, False, 3
326,0, 15, False, 3
327,0, 15, False, 3
328,0, 15, False, 3
329,0, 15, False, 3
330,0, 15, False, 3
331,0, 15, False, 3
332,0, 15, False, 3
333,0, 15, False, 3
334,0, 15, False, 3
335,0, 15, False, 3
336,0, 15, False, 11
337,0, 15, False, 11
338,0, 15, False, 1
339,0, 15, False, 1
340,0, 15, False, 1
341,0, 15, False, 1
342,0, 15, False, 0
343,0, 15, False, 0
344,0, 15, False, 0
345,0, 15, False, 0
346,0, 15, False, 0
347,0, 15, False, 0
348,0, 15, False, 0
349,0, 15, False, 1
350,0, 15, False, 1
351,0, 15, False, 1
352,0, 15, False, 1
353,0, 15, False, 0
354,0, 15, False, 0
355,0, 15, False, 0
356,0, 15, False, 0
357,0, 15, False, 0
358,0, 15, False, 0
359,0, 15, False, 0
360,0, 15, False, 0
361,0, 15, False, 0
362,0, 15, False, 1
363,5, 20, False, 1
364,0, 20, False, 1
365,0, 20, False, 1
366,0, 20, False, 1
367,0, 20, False, 1
368,0, 20, False, 0
369,0, 20, False, 3
370,0, 20, False, 3
371,0, 20, False, 3
372,0, 20, False, 3
373,0, 20, False, 3
374,0, 20, False, 3
375,0, 20, False, 3
376,0, 20, False, 3
377,0, 20, False, 3
378,0, 20, False, 3
379,0, 20, False, 3
380,0, 20, False, 3
381,0, 20, False, 3
382,0, 20, False, 3
383,0, 20, False, 3
384,0, 20, False, 0
385,0, 20, False, 0
386,0, 20, False, 0
387,0, 20, False, 0
388,0, 20, False, 0
389,0, 20, False, 1
390,0, 20, False, 1
391,0, 20, False, 1
392,0, 20, False, 1
393,0, 20, False, 1
394,0, 20, False, 1
395,0, 20, False, 1
396,0, 20, False, 1
397,10, 30, False, 1
398,0, 30, False, 0
399,0, 30, False, 0
400,0, 30, False, 0
401,0, 30, False, 0
402,0, 30, False, 0
403,0, 30, False, 0
404,0, 30, False, 0
405,0, 30, False, 0
406,0, 30, False, 0
407,0, 30, False, 0
408,0, 30, False, 1
409,0, 30, False, 1
410,0, 30, False, 1
411,0, 30, False, 1
412,0, 30, False, 1
413,0, 30, False, 1
414,0, 30, False, 1
415,0, 30, False, 0
416,0, 30, False, 0
417,0, 30, False, 0
418,0, 30, False, 0
419,0, 30, False, 0
420,0, 30, False, 0
421,0, 30, False, 0
422,0, 30, False, 0
423,0, 30, False, 1
424,0, 30, False, 1
425,0, 30, False, 1
426,0, 30, False, 1
427,0, 30, False, 1
428,0, 30, False, 1
429,0, 30, False, 1
430,0, 30, False, 0
431,0, 30, False, 0
432,0, 30, False, 0
433,0, 30, False, 0
434,0, 30, False, 4
435,0, 30, False, 4
436,0, 30, False, 4
437,0, 30, False, 4
438,0, 30, False, 4
439,0, 30, False, 4
440,0, 30, False, 4
441,0, 30, False, 4
442,0, 30, False, 4
443,0, 30, False, 4
444,0, 30, False, 4
445,0, 30, False, 4
446,0, 30, False, 4
447,0, 30, False, 4
448,0, 30, False, 4
449,0, 30, False, 4
450,0, 30, False, 4
451,0, 30, False, 4
452,0, 30, False, 4
453,0, 30, False, 4
454,0, 30, False, 4
455,0, 30, False, 4
456,0, 30, False, 4
457,0, 30, False, 4
458,0, 30, False, 4
459,0, 30, False, 4
460,0, 30, False, 4
461,0, 30, False, 4
462,0, 30, False, 4
463,0, 30, False, 4
464,0, 30, False, 4
465,0, 30, False, 4
466,0, 30, False, 4
467,0, 30, False, 4
468,0, 30, False, 1
469,0, 30, False, 1
470,0, 30, False, 1
471,0, 30, False, 1
472,0, 30, False, 0
473,0, 30, False, 0
474,0, 30, False, 0
475,0, 30, False, 0
476,0, 30, False, 0
477,0, 30, False, 0
478,0, 30, False, 0
479,0, 30, False, 0
480,0, 30, False, 0
481,30, 60, False, 1
482,0, 60, False, 1
483,0, 60, False, 1
484,0, 60, False, 1
485,0, 60, False, 0
486,0, 60, False, 0
487,0, 60, False, 0
488,0, 60, False, 0
489,0, 60, False, 0
490,0, 60, False, 0
491,0, 60, False, 0
492,0, 60, False, 0
493,0, 60, False, 0
494,0, 60, False, 0
495,0, 60, False, 1
496,0, 60, False, 1
497,0, 60, False, 1
498,0, 60, False, 1
499,0, 60, False, 0
500,0, 60, False, 0
501,0, 60, False, 0
502,0, 60, False, 0
503,0, 60, False, 0
504,0, 60, False, 0
505,0, 60, False, 0
506,0, 60, False, 1
507,0, 60, False, 1
508,0, 60, False, 1
509,5, 65, False, 1
510,0, 65, False, 0
511,0, 65, False, 0
512,0, 65, False, 0
513,0, 65, False, 0
514,0, 65, False, 0
515,0, 65, False, 0
516,0, 65, False, 0
517,0, 65, False, 1
518,0, 65, False, 1
519,0, 65, False, 1
520,0, 65, False, 1
521,0, 65, False, 0
522,0, 65, False, 0
523,0, 65, False, 0
524,0, 65, False, 0
525,0, 65, False, 0
526,0, 65, False, 0
527,0, 65, False, 0
528,0, 65, False, 1
529,0, 65, False, 1
530,0, 65, False, 1
531,0, 65, False, 1
532,0, 65, False, 0
533,0, 65, False, 0
534,0, 65, False, 0
535,0, 65, False, 0
536,0, 65, False, 0
537,0, 65, False, 0
538,0, 65, False, 0
539,0, 65, False, 0
540,0, 65, False, 3
541,0, 65, False, 3
542,0, 65, False, 11
543,0, 65, False, 11
544,0, 65, False, 11
545,0, 65, False, 11
546,0, 65, False, 11
547,0, 65, False, 3
548,0, 65, False, 3
549,0, 65, False, 3
550,0, 65, False, 3
551,0, 65, False, 0
552,0, 65, False, 0
553,10, 75, False, 0
554,0, 75, False, 0
555,0, 75, False, 0
556,0, 75, False, 0
557,0, 75, False, 0
558,0, 75, False, 0
559,0, 75, False, 0
560,0, 75, False, 0
561,0, 75, False, 0
562,0, 75, False, 0
563,0, 75, False, 0
564,0, 75, False, 0
565,0, 75, False, 0
566,0, 75, False, 0
567,0, 75, False, 1
568,0, 75, False, 1
569,0, 75, False, 1
570,0, 75, False, 1
571,0, 75, False, 1
572,0, 75, False, 1
573,0, 75, False, 0
574,0, 75, False, 0
575,0, 75, False, 0
576,0, 75, False, 0
577,0, 75, False, 0
578,0, 75, False, 0
579,0, 75, False, 0
580,0, 75, False, 1
581,0, 75, False, 1
582,0, 75, False, 1
583,0, 75, False, 1
584,0, 75, False, 0
585,0, 75, False, 0
586,0, 75, False, 0
587,0, 75, False, 0
588,0, 75, False, 0
589,0, 75, False, 0
590,0, 75, False, 0
591,0, 75, False, 0
592,0, 75, False, 0
593,0, 75, False, 0
594,0, 75, False, 1
595,0, 75, False, 1
596,0, 75, False, 1
597,0, 75, False, 1
598,0, 75, False, 1
599,0, 75, False, 1
600,0, 75, False, 1
601,0, 75, False, 0
602,0, 75, False, 0
603,0, 75, False, 0
604,0, 75, False, 0
605,0, 75, False, 0
606,0, 75, False, 0
607,0, 75, False, 1
608,0, 75, False, 1
609,0, 75, False, 1
610,0, 75, False, 1
611,15, 90, False, 1
612,0, 90, False, 0
613,0, 90, False, 0
614,0, 90, False, 0
615,0, 90, False, 0
616,0, 90, False, 0
617,0, 90, False, 0
618,0, 90, False, 0
619,0, 90, False, 0
620,0, 90, False, 0
621,0, 90, False, 1
622,0, 90, False, 1
623,0, 90, False, 1
624,0, 90, False, 1
625,0, 90, False, 0
626,0, 90, False, 0
627,0, 90, False, 0
628,0, 90, False, 0
629,0, 90, False, 0
630,0, 90, False, 0
631,0, 90, False, 0
632,0, 90, False, 0
633,0, 90, False, 0
634,0, 90, False, 0
635,0, 90, False, 1
636,0, 90, False, 1
637,0, 90, False, 1
638,0, 90, False, 1
639,0, 90, False, 1
640,0, 90, False, 1
641,0, 90, False, 0
642,0, 90, False, 0
643,0, 90, False, 0
644,0, 90, False, 0
645,0, 90, False, 0
646,0, 90, False, 0
647,0, 90, False, 0
648,0, 90, False, 0
649,0, 90, False, 1
650,0, 90, False, 1
651,0, 90, False, 1
652,0, 90, False, 1
653,0, 90, False, 0
654,0, 90, False, 0
655,0, 90, False, 0
656,0, 90, False, 0
657,0, 90, False, 0
658,0, 90, False, 0
659,0, 90, False, 1
660,0, 90, False, 1
661,0, 90, False, 1
662,0, 90, False, 1
663,0, 90, False, 1
664,0, 90, False, 0
665,0, 90, False, 0
666,0, 90, False, 0
667,0, 90, False, 0
668,0, 90, False, 0
669,0, 90, False, 0
670,0, 90, False, 0
671,0, 90, False, 0
672,0, 90, False, 3
673,20, 110, False, 3
674,0, 110, False, 3
675,0, 110, False, 3
676,0, 110, False, 3
677,0, 110, False, 3
678,0, 110, False, 3
679,0, 110, False, 3
680,0, 110, False, 0
681,0, 110, False, 0
682,0, 110, False, 0
683,0, 110, False, 0
684,0, 110, False, 0
685,0, 110, False, 0
686,0, 110, False, 0
687,0, 110, False, 1
688,0, 110, False, 1
689,0, 110, False, 1
690,0, 110, False, 1
691,0, 110, False, 1
692,0, 110, False, 1
693,0, 110, False, 1
694,0, 110, False, 0
695,0, 110, False, 0
696,0, 110, False, 0
697,0, 110, False, 0
698,0, 110, False, 0
699,0, 110, False, 0
700,0, 110, False, 0
701,0, 110, False, 0
702,0, 110, False, 1
703,0, 110, False, 1
704,0, 110, False, 1
705,0, 110, False, 1
706,0, 110, False, 0
707,0, 110, False, 0
708,0, 110, False, 0
709,0, 110, False, 0
710,0, 110, False, 0
711,0, 110, False, 0
712,0, 110, False, 0
713,0, 110, False, 0
714,0, 110, False, 0
715,0, 110, False, 0
716,0, 110, False, 0
717,0, 110, False, 1
718,0, 110, False, 1
719,0, 110, False, 1
720,0, 110, False, 1
721,0, 110, False, 1
722,0, 110, False, 1
723,0, 110, False, 1
724,0, 110, False, 1
725,0, 110, False, 0
726,0, 110, False, 0
727,0, 110, False, 0
728,0, 110, False, 0
729,0, 110, False, 0
730,0, 110, False, 0
731,0, 110, False, 0
732,0, 110, False, 0
733,0, 110, False, 1
734,0, 110, False, 1
735,0, 110, False, 1
736,0, 110, False, 1
737,0, 110, False, 1
738,0, 110, False, 1
739,0, 110, False, 1
740,0, 110, False, 0
741,0, 110, False, 0
742,0, 110, False, 0
743,0, 110, False, 0
744,0, 110, False, 0
745,0, 110, False, 0
746,0, 110, False, 0
747,0, 110, False, 0
748,0, 110, False, 0
749,25, 135, False, 0
750,0, 135, False, 0
751,0, 135, False, 1
752,0, 135, False, 1
753,0, 135, False, 1
754,0, 135, False, 1
755,0, 135, False, 0
756,0, 135, False, 0
757,0, 135, False, 0
758,0, 135, False, 0
759,0, 135, False, 0
760,0, 135, False, 0
761,0, 135, False, 0
762,0, 135, False, 1
763,0, 135, False, 1
764,0, 135, False, 1
765,0, 135, False, 1
766,0, 135, False, 0
767,0, 135, False, 0
768,0, 135, False, 0
769,0, 135, False, 0
770,0, 135, False, 0
771,0, 135, False, 0
772,0, 135, False, 0
773,0, 135, False, 0
774,0, 135, False, 1
775,0, 135, False, 1
776,0, 135, False, 1
777,0, 135, False, 1
778,0, 135, False, 1
779,0, 135, False, 1
780,0, 135, False, 0
781,0, 135, False, 0
782,0, 135, False, 0
783,0, 135, False, 0
784,0, 135, False, 0
785,0, 135, False, 0
786,0, 135, False, 0
787,0, 135, False, 0
788,0, 135, False, 0
789,0, 135, False, 0
790,0, 135, False, 0
791,0, 135, False, 0
792,0, 135, False, 0
793,0, 135, False, 0
794,0, 135, False, 0
795,0, 135, False, 0
796,0, 135, False, 3
797,0, 135, False, 3
798,0, 135, False, 3
799,0, 135, False, 3
800,0, 135, False, 3
801,0, 135, False, 3
802,0, 135, False, 3
803,0, 135, False, 3
804,0, 135, False, 3
805,0, 135, False, 3
806,0, 135, False, 3
807,0, 135, False, 3
808,0, 135, False, 3
809,0, 135, False, 3
810,0, 135, False, 3
811,0, 135, False, 3
812,0, 135, False, 3
813,0, 135, False, 0
814,0, 135, False, 0
815,0, 135, False, 0
816,0, 135, False, 0
817,0, 135, False, 0
818,0, 135, False, 0
819,0, 135, False, 0
820,0, 135, False, 0
821,30, 165, False, 0
822,0, 165, False, 0
823,0, 165, False, 0
824,0, 165, False, 0
825,0, 165, False, 0
826,0, 165, False, 3
827,0, 165, False, 3
828,0, 165, False, 3
829,0, 165, False, 3
830,0, 165, False, 3
831,0, 165, False, 3
832,0, 165, False, 3
833,0, 165, False, 3
834,0, 165, False, 3
835,0, 165, False, 3
836,0, 165, False, 3
837,0, 165, False, 3
838,0, 165, False, 3
839,0, 165, False, 3
840,0, 165, False, 3
841,0, 165, False, 3
842,0, 165, False, 3
843,0, 165, False, 3
844,0, 165, False, 3
845,0, 165, False, 3
846,0, 165, False, 3
847,0, 165, False, 3
848,0, 165, False, 3
849,0, 165, False, 3
850,0, 165, False, 3
851,0, 165, False, 3
852,0, 165, False, 3
853,0, 165, False, 3
854,0, 165, False, 3
855,0, 165, False, 3
856,0, 165, False, 3
857,0, 165, False, 3
858,0, 165, False, 3
859,0, 165, False, 3
860,0, 165, False, 3
861,0, 165, False, 3
862,0, 165, False, 3
863,0, 165, False, 3
864,0, 165, False, 3
865,0, 165, False, 3
866,0, 165, False, 3
867,0, 165, False, 3
868,0, 165, False, 3
869,0, 165, False, 3
870,0, 165, False, 3
871,0, 165, False, 3
872,0, 165, False, 3
873,0, 165, False, 3
874,0, 165, False, 3
875,0, 165, False, 3
876,0, 165, False, 3
877,0, 165, False, 3
878,0, 165, False, 3
879,0, 165, False, 3
880,0, 165, False, 3
881,0, 165, False, 3
882,0, 165, False, 3
883,0, 165, False, 3
884,0, 165, False, 3
885,0, 165, False, 3
886,0, 165, False, 3
887,0, 165, False, 3
888,0, 165, False, 3
889,0, 165, False, 3
890,0, 165, False, 3
891,0, 165, False, 3
892,0, 165, False, 3
893,0, 165, False, 0
894,0, 165, False, 0
895,0, 165, False, 0
896,0, 165, False, 0
897,0, 165, False, 0
898,0, 165, False, 0
899,0, 165, False, 0
900,0, 165, False, 3
901,0, 165, False, 3
902,0, 165, False, 3
903,0, 165, False, 3
904,0, 165, False, 3
905,0, 165, False, 3
906,0, 165, False, 3
907,0, 165, False, 3
908,0, 165, False, 3
909,0, 165, False, 3
910,0, 165, False, 3
911,0, 165, False, 3
912,0, 165, False, 3
913,0, 165, False, 3
914,0, 165, False, 3
915,0, 165, False, 3
916,0, 165, False, 3
917,0, 165, False, 3
918,0, 165, False, 3
919,0, 165, False, 3
920,0, 165, False, 3
921,0, 165, False, 3
922,0, 165, False, 3
923,0, 165, False, 3
924,0, 165, False, 3
925,0, 165, False, 3
926,0, 165, False, 3
927,0, 165, False, 3
928,0, 165, False, 3
929,0, 165, False, 3
930,0, 165, False, 3
931,0, 165, False, 3
932,0, 165, False, 3
933,0, 165, False, 3
934,0, 165, False, 3
935,0, 165, False, 3
936,0, 165, False, 4
937,0, 165, False, 4
938,0, 165, False, 4
939,0, 165, False, 4
940,0, 165, False, 4
941,0, 165, False, 4
942,0, 165, False, 4
943,0, 165, False, 4
944,0, 165, False, 4
945,0, 165, False, 4
946,0, 165, False, 4
947,0, 165, False, 4
948,0, 165, False, 4
949,0, 165, False, 4
950,0, 165, False, 4
951,0, 165, False, 4
952,0, 165, False, 4
953,0, 165, False, 4
954,0, 165, False, 4
955,0, 165, False, 4
956,0, 165, False, 4
957,0, 165, False, 4
958,0, 165, False, 4
959,0, 165, False, 4
960,0, 165, False, 4
961,0, 165, False, 4
962,0, 165, False, 4
963,0, 165, False, 4
964,0, 165, False, 4
965,0, 165, False, 4
966,0, 165, False, 4
967,0, 165, False, 4
968,0, 165, False, 4
969,0, 165, False, 4
970,0, 165, False, 4
971,0, 165, False, 4
972,0, 165, False, 4
973,0, 165, False, 4
974,0, 165, False, 4
975,0, 165, False, 4
976,0, 165, False, 4
977,0, 165, False, 4
978,0, 165, False, 4
979,0, 165, False, 4
980,0, 165, False, 4
981,0, 165, False, 4
982,0, 165, False, 4
983,0, 165, False, 4
984,0, 165, False, 4
985,0, 165, False, 4
986,0, 165, False, 4
987,0, 165, False, 4
988,0, 165, False, 4
989,0, 165, False, 4
990,0, 165, False, 4
991,0, 165, False, 4
992,0, 165, False, 0
993,0, 165, False, 0
994,0, 165, False, 0
995,0, 165, False, 0
996,0, 165, False, 0
997,0, 165, False, 0
998,0, 165, False, 0
999,0, 165, False, 3
1000,0, 165, False, 3
1001,0, 165, False, 3
1002,0, 165, False, 3
1003,0, 165, False, 3
1004,0, 165, False, 3
1005,0, 165, False, 3
1006,0, 165, False, 3
1007,0, 165, False, 3
1008,0, 165, False, 3
1009,0, 165, False, 3
1010,0, 165, False, 3
1011,0, 165, False, 3
1012,0, 165, False, 3
1013,0, 165, False, 3
1014,0, 165, False, 3
1015,0, 165, False, 3
1016,0, 165, False, 3
1017,0, 165, False, 3
1018,0, 165, False, 3
1019,0, 165, False, 0
1020,0, 165, False, 0
1021,0, 165, False, 0
1022,0, 165, False, 0
1023,0, 165, False, 0
1024,0, 165, False, 0
1025,0, 165, False, 0
1026,0, 165, False, 0
1027,0, 165, False, 0
1028,0, 165, False, 0
1029,0, 165, False, 0
1030,0, 165, False, 0
1031,0, 165, False, 0
1032,0, 165, False, 0
1033,0, 165, False, 0
1034,0, 165, False, 0
1035,0, 165, False, 0
1036,0, 165, False, 0
1037,0, 165, False, 0
1038,0, 165, False, 0
1039,0, 165, False, 0
1040,0, 165, False, 0
1041,0, 165, False, 0
1042,0, 165, False, 0
1043,0, 165, False, 0
1044,0, 165, False, 0
1045,0, 165, False, 0
1046,0, 165, False, 0
1047,0, 165, False, 4
1048,0, 165, False, 4
1049,0, 165, False, 4
1050,0, 165, False, 4
1051,0, 165, False, 4
1052,0, 165, False, 4
1053,0, 165, False, 4
1054,0, 165, False, 4
1055,0, 165, False, 0
1056,0, 165, False, 0
1057,0, 165, False, 0
1058,0, 165, False, 0
1059,0, 165, False, 0
1060,0, 165, False, 0
1061,0, 165, False, 0
1062,0, 165, False, 0
1063,0, 165, False, 0
1064,0, 165, False, 0
1065,0, 165, False, 0
1066,0, 165, False, 0
1067,0, 165, False, 0
1068,0, 165, False, 0
1069,0, 165, False, 0
1070,0, 165, False, 0
1071,0, 165, False, 0
1072,0, 165, False, 0
1073,0, 165, False, 0
1074,0, 165, False, 0
1075,0, 165, False, 0
1076,0, 165, False, 0
1077,0, 165, False, 0
1078,0, 165, False, 0
1079,0, 165, False, 0
1080,0, 165, False, 0
1081,0, 165, False, 0
1082,0, 165, False, 0
1083,0, 165, False, 0
1084,0, 165, False, 4
1085,0, 165, False, 4
1086,0, 165, False, 4
1087,0, 165, False, 4
1088,0, 165, False, 4
1089,0, 165, False, 4
1090,0, 165, False, 4
1091,0, 165, False, 4
1092,0, 165, False, 4
1093,0, 165, False, 0
1094,0, 165, False, 0
1095,0, 165, False, 0
1096,0, 165, False, 0
1097,0, 165, False, 0
1098,0, 165, False, 0
1099,0, 165, False, 0
1100,0, 165, False, 0
1101,0, 165, False, 0
1102,0, 165, False, 0
1103,0, 165, False, 0
1104,0, 165, False, 0
1105,0, 165, False, 0
1106,0, 165, False, 0
1107,0, 165, False, 3
1108,0, 165, False, 3
1109,0, 165, False, 3
1110,0, 165, False, 3
1111,0, 165, False, 3
1112,0, 165, False, 3
1113,0, 165, False, 3
1114,0, 165, False, 3
1115,0, 165, False, 3
1116,0, 165, False, 0
1117,0, 165, False, 0
1118,0, 165, False, 0
1119,0, 165, False, 0
1120,0, 165, False, 0
1121,0, 165, False, 0
1122,0, 165, False, 0
1123,0, 165, False, 0
1124,0, 165, False, 0
1125,0, 165, False, 0
1126,0, 165, False, 0
1127,0, 165, False, 0
1128,0, 165, False, 0
1129,0, 165, False, 0
1130,0, 165, False, 0
1131,0, 165, False, 0
1132,0, 165, False, 0
1133,0, 165, False, 0
1134,0, 165, False, 0
1135,0, 165, False, 3
1136,0, 165, False, 3
1137,0, 165, False, 3
1138,0, 165, False, 3
1139,0, 165, False, 3
1140,0, 165, False, 3
1141,0, 165, False, 3
1142,0, 165, False, 3
1143,0, 165, False, 3
1144,0, 165, False, 0
1145,0, 165, False, 0
1146,0, 165, False, 0
1147,0, 165, False, 0
1148,0, 165, False, 0
1149,0, 165, False, 0
1150,0, 165, False, 0
1151,0, 165, False, 0
1152,0, 165, False, 0
1153,0, 165, False, 0
1154,0, 165, False, 0
1155,0, 165, False, 0
1156,0, 165, False, 0
1157,0, 165, False, 0
1158,0, 165, False, 0
1159,0, 165, False, 0
1160,0, 165, False, 0
1161,0, 165, False, 0
1162,0, 165, False, 0
1163,0, 165, False, 0
1164,0, 165, False, 0
1165,0, 165, False, 0
1166,0, 165, False, 0
1167,0, 165, False, 0
1168,0, 165, False, 0
1169,0, 165, False, 0
1170,0, 165, False, 0
1171,0, 165, False, 0
1172,0, 165, False, 0
1173,0, 165, False, 0
1174,0, 165, False, 0
1175,0, 165, False, 0
1176,0, 165, False, 0
1177,0, 165, False, 0
1178,0, 165, False, 0
1179,0, 165, False, 1
1180,0, 165, False, 1
1181,0, 165, False, 1
1182,0, 165, False, 1
1183,0, 165, False, 1
1184,0, 165, False, 1
1185,0, 165, False, 1
1186,0, 165, False, 1
1187,0, 165, False, 1
1188,0, 165, False, 0
1189,0, 165, False, 0
1190,0, 165, False, 0
1191,0, 165, False, 0
1192,0, 165, False, 0
1193,0, 165, False, 0
1194,0, 165, False, 0
1195,0, 165, False, 0
1196,0, 165, False, 0
1197,0, 165, False, 0
1198,0, 165, False, 0
1199,0, 165, False, 0
1200,0, 165, False, 0
1201,0, 165, False, 0
1202,0, 165, False, 0
1203,0, 165, False, 0
1204,0, 165, False, 0
1205,0, 165, False, 0
1206,0, 165, False, 0
1207,0, 165, False, 0
1208,0, 165, False, 0
1209,0, 165, False, 0
1210,0, 165, False, 0
1211,0, 165, False, 0
1212,0, 165, False, 1
1213,0, 165, False, 1
1214,0, 165, False, 1
1215,0, 165, False, 1
1216,0, 165, False, 1
1217,0, 165, False, 1
1218,0, 165, False, 1
1219,0, 165, False, 1
1220,0, 165, False, 0
1221,0, 165, False, 0
1222,0, 165, False, 0
1223,0, 165, False, 0
1224,0, 165, False, 0
1225,0, 165, False, 0
1226,0, 165, False, 1
1227,0, 165, False, 1
1228,0, 165, False, 1
1229,0, 165, False, 1
1230,0, 165, False, 1
1231,0, 165, False, 1
1232,0, 165, False, 1
1233,0, 165, False, 1
1234,0, 165, False, 0
1235,0, 165, False, 0
1236,0, 165, False, 0
1237,0, 165, False, 0
1238,0, 165, False, 0
1239,0, 165, False, 0
1240,0, 165, False, 0
1241,0, 165, False, 0
1242,0, 165, False, 1
1243,0, 165, False, 1
1244,0, 165, False, 1
1245,0, 165, False, 1
1246,0, 165, False, 1
1247,0, 165, False, 1
1248,0, 165, False, 1
1249,0, 165, False, 0
1250,0, 165, False, 0
1251,0, 165, False, 0
1252,0, 165, False, 0
1253,0, 165, False, 0
1254,0, 165, False, 0
1255,0, 165, False, 0
1256,0, 165, False, 0
1257,0, 165, False, 0
1258,0, 165, False, 0
1259,0, 165, False, 1
1260,0, 165, False, 1
1261,0, 165, False, 1
1262,0, 165, False, 1
1263,0, 165, False, 1
1264,0, 165, False, 1
1265,0, 165, False, 1
1266,0, 165, False, 1
1267,0, 165, False, 1
1268,0, 165, False, 0
1269,0, 165, False, 0
1270,0, 165, False, 0
1271,0, 165, False, 0
1272,0, 165, False, 0
1273,0, 165, False, 0
1274,0, 165, False, 0
1275,0, 165, False, 1
1276,0, 165, False, 1
1277,0, 165, False, 1
1278,0, 165, False, 1
1279,0, 165, False, 1
1280,0, 165, False, 1
1281,0, 165, False, 1
1282,0, 165, False, 1
1283,0, 165, False, 0
1284,0, 165, False, 0
1285,0, 165, False, 0
1286,0, 165, False, 0
1287,0, 165, False, 0
1288,0, 165, False, 0
1289,0, 165, False, 0
1290,0, 165, False, 0
1291,0, 165, False, 0
1292,0, 165, False, 0
1293,0, 165, False, 0
1294,0, 165, False, 0
1295,0, 165, False, 1
1296,0, 165, False, 1
1297,0, 165, False, 1
1298,0, 165, False, 1
1299,0, 165, False, 1
1300,0, 165, False, 1
1301,0, 165, False, 1
1302,0, 165, False, 1
1303,15, 180, False, 1
1304,0, 180, False, 4
1305,0, 180, False, 4
1306,0, 180, False, 4
1307,0, 180, False, 4
1308,0, 180, False, 4
1309,0, 180, False, 4
1310,0, 180, False, 4
1311,0, 180, False, 4
1312,0, 180, False, 4
1313,0, 180, False, 4
1314,0, 180, False, 4
1315,0, 180, False, 4
1316,0, 180, False, 4
1317,0, 180, False, 0
1318,0, 180, False, 0
1319,0, 180, False, 0
1320,0, 180, False, 0
1321,0, 180, False, 0
1322,0, 180, False, 0
1323,0, 180, False, 0
1324,0, 180, False, 0
1325,0, 180, False, 0
1326,0, 180, False, 0
1327,0, 180, False, 0
1328,0, 180, False, 0
1329,0, 180, False, 0
1330,0, 180, False, 0
1331,0, 180, False, 0
1332,0, 180, False, 0
1333,0, 180, False, 0
1334,0, 180, False, 0
1335,0, 180, False, 0
1336,0, 180, False, 0
1337,0, 180, False, 1
1338,0, 180, False, 1
1339,0, 180, False, 1
1340,0, 180, False, 1
1341,0, 180, False, 1
1342,0, 180, False, 1
1343,0, 180, False, 1
1344,0, 180, False, 1
1345,0, 180, False, 0
1346,0, 180, False, 0
1347,0, 180, False, 0
1348,0, 180, False, 0
1349,0, 180, False, 0
1350,0, 180, False, 0
1351,0, 180, False, 0
1352,0, 180, False, 0
1353,0, 180, False, 0
1354,0, 180, False, 1
1355,0, 180, False, 1
1356,0, 180, False, 1
1357,0, 180, False, 1
1358,0, 180, False, 1
1359,0, 180, False, 1
1360,0, 180, False, 1
1361,0, 180, False, 1
1362,0, 180, False, 1
1363,0, 180, False, 1
1364,0, 180, False, 1
1365,0, 180, False, 1
1366,0, 180, False, 0
1367,0, 180, False, 0
1368,0, 180, False, 0
1369,0, 180, False, 0
1370,0, 180, False, 0
1371,0, 180, False, 0
1372,0, 180, False, 0
1373,0, 180, False, 0
1374,0, 180, False, 0
1375,0, 180, False, 0
1376,0, 180, False, 0
1377,0, 180, False, 1
1378,0, 180, False, 1
1379,0, 180, False, 1
1380,0, 180, False, 1
1381,0, 180, False, 0
1382,0, 180, False, 0
1383,0, 180, False, 0
1384,0, 180, False, 0
1385,0, 180, False, 0
1386,0, 180, False, 0
1387,0, 180, False, 0
1388,0, 180, False, 0
1389,0, 180, False, 0
1390,0, 180, False, 0
1391,0, 180, False, 0
1392,0, 180, False, 0
1393,0, 180, False, 1
1394,0, 180, False, 1
1395,0, 180, False, 1
1396,0, 180, False, 1
1397,0, 180, False, 1
1398,0, 180, False, 1
1399,0, 180, False, 4
1400,0, 180, False, 4
1401,0, 180, False, 4
1402,0, 180, False, 4
1403,0, 180, False, 4
1404,0, 180, False, 4
1405,0, 180, False, 4
1406,0, 180, False, 4
1407,0, 180, False, 4
1408,0, 180, False, 4
1409,0, 180, False, 4
1410,0, 180, False, 0
1411,0, 180, False, 0
1412,0, 180, False, 0
1413,0, 180, False, 0
1414,0, 180, False, 0
1415,0, 180, False, 0
1416,0, 180, False, 0
1417,0, 180, False, 0
1418,0, 180, False, 0
1419,0, 180, False, 0
1420,0, 180, False, 0
1421,0, 180, False, 1
1422,0, 180, False, 1
1423,0, 180, False, 1
1424,0, 180, False, 1
1425,0, 180, False, 1
1426,0, 180, False, 1
1427,0, 180, False, 1
1428,0, 180, False, 1
1429,0, 180, False, 1
1430,0, 180, False, 0
1431,0, 180, False, 0
1432,0, 180, False, 0
1433,0, 180, False, 0
1434,0, 180, False, 0
1435,0, 180, False, 0
1436,0, 180, False, 0
1437,0, 180, False, 0
1438,0, 180, False, 0
1439,0, 180, False, 0
1440,0, 180, False, 0
1441,0, 180, False, 0
1442,0, 180, False, 0
1443,0, 180, False, 0
1444,0, 180, False, 0
1445,0, 180, False, 0
1446,0, 180, False, 0
1447,0, 180, False, 0
1448,0, 180, False, 0
1449,0, 180, False, 0
1450,0, 180, False, 0
1451,0, 180, False, 0
1452,0, 180, False, 0
1453,0, 180, False, 0
1454,0, 180, False, 0
1455,0, 180, False, 0
1456,0, 180, False, 0
1457,0, 180, False, 0
1458,0, 180, False, 0
1459,0, 180, False, 0
1460,0, 180, False, 0
1461,0, 180, False, 0
1462,0, 180, False, 0
1463,0, 180, False, 0
1464,0, 180, False, 0
1465,0, 180, False, 0
1466,0, 180, False, 0
1467,0, 180, False, 0
1468,0, 180, False, 0
1469,0, 180, False, 0
1470,0, 180, False, 0
1471,0, 180, False, 3
1472,0, 180, False, 3
1473,0, 180, False, 3
1474,0, 180, False, 3
1475,0, 180, False, 3
1476,0, 180, False, 3
1477,0, 180, False, 0
1478,0, 180, False, 0
1479,0, 180, False, 0
1480,0, 180, False, 0
1481,0, 180, False, 0
1482,0, 180, False, 0
1483,0, 180, False, 0
1484,0, 180, False, 0
1485,0, 180, False, 0
1486,0, 180, False, 0
1487,0, 180, False, 0
1488,0, 180, False, 0
1489,0, 180, False, 0
1490,0, 180, False, 0
1491,0, 180, False, 0
1492,0, 180, False, 0
1493,0, 180, False, 0
1494,0, 180, False, 0
1495,0, 180, False, 0
1496,0, 180, False, 1
1497,0, 180, False, 1
1498,0, 180, False, 1
1499,0, 180, False, 1
1500,0, 180, False, 1
1501,0, 180, False, 1
1502,0, 180, False, 1
1503,0, 180, False, 1
1504,0, 180, False, 0
1505,0, 180, False, 0
1506,0, 180, False, 0
1507,0, 180, False, 0
1508,0, 180, False, 0
1509,0, 180, False, 0
1510,0, 180, False, 0
1511,0, 180, False, 0
1512,0, 180, False, 0
1513,0, 180, False, 0
1514,0, 180, False, 0
1515,0, 180, False, 0
1516,0, 180, False, 3
1517,0, 180, False, 3
1518,0, 180, False, 3
1519,0, 180, False, 3
1520,0, 180, False, 0
1521,0, 180, False, 0
1522,0, 180, False, 0
1523,0, 180, False, 0
1524,0, 180, False, 0
1525,0, 180, False, 0
1526,0, 180, False, 0
1527,0, 180, False, 0
1528,0, 180, False, 0
1529,0, 180, False, 0
1530,0, 180, False, 1
1531,0, 180, False, 1
1532,0, 180, False, 1
1533,0, 180, False, 1
1534,0, 180, False, 1
1535,0, 180, False, 1
1536,0, 180, False, 1
1537,0, 180, False, 1
1538,0, 180, False, 0
1539,0, 180, False, 0
1540,0, 180, False, 0
1541,0, 180, False, 0
1542,0, 180, False, 0
1543,0, 180, False, 0
1544,0, 180, False, 0
1545,0, 180, False, 0
1546,0, 180, False, 0
1547,0, 180, False, 0
1548,0, 180, False, 0
1549,0, 180, False, 0
1550,0, 180, False, 0
1551,0, 180, False, 0
1552,0, 180, False, 0
1553,0, 180, False, 0
1554,0, 180, False, 0
1555,0, 180, False, 0
1556,0, 180, False, 4
1557,0, 180, False, 4
1558,0, 180, False, 4
1559,0, 180, False, 4
1560,0, 180, False, 4
1561,0, 180, False, 4
1562,0, 180, False, 4
1563,0, 180, False, 4
1564,0, 180, False, 4
1565,0, 180, False, 0
1566,0, 180, False, 0
1567,0, 180, False, 0
1568,0, 180, False, 0
1569,0, 180, False, 0
1570,0, 180, False, 0
1571,0, 180, False, 0
1572,0, 180, False, 0
1573,0, 180, False, 0
1574,0, 180, False, 0
1575,0, 180, False, 0
1576,0, 180, False, 0
1577,20, 200, False, 0
1578,0, 200, False, 0
1579,0, 200, False, 1
1580,0, 200, False, 1
1581,0, 200, False, 1
1582,0, 200, False, 1
1583,0, 200, False, 1
1584,0, 200, False, 1
1585,0, 200, False, 1
1586,0, 200, False, 1
1587,0, 200, False, 1
1588,0, 200, False, 0
1589,0, 200, False, 0
1590,0, 200, False, 0
1591,0, 200, False, 0
1592,0, 200, False, 0
1593,0, 200, False, 0
1594,0, 200, False, 0
1595,0, 200, False, 0
1596,0, 200, False, 0
1597,0, 200, False, 0
1598,0, 200, False, 0
1599,0, 200, False, 0
1600,0, 200, False, 0
1601,0, 200, False, 1
1602,0, 200, False, 1
1603,0, 200, False, 1
1604,0, 200, False, 1
1605,0, 200, False, 1
1606,0, 200, False, 1
1607,0, 200, False, 1
1608,0, 200, False, 1
1609,0, 200, False, 0
1610,0, 200, False, 0
1611,0, 200, False, 0
1612,0, 200, False, 4
1613,0, 200, False, 4
1614,0, 200, False, 4
1615,0, 200, False, 4
1616,0, 200, False, 4
1617,0, 200, False, 4
1618,0, 200, False, 4
1619,0, 200, False, 4
1620,0, 200, False, 4
1621,0, 200, False, 4
1622,0, 200, False, 4
1623,0, 200, False, 4
1624,0, 200, False, 4
1625,0, 200, False, 4
1626,0, 200, False, 4
1627,0, 200, False, 4
1628,0, 200, False, 4
1629,0, 200, False, 0
1630,0, 200, False, 0
1631,0, 200, False, 0
1632,0, 200, False, 0
1633,0, 200, False, 0
1634,0, 200, False, 0
1635,0, 200, False, 0
1636,0, 200, False, 0
1637,0, 200, False, 0
1638,0, 200, False, 0
1639,25, 225, False, 0
1640,0, 225, False, 0
1641,0, 225, False, 0
1642,0, 225, False, 0
1643,0, 225, False, 0
1644,0, 225, False, 0
1645,0, 225, False, 0
1646,0, 225, False, 0
1647,0, 225, False, 0
1648,0, 225, False, 0
1649,0, 225, False, 0
1650,0, 225, False, 0
1651,0, 225, False, 0
1652,0, 225, False, 0
1653,0, 225, False, 0
1654,0, 225, False, 0
1655,0, 225, False, 4
1656,0, 225, False, 4
1657,0, 225, False, 4
1658,0, 225, False, 4
1659,0, 225, False, 4
1660,0, 225, False, 4
1661,0, 225, False, 4
1662,0, 225, False, 4
1663,0, 225, False, 4
1664,0, 225, False, 4
1665,0, 225, False, 4
1666,0, 225, False, 4
1667,0, 225, False, 4
1668,0, 225, False, 4
1669,0, 225, False, 4
1670,0, 225, False, 4
1671,0, 225, False, 4
1672,0, 225, False, 4
1673,0, 225, False, 4
1674,0, 225, False, 4
1675,0, 225, False, 4
1676,0, 225, False, 4
1677,0, 225, False, 4
1678,0, 225, False, 4
1679,0, 225, False, 4
1680,0, 225, False, 4
1681,0, 225, False, 4
1682,0, 225, False, 4
1683,0, 225, False, 4
1684,0, 225, False, 4
1685,0, 225, False, 4
1686,0, 225, False, 4
1687,0, 225, False, 4
1688,0, 225, False, 4
1689,0, 225, False, 4
1690,0, 225, False, 4
1691,0, 225, False, 4
1692,0, 225, False, 4
1693,0, 225, False, 0
1694,0, 225, False, 0
1695,0, 225, False, 1
1696,0, 225, False, 1
1697,0, 225, False, 1
1698,0, 225, False, 1
1699,0, 225, False, 1
1700,0, 225, False, 1
1701,0, 225, False, 0
1702,0, 225, False, 0
1703,0, 225, False, 0
1704,0, 225, False, 0
1705,0, 225, False, 0
1706,0, 225, False, 0
1707,0, 225, False, 0
1708,0, 225, False, 0
1709,0, 225, False, 0
1710,0, 225, False, 0
1711,0, 225, False, 0
1712,0, 225, False, 0
1713,0, 225, False, 0
1714,0, 225, False, 0
1715,0, 225, False, 0
1716,0, 225, False, 0
1717,0, 225, False, 0
1718,0, 225, False, 4
1719,0, 225, False, 4
1720,0, 225, False, 4
1721,0, 225, False, 4
1722,0, 225, False, 4
1723,0, 225, False, 4
1724,0, 225, False, 4
1725,0, 225, False, 4
1726,0, 225, False, 4
1727,0, 225, False, 4
1728,0, 225, False, 4
1729,0, 225, False, 4
1730,0, 225, False, 4
1731,0, 225, False, 4
1732,0, 225, False, 4
1733,0, 225, False, 4
1734,0, 225, False, 4
1735,0, 225, False, 4
1736,0, 225, False, 4
1737,0, 225, False, 4
1738,0, 225, False, 4
1739,0, 225, False, 4
1740,0, 225, False, 0
1741,0, 225, False, 0
1742,0, 225, False, 0
1743,0, 225, False, 0
1744,0, 225, False, 0
1745,0, 225, False, 0
1746,0, 225, False, 0
1747,0, 225, False, 0
1748,0, 225, False, 0
1749,0, 225, False, 0
1750,0, 225, False, 0
1751,0, 225, False, 0
1752,0, 225, False, 3
1753,0, 225, False, 3
1754,0, 225, False, 3
1755,0, 225, False, 3
1756,0, 225, False, 3
1757,0, 225, False, 3
1758,0, 225, False, 3
1759,0, 225, False, 0
1760,0, 225, False, 0
1761,0, 225, False, 0
1762,0, 225, False, 0
1763,0, 225, False, 0
1764,0, 225, False, 0
1765,0, 225, False, 0
1766,0, 225, False, 0
1767,0, 225, False, 0
1768,0, 225, False, 0
1769,0, 225, False, 0
1770,0, 225, False, 0
1771,0, 225, False, 0
1772,0, 225, False, 0
1773,0, 225, False, 1
1774,0, 225, False, 1
1775,0, 225, False, 1
1776,0, 225, False, 1
1777,0, 225, False, 1
1778,0, 225, False, 1
1779,0, 225, False, 1
1780,0, 225, False, 1
1781,0, 225, False, 0
1782,0, 225, False, 0
1783,0, 225, False, 0
1784,0, 225, False, 0
1785,0, 225, False, 0
1786,0, 225, False, 0
1787,0, 225, False, 0
1788,0, 225, False, 0
1789,0, 225, False, 0
1790,0, 225, False, 0
1791,0, 225, False, 0
1792,0, 225, False, 0
1793,0, 225, False, 0
1794,0, 225, False, 3
1795,0, 225, False, 3
1796,0, 225, False, 3
1797,0, 225, False, 3
1798,0, 225, False, 3
1799,0, 225, False, 3
1800,0, 225, False, 3
1801,0, 225, False, 3
1802,0, 225, False, 3
1803,0, 225, False, 3
1804,0, 225, False, 3
1805,0, 225, False, 3
1806,0, 225, False, 3
1807,0, 225, False, 3
1808,0, 225, False, 3
1809,0, 225, False, 3
1810,0, 225, False, 3
1811,0, 225, False, 3
1812,0, 225, False, 3
1813,0, 225, False, 3
1814,0, 225, False, 3
1815,0, 225, False, 3
1816,0, 225, False, 3
1817,0, 225, False, 3
1818,0, 225, False, 3
1819,15, 240, False, 3
1820,0, 240, False, 0
1821,0, 240, False, 0
1822,0, 240, False, 0
1823,0, 240, False, 0
1824,0, 240, False, 0
1825,0, 240, False, 0
1826,0, 240, False, 0
1827,0, 240, False, 0
1828,0, 240, False, 0
1829,0, 240, False, 0
1830,0, 240, False, 0
1831,0, 240, False, 0
1832,0, 240, False, 0
1833,0, 240, False, 0
1834,0, 240, False, 0
1835,0, 240, False, 0
1836,0, 240, False, 0
1837,0, 240, False, 0
1838,0, 240, False, 0
1839,0, 240, False, 0
1840,0, 240, False, 0
1841,0, 240, False, 0
1842,0, 240, False, 0
1843,0, 240, False, 0
1844,0, 240, False, 0
1845,0, 240, False, 0
1846,0, 240, False, 0
1847,0, 240, False, 0
1848,0, 240, False, 0
1849,0, 240, False, 0
1850,0, 240, False, 0
1851,0, 240, False, 0
1852,0, 240, False, 0
1853,0, 240, False, 0
1854,0, 240, False, 0
1855,0, 240, False, 0
1856,0, 240, False, 0
1857,0, 240, False, 0
1858,0, 240, False, 0
1859,0, 240, False, 0
1860,0, 240, False, 0
1861,0, 240, False, 0
1862,0, 240, False, 0
1863,0, 240, False, 0
1864,0, 240, False, 0
1865,0, 240, False, 0
1866,0, 240, False, 0
1867,0, 240, False, 0
1868,0, 240, False, 0
1869,0, 240, False, 0
1870,0, 240, False, 0
1871,0, 240, False, 0
1872,0, 240, False, 0
1873,0, 240, False, 0
1874,0, 240, False, 0
1875,0, 240, False, 0
1876,0, 240, False, 0
1877,0, 240, False, 0
1878,0, 240, False, 0
1879,0, 240, False, 0
1880,0, 240, False, 0
1881,0, 240, False, 0
1882,0, 240, False, 0
1883,0, 240, False, 0
1884,0, 240, False, 0
1885,0, 240, False, 0
1886,0, 240, False, 0
1887,0, 240, False, 0
1888,0, 240, False, 0
1889,0, 240, False, 0
1890,0, 240, False, 0
1891,0, 240, False, 0
1892,0, 240, False, 0
1893,0, 240, False, 4
1894,0, 240, False, 4
1895,0, 240, False, 4
1896,0, 240, False, 4
1897,0, 240, False, 4
1898,0, 240, False, 4
1899,0, 240, False, 4
1900,0, 240, False, 4
1901,0, 240, False, 4
1902,0, 240, False, 0
1903,0, 240, False, 0
1904,0, 240, False, 0
1905,0, 240, False, 0
1906,0, 240, False, 0
1907,0, 240, False, 0
1908,0, 240, False, 0
1909,0, 240, False, 0
1910,0, 240, False, 0
1911,0, 240, False, 0
1912,0, 240, False, 0
1913,0, 240, False, 0
1914,0, 240, False, 0
1915,0, 240, False, 0
1916,0, 240, False, 0
1917,0, 240, False, 0
1918,0, 240, False, 1
1919,0, 240, False, 1
1920,0, 240, False, 1
1921,0, 240, False, 1
1922,0, 240, False, 1
1923,0, 240, False, 1
1924,0, 240, False, 1
1925,0, 240, False, 1
1926,0, 240, False, 1
1927,0, 240, False, 0
1928,0, 240, False, 0
1929,0, 240, False, 0
1930,0, 240, False, 0
1931,0, 240, False, 0
1932,0, 240, False, 0
1933,0, 240, False, 0
1934,0, 240, False, 0
1935,0, 240, False, 0
1936,0, 240, False, 0
1937,0, 240, False, 0
1938,0, 240, False, 0
1939,0, 240, False, 3
1940,0, 240, False, 3
1941,0, 240, False, 3
1942,0, 240, False, 3
1943,0, 240, False, 3
1944,0, 240, False, 3
1945,0, 240, False, 3
1946,0, 240, False, 3
1947,0, 240, False, 3
1948,0, 240, False, 3
1949,0, 240, False, 3
1950,0, 240, False, 3
1951,0, 240, False, 3
1952,0, 240, False, 3
1953,0, 240, False, 3
1954,0, 240, False, 0
1955,0, 240, False, 0
1956,0, 240, False, 0
1957,0, 240, False, 0
1958,0, 240, False, 0
1959,20, 260, False, 0
1960,0, 260, False, 0
1961,0, 260, False, 0
1962,0, 260, False, 0
1963,0, 260, False, 0
1964,0, 260, False, 0
1965,0, 260, False, 0
1966,0, 260, False, 0
1967,0, 260, False, 0
1968,0, 260, False, 0
1969,0, 260, False, 0
1970,0, 260, False, 0
1971,0, 260, False, 0
1972,0, 260, False, 0
1973,0, 260, False, 0
1974,0, 260, False, 0
1975,0, 260, False, 0
1976,0, 260, False, 0
1977,0, 260, False, 0
1978,0, 260, False, 0
1979,0, 260, False, 3
1980,0, 260, False, 3
1981,0, 260, False, 3
1982,0, 260, False, 3
1983,0, 260, False, 3
1984,0, 260, False, 3
1985,0, 260, False, 3
1986,0, 260, False, 3
1987,0, 260, False, 3
1988,0, 260, False, 3
1989,0, 260, False, 3
1990,0, 260, False, 3
1991,0, 260, False, 3
1992,0, 260, False, 3
1993,0, 260, False, 3
1994,0, 260, False, 3
1995,0, 260, False, 3
1996,0, 260, False, 3
1997,0, 260, False, 3
1998,0, 260, False, 3
1999,0, 260, False, 3
2000,0, 260, False, 0
2001,0, 260, False, 0
2002,0, 260, False, 0
2003,0, 260, False, 0
2004,0, 260, False, 0
2005,0, 260, False, 0
2006,0, 260, False, 0
2007,0, 260, False, 0
2008,0, 260, False, 0
2009,0, 260, False, 0
2010,0, 260, False, 0
2011,0, 260, False, 0
2012,0, 260, False, 0
2013,0, 260, False, 0
2014,0, 260, False, 0
2015,0, 260, False, 0
2016,0, 260, False, 0
2017,0, 260, False, 4
2018,0, 260, False, 4
2019,0, 260, False, 4
2020,0, 260, False, 4
2021,0, 260, False, 4
2022,0, 260, False, 4
2023,0, 260, False, 4
2024,0, 260, False, 4
2025,0, 260, False, 4
2026,0, 260, False, 4
2027,0, 260, False, 4
2028,0, 260, False, 4
2029,0, 260, False, 4
2030,0, 260, False, 4
2031,0, 260, False, 4
2032,0, 260, False, 4
2033,0, 260, False, 4
2034,0, 260, False, 4
2035,0, 260, False, 4
2036,0, 260, False, 4
2037,0, 260, False, 4
2038,0, 260, False, 4
2039,0, 260, False, 4
2040,0, 260, False, 4
2041,0, 260, False, 4
2042,0, 260, False, 4
2043,0, 260, False, 4
2044,0, 260, False, 4
2045,0, 260, False, 4
2046,0, 260, False, 4
2047,0, 260, False, 4
2048,0, 260, False, 4
2049,0, 260, False, 0
2050,0, 260, False, 0
2051,0, 260, False, 0
2052,0, 260, False, 0
2053,0, 260, False, 0
2054,0, 260, False, 0
2055,0, 260, False, 0
2056,0, 260, False, 0
2057,0, 260, False, 0
2058,0, 260, False, 0
2059,0, 260, False, 0
2060,0, 260, False, 0
2061,0, 260, False, 0
2062,0, 260, False, 0
2063,0, 260, False, 0
2064,0, 260, False, 0
2065,0, 260, False, 0
2066,0, 260, False, 0
2067,0, 260, False, 0
2068,0, 260, False, 0
2069,0, 260, False, 1
2070,0, 260, False, 1
2071,0, 260, False, 1
2072,0, 260, False, 1
2073,0, 260, False, 1
2074,0, 260, False, 1
2075,0, 260, False, 1
2076,0, 260, False, 1
2077,0, 260, False, 4
2078,0, 260, False, 4
2079,0, 260, False, 4
2080,0, 260, False, 4
2081,0, 260, False, 4
2082,0, 260, False, 4
2083,0, 260, False, 4
2084,0, 260, False, 0
2085,0, 260, False, 0
2086,0, 260, False, 0
2087,0, 260, False, 0
2088,0, 260, False, 0
2089,0, 260, False, 0
2090,0, 260, False, 0
2091,0, 260, False, 0
2092,0, 260, False, 0
2093,10, 270, False, 0
2094,0, 270, False, 1
2095,0, 270, False, 1
2096,0, 270, False, 1
2097,0, 270, False, 1
2098,0, 270, False, 1
2099,0, 270, False, 1
2100,0, 270, False, 3
2101,0, 270, False, 3
2102,0, 270, False, 3
2103,0, 270, False, 3
2104,0, 270, False, 3
2105,0, 270, False, 3
2106,0, 270, False, 3
2107,0, 270, False, 3
2108,0, 270, False, 3
2109,5, 275, False, 3
2110,0, 275, False, 3
2111,0, 275, False, 3
2112,0, 275, False, 3
2113,0, 275, False, 3
2114,0, 275, False, 3
2115,0, 275, False, 3
2116,0, 275, False, 3
2117,0, 275, False, 3
2118,0, 275, False, 3
2119,0, 275, False, 3
2120,0, 275, False, 3
2121,0, 275, False, 3
2122,0, 275, False, 3
2123,0, 275, False, 0
2124,0, 275, False, 0
2125,0, 275, False, 0
2126,0, 275, False, 0
2127,0, 275, False, 0
2128,0, 275, False, 0
2129,0, 275, False, 0
2130,0, 275, False, 0
2131,0, 275, False, 0
2132,0, 275, False, 0
2133,0, 275, False, 0
2134,0, 275, False, 0
2135,0, 275, False, 4
2136,0, 275, False, 4
2137,0, 275, False, 4
2138,0, 275, False, 4
2139,0, 275, False, 4
2140,0, 275, False, 4
2141,0, 275, False, 4
2142,0, 275, False, 4
2143,0, 275, False, 4
2144,0, 275, False, 4
2145,0, 275, False, 4
2146,0, 275, False, 4
2147,0, 275, False, 4
2148,0, 275, False, 4
2149,0, 275, False, 4
2150,0, 275, False, 4
2151,0, 275, False, 4
2152,0, 275, False, 4
2153,0, 275, False, 4
2154,0, 275, False, 4
2155,0, 275, False, 4
2156,0, 275, False, 4
2157,0, 275, False, 4
2158,0, 275, False, 4
2159,0, 275, False, 4
2160,0, 275, False, 4
2161,0, 275, False, 4
2162,0, 275, False, 4
2163,0, 275, False, 0
2164,0, 275, False, 0
2165,0, 275, False, 0
2166,0, 275, False, 0
2167,0, 275, False, 0
2168,0, 275, False, 0
2169,0, 275, False, 0
2170,0, 275, False, 0
2171,0, 275, False, 0
2172,0, 275, False, 0
2173,0, 275, False, 0
2174,0, 275, False, 0
2175,0, 275, False, 0
2176,0, 275, False, 0
2177,0, 275, False, 0
2178,0, 275, False, 4
2179,0, 275, False, 4
2180,0, 275, False, 4
2181,0, 275, False, 4
2182,0, 275, False, 4
2183,0, 275, False, 4
2184,0, 275, False, 4
2185,0, 275, False, 4
2186,0, 275, False, 4
2187,0, 275, False, 4
2188,0, 275, False, 4
2189,0, 275, False, 4
2190,0, 275, False, 4
2191,0, 275, False, 4
2192,0, 275, False, 4
2193,0, 275, False, 4
2194,0, 275, False, 4
2195,0, 275, False, 4
2196,0, 275, False, 4
2197,0, 275, False, 4
2198,0, 275, False, 4
2199,0, 275, False, 4
2200,0, 275, False, 4
2201,0, 275, False, 4
2202,0, 275, False, 4
2203,0, 275, False, 4
2204,0, 275, False, 4
2205,0, 275, False, 4
2206,0, 275, False, 12
2207,0, 275, False, 12
2208,0, 275, False, 12
2209,0, 275, False, 12
2210,0, 275, False, 12
2211,0, 275, False, 12
2212,0, 275, False, 1
2213,0, 275, False, 1
2214,0, 275, False, 0
2215,0, 275, False, 4
2216,0, 275, False, 4
2217,0, 275, False, 4
2218,0, 275, False, 4
2219,5, 280, False, 4
2220,0, 280, False, 4
2221,0, 280, False, 4
2222,0, 280, False, 1
2223,0, 280, False, 1
2224,0, 280, False, 1
2225,0, 280, False, 1
2226,0, 280, False, 0
2227,0, 280, False, 0
2228,0, 280, False, 0
2229,0, 280, False, 0
2230,0, 280, False, 0
2231,0, 280, False, 0
2232,0, 280, False, 0
2233,0, 280, False, 0
2234,0, 280, False, 1
2235,0, 280, False, 1
2236,0, 280, False, 1
2237,0, 280, False, 1
2238,0, 280, False, 1
2239,0, 280, False, 1
2240,0, 280, False, 0
2241,10, 290, False, 0
2242,0, 290, False, 0
2243,0, 290, False, 0
2244,0, 290, False, 0
2245,0, 290, False, 0
2246,0, 290, False, 0
2247,0, 290, False, 0
2248,0, 290, False, 0
2249,0, 290, False, 1
2250,0, 290, False, 1
2251,0, 290, False, 1
2252,0, 290, False, 1
2253,0, 290, False, 1
2254,0, 290, False, 1
2255,0, 290, False, 0
2256,0, 290, False, 0
2257,0, 290, False, 0
2258,0, 290, False, 0
2259,0, 290, False, 0
2260,0, 290, False, 0
2261,0, 290, False, 0
2262,0, 290, False, 0
2263,0, 290, False, 1
2264,0, 290, False, 1
2265,0, 290, False, 1
2266,0, 290, False, 1
2267,0, 290, False, 1
2268,0, 290, False, 1
2269,0, 290, False, 0
2270,0, 290, False, 0
2271,0, 290, False, 0
2272,0, 290, False, 0
2273,0, 290, False, 0
2274,0, 290, False, 0
2275,0, 290, False, 0
2276,0, 290, False, 0
2277,0, 290, False, 0
2278,0, 290, False, 1
2279,15, 305, False, 1
2280,0, 305, False, 1
2281,0, 305, False, 1
2282,0, 305, False, 1
2283,0, 305, False, 1
2284,0, 305, False, 0
2285,0, 305, False, 0
2286,0, 305, False, 0
2287,0, 305, False, 0
2288,0, 305, False, 0
2289,0, 305, False, 0
2290,0, 305, False, 0
2291,0, 305, False, 1
2292,0, 305, False, 1
2293,0, 305, False, 1
2294,0, 305, False, 1
2295,0, 305, False, 0
2296,0, 305, False, 0
2297,0, 305, False, 0
2298,0, 305, False, 0
2299,0, 305, False, 0
2300,0, 305, False, 0
2301,0, 305, False, 0
2302,0, 305, False, 4
2303,0, 305, False, 4
2304,0, 305, False, 4
2305,0, 305, False, 4
2306,0, 305, False, 12
2307,0, 305, False, 12
2308,0, 305, False, 12
2309,0, 305, False, 12
2310,0, 305, False, 4
2311,0, 305, False, 4
2312,0, 305, False, 4
2313,0, 305, False, 4
2314,0, 305, False, 0
2315,0, 305, False, 0
2316,0, 305, False, 0
2317,0, 305, False, 0
2318,0, 305, False, 0
2319,0, 305, False, 1
2320,0, 305, False, 1
2321,0, 305, False, 1
2322,0, 305, False, 1
2323,0, 305, False, 1
2324,0, 305, False, 1
2325,0, 305, False, 1
2326,0, 305, False, 1
2327,0, 305, False, 0
2328,0, 305, False, 0
2329,0, 305, False, 0
2330,0, 305, False, 0
2331,0, 305, False, 0
2332,0, 305, False, 4
2333,0, 305, False, 4
2334,0, 305, False, 4
2335,0, 305, False, 4
2336,0, 305, False, 4
2337,0, 305, False, 4
2338,0, 305, False, 4
2339,0, 305, False, 4
2340,0, 305, False, 0
2341,0, 305, False, 0
2342,0, 305, False, 0
2343,0, 305, False, 0
2344,0, 305, False, 0
2345,0, 305, False, 4
2346,0, 305, False, 4
2347,0, 305, False, 12
2348,0, 305, False, 12
2349,0, 305, False, 12
2350,0, 305, False, 12
2351,0, 305, False, 4
2352,0, 305, False, 4
2353,0, 305, False, 4
2354,0, 305, False, 4
2355,0, 305, False, 4
2356,0, 305, False, 4
2357,0, 305, False, 4
2358,0, 305, False, 4
2359,0, 305, False, 4
2360,0, 305, False, 4
2361,0, 305, False, 4
2362,0, 305, False, 4
2363,0, 305, False, 4
2364,0, 305, False, 4
2365,0, 305, False, 12
2366,0, 305, False, 12
2367,0, 305, False, 12
2368,0, 305, False, 1
2369,0, 305, False, 1
2370,0, 305, False, 0
2371,0, 305, False, 0
2372,0, 305, False, 0
2373,0, 305, False, 0
2374,0, 305, False, 0
2375,0, 305, False, 0
2376,0, 305, False, 0
2377,0, 305, False, 0
2378,0, 305, False, 0
2379,0, 305, False, 0
2380,0, 305, False, 0
2381,0, 305, False, 0
2382,0, 305, False, 0
2383,0, 305, False, 0
2384,0, 305, False, 0
2385,0, 305, False, 0
2386,0, 305, False, 0
2387,0, 305, False, 0
2388,0, 305, False, 0
2389,0, 305, False, 0
2390,0, 305, False, 0
2391,0, 305, False, 0
2392,0, 305, False, 0
2393,0, 305, False, 0
2394,0, 305, False, 0
2395,0, 305, False, 0
2396,0, 305, False, 0
2397,0, 305, False, 0
2398,0, 305, False, 0
2399,0, 305, False, 0
2400,0, 305, False, 0
2401,0, 305, False, 0
2402,0, 305, False, 0
2403,0, 305, False, 0
2404,0, 305, False, 0
2405,0, 305, False, 0
2406,0, 305, False, 0
2407,0, 305, False, 0
2408,0, 305, False, 0
2409,0, 305, False, 0
2410,0, 305, False, 0
2411,0, 305, False, 0
2412,0, 305, False, 0
2413,0, 305, False, 3
2414,0, 305, False, 3
2415,0, 305, False, 3
2416,0, 305, False, 3
2417,0, 305, False, 11
2418,0, 305, False, 11
2419,0, 305, False, 11
2420,0, 305, False, 11
2421,0, 305, False, 11
2422,0, 305, False, 1
2423,0, 305, False, 1
2424,0, 305, False, 0
2425,0, 305, False, 0
2426,0, 305, False, 0
2427,0, 305, False, 0
2428,0, 305, False, 0
2429,0, 305, False, 0
2430,0, 305, False, 0
2431,0, 305, False, 0
2432,0, 305, False, 1
2433,0, 305, False, 1
2434,0, 305, False, 1
2435,0, 305, False, 1
2436,0, 305, False, 1
2437,0, 305, False, 1
2438,0, 305, False, 1
2439,0, 305, False, 1
2440,0, 305, False, 0
2441,0, 305, False, 0
2442,0, 305, False, 0
2443,0, 305, False, 0
2444,0, 305, False, 0
2445,0, 305, False, 0
2446,0, 305, False, 0
2447,0, 305, False, 1
2448,0, 305, False, 1
2449,0, 305, False, 1
2450,0, 305, False, 1
2451,0, 305, False, 1
2452,0, 305, False, 1
2453,0, 305, False, 0
2454,0, 305, False, 0
2455,0, 305, False, 0
2456,0, 305, False, 0
2457,0, 305, False, 0
2458,0, 305, False, 0
2459,0, 305, False, 0
2460,0, 305, False, 3
2461,0, 305, False, 3
2462,0, 305, False, 3
2463,0, 305, False, 3
2464,0, 305, False, 11
2465,0, 305, False, 11
2466,0, 305, False, 1
2467,0, 305, False, 1
2468,0, 305, False, 1
2469,0, 305, False, 1
2470,0, 305, False, 0
2471,0, 305, False, 0
2472,0, 305, False, 3
2473,15, 320, False, 3
2474,0, 320, False, 3
2475,0, 320, False, 3
2476,0, 320, False, 3
2477,0, 320, False, 3
2478,0, 320, False, 3
2479,0, 320, False, 3
2480,0, 320, False, 3
2481,0, 320, False, 3
2482,0, 320, False, 3
2483,0, 320, False, 3
2484,0, 320, False, 3
2485,0, 320, False, 3
2486,0, 320, False, 3
2487,0, 320, False, 3
2488,0, 320, False, 3
2489,0, 320, False, 3
2490,0, 320, False, 3
2491,0, 320, False, 3
2492,0, 320, False, 3
2493,0, 320, False, 3
2494,0, 320, False, 3
2495,0, 320, False, 3
2496,0, 320, False, 3
2497,0, 320, False, 3
2498,0, 320, False, 3
2499,0, 320, False, 3
2500,0, 320, False, 3
2501,0, 320, False, 3
2502,0, 320, False, 3
2503,0, 320, False, 3
2504,0, 320, False, 3
2505,0, 320, False, 3
2506,0, 320, False, 3
2507,0, 320, False, 3
2508,0, 320, False, 3
2509,0, 320, False, 3
2510,0, 320, False, 3
2511,0, 320, False, 3
2512,0, 320, False, 3
2513,0, 320, False, 3
2514,0, 320, False, 3
2515,0, 320, False, 3
2516,0, 320, False, 3
2517,0, 320, False, 3
2518,0, 320, False, 3
2519,0, 320, False, 3
2520,0, 320, False, 3
2521,0, 320, False, 3
2522,0, 320, False, 3
2523,0, 320, False, 3
2524,0, 320, False, 3
2525,0, 320, False, 3
2526,0, 320, False, 3
2527,0, 320, False, 3
2528,0, 320, False, 3
2529,0, 320, False, 3
2530,0, 320, False, 3
2531,0, 320, False, 3
2532,0, 320, False, 3
2533,0, 320, False, 3
2534,0, 320, False, 3
2535,0, 320, False, 3
2536,0, 320, False, 3
2537,0, 320, False, 3
2538,0, 320, False, 3
2539,0, 320, False, 3
2540,0, 320, False, 3
2541,0, 320, False, 3
2542,0, 320, False, 3
2543,0, 320, False, 3
2544,0, 320, False, 3
2545,0, 320, False, 3
2546,0, 320, False, 3
2547,0, 320, False, 3
2548,0, 320, False, 3
2549,0, 320, False, 3
2550,0, 320, False, 3
2551,0, 320, False, 3
2552,0, 320, False, 3
2553,0, 320, False, 3
2554,0, 320, False, 3
2555,0, 320, False, 3
2556,0, 320, False, 3
2557,0, 320, False, 3
2558,0, 320, False, 3
2559,0, 320, False, 3
2560,0, 320, False, 3
2561,0, 320, False, 3
2562,0, 320, False, 3
2563,0, 320, False, 3
2564,0, 320, False, 3
2565,0, 320, False, 3
2566,0, 320, False, 3
2567,0, 320, False, 3
2568,0, 320, False, 3
2569,0, 320, False, 3
2570,0, 320, False, 3
2571,0, 320, False, 3
2572,0, 320, False, 3
2573,0, 320, False, 3
2574,0, 320, False, 3
2575,0, 320, False, 3
2576,0, 320, False, 3
2577,0, 320, False, 3
2578,0, 320, False, 3
2579,0, 320, False, 3
2580,0, 320, False, 3
2581,0, 320, False, 3
2582,0, 320, False, 3
2583,0, 320, False, 3
2584,0, 320, False, 3
2585,0, 320, False, 3
2586,0, 320, False, 3
2587,0, 320, False, 3
2588,0, 320, False, 3
2589,0, 320, False, 3
2590,0, 320, False, 3
2591,0, 320, False, 3
2592,0, 320, False, 3
2593,0, 320, False, 3
2594,0, 320, False, 3
2595,0, 320, False, 3
2596,0, 320, False, 3
2597,0, 320, False, 3
2598,0, 320, False, 3
2599,0, 320, False, 3
2600,0, 320, False, 3
2601,0, 320, False, 3
2602,0, 320, False, 3
2603,0, 320, False, 3
2604,0, 320, False, 3
2605,0, 320, False, 3
2606,0, 320, False, 3
2607,0, 320, False, 3
2608,0, 320, False, 3
2609,0, 320, False, 3
2610,0, 320, False, 3
2611,0, 320, False, 3
2612,0, 320, False, 3
2613,0, 320, False, 3
2614,0, 320, False, 3
2615,0, 320, False, 3
2616,0, 320, False, 3
2617,0, 320, False, 3
2618,0, 320, False, 3
2619,0, 320, False, 3
2620,0, 320, False, 3
2621,0, 320, False, 11
2622,0, 320, False, 11
2623,0, 320, False, 3
2624,0, 320, False, 3
2625,0, 320, False, 3
2626,0, 320, False, 3
2627,0, 320, False, 3
2628,0, 320, False, 11
2629,5, 325, False, 11
2630,0, 325, False, 11
2631,0, 325, False, 3
2632,0, 325, False, 3
2633,0, 325, False, 3
2634,0, 325, False, 3
2635,0, 325, False, 11
2636,0, 325, False, 11
2637,0, 325, False, 3
2638,0, 325, False, 3
2639,0, 325, False, 3
2640,0, 325, False, 3
2641,0, 325, False, 3
2642,0, 325, False, 11
2643,10, 335, False, 11
2644,0, 335, False, 3
2645,0, 335, False, 3
2646,0, 335, False, 3
2647,0, 335, False, 11
2648,0, 335, False, 11
2649,0, 335, False, 3
2650,0, 335, False, 3
2651,0, 335, False, 3
2652,0, 335, False, 3
2653,0, 335, False, 3
2654,0, 335, False, 3
2655,0, 335, False, 3
2656,0, 335, False, 11
2657,0, 335, False, 11
2658,0, 335, False, 11
2659,0, 335, False, 11
2660,0, 335, False, 3
2661,0, 335, False, 3
2662,0, 335, False, 3
2663,0, 335, False, 3
2664,0, 335, False, 3
2665,0, 335, False, 3
2666,0, 335, False, 3
2667,0, 335, False, 3
2668,0, 335, False, 3
2669,0, 335, False, 3
2670,0, 335, False, 3
2671,0, 335, False, 3
2672,0, 335, False, 3
2673,0, 335, False, 3
2674,0, 335, False, 3
2675,0, 335, False, 3
2676,0, 335, False, 3
2677,0, 335, False, 3
2678,0, 335, False, 3
2679,0, 335, False, 3
2680,0, 335, False, 3
2681,0, 335, False, 3
2682,0, 335, False, 11
2683,0, 335, False, 11
2684,0, 335, False, 11
2685,0, 335, False, 11
2686,0, 335, False, 3
2687,0, 335, False, 3
2688,0, 335, False, 3
2689,0, 335, False, 3
2690,0, 335, False, 3
2691,0, 335, False, 3
2692,0, 335, False, 3
2693,0, 335, False, 3
2694,0, 335, False, 3
2695,0, 335, False, 3
2696,0, 335, False, 3
2697,0, 335, False, 11
2698,0, 335, False, 11
2699,0, 335, False, 3
2700,0, 335, False, 3
2701,0, 335, False, 3
2702,0, 335, False, 3
2703,0, 335, False, 3
2704,0, 335, False, 3
2705,0, 335, False, 3
2706,0, 335, False, 3
2707,0, 335, False, 3
2708,0, 335, False, 0
2709,0, 335, False, 0
2710,0, 335, False, 0
2711,0, 335, False, 0
2712,0, 335, False, 0
2713,0, 335, False, 0
2714,0, 335, False, 0
2715,0, 335, False, 0
2716,0, 335, False, 0
2717,0, 335, False, 0
2718,0, 335, False, 0
2719,0, 335, False, 0
2720,0, 335, False, 0
2721,0, 335, False, 0
2722,0, 335, False, 0
2723,0, 335, False, 3
2724,0, 335, False, 3
2725,0, 335, False, 3
2726,0, 335, False, 3
2727,0, 335, False, 3
2728,0, 335, False, 0
2729,0, 335, False, 0
2730,0, 335, False, 4
2731,0, 335, False, 4
2732,0, 335, False, 4
2733,0, 335, False, 4
2734,0, 335, False, 4
2735,0, 335, False, 4
2736,0, 335, False, 4
2737,0, 335, False, 4
2738,0, 335, False, 4
2739,0, 335, False, 4
2740,0, 335, False, 4
2741,0, 335, False, 4
2742,0, 335, False, 4
2743,0, 335, False, 4
2744,0, 335, False, 4
2745,0, 335, False, 4
2746,0, 335, False, 4
2747,0, 335, False, 4
2748,0, 335, False, 4
2749,0, 335, False, 4
2750,0, 335, False, 4
2751,0, 335, False, 4
2752,0, 335, False, 4
2753,0, 335, False, 4
2754,0, 335, False, 4
2755,0, 335, False, 4
2756,0, 335, False, 0
2757,0, 335, False, 0
2758,0, 335, False, 0
2759,0, 335, False, 0
2760,0, 335, False, 0
2761,0, 335, False, 0
2762,0, 335, False, 0
2763,0, 335, False, 0
2764,0, 335, False, 0
2765,0, 335, False, 0
2766,0, 335, False, 0
2767,0, 335, False, 0
2768,0, 335, False, 3
2769,0, 335, False, 3
2770,0, 335, False, 3
2771,0, 335, False, 3
2772,0, 335, False, 3
2773,0, 335, False, 3
2774,0, 335, False, 3
2775,0, 335, False, 3
2776,0, 335, False, 3
2777,0, 335, False, 3
2778,0, 335, False, 3
2779,0, 335, False, 3
2780,0, 335, False, 3
2781,0, 335, False, 3
2782,0, 335, False, 3
2783,0, 335, False, 3
2784,0, 335, False, 3
2785,0, 335, False, 3
2786,0, 335, False, 3
2787,0, 335, False, 3
2788,0, 335, False, 3
2789,0, 335, False, 3
2790,0, 335, False, 3
2791,0, 335, False, 3
2792,0, 335, False, 3
2793,0, 335, False, 1
2794,0, 335, False, 1
2795,0, 335, False, 1
2796,0, 335, False, 1
2797,0, 335, False, 1
2798,0, 335, False, 1
2799,0, 335, False, 1
2800,0, 335, False, 1
2801,0, 335, False, 0
2802,0, 335, False, 0
2803,0, 335, False, 0
2804,0, 335, False, 0
2805,0, 335, False, 0
2806,0, 335, False, 0
2807,0, 335, False, 0
2808,0, 335, False, 0
2809,0, 335, False, 0
2810,0, 335, False, 0
2811,0, 335, False, 1
2812,0, 335, False, 1
2813,0, 335, False, 1
2814,0, 335, False, 1
2815,0, 335, False, 1
2816,0, 335, False, 1
2817,0, 335, False, 1
2818,0, 335, False, 1
2819,0, 335, False, 1
2820,0, 335, False, 1
2821,0, 335, False, 1
2822,0, 335, False, 0
2823,0, 335, False, 0
2824,0, 335, False, 0
2825,0, 335, False, 0
2826,0, 335, False, 0
2827,0, 335, False, 0
2828,0, 335, False, 0
2829,0, 335, False, 0
2830,0, 335, False, 1
2831,0, 335, False, 1
2832,0, 335, False, 1
2833,0, 335, False, 1
2834,0, 335, False, 1
2835,0, 335, False, 1
2836,0, 335, False, 0
2837,0, 335, False, 0
2838,0, 335, False, 0
2839,30, 365, False, 0
2840,0, 365, False, 0
2841,0, 365, False, 0
2842,0, 365, False, 1
2843,0, 365, False, 1
2844,0, 365, False, 1
2845,0, 365, False, 1
2846,0, 365, False, 0
2847,0, 365, False, 0
2848,0, 365, False, 0
2849,0, 365, False, 0
2850,0, 365, False, 0
2851,0, 365, False, 0
2852,0, 365, False, 0
2853,0, 365, False, 1
2854,0, 365, False, 1
2855,0, 365, False, 1
2856,0, 365, False, 1
2857,0, 365, False, 1
2858,0, 365, False, 1
2859,0, 365, False, 1
2860,0, 365, False, 0
2861,15, 380, False, 0
2862,0, 380, False, 0
2863,0, 380, False, 0
2864,0, 380, False, 0
2865,0, 380, False, 0
2866,0, 380, False, 0
2867,0, 380, False, 1
2868,0, 380, False, 1
2869,0, 380, False, 1
2870,0, 380, False, 1
2871,0, 380, False, 1
2872,0, 380, False, 0
2873,0, 380, False, 0
2874,0, 380, False, 0
2875,0, 380, False, 0
2876,0, 380, False, 0
2877,0, 380, False, 0
2878,0, 380, False, 0
2879,0, 380, False, 1
2880,0, 380, False, 1
2881,0, 380, False, 1
2882,0, 380, False, 1
2883,0, 380, False, 0
2884,0, 380, False, 0
2885,0, 380, False, 0
2886,0, 380, False, 0
2887,0, 380, False, 0
2888,0, 380, False, 0
2889,0, 380, False, 0
2890,0, 380, False, 0
2891,0, 380, False, 1
2892,0, 380, False, 1
2893,0, 380, False, 1
2894,0, 380, False, 1
2895,0, 380, False, 1
2896,0, 380, False, 1
2897,20, 400, False, 1
2898,0, 400, False, 0
2899,0, 400, False, 0
2900,0, 400, False, 0
2901,0, 400, False, 0
2902,0, 400, False, 4
2903,0, 400, False, 4
2904,0, 400, False, 4
2905,0, 400, False, 4
2906,0, 400, False, 4
2907,0, 400, False, 4
2908,0, 400, False, 4
2909,0, 400, False, 4
2910,0, 400, False, 4
2911,0, 400, False, 4
2912,0, 400, False, 0
2913,0, 400, False, 0
2914,0, 400, False, 0
2915,0, 400, False, 0
2916,0, 400, False, 0
2917,0, 400, False, 0
2918,0, 400, False, 1
2919,0, 400, False, 1
2920,0, 400, False, 1
2921,0, 400, False, 1
2922,0, 400, False, 1
2923,0, 400, False, 1
2924,0, 400, False, 12
2925,0, 400, False, 12
2926,0, 400, False, 4
2927,0, 400, False, 4
2928,0, 400, False, 4
2929,0, 400, False, 4
2930,0, 400, False, 4
2931,0, 400, False, 0
2932,0, 400, False, 0
2933,0, 400, False, 0
2934,0, 400, False, 0
2935,0, 400, False, 0
2936,0, 400, False, 0
2937,0, 400, False, 0
2938,0, 400, False, 1
2939,0, 400, False, 1
2940,0, 400, False, 1
2941,0, 400, False, 1
2942,0, 400, False, 1
2943,0, 400, False, 1
2944,0, 400, False, 1
2945,0, 400, False, 1
2946,0, 400, False, 1
2947,0, 400, False, 1
2948,0, 400, False, 0
2949,0, 400, False, 0
2950,0, 400, False, 0
2951,0, 400, False, 0
2952,0, 400, False, 0
2953,25, 425, False, 0
2954,0, 425, False, 0
2955,0, 425, False, 0
2956,0, 425, False, 0
2957,0, 425, False, 0
2958,0, 425, False, 0
2959,0, 425, False, 1
2960,0, 425, False, 1
2961,0, 425, False, 1
2962,0, 425, False, 1
2963,0, 425, False, 1
2964,0, 425, False, 1
2965,0, 425, False, 4
2966,0, 425, False, 4
2967,0, 425, False, 4
2968,0, 425, False, 4
2969,0, 425, False, 4
2970,0, 425, False, 4
2971,0, 425, False, 4
2972,0, 425, False, 4
2973,0, 425, False, 4
2974,0, 425, False, 4
2975,0, 425, False, 4
2976,0, 425, False, 4
2977,0, 425, False, 4
2978,0, 425, False, 4
2979,0, 425, False, 4
2980,0, 425, False, 0
2981,0, 425, False, 0
2982,0, 425, False, 0
2983,0, 425, False, 0
2984,0, 425, False, 0
2985,0, 425, False, 0
2986,0, 425, False, 0
2987,0, 425, False, 0
2988,0, 425, False, 0
2989,0, 425, False, 0
2990,0, 425, False, 0
2991,0, 425, False, 4
2992,0, 425, False, 4
2993,0, 425, False, 4
2994,0, 425, False, 4
2995,0, 425, False, 4
2996,0, 425, False, 4
2997,0, 425, False, 4
2998,0, 425, False, 4
2999,0, 425, False, 4
3000,0, 425, False, 0
3001,0, 425, False, 0
3002,0, 425, False, 0
3003,0, 425, False, 0
3004,0, 425, False, 0
3005,0, 425, False, 0
3006,0, 425, False, 0
3007,0, 425, False, 0
3008,0, 425, False, 0
3009,0, 425, False, 0
3010,0, 425, False, 0
3011,0, 425, False, 0
3012,0, 425, False, 0
3013,0, 425, False, 0
3014,0, 425, False, 0
3015,0, 425, False, 0
3016,0, 425, False, 0
3017,0, 425, False, 0
3018,0, 425, False, 0
3019,0, 425, False, 0
3020,0, 425, False, 0
3021,0, 425, False, 0
3022,0, 425, False, 0
3023,0, 425, False, 0
3024,0, 425, False, 4
3025,0, 425, False, 4
3026,0, 425, False, 4
3027,0, 425, False, 4
3028,0, 425, False, 4
3029,0, 425, False, 4
3030,0, 425, False, 4
3031,0, 425, False, 4
3032,0, 425, False, 4
3033,0, 425, False, 4
3034,0, 425, False, 4
3035,0, 425, False, 4
3036,0, 425, False, 4
3037,0, 425, False, 4
3038,0, 425, False, 4
3039,0, 425, False, 4
3040,0, 425, False, 4
3041,0, 425, False, 4
3042,0, 425, False, 4
3043,0, 425, False, 4
3044,0, 425, False, 4
3045,0, 425, False, 4
3046,0, 425, False, 4
3047,0, 425, False, 4
3048,0, 425, False, 4
3049,0, 425, False, 4
3050,0, 425, False, 4
3051,0, 425, False, 4
3052,0, 425, False, 4
3053,0, 425, False, 4
3054,0, 425, False, 4
3055,0, 425, False, 4
3056,0, 425, False, 4
3057,0, 425, False, 4
3058,0, 425, False, 4
3059,0, 425, False, 4
3060,0, 425, False, 4
3061,0, 425, False, 4
3062,0, 425, False, 4
3063,0, 425, False, 4
3064,0, 425, False, 4
3065,0, 425, False, 4
3066,0, 425, False, 4
3067,0, 425, False, 4
3068,0, 425, False, 4
3069,0, 425, False, 4
3070,0, 425, False, 4
3071,0, 425, False, 4
3072,0, 425, False, 4
3073,0, 425, False, 4
3074,0, 425, False, 4
3075,0, 425, False, 4
3076,0, 425, False, 4
3077,0, 425, False, 4
3078,0, 425, False, 4
3079,0, 425, False, 4
3080,0, 425, False, 4
3081,0, 425, False, 4
3082,0, 425, False, 4
3083,0, 425, False, 4
3084,0, 425, False, 4
3085,0, 425, False, 4
3086,0, 425, False, 4
3087,0, 425, False, 4
3088,0, 425, False, 4
3089,0, 425, False, 4
3090,0, 425, False, 4
3091,0, 425, False, 4
3092,0, 425, False, 4
3093,0, 425, False, 4
3094,0, 425, False, 4
3095,0, 425, False, 4
3096,0, 425, False, 4
3097,0, 425, False, 4
3098,0, 425, False, 4
3099,0, 425, False, 4
3100,0, 425, False, 4
3101,0, 425, False, 4
3102,0, 425, False, 4
3103,0, 425, False, 4
3104,0, 425, False, 4
3105,0, 425, False, 4
3106,0, 425, False, 4
3107,0, 425, False, 4
3108,0, 425, False, 4
3109,0, 425, False, 4
3110,0, 425, False, 4
3111,0, 425, False, 4
3112,0, 425, False, 4
3113,0, 425, False, 4
3114,0, 425, False, 4
3115,0, 425, False, 4
3116,0, 425, False, 4
3117,0, 425, False, 12
3118,0, 425, False, 12
3119,0, 425, False, 1
3120,0, 425, False, 0
3121,0, 425, False, 0
3122,0, 425, False, 0
3123,0, 425, False, 0
3124,0, 425, False, 0
3125,0, 425, False, 0
3126,0, 425, False, 1
3127,0, 425, False, 1
3128,0, 425, False, 1
3129,0, 425, False, 1
3130,0, 425, False, 1
3131,0, 425, False, 1
3132,0, 425, False, 0
3133,0, 425, False, 0
3134,0, 425, False, 0
3135,0, 425, False, 0
3136,0, 425, False, 0
3137,0, 425, False, 0
3138,0, 425, False, 0
3139,0, 425, False, 1
3140,0, 425, False, 1
3141,20, 445, False, 1
3142,0, 445, False, 1
3143,0, 445, False, 0
3144,0, 445, False, 0
3145,0, 445, False, 0
3146,0, 445, False, 0
3147,0, 445, False, 4
3148,0, 445, False, 4
3149,0, 445, False, 4
3150,0, 445, False, 4
3151,0, 445, False, 4
3152,0, 445, False, 4
3153,0, 445, False, 4
3154,0, 445, False, 4
3155,0, 445, False, 4
3156,0, 445, False, 4
3157,0, 445, False, 4
3158,0, 445, False, 4
3159,0, 445, False, 4
3160,0, 445, False, 4
3161,0, 445, False, 4
3162,0, 445, False, 4
3163,0, 445, False, 4
3164,0, 445, False, 4
3165,0, 445, False, 12
3166,0, 445, False, 12
3167,0, 445, False, 12
3168,0, 445, False, 12
3169,0, 445, False, 12
3170,0, 445, False, 12
3171,0, 445, False, 4
3172,0, 445, False, 4
3173,0, 445, False, 4
3174,0, 445, False, 4
3175,0, 445, False, 4
3176,0, 445, False, 4
3177,0, 445, False, 4
3178,0, 445, False, 4
3179,0, 445, False, 1
3180,0, 445, False, 1
3181,0, 445, False, 1
3182,0, 445, False, 1
3183,0, 445, False, 0
3184,0, 445, False, 0
3185,0, 445, False, 0
3186,0, 445, False, 0
3187,0, 445, False, 0
3188,0, 445, False, 0
3189,0, 445, False, 0
3190,0, 445, False, 0
3191,0, 445, False, 1
3192,0, 445, False, 1
3193,0, 445, False, 11
3194,0, 445, False, 11
3195,0, 445, False, 3
3196,0, 445, False, 3
3197,0, 445, False, 3
3198,0, 445, False, 3
3199,0, 445, False, 3
3200,0, 445, False, 3
3201,0, 445, False, 3
3202,0, 445, False, 3
3203,0, 445, False, 3
3204,0, 445, False, 3
3205,0, 445, False, 3
3206,0, 445, False, 3
3207,0, 445, False, 3
3208,0, 445, False, 3
3209,0, 445, False, 3
3210,0, 445, False, 3
3211,0, 445, False, 3
3212,0, 445, False, 0
3213,0, 445, False, 0
3214,0, 445, False, 0
3215,0, 445, False, 0
3216,0, 445, False, 1
3217,0, 445, False, 1
3218,0, 445, False, 1
3219,0, 445, False, 1
3220,0, 445, False, 1
3221,0, 445, False, 0
3222,0, 445, False, 0
3223,0, 445, False, 0
3224,0, 445, False, 0
3225,0, 445, False, 0
3226,0, 445, False, 0
3227,0, 445, False, 0
3228,0, 445, False, 0
3229,0, 445, False, 0
3230,0, 445, False, 0
3231,0, 445, False, 0
3232,0, 445, False, 0
3233,0, 445, False, 0
3234,0, 445, False, 0
3235,0, 445, False, 0
3236,0, 445, False, 4
3237,0, 445, False, 4
3238,0, 445, False, 4
3239,0, 445, False, 4
3240,0, 445, False, 4
3241,0, 445, False, 4
3242,0, 445, False, 4
3243,0, 445, False, 4
3244,0, 445, False, 4
3245,0, 445, False, 4
3246,0, 445, False, 4
3247,0, 445, False, 4
3248,0, 445, False, 4
3249,0, 445, False, 4
3250,0, 445, False, 4
3251,0, 445, False, 4
3252,0, 445, False, 4
3253,0, 445, False, 0
3254,0, 445, False, 0
3255,0, 445, False, 0
3256,0, 445, False, 0
3257,0, 445, False, 0
3258,0, 445, False, 0
3259,0, 445, False, 0
3260,0, 445, False, 0
3261,0, 445, False, 0
3262,0, 445, False, 0
3263,0, 445, False, 0
3264,0, 445, False, 0
3265,0, 445, False, 0
3266,0, 445, False, 0
3267,0, 445, False, 0
3268,0, 445, False, 0
3269,0, 445, False, 3
3270,0, 445, False, 3
3271,0, 445, False, 3
3272,0, 445, False, 3
3273,0, 445, False, 3
3274,0, 445, False, 0
3275,0, 445, False, 0
3276,0, 445, False, 0
3277,0, 445, False, 0
3278,0, 445, False, 0
3279,0, 445, False, 3
3280,0, 445, False, 3
3281,0, 445, False, 3
3282,0, 445, False, 3
3283,0, 445, False, 3
3284,0, 445, False, 3
3285,0, 445, False, 3
3286,0, 445, False, 3
3287,0, 445, False, 3
3288,0, 445, False, 3
3289,0, 445, False, 3
3290,0, 445, False, 3
3291,0, 445, False, 3
3292,0, 445, False, 3
3293,0, 445, False, 3
3294,0, 445, False, 3
3295,0, 445, False, 3
3296,0, 445, False, 3
3297,0, 445, False, 3
3298,0, 445, False, 3
3299,0, 445, False, 3
3300,0, 445, False, 3
3301,0, 445, False, 3
3302,0, 445, False, 3
3303,0, 445, False, 3
3304,0, 445, False, 3
3305,0, 445, False, 3
3306,0, 445, False, 3
3307,0, 445, False, 3
3308,0, 445, False, 3
3309,0, 445, False, 3
3310,0, 445, False, 3
3311,0, 445, False, 3
3312,0, 445, False, 3
3313,0, 445, False, 3
3314,0, 445, False, 3
3315,0, 445, False, 3
3316,0, 445, False, 3
3317,0, 445, False, 3
3318,0, 445, False, 3
3319,0, 445, False, 3
3320,0, 445, False, 3
3321,0, 445, False, 3
3322,0, 445, False, 3
3323,0, 445, False, 3
3324,0, 445, False, 3
3325,0, 445, False, 3
3326,0, 445, False, 3
3327,0, 445, False, 3
3328,0, 445, False, 3
3329,0, 445, False, 3
3330,0, 445, False, 3
3331,0, 445, False, 3
3332,0, 445, False, 3
3333,0, 445, False, 3
3334,0, 445, False, 3
3335,0, 445, False, 3
3336,0, 445, False, 3
3337,0, 445, False, 3
3338,0, 445, False, 3
3339,0, 445, False, 3
3340,0, 445, False, 3
3341,0, 445, False, 3
3342,0, 445, False, 3
3343,0, 445, False, 3
3344,0, 445, False, 11
3345,0, 445, False, 11
3346,0, 445, False, 11
3347,0, 445, False, 11
3348,0, 445, False, 11
3349,0, 445, False, 3
3350,0, 445, False, 3
3351,0, 445, False, 3
3352,0, 445, False, 3
3353,0, 445, False, 3
3354,0, 445, False, 3
3355,0, 445, False, 3
3356,0, 445, False, 11
3357,0, 445, False, 11
3358,0, 445, False, 11
3359,0, 445, False, 11
3360,0, 445, False, 11
3361,0, 445, False, 3
3362,0, 445, False, 3
3363,0, 445, False, 3
3364,0, 445, False, 3
3365,20, 465, False, 3
3366,0, 465, False, 3
3367,0, 465, False, 3
3368,0, 465, False, 11
3369,0, 465, False, 11
3370,0, 465, False, 11
3371,0, 465, False, 11
3372,0, 465, False, 11
3373,0, 465, False, 3
3374,0, 465, False, 3
3375,0, 465, False, 3
3376,0, 465, False, 3
3377,0, 465, False, 3
3378,0, 465, False, 3
3379,0, 465, False, 3
3380,0, 465, False, 3
3381,0, 465, False, 3
3382,0, 465, False, 3
3383,0, 465, False, 3
3384,0, 465, False, 11
3385,0, 465, False, 11
3386,0, 465, False, 11
3387,0, 465, False, 11
3388,0, 465, False, 11
3389,0, 465, False, 11
3390,0, 465, False, 3
3391,0, 465, False, 3
3392,0, 465, False, 3
3393,0, 465, False, 3
3394,0, 465, False, 3
3395,0, 465, False, 3
3396,0, 465, False, 3
3397,0, 465, False, 3
3398,0, 465, False, 3
3399,0, 465, False, 3
3400,0, 465, False, 3
3401,0, 465, False, 0
3402,0, 465, False, 0
3403,0, 465, False, 0
3404,0, 465, False, 0
3405,0, 465, False, 1
3406,0, 465, False, 1
3407,0, 465, False, 1
3408,0, 465, False, 1
3409,30, 495, False, 1
3410,0, 495, False, 1
3411,0, 495, False, 1
3412,0, 495, False, 1
3413,0, 495, False, 0
3414,0, 495, False, 4
3415,0, 495, False, 4
3416,0, 495, False, 4
3417,0, 495, False, 4
3418,0, 495, False, 4
3419,0, 495, False, 4
3420,0, 495, False, 4
3421,0, 495, False, 4
3422,0, 495, False, 4
3423,0, 495, False, 4
3424,0, 495, False, 4
3425,0, 495, False, 4
3426,0, 495, False, 4
3427,0, 495, False, 4
3428,0, 495, False, 4
3429,0, 495, False, 4
3430,0, 495, False, 4
3431,0, 495, False, 4
3432,0, 495, False, 4
3433,0, 495, False, 4
3434,0, 495, False, 4
3435,0, 495, False, 4
3436,0, 495, False, 4
3437,0, 495, False, 4
3438,0, 495, False, 4
3439,0, 495, False, 4
3440,0, 495, False, 4
3441,0, 495, False, 4
3442,0, 495, False, 4
3443,0, 495, False, 4
3444,0, 495, False, 4
3445,0, 495, False, 4
3446,0, 495, False, 4
3447,0, 495, False, 4
3448,0, 495, False, 4
3449,0, 495, False, 4
3450,0, 495, False, 4
3451,0, 495, False, 4
3452,0, 495, False, 4
3453,0, 495, False, 4
3454,0, 495, False, 4
3455,0, 495, False, 4
3456,0, 495, False, 4
3457,0, 495, False, 0
3458,0, 495, False, 0
3459,0, 495, False, 0
3460,0, 495, False, 0
3461,0, 495, False, 0
3462,0, 495, False, 0
3463,0, 495, False, 0
3464,0, 495, False, 0
3465,0, 495, False, 0
3466,0, 495, False, 0
3467,0, 495, False, 3
3468,0, 495, False, 3
3469,0, 495, False, 3
3470,0, 495, False, 3
3471,0, 495, False, 3
3472,0, 495, False, 3
3473,0, 495, False, 3
3474,0, 495, False, 3
3475,0, 495, False, 3
3476,0, 495, False, 3
3477,0, 495, False, 3
3478,0, 495, False, 3
3479,0, 495, False, 3
3480,0, 495, False, 3
3481,0, 495, False, 3
3482,0, 495, False, 3
3483,0, 495, False, 3
3484,0, 495, False, 3
3485,0, 495, False, 3
3486,0, 495, False, 3
3487,0, 495, False, 3
3488,0, 495, False, 3
3489,0, 495, False, 3
3490,0, 495, False, 3
3491,0, 495, False, 3
3492,0, 495, False, 3
3493,0, 495, False, 3
3494,0, 495, False, 3
3495,0, 495, False, 3
3496,0, 495, False, 3
3497,0, 495, False, 3
3498,0, 495, False, 3
3499,0, 495, False, 3
3500,0, 495, False, 3
3501,0, 495, False, 3
3502,0, 495, False, 3
3503,0, 495, False, 3
3504,0, 495, False, 3
3505,0, 495, False, 3
3506,0, 495, False, 3
3507,0, 495, False, 0
3508,0, 495, False, 0
3509,0, 495, False, 0
3510,0, 495, False, 0
3511,0, 495, False, 0
3512,0, 495, False, 0
3513,0, 495, False, 0
3514,0, 495, False, 0
3515,0, 495, False, 0
3516,0, 495, False, 1
3517,0, 495, False, 1
3518,0, 495, False, 1
3519,0, 495, False, 1
3520,0, 495, False, 1
3521,0, 495, False, 1
3522,0, 495, False, 1
3523,0, 495, False, 0
3524,0, 495, False, 0
3525,0, 495, False, 0
3526,0, 495, False, 0
3527,0, 495, False, 0
3528,0, 495, False, 0
3529,0, 495, False, 0
3530,0, 495, False, 0
3531,0, 495, False, 0
3532,0, 495, False, 4
3533,0, 495, False, 4
3534,0, 495, False, 4
3535,0, 495, False, 4
3536,0, 495, False, 3
3537,0, 495, False, 3
3538,0, 495, False, 3
3539,0, 495, False, 3
3540,0, 495, False, 3
3541,0, 495, False, 3
3542,0, 495, False, 3
3543,0, 495, False, 3
3544,0, 495, False, 3
3545,0, 495, False, 3
3546,0, 495, False, 3
3547,0, 495, False, 3
3548,0, 495, False, 3
3549,0, 495, False, 3
3550,0, 495, False, 3
3551,0, 495, False, 3
3552,0, 495, False, 3
3553,30, 525, False, 3
3554,0, 525, False, 3
3555,0, 525, False, 3
3556,0, 525, False, 0
3557,0, 525, False, 0
3558,0, 525, False, 0
3559,0, 525, False, 0
3560,0, 525, False, 1
3561,0, 525, False, 1
3562,0, 525, False, 1
3563,0, 525, False, 1
3564,0, 525, False, 1
3565,0, 525, False, 1
3566,0, 525, False, 1
3567,0, 525, False, 1
3568,0, 525, False, 0
3569,0, 525, False, 0
3570,0, 525, False, 3
3571,0, 525, False, 3
3572,0, 525, False, 3
3573,0, 525, False, 3
3574,0, 525, False, 3
3575,0, 525, False, 3
3576,0, 525, False, 3
3577,0, 525, False, 3
3578,0, 525, False, 3
3579,0, 525, False, 3
3580,0, 525, False, 3
3581,0, 525, False, 3
3582,0, 525, False, 3
3583,0, 525, False, 3
3584,0, 525, False, 3
3585,0, 525, False, 3
3586,0, 525, False, 3
3587,25, 550, False, 3
3588,0, 550, False, 3
3589,0, 550, False, 3
3590,0, 550, False, 3
3591,0, 550, False, 3
3592,0, 550, False, 3
3593,0, 550, False, 3
3594,0, 550, False, 3
3595,0, 550, False, 3
3596,0, 550, False, 3
3597,0, 550, False, 3
3598,0, 550, False, 3
3599,0, 550, False, 3
3600,0, 550, False, 0
3601,0, 550, False, 0
3602,0, 550, False, 0
3603,0, 550, False, 0
3604,0, 550, False, 0
3605,0, 550, False, 0
3606,0, 550, False, 0
3607,0, 550, False, 0
3608,0, 550, False, 0
3609,0, 550, False, 0
3610,0, 550, False, 0
3611,0, 550, False, 0
3612,0, 550, False, 0
3613,0, 550, False, 0
3614,0, 550, False, 0
3615,0, 550, False, 0
3616,0, 550, False, 0
3617,0, 550, False, 0
3618,0, 550, False, 0
3619,0, 550, False, 0
3620,0, 550, False, 0
3621,0, 550, False, 0
3622,0, 550, False, 0
3623,0, 550, False, 0
3624,0, 550, False, 0
3625,0, 550, False, 4
3626,0, 550, False, 4
3627,0, 550, False, 4
3628,0, 550, False, 4
3629,0, 550, False, 4
3630,0, 550, False, 4
3631,0, 550, False, 4
3632,0, 550, False, 4
3633,0, 550, False, 4
3634,0, 550, False, 4
3635,0, 550, False, 4
3636,0, 550, False, 4
3637,0, 550, False, 4
3638,0, 550, False, 4
3639,0, 550, False, 4
3640,0, 550, False, 4
3641,0, 550, False, 4
3642,0, 550, False, 4
3643,0, 550, False, 4
3644,0, 550, False, 4
3645,0, 550, False, 4
3646,0, 550, False, 4
3647,0, 550, False, 4
3648,0, 550, False, 4
3649,0, 550, False, 4
3650,0, 550, False, 4
3651,0, 550, False, 4
3652,0, 550, False, 4
3653,0, 550, False, 4
3654,0, 550, False, 4
3655,0, 550, False, 4
3656,0, 550, False, 4
3657,0, 550, False, 4
3658,0, 550, False, 4
3659,0, 550, False, 4
3660,0, 550, False, 4
3661,0, 550, False, 0
3662,0, 550, False, 0
3663,0, 550, False, 3
3664,0, 550, False, 3
3665,0, 550, False, 3
3666,0, 550, False, 3
3667,0, 550, False, 3
3668,0, 550, False, 3
3669,0, 550, False, 3
3670,0, 550, False, 3
3671,0, 550, False, 3
3672,0, 550, False, 3
3673,0, 550, False, 3
3674,0, 550, False, 3
3675,0, 550, False, 3
3676,0, 550, False, 3
3677,0, 550, False, 3
3678,0, 550, False, 3
3679,0, 550, False, 3
3680,0, 550, False, 3
3681,0, 550, False, 3
3682,0, 550, False, 3
3683,0, 550, False, 0
3684,0, 550, False, 0
3685,0, 550, False, 0
3686,0, 550, False, 0
3687,0, 550, False, 0
3688,0, 550, False, 0
3689,0, 550, False, 0
3690,0, 550, False, 0
3691,0, 550, False, 0
3692,0, 550, False, 0
3693,0, 550, False, 0
3694,0, 550, False, 0
3695,0, 550, False, 0
3696,0, 550, False, 0
3697,0, 550, False, 0
3698,0, 550, False, 0
3699,0, 550, False, 0
3700,0, 550, False, 0
3701,0, 550, False, 0
3702,0, 550, False, 0
3703,0, 550, False, 0
3704,0, 550, False, 0
3705,0, 550, False, 0
3706,0, 550, False, 0
3707,0, 550, False, 0
3708,0, 550, False, 0
3709,0, 550, False, 0
3710,0, 550, False, 0
3711,0, 550, False, 0
3712,0, 550, False, 0
3713,0, 550, False, 0
3714,0, 550, False, 0
3715,0, 550, False, 0
3716,0, 550, False, 0
3717,0, 550, False, 0
3718,0, 550, False, 0
3719,0, 550, False, 0
3720,0, 550, False, 4
3721,0, 550, False, 4
3722,0, 550, False, 4
3723,0, 550, False, 4
3724,0, 550, False, 4
3725,0, 550, False, 4
3726,0, 550, False, 4
3727,0, 550, False, 4
3728,0, 550, False, 4
3729,0, 550, False, 4
3730,0, 550, False, 4
3731,0, 550, False, 4
3732,0, 550, False, 4
3733,0, 550, False, 4
3734,0, 550, False, 4
3735,0, 550, False, 4
3736,0, 550, False, 4
3737,0, 550, False, 4
3738,0, 550, False, 4
3739,0, 550, False, 4
3740,0, 550, False, 4
3741,0, 550, False, 4
3742,0, 550, False, 4
3743,0, 550, False, 4
3744,0, 550, False, 4
3745,0, 550, False, 4
3746,0, 550, False, 4
3747,0, 550, False, 4
3748,0, 550, False, 4
3749,0, 550, False, 4
3750,0, 550, False, 4
3751,0, 550, False, 4
3752,0, 550, False, 0
3753,0, 550, False, 0
3754,0, 550, False, 0
3755,0, 550, False, 0
3756,0, 550, False, 0
3757,0, 550, False, 0
3758,0, 550, False, 0
3759,0, 550, False, 1
3760,0, 550, False, 1
3761,0, 550, False, 1
3762,0, 550, False, 1
3763,0, 550, False, 1
3764,0, 550, False, 1
3765,0, 550, False, 0
3766,0, 550, False, 0
3767,0, 550, False, 0
3768,0, 550, False, 0
3769,0, 550, False, 0
3770,0, 550, False, 1
3771,0, 550, False, 1
3772,0, 550, False, 1
3773,0, 550, False, 1
3774,0, 550, False, 1
3775,0, 550, False, 1
3776,0, 550, False, 0
3777,0, 550, False, 0
3778,0, 550, False, 0
3779,0, 550, False, 0
3780,0, 550, False, 0
3781,0, 550, False, 1
3782,0, 550, False, 1
3783,0, 550, False, 1
3784,0, 550, False, 1
3785,0, 550, False, 1
3786,0, 550, False, 1
3787,0, 550, False, 0
3788,0, 550, False, 0
3789,0, 550, False, 0
3790,0, 550, False, 0
3791,0, 550, False, 0
3792,0, 550, False, 0
3793,0, 550, False, 1
3794,0, 550, False, 1
3795,0, 550, False, 1
3796,0, 550, False, 1
3797,0, 550, False, 0
3798,0, 550, False, 0
3799,0, 550, False, 0
3800,0, 550, False, 0
3801,0, 550, False, 0
3802,0, 550, False, 0
3803,0, 550, False, 0
3804,0, 550, False, 3
3805,0, 550, False, 3
3806,0, 550, False, 11
3807,0, 550, False, 11
3808,0, 550, False, 3
3809,0, 550, False, 3
3810,0, 550, False, 3
3811,0, 550, False, 3
3812,0, 550, False, 3
3813,0, 550, False, 3
3814,0, 550, False, 3
3815,0, 550, False, 3
3816,0, 550, False, 3
3817,0, 550, False, 3
3818,0, 550, False, 11
3819,0, 550, False, 11
3820,0, 550, False, 11
3821,0, 550, False, 11
3822,0, 550, False, 11
3823,0, 550, False, 3
3824,0, 550, False, 3
3825,0, 550, False, 0
3826,0, 550, False, 0
3827,0, 550, False, 0
3828,0, 550, False, 0
3829,0, 550, False, 0
3830,0, 550, False, 1
3831,0, 550, False, 1
3832,0, 550, False, 1
3833,0, 550, False, 1
3834,0, 550, False, 1
3835,0, 550, False, 1
3836,0, 550, False, 1
3837,0, 550, False, 1
3838,0, 550, False, 1
3839,0, 550, False, 0
3840,0, 550, False, 0
3841,0, 550, False, 0
3842,0, 550, False, 0
3843,0, 550, False, 0
3844,0, 550, False, 3
3845,0, 550, False, 3
3846,0, 550, False, 3
3847,0, 550, False, 3
3848,0, 550, False, 3
3849,0, 550, False, 3
3850,0, 550, False, 3
3851,0, 550, False, 11
3852,0, 550, False, 11
3853,0, 550, False, 11
3854,0, 550, False, 11
3855,0, 550, False, 3
3856,0, 550, False, 3
3857,0, 550, False, 3
3858,0, 550, False, 3
3859,0, 550, False, 3
3860,0, 550, False, 3
3861,0, 550, False, 3
3862,0, 550, False, 3
3863,0, 550, False, 3
3864,0, 550, False, 3
3865,0, 550, False, 3
3866,0, 550, False, 3
3867,0, 550, False, 3
3868,0, 550, False, 3
3869,0, 550, False, 3
3870,0, 550, False, 11
3871,0, 550, False, 11
3872,0, 550, False, 11
3873,0, 550, False, 11
3874,0, 550, False, 3
3875,0, 550, False, 3
3876,0, 550, False, 3
3877,25, 575, False, 3
3878,0, 575, False, 3
3879,0, 575, False, 3
3880,0, 575, False, 3
3881,0, 575, False, 3
3882,0, 575, False, 3
3883,0, 575, False, 3
3884,0, 575, False, 3
3885,0, 575, False, 3
3886,0, 575, False, 3
3887,0, 575, False, 3
3888,0, 575, False, 3
3889,0, 575, False, 0
3890,0, 575, False, 0
3891,0, 575, False, 0
3892,0, 575, False, 0
3893,0, 575, False, 0
3894,0, 575, False, 3
3895,0, 575, False, 3
3896,0, 575, False, 3
3897,0, 575, False, 3
3898,0, 575, False, 3
3899,0, 575, False, 3
3900,0, 575, False, 3
3901,0, 575, False, 3
3902,0, 575, False, 3
3903,0, 575, False, 3
3904,0, 575, False, 3
3905,0, 575, False, 0
3906,0, 575, False, 0
3907,0, 575, False, 1
3908,0, 575, False, 1
3909,0, 575, False, 1
3910,0, 575, False, 1
3911,0, 575, False, 1
3912,0, 575, False, 1
3913,0, 575, False, 1
3914,0, 575, False, 1
3915,0, 575, False, 1
3916,0, 575, False, 0
3917,0, 575, False, 0
3918,0, 575, False, 0
3919,0, 575, False, 0
3920,0, 575, False, 0
3921,0, 575, False, 0
3922,0, 575, False, 0
3923,0, 575, False, 0
3924,0, 575, False, 0
3925,0, 575, False, 0
3926,0, 575, False, 0
3927,0, 575, False, 0
3928,0, 575, False, 0
3929,0, 575, False, 0
3930,0, 575, False, 0
3931,0, 575, False, 0
3932,0, 575, False, 0
3933,0, 575, False, 0
3934,0, 575, False, 0
3935,0, 575, False, 0
3936,0, 575, False, 0
3937,0, 575, False, 0
3938,0, 575, False, 0
3939,0, 575, False, 0
3940,0, 575, False, 0
3941,0, 575, False, 0
3942,0, 575, False, 0
3943,0, 575, False, 0
3944,0, 575, False, 0
3945,0, 575, False, 0
3946,0, 575, False, 0
3947,0, 575, False, 12
3948,0, 575, False, 12
3949,0, 575, False, 12
3950,0, 575, False, 12
3951,0, 575, False, 4
3952,0, 575, False, 4
3953,0, 575, False, 4
3954,0, 575, False, 4
3955,0, 575, False, 4
3956,0, 575, False, 4
3957,0, 575, False, 4
3958,0, 575, False, 4
3959,0, 575, False, 4
3960,0, 575, False, 4
3961,0, 575, False, 4
3962,0, 575, False, 4
3963,0, 575, False, 4
3964,0, 575, False, 4
3965,0, 575, False, 4
3966,0, 575, False, 4
3967,0, 575, False, 4
3968,0, 575, False, 4
3969,0, 575, False, 4
3970,0, 575, False, 4
3971,0, 575, False, 4
3972,0, 575, False, 4
3973,0, 575, False, 4
3974,0, 575, False, 4
3975,0, 575, False, 4
3976,0, 575, False, 4
3977,0, 575, False, 4
3978,0, 575, False, 4
3979,0, 575, False, 4
3980,0, 575, False, 4
3981,0, 575, False, 4
3982,0, 575, False, 4
3983,0, 575, False, 4
3984,0, 575, False, 4
3985,0, 575, False, 4
3986,0, 575, False, 4
3987,0, 575, False, 4
3988,0, 575, False, 4
3989,0, 575, False, 4
3990,0, 575, False, 4
3991,0, 575, False, 4
3992,0, 575, False, 4
3993,0, 575, False, 4
3994,0, 575, False, 4
3995,0, 575, False, 4
3996,0, 575, False, 4
3997,0, 575, False, 4
3998,0, 575, False, 4
3999,0, 575, False, 4
4000,0, 575, False, 4
4001,0, 575, False, 4
4002,0, 575, False, 4
4003,0, 575, False, 4
4004,0, 575, False, 4
4005,0, 575, False, 4
4006,0, 575, False, 4
4007,0, 575, False, 4
4008,0, 575, False, 4
4009,0, 575, False, 4
4010,0, 575, False, 4
4011,0, 575, False, 4
4012,0, 575, False, 4
4013,0, 575, False, 4
4014,0, 575, False, 4
4015,0, 575, False, 4
4016,0, 575, False, 4
4017,0, 575, False, 4
4018,0, 575, False, 4
4019,0, 575, False, 4
4020,0, 575, False, 4
4021,0, 575, False, 4
4022,0, 575, False, 4
4023,0, 575, False, 4
4024,0, 575, False, 4
4025,0, 575, False, 4
4026,0, 575, False, 4
4027,0, 575, False, 4
4028,0, 575, False, 4
4029,0, 575, False, 4
4030,0, 575, False, 4
4031,0, 575, False, 4
4032,0, 575, False, 4
4033,0, 575, False, 4
4034,0, 575, False, 4
4035,0, 575, False, 4
4036,0, 575, False, 4
4037,0, 575, False, 4
4038,0, 575, False, 4
4039,0, 575, False, 4
4040,0, 575, False, 4
4041,0, 575, False, 4
4042,0, 575, False, 4
4043,0, 575, False, 4
4044,0, 575, False, 4
4045,0, 575, False, 4
4046,0, 575, False, 4
4047,0, 575, False, 0
4048,0, 575, False, 0
4049,0, 575, False, 0
4050,0, 575, False, 0
4051,0, 575, False, 0
4052,0, 575, False, 0
4053,0, 575, False, 4
4054,0, 575, False, 4
4055,0, 575, False, 4
4056,0, 575, False, 4
4057,0, 575, False, 4
4058,0, 575, False, 4
4059,0, 575, False, 4
4060,0, 575, False, 4
4061,0, 575, False, 4
4062,0, 575, False, 4
4063,0, 575, False, 4
4064,0, 575, False, 4
4065,0, 575, False, 4
4066,0, 575, False, 4
4067,0, 575, False, 4
4068,0, 575, False, 4
4069,0, 575, False, 4
4070,0, 575, False, 4
4071,0, 575, False, 4
4072,0, 575, False, 4
4073,0, 575, False, 0
4074,0, 575, False, 0
4075,0, 575, False, 1
4076,0, 575, False, 1
4077,0, 575, False, 1
4078,0, 575, False, 1
4079,0, 575, False, 1
4080,0, 575, False, 1
4081,0, 575, False, 1
4082,0, 575, False, 0
4083,0, 575, False, 0
4084,0, 575, False, 3
4085,0, 575, False, 3
4086,0, 575, False, 3
4087,0, 575, False, 3
4088,0, 575, False, 0
4089,25, 600, False, 1
4090,0, 600, False, 1
4091,0, 600, False, 1
4092,0, 600, False, 1
4093,0, 600, False, 1
4094,0, 600, False, 1
4095,0, 600, False, 1
4096,0, 600, False, 1
4097,0, 600, False, 0
4098,0, 600, False, 0
4099,0, 600, False, 0
4100,0, 600, False, 0
4101,0, 600, False, 0
4102,0, 600, False, 0
4103,0, 600, False, 0
4104,0, 600, False, 0
4105,0, 600, False, 0
4106,0, 600, False, 0
4107,0, 600, False, 0
4108,0, 600, False, 0
4109,0, 600, False, 0
4110,0, 600, False, 0
4111,0, 600, False, 0
4112,0, 600, False, 0
4113,0, 600, False, 0
4114,0, 600, False, 0
4115,0, 600, False, 0
4116,0, 600, False, 0
4117,0, 600, False, 0
4118,0, 600, False, 0
4119,0, 600, False, 0
4120,0, 600, False, 0
4121,0, 600, False, 0
4122,0, 600, False, 0
4123,0, 600, False, 0
4124,0, 600, False, 0
4125,0, 600, False, 0
4126,0, 600, False, 0
4127,0, 600, False, 0
4128,0, 600, False, 0
4129,0, 600, False, 0
4130,0, 600, False, 0
4131,0, 600, False, 0
4132,0, 600, False, 0
4133,0, 600, False, 0
4134,0, 600, False, 0
4135,0, 600, False, 0
4136,0, 600, False, 0
4137,0, 600, False, 0
4138,0, 600, False, 0
4139,0, 600, False, 0
4140,0, 600, False, 0
4141,0, 600, False, 0
4142,0, 600, False, 3
4143,0, 600, False, 3
4144,0, 600, False, 3
4145,0, 600, False, 3
4146,0, 600, False, 3
4147,0, 600, False, 3
4148,0, 600, False, 3
4149,0, 600, False, 3
4150,0, 600, False, 3
4151,0, 600, False, 3
4152,0, 600, False, 3
4153,0, 600, False, 3
4154,0, 600, False, 3
4155,0, 600, False, 3
4156,0, 600, False, 3
4157,0, 600, False, 3
4158,0, 600, False, 3
4159,0, 600, False, 3
4160,0, 600, False, 3
4161,0, 600, False, 3
4162,0, 600, False, 3
4163,0, 600, False, 3
4164,0, 600, False, 0
4165,0, 600, False, 0
4166,0, 600, False, 0
4167,0, 600, False, 1
4168,0, 600, False, 1
4169,0, 600, False, 1
4170,0, 600, False, 1
4171,0, 600, False, 1
4172,0, 600, False, 1
4173,0, 600, False, 1
4174,0, 600, False, 1
4175,0, 600, False, 0
4176,0, 600, False, 0
4177,0, 600, False, 0
4178,0, 600, False, 0
4179,0, 600, False, 0
4180,0, 600, False, 0
4181,0, 600, False, 0
4182,0, 600, False, 0
4183,0, 600, False, 0
4184,0, 600, False, 0
4185,0, 600, False, 0
4186,0, 600, False, 0
4187,0, 600, False, 0
4188,0, 600, False, 0
4189,0, 600, False, 0
4190,0, 600, False, 0
4191,0, 600, False, 0
4192,0, 600, False, 0
4193,0, 600, False, 0
4194,0, 600, False, 0
4195,0, 600, False, 0
4196,0, 600, False, 0
4197,0, 600, False, 0
4198,0, 600, False, 0
4199,0, 600, False, 0
4200,0, 600, False, 0
4201,0, 600, False, 0
4202,0, 600, False, 0
4203,0, 600, False, 0
4204,0, 600, False, 0
4205,0, 600, False, 0
4206,0, 600, False, 0
4207,0, 600, False, 0
4208,0, 600, False, 0
4209,0, 600, False, 0
4210,0, 600, False, 0
4211,0, 600, False, 0
4212,0, 600, False, 0
4213,0, 600, False, 0
4214,0, 600, False, 0
4215,0, 600, False, 0
4216,0, 600, False, 0
4217,0, 600, False, 0
4218,0, 600, False, 0
4219,0, 600, False, 0
4220,0, 600, False, 0
4221,0, 600, False, 0
4222,0, 600, False, 0
4223,0, 600, False, 0
4224,0, 600, False, 0
4225,0, 600, False, 0
4226,0, 600, False, 0
4227,0, 600, False, 0
4228,0, 600, False, 0
4229,0, 600, False, 0
4230,0, 600, False, 0
4231,0, 600, False, 0
4232,0, 600, False, 0
4233,0, 600, False, 0
4234,0, 600, False, 0
4235,0, 600, False, 0
4236,0, 600, False, 0
4237,0, 600, False, 0
4238,0, 600, False, 0
4239,0, 600, False, 0
4240,0, 600, False, 0
4241,0, 600, False, 0
4242,0, 600, False, 0
4243,0, 600, False, 0
4244,0, 600, False, 0
4245,0, 600, False, 0
4246,0, 600, False, 0
4247,0, 600, False, 0
4248,0, 600, False, 0
4249,0, 600, False, 1
4250,0, 600, False, 1
4251,0, 600, False, 1
4252,0, 600, False, 1
4253,0, 600, False, 1
4254,0, 600, False, 1
4255,0, 600, False, 1
4256,0, 600, False, 1
4257,0, 600, False, 1
4258,0, 600, False, 0
4259,0, 600, False, 0
4260,0, 600, False, 0
4261,0, 600, False, 0
4262,0, 600, False, 0
4263,0, 600, False, 0
4264,0, 600, False, 0
4265,0, 600, False, 0
4266,0, 600, False, 0
4267,0, 600, False, 0
4268,0, 600, False, 0
4269,0, 600, False, 0
4270,0, 600, False, 0
4271,0, 600, False, 0
4272,0, 600, False, 0
4273,0, 600, False, 0
4274,0, 600, False, 0
4275,0, 600, False, 0
4276,0, 600, False, 0
4277,0, 600, False, 0
4278,0, 600, False, 0
4279,0, 600, False, 0
4280,0, 600, False, 0
4281,0, 600, False, 0
4282,0, 600, False, 0
4283,0, 600, False, 0
4284,0, 600, False, 0
4285,0, 600, False, 0
4286,0, 600, False, 0
4287,0, 600, False, 0
4288,0, 600, False, 0
4289,0, 600, False, 0
4290,0, 600, False, 0
4291,0, 600, False, 0
4292,0, 600, False, 0
4293,0, 600, False, 0
4294,0, 600, False, 0
4295,0, 600, False, 0
4296,0, 600, False, 0
4297,0, 600, False, 0
4298,0, 600, False, 0
4299,0, 600, False, 0
4300,0, 600, False, 0
4301,0, 600, False, 0
4302,0, 600, False, 0
4303,0, 600, False, 0
4304,0, 600, False, 0
4305,0, 600, False, 0
4306,0, 600, False, 0
4307,0, 600, False, 0
4308,0, 600, False, 0
4309,0, 600, False, 0
4310,0, 600, False, 0
4311,0, 600, False, 0
4312,0, 600, False, 0
4313,0, 600, False, 0
4314,0, 600, False, 0
4315,0, 600, False, 0
4316,0, 600, False, 0
4317,0, 600, False, 0
4318,0, 600, False, 0
4319,0, 600, False, 0
4320,0, 600, False, 0
4321,0, 600, False, 0
4322,0, 600, False, 0
4323,0, 600, False, 0
4324,0, 600, False, 0
4325,0, 600, False, 0
4326,0, 600, False, 0
4327,0, 600, False, 0
4328,0, 600, False, 0
4329,0, 600, False, 0
4330,0, 600, False, 0
4331,0, 600, False, 0
4332,0, 600, False, 0
4333,0, 600, False, 0
4334,0, 600, False, 0
4335,0, 600, False, 1
4336,0, 600, False, 1
4337,0, 600, False, 1
4338,0, 600, False, 1
4339,0, 600, False, 1
4340,0, 600, False, 1
4341,0, 600, False, 1
4342,0, 600, False, 0
4343,0, 600, False, 0
4344,0, 600, False, 0
4345,0, 600, False, 0
4346,0, 600, False, 0
4347,0, 600, False, 0
4348,0, 600, False, 0
4349,0, 600, False, 0
4350,0, 600, False, 0
4351,0, 600, False, 0
4352,0, 600, False, 0
4353,0, 600, False, 0
4354,0, 600, False, 0
4355,0, 600, False, 0
4356,0, 600, False, 0
4357,0, 600, False, 0
4358,0, 600, False, 0
4359,0, 600, False, 0
4360,0, 600, False, 0
4361,0, 600, False, 0
4362,0, 600, False, 0
4363,0, 600, False, 0
4364,0, 600, False, 0
4365,0, 600, False, 0
4366,0, 600, False, 0
4367,0, 600, False, 0
4368,0, 600, False, 0
4369,0, 600, False, 0
4370,0, 600, False, 0
4371,0, 600, False, 0
4372,0, 600, False, 0
4373,0, 600, False, 0
4374,0, 600, False, 0
4375,0, 600, False, 0
4376,0, 600, False, 0
4377,0, 600, False, 0
4378,0, 600, False, 0
4379,0, 600, False, 0
4380,0, 600, False, 0
4381,0, 600, False, 0
4382,0, 600, False, 0
4383,0, 600, False, 0
4384,0, 600, False, 0
4385,0, 600, False, 0
4386,0, 600, False, 0
4387,0, 600, False, 0
4388,0, 600, True, 0
