db traj id : 1406
frame,reward,score,terminal, action
0,0, 0, False, 0
1,0, 0, False, 0
2,0, 0, False, 0
3,0, 0, False, 0
4,0, 0, False, 0
5,0, 0, False, 0
6,0, 0, False, 0
7,0, 0, False, 0
8,0, 0, False, 0
9,0, 0, False, 0
10,0, 0, False, 0
11,0, 0, False, 0
12,0, 0, False, 0
13,0, 0, False, 0
14,0, 0, False, 0
15,0, 0, False, 0
16,0, 0, False, 0
17,0, 0, False, 0
18,0, 0, False, 0
19,0, 0, False, 0
20,0, 0, False, 0
21,0, 0, False, 0
22,0, 0, False, 0
23,0, 0, False, 0
24,0, 0, False, 0
25,0, 0, False, 0
26,0, 0, False, 0
27,0, 0, False, 0
28,0, 0, False, 0
29,0, 0, False, 0
30,0, 0, False, 0
31,0, 0, False, 0
32,0, 0, False, 0
33,0, 0, False, 0
34,0, 0, False, 0
35,0, 0, False, 0
36,0, 0, False, 0
37,0, 0, False, 0
38,0, 0, False, 0
39,0, 0, False, 0
40,0, 0, False, 0
41,0, 0, False, 0
42,0, 0, False, 0
43,0, 0, False, 0
44,0, 0, False, 0
45,0, 0, False, 0
46,0, 0, False, 0
47,0, 0, False, 0
48,0, 0, False, 0
49,0, 0, False, 0
50,0, 0, False, 0
51,0, 0, False, 0
52,0, 0, False, 0
53,0, 0, False, 0
54,0, 0, False, 0
55,0, 0, False, 0
56,0, 0, False, 0
57,0, 0, False, 0
58,0, 0, False, 0
59,0, 0, False, 0
60,0, 0, False, 0
61,0, 0, False, 0
62,0, 0, False, 1
63,0, 0, False, 1
64,0, 0, False, 1
65,0, 0, False, 1
66,0, 0, False, 1
67,0, 0, False, 1
68,0, 0, False, 1
69,0, 0, False, 1
70,0, 0, False, 1
71,0, 0, False, 1
72,0, 0, False, 1
73,0, 0, False, 0
74,0, 0, False, 0
75,0, 0, False, 0
76,0, 0, False, 0
77,0, 0, False, 0
78,0, 0, False, 0
79,0, 0, False, 0
80,0, 0, False, 0
81,0, 0, False, 0
82,0, 0, False, 0
83,0, 0, False, 0
84,0, 0, False, 0
85,0, 0, False, 0
86,0, 0, False, 0
87,0, 0, False, 0
88,0, 0, False, 0
89,0, 0, False, 0
90,0, 0, False, 0
91,0, 0, False, 0
92,0, 0, False, 0
93,0, 0, False, 0
94,0, 0, False, 0
95,0, 0, False, 0
96,0, 0, False, 0
97,0, 0, False, 0
98,0, 0, False, 0
99,0, 0, False, 3
100,0, 0, False, 3
101,0, 0, False, 3
102,0, 0, False, 3
103,0, 0, False, 3
104,0, 0, False, 3
105,0, 0, False, 3
106,0, 0, False, 3
107,0, 0, False, 3
108,0, 0, False, 3
109,0, 0, False, 3
110,0, 0, False, 3
111,0, 0, False, 3
112,0, 0, False, 3
113,0, 0, False, 3
114,0, 0, False, 3
115,0, 0, False, 3
116,0, 0, False, 0
117,0, 0, False, 0
118,0, 0, False, 0
119,0, 0, False, 0
120,0, 0, False, 0
121,0, 0, False, 0
122,0, 0, False, 0
123,0, 0, False, 0
124,0, 0, False, 0
125,0, 0, False, 0
126,0, 0, False, 4
127,0, 0, False, 4
128,0, 0, False, 4
129,0, 0, False, 4
130,0, 0, False, 4
131,0, 0, False, 4
132,0, 0, False, 4
133,0, 0, False, 4
134,0, 0, False, 4
135,0, 0, False, 4
136,0, 0, False, 4
137,0, 0, False, 4
138,0, 0, False, 4
139,0, 0, False, 4
140,0, 0, False, 4
141,0, 0, False, 4
142,0, 0, False, 4
143,0, 0, False, 4
144,0, 0, False, 4
145,0, 0, False, 4
146,0, 0, False, 4
147,0, 0, False, 4
148,0, 0, False, 4
149,0, 0, False, 4
150,0, 0, False, 4
151,0, 0, False, 4
152,0, 0, False, 4
153,0, 0, False, 4
154,0, 0, False, 4
155,0, 0, False, 4
156,0, 0, False, 4
157,0, 0, False, 4
158,0, 0, False, 4
159,0, 0, False, 4
160,0, 0, False, 4
161,0, 0, False, 4
162,0, 0, False, 4
163,0, 0, False, 4
164,0, 0, False, 4
165,0, 0, False, 0
166,0, 0, False, 0
167,0, 0, False, 0
168,0, 0, False, 3
169,0, 0, False, 3
170,0, 0, False, 3
171,0, 0, False, 3
172,0, 0, False, 3
173,0, 0, False, 3
174,0, 0, False, 3
175,0, 0, False, 3
176,0, 0, False, 3
177,0, 0, False, 3
178,0, 0, False, 3
179,0, 0, False, 3
180,0, 0, False, 3
181,0, 0, False, 3
182,0, 0, False, 3
183,0, 0, False, 3
184,0, 0, False, 3
185,0, 0, False, 3
186,0, 0, False, 3
187,0, 0, False, 3
188,0, 0, False, 3
189,0, 0, False, 3
190,0, 0, False, 3
191,0, 0, False, 3
192,0, 0, False, 3
193,0, 0, False, 3
194,0, 0, False, 3
195,0, 0, False, 3
196,0, 0, False, 3
197,0, 0, False, 3
198,0, 0, False, 3
199,0, 0, False, 3
200,0, 0, False, 3
201,0, 0, False, 3
202,0, 0, False, 3
203,0, 0, False, 3
204,0, 0, False, 3
205,0, 0, False, 3
206,0, 0, False, 3
207,0, 0, False, 3
208,0, 0, False, 3
209,0, 0, False, 3
210,0, 0, False, 3
211,0, 0, False, 3
212,0, 0, False, 11
213,0, 0, False, 11
214,0, 0, False, 11
215,0, 0, False, 11
216,0, 0, False, 11
217,0, 0, False, 1
218,0, 0, False, 1
219,0, 0, False, 1
220,0, 0, False, 1
221,0, 0, False, 1
222,0, 0, False, 0
223,0, 0, False, 0
224,0, 0, False, 0
225,0, 0, False, 0
226,0, 0, False, 0
227,0, 0, False, 0
228,0, 0, False, 0
229,0, 0, False, 1
230,0, 0, False, 1
231,0, 0, False, 1
232,0, 0, False, 1
233,0, 0, False, 1
234,0, 0, False, 1
235,0, 0, False, 1
236,0, 0, False, 0
237,0, 0, False, 0
238,0, 0, False, 0
239,5, 5, False, 1
240,0, 5, False, 1
241,0, 5, False, 1
242,0, 5, False, 1
243,0, 5, False, 1
244,0, 5, False, 1
245,0, 5, False, 1
246,0, 5, False, 1
247,0, 5, False, 1
248,0, 5, False, 1
249,0, 5, False, 1
250,0, 5, False, 1
251,0, 5, False, 1
252,0, 5, False, 1
253,0, 5, False, 1
254,0, 5, False, 0
255,0, 5, False, 0
256,0, 5, False, 0
257,0, 5, False, 0
258,0, 5, False, 0
259,0, 5, False, 0
260,0, 5, False, 1
261,0, 5, False, 1
262,0, 5, False, 1
263,0, 5, False, 0
264,0, 5, False, 0
265,0, 5, False, 0
266,0, 5, False, 0
267,0, 5, False, 0
268,0, 5, False, 1
269,0, 5, False, 1
270,0, 5, False, 1
271,0, 5, False, 1
272,0, 5, False, 1
273,0, 5, False, 1
274,0, 5, False, 1
275,10, 15, False, 0
276,0, 15, False, 1
277,0, 15, False, 1
278,0, 15, False, 1
279,0, 15, False, 0
280,0, 15, False, 0
281,0, 15, False, 1
282,0, 15, False, 1
283,0, 15, False, 1
284,0, 15, False, 0
285,0, 15, False, 0
286,0, 15, False, 0
287,0, 15, False, 0
288,0, 15, False, 0
289,0, 15, False, 0
290,0, 15, False, 0
291,0, 15, False, 0
292,0, 15, False, 1
293,0, 15, False, 1
294,0, 15, False, 1
295,0, 15, False, 1
296,0, 15, False, 1
297,0, 15, False, 0
298,0, 15, False, 0
299,0, 15, False, 0
300,0, 15, False, 0
301,0, 15, False, 0
302,0, 15, False, 1
303,0, 15, False, 1
304,0, 15, False, 1
305,0, 15, False, 1
306,0, 15, False, 1
307,0, 15, False, 1
308,0, 15, False, 0
309,0, 15, False, 0
310,0, 15, False, 0
311,0, 15, False, 0
312,0, 15, False, 0
313,0, 15, False, 11
314,0, 15, False, 11
315,0, 15, False, 11
316,0, 15, False, 3
317,0, 15, False, 3
318,0, 15, False, 3
319,15, 30, False, 3
320,0, 30, False, 3
321,0, 30, False, 3
322,0, 30, False, 3
323,0, 30, False, 3
324,0, 30, False, 3
325,0, 30, False, 3
326,0, 30, False, 3
327,0, 30, False, 3
328,0, 30, False, 3
329,0, 30, False, 3
330,0, 30, False, 3
331,0, 30, False, 3
332,0, 30, False, 3
333,0, 30, False, 3
334,0, 30, False, 3
335,0, 30, False, 3
336,0, 30, False, 3
337,0, 30, False, 3
338,0, 30, False, 3
339,0, 30, False, 3
340,0, 30, False, 3
341,0, 30, False, 3
342,0, 30, False, 3
343,0, 30, False, 3
344,0, 30, False, 3
345,0, 30, False, 0
346,0, 30, False, 0
347,0, 30, False, 0
348,0, 30, False, 0
349,0, 30, False, 0
350,0, 30, False, 0
351,0, 30, False, 0
352,0, 30, False, 0
353,0, 30, False, 0
354,0, 30, False, 0
355,0, 30, False, 0
356,0, 30, False, 0
357,0, 30, False, 0
358,0, 30, False, 0
359,0, 30, False, 0
360,0, 30, False, 0
361,0, 30, False, 0
362,0, 30, False, 0
363,0, 30, False, 0
364,0, 30, False, 0
365,0, 30, False, 0
366,0, 30, False, 0
367,0, 30, False, 0
368,0, 30, False, 0
369,0, 30, False, 0
370,0, 30, False, 0
371,0, 30, False, 0
372,0, 30, False, 0
373,0, 30, False, 0
374,0, 30, False, 0
375,0, 30, False, 0
376,0, 30, False, 0
377,0, 30, False, 0
378,0, 30, False, 0
379,0, 30, False, 0
380,0, 30, False, 0
381,0, 30, False, 0
382,0, 30, False, 0
383,0, 30, False, 0
384,0, 30, False, 0
385,0, 30, False, 1
386,0, 30, False, 1
387,0, 30, False, 1
388,0, 30, False, 1
389,0, 30, False, 1
390,0, 30, False, 1
391,0, 30, False, 1
392,0, 30, False, 1
393,0, 30, False, 1
394,0, 30, False, 1
395,0, 30, False, 1
396,0, 30, False, 1
397,0, 30, False, 0
398,0, 30, False, 0
399,0, 30, False, 0
400,0, 30, False, 0
401,0, 30, False, 1
402,0, 30, False, 1
403,0, 30, False, 1
404,0, 30, False, 1
405,0, 30, False, 1
406,0, 30, False, 1
407,0, 30, False, 0
408,0, 30, False, 0
409,0, 30, False, 0
410,0, 30, False, 1
411,0, 30, False, 1
412,0, 30, False, 1
413,0, 30, False, 1
414,0, 30, False, 1
415,0, 30, False, 1
416,0, 30, False, 1
417,0, 30, False, 1
418,0, 30, False, 1
419,0, 30, False, 1
420,0, 30, False, 0
421,0, 30, False, 0
422,0, 30, False, 0
423,0, 30, False, 1
424,0, 30, False, 1
425,0, 30, False, 1
426,0, 30, False, 1
427,0, 30, False, 1
428,0, 30, False, 1
429,0, 30, False, 0
430,0, 30, False, 0
431,0, 30, False, 0
432,0, 30, False, 1
433,0, 30, False, 1
434,0, 30, False, 1
435,0, 30, False, 1
436,0, 30, False, 1
437,0, 30, False, 1
438,0, 30, False, 1
439,0, 30, False, 1
440,0, 30, False, 1
441,0, 30, False, 0
442,0, 30, False, 0
443,0, 30, False, 0
444,0, 30, False, 0
445,0, 30, False, 0
446,0, 30, False, 0
447,0, 30, False, 0
448,0, 30, False, 0
449,0, 30, False, 0
450,0, 30, False, 1
451,0, 30, False, 1
452,0, 30, False, 1
453,0, 30, False, 0
454,0, 30, False, 0
455,0, 30, False, 0
456,0, 30, False, 1
457,0, 30, False, 1
458,0, 30, False, 1
459,0, 30, False, 1
460,0, 30, False, 0
461,0, 30, False, 0
462,0, 30, False, 0
463,0, 30, False, 0
464,0, 30, False, 0
465,0, 30, False, 0
466,0, 30, False, 0
467,0, 30, False, 0
468,0, 30, False, 1
469,0, 30, False, 0
470,0, 30, False, 0
471,0, 30, False, 0
472,0, 30, False, 0
473,0, 30, False, 0
474,0, 30, False, 0
475,0, 30, False, 3
476,0, 30, False, 3
477,0, 30, False, 3
478,0, 30, False, 3
479,0, 30, False, 3
480,0, 30, False, 3
481,0, 30, False, 3
482,0, 30, False, 3
483,0, 30, False, 3
484,0, 30, False, 3
485,0, 30, False, 0
486,0, 30, False, 0
487,0, 30, False, 1
488,0, 30, False, 1
489,0, 30, False, 1
490,0, 30, False, 1
491,0, 30, False, 1
492,0, 30, False, 0
493,0, 30, False, 0
494,0, 30, False, 0
495,0, 30, False, 0
496,0, 30, False, 0
497,0, 30, False, 1
498,0, 30, False, 1
499,0, 30, False, 1
500,0, 30, False, 1
501,0, 30, False, 0
502,0, 30, False, 0
503,0, 30, False, 0
504,0, 30, False, 0
505,0, 30, False, 0
506,0, 30, False, 0
507,0, 30, False, 0
508,0, 30, False, 0
509,0, 30, False, 0
510,0, 30, False, 0
511,0, 30, False, 0
512,0, 30, False, 0
513,0, 30, False, 0
514,0, 30, False, 0
515,0, 30, False, 0
516,0, 30, False, 0
517,0, 30, False, 0
518,0, 30, False, 0
519,0, 30, False, 0
520,0, 30, False, 0
521,0, 30, False, 0
522,0, 30, False, 1
523,0, 30, False, 1
524,0, 30, False, 1
525,0, 30, False, 1
526,0, 30, False, 0
527,0, 30, False, 0
528,0, 30, False, 0
529,0, 30, False, 0
530,0, 30, False, 0
531,0, 30, False, 0
532,0, 30, False, 0
533,0, 30, False, 1
534,0, 30, False, 1
535,0, 30, False, 1
536,0, 30, False, 1
537,0, 30, False, 0
538,0, 30, False, 0
539,0, 30, False, 0
540,0, 30, False, 0
541,0, 30, False, 0
542,0, 30, False, 0
543,0, 30, False, 1
544,0, 30, False, 1
545,0, 30, False, 1
546,0, 30, False, 0
547,0, 30, False, 0
548,0, 30, False, 0
549,0, 30, False, 0
550,0, 30, False, 0
551,0, 30, False, 1
552,0, 30, False, 1
553,0, 30, False, 1
554,0, 30, False, 0
555,0, 30, False, 0
556,0, 30, False, 0
557,0, 30, False, 1
558,0, 30, False, 1
559,0, 30, False, 1
560,0, 30, False, 1
561,0, 30, False, 3
562,0, 30, False, 3
563,0, 30, False, 3
564,0, 30, False, 3
565,0, 30, False, 3
566,0, 30, False, 3
567,0, 30, False, 11
568,0, 30, False, 11
569,0, 30, False, 11
570,0, 30, False, 3
571,0, 30, False, 3
572,0, 30, False, 3
573,0, 30, False, 3
574,0, 30, False, 3
575,20, 50, False, 3
576,0, 50, False, 11
577,0, 50, False, 11
578,0, 50, False, 11
579,0, 50, False, 11
580,0, 50, False, 3
581,0, 50, False, 3
582,0, 50, False, 3
583,0, 50, False, 3
584,0, 50, False, 3
585,0, 50, False, 3
586,0, 50, False, 11
587,0, 50, False, 11
588,0, 50, False, 11
589,0, 50, False, 11
590,0, 50, False, 3
591,0, 50, False, 3
592,0, 50, False, 3
593,0, 50, False, 3
594,0, 50, False, 3
595,0, 50, False, 3
596,0, 50, False, 3
597,0, 50, False, 11
598,0, 50, False, 11
599,0, 50, False, 11
600,0, 50, False, 11
601,0, 50, False, 3
602,0, 50, False, 3
603,0, 50, False, 3
604,0, 50, False, 3
605,0, 50, False, 3
606,0, 50, False, 3
607,0, 50, False, 1
608,0, 50, False, 1
609,0, 50, False, 1
610,0, 50, False, 1
611,5, 55, False, 0
612,0, 55, False, 0
613,0, 55, False, 0
614,0, 55, False, 0
615,0, 55, False, 0
616,0, 55, False, 0
617,0, 55, False, 0
618,0, 55, False, 1
619,0, 55, False, 1
620,0, 55, False, 1
621,0, 55, False, 0
622,0, 55, False, 0
623,0, 55, False, 0
624,0, 55, False, 0
625,0, 55, False, 0
626,0, 55, False, 0
627,0, 55, False, 1
628,0, 55, False, 1
629,0, 55, False, 1
630,0, 55, False, 1
631,0, 55, False, 0
632,0, 55, False, 0
633,0, 55, False, 0
634,0, 55, False, 0
635,0, 55, False, 0
636,0, 55, False, 1
637,0, 55, False, 11
638,0, 55, False, 11
639,0, 55, False, 3
640,0, 55, False, 3
641,0, 55, False, 3
642,0, 55, False, 3
643,0, 55, False, 3
644,0, 55, False, 3
645,0, 55, False, 11
646,0, 55, False, 11
647,0, 55, False, 11
648,0, 55, False, 3
649,0, 55, False, 3
650,0, 55, False, 3
651,0, 55, False, 3
652,0, 55, False, 3
653,0, 55, False, 3
654,0, 55, False, 3
655,0, 55, False, 3
656,0, 55, False, 3
657,0, 55, False, 3
658,0, 55, False, 3
659,0, 55, False, 3
660,0, 55, False, 0
661,0, 55, False, 1
662,0, 55, False, 1
663,0, 55, False, 1
664,0, 55, False, 1
665,0, 55, False, 0
666,0, 55, False, 0
667,0, 55, False, 0
668,0, 55, False, 0
669,0, 55, False, 0
670,0, 55, False, 0
671,0, 55, False, 0
672,0, 55, False, 0
673,0, 55, False, 1
674,0, 55, False, 1
675,0, 55, False, 1
676,0, 55, False, 1
677,0, 55, False, 1
678,0, 55, False, 0
679,0, 55, False, 0
680,0, 55, False, 0
681,0, 55, False, 0
682,0, 55, False, 3
683,0, 55, False, 3
684,0, 55, False, 3
685,0, 55, False, 3
686,0, 55, False, 3
687,0, 55, False, 3
688,0, 55, False, 3
689,0, 55, False, 3
690,0, 55, False, 3
691,0, 55, False, 3
692,0, 55, False, 3
693,0, 55, False, 3
694,0, 55, False, 3
695,0, 55, False, 3
696,0, 55, False, 3
697,0, 55, False, 3
698,0, 55, False, 3
699,0, 55, False, 3
700,0, 55, False, 3
701,0, 55, False, 3
702,0, 55, False, 3
703,0, 55, False, 3
704,0, 55, False, 3
705,0, 55, False, 3
706,0, 55, False, 3
707,0, 55, False, 3
708,0, 55, False, 3
709,0, 55, False, 3
710,0, 55, False, 3
711,0, 55, False, 3
712,0, 55, False, 3
713,0, 55, False, 3
714,0, 55, False, 3
715,0, 55, False, 11
716,0, 55, False, 11
717,0, 55, False, 11
718,0, 55, False, 0
719,0, 55, False, 0
720,0, 55, False, 0
721,0, 55, False, 0
722,0, 55, False, 0
723,0, 55, False, 0
724,0, 55, False, 0
725,0, 55, False, 1
726,0, 55, False, 1
727,0, 55, False, 1
728,0, 55, False, 0
729,0, 55, False, 0
730,0, 55, False, 0
731,0, 55, False, 0
732,0, 55, False, 0
733,0, 55, False, 0
734,0, 55, False, 0
735,0, 55, False, 1
736,0, 55, False, 1
737,0, 55, False, 1
738,0, 55, False, 0
739,0, 55, False, 0
740,0, 55, False, 0
741,0, 55, False, 0
742,0, 55, False, 0
743,5, 60, False, 0
744,0, 60, False, 0
745,0, 60, False, 1
746,0, 60, False, 1
747,0, 60, False, 1
748,0, 60, False, 0
749,0, 60, False, 0
750,0, 60, False, 0
751,0, 60, False, 0
752,0, 60, False, 0
753,0, 60, False, 0
754,0, 60, False, 1
755,0, 60, False, 1
756,0, 60, False, 1
757,0, 60, False, 0
758,0, 60, False, 0
759,0, 60, False, 0
760,0, 60, False, 0
761,0, 60, False, 0
762,0, 60, False, 0
763,0, 60, False, 1
764,0, 60, False, 1
765,0, 60, False, 1
766,0, 60, False, 0
767,0, 60, False, 0
768,0, 60, False, 0
769,0, 60, False, 0
770,0, 60, False, 0
771,0, 60, False, 0
772,0, 60, False, 1
773,0, 60, False, 1
774,0, 60, False, 0
775,0, 60, False, 0
776,0, 60, False, 0
777,0, 60, False, 0
778,0, 60, False, 0
779,10, 70, False, 0
780,0, 70, False, 0
781,0, 70, False, 1
782,0, 70, False, 1
783,0, 70, False, 1
784,0, 70, False, 0
785,0, 70, False, 0
786,0, 70, False, 0
787,0, 70, False, 0
788,0, 70, False, 0
789,0, 70, False, 0
790,0, 70, False, 0
791,0, 70, False, 1
792,0, 70, False, 0
793,0, 70, False, 0
794,0, 70, False, 0
795,0, 70, False, 0
796,0, 70, False, 0
797,0, 70, False, 1
798,0, 70, False, 1
799,0, 70, False, 1
800,0, 70, False, 0
801,0, 70, False, 0
802,0, 70, False, 0
803,0, 70, False, 0
804,0, 70, False, 0
805,0, 70, False, 0
806,0, 70, False, 1
807,0, 70, False, 1
808,0, 70, False, 1
809,0, 70, False, 1
810,0, 70, False, 0
811,0, 70, False, 0
812,0, 70, False, 0
813,0, 70, False, 0
814,0, 70, False, 0
815,0, 70, False, 0
816,0, 70, False, 1
817,0, 70, False, 1
818,0, 70, False, 1
819,0, 70, False, 1
820,0, 70, False, 0
821,0, 70, False, 1
822,0, 70, False, 1
823,0, 70, False, 1
824,0, 70, False, 1
825,15, 85, False, 0
826,0, 85, False, 0
827,0, 85, False, 0
828,0, 85, False, 1
829,0, 85, False, 1
830,0, 85, False, 1
831,0, 85, False, 1
832,0, 85, False, 1
833,0, 85, False, 1
834,0, 85, False, 0
835,0, 85, False, 0
836,0, 85, False, 0
837,0, 85, False, 0
838,0, 85, False, 0
839,0, 85, False, 0
840,0, 85, False, 1
841,0, 85, False, 1
842,0, 85, False, 1
843,0, 85, False, 1
844,0, 85, False, 1
845,0, 85, False, 0
846,0, 85, False, 0
847,0, 85, False, 0
848,0, 85, False, 0
849,0, 85, False, 0
850,0, 85, False, 1
851,0, 85, False, 1
852,0, 85, False, 1
853,0, 85, False, 1
854,0, 85, False, 1
855,0, 85, False, 0
856,0, 85, False, 0
857,0, 85, False, 0
858,0, 85, False, 0
859,0, 85, False, 0
860,0, 85, False, 0
861,0, 85, False, 1
862,0, 85, False, 1
863,0, 85, False, 1
864,0, 85, False, 1
865,0, 85, False, 0
866,0, 85, False, 0
867,0, 85, False, 0
868,0, 85, False, 0
869,0, 85, False, 0
870,0, 85, False, 1
871,0, 85, False, 1
872,0, 85, False, 1
873,0, 85, False, 1
874,0, 85, False, 0
875,0, 85, False, 0
876,0, 85, False, 0
877,0, 85, False, 0
878,0, 85, False, 0
879,0, 85, False, 0
880,0, 85, False, 1
881,20, 105, False, 1
882,0, 105, False, 1
883,0, 105, False, 1
884,0, 105, False, 0
885,0, 105, False, 0
886,0, 105, False, 0
887,0, 105, False, 0
888,0, 105, False, 0
889,0, 105, False, 0
890,0, 105, False, 1
891,0, 105, False, 1
892,0, 105, False, 1
893,0, 105, False, 1
894,0, 105, False, 0
895,0, 105, False, 0
896,0, 105, False, 0
897,0, 105, False, 0
898,0, 105, False, 0
899,0, 105, False, 0
900,0, 105, False, 1
901,0, 105, False, 1
902,0, 105, False, 1
903,0, 105, False, 1
904,0, 105, False, 0
905,0, 105, False, 0
906,0, 105, False, 0
907,0, 105, False, 0
908,0, 105, False, 0
909,0, 105, False, 1
910,0, 105, False, 1
911,0, 105, False, 1
912,0, 105, False, 1
913,0, 105, False, 0
914,0, 105, False, 0
915,0, 105, False, 0
916,0, 105, False, 0
917,0, 105, False, 0
918,0, 105, False, 1
919,0, 105, False, 1
920,0, 105, False, 1
921,0, 105, False, 0
922,0, 105, False, 0
923,0, 105, False, 0
924,0, 105, False, 0
925,0, 105, False, 3
926,0, 105, False, 3
927,0, 105, False, 3
928,0, 105, False, 3
929,0, 105, False, 3
930,0, 105, False, 3
931,0, 105, False, 3
932,0, 105, False, 3
933,0, 105, False, 3
934,0, 105, False, 3
935,0, 105, False, 3
936,0, 105, False, 3
937,0, 105, False, 3
938,0, 105, False, 3
939,0, 105, False, 3
940,0, 105, False, 3
941,0, 105, False, 3
942,0, 105, False, 3
943,0, 105, False, 3
944,0, 105, False, 3
945,25, 130, False, 3
946,0, 130, False, 3
947,0, 130, False, 3
948,0, 130, False, 3
949,0, 130, False, 3
950,0, 130, False, 3
951,0, 130, False, 3
952,0, 130, False, 3
953,0, 130, False, 3
954,0, 130, False, 3
955,0, 130, False, 3
956,0, 130, False, 3
957,0, 130, False, 3
958,0, 130, False, 3
959,0, 130, False, 3
960,0, 130, False, 3
961,0, 130, False, 3
962,0, 130, False, 3
963,0, 130, False, 3
964,0, 130, False, 3
965,0, 130, False, 3
966,0, 130, False, 3
967,0, 130, False, 3
968,0, 130, False, 3
969,0, 130, False, 3
970,0, 130, False, 3
971,0, 130, False, 3
972,0, 130, False, 3
973,0, 130, False, 3
974,0, 130, False, 3
975,0, 130, False, 3
976,0, 130, False, 3
977,0, 130, False, 3
978,0, 130, False, 3
979,0, 130, False, 3
980,0, 130, False, 3
981,0, 130, False, 3
982,0, 130, False, 3
983,0, 130, False, 11
984,0, 130, False, 1
985,0, 130, False, 1
986,0, 130, False, 1
987,0, 130, False, 0
988,0, 130, False, 0
989,0, 130, False, 0
990,0, 130, False, 0
991,0, 130, False, 0
992,0, 130, False, 1
993,0, 130, False, 1
994,0, 130, False, 1
995,0, 130, False, 1
996,0, 130, False, 0
997,0, 130, False, 0
998,0, 130, False, 0
999,0, 130, False, 0
1000,0, 130, False, 0
1001,0, 130, False, 0
1002,0, 130, False, 0
1003,0, 130, False, 1
1004,0, 130, False, 1
1005,0, 130, False, 0
1006,0, 130, False, 0
1007,0, 130, False, 0
1008,0, 130, False, 0
1009,0, 130, False, 1
1010,0, 130, False, 1
1011,0, 130, False, 1
1012,0, 130, False, 0
1013,0, 130, False, 0
1014,0, 130, False, 0
1015,0, 130, False, 0
1016,0, 130, False, 3
1017,0, 130, False, 3
1018,0, 130, False, 3
1019,0, 130, False, 3
1020,0, 130, False, 3
1021,0, 130, False, 11
1022,0, 130, False, 11
1023,0, 130, False, 11
1024,0, 130, False, 11
1025,0, 130, False, 11
1026,0, 130, False, 11
1027,0, 130, False, 3
1028,0, 130, False, 3
1029,0, 130, False, 3
1030,0, 130, False, 3
1031,0, 130, False, 11
1032,0, 130, False, 1
1033,0, 130, False, 1
1034,0, 130, False, 1
1035,0, 130, False, 1
1036,0, 130, False, 1
1037,0, 130, False, 0
1038,0, 130, False, 0
1039,0, 130, False, 0
1040,0, 130, False, 0
1041,0, 130, False, 0
1042,0, 130, False, 0
1043,0, 130, False, 0
1044,0, 130, False, 0
1045,0, 130, False, 0
1046,0, 130, False, 0
1047,0, 130, False, 0
1048,0, 130, False, 0
1049,0, 130, False, 0
1050,0, 130, False, 0
1051,0, 130, False, 0
1052,0, 130, False, 0
1053,0, 130, False, 1
1054,0, 130, False, 1
1055,0, 130, False, 1
1056,0, 130, False, 1
1057,0, 130, False, 0
1058,0, 130, False, 0
1059,0, 130, False, 0
1060,0, 130, False, 0
1061,0, 130, False, 0
1062,0, 130, False, 0
1063,0, 130, False, 0
1064,0, 130, False, 1
1065,0, 130, False, 1
1066,0, 130, False, 1
1067,0, 130, False, 1
1068,0, 130, False, 0
1069,0, 130, False, 0
1070,0, 130, False, 0
1071,0, 130, False, 0
1072,0, 130, False, 0
1073,0, 130, False, 0
1074,0, 130, False, 1
1075,0, 130, False, 1
1076,0, 130, False, 1
1077,0, 130, False, 1
1078,0, 130, False, 0
1079,0, 130, False, 0
1080,0, 130, False, 0
1081,0, 130, False, 0
1082,0, 130, False, 0
1083,0, 130, False, 0
1084,0, 130, False, 0
1085,0, 130, False, 1
1086,0, 130, False, 1
1087,0, 130, False, 1
1088,0, 130, False, 0
1089,0, 130, False, 0
1090,0, 130, False, 0
1091,0, 130, False, 0
1092,0, 130, False, 0
1093,0, 130, False, 0
1094,0, 130, False, 1
1095,0, 130, False, 1
1096,0, 130, False, 1
1097,0, 130, False, 1
1098,0, 130, False, 0
1099,0, 130, False, 0
1100,0, 130, False, 0
1101,0, 130, False, 0
1102,0, 130, False, 0
1103,0, 130, False, 0
1104,0, 130, False, 1
1105,0, 130, False, 1
1106,0, 130, False, 1
1107,0, 130, False, 1
1108,0, 130, False, 0
1109,0, 130, False, 0
1110,0, 130, False, 0
1111,0, 130, False, 0
1112,0, 130, False, 0
1113,0, 130, False, 1
1114,0, 130, False, 1
1115,0, 130, False, 1
1116,0, 130, False, 1
1117,0, 130, False, 0
1118,0, 130, False, 0
1119,0, 130, False, 0
1120,0, 130, False, 0
1121,0, 130, False, 0
1122,0, 130, False, 0
1123,0, 130, False, 0
1124,0, 130, False, 0
1125,0, 130, False, 0
1126,0, 130, False, 0
1127,0, 130, False, 0
1128,0, 130, False, 0
1129,0, 130, False, 0
1130,0, 130, False, 0
1131,0, 130, False, 0
1132,0, 130, False, 1
1133,0, 130, False, 1
1134,0, 130, False, 0
1135,0, 130, False, 0
1136,0, 130, False, 0
1137,0, 130, False, 0
1138,0, 130, False, 0
1139,0, 130, False, 0
1140,0, 130, False, 0
1141,0, 130, False, 1
1142,0, 130, False, 1
1143,0, 130, False, 1
1144,0, 130, False, 0
1145,0, 130, False, 0
1146,0, 130, False, 0
1147,0, 130, False, 0
1148,0, 130, False, 0
1149,0, 130, False, 0
1150,0, 130, False, 0
1151,0, 130, False, 0
1152,0, 130, False, 1
1153,0, 130, False, 1
1154,0, 130, False, 1
1155,0, 130, False, 0
1156,0, 130, False, 0
1157,0, 130, False, 0
1158,0, 130, False, 0
1159,0, 130, False, 0
1160,0, 130, False, 0
1161,0, 130, False, 0
1162,0, 130, False, 0
1163,0, 130, False, 0
1164,0, 130, False, 0
1165,0, 130, False, 0
1166,0, 130, False, 0
1167,0, 130, False, 0
1168,0, 130, False, 1
1169,0, 130, False, 1
1170,0, 130, False, 1
1171,0, 130, False, 1
1172,0, 130, False, 0
1173,0, 130, False, 0
1174,0, 130, False, 0
1175,0, 130, False, 0
1176,0, 130, False, 0
1177,0, 130, False, 0
1178,0, 130, False, 1
1179,0, 130, False, 1
1180,0, 130, False, 1
1181,0, 130, False, 1
1182,0, 130, False, 0
1183,0, 130, False, 0
1184,0, 130, False, 0
1185,0, 130, False, 0
1186,0, 130, False, 0
1187,0, 130, False, 1
1188,0, 130, False, 1
1189,0, 130, False, 1
1190,0, 130, False, 0
1191,0, 130, False, 0
1192,0, 130, False, 0
1193,0, 130, False, 0
1194,0, 130, False, 0
1195,0, 130, False, 0
1196,0, 130, False, 0
1197,0, 130, False, 0
1198,0, 130, False, 1
1199,0, 130, False, 0
1200,0, 130, False, 0
1201,0, 130, False, 0
1202,0, 130, False, 0
1203,0, 130, False, 0
1204,0, 130, False, 0
1205,0, 130, False, 0
1206,0, 130, False, 0
1207,0, 130, False, 0
1208,0, 130, False, 3
1209,0, 130, False, 3
1210,0, 130, False, 3
1211,0, 130, False, 3
1212,0, 130, False, 3
1213,0, 130, False, 3
1214,0, 130, False, 3
1215,0, 130, False, 3
1216,0, 130, False, 3
1217,0, 130, False, 3
1218,0, 130, False, 3
1219,0, 130, False, 3
1220,0, 130, False, 3
1221,0, 130, False, 3
1222,0, 130, False, 3
1223,0, 130, False, 3
1224,0, 130, False, 3
1225,0, 130, False, 3
1226,0, 130, False, 3
1227,0, 130, False, 3
1228,0, 130, False, 3
1229,0, 130, False, 3
1230,0, 130, False, 3
1231,0, 130, False, 3
1232,0, 130, False, 3
1233,0, 130, False, 3
1234,0, 130, False, 3
1235,0, 130, False, 3
1236,0, 130, False, 3
1237,0, 130, False, 3
1238,0, 130, False, 3
1239,0, 130, False, 3
1240,0, 130, False, 3
1241,0, 130, False, 3
1242,0, 130, False, 3
1243,0, 130, False, 3
1244,0, 130, False, 0
1245,0, 130, False, 0
1246,0, 130, False, 0
1247,0, 130, False, 0
1248,0, 130, False, 0
1249,0, 130, False, 0
1250,0, 130, False, 0
1251,0, 130, False, 0
1252,0, 130, False, 0
1253,0, 130, False, 0
1254,0, 130, False, 0
1255,0, 130, False, 0
1256,0, 130, False, 0
1257,0, 130, False, 0
1258,0, 130, False, 3
1259,0, 130, False, 3
1260,0, 130, False, 3
1261,0, 130, False, 3
1262,0, 130, False, 3
1263,0, 130, False, 3
1264,0, 130, False, 3
1265,0, 130, False, 3
1266,0, 130, False, 3
1267,0, 130, False, 3
1268,0, 130, False, 3
1269,0, 130, False, 3
1270,0, 130, False, 0
1271,0, 130, False, 0
1272,0, 130, False, 4
1273,0, 130, False, 4
1274,0, 130, False, 4
1275,0, 130, False, 4
1276,0, 130, False, 4
1277,0, 130, False, 4
1278,0, 130, False, 4
1279,0, 130, False, 4
1280,0, 130, False, 4
1281,0, 130, False, 4
1282,0, 130, False, 4
1283,0, 130, False, 4
1284,0, 130, False, 4
1285,0, 130, False, 4
1286,0, 130, False, 4
1287,0, 130, False, 4
1288,0, 130, False, 4
1289,0, 130, False, 4
1290,0, 130, False, 4
1291,0, 130, False, 4
1292,0, 130, False, 4
1293,0, 130, False, 4
1294,0, 130, False, 4
1295,0, 130, False, 4
1296,0, 130, False, 4
1297,0, 130, False, 4
1298,0, 130, False, 4
1299,0, 130, False, 4
1300,0, 130, False, 4
1301,0, 130, False, 4
1302,0, 130, False, 4
1303,0, 130, False, 4
1304,0, 130, False, 4
1305,0, 130, False, 4
1306,0, 130, False, 4
1307,0, 130, False, 4
1308,0, 130, False, 4
1309,0, 130, False, 4
1310,0, 130, False, 4
1311,0, 130, False, 4
1312,0, 130, False, 4
1313,0, 130, False, 4
1314,0, 130, False, 4
1315,0, 130, False, 4
1316,0, 130, False, 4
1317,0, 130, False, 4
1318,0, 130, False, 4
1319,0, 130, False, 4
1320,0, 130, False, 4
1321,0, 130, False, 4
1322,0, 130, False, 0
1323,0, 130, False, 0
1324,0, 130, False, 1
1325,0, 130, False, 1
1326,0, 130, False, 1
1327,0, 130, False, 1
1328,0, 130, False, 1
1329,0, 130, False, 0
1330,0, 130, False, 0
1331,0, 130, False, 0
1332,0, 130, False, 0
1333,0, 130, False, 0
1334,0, 130, False, 1
1335,0, 130, False, 1
1336,0, 130, False, 11
1337,0, 130, False, 11
1338,0, 130, False, 3
1339,0, 130, False, 3
1340,0, 130, False, 3
1341,0, 130, False, 3
1342,0, 130, False, 3
1343,0, 130, False, 3
1344,0, 130, False, 3
1345,0, 130, False, 11
1346,0, 130, False, 11
1347,0, 130, False, 11
1348,0, 130, False, 11
1349,0, 130, False, 3
1350,0, 130, False, 3
1351,0, 130, False, 3
1352,0, 130, False, 3
1353,0, 130, False, 3
1354,0, 130, False, 3
1355,0, 130, False, 11
1356,0, 130, False, 11
1357,0, 130, False, 11
1358,0, 130, False, 3
1359,0, 130, False, 3
1360,0, 130, False, 3
1361,0, 130, False, 3
1362,0, 130, False, 3
1363,0, 130, False, 3
1364,0, 130, False, 3
1365,0, 130, False, 0
1366,0, 130, False, 0
1367,0, 130, False, 0
1368,0, 130, False, 0
1369,0, 130, False, 0
1370,0, 130, False, 0
1371,0, 130, False, 0
1372,0, 130, False, 0
1373,0, 130, False, 0
1374,0, 130, False, 0
1375,0, 130, False, 0
1376,0, 130, False, 0
1377,0, 130, False, 0
1378,0, 130, False, 0
1379,0, 130, False, 0
1380,0, 130, False, 0
1381,0, 130, False, 0
1382,0, 130, False, 0
1383,0, 130, False, 0
1384,0, 130, False, 0
1385,0, 130, False, 0
1386,0, 130, False, 0
1387,0, 130, False, 0
1388,0, 130, False, 0
1389,30, 160, False, 0
1390,0, 160, False, 4
1391,0, 160, False, 4
1392,0, 160, False, 4
1393,0, 160, False, 4
1394,0, 160, False, 4
1395,0, 160, False, 4
1396,0, 160, False, 4
1397,0, 160, False, 4
1398,0, 160, False, 4
1399,0, 160, False, 4
1400,0, 160, False, 4
1401,0, 160, False, 4
1402,0, 160, False, 4
1403,0, 160, False, 0
1404,0, 160, False, 0
1405,0, 160, False, 0
1406,0, 160, False, 0
1407,0, 160, False, 0
1408,0, 160, False, 0
1409,0, 160, False, 0
1410,0, 160, False, 0
1411,0, 160, False, 0
1412,0, 160, False, 1
1413,0, 160, False, 1
1414,0, 160, False, 1
1415,0, 160, False, 1
1416,0, 160, False, 0
1417,0, 160, False, 0
1418,0, 160, False, 0
1419,0, 160, False, 0
1420,0, 160, False, 0
1421,0, 160, False, 3
1422,0, 160, False, 3
1423,0, 160, False, 11
1424,0, 160, False, 11
1425,0, 160, False, 3
1426,0, 160, False, 3
1427,0, 160, False, 3
1428,0, 160, False, 3
1429,0, 160, False, 3
1430,0, 160, False, 3
1431,0, 160, False, 3
1432,0, 160, False, 3
1433,0, 160, False, 3
1434,0, 160, False, 0
1435,0, 160, False, 0
1436,0, 160, False, 0
1437,0, 160, False, 0
1438,0, 160, False, 0
1439,0, 160, False, 0
1440,0, 160, False, 0
1441,0, 160, False, 0
1442,0, 160, False, 0
1443,0, 160, False, 0
1444,0, 160, False, 0
1445,0, 160, False, 0
1446,0, 160, False, 0
1447,0, 160, False, 0
1448,0, 160, False, 0
1449,0, 160, False, 0
1450,0, 160, False, 0
1451,0, 160, False, 0
1452,0, 160, False, 0
1453,0, 160, False, 0
1454,0, 160, False, 0
1455,0, 160, False, 1
1456,0, 160, False, 1
1457,0, 160, False, 1
1458,0, 160, False, 1
1459,0, 160, False, 1
1460,0, 160, False, 0
1461,0, 160, False, 0
1462,0, 160, False, 0
1463,0, 160, False, 0
1464,0, 160, False, 0
1465,0, 160, False, 0
1466,0, 160, False, 0
1467,0, 160, False, 0
1468,0, 160, False, 0
1469,25, 185, False, 0
1470,0, 185, False, 0
1471,0, 185, False, 0
1472,0, 185, False, 0
1473,0, 185, False, 4
1474,0, 185, False, 4
1475,0, 185, False, 4
1476,0, 185, False, 4
1477,0, 185, False, 4
1478,0, 185, False, 4
1479,0, 185, False, 4
1480,0, 185, False, 4
1481,0, 185, False, 4
1482,0, 185, False, 4
1483,0, 185, False, 4
1484,0, 185, False, 4
1485,0, 185, False, 4
1486,0, 185, False, 4
1487,0, 185, False, 4
1488,0, 185, False, 4
1489,0, 185, False, 4
1490,0, 185, False, 4
1491,0, 185, False, 4
1492,0, 185, False, 4
1493,0, 185, False, 4
1494,0, 185, False, 4
1495,0, 185, False, 4
1496,0, 185, False, 4
1497,0, 185, False, 12
1498,0, 185, False, 1
1499,0, 185, False, 1
1500,0, 185, False, 1
1501,0, 185, False, 1
1502,0, 185, False, 0
1503,0, 185, False, 0
1504,0, 185, False, 0
1505,0, 185, False, 0
1506,0, 185, False, 0
1507,0, 185, False, 0
1508,0, 185, False, 0
1509,0, 185, False, 1
1510,0, 185, False, 1
1511,0, 185, False, 1
1512,0, 185, False, 0
1513,0, 185, False, 0
1514,0, 185, False, 0
1515,0, 185, False, 0
1516,0, 185, False, 0
1517,0, 185, False, 0
1518,0, 185, False, 0
1519,0, 185, False, 0
1520,0, 185, False, 1
1521,0, 185, False, 1
1522,0, 185, False, 1
1523,0, 185, False, 0
1524,0, 185, False, 0
1525,0, 185, False, 0
1526,0, 185, False, 0
1527,0, 185, False, 0
1528,0, 185, False, 0
1529,0, 185, False, 0
1530,0, 185, False, 0
1531,0, 185, False, 0
1532,0, 185, False, 0
1533,0, 185, False, 0
1534,0, 185, False, 0
1535,0, 185, False, 0
1536,0, 185, False, 0
1537,0, 185, False, 0
1538,0, 185, False, 0
1539,0, 185, False, 0
1540,0, 185, False, 1
1541,0, 185, False, 1
1542,0, 185, False, 1
1543,0, 185, False, 0
1544,0, 185, False, 0
1545,0, 185, False, 0
1546,0, 185, False, 0
1547,0, 185, False, 1
1548,0, 185, False, 1
1549,0, 185, False, 1
1550,0, 185, False, 1
1551,0, 185, False, 1
1552,0, 185, False, 0
1553,0, 185, False, 0
1554,0, 185, False, 0
1555,0, 185, False, 0
1556,0, 185, False, 0
1557,0, 185, False, 0
1558,0, 185, False, 0
1559,0, 185, False, 1
1560,0, 185, False, 1
1561,0, 185, False, 1
1562,0, 185, False, 1
1563,0, 185, False, 0
1564,0, 185, False, 0
1565,0, 185, False, 0
1566,0, 185, False, 0
1567,0, 185, False, 0
1568,0, 185, False, 0
1569,0, 185, False, 1
1570,0, 185, False, 1
1571,0, 185, False, 1
1572,0, 185, False, 0
1573,0, 185, False, 0
1574,0, 185, False, 0
1575,0, 185, False, 0
1576,0, 185, False, 0
1577,200, 385, False, 0
1578,0, 385, False, 0
1579,0, 385, False, 0
1580,0, 385, False, 1
1581,0, 385, False, 1
1582,0, 385, False, 1
1583,0, 385, False, 0
1584,0, 385, False, 0
1585,0, 385, False, 0
1586,0, 385, False, 0
1587,0, 385, False, 0
1588,0, 385, False, 0
1589,0, 385, False, 0
1590,0, 385, False, 0
1591,0, 385, False, 0
1592,0, 385, False, 0
1593,0, 385, False, 0
1594,0, 385, False, 0
1595,0, 385, False, 0
1596,0, 385, False, 0
1597,0, 385, False, 0
1598,0, 385, False, 0
1599,0, 385, False, 0
1600,0, 385, False, 1
1601,0, 385, False, 1
1602,0, 385, False, 0
1603,0, 385, False, 0
1604,0, 385, False, 0
1605,0, 385, False, 0
1606,0, 385, False, 0
1607,0, 385, False, 0
1608,0, 385, False, 0
1609,0, 385, False, 0
1610,0, 385, False, 1
1611,0, 385, False, 1
1612,0, 385, False, 1
1613,0, 385, False, 0
1614,0, 385, False, 0
1615,0, 385, False, 0
1616,0, 385, False, 0
1617,0, 385, False, 0
1618,0, 385, False, 0
1619,0, 385, False, 0
1620,0, 385, False, 11
1621,0, 385, False, 11
1622,0, 385, False, 11
1623,0, 385, False, 3
1624,0, 385, False, 3
1625,0, 385, False, 3
1626,0, 385, False, 3
1627,0, 385, False, 3
1628,0, 385, False, 3
1629,0, 385, False, 3
1630,0, 385, False, 0
1631,0, 385, False, 0
1632,0, 385, False, 0
1633,0, 385, False, 0
1634,0, 385, False, 0
1635,0, 385, False, 0
1636,0, 385, False, 0
1637,0, 385, False, 0
1638,0, 385, False, 0
1639,0, 385, False, 0
1640,0, 385, False, 0
1641,0, 385, False, 0
1642,0, 385, False, 0
1643,0, 385, False, 0
1644,0, 385, False, 1
1645,0, 385, False, 1
1646,0, 385, False, 1
1647,0, 385, False, 0
1648,0, 385, False, 0
1649,0, 385, False, 0
1650,0, 385, False, 0
1651,0, 385, False, 0
1652,0, 385, False, 0
1653,0, 385, False, 0
1654,0, 385, False, 1
1655,0, 385, False, 1
1656,0, 385, False, 0
1657,0, 385, False, 0
1658,0, 385, False, 0
1659,0, 385, False, 0
1660,0, 385, False, 0
1661,0, 385, False, 0
1662,0, 385, False, 0
1663,0, 385, False, 0
1664,0, 385, False, 1
1665,0, 385, False, 1
1666,0, 385, False, 1
1667,0, 385, False, 0
1668,0, 385, False, 0
1669,0, 385, False, 0
1670,0, 385, False, 0
1671,0, 385, False, 0
1672,0, 385, False, 0
1673,0, 385, False, 0
1674,0, 385, False, 0
1675,0, 385, False, 1
1676,0, 385, False, 1
1677,0, 385, False, 1
1678,0, 385, False, 1
1679,0, 385, False, 0
1680,0, 385, False, 0
1681,0, 385, False, 0
1682,0, 385, False, 0
1683,0, 385, False, 0
1684,0, 385, False, 0
1685,0, 385, False, 0
1686,0, 385, False, 1
1687,0, 385, False, 1
1688,0, 385, False, 1
1689,5, 390, False, 0
1690,0, 390, False, 0
1691,0, 390, False, 0
1692,0, 390, False, 0
1693,0, 390, False, 0
1694,0, 390, False, 0
1695,0, 390, False, 0
1696,0, 390, False, 0
1697,0, 390, False, 1
1698,0, 390, False, 1
1699,0, 390, False, 1
1700,0, 390, False, 0
1701,0, 390, False, 0
1702,0, 390, False, 0
1703,0, 390, False, 0
1704,0, 390, False, 0
1705,0, 390, False, 0
1706,0, 390, False, 0
1707,0, 390, False, 0
1708,0, 390, False, 1
1709,0, 390, False, 1
1710,0, 390, False, 1
1711,0, 390, False, 1
1712,0, 390, False, 0
1713,0, 390, False, 0
1714,0, 390, False, 1
1715,0, 390, False, 1
1716,0, 390, False, 11
1717,0, 390, False, 11
1718,0, 390, False, 3
1719,0, 390, False, 3
1720,0, 390, False, 3
1721,0, 390, False, 3
1722,0, 390, False, 3
1723,0, 390, False, 3
1724,0, 390, False, 3
1725,0, 390, False, 3
1726,0, 390, False, 3
1727,10, 400, False, 3
1728,0, 400, False, 3
1729,0, 400, False, 3
1730,0, 400, False, 3
1731,0, 400, False, 3
1732,0, 400, False, 3
1733,0, 400, False, 3
1734,0, 400, False, 3
1735,0, 400, False, 3
1736,0, 400, False, 3
1737,0, 400, False, 3
1738,0, 400, False, 3
1739,0, 400, False, 3
1740,0, 400, False, 3
1741,0, 400, False, 3
1742,0, 400, False, 3
1743,0, 400, False, 0
1744,0, 400, False, 0
1745,0, 400, False, 0
1746,0, 400, False, 0
1747,0, 400, False, 0
1748,0, 400, False, 0
1749,0, 400, False, 0
1750,0, 400, False, 0
1751,0, 400, False, 0
1752,0, 400, False, 0
1753,0, 400, False, 0
1754,0, 400, False, 0
1755,0, 400, False, 0
1756,0, 400, False, 0
1757,0, 400, False, 0
1758,0, 400, False, 0
1759,0, 400, False, 0
1760,0, 400, False, 0
1761,0, 400, False, 0
1762,0, 400, False, 0
1763,0, 400, False, 0
1764,0, 400, False, 0
1765,0, 400, False, 0
1766,0, 400, False, 0
1767,0, 400, False, 0
1768,0, 400, False, 0
1769,0, 400, False, 0
1770,0, 400, False, 0
1771,0, 400, False, 0
1772,0, 400, False, 0
1773,0, 400, False, 0
1774,0, 400, False, 0
1775,0, 400, False, 0
1776,0, 400, False, 3
1777,0, 400, False, 3
1778,0, 400, False, 3
1779,0, 400, False, 3
1780,0, 400, False, 3
1781,0, 400, False, 3
1782,0, 400, False, 3
1783,0, 400, False, 3
1784,0, 400, False, 3
1785,0, 400, False, 3
1786,0, 400, False, 3
1787,0, 400, False, 3
1788,0, 400, False, 3
1789,0, 400, False, 3
1790,0, 400, False, 3
1791,0, 400, False, 3
1792,0, 400, False, 3
1793,0, 400, False, 3
1794,0, 400, False, 3
1795,0, 400, False, 3
1796,0, 400, False, 3
1797,0, 400, False, 3
1798,0, 400, False, 3
1799,0, 400, False, 3
1800,0, 400, False, 3
1801,0, 400, False, 3
1802,0, 400, False, 3
1803,0, 400, False, 3
1804,0, 400, False, 3
1805,0, 400, False, 3
1806,0, 400, False, 3
1807,0, 400, False, 3
1808,0, 400, False, 3
1809,0, 400, False, 3
1810,0, 400, False, 3
1811,0, 400, False, 3
1812,0, 400, False, 3
1813,0, 400, False, 3
1814,0, 400, False, 3
1815,0, 400, False, 3
1816,0, 400, False, 3
1817,0, 400, False, 3
1818,0, 400, False, 3
1819,0, 400, False, 3
1820,0, 400, False, 3
1821,0, 400, False, 3
1822,0, 400, False, 3
1823,0, 400, False, 3
1824,0, 400, False, 3
1825,0, 400, False, 3
1826,0, 400, False, 3
1827,0, 400, False, 3
1828,0, 400, False, 3
1829,0, 400, False, 0
1830,0, 400, False, 0
1831,0, 400, False, 0
1832,0, 400, False, 0
1833,0, 400, False, 0
1834,0, 400, False, 0
1835,0, 400, False, 0
1836,0, 400, False, 0
1837,0, 400, False, 0
1838,0, 400, False, 0
1839,0, 400, False, 0
1840,0, 400, False, 0
1841,0, 400, False, 0
1842,0, 400, False, 0
1843,0, 400, False, 0
1844,0, 400, False, 0
1845,0, 400, False, 0
1846,0, 400, False, 0
1847,0, 400, False, 0
1848,0, 400, False, 0
1849,0, 400, False, 0
1850,0, 400, False, 0
1851,0, 400, False, 0
1852,0, 400, False, 0
1853,0, 400, False, 0
1854,0, 400, False, 0
1855,0, 400, False, 0
1856,0, 400, False, 4
1857,0, 400, False, 4
1858,0, 400, False, 4
1859,0, 400, False, 4
1860,0, 400, False, 4
1861,0, 400, False, 4
1862,0, 400, False, 4
1863,0, 400, False, 4
1864,0, 400, False, 4
1865,0, 400, False, 4
1866,0, 400, False, 4
1867,0, 400, False, 4
1868,0, 400, False, 4
1869,0, 400, False, 4
1870,0, 400, False, 4
1871,0, 400, False, 4
1872,0, 400, False, 4
1873,0, 400, False, 4
1874,0, 400, False, 4
1875,0, 400, False, 4
1876,0, 400, False, 4
1877,0, 400, False, 4
1878,0, 400, False, 4
1879,0, 400, False, 4
1880,0, 400, False, 4
1881,0, 400, False, 4
1882,0, 400, False, 4
1883,0, 400, False, 4
1884,0, 400, False, 0
1885,0, 400, False, 0
1886,0, 400, False, 0
1887,0, 400, False, 0
1888,0, 400, False, 0
1889,0, 400, False, 0
1890,0, 400, False, 0
1891,0, 400, False, 0
1892,0, 400, False, 0
1893,0, 400, False, 0
1894,0, 400, False, 0
1895,0, 400, False, 0
1896,0, 400, False, 0
1897,0, 400, False, 0
1898,0, 400, False, 0
1899,0, 400, False, 0
1900,0, 400, False, 0
1901,0, 400, False, 0
1902,0, 400, False, 0
1903,0, 400, False, 0
1904,0, 400, False, 0
1905,0, 400, False, 0
1906,0, 400, False, 0
1907,0, 400, False, 0
1908,0, 400, False, 0
1909,0, 400, False, 0
1910,0, 400, False, 0
1911,0, 400, False, 0
1912,0, 400, False, 0
1913,0, 400, False, 0
1914,0, 400, False, 0
1915,0, 400, False, 0
1916,0, 400, False, 0
1917,0, 400, False, 0
1918,0, 400, False, 0
1919,0, 400, False, 0
1920,0, 400, False, 0
1921,0, 400, False, 0
1922,0, 400, False, 0
1923,0, 400, False, 0
1924,0, 400, False, 3
1925,0, 400, False, 3
1926,0, 400, False, 3
1927,0, 400, False, 3
1928,0, 400, False, 3
1929,0, 400, False, 3
1930,0, 400, False, 3
1931,0, 400, False, 3
1932,0, 400, False, 3
1933,0, 400, False, 3
1934,0, 400, False, 3
1935,0, 400, False, 3
1936,0, 400, False, 3
1937,0, 400, False, 3
1938,0, 400, False, 3
1939,0, 400, False, 3
1940,0, 400, False, 3
1941,0, 400, False, 3
1942,0, 400, False, 3
1943,0, 400, False, 3
1944,0, 400, False, 3
1945,0, 400, False, 3
1946,0, 400, False, 3
1947,0, 400, False, 3
1948,0, 400, False, 3
1949,0, 400, False, 3
1950,0, 400, False, 3
1951,0, 400, False, 3
1952,0, 400, False, 3
1953,0, 400, False, 3
1954,0, 400, False, 3
1955,0, 400, False, 3
1956,0, 400, False, 3
1957,0, 400, False, 3
1958,0, 400, False, 3
1959,0, 400, False, 1
1960,0, 400, False, 1
1961,0, 400, False, 1
1962,0, 400, False, 1
1963,0, 400, False, 1
1964,0, 400, False, 1
1965,0, 400, False, 0
1966,0, 400, False, 0
1967,0, 400, False, 1
1968,0, 400, False, 1
1969,0, 400, False, 1
1970,0, 400, False, 1
1971,0, 400, False, 1
1972,0, 400, False, 1
1973,0, 400, False, 0
1974,0, 400, False, 0
1975,0, 400, False, 0
1976,0, 400, False, 0
1977,0, 400, False, 0
1978,0, 400, False, 0
1979,0, 400, False, 1
1980,0, 400, False, 1
1981,0, 400, False, 1
1982,0, 400, False, 0
1983,0, 400, False, 0
1984,0, 400, False, 0
1985,0, 400, False, 0
1986,0, 400, False, 0
1987,0, 400, False, 0
1988,0, 400, False, 1
1989,0, 400, False, 1
1990,0, 400, False, 1
1991,0, 400, False, 1
1992,0, 400, False, 0
1993,0, 400, False, 0
1994,0, 400, False, 0
1995,0, 400, False, 0
1996,0, 400, False, 0
1997,0, 400, False, 0
1998,0, 400, False, 1
1999,0, 400, False, 1
2000,0, 400, False, 1
2001,0, 400, False, 1
2002,0, 400, False, 1
2003,0, 400, False, 0
2004,0, 400, False, 0
2005,0, 400, False, 0
2006,0, 400, False, 0
2007,0, 400, False, 0
2008,0, 400, False, 1
2009,0, 400, False, 1
2010,0, 400, False, 1
2011,0, 400, False, 1
2012,0, 400, False, 0
2013,0, 400, False, 0
2014,0, 400, False, 0
2015,0, 400, False, 0
2016,0, 400, False, 0
2017,0, 400, False, 0
2018,0, 400, False, 3
2019,0, 400, False, 3
2020,0, 400, False, 3
2021,0, 400, False, 3
2022,0, 400, False, 3
2023,0, 400, False, 3
2024,0, 400, False, 3
2025,0, 400, False, 3
2026,0, 400, False, 3
2027,0, 400, False, 3
2028,0, 400, False, 3
2029,0, 400, False, 0
2030,0, 400, False, 0
2031,0, 400, False, 1
2032,0, 400, False, 1
2033,0, 400, False, 1
2034,0, 400, False, 1
2035,0, 400, False, 0
2036,0, 400, False, 0
2037,0, 400, False, 0
2038,0, 400, False, 0
2039,0, 400, False, 0
2040,0, 400, False, 0
2041,0, 400, False, 0
2042,0, 400, False, 0
2043,0, 400, False, 1
2044,0, 400, False, 1
2045,0, 400, False, 1
2046,0, 400, False, 1
2047,0, 400, False, 0
2048,0, 400, False, 0
2049,0, 400, False, 0
2050,0, 400, False, 0
2051,0, 400, False, 0
2052,0, 400, False, 0
2053,0, 400, False, 0
2054,0, 400, False, 0
2055,0, 400, False, 1
2056,0, 400, False, 1
2057,0, 400, False, 0
2058,0, 400, False, 0
2059,0, 400, False, 0
2060,0, 400, False, 0
2061,0, 400, False, 0
2062,0, 400, False, 1
2063,0, 400, False, 1
2064,0, 400, False, 1
2065,0, 400, False, 1
2066,0, 400, False, 1
2067,0, 400, False, 0
2068,0, 400, False, 0
2069,0, 400, False, 0
2070,0, 400, False, 0
2071,0, 400, False, 0
2072,0, 400, False, 0
2073,0, 400, False, 0
2074,0, 400, False, 0
2075,0, 400, False, 1
2076,0, 400, False, 0
2077,0, 400, False, 0
2078,0, 400, False, 0
2079,0, 400, False, 0
2080,0, 400, False, 0
2081,0, 400, False, 0
2082,0, 400, False, 1
2083,0, 400, False, 0
2084,0, 400, False, 0
2085,0, 400, False, 0
2086,0, 400, False, 0
2087,0, 400, False, 0
2088,0, 400, False, 0
2089,0, 400, False, 0
2090,0, 400, False, 0
2091,20, 420, False, 1
2092,0, 420, False, 1
2093,0, 420, False, 1
2094,0, 420, False, 0
2095,0, 420, False, 0
2096,0, 420, False, 0
2097,0, 420, False, 0
2098,0, 420, False, 0
2099,0, 420, False, 0
2100,0, 420, False, 3
2101,0, 420, False, 3
2102,0, 420, False, 3
2103,0, 420, False, 3
2104,0, 420, False, 3
2105,0, 420, False, 3
2106,0, 420, False, 3
2107,0, 420, False, 3
2108,0, 420, False, 3
2109,0, 420, False, 3
2110,0, 420, False, 3
2111,0, 420, False, 3
2112,0, 420, False, 3
2113,0, 420, False, 3
2114,0, 420, False, 3
2115,0, 420, False, 3
2116,0, 420, False, 3
2117,0, 420, False, 3
2118,0, 420, False, 3
2119,0, 420, False, 3
2120,0, 420, False, 3
2121,0, 420, False, 3
2122,0, 420, False, 3
2123,0, 420, False, 3
2124,0, 420, False, 3
2125,0, 420, False, 0
2126,0, 420, False, 0
2127,0, 420, False, 0
2128,0, 420, False, 0
2129,0, 420, False, 0
2130,0, 420, False, 0
2131,0, 420, False, 0
2132,0, 420, False, 0
2133,0, 420, False, 0
2134,0, 420, False, 0
2135,0, 420, False, 0
2136,0, 420, False, 0
2137,0, 420, False, 0
2138,0, 420, False, 0
2139,0, 420, False, 0
2140,0, 420, False, 0
2141,0, 420, False, 0
2142,0, 420, False, 0
2143,25, 445, False, 0
2144,0, 445, False, 0
2145,0, 445, False, 0
2146,0, 445, False, 0
2147,0, 445, False, 0
2148,0, 445, False, 0
2149,0, 445, False, 0
2150,0, 445, False, 4
2151,0, 445, False, 4
2152,0, 445, False, 4
2153,0, 445, False, 4
2154,0, 445, False, 4
2155,0, 445, False, 4
2156,0, 445, False, 4
2157,0, 445, False, 4
2158,0, 445, False, 4
2159,0, 445, False, 4
2160,0, 445, False, 4
2161,0, 445, False, 4
2162,0, 445, False, 4
2163,0, 445, False, 4
2164,0, 445, False, 4
2165,0, 445, False, 4
2166,0, 445, False, 4
2167,0, 445, False, 4
2168,0, 445, False, 4
2169,0, 445, False, 4
2170,0, 445, False, 4
2171,0, 445, False, 4
2172,0, 445, False, 4
2173,0, 445, False, 4
2174,0, 445, False, 4
2175,0, 445, False, 4
2176,0, 445, False, 4
2177,0, 445, False, 4
2178,0, 445, False, 4
2179,0, 445, False, 0
2180,0, 445, False, 0
2181,0, 445, False, 1
2182,0, 445, False, 1
2183,0, 445, False, 1
2184,0, 445, False, 1
2185,0, 445, False, 1
2186,0, 445, False, 0
2187,0, 445, False, 0
2188,0, 445, False, 0
2189,0, 445, False, 0
2190,0, 445, False, 0
2191,0, 445, False, 0
2192,0, 445, False, 1
2193,0, 445, False, 1
2194,0, 445, False, 1
2195,0, 445, False, 0
2196,0, 445, False, 0
2197,0, 445, False, 0
2198,0, 445, False, 0
2199,0, 445, False, 0
2200,0, 445, False, 0
2201,0, 445, False, 0
2202,0, 445, False, 0
2203,0, 445, False, 0
2204,0, 445, False, 0
2205,0, 445, False, 0
2206,0, 445, False, 0
2207,0, 445, False, 0
2208,0, 445, False, 0
2209,0, 445, False, 0
2210,0, 445, False, 1
2211,0, 445, False, 1
2212,0, 445, False, 1
2213,0, 445, False, 1
2214,0, 445, False, 0
2215,0, 445, False, 0
2216,0, 445, False, 0
2217,0, 445, False, 0
2218,0, 445, False, 0
2219,0, 445, False, 0
2220,0, 445, False, 0
2221,0, 445, False, 1
2222,0, 445, False, 1
2223,0, 445, False, 4
2224,0, 445, False, 4
2225,0, 445, False, 4
2226,0, 445, False, 4
2227,0, 445, False, 4
2228,0, 445, False, 4
2229,0, 445, False, 4
2230,0, 445, False, 4
2231,0, 445, False, 4
2232,0, 445, False, 4
2233,0, 445, False, 4
2234,0, 445, False, 4
2235,0, 445, False, 4
2236,0, 445, False, 4
2237,0, 445, False, 4
2238,0, 445, False, 0
2239,0, 445, False, 0
2240,0, 445, False, 0
2241,0, 445, False, 0
2242,0, 445, False, 0
2243,0, 445, False, 0
2244,0, 445, False, 1
2245,0, 445, False, 1
2246,0, 445, False, 1
2247,0, 445, False, 0
2248,0, 445, False, 0
2249,0, 445, False, 0
2250,0, 445, False, 0
2251,0, 445, False, 0
2252,0, 445, False, 0
2253,0, 445, False, 0
2254,0, 445, False, 0
2255,0, 445, False, 0
2256,0, 445, False, 0
2257,0, 445, False, 0
2258,0, 445, False, 3
2259,0, 445, False, 3
2260,0, 445, False, 3
2261,0, 445, False, 3
2262,0, 445, False, 3
2263,0, 445, False, 3
2264,0, 445, False, 3
2265,0, 445, False, 3
2266,0, 445, False, 3
2267,0, 445, False, 0
2268,0, 445, False, 0
2269,0, 445, False, 0
2270,0, 445, False, 0
2271,0, 445, False, 0
2272,0, 445, False, 0
2273,0, 445, False, 0
2274,0, 445, False, 0
2275,0, 445, False, 0
2276,0, 445, False, 0
2277,0, 445, False, 0
2278,0, 445, False, 0
2279,0, 445, False, 0
2280,0, 445, False, 1
2281,0, 445, False, 1
2282,0, 445, False, 1
2283,0, 445, False, 1
2284,0, 445, False, 1
2285,0, 445, False, 0
2286,0, 445, False, 0
2287,0, 445, False, 0
2288,0, 445, False, 0
2289,0, 445, False, 0
2290,0, 445, False, 0
2291,0, 445, False, 0
2292,0, 445, False, 0
2293,0, 445, False, 1
2294,0, 445, False, 1
2295,0, 445, False, 0
2296,0, 445, False, 0
2297,0, 445, False, 0
2298,0, 445, False, 0
2299,0, 445, False, 0
2300,0, 445, False, 0
2301,0, 445, False, 0
2302,0, 445, False, 0
2303,10, 455, False, 0
2304,0, 455, False, 0
2305,0, 455, False, 4
2306,0, 455, False, 4
2307,0, 455, False, 4
2308,0, 455, False, 4
2309,0, 455, False, 4
2310,0, 455, False, 4
2311,0, 455, False, 4
2312,0, 455, False, 0
2313,0, 455, False, 0
2314,0, 455, False, 0
2315,0, 455, False, 0
2316,0, 455, False, 1
2317,0, 455, False, 1
2318,0, 455, False, 0
2319,0, 455, False, 0
2320,0, 455, False, 0
2321,0, 455, False, 0
2322,0, 455, False, 0
2323,0, 455, False, 0
2324,0, 455, False, 0
2325,0, 455, False, 0
2326,0, 455, False, 0
2327,0, 455, False, 0
2328,0, 455, False, 0
2329,0, 455, False, 0
2330,0, 455, False, 0
2331,0, 455, False, 0
2332,0, 455, False, 0
2333,0, 455, False, 0
2334,0, 455, False, 0
2335,0, 455, False, 0
2336,0, 455, False, 0
2337,0, 455, False, 0
2338,0, 455, False, 0
2339,0, 455, False, 0
2340,0, 455, False, 0
2341,0, 455, False, 0
2342,0, 455, False, 0
2343,0, 455, False, 1
2344,0, 455, False, 1
2345,0, 455, False, 1
2346,0, 455, False, 1
2347,0, 455, False, 1
2348,0, 455, False, 0
2349,0, 455, False, 0
2350,0, 455, False, 0
2351,0, 455, False, 0
2352,0, 455, False, 0
2353,0, 455, False, 0
2354,0, 455, False, 0
2355,0, 455, False, 0
2356,0, 455, False, 0
2357,0, 455, False, 1
2358,0, 455, False, 1
2359,0, 455, False, 1
2360,0, 455, False, 0
2361,0, 455, False, 0
2362,0, 455, False, 0
2363,0, 455, False, 0
2364,0, 455, False, 0
2365,0, 455, False, 0
2366,0, 455, False, 0
2367,0, 455, False, 0
2368,0, 455, False, 3
2369,0, 455, False, 3
2370,0, 455, False, 3
2371,0, 455, False, 3
2372,0, 455, False, 3
2373,0, 455, False, 3
2374,0, 455, False, 3
2375,0, 455, False, 3
2376,0, 455, False, 3
2377,30, 485, False, 0
2378,0, 485, False, 0
2379,0, 485, False, 0
2380,0, 485, False, 0
2381,0, 485, False, 0
2382,0, 485, False, 0
2383,0, 485, False, 0
2384,0, 485, False, 0
2385,0, 485, False, 0
2386,0, 485, False, 0
2387,0, 485, False, 0
2388,0, 485, False, 0
2389,0, 485, False, 0
2390,0, 485, False, 0
2391,0, 485, False, 1
2392,0, 485, False, 1
2393,0, 485, False, 1
2394,0, 485, False, 1
2395,0, 485, False, 0
2396,0, 485, False, 0
2397,0, 485, False, 0
2398,0, 485, False, 0
2399,0, 485, False, 0
2400,0, 485, False, 0
2401,0, 485, False, 0
2402,0, 485, False, 0
2403,0, 485, False, 0
2404,0, 485, False, 0
2405,0, 485, False, 0
2406,0, 485, False, 0
2407,0, 485, False, 0
2408,0, 485, False, 0
2409,0, 485, False, 0
2410,0, 485, False, 4
2411,0, 485, False, 4
2412,0, 485, False, 4
2413,0, 485, False, 4
2414,0, 485, False, 4
2415,0, 485, False, 4
2416,0, 485, False, 4
2417,0, 485, False, 4
2418,0, 485, False, 4
2419,10, 495, False, 0
2420,0, 495, False, 0
2421,0, 495, False, 0
2422,0, 495, False, 1
2423,0, 495, False, 1
2424,0, 495, False, 1
2425,0, 495, False, 1
2426,0, 495, False, 0
2427,0, 495, False, 0
2428,0, 495, False, 0
2429,0, 495, False, 0
2430,0, 495, False, 0
2431,0, 495, False, 0
2432,0, 495, False, 0
2433,0, 495, False, 0
2434,0, 495, False, 0
2435,0, 495, False, 0
2436,0, 495, False, 0
2437,0, 495, False, 3
2438,0, 495, False, 3
2439,5, 500, False, 3
2440,0, 500, False, 3
2441,0, 500, False, 3
2442,0, 500, False, 3
2443,0, 500, False, 0
2444,0, 500, False, 0
2445,0, 500, False, 0
2446,0, 500, False, 0
2447,0, 500, False, 0
2448,0, 500, False, 0
2449,0, 500, False, 0
2450,0, 500, False, 0
2451,0, 500, False, 0
2452,0, 500, False, 1
2453,0, 500, False, 1
2454,0, 500, False, 1
2455,0, 500, False, 1
2456,0, 500, False, 1
2457,0, 500, False, 0
2458,0, 500, False, 0
2459,0, 500, False, 0
2460,0, 500, False, 0
2461,0, 500, False, 0
2462,0, 500, False, 0
2463,0, 500, False, 0
2464,0, 500, False, 0
2465,0, 500, False, 0
2466,0, 500, False, 0
2467,0, 500, False, 0
2468,0, 500, False, 0
2469,0, 500, False, 0
2470,0, 500, False, 0
2471,0, 500, False, 0
2472,0, 500, False, 0
2473,0, 500, False, 0
2474,0, 500, False, 0
2475,0, 500, False, 0
2476,0, 500, False, 0
2477,0, 500, False, 0
2478,0, 500, False, 0
2479,15, 515, False, 0
2480,0, 515, False, 0
2481,0, 515, False, 0
2482,0, 515, False, 0
2483,0, 515, False, 0
2484,0, 515, False, 1
2485,0, 515, False, 1
2486,0, 515, False, 1
2487,0, 515, False, 0
2488,0, 515, False, 0
2489,0, 515, False, 0
2490,0, 515, False, 0
2491,0, 515, False, 0
2492,0, 515, False, 0
2493,0, 515, False, 1
2494,0, 515, False, 1
2495,0, 515, False, 1
2496,0, 515, False, 0
2497,0, 515, False, 0
2498,0, 515, False, 0
2499,0, 515, False, 0
2500,0, 515, False, 0
2501,0, 515, False, 0
2502,0, 515, False, 0
2503,0, 515, False, 0
2504,0, 515, False, 1
2505,0, 515, False, 1
2506,0, 515, False, 1
2507,0, 515, False, 3
2508,0, 515, False, 3
2509,0, 515, False, 3
2510,0, 515, False, 3
2511,0, 515, False, 3
2512,0, 515, False, 3
2513,0, 515, False, 3
2514,0, 515, False, 3
2515,0, 515, False, 3
2516,0, 515, False, 3
2517,0, 515, False, 0
2518,0, 515, False, 0
2519,0, 515, False, 0
2520,0, 515, False, 0
2521,0, 515, False, 0
2522,0, 515, False, 0
2523,0, 515, False, 0
2524,0, 515, False, 0
2525,0, 515, False, 0
2526,0, 515, False, 0
2527,0, 515, False, 1
2528,0, 515, False, 1
2529,0, 515, False, 0
2530,0, 515, False, 0
2531,0, 515, False, 0
2532,0, 515, False, 0
2533,0, 515, False, 0
2534,0, 515, False, 0
2535,0, 515, False, 0
2536,0, 515, False, 0
2537,0, 515, False, 0
2538,0, 515, False, 0
2539,0, 515, False, 0
2540,0, 515, False, 0
2541,0, 515, False, 0
2542,0, 515, False, 0
2543,0, 515, False, 0
2544,0, 515, False, 0
2545,0, 515, False, 1
2546,0, 515, False, 1
2547,0, 515, False, 1
2548,0, 515, False, 1
2549,0, 515, False, 0
2550,0, 515, False, 0
2551,0, 515, False, 0
2552,0, 515, False, 0
2553,0, 515, False, 0
2554,0, 515, False, 0
2555,0, 515, False, 0
2556,0, 515, False, 1
2557,0, 515, False, 1
2558,0, 515, False, 0
2559,0, 515, False, 0
2560,0, 515, False, 0
2561,0, 515, False, 0
2562,0, 515, False, 0
2563,0, 515, False, 0
2564,0, 515, False, 0
2565,0, 515, False, 0
2566,0, 515, False, 0
2567,0, 515, False, 0
2568,0, 515, False, 0
2569,0, 515, False, 0
2570,0, 515, False, 0
2571,0, 515, False, 0
2572,0, 515, False, 0
2573,0, 515, False, 0
2574,0, 515, False, 0
2575,0, 515, False, 0
2576,0, 515, False, 0
2577,0, 515, False, 0
2578,0, 515, False, 0
2579,0, 515, False, 1
2580,0, 515, False, 1
2581,0, 515, False, 1
2582,0, 515, False, 0
2583,0, 515, False, 0
2584,0, 515, False, 0
2585,0, 515, False, 0
2586,0, 515, False, 0
2587,0, 515, False, 0
2588,0, 515, False, 1
2589,0, 515, False, 1
2590,0, 515, False, 1
2591,0, 515, False, 1
2592,0, 515, False, 1
2593,0, 515, False, 1
2594,0, 515, False, 1
2595,0, 515, False, 1
2596,0, 515, False, 1
2597,0, 515, False, 1
2598,0, 515, False, 1
2599,0, 515, False, 1
2600,0, 515, False, 1
2601,0, 515, False, 1
2602,0, 515, False, 1
2603,0, 515, False, 1
2604,0, 515, False, 0
2605,0, 515, False, 0
2606,0, 515, False, 0
2607,15, 530, False, 0
2608,0, 530, False, 0
2609,0, 530, False, 0
2610,0, 530, False, 1
2611,0, 530, False, 1
2612,0, 530, False, 1
2613,0, 530, False, 1
2614,0, 530, False, 0
2615,0, 530, False, 0
2616,0, 530, False, 0
2617,0, 530, False, 0
2618,0, 530, False, 0
2619,0, 530, False, 0
2620,0, 530, False, 0
2621,0, 530, False, 0
2622,0, 530, False, 1
2623,0, 530, False, 1
2624,0, 530, False, 1
2625,0, 530, False, 1
2626,0, 530, False, 0
2627,0, 530, False, 0
2628,0, 530, False, 0
2629,0, 530, False, 0
2630,0, 530, False, 0
2631,0, 530, False, 0
2632,0, 530, False, 0
2633,0, 530, False, 1
2634,0, 530, False, 1
2635,0, 530, False, 1
2636,0, 530, False, 1
2637,0, 530, False, 0
2638,0, 530, False, 0
2639,0, 530, False, 0
2640,0, 530, False, 0
2641,0, 530, False, 0
2642,0, 530, False, 3
2643,0, 530, False, 3
2644,0, 530, False, 3
2645,0, 530, False, 3
2646,0, 530, False, 3
2647,0, 530, False, 3
2648,0, 530, False, 3
2649,0, 530, False, 3
2650,0, 530, False, 3
2651,0, 530, False, 3
2652,0, 530, False, 3
2653,0, 530, False, 3
2654,0, 530, False, 3
2655,0, 530, False, 3
2656,0, 530, False, 3
2657,0, 530, False, 3
2658,0, 530, False, 3
2659,0, 530, False, 3
2660,0, 530, False, 3
2661,0, 530, False, 3
2662,0, 530, False, 3
2663,0, 530, False, 3
2664,0, 530, False, 3
2665,0, 530, False, 3
2666,0, 530, False, 3
2667,0, 530, False, 3
2668,0, 530, False, 3
2669,0, 530, False, 3
2670,0, 530, False, 3
2671,0, 530, False, 3
2672,0, 530, False, 3
2673,0, 530, False, 3
2674,0, 530, False, 3
2675,0, 530, False, 3
2676,0, 530, False, 3
2677,0, 530, False, 3
2678,0, 530, False, 3
2679,0, 530, False, 3
2680,0, 530, False, 3
2681,0, 530, False, 3
2682,0, 530, False, 3
2683,0, 530, False, 3
2684,0, 530, False, 3
2685,0, 530, False, 3
2686,0, 530, False, 3
2687,0, 530, False, 3
2688,0, 530, False, 3
2689,0, 530, False, 3
2690,0, 530, False, 3
2691,0, 530, False, 3
2692,0, 530, False, 3
2693,0, 530, False, 3
2694,0, 530, False, 3
2695,0, 530, False, 3
2696,0, 530, False, 3
2697,0, 530, False, 3
2698,0, 530, False, 3
2699,0, 530, False, 3
2700,0, 530, False, 3
2701,0, 530, False, 3
2702,0, 530, False, 3
2703,0, 530, False, 3
2704,0, 530, False, 3
2705,0, 530, False, 3
2706,0, 530, False, 3
2707,0, 530, False, 3
2708,0, 530, False, 3
2709,0, 530, False, 3
2710,0, 530, False, 3
2711,0, 530, False, 3
2712,0, 530, False, 3
2713,0, 530, False, 3
2714,0, 530, False, 3
2715,0, 530, False, 3
2716,0, 530, False, 3
2717,0, 530, False, 3
2718,0, 530, False, 3
2719,0, 530, False, 3
2720,0, 530, False, 3
2721,0, 530, False, 3
2722,0, 530, False, 3
2723,0, 530, False, 3
2724,0, 530, False, 3
2725,0, 530, False, 3
2726,0, 530, False, 3
2727,0, 530, False, 3
2728,0, 530, False, 3
2729,0, 530, False, 3
2730,0, 530, False, 3
2731,0, 530, False, 3
2732,0, 530, False, 0
2733,0, 530, False, 0
2734,0, 530, False, 0
2735,0, 530, False, 1
2736,0, 530, False, 1
2737,0, 530, False, 1
2738,0, 530, False, 1
2739,0, 530, False, 0
2740,0, 530, False, 0
2741,0, 530, False, 0
2742,0, 530, False, 0
2743,5, 535, False, 0
2744,0, 535, False, 0
2745,0, 535, False, 0
2746,0, 535, False, 1
2747,0, 535, False, 1
2748,0, 535, False, 1
2749,0, 535, False, 0
2750,0, 535, False, 0
2751,0, 535, False, 0
2752,0, 535, False, 0
2753,0, 535, False, 0
2754,0, 535, False, 0
2755,0, 535, False, 0
2756,0, 535, False, 0
2757,0, 535, False, 0
2758,0, 535, False, 0
2759,10, 545, False, 0
2760,0, 545, False, 0
2761,0, 545, False, 0
2762,0, 545, False, 0
2763,0, 545, False, 0
2764,0, 545, False, 0
2765,0, 545, False, 0
2766,0, 545, False, 0
2767,0, 545, False, 0
2768,0, 545, False, 0
2769,0, 545, False, 0
2770,0, 545, False, 1
2771,0, 545, False, 1
2772,0, 545, False, 1
2773,0, 545, False, 1
2774,0, 545, False, 0
2775,0, 545, False, 0
2776,0, 545, False, 0
2777,0, 545, False, 0
2778,0, 545, False, 0
2779,0, 545, False, 1
2780,0, 545, False, 1
2781,0, 545, False, 1
2782,0, 545, False, 1
2783,0, 545, False, 0
2784,0, 545, False, 0
2785,0, 545, False, 0
2786,0, 545, False, 0
2787,0, 545, False, 0
2788,0, 545, False, 0
2789,0, 545, False, 0
2790,0, 545, False, 0
2791,0, 545, False, 0
2792,0, 545, False, 0
2793,0, 545, False, 0
2794,0, 545, False, 0
2795,0, 545, False, 0
2796,0, 545, False, 0
2797,0, 545, False, 0
2798,0, 545, False, 0
2799,0, 545, False, 0
2800,0, 545, False, 0
2801,0, 545, False, 0
2802,0, 545, False, 0
2803,0, 545, False, 0
2804,0, 545, False, 0
2805,0, 545, False, 0
2806,0, 545, False, 0
2807,0, 545, False, 0
2808,0, 545, False, 0
2809,0, 545, False, 0
2810,0, 545, False, 0
2811,0, 545, False, 0
2812,0, 545, False, 0
2813,0, 545, False, 0
2814,0, 545, False, 0
2815,0, 545, False, 0
2816,0, 545, False, 0
2817,0, 545, False, 0
2818,0, 545, False, 0
2819,0, 545, False, 0
2820,0, 545, False, 0
2821,0, 545, False, 0
2822,0, 545, False, 0
2823,0, 545, False, 0
2824,0, 545, False, 0
2825,0, 545, False, 0
2826,0, 545, False, 0
2827,0, 545, False, 0
2828,0, 545, False, 0
2829,0, 545, False, 0
2830,0, 545, False, 0
2831,0, 545, False, 0
2832,0, 545, False, 0
2833,0, 545, False, 0
2834,0, 545, False, 0
2835,0, 545, False, 0
2836,0, 545, False, 0
2837,0, 545, False, 0
2838,0, 545, False, 0
2839,0, 545, False, 0
2840,0, 545, False, 0
2841,0, 545, False, 0
2842,0, 545, False, 0
2843,0, 545, False, 0
2844,0, 545, False, 0
2845,0, 545, False, 0
2846,0, 545, False, 0
2847,0, 545, False, 0
2848,0, 545, False, 0
2849,0, 545, False, 0
2850,0, 545, False, 0
2851,0, 545, False, 0
2852,0, 545, False, 0
2853,0, 545, False, 0
2854,0, 545, False, 0
2855,0, 545, False, 0
2856,0, 545, False, 0
2857,0, 545, False, 0
2858,0, 545, False, 0
2859,0, 545, False, 0
2860,0, 545, False, 0
2861,0, 545, False, 0
2862,0, 545, False, 0
2863,0, 545, False, 0
2864,0, 545, False, 0
2865,0, 545, False, 0
2866,0, 545, False, 0
2867,0, 545, False, 0
2868,0, 545, False, 0
2869,0, 545, False, 0
2870,0, 545, False, 0
2871,0, 545, False, 0
2872,0, 545, False, 0
2873,0, 545, False, 0
2874,0, 545, False, 0
2875,0, 545, False, 0
2876,0, 545, False, 0
2877,0, 545, False, 0
2878,0, 545, False, 0
2879,0, 545, False, 0
2880,0, 545, False, 0
2881,0, 545, False, 0
2882,0, 545, False, 0
2883,0, 545, False, 0
2884,0, 545, False, 0
2885,0, 545, False, 0
2886,0, 545, False, 0
2887,0, 545, False, 0
2888,0, 545, False, 0
2889,0, 545, False, 0
2890,0, 545, True, 0
