db traj id : 1411
frame,reward,score,terminal, action
0,0, 0, False, 0
1,0, 0, False, 0
2,0, 0, False, 0
3,0, 0, False, 0
4,0, 0, False, 0
5,0, 0, False, 0
6,0, 0, False, 0
7,0, 0, False, 0
8,0, 0, False, 0
9,0, 0, False, 0
10,0, 0, False, 0
11,0, 0, False, 0
12,0, 0, False, 0
13,0, 0, False, 0
14,0, 0, False, 0
15,0, 0, False, 0
16,0, 0, False, 0
17,0, 0, False, 0
18,0, 0, False, 0
19,0, 0, False, 0
20,0, 0, False, 0
21,0, 0, False, 0
22,0, 0, False, 1
23,0, 0, False, 1
24,0, 0, False, 1
25,0, 0, False, 0
26,0, 0, False, 0
27,0, 0, False, 0
28,0, 0, False, 0
29,0, 0, False, 0
30,0, 0, False, 0
31,0, 0, False, 0
32,0, 0, False, 0
33,0, 0, False, 0
34,0, 0, False, 0
35,0, 0, False, 0
36,0, 0, False, 0
37,0, 0, False, 0
38,0, 0, False, 0
39,0, 0, False, 0
40,0, 0, False, 0
41,0, 0, False, 0
42,0, 0, False, 0
43,0, 0, False, 0
44,0, 0, False, 0
45,0, 0, False, 0
46,0, 0, False, 0
47,0, 0, False, 0
48,0, 0, False, 0
49,0, 0, False, 0
50,0, 0, False, 0
51,0, 0, False, 0
52,0, 0, False, 0
53,0, 0, False, 0
54,0, 0, False, 0
55,0, 0, False, 0
56,0, 0, False, 0
57,0, 0, False, 0
58,0, 0, False, 0
59,0, 0, False, 0
60,0, 0, False, 0
61,0, 0, False, 0
62,0, 0, False, 0
63,0, 0, False, 0
64,0, 0, False, 0
65,0, 0, False, 0
66,0, 0, False, 0
67,0, 0, False, 0
68,0, 0, False, 0
69,0, 0, False, 0
70,0, 0, False, 0
71,0, 0, False, 0
72,0, 0, False, 0
73,0, 0, False, 0
74,0, 0, False, 0
75,0, 0, False, 0
76,0, 0, False, 0
77,0, 0, False, 0
78,0, 0, False, 0
79,0, 0, False, 0
80,0, 0, False, 0
81,0, 0, False, 0
82,0, 0, False, 0
83,0, 0, False, 0
84,0, 0, False, 0
85,0, 0, False, 0
86,0, 0, False, 0
87,0, 0, False, 0
88,0, 0, False, 1
89,0, 0, False, 1
90,0, 0, False, 1
91,0, 0, False, 1
92,0, 0, False, 1
93,0, 0, False, 1
94,0, 0, False, 1
95,0, 0, False, 0
96,0, 0, False, 0
97,0, 0, False, 0
98,0, 0, False, 0
99,0, 0, False, 0
100,0, 0, False, 0
101,0, 0, False, 0
102,0, 0, False, 0
103,0, 0, False, 0
104,0, 0, False, 0
105,0, 0, False, 0
106,0, 0, False, 0
107,0, 0, False, 0
108,0, 0, False, 0
109,0, 0, False, 0
110,0, 0, False, 0
111,0, 0, False, 0
112,0, 0, False, 0
113,0, 0, False, 0
114,0, 0, False, 0
115,0, 0, False, 0
116,0, 0, False, 0
117,0, 0, False, 0
118,0, 0, False, 0
119,0, 0, False, 0
120,0, 0, False, 0
121,0, 0, False, 0
122,0, 0, False, 0
123,0, 0, False, 0
124,0, 0, False, 0
125,0, 0, False, 0
126,0, 0, False, 0
127,0, 0, False, 0
128,0, 0, False, 0
129,0, 0, False, 0
130,0, 0, False, 0
131,0, 0, False, 0
132,0, 0, False, 0
133,0, 0, False, 3
134,0, 0, False, 3
135,0, 0, False, 3
136,0, 0, False, 3
137,0, 0, False, 3
138,0, 0, False, 3
139,0, 0, False, 3
140,0, 0, False, 3
141,0, 0, False, 3
142,0, 0, False, 3
143,0, 0, False, 3
144,0, 0, False, 3
145,0, 0, False, 3
146,0, 0, False, 0
147,0, 0, False, 0
148,0, 0, False, 0
149,0, 0, False, 0
150,0, 0, False, 0
151,0, 0, False, 0
152,0, 0, False, 0
153,0, 0, False, 0
154,0, 0, False, 0
155,0, 0, False, 0
156,0, 0, False, 0
157,0, 0, False, 0
158,0, 0, False, 0
159,0, 0, False, 0
160,0, 0, False, 0
161,0, 0, False, 0
162,0, 0, False, 0
163,0, 0, False, 1
164,0, 0, False, 11
165,0, 0, False, 3
166,0, 0, False, 3
167,0, 0, False, 3
168,0, 0, False, 3
169,0, 0, False, 3
170,0, 0, False, 3
171,0, 0, False, 3
172,0, 0, False, 3
173,0, 0, False, 3
174,0, 0, False, 3
175,0, 0, False, 3
176,0, 0, False, 3
177,0, 0, False, 3
178,0, 0, False, 3
179,0, 0, False, 3
180,0, 0, False, 3
181,0, 0, False, 3
182,0, 0, False, 3
183,0, 0, False, 3
184,0, 0, False, 3
185,0, 0, False, 3
186,0, 0, False, 3
187,0, 0, False, 3
188,0, 0, False, 3
189,0, 0, False, 3
190,0, 0, False, 3
191,0, 0, False, 3
192,0, 0, False, 3
193,0, 0, False, 3
194,0, 0, False, 3
195,0, 0, False, 3
196,0, 0, False, 11
197,0, 0, False, 11
198,0, 0, False, 11
199,0, 0, False, 11
200,0, 0, False, 3
201,0, 0, False, 3
202,0, 0, False, 3
203,0, 0, False, 3
204,0, 0, False, 3
205,0, 0, False, 3
206,0, 0, False, 3
207,0, 0, False, 3
208,0, 0, False, 3
209,0, 0, False, 3
210,0, 0, False, 3
211,0, 0, False, 3
212,0, 0, False, 3
213,0, 0, False, 11
214,0, 0, False, 11
215,0, 0, False, 11
216,0, 0, False, 11
217,0, 0, False, 11
218,0, 0, False, 11
219,0, 0, False, 11
220,0, 0, False, 11
221,5, 5, False, 3
222,0, 5, False, 3
223,0, 5, False, 3
224,0, 5, False, 3
225,0, 5, False, 3
226,0, 5, False, 3
227,0, 5, False, 3
228,0, 5, False, 3
229,0, 5, False, 3
230,0, 5, False, 3
231,0, 5, False, 3
232,0, 5, False, 3
233,0, 5, False, 3
234,0, 5, False, 3
235,0, 5, False, 3
236,0, 5, False, 3
237,0, 5, False, 3
238,0, 5, False, 3
239,0, 5, False, 3
240,0, 5, False, 3
241,0, 5, False, 3
242,0, 5, False, 3
243,0, 5, False, 3
244,0, 5, False, 3
245,0, 5, False, 3
246,0, 5, False, 3
247,0, 5, False, 3
248,0, 5, False, 3
249,0, 5, False, 3
250,0, 5, False, 3
251,0, 5, False, 3
252,0, 5, False, 3
253,0, 5, False, 3
254,0, 5, False, 3
255,0, 5, False, 11
256,0, 5, False, 11
257,0, 5, False, 11
258,0, 5, False, 11
259,0, 5, False, 11
260,0, 5, False, 11
261,0, 5, False, 11
262,0, 5, False, 1
263,0, 5, False, 0
264,0, 5, False, 0
265,0, 5, False, 0
266,0, 5, False, 0
267,0, 5, False, 0
268,0, 5, False, 0
269,0, 5, False, 0
270,0, 5, False, 0
271,0, 5, False, 0
272,0, 5, False, 0
273,0, 5, False, 0
274,0, 5, False, 0
275,0, 5, False, 0
276,0, 5, False, 0
277,0, 5, False, 0
278,0, 5, False, 0
279,0, 5, False, 0
280,0, 5, False, 0
281,0, 5, False, 0
282,0, 5, False, 0
283,5, 10, False, 0
284,0, 10, False, 0
285,0, 10, False, 0
286,0, 10, False, 0
287,0, 10, False, 0
288,0, 10, False, 0
289,0, 10, False, 0
290,0, 10, False, 0
291,0, 10, False, 0
292,0, 10, False, 0
293,0, 10, False, 0
294,0, 10, False, 0
295,0, 10, False, 0
296,0, 10, False, 0
297,0, 10, False, 0
298,0, 10, False, 0
299,0, 10, False, 0
300,0, 10, False, 0
301,0, 10, False, 0
302,0, 10, False, 0
303,0, 10, False, 0
304,0, 10, False, 0
305,0, 10, False, 0
306,0, 10, False, 0
307,0, 10, False, 0
308,0, 10, False, 0
309,0, 10, False, 0
310,0, 10, False, 0
311,0, 10, False, 0
312,0, 10, False, 0
313,0, 10, False, 1
314,0, 10, False, 1
315,0, 10, False, 1
316,0, 10, False, 1
317,0, 10, False, 1
318,0, 10, False, 1
319,0, 10, False, 1
320,0, 10, False, 1
321,0, 10, False, 1
322,0, 10, False, 0
323,0, 10, False, 0
324,0, 10, False, 0
325,0, 10, False, 0
326,0, 10, False, 0
327,0, 10, False, 0
328,0, 10, False, 0
329,0, 10, False, 0
330,0, 10, False, 0
331,0, 10, False, 0
332,0, 10, False, 0
333,0, 10, False, 0
334,0, 10, False, 3
335,0, 10, False, 3
336,0, 10, False, 3
337,0, 10, False, 3
338,0, 10, False, 3
339,0, 10, False, 3
340,0, 10, False, 3
341,0, 10, False, 3
342,0, 10, False, 3
343,0, 10, False, 3
344,0, 10, False, 3
345,0, 10, False, 3
346,0, 10, False, 3
347,10, 20, False, 0
348,0, 20, False, 0
349,0, 20, False, 0
350,0, 20, False, 0
351,0, 20, False, 0
352,0, 20, False, 0
353,0, 20, False, 0
354,0, 20, False, 0
355,0, 20, False, 0
356,0, 20, False, 0
357,0, 20, False, 0
358,0, 20, False, 0
359,0, 20, False, 0
360,0, 20, False, 0
361,0, 20, False, 0
362,0, 20, False, 0
363,0, 20, False, 0
364,0, 20, False, 0
365,0, 20, False, 0
366,0, 20, False, 0
367,0, 20, False, 0
368,0, 20, False, 0
369,0, 20, False, 0
370,0, 20, False, 4
371,0, 20, False, 4
372,0, 20, False, 4
373,0, 20, False, 4
374,0, 20, False, 4
375,0, 20, False, 4
376,0, 20, False, 4
377,0, 20, False, 4
378,0, 20, False, 4
379,0, 20, False, 4
380,0, 20, False, 4
381,0, 20, False, 4
382,0, 20, False, 4
383,0, 20, False, 4
384,0, 20, False, 4
385,0, 20, False, 4
386,0, 20, False, 4
387,0, 20, False, 4
388,0, 20, False, 4
389,0, 20, False, 0
390,0, 20, False, 0
391,0, 20, False, 0
392,0, 20, False, 0
393,0, 20, False, 0
394,0, 20, False, 0
395,0, 20, False, 0
396,0, 20, False, 0
397,0, 20, False, 0
398,0, 20, False, 0
399,0, 20, False, 0
400,0, 20, False, 0
401,0, 20, False, 0
402,0, 20, False, 0
403,0, 20, False, 0
404,0, 20, False, 0
405,0, 20, False, 0
406,0, 20, False, 0
407,0, 20, False, 0
408,0, 20, False, 0
409,0, 20, False, 0
410,0, 20, False, 0
411,0, 20, False, 1
412,0, 20, False, 1
413,0, 20, False, 1
414,0, 20, False, 1
415,0, 20, False, 1
416,0, 20, False, 1
417,0, 20, False, 1
418,0, 20, False, 0
419,0, 20, False, 0
420,0, 20, False, 0
421,0, 20, False, 0
422,0, 20, False, 0
423,0, 20, False, 0
424,0, 20, False, 0
425,0, 20, False, 0
426,0, 20, False, 0
427,0, 20, False, 0
428,0, 20, False, 0
429,0, 20, False, 0
430,0, 20, False, 0
431,0, 20, False, 0
432,0, 20, False, 0
433,0, 20, False, 0
434,0, 20, False, 0
435,0, 20, False, 0
436,0, 20, False, 0
437,0, 20, False, 0
438,0, 20, False, 0
439,0, 20, False, 0
440,0, 20, False, 0
441,0, 20, False, 0
442,0, 20, False, 0
443,0, 20, False, 0
444,0, 20, False, 0
445,0, 20, False, 0
446,0, 20, False, 0
447,0, 20, False, 0
448,0, 20, False, 0
449,0, 20, False, 0
450,0, 20, False, 3
451,0, 20, False, 3
452,0, 20, False, 3
453,0, 20, False, 3
454,0, 20, False, 3
455,0, 20, False, 3
456,0, 20, False, 3
457,0, 20, False, 3
458,0, 20, False, 3
459,0, 20, False, 3
460,0, 20, False, 3
461,0, 20, False, 3
462,0, 20, False, 3
463,0, 20, False, 3
464,0, 20, False, 3
465,0, 20, False, 3
466,0, 20, False, 3
467,0, 20, False, 3
468,0, 20, False, 3
469,0, 20, False, 3
470,0, 20, False, 3
471,0, 20, False, 3
472,0, 20, False, 3
473,0, 20, False, 3
474,0, 20, False, 3
475,0, 20, False, 3
476,0, 20, False, 0
477,0, 20, False, 0
478,0, 20, False, 0
479,0, 20, False, 0
480,0, 20, False, 0
481,0, 20, False, 0
482,0, 20, False, 0
483,0, 20, False, 0
484,0, 20, False, 0
485,0, 20, False, 0
486,0, 20, False, 0
487,0, 20, False, 0
488,0, 20, False, 0
489,0, 20, False, 0
490,0, 20, False, 0
491,0, 20, False, 3
492,0, 20, False, 3
493,0, 20, False, 3
494,0, 20, False, 3
495,0, 20, False, 3
496,0, 20, False, 3
497,0, 20, False, 3
498,0, 20, False, 3
499,0, 20, False, 3
500,0, 20, False, 3
501,0, 20, False, 3
502,0, 20, False, 3
503,0, 20, False, 3
504,0, 20, False, 3
505,0, 20, False, 3
506,0, 20, False, 3
507,0, 20, False, 3
508,0, 20, False, 3
509,0, 20, False, 3
510,0, 20, False, 3
511,0, 20, False, 3
512,0, 20, False, 3
513,0, 20, False, 3
514,0, 20, False, 3
515,0, 20, False, 3
516,0, 20, False, 3
517,0, 20, False, 3
518,0, 20, False, 3
519,0, 20, False, 3
520,0, 20, False, 11
521,0, 20, False, 1
522,0, 20, False, 1
523,0, 20, False, 1
524,0, 20, False, 1
525,0, 20, False, 1
526,0, 20, False, 1
527,0, 20, False, 0
528,0, 20, False, 0
529,0, 20, False, 0
530,0, 20, False, 0
531,0, 20, False, 0
532,0, 20, False, 0
533,0, 20, False, 0
534,0, 20, False, 0
535,0, 20, False, 0
536,0, 20, False, 0
537,0, 20, False, 0
538,0, 20, False, 0
539,0, 20, False, 0
540,0, 20, False, 0
541,0, 20, False, 0
542,0, 20, False, 0
543,0, 20, False, 0
544,0, 20, False, 0
545,5, 25, False, 0
546,0, 25, False, 0
547,0, 25, False, 0
548,0, 25, False, 0
549,0, 25, False, 0
550,0, 25, False, 0
551,0, 25, False, 0
552,0, 25, False, 1
553,0, 25, False, 1
554,0, 25, False, 1
555,0, 25, False, 1
556,0, 25, False, 1
557,0, 25, False, 1
558,0, 25, False, 1
559,0, 25, False, 0
560,0, 25, False, 0
561,0, 25, False, 0
562,0, 25, False, 0
563,0, 25, False, 0
564,0, 25, False, 0
565,0, 25, False, 0
566,0, 25, False, 0
567,0, 25, False, 0
568,0, 25, False, 0
569,0, 25, False, 0
570,0, 25, False, 0
571,0, 25, False, 0
572,0, 25, False, 0
573,0, 25, False, 0
574,0, 25, False, 0
575,0, 25, False, 0
576,0, 25, False, 0
577,0, 25, False, 0
578,0, 25, False, 0
579,0, 25, False, 0
580,0, 25, False, 0
581,0, 25, False, 0
582,0, 25, False, 0
583,0, 25, False, 0
584,0, 25, False, 0
585,10, 35, False, 0
586,0, 35, False, 0
587,0, 35, False, 0
588,0, 35, False, 0
589,0, 35, False, 1
590,0, 35, False, 1
591,0, 35, False, 1
592,0, 35, False, 1
593,0, 35, False, 1
594,0, 35, False, 1
595,0, 35, False, 1
596,0, 35, False, 1
597,0, 35, False, 1
598,0, 35, False, 0
599,0, 35, False, 0
600,0, 35, False, 0
601,0, 35, False, 0
602,0, 35, False, 0
603,0, 35, False, 0
604,0, 35, False, 0
605,0, 35, False, 0
606,0, 35, False, 0
607,0, 35, False, 0
608,0, 35, False, 0
609,0, 35, False, 0
610,0, 35, False, 0
611,0, 35, False, 0
612,0, 35, False, 0
613,0, 35, False, 0
614,0, 35, False, 0
615,0, 35, False, 0
616,0, 35, False, 0
617,0, 35, False, 0
618,0, 35, False, 0
619,0, 35, False, 0
620,0, 35, False, 0
621,0, 35, False, 0
622,0, 35, False, 0
623,0, 35, False, 0
624,0, 35, False, 0
625,0, 35, False, 0
626,0, 35, False, 0
627,0, 35, False, 0
628,0, 35, False, 0
629,0, 35, False, 0
630,0, 35, False, 0
631,0, 35, False, 0
632,0, 35, False, 3
633,15, 50, False, 3
634,0, 50, False, 3
635,0, 50, False, 3
636,0, 50, False, 3
637,0, 50, False, 3
638,0, 50, False, 3
639,0, 50, False, 3
640,0, 50, False, 0
641,0, 50, False, 0
642,0, 50, False, 0
643,0, 50, False, 0
644,0, 50, False, 0
645,0, 50, False, 0
646,0, 50, False, 0
647,0, 50, False, 0
648,0, 50, False, 0
649,0, 50, False, 0
650,0, 50, False, 1
651,0, 50, False, 1
652,0, 50, False, 1
653,0, 50, False, 1
654,0, 50, False, 1
655,0, 50, False, 1
656,0, 50, False, 1
657,0, 50, False, 0
658,0, 50, False, 0
659,0, 50, False, 0
660,0, 50, False, 0
661,0, 50, False, 0
662,0, 50, False, 0
663,0, 50, False, 0
664,0, 50, False, 0
665,0, 50, False, 0
666,0, 50, False, 0
667,0, 50, False, 0
668,0, 50, False, 0
669,0, 50, False, 0
670,0, 50, False, 0
671,0, 50, False, 0
672,0, 50, False, 0
673,0, 50, False, 0
674,0, 50, False, 0
675,0, 50, False, 0
676,0, 50, False, 0
677,0, 50, False, 0
678,0, 50, False, 0
679,0, 50, False, 0
680,0, 50, False, 0
681,0, 50, False, 0
682,0, 50, False, 0
683,0, 50, False, 0
684,0, 50, False, 0
685,0, 50, False, 0
686,0, 50, False, 0
687,0, 50, False, 4
688,0, 50, False, 4
689,0, 50, False, 4
690,0, 50, False, 4
691,0, 50, False, 4
692,0, 50, False, 4
693,0, 50, False, 4
694,0, 50, False, 4
695,0, 50, False, 4
696,0, 50, False, 4
697,0, 50, False, 4
698,0, 50, False, 4
699,0, 50, False, 4
700,0, 50, False, 4
701,20, 70, False, 4
702,0, 70, False, 4
703,0, 70, False, 4
704,0, 70, False, 4
705,0, 70, False, 4
706,0, 70, False, 4
707,0, 70, False, 4
708,0, 70, False, 4
709,0, 70, False, 4
710,0, 70, False, 4
711,0, 70, False, 4
712,0, 70, False, 4
713,0, 70, False, 4
714,0, 70, False, 4
715,0, 70, False, 4
716,0, 70, False, 4
717,0, 70, False, 4
718,0, 70, False, 4
719,0, 70, False, 4
720,0, 70, False, 12
721,0, 70, False, 12
722,0, 70, False, 12
723,0, 70, False, 12
724,0, 70, False, 12
725,0, 70, False, 12
726,0, 70, False, 12
727,0, 70, False, 4
728,0, 70, False, 4
729,0, 70, False, 4
730,0, 70, False, 4
731,0, 70, False, 4
732,0, 70, False, 4
733,0, 70, False, 4
734,0, 70, False, 4
735,0, 70, False, 4
736,0, 70, False, 4
737,0, 70, False, 4
738,0, 70, False, 4
739,0, 70, False, 4
740,0, 70, False, 4
741,0, 70, False, 4
742,0, 70, False, 4
743,0, 70, False, 4
744,0, 70, False, 4
745,0, 70, False, 4
746,0, 70, False, 4
747,0, 70, False, 4
748,0, 70, False, 4
749,0, 70, False, 4
750,0, 70, False, 4
751,0, 70, False, 12
752,0, 70, False, 12
753,0, 70, False, 12
754,0, 70, False, 12
755,0, 70, False, 12
756,0, 70, False, 12
757,0, 70, False, 12
758,0, 70, False, 12
759,0, 70, False, 4
760,0, 70, False, 4
761,0, 70, False, 4
762,0, 70, False, 4
763,0, 70, False, 4
764,0, 70, False, 4
765,0, 70, False, 4
766,0, 70, False, 4
767,0, 70, False, 4
768,0, 70, False, 4
769,0, 70, False, 4
770,0, 70, False, 4
771,0, 70, False, 4
772,0, 70, False, 4
773,0, 70, False, 4
774,0, 70, False, 4
775,0, 70, False, 4
776,0, 70, False, 4
777,0, 70, False, 4
778,0, 70, False, 4
779,0, 70, False, 4
780,0, 70, False, 4
781,0, 70, False, 4
782,0, 70, False, 4
783,0, 70, False, 4
784,0, 70, False, 4
785,0, 70, False, 4
786,0, 70, False, 4
787,0, 70, False, 4
788,0, 70, False, 4
789,0, 70, False, 4
790,0, 70, False, 4
791,0, 70, False, 4
792,0, 70, False, 4
793,0, 70, False, 4
794,0, 70, False, 4
795,0, 70, False, 4
796,0, 70, False, 4
797,0, 70, False, 4
798,0, 70, False, 12
799,0, 70, False, 12
800,0, 70, False, 1
801,0, 70, False, 1
802,0, 70, False, 1
803,0, 70, False, 1
804,0, 70, False, 1
805,0, 70, False, 0
806,0, 70, False, 0
807,0, 70, False, 0
808,0, 70, False, 0
809,0, 70, False, 0
810,0, 70, False, 0
811,0, 70, False, 0
812,0, 70, False, 0
813,0, 70, False, 0
814,0, 70, False, 0
815,0, 70, False, 0
816,0, 70, False, 0
817,0, 70, False, 0
818,0, 70, False, 0
819,0, 70, False, 0
820,0, 70, False, 0
821,0, 70, False, 0
822,0, 70, False, 0
823,0, 70, False, 0
824,0, 70, False, 0
825,0, 70, False, 0
826,0, 70, False, 0
827,0, 70, False, 0
828,0, 70, False, 0
829,5, 75, False, 0
830,0, 75, False, 0
831,0, 75, False, 0
832,0, 75, False, 0
833,0, 75, False, 0
834,0, 75, False, 0
835,0, 75, False, 0
836,0, 75, False, 0
837,0, 75, False, 0
838,0, 75, False, 1
839,0, 75, False, 1
840,0, 75, False, 1
841,0, 75, False, 1
842,0, 75, False, 1
843,0, 75, False, 1
844,0, 75, False, 1
845,0, 75, False, 0
846,0, 75, False, 0
847,0, 75, False, 0
848,0, 75, False, 0
849,0, 75, False, 0
850,0, 75, False, 0
851,0, 75, False, 0
852,0, 75, False, 0
853,0, 75, False, 0
854,0, 75, False, 0
855,0, 75, False, 0
856,0, 75, False, 0
857,0, 75, False, 0
858,0, 75, False, 0
859,0, 75, False, 0
860,0, 75, False, 0
861,0, 75, False, 0
862,0, 75, False, 0
863,0, 75, False, 0
864,0, 75, False, 0
865,0, 75, False, 0
866,0, 75, False, 0
867,0, 75, False, 0
868,0, 75, False, 0
869,0, 75, False, 3
870,0, 75, False, 3
871,10, 85, False, 3
872,0, 85, False, 3
873,0, 85, False, 3
874,0, 85, False, 3
875,0, 85, False, 3
876,0, 85, False, 3
877,0, 85, False, 3
878,0, 85, False, 0
879,0, 85, False, 0
880,0, 85, False, 0
881,0, 85, False, 0
882,0, 85, False, 0
883,0, 85, False, 0
884,0, 85, False, 0
885,0, 85, False, 0
886,0, 85, False, 0
887,0, 85, False, 1
888,0, 85, False, 1
889,0, 85, False, 1
890,0, 85, False, 1
891,0, 85, False, 1
892,0, 85, False, 1
893,0, 85, False, 0
894,0, 85, False, 0
895,0, 85, False, 0
896,0, 85, False, 0
897,0, 85, False, 0
898,0, 85, False, 0
899,0, 85, False, 0
900,0, 85, False, 0
901,0, 85, False, 0
902,0, 85, False, 0
903,0, 85, False, 0
904,0, 85, False, 0
905,0, 85, False, 0
906,0, 85, False, 0
907,0, 85, False, 0
908,0, 85, False, 0
909,0, 85, False, 0
910,0, 85, False, 0
911,0, 85, False, 3
912,0, 85, False, 3
913,0, 85, False, 3
914,0, 85, False, 3
915,0, 85, False, 3
916,0, 85, False, 3
917,0, 85, False, 3
918,0, 85, False, 3
919,0, 85, False, 3
920,0, 85, False, 3
921,0, 85, False, 3
922,0, 85, False, 3
923,0, 85, False, 3
924,0, 85, False, 3
925,0, 85, False, 3
926,0, 85, False, 3
927,0, 85, False, 3
928,0, 85, False, 3
929,0, 85, False, 3
930,0, 85, False, 3
931,0, 85, False, 3
932,0, 85, False, 3
933,15, 100, False, 3
934,0, 100, False, 3
935,0, 100, False, 3
936,0, 100, False, 3
937,0, 100, False, 3
938,0, 100, False, 3
939,0, 100, False, 3
940,0, 100, False, 3
941,0, 100, False, 3
942,0, 100, False, 3
943,0, 100, False, 3
944,0, 100, False, 3
945,0, 100, False, 3
946,0, 100, False, 3
947,0, 100, False, 0
948,0, 100, False, 0
949,0, 100, False, 0
950,0, 100, False, 1
951,0, 100, False, 1
952,0, 100, False, 1
953,0, 100, False, 1
954,0, 100, False, 1
955,0, 100, False, 1
956,0, 100, False, 0
957,0, 100, False, 0
958,0, 100, False, 0
959,0, 100, False, 0
960,0, 100, False, 0
961,0, 100, False, 0
962,0, 100, False, 0
963,0, 100, False, 0
964,0, 100, False, 0
965,0, 100, False, 0
966,0, 100, False, 0
967,0, 100, False, 0
968,0, 100, False, 0
969,0, 100, False, 0
970,0, 100, False, 0
971,0, 100, False, 0
972,0, 100, False, 0
973,0, 100, False, 0
974,0, 100, False, 0
975,0, 100, False, 0
976,0, 100, False, 0
977,0, 100, False, 0
978,0, 100, False, 0
979,10, 110, False, 0
980,0, 110, False, 0
981,0, 110, False, 3
982,0, 110, False, 3
983,0, 110, False, 3
984,0, 110, False, 3
985,0, 110, False, 0
986,0, 110, False, 0
987,0, 110, False, 0
988,0, 110, False, 0
989,0, 110, False, 0
990,0, 110, False, 0
991,0, 110, False, 0
992,0, 110, False, 0
993,0, 110, False, 0
994,0, 110, False, 0
995,0, 110, False, 0
996,0, 110, False, 1
997,0, 110, False, 1
998,0, 110, False, 1
999,0, 110, False, 1
1000,0, 110, False, 1
1001,0, 110, False, 1
1002,0, 110, False, 0
1003,0, 110, False, 0
1004,0, 110, False, 0
1005,0, 110, False, 0
1006,0, 110, False, 0
1007,0, 110, False, 0
1008,0, 110, False, 0
1009,0, 110, False, 0
1010,0, 110, False, 0
1011,0, 110, False, 0
1012,0, 110, False, 0
1013,0, 110, False, 0
1014,0, 110, False, 0
1015,0, 110, False, 0
1016,0, 110, False, 0
1017,0, 110, False, 0
1018,0, 110, False, 0
1019,0, 110, False, 0
1020,0, 110, False, 0
1021,0, 110, False, 0
1022,0, 110, False, 0
1023,0, 110, False, 0
1024,0, 110, False, 0
1025,0, 110, False, 0
1026,0, 110, False, 0
1027,0, 110, False, 0
1028,0, 110, False, 0
1029,0, 110, False, 0
1030,0, 110, False, 0
1031,0, 110, False, 0
1032,0, 110, False, 0
1033,0, 110, False, 0
1034,0, 110, False, 0
1035,0, 110, False, 0
1036,0, 110, False, 0
1037,0, 110, False, 0
1038,0, 110, False, 0
1039,0, 110, False, 0
1040,0, 110, False, 0
1041,0, 110, False, 0
1042,0, 110, False, 0
1043,0, 110, False, 0
1044,0, 110, False, 0
1045,0, 110, False, 0
1046,0, 110, False, 0
1047,0, 110, False, 0
1048,0, 110, False, 0
1049,0, 110, False, 0
1050,0, 110, False, 0
1051,0, 110, False, 0
1052,0, 110, False, 0
1053,0, 110, False, 0
1054,0, 110, False, 0
1055,0, 110, False, 0
1056,0, 110, False, 0
1057,0, 110, False, 0
1058,0, 110, False, 0
1059,0, 110, False, 0
1060,0, 110, False, 0
1061,0, 110, False, 3
1062,0, 110, False, 3
1063,0, 110, False, 3
1064,0, 110, False, 3
1065,0, 110, False, 3
1066,0, 110, False, 3
1067,0, 110, False, 3
1068,0, 110, False, 0
1069,0, 110, False, 0
1070,0, 110, False, 0
1071,0, 110, False, 0
1072,0, 110, False, 0
1073,0, 110, False, 0
1074,0, 110, False, 0
1075,0, 110, False, 0
1076,0, 110, False, 0
1077,0, 110, False, 0
1078,0, 110, False, 4
1079,0, 110, False, 4
1080,0, 110, False, 0
1081,0, 110, False, 0
1082,0, 110, False, 0
1083,0, 110, False, 0
1084,0, 110, False, 0
1085,0, 110, False, 0
1086,0, 110, False, 0
1087,0, 110, False, 4
1088,0, 110, False, 4
1089,0, 110, False, 4
1090,0, 110, False, 4
1091,0, 110, False, 4
1092,0, 110, False, 4
1093,0, 110, False, 4
1094,0, 110, False, 4
1095,0, 110, False, 4
1096,0, 110, False, 4
1097,0, 110, False, 4
1098,0, 110, False, 4
1099,0, 110, False, 4
1100,0, 110, False, 4
1101,0, 110, False, 4
1102,0, 110, False, 4
1103,0, 110, False, 4
1104,0, 110, False, 4
1105,0, 110, False, 4
1106,0, 110, False, 4
1107,0, 110, False, 4
1108,0, 110, False, 4
1109,0, 110, False, 4
1110,0, 110, False, 4
1111,0, 110, False, 4
1112,0, 110, False, 4
1113,0, 110, False, 4
1114,0, 110, False, 4
1115,0, 110, False, 4
1116,0, 110, False, 4
1117,0, 110, False, 4
1118,0, 110, False, 4
1119,0, 110, False, 4
1120,0, 110, False, 4
1121,0, 110, False, 4
1122,0, 110, False, 4
1123,0, 110, False, 4
1124,0, 110, False, 4
1125,0, 110, False, 4
1126,0, 110, False, 4
1127,0, 110, False, 4
1128,0, 110, False, 4
1129,0, 110, False, 4
1130,0, 110, False, 4
1131,0, 110, False, 4
1132,0, 110, False, 4
1133,0, 110, False, 4
1134,0, 110, False, 4
1135,0, 110, False, 4
1136,0, 110, False, 4
1137,0, 110, False, 4
1138,0, 110, False, 4
1139,0, 110, False, 4
1140,0, 110, False, 4
1141,0, 110, False, 4
1142,0, 110, False, 4
1143,0, 110, False, 4
1144,0, 110, False, 4
1145,0, 110, False, 4
1146,0, 110, False, 4
1147,0, 110, False, 4
1148,0, 110, False, 4
1149,0, 110, False, 4
1150,0, 110, False, 4
1151,0, 110, False, 4
1152,0, 110, False, 4
1153,0, 110, False, 4
1154,0, 110, False, 4
1155,0, 110, False, 4
1156,0, 110, False, 4
1157,0, 110, False, 4
1158,0, 110, False, 4
1159,0, 110, False, 4
1160,0, 110, False, 4
1161,0, 110, False, 4
1162,0, 110, False, 4
1163,0, 110, False, 4
1164,0, 110, False, 4
1165,0, 110, False, 4
1166,0, 110, False, 4
1167,0, 110, False, 4
1168,0, 110, False, 4
1169,0, 110, False, 4
1170,0, 110, False, 4
1171,0, 110, False, 4
1172,0, 110, False, 4
1173,0, 110, False, 4
1174,0, 110, False, 4
1175,0, 110, False, 4
1176,0, 110, False, 4
1177,0, 110, False, 4
1178,0, 110, False, 4
1179,0, 110, False, 4
1180,0, 110, False, 4
1181,0, 110, False, 4
1182,0, 110, False, 4
1183,0, 110, False, 4
1184,0, 110, False, 4
1185,0, 110, False, 4
1186,0, 110, False, 4
1187,0, 110, False, 4
1188,0, 110, False, 4
1189,0, 110, False, 4
1190,0, 110, False, 0
1191,0, 110, False, 0
1192,0, 110, False, 0
1193,0, 110, False, 0
1194,0, 110, False, 0
1195,0, 110, False, 0
1196,0, 110, False, 0
1197,0, 110, False, 0
1198,0, 110, False, 0
1199,0, 110, False, 0
1200,0, 110, False, 0
1201,0, 110, False, 0
1202,0, 110, False, 0
1203,0, 110, False, 0
1204,0, 110, False, 0
1205,0, 110, False, 0
1206,0, 110, False, 0
1207,0, 110, False, 0
1208,0, 110, False, 3
1209,0, 110, False, 3
1210,0, 110, False, 3
1211,0, 110, False, 3
1212,0, 110, False, 0
1213,0, 110, False, 0
1214,0, 110, False, 0
1215,0, 110, False, 0
1216,0, 110, False, 0
1217,0, 110, False, 0
1218,0, 110, False, 0
1219,0, 110, False, 0
1220,0, 110, False, 0
1221,0, 110, False, 0
1222,0, 110, False, 0
1223,0, 110, False, 0
1224,0, 110, False, 0
1225,0, 110, False, 0
1226,0, 110, False, 0
1227,0, 110, False, 0
1228,0, 110, False, 0
1229,0, 110, False, 0
1230,0, 110, False, 0
1231,0, 110, False, 0
1232,0, 110, False, 0
1233,0, 110, False, 0
1234,0, 110, False, 0
1235,0, 110, False, 0
1236,0, 110, False, 0
1237,0, 110, False, 0
1238,0, 110, False, 0
1239,0, 110, False, 0
1240,0, 110, False, 0
1241,0, 110, False, 0
1242,0, 110, False, 0
1243,0, 110, False, 0
1244,0, 110, False, 0
1245,0, 110, False, 0
1246,0, 110, False, 0
1247,0, 110, False, 4
1248,0, 110, False, 4
1249,0, 110, False, 4
1250,0, 110, False, 0
1251,0, 110, False, 0
1252,0, 110, False, 0
1253,0, 110, False, 0
1254,0, 110, False, 0
1255,0, 110, False, 0
1256,0, 110, False, 0
1257,0, 110, False, 0
1258,0, 110, False, 0
1259,0, 110, False, 0
1260,0, 110, False, 0
1261,0, 110, False, 0
1262,0, 110, False, 0
1263,0, 110, False, 0
1264,0, 110, False, 0
1265,0, 110, False, 0
1266,0, 110, False, 0
1267,0, 110, False, 0
1268,0, 110, False, 0
1269,0, 110, False, 1
1270,0, 110, False, 1
1271,0, 110, False, 1
1272,0, 110, False, 1
1273,0, 110, False, 0
1274,0, 110, False, 0
1275,0, 110, False, 0
1276,0, 110, False, 0
1277,0, 110, False, 0
1278,0, 110, False, 0
1279,0, 110, False, 0
1280,0, 110, False, 0
1281,0, 110, False, 0
1282,0, 110, False, 1
1283,0, 110, False, 1
1284,0, 110, False, 1
1285,0, 110, False, 1
1286,0, 110, False, 1
1287,0, 110, False, 1
1288,0, 110, False, 1
1289,0, 110, False, 1
1290,0, 110, False, 0
1291,0, 110, False, 0
1292,0, 110, False, 0
1293,5, 115, False, 0
1294,0, 115, False, 0
1295,0, 115, False, 0
1296,0, 115, False, 0
1297,0, 115, False, 0
1298,0, 115, False, 0
1299,0, 115, False, 1
1300,0, 115, False, 1
1301,0, 115, False, 1
1302,0, 115, False, 1
1303,0, 115, False, 1
1304,0, 115, False, 0
1305,0, 115, False, 0
1306,0, 115, False, 0
1307,0, 115, False, 0
1308,0, 115, False, 0
1309,0, 115, False, 0
1310,0, 115, False, 0
1311,0, 115, False, 0
1312,0, 115, False, 0
1313,0, 115, False, 1
1314,0, 115, False, 1
1315,0, 115, False, 1
1316,0, 115, False, 1
1317,0, 115, False, 1
1318,0, 115, False, 1
1319,0, 115, False, 0
1320,0, 115, False, 0
1321,0, 115, False, 0
1322,0, 115, False, 0
1323,0, 115, False, 0
1324,0, 115, False, 0
1325,0, 115, False, 0
1326,0, 115, False, 0
1327,0, 115, False, 0
1328,0, 115, False, 0
1329,10, 125, False, 1
1330,0, 125, False, 1
1331,0, 125, False, 1
1332,0, 125, False, 12
1333,0, 125, False, 12
1334,0, 125, False, 12
1335,0, 125, False, 4
1336,0, 125, False, 4
1337,0, 125, False, 4
1338,0, 125, False, 4
1339,0, 125, False, 4
1340,0, 125, False, 4
1341,0, 125, False, 4
1342,0, 125, False, 4
1343,0, 125, False, 4
1344,0, 125, False, 4
1345,0, 125, False, 4
1346,0, 125, False, 0
1347,0, 125, False, 0
1348,0, 125, False, 0
1349,0, 125, False, 0
1350,0, 125, False, 0
1351,0, 125, False, 0
1352,0, 125, False, 0
1353,0, 125, False, 0
1354,0, 125, False, 0
1355,0, 125, False, 0
1356,0, 125, False, 0
1357,0, 125, False, 0
1358,0, 125, False, 0
1359,0, 125, False, 0
1360,0, 125, False, 0
1361,0, 125, False, 0
1362,0, 125, False, 0
1363,0, 125, False, 0
1364,0, 125, False, 0
1365,0, 125, False, 0
1366,0, 125, False, 0
1367,15, 140, False, 0
1368,0, 140, False, 0
1369,0, 140, False, 0
1370,0, 140, False, 0
1371,0, 140, False, 0
1372,0, 140, False, 0
1373,0, 140, False, 0
1374,0, 140, False, 0
1375,0, 140, False, 0
1376,0, 140, False, 0
1377,0, 140, False, 3
1378,0, 140, False, 3
1379,0, 140, False, 3
1380,0, 140, False, 3
1381,0, 140, False, 3
1382,0, 140, False, 3
1383,0, 140, False, 3
1384,0, 140, False, 3
1385,0, 140, False, 3
1386,0, 140, False, 3
1387,0, 140, False, 3
1388,0, 140, False, 3
1389,0, 140, False, 3
1390,0, 140, False, 3
1391,0, 140, False, 3
1392,0, 140, False, 3
1393,0, 140, False, 3
1394,0, 140, False, 3
1395,0, 140, False, 3
1396,0, 140, False, 3
1397,0, 140, False, 3
1398,0, 140, False, 3
1399,0, 140, False, 3
1400,0, 140, False, 3
1401,0, 140, False, 3
1402,0, 140, False, 3
1403,0, 140, False, 3
1404,0, 140, False, 3
1405,0, 140, False, 3
1406,0, 140, False, 3
1407,0, 140, False, 3
1408,0, 140, False, 3
1409,0, 140, False, 3
1410,0, 140, False, 3
1411,0, 140, False, 3
1412,0, 140, False, 3
1413,0, 140, False, 3
1414,0, 140, False, 3
1415,0, 140, False, 3
1416,0, 140, False, 3
1417,0, 140, False, 3
1418,0, 140, False, 3
1419,0, 140, False, 3
1420,0, 140, False, 3
1421,0, 140, False, 3
1422,0, 140, False, 3
1423,0, 140, False, 3
1424,0, 140, False, 3
1425,0, 140, False, 3
1426,0, 140, False, 3
1427,0, 140, False, 3
1428,0, 140, False, 3
1429,0, 140, False, 3
1430,0, 140, False, 3
1431,0, 140, False, 3
1432,0, 140, False, 3
1433,0, 140, False, 3
1434,0, 140, False, 3
1435,0, 140, False, 3
1436,0, 140, False, 3
1437,0, 140, False, 3
1438,0, 140, False, 3
1439,0, 140, False, 3
1440,0, 140, False, 3
1441,0, 140, False, 3
1442,0, 140, False, 3
1443,0, 140, False, 3
1444,0, 140, False, 3
1445,0, 140, False, 3
1446,0, 140, False, 3
1447,0, 140, False, 3
1448,0, 140, False, 3
1449,0, 140, False, 3
1450,0, 140, False, 3
1451,0, 140, False, 3
1452,0, 140, False, 3
1453,0, 140, False, 3
1454,0, 140, False, 3
1455,0, 140, False, 3
1456,0, 140, False, 3
1457,0, 140, False, 3
1458,0, 140, False, 3
1459,0, 140, False, 3
1460,0, 140, False, 3
1461,0, 140, False, 3
1462,0, 140, False, 3
1463,0, 140, False, 3
1464,0, 140, False, 3
1465,0, 140, False, 3
1466,0, 140, False, 3
1467,0, 140, False, 3
1468,0, 140, False, 3
1469,0, 140, False, 3
1470,0, 140, False, 3
1471,0, 140, False, 3
1472,0, 140, False, 3
1473,0, 140, False, 0
1474,0, 140, False, 0
1475,0, 140, False, 0
1476,0, 140, False, 0
1477,0, 140, False, 0
1478,0, 140, False, 1
1479,0, 140, False, 1
1480,0, 140, False, 1
1481,0, 140, False, 1
1482,0, 140, False, 1
1483,0, 140, False, 1
1484,0, 140, False, 1
1485,0, 140, False, 0
1486,0, 140, False, 0
1487,0, 140, False, 0
1488,0, 140, False, 0
1489,0, 140, False, 0
1490,0, 140, False, 0
1491,0, 140, False, 0
1492,0, 140, False, 0
1493,0, 140, False, 1
1494,0, 140, False, 1
1495,0, 140, False, 1
1496,0, 140, False, 1
1497,0, 140, False, 1
1498,0, 140, False, 1
1499,0, 140, False, 0
1500,0, 140, False, 0
1501,5, 145, False, 0
1502,0, 145, False, 0
1503,0, 145, False, 0
1504,0, 145, False, 0
1505,0, 145, False, 0
1506,0, 145, False, 0
1507,0, 145, False, 1
1508,0, 145, False, 1
1509,0, 145, False, 1
1510,0, 145, False, 1
1511,0, 145, False, 1
1512,0, 145, False, 1
1513,0, 145, False, 1
1514,0, 145, False, 0
1515,0, 145, False, 0
1516,0, 145, False, 0
1517,0, 145, False, 0
1518,0, 145, False, 0
1519,0, 145, False, 0
1520,0, 145, False, 0
1521,0, 145, False, 1
1522,0, 145, False, 1
1523,0, 145, False, 1
1524,0, 145, False, 1
1525,0, 145, False, 1
1526,0, 145, False, 1
1527,0, 145, False, 0
1528,0, 145, False, 0
1529,0, 145, False, 0
1530,0, 145, False, 0
1531,0, 145, False, 0
1532,0, 145, False, 0
1533,0, 145, False, 0
1534,0, 145, False, 0
1535,0, 145, False, 0
1536,0, 145, False, 0
1537,0, 145, False, 0
1538,0, 145, False, 0
1539,0, 145, False, 0
1540,0, 145, False, 0
1541,0, 145, False, 0
1542,0, 145, False, 0
1543,0, 145, False, 0
1544,0, 145, False, 0
1545,0, 145, False, 0
1546,0, 145, False, 0
1547,0, 145, False, 0
1548,0, 145, False, 0
1549,0, 145, False, 0
1550,0, 145, False, 0
1551,0, 145, False, 0
1552,0, 145, False, 0
1553,0, 145, False, 0
1554,0, 145, False, 0
1555,0, 145, False, 0
1556,0, 145, False, 0
1557,0, 145, False, 0
1558,0, 145, False, 0
1559,0, 145, False, 0
1560,0, 145, False, 0
1561,0, 145, False, 0
1562,0, 145, False, 0
1563,0, 145, False, 0
1564,0, 145, False, 3
1565,0, 145, False, 3
1566,0, 145, False, 3
1567,0, 145, False, 3
1568,0, 145, False, 3
1569,0, 145, False, 3
1570,0, 145, False, 0
1571,0, 145, False, 0
1572,0, 145, False, 0
1573,0, 145, False, 0
1574,0, 145, False, 0
1575,0, 145, False, 0
1576,0, 145, False, 1
1577,0, 145, False, 1
1578,0, 145, False, 1
1579,0, 145, False, 1
1580,0, 145, False, 1
1581,0, 145, False, 1
1582,0, 145, False, 1
1583,0, 145, False, 0
1584,0, 145, False, 0
1585,0, 145, False, 0
1586,0, 145, False, 0
1587,0, 145, False, 0
1588,0, 145, False, 0
1589,0, 145, False, 0
1590,0, 145, False, 0
1591,0, 145, False, 0
1592,0, 145, False, 1
1593,0, 145, False, 1
1594,0, 145, False, 1
1595,0, 145, False, 1
1596,0, 145, False, 1
1597,0, 145, False, 1
1598,0, 145, False, 0
1599,0, 145, False, 0
1600,0, 145, False, 0
1601,0, 145, False, 0
1602,0, 145, False, 0
1603,0, 145, False, 0
1604,0, 145, False, 0
1605,0, 145, False, 0
1606,0, 145, False, 0
1607,0, 145, False, 1
1608,0, 145, False, 1
1609,0, 145, False, 1
1610,0, 145, False, 1
1611,0, 145, False, 1
1612,0, 145, False, 1
1613,0, 145, False, 0
1614,0, 145, False, 0
1615,0, 145, False, 0
1616,0, 145, False, 0
1617,0, 145, False, 0
1618,0, 145, False, 0
1619,0, 145, False, 0
1620,0, 145, False, 0
1621,0, 145, False, 0
1622,0, 145, False, 0
1623,0, 145, False, 0
1624,0, 145, False, 0
1625,15, 160, False, 1
1626,0, 160, False, 1
1627,0, 160, False, 1
1628,0, 160, False, 1
1629,0, 160, False, 1
1630,0, 160, False, 0
1631,0, 160, False, 0
1632,0, 160, False, 0
1633,0, 160, False, 0
1634,0, 160, False, 0
1635,0, 160, False, 0
1636,0, 160, False, 0
1637,0, 160, False, 0
1638,0, 160, False, 0
1639,0, 160, False, 0
1640,0, 160, False, 1
1641,0, 160, False, 1
1642,0, 160, False, 1
1643,0, 160, False, 1
1644,0, 160, False, 1
1645,0, 160, False, 1
1646,0, 160, False, 1
1647,0, 160, False, 1
1648,0, 160, False, 0
1649,0, 160, False, 0
1650,0, 160, False, 0
1651,0, 160, False, 0
1652,0, 160, False, 0
1653,0, 160, False, 0
1654,0, 160, False, 0
1655,0, 160, False, 0
1656,0, 160, False, 0
1657,0, 160, False, 0
1658,0, 160, False, 0
1659,0, 160, False, 1
1660,0, 160, False, 1
1661,0, 160, False, 1
1662,0, 160, False, 1
1663,0, 160, False, 1
1664,0, 160, False, 1
1665,0, 160, False, 1
1666,0, 160, False, 1
1667,0, 160, False, 0
1668,0, 160, False, 0
1669,0, 160, False, 0
1670,0, 160, False, 0
1671,0, 160, False, 0
1672,0, 160, False, 0
1673,0, 160, False, 0
1674,0, 160, False, 0
1675,0, 160, False, 0
1676,0, 160, False, 0
1677,0, 160, False, 0
1678,0, 160, False, 0
1679,0, 160, False, 0
1680,0, 160, False, 0
1681,0, 160, False, 0
1682,0, 160, False, 0
1683,0, 160, False, 0
1684,0, 160, False, 0
1685,0, 160, False, 0
1686,0, 160, False, 0
1687,0, 160, False, 3
1688,0, 160, False, 3
1689,0, 160, False, 3
1690,0, 160, False, 3
1691,0, 160, False, 3
1692,0, 160, False, 3
1693,0, 160, False, 3
1694,0, 160, False, 3
1695,0, 160, False, 0
1696,0, 160, False, 0
1697,0, 160, False, 0
1698,0, 160, False, 1
1699,0, 160, False, 1
1700,0, 160, False, 1
1701,0, 160, False, 1
1702,0, 160, False, 1
1703,0, 160, False, 1
1704,0, 160, False, 1
1705,0, 160, False, 0
1706,0, 160, False, 0
1707,0, 160, False, 0
1708,0, 160, False, 0
1709,0, 160, False, 0
1710,0, 160, False, 0
1711,0, 160, False, 0
1712,0, 160, False, 0
1713,0, 160, False, 0
1714,0, 160, False, 0
1715,0, 160, False, 0
1716,0, 160, False, 0
1717,0, 160, False, 0
1718,0, 160, False, 0
1719,0, 160, False, 0
1720,0, 160, False, 0
1721,0, 160, False, 0
1722,0, 160, False, 0
1723,0, 160, False, 0
1724,0, 160, False, 0
1725,0, 160, False, 0
1726,0, 160, False, 0
1727,0, 160, False, 0
1728,0, 160, False, 0
1729,0, 160, False, 0
1730,0, 160, False, 0
1731,0, 160, False, 0
1732,0, 160, False, 0
1733,0, 160, False, 0
1734,0, 160, False, 0
1735,0, 160, False, 0
1736,0, 160, False, 0
1737,0, 160, False, 0
1738,0, 160, False, 0
1739,0, 160, False, 0
1740,0, 160, False, 0
1741,0, 160, False, 0
1742,0, 160, False, 0
1743,0, 160, False, 0
1744,0, 160, False, 0
1745,0, 160, False, 0
1746,0, 160, False, 0
1747,0, 160, False, 1
1748,0, 160, False, 1
1749,0, 160, False, 1
1750,0, 160, False, 1
1751,0, 160, False, 1
1752,0, 160, False, 1
1753,0, 160, False, 1
1754,0, 160, False, 0
1755,0, 160, False, 0
1756,0, 160, False, 0
1757,0, 160, False, 0
1758,0, 160, False, 0
1759,0, 160, False, 0
1760,0, 160, False, 0
1761,0, 160, False, 0
1762,0, 160, False, 0
1763,0, 160, False, 0
1764,0, 160, False, 0
1765,0, 160, False, 0
1766,0, 160, False, 0
1767,0, 160, False, 0
1768,0, 160, False, 0
1769,0, 160, False, 1
1770,0, 160, False, 1
1771,0, 160, False, 1
1772,0, 160, False, 1
1773,0, 160, False, 1
1774,0, 160, False, 0
1775,0, 160, False, 0
1776,0, 160, False, 0
1777,0, 160, False, 0
1778,0, 160, False, 0
1779,0, 160, False, 0
1780,0, 160, False, 0
1781,0, 160, False, 0
1782,0, 160, False, 0
1783,0, 160, False, 0
1784,0, 160, False, 0
1785,0, 160, False, 0
1786,0, 160, False, 0
1787,0, 160, False, 0
1788,0, 160, False, 1
1789,0, 160, False, 1
1790,0, 160, False, 1
1791,0, 160, False, 1
1792,0, 160, False, 1
1793,20, 180, False, 0
1794,0, 180, False, 0
1795,0, 180, False, 0
1796,0, 180, False, 0
1797,0, 180, False, 0
1798,0, 180, False, 0
1799,0, 180, False, 0
1800,0, 180, False, 0
1801,0, 180, False, 0
1802,0, 180, False, 0
1803,0, 180, False, 0
1804,0, 180, False, 0
1805,0, 180, False, 0
1806,0, 180, False, 0
1807,0, 180, False, 1
1808,0, 180, False, 1
1809,0, 180, False, 1
1810,0, 180, False, 1
1811,0, 180, False, 1
1812,0, 180, False, 1
1813,0, 180, False, 0
1814,0, 180, False, 0
1815,0, 180, False, 0
1816,0, 180, False, 0
1817,0, 180, False, 0
1818,0, 180, False, 0
1819,0, 180, False, 0
1820,0, 180, False, 0
1821,0, 180, False, 0
1822,0, 180, False, 0
1823,0, 180, False, 1
1824,0, 180, False, 1
1825,0, 180, False, 0
1826,0, 180, False, 0
1827,0, 180, False, 0
1828,0, 180, False, 0
1829,0, 180, False, 0
1830,0, 180, False, 0
1831,10, 190, False, 0
1832,0, 190, False, 0
1833,0, 190, False, 0
1834,0, 190, False, 0
1835,0, 190, False, 0
1836,0, 190, False, 1
1837,0, 190, False, 1
1838,0, 190, False, 1
1839,0, 190, False, 1
1840,0, 190, False, 1
1841,0, 190, False, 0
1842,0, 190, False, 0
1843,0, 190, False, 0
1844,0, 190, False, 0
1845,0, 190, False, 0
1846,0, 190, False, 0
1847,0, 190, False, 0
1848,0, 190, False, 0
1849,0, 190, False, 3
1850,0, 190, False, 3
1851,0, 190, False, 3
1852,0, 190, False, 3
1853,0, 190, False, 3
1854,0, 190, False, 3
1855,0, 190, False, 3
1856,0, 190, False, 3
1857,0, 190, False, 3
1858,0, 190, False, 3
1859,0, 190, False, 3
1860,0, 190, False, 3
1861,0, 190, False, 0
1862,0, 190, False, 0
1863,0, 190, False, 0
1864,0, 190, False, 1
1865,0, 190, False, 1
1866,0, 190, False, 1
1867,0, 190, False, 1
1868,0, 190, False, 0
1869,15, 205, False, 0
1870,0, 205, False, 0
1871,0, 205, False, 0
1872,0, 205, False, 0
1873,0, 205, False, 0
1874,0, 205, False, 0
1875,0, 205, False, 0
1876,0, 205, False, 0
1877,0, 205, False, 0
1878,0, 205, False, 0
1879,0, 205, False, 0
1880,0, 205, False, 3
1881,0, 205, False, 3
1882,0, 205, False, 3
1883,0, 205, False, 3
1884,0, 205, False, 3
1885,0, 205, False, 3
1886,0, 205, False, 3
1887,0, 205, False, 3
1888,0, 205, False, 3
1889,0, 205, False, 3
1890,0, 205, False, 3
1891,0, 205, False, 3
1892,0, 205, False, 3
1893,0, 205, False, 3
1894,0, 205, False, 3
1895,0, 205, False, 3
1896,0, 205, False, 3
1897,0, 205, False, 3
1898,0, 205, False, 3
1899,0, 205, False, 3
1900,0, 205, False, 3
1901,0, 205, False, 3
1902,0, 205, False, 3
1903,0, 205, False, 3
1904,0, 205, False, 3
1905,0, 205, False, 3
1906,0, 205, False, 3
1907,0, 205, False, 3
1908,0, 205, False, 3
1909,0, 205, False, 3
1910,0, 205, False, 3
1911,0, 205, False, 3
1912,0, 205, False, 3
1913,0, 205, False, 3
1914,0, 205, False, 11
1915,0, 205, False, 11
1916,0, 205, False, 11
1917,0, 205, False, 1
1918,0, 205, False, 1
1919,0, 205, False, 1
1920,0, 205, False, 1
1921,0, 205, False, 1
1922,0, 205, False, 1
1923,0, 205, False, 1
1924,0, 205, False, 0
1925,0, 205, False, 0
1926,0, 205, False, 0
1927,0, 205, False, 0
1928,0, 205, False, 0
1929,0, 205, False, 0
1930,0, 205, False, 0
1931,0, 205, False, 0
1932,0, 205, False, 0
1933,0, 205, False, 0
1934,0, 205, False, 0
1935,0, 205, False, 0
1936,0, 205, False, 0
1937,0, 205, False, 0
1938,0, 205, False, 0
1939,0, 205, False, 0
1940,0, 205, False, 0
1941,0, 205, False, 0
1942,0, 205, False, 0
1943,0, 205, False, 1
1944,0, 205, False, 1
1945,0, 205, False, 1
1946,0, 205, False, 0
1947,0, 205, False, 0
1948,0, 205, False, 0
1949,0, 205, False, 0
1950,0, 205, False, 0
1951,20, 225, False, 0
1952,0, 225, False, 0
1953,0, 225, False, 0
1954,0, 225, False, 0
1955,0, 225, False, 0
1956,0, 225, False, 0
1957,0, 225, False, 1
1958,0, 225, False, 1
1959,0, 225, False, 1
1960,0, 225, False, 1
1961,0, 225, False, 1
1962,0, 225, False, 1
1963,0, 225, False, 0
1964,0, 225, False, 0
1965,0, 225, False, 0
1966,0, 225, False, 0
1967,0, 225, False, 0
1968,0, 225, False, 0
1969,0, 225, False, 0
1970,0, 225, False, 0
1971,0, 225, False, 0
1972,0, 225, False, 1
1973,0, 225, False, 1
1974,0, 225, False, 1
1975,0, 225, False, 1
1976,0, 225, False, 1
1977,0, 225, False, 0
1978,0, 225, False, 0
1979,0, 225, False, 0
1980,0, 225, False, 0
1981,0, 225, False, 0
1982,0, 225, False, 0
1983,0, 225, False, 0
1984,0, 225, False, 0
1985,0, 225, False, 0
1986,0, 225, False, 0
1987,0, 225, False, 0
1988,0, 225, False, 0
1989,0, 225, False, 0
1990,0, 225, False, 0
1991,0, 225, False, 0
1992,0, 225, False, 0
1993,0, 225, False, 0
1994,0, 225, False, 0
1995,0, 225, False, 0
1996,0, 225, False, 0
1997,0, 225, False, 0
1998,0, 225, False, 0
1999,0, 225, False, 0
2000,0, 225, False, 0
2001,0, 225, False, 0
2002,0, 225, False, 0
2003,0, 225, False, 0
2004,0, 225, False, 0
2005,0, 225, False, 0
2006,0, 225, False, 0
2007,0, 225, False, 0
2008,0, 225, False, 0
2009,0, 225, False, 0
2010,0, 225, False, 0
2011,0, 225, False, 0
2012,0, 225, False, 0
2013,0, 225, False, 0
2014,0, 225, False, 0
2015,0, 225, False, 0
2016,0, 225, False, 0
2017,0, 225, False, 0
2018,0, 225, False, 0
2019,0, 225, False, 0
2020,0, 225, False, 0
2021,0, 225, False, 0
2022,0, 225, False, 0
2023,0, 225, False, 0
2024,0, 225, False, 0
2025,0, 225, False, 0
2026,0, 225, False, 0
2027,0, 225, False, 0
2028,0, 225, False, 0
2029,0, 225, False, 0
2030,0, 225, False, 0
2031,0, 225, False, 0
2032,0, 225, False, 0
2033,0, 225, False, 0
2034,0, 225, False, 0
2035,0, 225, False, 0
2036,0, 225, False, 0
2037,0, 225, False, 0
2038,0, 225, False, 0
2039,0, 225, False, 0
2040,0, 225, False, 0
2041,0, 225, False, 4
2042,0, 225, False, 4
2043,0, 225, False, 4
2044,0, 225, False, 4
2045,0, 225, False, 4
2046,0, 225, False, 4
2047,0, 225, False, 4
2048,0, 225, False, 4
2049,0, 225, False, 4
2050,0, 225, False, 4
2051,0, 225, False, 4
2052,0, 225, False, 4
2053,0, 225, False, 4
2054,0, 225, False, 4
2055,0, 225, False, 4
2056,0, 225, False, 4
2057,0, 225, False, 4
2058,0, 225, False, 4
2059,0, 225, False, 4
2060,0, 225, False, 4
2061,0, 225, False, 4
2062,0, 225, False, 4
2063,0, 225, False, 4
2064,0, 225, False, 4
2065,0, 225, False, 4
2066,0, 225, False, 4
2067,0, 225, False, 4
2068,0, 225, False, 4
2069,0, 225, False, 4
2070,0, 225, False, 4
2071,0, 225, False, 4
2072,0, 225, False, 4
2073,0, 225, False, 4
2074,0, 225, False, 4
2075,0, 225, False, 4
2076,0, 225, False, 4
2077,0, 225, False, 4
2078,0, 225, False, 4
2079,0, 225, False, 4
2080,0, 225, False, 4
2081,0, 225, False, 4
2082,0, 225, False, 4
2083,0, 225, False, 4
2084,0, 225, False, 4
2085,0, 225, False, 4
2086,0, 225, False, 4
2087,0, 225, False, 4
2088,0, 225, False, 4
2089,0, 225, False, 4
2090,0, 225, False, 4
2091,0, 225, False, 4
2092,0, 225, False, 4
2093,0, 225, False, 4
2094,0, 225, False, 4
2095,0, 225, False, 4
2096,0, 225, False, 4
2097,0, 225, False, 4
2098,0, 225, False, 4
2099,0, 225, False, 4
2100,0, 225, False, 4
2101,0, 225, False, 4
2102,0, 225, False, 4
2103,0, 225, False, 4
2104,0, 225, False, 4
2105,0, 225, False, 4
2106,0, 225, False, 4
2107,0, 225, False, 4
2108,0, 225, False, 4
2109,0, 225, False, 4
2110,0, 225, False, 4
2111,0, 225, False, 4
2112,0, 225, False, 4
2113,0, 225, False, 4
2114,0, 225, False, 4
2115,0, 225, False, 4
2116,0, 225, False, 4
2117,0, 225, False, 4
2118,0, 225, False, 4
2119,0, 225, False, 4
2120,0, 225, False, 4
2121,0, 225, False, 4
2122,0, 225, False, 4
2123,0, 225, False, 4
2124,0, 225, False, 4
2125,0, 225, False, 4
2126,0, 225, False, 4
2127,0, 225, False, 4
2128,0, 225, False, 4
2129,0, 225, False, 4
2130,0, 225, False, 4
2131,0, 225, False, 4
2132,0, 225, False, 4
2133,0, 225, False, 4
2134,0, 225, False, 4
2135,0, 225, False, 4
2136,0, 225, False, 4
2137,0, 225, False, 4
2138,0, 225, False, 4
2139,0, 225, False, 4
2140,0, 225, False, 4
2141,0, 225, False, 0
2142,0, 225, False, 4
2143,0, 225, False, 4
2144,0, 225, False, 4
2145,0, 225, False, 4
2146,0, 225, False, 12
2147,0, 225, False, 12
2148,0, 225, False, 12
2149,0, 225, False, 12
2150,0, 225, False, 12
2151,0, 225, False, 12
2152,0, 225, False, 12
2153,0, 225, False, 12
2154,0, 225, False, 12
2155,0, 225, False, 12
2156,0, 225, False, 4
2157,0, 225, False, 4
2158,0, 225, False, 4
2159,0, 225, False, 4
2160,0, 225, False, 4
2161,0, 225, False, 4
2162,0, 225, False, 4
2163,0, 225, False, 4
2164,0, 225, False, 4
2165,0, 225, False, 4
2166,0, 225, False, 4
2167,0, 225, False, 4
2168,0, 225, False, 4
2169,0, 225, False, 4
2170,0, 225, False, 4
2171,0, 225, False, 4
2172,0, 225, False, 4
2173,15, 240, False, 4
2174,0, 240, False, 4
2175,0, 240, False, 4
2176,0, 240, False, 4
2177,0, 240, False, 12
2178,0, 240, False, 12
2179,0, 240, False, 12
2180,0, 240, False, 12
2181,0, 240, False, 12
2182,0, 240, False, 12
2183,0, 240, False, 4
2184,0, 240, False, 4
2185,0, 240, False, 4
2186,0, 240, False, 4
2187,0, 240, False, 4
2188,0, 240, False, 4
2189,0, 240, False, 4
2190,0, 240, False, 4
2191,0, 240, False, 4
2192,0, 240, False, 4
2193,0, 240, False, 4
2194,0, 240, False, 4
2195,0, 240, False, 4
2196,0, 240, False, 4
2197,0, 240, False, 4
2198,0, 240, False, 4
2199,0, 240, False, 4
2200,0, 240, False, 4
2201,0, 240, False, 4
2202,0, 240, False, 4
2203,0, 240, False, 4
2204,0, 240, False, 4
2205,0, 240, False, 4
2206,0, 240, False, 4
2207,0, 240, False, 4
2208,0, 240, False, 4
2209,0, 240, False, 4
2210,0, 240, False, 4
2211,0, 240, False, 12
2212,0, 240, False, 12
2213,0, 240, False, 12
2214,0, 240, False, 12
2215,0, 240, False, 12
2216,0, 240, False, 12
2217,0, 240, False, 12
2218,0, 240, False, 12
2219,0, 240, False, 4
2220,0, 240, False, 4
2221,0, 240, False, 4
2222,0, 240, False, 4
2223,0, 240, False, 4
2224,0, 240, False, 4
2225,0, 240, False, 4
2226,0, 240, False, 4
2227,0, 240, False, 4
2228,0, 240, False, 4
2229,0, 240, False, 4
2230,0, 240, False, 4
2231,0, 240, False, 4
2232,0, 240, False, 4
2233,0, 240, False, 0
2234,0, 240, False, 0
2235,0, 240, False, 0
2236,0, 240, False, 0
2237,0, 240, False, 0
2238,0, 240, False, 0
2239,0, 240, False, 0
2240,0, 240, False, 3
2241,0, 240, False, 3
2242,0, 240, False, 3
2243,0, 240, False, 3
2244,0, 240, False, 3
2245,0, 240, False, 3
2246,0, 240, False, 3
2247,0, 240, False, 3
2248,0, 240, False, 3
2249,0, 240, False, 3
2250,0, 240, False, 3
2251,0, 240, False, 3
2252,0, 240, False, 3
2253,0, 240, False, 3
2254,0, 240, False, 3
2255,0, 240, False, 3
2256,0, 240, False, 3
2257,0, 240, False, 3
2258,0, 240, False, 3
2259,0, 240, False, 3
2260,0, 240, False, 3
2261,0, 240, False, 3
2262,0, 240, False, 3
2263,0, 240, False, 3
2264,0, 240, False, 3
2265,0, 240, False, 3
2266,0, 240, False, 3
2267,0, 240, False, 3
2268,0, 240, False, 3
2269,0, 240, False, 3
2270,0, 240, False, 11
2271,0, 240, False, 11
2272,0, 240, False, 11
2273,0, 240, False, 11
2274,0, 240, False, 11
2275,0, 240, False, 11
2276,0, 240, False, 11
2277,0, 240, False, 11
2278,0, 240, False, 3
2279,0, 240, False, 3
2280,0, 240, False, 3
2281,0, 240, False, 3
2282,0, 240, False, 3
2283,0, 240, False, 3
2284,0, 240, False, 3
2285,0, 240, False, 3
2286,0, 240, False, 3
2287,0, 240, False, 3
2288,0, 240, False, 3
2289,0, 240, False, 3
2290,0, 240, False, 3
2291,0, 240, False, 3
2292,0, 240, False, 3
2293,0, 240, False, 3
2294,0, 240, False, 3
2295,0, 240, False, 3
2296,0, 240, False, 3
2297,0, 240, False, 3
2298,0, 240, False, 3
2299,0, 240, False, 3
2300,0, 240, False, 3
2301,0, 240, False, 3
2302,0, 240, False, 3
2303,0, 240, False, 3
2304,0, 240, False, 3
2305,0, 240, False, 3
2306,0, 240, False, 3
2307,0, 240, False, 3
2308,0, 240, False, 1
2309,0, 240, False, 1
2310,0, 240, False, 1
2311,0, 240, False, 1
2312,0, 240, False, 1
2313,0, 240, False, 1
2314,0, 240, False, 1
2315,0, 240, False, 1
2316,0, 240, False, 0
2317,0, 240, False, 0
2318,0, 240, False, 0
2319,0, 240, False, 0
2320,0, 240, False, 0
2321,0, 240, False, 0
2322,0, 240, False, 0
2323,0, 240, False, 0
2324,0, 240, False, 0
2325,0, 240, False, 0
2326,0, 240, False, 0
2327,0, 240, False, 0
2328,0, 240, False, 0
2329,0, 240, False, 0
2330,0, 240, False, 0
2331,0, 240, False, 0
2332,0, 240, False, 0
2333,0, 240, False, 0
2334,0, 240, False, 0
2335,0, 240, False, 0
2336,0, 240, False, 0
2337,0, 240, False, 0
2338,0, 240, False, 0
2339,0, 240, False, 0
2340,0, 240, False, 0
2341,0, 240, False, 0
2342,0, 240, False, 0
2343,0, 240, False, 0
2344,0, 240, False, 0
2345,0, 240, False, 0
2346,0, 240, False, 0
2347,0, 240, False, 3
2348,0, 240, False, 3
2349,25, 265, False, 3
2350,0, 265, False, 3
2351,0, 265, False, 3
2352,0, 265, False, 3
2353,0, 265, False, 3
2354,0, 265, False, 3
2355,0, 265, False, 3
2356,0, 265, False, 3
2357,0, 265, False, 3
2358,0, 265, False, 3
2359,0, 265, False, 3
2360,0, 265, False, 3
2361,0, 265, False, 3
2362,0, 265, False, 3
2363,0, 265, False, 3
2364,0, 265, False, 3
2365,0, 265, False, 3
2366,0, 265, False, 3
2367,0, 265, False, 3
2368,0, 265, False, 3
2369,0, 265, False, 3
2370,0, 265, False, 3
2371,0, 265, False, 3
2372,0, 265, False, 3
2373,0, 265, False, 3
2374,0, 265, False, 0
2375,0, 265, False, 0
2376,0, 265, False, 0
2377,0, 265, False, 0
2378,0, 265, False, 0
2379,0, 265, False, 0
2380,0, 265, False, 0
2381,0, 265, False, 0
2382,0, 265, False, 0
2383,0, 265, False, 1
2384,0, 265, False, 1
2385,0, 265, False, 1
2386,0, 265, False, 1
2387,0, 265, False, 1
2388,0, 265, False, 1
2389,0, 265, False, 1
2390,0, 265, False, 1
2391,0, 265, False, 0
2392,0, 265, False, 0
2393,0, 265, False, 0
2394,0, 265, False, 0
2395,0, 265, False, 0
2396,0, 265, False, 0
2397,0, 265, False, 0
2398,0, 265, False, 3
2399,0, 265, False, 3
2400,0, 265, False, 3
2401,0, 265, False, 3
2402,0, 265, False, 3
2403,0, 265, False, 3
2404,0, 265, False, 3
2405,0, 265, False, 3
2406,0, 265, False, 3
2407,0, 265, False, 3
2408,0, 265, False, 3
2409,0, 265, False, 3
2410,0, 265, False, 3
2411,0, 265, False, 3
2412,0, 265, False, 3
2413,0, 265, False, 3
2414,0, 265, False, 3
2415,0, 265, False, 3
2416,0, 265, False, 3
2417,0, 265, False, 0
2418,0, 265, False, 0
2419,0, 265, False, 0
2420,0, 265, False, 0
2421,0, 265, False, 0
2422,0, 265, False, 0
2423,0, 265, False, 0
2424,0, 265, False, 0
2425,0, 265, False, 0
2426,0, 265, False, 0
2427,0, 265, False, 0
2428,0, 265, False, 0
2429,0, 265, False, 0
2430,0, 265, False, 0
2431,0, 265, False, 0
2432,0, 265, False, 0
2433,0, 265, False, 0
2434,0, 265, False, 0
2435,0, 265, False, 0
2436,0, 265, False, 0
2437,0, 265, False, 0
2438,0, 265, False, 0
2439,0, 265, False, 0
2440,0, 265, False, 0
2441,0, 265, False, 0
2442,0, 265, False, 0
2443,0, 265, False, 0
2444,0, 265, False, 0
2445,0, 265, False, 0
2446,0, 265, False, 0
2447,0, 265, False, 0
2448,0, 265, False, 0
2449,0, 265, False, 0
2450,0, 265, False, 0
2451,0, 265, False, 0
2452,0, 265, False, 0
2453,0, 265, False, 0
2454,0, 265, False, 3
2455,0, 265, False, 3
2456,0, 265, False, 3
2457,0, 265, False, 3
2458,0, 265, False, 3
2459,0, 265, False, 3
2460,0, 265, False, 3
2461,0, 265, False, 3
2462,0, 265, False, 3
2463,0, 265, False, 11
2464,0, 265, False, 11
2465,0, 265, False, 11
2466,0, 265, False, 11
2467,0, 265, False, 1
2468,0, 265, False, 1
2469,0, 265, False, 1
2470,0, 265, False, 0
2471,0, 265, False, 0
2472,0, 265, False, 0
2473,0, 265, False, 0
2474,0, 265, False, 0
2475,0, 265, False, 0
2476,0, 265, False, 0
2477,0, 265, False, 0
2478,0, 265, False, 0
2479,0, 265, False, 0
2480,0, 265, False, 0
2481,0, 265, False, 0
2482,0, 265, False, 0
2483,0, 265, False, 0
2484,0, 265, False, 0
2485,0, 265, False, 0
2486,0, 265, False, 0
2487,0, 265, False, 0
2488,0, 265, False, 0
2489,0, 265, False, 0
2490,0, 265, False, 0
2491,0, 265, False, 0
2492,0, 265, False, 0
2493,0, 265, False, 4
2494,0, 265, False, 4
2495,0, 265, False, 4
2496,0, 265, False, 4
2497,0, 265, False, 4
2498,0, 265, False, 4
2499,0, 265, False, 4
2500,0, 265, False, 4
2501,0, 265, False, 4
2502,0, 265, False, 4
2503,0, 265, False, 4
2504,0, 265, False, 4
2505,0, 265, False, 4
2506,0, 265, False, 4
2507,0, 265, False, 4
2508,0, 265, False, 4
2509,25, 290, False, 4
2510,0, 290, False, 4
2511,0, 290, False, 4
2512,0, 290, False, 4
2513,0, 290, False, 4
2514,0, 290, False, 0
2515,0, 290, False, 0
2516,0, 290, False, 0
2517,0, 290, False, 0
2518,0, 290, False, 0
2519,0, 290, False, 0
2520,0, 290, False, 0
2521,0, 290, False, 0
2522,0, 290, False, 0
2523,0, 290, False, 0
2524,0, 290, False, 0
2525,0, 290, False, 4
2526,0, 290, False, 4
2527,0, 290, False, 4
2528,0, 290, False, 4
2529,0, 290, False, 4
2530,0, 290, False, 4
2531,0, 290, False, 4
2532,0, 290, False, 4
2533,0, 290, False, 4
2534,0, 290, False, 4
2535,0, 290, False, 0
2536,0, 290, False, 0
2537,0, 290, False, 1
2538,0, 290, False, 1
2539,0, 290, False, 1
2540,0, 290, False, 1
2541,0, 290, False, 1
2542,0, 290, False, 1
2543,0, 290, False, 0
2544,0, 290, False, 0
2545,0, 290, False, 0
2546,0, 290, False, 0
2547,0, 290, False, 0
2548,0, 290, False, 0
2549,0, 290, False, 0
2550,0, 290, False, 0
2551,0, 290, False, 0
2552,0, 290, False, 0
2553,0, 290, False, 0
2554,0, 290, False, 0
2555,0, 290, False, 0
2556,0, 290, False, 0
2557,0, 290, False, 0
2558,0, 290, False, 0
2559,0, 290, False, 0
2560,0, 290, False, 0
2561,0, 290, False, 0
2562,0, 290, False, 0
2563,0, 290, False, 0
2564,0, 290, False, 0
2565,0, 290, False, 0
2566,0, 290, False, 0
2567,0, 290, False, 0
2568,0, 290, False, 0
2569,0, 290, False, 0
2570,0, 290, False, 0
2571,0, 290, False, 0
2572,0, 290, False, 0
2573,0, 290, False, 0
2574,0, 290, False, 0
2575,0, 290, False, 0
2576,0, 290, False, 0
2577,0, 290, False, 0
2578,0, 290, False, 0
2579,0, 290, False, 0
2580,0, 290, False, 0
2581,0, 290, False, 0
2582,0, 290, False, 0
2583,0, 290, False, 0
2584,0, 290, False, 0
2585,0, 290, False, 0
2586,0, 290, False, 0
2587,0, 290, False, 4
2588,0, 290, False, 4
2589,0, 290, False, 4
2590,0, 290, False, 4
2591,0, 290, False, 4
2592,0, 290, False, 4
2593,0, 290, False, 4
2594,0, 290, False, 4
2595,0, 290, False, 4
2596,0, 290, False, 4
2597,0, 290, False, 4
2598,0, 290, False, 4
2599,0, 290, False, 4
2600,0, 290, False, 4
2601,0, 290, False, 4
2602,0, 290, False, 4
2603,0, 290, False, 4
2604,0, 290, False, 4
2605,0, 290, False, 4
2606,0, 290, False, 4
2607,0, 290, False, 4
2608,0, 290, False, 4
2609,0, 290, False, 4
2610,0, 290, False, 4
2611,0, 290, False, 4
2612,0, 290, False, 4
2613,0, 290, False, 4
2614,0, 290, False, 4
2615,0, 290, False, 4
2616,0, 290, False, 4
2617,0, 290, False, 4
2618,0, 290, False, 4
2619,0, 290, False, 4
2620,0, 290, False, 4
2621,0, 290, False, 4
2622,0, 290, False, 4
2623,0, 290, False, 4
2624,0, 290, False, 4
2625,0, 290, False, 4
2626,0, 290, False, 4
2627,0, 290, False, 4
2628,0, 290, False, 4
2629,0, 290, False, 4
2630,0, 290, False, 4
2631,0, 290, False, 12
2632,0, 290, False, 12
2633,0, 290, False, 12
2634,0, 290, False, 12
2635,0, 290, False, 12
2636,0, 290, False, 12
2637,0, 290, False, 12
2638,0, 290, False, 12
2639,0, 290, False, 4
2640,0, 290, False, 4
2641,0, 290, False, 4
2642,0, 290, False, 4
2643,0, 290, False, 4
2644,0, 290, False, 4
2645,0, 290, False, 4
2646,0, 290, False, 4
2647,0, 290, False, 4
2648,0, 290, False, 4
2649,0, 290, False, 4
2650,0, 290, False, 4
2651,0, 290, False, 4
2652,0, 290, False, 4
2653,0, 290, False, 4
2654,0, 290, False, 4
2655,0, 290, False, 4
2656,0, 290, False, 4
2657,0, 290, False, 4
2658,0, 290, False, 4
2659,0, 290, False, 4
2660,0, 290, False, 4
2661,0, 290, False, 4
2662,0, 290, False, 4
2663,0, 290, False, 4
2664,0, 290, False, 4
2665,0, 290, False, 4
2666,0, 290, False, 4
2667,0, 290, False, 4
2668,0, 290, False, 4
2669,0, 290, False, 4
2670,0, 290, False, 4
2671,0, 290, False, 4
2672,0, 290, False, 4
2673,0, 290, False, 4
2674,0, 290, False, 4
2675,0, 290, False, 4
2676,0, 290, False, 4
2677,0, 290, False, 4
2678,0, 290, False, 4
2679,0, 290, False, 4
2680,0, 290, False, 4
2681,0, 290, False, 4
2682,0, 290, False, 4
2683,0, 290, False, 4
2684,0, 290, False, 4
2685,0, 290, False, 0
2686,0, 290, False, 1
2687,0, 290, False, 1
2688,0, 290, False, 1
2689,0, 290, False, 1
2690,0, 290, False, 1
2691,0, 290, False, 1
2692,0, 290, False, 1
2693,0, 290, False, 1
2694,0, 290, False, 0
2695,0, 290, False, 0
2696,0, 290, False, 0
2697,0, 290, False, 0
2698,0, 290, False, 0
2699,0, 290, False, 0
2700,0, 290, False, 0
2701,0, 290, False, 0
2702,0, 290, False, 0
2703,0, 290, False, 0
2704,0, 290, False, 0
2705,0, 290, False, 0
2706,0, 290, False, 0
2707,0, 290, False, 0
2708,0, 290, False, 0
2709,0, 290, False, 0
2710,0, 290, False, 0
2711,0, 290, False, 0
2712,0, 290, False, 0
2713,0, 290, False, 0
2714,0, 290, False, 0
2715,0, 290, False, 0
2716,0, 290, False, 0
2717,0, 290, False, 0
2718,0, 290, False, 0
2719,0, 290, False, 0
2720,0, 290, False, 1
2721,0, 290, False, 1
2722,0, 290, False, 1
2723,0, 290, False, 1
2724,0, 290, False, 1
2725,0, 290, False, 1
2726,0, 290, False, 1
2727,0, 290, False, 1
2728,0, 290, False, 0
2729,0, 290, False, 0
2730,0, 290, False, 0
2731,0, 290, False, 0
2732,0, 290, False, 0
2733,0, 290, False, 0
2734,0, 290, False, 0
2735,0, 290, False, 0
2736,0, 290, False, 0
2737,0, 290, False, 0
2738,0, 290, False, 0
2739,0, 290, False, 0
2740,0, 290, False, 0
2741,0, 290, False, 0
2742,0, 290, False, 0
2743,0, 290, False, 0
2744,0, 290, False, 0
2745,0, 290, False, 0
2746,0, 290, False, 0
2747,0, 290, False, 0
2748,0, 290, False, 0
2749,0, 290, False, 0
2750,0, 290, False, 0
2751,0, 290, False, 0
2752,0, 290, False, 0
2753,0, 290, False, 0
2754,0, 290, False, 0
2755,0, 290, False, 0
2756,0, 290, False, 0
2757,0, 290, False, 3
2758,0, 290, False, 3
2759,0, 290, False, 3
2760,0, 290, False, 3
2761,0, 290, False, 3
2762,0, 290, False, 3
2763,0, 290, False, 3
2764,0, 290, False, 3
2765,0, 290, False, 3
2766,0, 290, False, 3
2767,0, 290, False, 3
2768,0, 290, False, 0
2769,0, 290, False, 0
2770,0, 290, False, 0
2771,0, 290, False, 0
2772,0, 290, False, 0
2773,0, 290, False, 0
2774,0, 290, False, 0
2775,0, 290, False, 0
2776,0, 290, False, 0
2777,0, 290, False, 0
2778,0, 290, False, 0
2779,0, 290, False, 0
2780,0, 290, False, 0
2781,0, 290, False, 0
2782,0, 290, False, 0
2783,0, 290, False, 0
2784,0, 290, False, 4
2785,0, 290, False, 4
2786,0, 290, False, 4
2787,0, 290, False, 4
2788,0, 290, False, 4
2789,0, 290, False, 4
2790,0, 290, False, 4
2791,0, 290, False, 4
2792,0, 290, False, 4
2793,0, 290, False, 4
2794,0, 290, False, 4
2795,0, 290, False, 4
2796,0, 290, False, 4
2797,0, 290, False, 4
2798,0, 290, False, 0
2799,0, 290, False, 0
2800,0, 290, False, 0
2801,0, 290, False, 0
2802,0, 290, False, 0
2803,0, 290, False, 0
2804,0, 290, False, 0
2805,0, 290, False, 0
2806,0, 290, False, 0
2807,0, 290, False, 0
2808,0, 290, False, 0
2809,0, 290, False, 0
2810,0, 290, False, 0
2811,0, 290, False, 0
2812,0, 290, False, 0
2813,0, 290, False, 0
2814,0, 290, False, 0
2815,0, 290, False, 0
2816,0, 290, False, 0
2817,0, 290, False, 1
2818,0, 290, False, 1
2819,0, 290, False, 1
2820,0, 290, False, 1
2821,0, 290, False, 1
2822,0, 290, False, 0
2823,0, 290, False, 0
2824,0, 290, False, 0
2825,0, 290, False, 0
2826,0, 290, False, 0
2827,0, 290, False, 0
2828,0, 290, False, 0
2829,0, 290, False, 0
2830,0, 290, False, 0
2831,0, 290, False, 0
2832,0, 290, False, 0
2833,0, 290, False, 0
2834,0, 290, False, 0
2835,0, 290, False, 0
2836,0, 290, False, 0
2837,0, 290, False, 0
2838,0, 290, False, 0
2839,0, 290, False, 0
2840,0, 290, False, 0
2841,0, 290, False, 0
2842,0, 290, False, 0
2843,0, 290, False, 0
2844,0, 290, False, 0
2845,0, 290, False, 0
2846,0, 290, False, 0
2847,0, 290, False, 0
2848,0, 290, False, 0
2849,0, 290, False, 0
2850,0, 290, False, 0
2851,0, 290, False, 0
2852,0, 290, False, 0
2853,0, 290, False, 0
2854,0, 290, False, 0
2855,0, 290, False, 0
2856,0, 290, False, 0
2857,0, 290, False, 0
2858,0, 290, False, 0
2859,0, 290, False, 0
2860,0, 290, False, 0
2861,0, 290, False, 0
2862,0, 290, False, 0
2863,0, 290, False, 0
2864,0, 290, False, 0
2865,0, 290, False, 0
2866,0, 290, False, 0
2867,0, 290, False, 0
2868,0, 290, False, 0
2869,0, 290, False, 0
2870,0, 290, False, 4
2871,0, 290, False, 4
2872,0, 290, False, 4
2873,0, 290, False, 4
2874,0, 290, False, 4
2875,0, 290, False, 4
2876,0, 290, False, 4
2877,0, 290, False, 4
2878,0, 290, False, 4
2879,0, 290, False, 4
2880,0, 290, False, 4
2881,0, 290, False, 4
2882,0, 290, False, 4
2883,0, 290, False, 4
2884,0, 290, False, 4
2885,0, 290, False, 4
2886,0, 290, False, 4
2887,0, 290, False, 4
2888,0, 290, False, 4
2889,0, 290, False, 4
2890,0, 290, False, 1
2891,0, 290, False, 1
2892,0, 290, False, 1
2893,0, 290, False, 1
2894,0, 290, False, 1
2895,0, 290, False, 1
2896,0, 290, False, 1
2897,0, 290, False, 1
2898,0, 290, False, 0
2899,0, 290, False, 0
2900,0, 290, False, 0
2901,0, 290, False, 0
2902,0, 290, False, 0
2903,0, 290, False, 0
2904,0, 290, False, 0
2905,0, 290, False, 0
2906,0, 290, False, 0
2907,0, 290, False, 0
2908,0, 290, False, 0
2909,0, 290, False, 0
2910,0, 290, False, 0
2911,0, 290, False, 0
2912,0, 290, False, 0
2913,0, 290, False, 0
2914,0, 290, False, 0
2915,0, 290, False, 0
2916,0, 290, False, 0
2917,0, 290, False, 0
2918,0, 290, False, 0
2919,0, 290, False, 0
2920,0, 290, False, 0
2921,0, 290, False, 0
2922,0, 290, False, 1
2923,0, 290, False, 1
2924,0, 290, False, 1
2925,0, 290, False, 1
2926,0, 290, False, 1
2927,0, 290, False, 1
2928,0, 290, False, 1
2929,0, 290, False, 0
2930,0, 290, False, 0
2931,0, 290, False, 0
2932,0, 290, False, 0
2933,0, 290, False, 0
2934,0, 290, False, 0
2935,0, 290, False, 0
2936,0, 290, False, 0
2937,0, 290, False, 0
2938,0, 290, False, 0
2939,0, 290, False, 0
2940,0, 290, False, 0
2941,0, 290, False, 0
2942,0, 290, False, 0
2943,20, 310, False, 0
2944,0, 310, False, 0
2945,0, 310, False, 3
2946,0, 310, False, 3
2947,0, 310, False, 3
2948,0, 310, False, 3
2949,0, 310, False, 3
2950,0, 310, False, 3
2951,0, 310, False, 3
2952,0, 310, False, 3
2953,0, 310, False, 3
2954,0, 310, False, 3
2955,0, 310, False, 3
2956,0, 310, False, 3
2957,0, 310, False, 3
2958,0, 310, False, 3
2959,0, 310, False, 3
2960,0, 310, False, 3
2961,0, 310, False, 3
2962,0, 310, False, 3
2963,0, 310, False, 3
2964,0, 310, False, 3
2965,0, 310, False, 3
2966,0, 310, False, 3
2967,0, 310, False, 3
2968,0, 310, False, 3
2969,0, 310, False, 3
2970,0, 310, False, 3
2971,0, 310, False, 3
2972,0, 310, False, 3
2973,0, 310, False, 3
2974,0, 310, False, 3
2975,0, 310, False, 3
2976,0, 310, False, 3
2977,0, 310, False, 3
2978,0, 310, False, 3
2979,0, 310, False, 3
2980,0, 310, False, 3
2981,0, 310, False, 3
2982,0, 310, False, 3
2983,0, 310, False, 3
2984,0, 310, False, 3
2985,0, 310, False, 3
2986,0, 310, False, 3
2987,0, 310, False, 3
2988,0, 310, False, 3
2989,0, 310, False, 3
2990,0, 310, False, 3
2991,0, 310, False, 3
2992,0, 310, False, 11
2993,0, 310, False, 11
2994,0, 310, False, 11
2995,0, 310, False, 11
2996,0, 310, False, 11
2997,0, 310, False, 11
2998,0, 310, False, 3
2999,0, 310, False, 3
3000,0, 310, False, 3
3001,0, 310, False, 3
3002,0, 310, False, 3
3003,0, 310, False, 3
3004,0, 310, False, 3
3005,0, 310, False, 3
3006,0, 310, False, 3
3007,0, 310, False, 3
3008,0, 310, False, 3
3009,0, 310, False, 0
3010,0, 310, False, 0
3011,0, 310, False, 0
3012,0, 310, False, 0
3013,20, 330, False, 0
3014,0, 330, False, 0
3015,0, 330, False, 0
3016,0, 330, False, 0
3017,0, 330, False, 0
3018,0, 330, False, 0
3019,0, 330, False, 0
3020,0, 330, False, 0
3021,0, 330, False, 0
3022,0, 330, False, 0
3023,0, 330, False, 0
3024,0, 330, False, 0
3025,0, 330, False, 0
3026,0, 330, False, 0
3027,0, 330, False, 0
3028,0, 330, False, 0
3029,0, 330, False, 0
3030,0, 330, False, 0
3031,0, 330, False, 0
3032,0, 330, False, 0
3033,0, 330, False, 0
3034,0, 330, False, 0
3035,0, 330, False, 4
3036,0, 330, False, 4
3037,0, 330, False, 4
3038,0, 330, False, 4
3039,0, 330, False, 4
3040,0, 330, False, 4
3041,0, 330, False, 0
3042,0, 330, False, 0
3043,0, 330, False, 0
3044,0, 330, False, 0
3045,0, 330, False, 0
3046,0, 330, False, 0
3047,0, 330, False, 0
3048,0, 330, False, 0
3049,0, 330, False, 1
3050,0, 330, False, 1
3051,0, 330, False, 1
3052,0, 330, False, 1
3053,0, 330, False, 1
3054,0, 330, False, 1
3055,0, 330, False, 1
3056,0, 330, False, 0
3057,0, 330, False, 0
3058,0, 330, False, 0
3059,0, 330, False, 0
3060,0, 330, False, 0
3061,0, 330, False, 0
3062,0, 330, False, 0
3063,0, 330, False, 0
3064,0, 330, False, 0
3065,0, 330, False, 0
3066,0, 330, False, 0
3067,0, 330, False, 0
3068,0, 330, False, 0
3069,0, 330, False, 0
3070,0, 330, False, 0
3071,0, 330, False, 0
3072,0, 330, False, 0
3073,0, 330, False, 0
3074,0, 330, False, 0
3075,0, 330, False, 0
3076,0, 330, False, 0
3077,0, 330, False, 0
3078,0, 330, False, 0
3079,0, 330, False, 0
3080,0, 330, False, 0
3081,0, 330, False, 0
3082,0, 330, False, 0
3083,25, 355, False, 0
3084,0, 355, False, 0
3085,0, 355, False, 0
3086,0, 355, False, 0
3087,0, 355, False, 0
3088,0, 355, False, 0
3089,0, 355, False, 0
3090,0, 355, False, 0
3091,0, 355, False, 4
3092,0, 355, False, 4
3093,0, 355, False, 4
3094,0, 355, False, 4
3095,0, 355, False, 4
3096,0, 355, False, 4
3097,0, 355, False, 4
3098,0, 355, False, 4
3099,0, 355, False, 4
3100,0, 355, False, 4
3101,0, 355, False, 4
3102,0, 355, False, 4
3103,0, 355, False, 4
3104,0, 355, False, 4
3105,0, 355, False, 4
3106,0, 355, False, 4
3107,0, 355, False, 0
3108,0, 355, False, 0
3109,0, 355, False, 1
3110,0, 355, False, 1
3111,0, 355, False, 1
3112,0, 355, False, 1
3113,0, 355, False, 1
3114,0, 355, False, 1
3115,0, 355, False, 1
3116,0, 355, False, 1
3117,0, 355, False, 0
3118,0, 355, False, 0
3119,0, 355, False, 0
3120,0, 355, False, 0
3121,0, 355, False, 0
3122,0, 355, False, 0
3123,0, 355, False, 0
3124,0, 355, False, 0
3125,0, 355, False, 0
3126,0, 355, False, 0
3127,0, 355, False, 0
3128,0, 355, False, 0
3129,0, 355, False, 0
3130,0, 355, False, 0
3131,0, 355, False, 0
3132,0, 355, False, 0
3133,0, 355, False, 0
3134,0, 355, False, 0
3135,0, 355, False, 0
3136,0, 355, False, 0
3137,0, 355, False, 0
3138,0, 355, False, 0
3139,0, 355, False, 0
3140,0, 355, False, 0
3141,0, 355, False, 0
3142,0, 355, False, 0
3143,0, 355, False, 0
3144,0, 355, False, 0
3145,0, 355, False, 0
3146,0, 355, False, 0
3147,0, 355, False, 0
3148,0, 355, False, 0
3149,0, 355, False, 0
3150,0, 355, False, 0
3151,0, 355, False, 0
3152,0, 355, False, 0
3153,0, 355, False, 0
3154,0, 355, False, 0
3155,0, 355, False, 0
3156,0, 355, False, 0
3157,0, 355, False, 0
3158,0, 355, False, 0
3159,0, 355, False, 0
3160,0, 355, False, 0
3161,0, 355, False, 0
3162,0, 355, False, 0
3163,0, 355, False, 0
3164,0, 355, False, 0
3165,0, 355, False, 0
3166,0, 355, False, 0
3167,0, 355, False, 0
3168,0, 355, False, 0
3169,0, 355, False, 0
3170,0, 355, False, 0
3171,0, 355, False, 0
3172,0, 355, False, 0
3173,0, 355, False, 0
3174,0, 355, False, 0
3175,0, 355, False, 0
3176,0, 355, False, 0
3177,0, 355, False, 0
3178,0, 355, False, 1
3179,0, 355, False, 1
3180,0, 355, False, 1
3181,0, 355, False, 1
3182,0, 355, False, 1
3183,0, 355, False, 1
3184,0, 355, False, 1
3185,0, 355, False, 1
3186,0, 355, False, 0
3187,0, 355, False, 0
3188,0, 355, False, 0
3189,0, 355, False, 0
3190,0, 355, False, 0
3191,0, 355, False, 0
3192,0, 355, False, 0
3193,0, 355, False, 4
3194,0, 355, False, 4
3195,0, 355, False, 4
3196,0, 355, False, 4
3197,0, 355, False, 4
3198,0, 355, False, 4
3199,0, 355, False, 4
3200,0, 355, False, 4
3201,0, 355, False, 0
3202,0, 355, False, 0
3203,0, 355, False, 0
3204,0, 355, False, 0
3205,0, 355, False, 0
3206,0, 355, False, 0
3207,0, 355, False, 0
3208,0, 355, False, 0
3209,0, 355, False, 1
3210,0, 355, False, 1
3211,0, 355, False, 1
3212,0, 355, False, 1
3213,0, 355, False, 1
3214,0, 355, False, 1
3215,0, 355, False, 1
3216,0, 355, False, 1
3217,0, 355, False, 0
3218,0, 355, False, 0
3219,0, 355, False, 0
3220,0, 355, False, 0
3221,0, 355, False, 0
3222,0, 355, False, 0
3223,0, 355, False, 0
3224,0, 355, False, 0
3225,0, 355, False, 0
3226,0, 355, False, 0
3227,0, 355, False, 0
3228,0, 355, False, 0
3229,0, 355, False, 0
3230,0, 355, False, 0
3231,0, 355, False, 0
3232,0, 355, False, 0
3233,0, 355, False, 0
3234,0, 355, False, 0
3235,0, 355, False, 0
3236,0, 355, False, 0
3237,0, 355, False, 0
3238,0, 355, False, 0
3239,0, 355, False, 0
3240,0, 355, False, 0
3241,0, 355, False, 0
3242,0, 355, False, 0
3243,0, 355, False, 0
3244,0, 355, False, 0
3245,30, 385, False, 0
3246,0, 385, False, 0
3247,0, 385, False, 0
3248,0, 385, False, 0
3249,0, 385, False, 0
3250,0, 385, False, 3
3251,0, 385, False, 3
3252,0, 385, False, 3
3253,0, 385, False, 3
3254,0, 385, False, 3
3255,0, 385, False, 3
3256,0, 385, False, 3
3257,0, 385, False, 3
3258,0, 385, False, 3
3259,0, 385, False, 3
3260,0, 385, False, 3
3261,0, 385, False, 3
3262,0, 385, False, 3
3263,0, 385, False, 3
3264,0, 385, False, 3
3265,0, 385, False, 3
3266,0, 385, False, 3
3267,0, 385, False, 3
3268,0, 385, False, 3
3269,0, 385, False, 3
3270,0, 385, False, 3
3271,0, 385, False, 3
3272,0, 385, False, 3
3273,0, 385, False, 0
3274,0, 385, False, 0
3275,0, 385, False, 0
3276,0, 385, False, 0
3277,0, 385, False, 0
3278,0, 385, False, 0
3279,0, 385, False, 0
3280,0, 385, False, 0
3281,0, 385, False, 0
3282,0, 385, False, 1
3283,0, 385, False, 1
3284,0, 385, False, 1
3285,0, 385, False, 1
3286,0, 385, False, 1
3287,0, 385, False, 1
3288,0, 385, False, 1
3289,0, 385, False, 0
3290,0, 385, False, 0
3291,0, 385, False, 0
3292,0, 385, False, 0
3293,0, 385, False, 0
3294,0, 385, False, 0
3295,0, 385, False, 0
3296,0, 385, False, 0
3297,0, 385, False, 0
3298,0, 385, False, 0
3299,20, 405, False, 0
3300,0, 405, False, 0
3301,0, 405, False, 0
3302,0, 405, False, 0
3303,0, 405, False, 0
3304,0, 405, False, 0
3305,0, 405, False, 0
3306,0, 405, False, 0
3307,0, 405, False, 0
3308,0, 405, False, 0
3309,0, 405, False, 0
3310,0, 405, False, 1
3311,0, 405, False, 1
3312,0, 405, False, 1
3313,0, 405, False, 1
3314,0, 405, False, 1
3315,0, 405, False, 1
3316,0, 405, False, 1
3317,0, 405, False, 1
3318,0, 405, False, 1
3319,0, 405, False, 0
3320,0, 405, False, 0
3321,0, 405, False, 0
3322,0, 405, False, 0
3323,0, 405, False, 0
3324,0, 405, False, 0
3325,0, 405, False, 0
3326,0, 405, False, 0
3327,0, 405, False, 0
3328,0, 405, False, 0
3329,0, 405, False, 0
3330,0, 405, False, 0
3331,0, 405, False, 0
3332,0, 405, False, 0
3333,0, 405, False, 0
3334,0, 405, False, 0
3335,0, 405, False, 0
3336,0, 405, False, 0
3337,0, 405, False, 0
3338,0, 405, False, 0
3339,0, 405, False, 0
3340,0, 405, False, 0
3341,0, 405, False, 0
3342,0, 405, False, 0
3343,0, 405, False, 0
3344,0, 405, False, 0
3345,30, 435, False, 0
3346,0, 435, False, 0
3347,0, 435, False, 0
3348,0, 435, False, 0
3349,0, 435, False, 0
3350,0, 435, False, 0
3351,0, 435, False, 0
3352,0, 435, False, 0
3353,0, 435, False, 4
3354,0, 435, False, 4
3355,0, 435, False, 4
3356,0, 435, False, 4
3357,0, 435, False, 4
3358,0, 435, False, 4
3359,0, 435, False, 4
3360,0, 435, False, 4
3361,0, 435, False, 4
3362,0, 435, False, 4
3363,0, 435, False, 4
3364,0, 435, False, 4
3365,0, 435, False, 4
3366,0, 435, False, 4
3367,0, 435, False, 4
3368,0, 435, False, 4
3369,0, 435, False, 4
3370,0, 435, False, 4
3371,0, 435, False, 4
3372,0, 435, False, 4
3373,0, 435, False, 4
3374,0, 435, False, 4
3375,0, 435, False, 4
3376,0, 435, False, 4
3377,0, 435, False, 4
3378,0, 435, False, 4
3379,0, 435, False, 4
3380,0, 435, False, 4
3381,0, 435, False, 4
3382,0, 435, False, 4
3383,0, 435, False, 4
3384,0, 435, False, 4
3385,0, 435, False, 4
3386,0, 435, False, 4
3387,0, 435, False, 4
3388,0, 435, False, 4
3389,0, 435, False, 4
3390,0, 435, False, 4
3391,0, 435, False, 4
3392,0, 435, False, 4
3393,0, 435, False, 4
3394,0, 435, False, 4
3395,0, 435, False, 4
3396,0, 435, False, 4
3397,0, 435, False, 4
3398,0, 435, False, 4
3399,0, 435, False, 4
3400,0, 435, False, 4
3401,0, 435, False, 4
3402,0, 435, False, 4
3403,0, 435, False, 4
3404,0, 435, False, 4
3405,0, 435, False, 4
3406,0, 435, False, 4
3407,0, 435, False, 0
3408,0, 435, False, 0
3409,0, 435, False, 0
3410,0, 435, False, 0
3411,0, 435, False, 0
3412,0, 435, False, 0
3413,0, 435, False, 0
3414,0, 435, False, 0
3415,0, 435, False, 0
3416,0, 435, False, 0
3417,0, 435, False, 0
3418,0, 435, False, 0
3419,0, 435, False, 0
3420,0, 435, False, 0
3421,0, 435, False, 0
3422,0, 435, False, 0
3423,0, 435, False, 0
3424,0, 435, False, 0
3425,0, 435, False, 1
3426,0, 435, False, 1
3427,0, 435, False, 1
3428,0, 435, False, 1
3429,0, 435, False, 1
3430,0, 435, False, 1
3431,0, 435, False, 1
3432,0, 435, False, 1
3433,0, 435, False, 0
3434,0, 435, False, 0
3435,0, 435, False, 0
3436,0, 435, False, 0
3437,0, 435, False, 0
3438,0, 435, False, 0
3439,0, 435, False, 0
3440,0, 435, False, 0
3441,0, 435, False, 0
3442,0, 435, False, 0
3443,0, 435, False, 0
3444,0, 435, False, 0
3445,0, 435, False, 0
3446,0, 435, False, 0
3447,0, 435, False, 0
3448,0, 435, False, 0
3449,0, 435, False, 0
3450,0, 435, False, 0
3451,0, 435, False, 0
3452,0, 435, False, 0
3453,0, 435, False, 0
3454,0, 435, False, 0
3455,0, 435, False, 0
3456,0, 435, False, 0
3457,30, 465, False, 0
3458,0, 465, False, 0
3459,0, 465, False, 0
3460,0, 465, False, 0
3461,0, 465, False, 1
3462,0, 465, False, 1
3463,0, 465, False, 1
3464,0, 465, False, 1
3465,0, 465, False, 1
3466,0, 465, False, 1
3467,0, 465, False, 1
3468,0, 465, False, 1
3469,0, 465, False, 1
3470,0, 465, False, 0
3471,0, 465, False, 0
3472,0, 465, False, 0
3473,0, 465, False, 0
3474,0, 465, False, 0
3475,0, 465, False, 0
3476,0, 465, False, 0
3477,0, 465, False, 0
3478,0, 465, False, 0
3479,0, 465, False, 0
3480,0, 465, False, 0
3481,0, 465, False, 0
3482,0, 465, False, 0
3483,0, 465, False, 0
3484,0, 465, False, 0
3485,25, 490, False, 0
3486,0, 490, False, 0
3487,0, 490, False, 0
3488,0, 490, False, 0
3489,0, 490, False, 0
3490,0, 490, False, 0
3491,0, 490, False, 0
3492,0, 490, False, 0
3493,0, 490, False, 0
3494,0, 490, False, 0
3495,0, 490, False, 0
3496,0, 490, False, 0
3497,0, 490, False, 0
3498,0, 490, False, 0
3499,0, 490, False, 0
3500,0, 490, False, 0
3501,0, 490, False, 0
3502,0, 490, False, 0
3503,0, 490, False, 0
3504,0, 490, False, 3
3505,0, 490, False, 3
3506,0, 490, False, 3
3507,0, 490, False, 3
3508,0, 490, False, 3
3509,0, 490, False, 3
3510,0, 490, False, 3
3511,0, 490, False, 3
3512,0, 490, False, 3
3513,0, 490, False, 3
3514,0, 490, False, 3
3515,0, 490, False, 3
3516,0, 490, False, 3
3517,0, 490, False, 3
3518,0, 490, False, 3
3519,0, 490, False, 3
3520,0, 490, False, 3
3521,0, 490, False, 3
3522,0, 490, False, 3
3523,0, 490, False, 3
3524,0, 490, False, 3
3525,0, 490, False, 3
3526,0, 490, False, 3
3527,0, 490, False, 3
3528,0, 490, False, 3
3529,0, 490, False, 3
3530,0, 490, False, 3
3531,0, 490, False, 3
3532,0, 490, False, 3
3533,0, 490, False, 3
3534,0, 490, False, 3
3535,0, 490, False, 3
3536,0, 490, False, 3
3537,0, 490, False, 3
3538,0, 490, False, 3
3539,0, 490, False, 3
3540,0, 490, False, 3
3541,0, 490, False, 3
3542,0, 490, False, 3
3543,0, 490, False, 3
3544,0, 490, False, 3
3545,0, 490, False, 3
3546,0, 490, False, 3
3547,0, 490, False, 3
3548,0, 490, False, 3
3549,0, 490, False, 3
3550,0, 490, False, 3
3551,0, 490, False, 3
3552,0, 490, False, 3
3553,0, 490, False, 3
3554,0, 490, False, 3
3555,0, 490, False, 3
3556,0, 490, False, 3
3557,0, 490, False, 3
3558,0, 490, False, 3
3559,0, 490, False, 3
3560,0, 490, False, 3
3561,0, 490, False, 3
3562,0, 490, False, 3
3563,0, 490, False, 3
3564,0, 490, False, 3
3565,0, 490, False, 3
3566,0, 490, False, 3
3567,0, 490, False, 3
3568,0, 490, False, 3
3569,0, 490, False, 0
3570,0, 490, False, 0
3571,0, 490, False, 0
3572,0, 490, False, 0
3573,0, 490, False, 0
3574,0, 490, False, 0
3575,0, 490, False, 0
3576,0, 490, False, 0
3577,0, 490, False, 0
3578,0, 490, False, 0
3579,0, 490, False, 0
3580,0, 490, False, 4
3581,0, 490, False, 4
3582,0, 490, False, 4
3583,0, 490, False, 4
3584,0, 490, False, 4
3585,0, 490, False, 4
3586,0, 490, False, 4
3587,0, 490, False, 4
3588,0, 490, False, 0
3589,0, 490, False, 0
3590,0, 490, False, 0
3591,0, 490, False, 0
3592,0, 490, False, 0
3593,0, 490, False, 0
3594,0, 490, False, 0
3595,0, 490, False, 0
3596,0, 490, False, 0
3597,0, 490, False, 0
3598,0, 490, False, 0
3599,0, 490, False, 0
3600,0, 490, False, 0
3601,0, 490, False, 0
3602,0, 490, False, 0
3603,0, 490, False, 0
3604,0, 490, False, 0
3605,0, 490, False, 0
3606,0, 490, False, 0
3607,0, 490, False, 0
3608,0, 490, False, 0
3609,0, 490, False, 0
3610,0, 490, False, 0
3611,0, 490, False, 0
3612,0, 490, False, 0
3613,0, 490, False, 0
3614,0, 490, False, 0
3615,0, 490, False, 0
3616,0, 490, False, 0
3617,0, 490, False, 0
3618,0, 490, False, 0
3619,0, 490, False, 0
3620,0, 490, False, 0
3621,0, 490, False, 0
3622,0, 490, False, 0
3623,0, 490, False, 0
3624,0, 490, False, 0
3625,0, 490, False, 0
3626,0, 490, False, 0
3627,0, 490, False, 0
3628,0, 490, False, 0
3629,0, 490, False, 0
3630,0, 490, False, 0
3631,0, 490, False, 0
3632,0, 490, False, 0
3633,0, 490, False, 0
3634,0, 490, False, 0
3635,0, 490, False, 0
3636,0, 490, False, 0
3637,0, 490, False, 0
3638,0, 490, False, 0
3639,0, 490, False, 0
3640,0, 490, False, 0
3641,0, 490, False, 0
3642,0, 490, False, 0
3643,0, 490, False, 0
3644,0, 490, False, 0
3645,0, 490, False, 0
3646,0, 490, False, 0
3647,0, 490, False, 0
3648,0, 490, False, 0
3649,0, 490, False, 0
3650,0, 490, False, 0
3651,0, 490, False, 0
3652,0, 490, False, 0
3653,0, 490, False, 0
3654,0, 490, False, 0
3655,0, 490, False, 0
3656,0, 490, False, 0
3657,0, 490, False, 0
3658,0, 490, False, 0
3659,0, 490, False, 0
3660,0, 490, False, 0
3661,0, 490, False, 0
3662,0, 490, False, 0
3663,0, 490, False, 0
3664,0, 490, False, 0
3665,0, 490, False, 0
3666,0, 490, False, 0
3667,0, 490, False, 0
3668,0, 490, False, 0
3669,0, 490, False, 0
3670,0, 490, False, 0
3671,0, 490, False, 0
3672,0, 490, False, 0
3673,0, 490, False, 0
3674,0, 490, False, 0
3675,0, 490, False, 0
3676,0, 490, False, 0
3677,0, 490, False, 0
3678,0, 490, False, 0
3679,0, 490, False, 0
3680,0, 490, False, 0
3681,0, 490, False, 0
3682,0, 490, False, 0
3683,0, 490, False, 0
3684,0, 490, False, 0
3685,0, 490, False, 0
3686,0, 490, False, 0
3687,0, 490, False, 0
3688,0, 490, False, 0
3689,0, 490, False, 0
3690,0, 490, False, 0
3691,0, 490, False, 0
3692,0, 490, False, 0
3693,0, 490, False, 0
3694,0, 490, False, 0
3695,0, 490, False, 0
3696,0, 490, False, 0
3697,0, 490, False, 0
3698,0, 490, False, 0
3699,0, 490, False, 0
3700,0, 490, False, 0
3701,0, 490, False, 1
3702,0, 490, False, 1
3703,0, 490, False, 1
3704,0, 490, False, 1
3705,0, 490, False, 1
3706,0, 490, False, 0
3707,0, 490, False, 0
3708,0, 490, False, 0
3709,0, 490, False, 0
3710,0, 490, False, 0
3711,0, 490, False, 0
3712,0, 490, False, 0
3713,0, 490, False, 0
3714,0, 490, False, 0
3715,0, 490, False, 0
3716,0, 490, False, 0
3717,0, 490, False, 0
3718,0, 490, False, 0
3719,0, 490, False, 0
3720,0, 490, False, 0
3721,0, 490, False, 0
3722,0, 490, False, 0
3723,0, 490, False, 0
3724,0, 490, False, 0
3725,0, 490, False, 0
3726,0, 490, False, 0
3727,30, 520, False, 0
3728,0, 520, False, 0
3729,0, 520, False, 0
3730,0, 520, False, 0
3731,0, 520, False, 0
3732,0, 520, False, 0
3733,0, 520, False, 0
3734,0, 520, False, 0
3735,0, 520, False, 0
3736,0, 520, False, 0
3737,0, 520, False, 4
3738,0, 520, False, 4
3739,0, 520, False, 4
3740,0, 520, False, 4
3741,0, 520, False, 4
3742,0, 520, False, 4
3743,0, 520, False, 4
3744,0, 520, False, 4
3745,0, 520, False, 4
3746,0, 520, False, 4
3747,0, 520, False, 4
3748,0, 520, False, 4
3749,0, 520, False, 4
3750,0, 520, False, 4
3751,0, 520, False, 4
3752,0, 520, False, 4
3753,0, 520, False, 0
3754,0, 520, False, 0
3755,0, 520, False, 0
3756,0, 520, False, 0
3757,0, 520, False, 0
3758,0, 520, False, 0
3759,0, 520, False, 0
3760,0, 520, False, 0
3761,0, 520, False, 0
3762,0, 520, False, 0
3763,0, 520, False, 0
3764,0, 520, False, 0
3765,0, 520, False, 0
3766,0, 520, False, 0
3767,0, 520, False, 0
3768,0, 520, False, 0
3769,0, 520, False, 0
3770,0, 520, False, 0
3771,0, 520, False, 0
3772,0, 520, False, 0
3773,0, 520, False, 3
3774,0, 520, False, 3
3775,0, 520, False, 3
3776,0, 520, False, 3
3777,0, 520, False, 3
3778,0, 520, False, 0
3779,0, 520, False, 0
3780,0, 520, False, 0
3781,0, 520, False, 0
3782,0, 520, False, 0
3783,0, 520, False, 0
3784,0, 520, False, 0
3785,0, 520, False, 0
3786,0, 520, False, 0
3787,0, 520, False, 0
3788,0, 520, False, 0
3789,0, 520, False, 0
3790,0, 520, False, 0
3791,0, 520, False, 1
3792,0, 520, False, 1
3793,0, 520, False, 1
3794,0, 520, False, 1
3795,0, 520, False, 1
3796,0, 520, False, 1
3797,0, 520, False, 1
3798,0, 520, False, 0
3799,0, 520, False, 0
3800,0, 520, False, 0
3801,0, 520, False, 0
3802,0, 520, False, 0
3803,0, 520, False, 0
3804,0, 520, False, 0
3805,0, 520, False, 0
3806,0, 520, False, 0
3807,25, 545, False, 0
3808,0, 545, False, 0
3809,0, 545, False, 0
3810,0, 545, False, 0
3811,0, 545, False, 0
3812,0, 545, False, 0
3813,0, 545, False, 0
3814,0, 545, False, 0
3815,0, 545, False, 0
3816,0, 545, False, 0
3817,0, 545, False, 1
3818,0, 545, False, 1
3819,0, 545, False, 1
3820,0, 545, False, 1
3821,0, 545, False, 1
3822,0, 545, False, 12
3823,0, 545, False, 12
3824,0, 545, False, 4
3825,0, 545, False, 4
3826,0, 545, False, 4
3827,0, 545, False, 4
3828,0, 545, False, 4
3829,0, 545, False, 4
3830,0, 545, False, 4
3831,0, 545, False, 4
3832,0, 545, False, 4
3833,0, 545, False, 0
3834,0, 545, False, 0
3835,0, 545, False, 0
3836,0, 545, False, 0
3837,0, 545, False, 0
3838,0, 545, False, 0
3839,0, 545, False, 0
3840,0, 545, False, 0
3841,0, 545, False, 0
3842,0, 545, False, 0
3843,30, 575, False, 0
3844,0, 575, False, 0
3845,0, 575, False, 0
3846,0, 575, False, 0
3847,0, 575, False, 0
3848,0, 575, False, 0
3849,0, 575, False, 0
3850,0, 575, False, 0
3851,0, 575, False, 0
3852,0, 575, False, 0
3853,0, 575, False, 0
3854,0, 575, False, 0
3855,0, 575, False, 0
3856,0, 575, False, 4
3857,0, 575, False, 4
3858,0, 575, False, 4
3859,0, 575, False, 4
3860,0, 575, False, 4
3861,0, 575, False, 4
3862,0, 575, False, 4
3863,0, 575, False, 4
3864,0, 575, False, 4
3865,0, 575, False, 4
3866,0, 575, False, 4
3867,0, 575, False, 4
3868,0, 575, False, 4
3869,0, 575, False, 4
3870,0, 575, False, 4
3871,0, 575, False, 4
3872,0, 575, False, 4
3873,0, 575, False, 4
3874,0, 575, False, 4
3875,0, 575, False, 4
3876,0, 575, False, 4
3877,0, 575, False, 4
3878,0, 575, False, 4
3879,0, 575, False, 4
3880,0, 575, False, 4
3881,0, 575, False, 4
3882,0, 575, False, 4
3883,0, 575, False, 4
3884,0, 575, False, 4
3885,0, 575, False, 4
3886,0, 575, False, 4
3887,0, 575, False, 4
3888,0, 575, False, 4
3889,0, 575, False, 4
3890,0, 575, False, 4
3891,0, 575, False, 4
3892,0, 575, False, 0
3893,0, 575, False, 0
3894,0, 575, False, 0
3895,0, 575, False, 3
3896,0, 575, False, 3
3897,0, 575, False, 3
3898,0, 575, False, 3
3899,0, 575, False, 3
3900,0, 575, False, 3
3901,0, 575, False, 3
3902,0, 575, False, 3
3903,0, 575, False, 3
3904,0, 575, False, 3
3905,0, 575, False, 3
3906,0, 575, False, 3
3907,0, 575, False, 3
3908,0, 575, False, 3
3909,0, 575, False, 3
3910,0, 575, False, 3
3911,0, 575, False, 3
3912,0, 575, False, 3
3913,0, 575, False, 3
3914,0, 575, False, 3
3915,0, 575, False, 3
3916,0, 575, False, 3
3917,0, 575, False, 3
3918,0, 575, False, 3
3919,0, 575, False, 0
3920,0, 575, False, 0
3921,0, 575, False, 0
3922,0, 575, False, 0
3923,0, 575, False, 0
3924,0, 575, False, 0
3925,0, 575, False, 0
3926,0, 575, False, 0
3927,0, 575, False, 0
3928,0, 575, False, 0
3929,0, 575, False, 0
3930,0, 575, False, 0
3931,0, 575, False, 3
3932,0, 575, False, 3
3933,0, 575, False, 3
3934,0, 575, False, 3
3935,0, 575, False, 3
3936,0, 575, False, 3
3937,0, 575, False, 3
3938,0, 575, False, 3
3939,0, 575, False, 3
3940,0, 575, False, 3
3941,0, 575, False, 0
3942,0, 575, False, 0
3943,0, 575, False, 0
3944,0, 575, False, 0
3945,0, 575, False, 0
3946,0, 575, False, 0
3947,0, 575, False, 0
3948,0, 575, False, 0
3949,0, 575, False, 0
3950,0, 575, False, 0
3951,0, 575, False, 0
3952,0, 575, False, 0
3953,0, 575, False, 0
3954,0, 575, False, 0
3955,0, 575, False, 0
3956,0, 575, False, 0
3957,0, 575, False, 0
3958,0, 575, False, 0
3959,0, 575, False, 0
3960,0, 575, False, 0
3961,0, 575, False, 0
3962,0, 575, False, 0
3963,0, 575, False, 0
3964,0, 575, False, 0
3965,0, 575, False, 0
3966,0, 575, False, 0
3967,0, 575, False, 0
3968,0, 575, False, 0
3969,0, 575, False, 0
3970,0, 575, False, 0
3971,0, 575, False, 0
3972,0, 575, False, 0
3973,0, 575, False, 0
3974,0, 575, False, 0
3975,0, 575, False, 0
3976,0, 575, False, 0
3977,0, 575, False, 0
3978,0, 575, False, 0
3979,0, 575, False, 0
3980,0, 575, False, 0
3981,0, 575, False, 0
3982,0, 575, False, 0
3983,0, 575, False, 0
3984,0, 575, False, 0
3985,0, 575, False, 0
3986,0, 575, False, 0
3987,0, 575, False, 0
3988,0, 575, False, 0
3989,0, 575, False, 0
3990,0, 575, False, 0
3991,0, 575, False, 0
3992,0, 575, False, 0
3993,0, 575, False, 0
3994,0, 575, False, 0
3995,0, 575, False, 0
3996,0, 575, False, 0
3997,0, 575, False, 0
3998,0, 575, False, 0
3999,0, 575, False, 0
4000,0, 575, False, 0
4001,0, 575, False, 0
4002,0, 575, False, 0
4003,0, 575, False, 0
4004,0, 575, False, 0
4005,0, 575, False, 0
4006,0, 575, False, 0
4007,0, 575, False, 0
4008,0, 575, False, 0
4009,0, 575, False, 0
4010,0, 575, False, 0
4011,0, 575, False, 0
4012,0, 575, False, 0
4013,0, 575, False, 0
4014,0, 575, False, 0
4015,0, 575, False, 0
4016,0, 575, False, 0
4017,0, 575, False, 0
4018,0, 575, False, 0
4019,0, 575, False, 0
4020,0, 575, False, 0
4021,0, 575, False, 0
4022,0, 575, False, 0
4023,0, 575, False, 0
4024,0, 575, False, 0
4025,0, 575, False, 0
4026,0, 575, False, 0
4027,0, 575, False, 0
4028,0, 575, False, 0
4029,0, 575, False, 0
4030,0, 575, False, 0
4031,0, 575, False, 0
4032,0, 575, False, 0
4033,0, 575, False, 0
4034,0, 575, False, 0
4035,0, 575, False, 0
4036,0, 575, False, 0
4037,0, 575, False, 0
4038,0, 575, False, 0
4039,0, 575, False, 0
4040,0, 575, False, 0
4041,0, 575, False, 0
4042,0, 575, False, 0
4043,0, 575, False, 0
4044,0, 575, False, 0
4045,0, 575, False, 0
4046,0, 575, False, 0
4047,0, 575, False, 0
4048,0, 575, False, 0
4049,0, 575, False, 0
4050,0, 575, False, 0
4051,0, 575, False, 0
4052,0, 575, False, 0
4053,0, 575, False, 0
4054,0, 575, False, 0
4055,0, 575, False, 0
4056,0, 575, False, 0
4057,0, 575, False, 0
4058,0, 575, False, 0
4059,0, 575, False, 0
4060,0, 575, False, 0
4061,0, 575, False, 0
4062,0, 575, False, 0
4063,0, 575, False, 0
4064,0, 575, False, 0
4065,0, 575, False, 0
4066,0, 575, False, 0
4067,0, 575, False, 0
4068,0, 575, False, 0
4069,0, 575, False, 0
4070,0, 575, False, 0
4071,0, 575, False, 0
4072,0, 575, False, 0
4073,0, 575, False, 0
4074,0, 575, False, 0
4075,0, 575, False, 0
4076,0, 575, False, 0
4077,0, 575, False, 0
4078,0, 575, False, 0
4079,0, 575, False, 0
4080,0, 575, False, 0
4081,0, 575, False, 0
4082,0, 575, False, 0
4083,0, 575, False, 0
4084,0, 575, False, 0
4085,0, 575, False, 0
4086,0, 575, False, 0
4087,0, 575, False, 0
4088,0, 575, False, 0
4089,0, 575, False, 0
4090,0, 575, False, 0
4091,0, 575, False, 0
4092,0, 575, False, 0
4093,0, 575, False, 0
4094,0, 575, False, 0
4095,0, 575, False, 0
4096,0, 575, False, 0
4097,0, 575, False, 0
4098,0, 575, False, 0
4099,0, 575, False, 0
4100,0, 575, False, 0
4101,0, 575, False, 0
4102,0, 575, False, 0
4103,0, 575, False, 0
4104,0, 575, False, 0
4105,0, 575, False, 0
4106,0, 575, False, 0
4107,0, 575, False, 0
4108,0, 575, False, 0
4109,0, 575, False, 0
4110,0, 575, False, 0
4111,0, 575, False, 0
4112,0, 575, False, 0
4113,0, 575, False, 0
4114,0, 575, False, 0
4115,0, 575, False, 0
4116,0, 575, False, 0
4117,0, 575, False, 0
4118,0, 575, False, 0
4119,0, 575, False, 0
4120,0, 575, False, 0
4121,0, 575, False, 0
4122,0, 575, False, 0
4123,0, 575, False, 0
4124,0, 575, False, 0
4125,0, 575, False, 0
4126,0, 575, False, 0
4127,0, 575, False, 0
4128,0, 575, False, 0
4129,0, 575, False, 0
4130,0, 575, False, 0
4131,0, 575, False, 0
4132,0, 575, False, 0
4133,0, 575, False, 0
4134,0, 575, False, 0
4135,0, 575, False, 0
4136,0, 575, False, 0
4137,0, 575, False, 0
4138,0, 575, False, 0
4139,0, 575, False, 0
4140,0, 575, False, 0
4141,0, 575, False, 0
4142,0, 575, False, 0
4143,0, 575, False, 0
4144,0, 575, False, 0
4145,0, 575, False, 0
4146,0, 575, False, 0
4147,0, 575, False, 0
4148,0, 575, False, 0
4149,0, 575, False, 0
4150,0, 575, False, 0
4151,0, 575, False, 0
4152,0, 575, False, 0
4153,0, 575, False, 0
4154,0, 575, False, 0
4155,0, 575, False, 0
4156,0, 575, False, 0
4157,0, 575, False, 0
4158,0, 575, False, 0
4159,0, 575, False, 0
4160,0, 575, False, 0
4161,0, 575, False, 0
4162,0, 575, False, 4
4163,0, 575, False, 4
4164,0, 575, False, 4
4165,0, 575, False, 4
4166,0, 575, False, 0
4167,0, 575, False, 0
4168,0, 575, False, 0
4169,0, 575, False, 0
4170,0, 575, False, 0
4171,0, 575, False, 0
4172,0, 575, False, 0
4173,0, 575, False, 0
4174,0, 575, False, 0
4175,0, 575, False, 3
4176,0, 575, False, 3
4177,0, 575, False, 3
4178,0, 575, False, 3
4179,0, 575, False, 3
4180,0, 575, False, 0
4181,0, 575, False, 0
4182,0, 575, False, 0
4183,0, 575, False, 0
4184,0, 575, False, 0
4185,0, 575, False, 0
4186,0, 575, False, 0
4187,0, 575, False, 0
4188,0, 575, False, 0
4189,0, 575, False, 0
4190,0, 575, False, 0
4191,0, 575, False, 0
4192,0, 575, False, 0
4193,0, 575, False, 0
4194,0, 575, False, 0
4195,0, 575, False, 0
4196,0, 575, False, 0
4197,0, 575, False, 0
4198,0, 575, False, 0
4199,0, 575, False, 0
4200,0, 575, False, 0
4201,0, 575, False, 3
4202,0, 575, False, 3
4203,0, 575, False, 3
4204,0, 575, False, 3
4205,0, 575, False, 3
4206,0, 575, False, 3
4207,0, 575, False, 3
4208,0, 575, False, 3
4209,0, 575, False, 3
4210,0, 575, False, 3
4211,0, 575, False, 3
4212,0, 575, False, 3
4213,0, 575, False, 3
4214,0, 575, False, 3
4215,0, 575, False, 3
4216,0, 575, False, 3
4217,0, 575, False, 3
4218,0, 575, False, 3
4219,0, 575, False, 3
4220,0, 575, False, 3
4221,0, 575, False, 3
4222,0, 575, False, 3
4223,0, 575, False, 3
4224,0, 575, False, 3
4225,0, 575, False, 3
4226,0, 575, False, 3
4227,0, 575, False, 3
4228,0, 575, False, 3
4229,0, 575, False, 3
4230,0, 575, False, 3
4231,0, 575, False, 3
4232,0, 575, False, 3
4233,0, 575, False, 3
4234,0, 575, False, 3
4235,0, 575, False, 3
4236,0, 575, False, 3
4237,0, 575, False, 3
4238,0, 575, False, 3
4239,0, 575, False, 3
4240,0, 575, False, 0
4241,0, 575, False, 0
4242,0, 575, False, 0
4243,0, 575, False, 0
4244,0, 575, False, 0
4245,0, 575, False, 0
4246,0, 575, False, 0
4247,0, 575, False, 3
4248,0, 575, False, 3
4249,0, 575, False, 3
4250,0, 575, False, 3
4251,0, 575, False, 3
4252,0, 575, False, 3
4253,0, 575, False, 3
4254,0, 575, False, 3
4255,0, 575, False, 3
4256,0, 575, False, 3
4257,0, 575, False, 0
4258,0, 575, False, 0
4259,0, 575, False, 0
4260,0, 575, False, 0
4261,0, 575, False, 0
4262,0, 575, False, 0
4263,0, 575, False, 0
4264,0, 575, False, 0
4265,0, 575, False, 0
4266,0, 575, False, 0
4267,0, 575, False, 0
4268,0, 575, False, 0
4269,0, 575, False, 0
4270,0, 575, False, 0
4271,0, 575, False, 0
4272,0, 575, False, 0
4273,0, 575, False, 0
4274,0, 575, False, 0
4275,0, 575, False, 0
4276,0, 575, False, 0
4277,0, 575, False, 0
4278,0, 575, False, 0
4279,0, 575, False, 0
4280,0, 575, False, 0
4281,0, 575, False, 0
4282,0, 575, False, 0
4283,0, 575, False, 0
4284,0, 575, False, 0
4285,0, 575, False, 0
4286,0, 575, False, 0
4287,0, 575, False, 0
4288,0, 575, False, 0
4289,0, 575, False, 0
4290,0, 575, False, 0
4291,0, 575, False, 0
4292,0, 575, False, 0
4293,0, 575, False, 0
4294,0, 575, False, 0
4295,0, 575, False, 0
4296,0, 575, False, 0
4297,0, 575, False, 0
4298,0, 575, False, 0
4299,0, 575, False, 0
4300,0, 575, False, 0
4301,0, 575, False, 0
4302,0, 575, False, 0
4303,0, 575, False, 0
4304,0, 575, False, 0
4305,0, 575, False, 0
4306,0, 575, False, 0
4307,0, 575, False, 0
4308,0, 575, False, 0
4309,0, 575, False, 1
4310,0, 575, False, 1
4311,0, 575, False, 1
4312,0, 575, False, 1
4313,0, 575, False, 1
4314,0, 575, False, 1
4315,0, 575, False, 0
4316,0, 575, False, 0
4317,0, 575, False, 0
4318,0, 575, False, 0
4319,0, 575, False, 0
4320,0, 575, False, 0
4321,0, 575, False, 0
4322,0, 575, False, 0
4323,0, 575, False, 0
4324,0, 575, False, 0
4325,30, 605, False, 0
4326,0, 605, False, 0
4327,0, 605, False, 0
4328,0, 605, False, 0
4329,0, 605, False, 0
4330,0, 605, False, 0
4331,0, 605, False, 0
4332,0, 605, False, 0
4333,0, 605, False, 0
4334,0, 605, False, 0
4335,0, 605, False, 0
4336,0, 605, False, 0
4337,0, 605, False, 0
4338,0, 605, False, 0
4339,0, 605, False, 1
4340,0, 605, False, 1
4341,0, 605, False, 1
4342,0, 605, False, 1
4343,0, 605, False, 1
4344,0, 605, False, 1
4345,0, 605, False, 1
4346,0, 605, False, 1
4347,0, 605, False, 0
4348,0, 605, False, 0
4349,0, 605, False, 0
4350,0, 605, False, 0
4351,0, 605, False, 0
4352,0, 605, False, 0
4353,0, 605, False, 0
4354,0, 605, False, 0
4355,0, 605, False, 0
4356,0, 605, False, 0
4357,0, 605, False, 0
4358,0, 605, False, 0
4359,0, 605, False, 0
4360,0, 605, False, 0
4361,0, 605, False, 0
4362,0, 605, False, 0
4363,0, 605, False, 4
4364,0, 605, False, 4
4365,0, 605, False, 4
4366,0, 605, False, 4
4367,0, 605, False, 4
4368,0, 605, False, 4
4369,0, 605, False, 4
4370,0, 605, False, 4
4371,0, 605, False, 4
4372,0, 605, False, 4
4373,0, 605, False, 4
4374,0, 605, False, 4
4375,0, 605, False, 4
4376,0, 605, False, 4
4377,0, 605, False, 4
4378,0, 605, False, 4
4379,0, 605, False, 4
4380,0, 605, False, 4
4381,0, 605, False, 4
4382,0, 605, False, 4
4383,0, 605, False, 4
4384,0, 605, False, 4
4385,0, 605, False, 4
4386,0, 605, False, 4
4387,0, 605, False, 0
4388,0, 605, False, 0
4389,0, 605, False, 0
4390,0, 605, False, 0
4391,0, 605, False, 0
4392,0, 605, False, 0
4393,0, 605, False, 0
4394,0, 605, False, 0
4395,0, 605, False, 0
4396,0, 605, False, 0
4397,0, 605, False, 0
4398,0, 605, False, 0
4399,0, 605, False, 0
4400,0, 605, False, 0
4401,0, 605, False, 0
4402,0, 605, False, 0
4403,0, 605, False, 0
4404,0, 605, False, 0
4405,0, 605, False, 0
4406,0, 605, False, 0
4407,0, 605, False, 0
4408,0, 605, False, 0
4409,0, 605, False, 0
4410,0, 605, False, 0
4411,0, 605, False, 0
4412,0, 605, False, 0
4413,0, 605, False, 0
4414,0, 605, False, 0
4415,0, 605, False, 0
4416,0, 605, False, 0
4417,0, 605, False, 0
4418,0, 605, False, 0
4419,0, 605, False, 0
4420,0, 605, False, 0
4421,0, 605, False, 0
4422,0, 605, False, 0
4423,0, 605, False, 0
4424,0, 605, False, 0
4425,0, 605, False, 0
4426,0, 605, False, 0
4427,0, 605, False, 0
4428,0, 605, False, 0
4429,0, 605, False, 0
4430,0, 605, False, 0
4431,0, 605, False, 0
4432,0, 605, False, 0
4433,0, 605, False, 0
4434,0, 605, False, 0
4435,0, 605, False, 0
4436,0, 605, False, 0
4437,0, 605, False, 0
4438,0, 605, False, 0
4439,0, 605, False, 0
4440,0, 605, False, 0
4441,0, 605, False, 0
4442,0, 605, False, 0
4443,0, 605, False, 0
4444,0, 605, False, 0
4445,0, 605, False, 0
4446,0, 605, False, 0
4447,0, 605, False, 0
4448,0, 605, False, 0
4449,0, 605, False, 0
4450,0, 605, False, 0
4451,0, 605, False, 0
4452,0, 605, False, 0
4453,0, 605, False, 0
4454,0, 605, False, 0
4455,0, 605, False, 0
4456,0, 605, False, 0
4457,0, 605, False, 0
4458,0, 605, False, 0
4459,0, 605, False, 0
4460,0, 605, False, 0
4461,0, 605, False, 0
4462,0, 605, False, 0
4463,0, 605, False, 0
4464,0, 605, False, 0
4465,0, 605, False, 0
4466,0, 605, False, 0
4467,0, 605, False, 0
4468,0, 605, False, 0
4469,0, 605, False, 0
4470,0, 605, False, 0
4471,0, 605, False, 0
4472,0, 605, False, 0
4473,0, 605, False, 0
4474,0, 605, False, 0
4475,0, 605, False, 0
4476,0, 605, False, 0
4477,0, 605, False, 0
4478,0, 605, False, 0
4479,0, 605, False, 0
4480,0, 605, False, 0
4481,0, 605, False, 0
4482,0, 605, False, 0
4483,0, 605, False, 0
4484,0, 605, False, 0
4485,0, 605, False, 0
4486,0, 605, False, 0
4487,0, 605, False, 0
4488,0, 605, False, 0
4489,0, 605, False, 0
4490,0, 605, False, 0
4491,0, 605, False, 0
4492,0, 605, False, 0
4493,0, 605, False, 0
4494,0, 605, False, 0
4495,0, 605, False, 0
4496,0, 605, False, 0
4497,0, 605, False, 0
4498,0, 605, False, 0
4499,0, 605, False, 0
4500,0, 605, False, 0
4501,0, 605, False, 0
4502,0, 605, False, 0
4503,0, 605, False, 0
4504,0, 605, False, 0
4505,0, 605, False, 0
4506,0, 605, False, 0
4507,0, 605, False, 0
4508,0, 605, False, 0
4509,0, 605, False, 0
4510,0, 605, False, 0
4511,0, 605, False, 0
4512,0, 605, False, 0
4513,0, 605, False, 0
4514,0, 605, False, 0
4515,0, 605, False, 0
4516,0, 605, False, 0
4517,0, 605, False, 0
4518,0, 605, False, 0
4519,0, 605, False, 0
4520,0, 605, False, 0
4521,0, 605, False, 0
4522,0, 605, False, 0
4523,0, 605, False, 0
4524,0, 605, False, 0
4525,0, 605, False, 0
4526,0, 605, False, 0
4527,0, 605, False, 0
4528,0, 605, False, 3
4529,0, 605, False, 3
4530,0, 605, False, 3
4531,0, 605, False, 3
4532,0, 605, False, 3
4533,0, 605, False, 3
4534,0, 605, False, 3
4535,0, 605, False, 3
4536,0, 605, False, 3
4537,0, 605, False, 3
4538,0, 605, False, 3
4539,0, 605, False, 3
4540,0, 605, False, 3
4541,0, 605, False, 0
4542,0, 605, False, 0
4543,0, 605, False, 0
4544,0, 605, False, 0
4545,0, 605, False, 0
4546,0, 605, False, 0
4547,0, 605, False, 0
4548,0, 605, False, 0
4549,0, 605, False, 0
4550,0, 605, False, 0
4551,0, 605, False, 0
4552,0, 605, False, 0
4553,0, 605, False, 1
4554,0, 605, False, 1
4555,0, 605, False, 1
4556,0, 605, False, 1
4557,0, 605, False, 1
4558,0, 605, False, 1
4559,0, 605, False, 1
4560,0, 605, True, 0
