db traj id : 1452
frame,reward,score,terminal, action
0,0, 0, False, 0
1,0, 0, False, 0
2,0, 0, False, 0
3,0, 0, False, 0
4,0, 0, False, 0
5,0, 0, False, 0
6,0, 0, False, 0
7,0, 0, False, 0
8,0, 0, False, 0
9,0, 0, False, 0
10,0, 0, False, 0
11,0, 0, False, 0
12,0, 0, False, 0
13,0, 0, False, 0
14,0, 0, False, 0
15,0, 0, False, 0
16,0, 0, False, 0
17,0, 0, False, 0
18,0, 0, False, 0
19,0, 0, False, 0
20,0, 0, False, 0
21,0, 0, False, 0
22,0, 0, False, 0
23,0, 0, False, 0
24,0, 0, False, 0
25,0, 0, False, 0
26,0, 0, False, 0
27,0, 0, False, 0
28,0, 0, False, 0
29,0, 0, False, 0
30,0, 0, False, 0
31,0, 0, False, 0
32,0, 0, False, 0
33,0, 0, False, 0
34,0, 0, False, 0
35,0, 0, False, 0
36,0, 0, False, 0
37,0, 0, False, 0
38,0, 0, False, 0
39,0, 0, False, 0
40,0, 0, False, 0
41,0, 0, False, 0
42,0, 0, False, 0
43,0, 0, False, 0
44,0, 0, False, 0
45,0, 0, False, 0
46,0, 0, False, 0
47,0, 0, False, 0
48,0, 0, False, 0
49,0, 0, False, 0
50,0, 0, False, 0
51,0, 0, False, 0
52,0, 0, False, 0
53,0, 0, False, 0
54,0, 0, False, 0
55,0, 0, False, 0
56,0, 0, False, 0
57,0, 0, False, 1
58,0, 0, False, 1
59,0, 0, False, 1
60,0, 0, False, 1
61,0, 0, False, 1
62,0, 0, False, 0
63,0, 0, False, 0
64,0, 0, False, 0
65,0, 0, False, 0
66,0, 0, False, 0
67,0, 0, False, 0
68,0, 0, False, 0
69,0, 0, False, 1
70,0, 0, False, 1
71,0, 0, False, 1
72,0, 0, False, 1
73,0, 0, False, 1
74,0, 0, False, 1
75,0, 0, False, 1
76,0, 0, False, 0
77,0, 0, False, 0
78,0, 0, False, 0
79,0, 0, False, 0
80,0, 0, False, 0
81,0, 0, False, 0
82,0, 0, False, 0
83,0, 0, False, 1
84,0, 0, False, 1
85,0, 0, False, 1
86,0, 0, False, 1
87,0, 0, False, 1
88,0, 0, False, 1
89,0, 0, False, 1
90,0, 0, False, 1
91,0, 0, False, 0
92,0, 0, False, 0
93,0, 0, False, 0
94,0, 0, False, 0
95,0, 0, False, 0
96,0, 0, False, 0
97,0, 0, False, 1
98,0, 0, False, 1
99,0, 0, False, 1
100,0, 0, False, 1
101,0, 0, False, 1
102,0, 0, False, 1
103,0, 0, False, 0
104,0, 0, False, 0
105,0, 0, False, 0
106,0, 0, False, 0
107,0, 0, False, 0
108,0, 0, False, 0
109,0, 0, False, 0
110,0, 0, False, 0
111,0, 0, False, 0
112,0, 0, False, 0
113,0, 0, False, 0
114,0, 0, False, 0
115,0, 0, False, 0
116,0, 0, False, 0
117,0, 0, False, 0
118,0, 0, False, 0
119,0, 0, False, 0
120,0, 0, False, 0
121,0, 0, False, 0
122,0, 0, False, 0
123,0, 0, False, 0
124,0, 0, False, 0
125,0, 0, False, 0
126,0, 0, False, 0
127,0, 0, False, 0
128,0, 0, False, 0
129,0, 0, False, 0
130,0, 0, False, 0
131,0, 0, False, 0
132,0, 0, False, 0
133,0, 0, False, 0
134,0, 0, False, 0
135,0, 0, False, 0
136,0, 0, False, 0
137,0, 0, False, 0
138,0, 0, False, 0
139,0, 0, False, 0
140,0, 0, False, 0
141,0, 0, False, 0
142,0, 0, False, 0
143,0, 0, False, 1
144,0, 0, False, 1
145,0, 0, False, 1
146,0, 0, False, 1
147,0, 0, False, 1
148,0, 0, False, 1
149,0, 0, False, 1
150,0, 0, False, 1
151,0, 0, False, 1
152,0, 0, False, 0
153,0, 0, False, 0
154,0, 0, False, 0
155,0, 0, False, 0
156,0, 0, False, 0
157,0, 0, False, 0
158,0, 0, False, 0
159,0, 0, False, 0
160,0, 0, False, 0
161,0, 0, False, 0
162,0, 0, False, 0
163,0, 0, False, 0
164,0, 0, False, 0
165,0, 0, False, 0
166,0, 0, False, 0
167,0, 0, False, 0
168,0, 0, False, 0
169,0, 0, False, 0
170,0, 0, False, 0
171,0, 0, False, 0
172,0, 0, False, 1
173,0, 0, False, 1
174,0, 0, False, 1
175,0, 0, False, 1
176,0, 0, False, 1
177,0, 0, False, 0
178,0, 0, False, 0
179,0, 0, False, 0
180,0, 0, False, 0
181,0, 0, False, 0
182,0, 0, False, 0
183,0, 0, False, 0
184,0, 0, False, 0
185,0, 0, False, 0
186,0, 0, False, 0
187,0, 0, False, 0
188,0, 0, False, 0
189,0, 0, False, 0
190,0, 0, False, 0
191,0, 0, False, 0
192,0, 0, False, 0
193,0, 0, False, 0
194,0, 0, False, 1
195,0, 0, False, 1
196,0, 0, False, 1
197,0, 0, False, 1
198,0, 0, False, 1
199,0, 0, False, 1
200,0, 0, False, 1
201,0, 0, False, 0
202,0, 0, False, 0
203,0, 0, False, 0
204,0, 0, False, 0
205,0, 0, False, 0
206,0, 0, False, 0
207,0, 0, False, 0
208,0, 0, False, 0
209,0, 0, False, 0
210,0, 0, False, 0
211,0, 0, False, 0
212,0, 0, False, 0
213,0, 0, False, 3
214,0, 0, False, 3
215,0, 0, False, 3
216,0, 0, False, 3
217,0, 0, False, 3
218,0, 0, False, 11
219,0, 0, False, 11
220,0, 0, False, 11
221,0, 0, False, 11
222,0, 0, False, 11
223,0, 0, False, 3
224,0, 0, False, 3
225,0, 0, False, 3
226,0, 0, False, 3
227,0, 0, False, 3
228,0, 0, False, 3
229,0, 0, False, 3
230,0, 0, False, 3
231,0, 0, False, 11
232,0, 0, False, 11
233,0, 0, False, 11
234,0, 0, False, 11
235,0, 0, False, 11
236,0, 0, False, 11
237,0, 0, False, 11
238,0, 0, False, 3
239,0, 0, False, 3
240,0, 0, False, 3
241,0, 0, False, 3
242,0, 0, False, 3
243,0, 0, False, 3
244,0, 0, False, 3
245,0, 0, False, 3
246,0, 0, False, 3
247,0, 0, False, 3
248,0, 0, False, 3
249,0, 0, False, 0
250,0, 0, False, 0
251,0, 0, False, 1
252,0, 0, False, 1
253,0, 0, False, 1
254,0, 0, False, 1
255,0, 0, False, 1
256,0, 0, False, 1
257,0, 0, False, 0
258,0, 0, False, 0
259,0, 0, False, 0
260,0, 0, False, 0
261,0, 0, False, 0
262,0, 0, False, 0
263,0, 0, False, 0
264,0, 0, False, 0
265,0, 0, False, 0
266,0, 0, False, 0
267,0, 0, False, 0
268,0, 0, False, 0
269,0, 0, False, 3
270,0, 0, False, 3
271,0, 0, False, 3
272,0, 0, False, 3
273,0, 0, False, 3
274,0, 0, False, 3
275,0, 0, False, 0
276,0, 0, False, 0
277,0, 0, False, 0
278,0, 0, False, 0
279,0, 0, False, 4
280,0, 0, False, 4
281,0, 0, False, 4
282,0, 0, False, 4
283,0, 0, False, 4
284,0, 0, False, 4
285,0, 0, False, 4
286,0, 0, False, 4
287,0, 0, False, 4
288,0, 0, False, 4
289,0, 0, False, 4
290,0, 0, False, 4
291,0, 0, False, 4
292,0, 0, False, 4
293,0, 0, False, 4
294,0, 0, False, 4
295,0, 0, False, 4
296,0, 0, False, 4
297,0, 0, False, 0
298,0, 0, False, 0
299,0, 0, False, 0
300,0, 0, False, 0
301,0, 0, False, 0
302,0, 0, False, 0
303,0, 0, False, 3
304,0, 0, False, 11
305,0, 0, False, 11
306,0, 0, False, 11
307,0, 0, False, 11
308,0, 0, False, 3
309,0, 0, False, 3
310,0, 0, False, 3
311,0, 0, False, 3
312,0, 0, False, 3
313,0, 0, False, 3
314,0, 0, False, 3
315,0, 0, False, 3
316,0, 0, False, 3
317,0, 0, False, 3
318,0, 0, False, 3
319,0, 0, False, 3
320,0, 0, False, 3
321,0, 0, False, 3
322,0, 0, False, 3
323,0, 0, False, 3
324,0, 0, False, 3
325,0, 0, False, 3
326,0, 0, False, 11
327,0, 0, False, 1
328,0, 0, False, 1
329,0, 0, False, 1
330,0, 0, False, 1
331,0, 0, False, 0
332,0, 0, False, 0
333,0, 0, False, 0
334,0, 0, False, 0
335,0, 0, False, 0
336,0, 0, False, 0
337,0, 0, False, 0
338,0, 0, False, 0
339,0, 0, False, 4
340,0, 0, False, 4
341,0, 0, False, 4
342,0, 0, False, 4
343,0, 0, False, 4
344,0, 0, False, 4
345,0, 0, False, 4
346,0, 0, False, 4
347,0, 0, False, 4
348,0, 0, False, 4
349,0, 0, False, 4
350,0, 0, False, 4
351,0, 0, False, 4
352,0, 0, False, 4
353,0, 0, False, 4
354,0, 0, False, 4
355,0, 0, False, 4
356,0, 0, False, 4
357,0, 0, False, 4
358,0, 0, False, 1
359,0, 0, False, 1
360,0, 0, False, 1
361,0, 0, False, 1
362,0, 0, False, 1
363,0, 0, False, 0
364,0, 0, False, 0
365,0, 0, False, 0
366,0, 0, False, 0
367,0, 0, False, 0
368,0, 0, False, 0
369,0, 0, False, 0
370,0, 0, False, 0
371,0, 0, False, 0
372,0, 0, False, 0
373,0, 0, False, 0
374,0, 0, False, 0
375,0, 0, False, 0
376,0, 0, False, 0
377,0, 0, False, 1
378,0, 0, False, 1
379,0, 0, False, 1
380,0, 0, False, 1
381,0, 0, False, 1
382,0, 0, False, 1
383,0, 0, False, 0
384,0, 0, False, 0
385,5, 5, False, 0
386,0, 5, False, 0
387,0, 5, False, 0
388,0, 5, False, 0
389,0, 5, False, 0
390,0, 5, False, 0
391,0, 5, False, 1
392,0, 5, False, 1
393,0, 5, False, 1
394,0, 5, False, 1
395,0, 5, False, 1
396,0, 5, False, 1
397,0, 5, False, 1
398,0, 5, False, 0
399,0, 5, False, 0
400,0, 5, False, 0
401,0, 5, False, 0
402,0, 5, False, 0
403,0, 5, False, 0
404,0, 5, False, 1
405,0, 5, False, 1
406,0, 5, False, 1
407,0, 5, False, 1
408,0, 5, False, 1
409,0, 5, False, 1
410,0, 5, False, 1
411,0, 5, False, 1
412,0, 5, False, 0
413,0, 5, False, 0
414,0, 5, False, 0
415,0, 5, False, 0
416,0, 5, False, 0
417,0, 5, False, 0
418,0, 5, False, 1
419,0, 5, False, 1
420,0, 5, False, 1
421,0, 5, False, 1
422,0, 5, False, 1
423,0, 5, False, 1
424,0, 5, False, 0
425,0, 5, False, 0
426,0, 5, False, 0
427,10, 15, False, 0
428,0, 15, False, 0
429,0, 15, False, 0
430,0, 15, False, 1
431,0, 15, False, 1
432,0, 15, False, 1
433,0, 15, False, 1
434,0, 15, False, 1
435,0, 15, False, 1
436,0, 15, False, 1
437,0, 15, False, 0
438,0, 15, False, 0
439,0, 15, False, 0
440,0, 15, False, 0
441,0, 15, False, 0
442,0, 15, False, 0
443,0, 15, False, 1
444,0, 15, False, 1
445,0, 15, False, 1
446,0, 15, False, 1
447,0, 15, False, 1
448,0, 15, False, 1
449,0, 15, False, 1
450,0, 15, False, 0
451,0, 15, False, 0
452,0, 15, False, 0
453,0, 15, False, 0
454,0, 15, False, 0
455,0, 15, False, 0
456,0, 15, False, 0
457,0, 15, False, 0
458,0, 15, False, 0
459,0, 15, False, 0
460,0, 15, False, 0
461,0, 15, False, 1
462,0, 15, False, 1
463,0, 15, False, 1
464,0, 15, False, 1
465,0, 15, False, 1
466,0, 15, False, 1
467,0, 15, False, 0
468,0, 15, False, 0
469,0, 15, False, 0
470,0, 15, False, 0
471,0, 15, False, 0
472,0, 15, False, 1
473,15, 30, False, 1
474,0, 30, False, 1
475,0, 30, False, 1
476,0, 30, False, 1
477,0, 30, False, 1
478,0, 30, False, 1
479,0, 30, False, 1
480,0, 30, False, 0
481,0, 30, False, 0
482,0, 30, False, 0
483,0, 30, False, 0
484,0, 30, False, 0
485,0, 30, False, 0
486,0, 30, False, 0
487,0, 30, False, 0
488,0, 30, False, 0
489,0, 30, False, 3
490,0, 30, False, 3
491,0, 30, False, 3
492,0, 30, False, 3
493,0, 30, False, 11
494,0, 30, False, 3
495,0, 30, False, 3
496,0, 30, False, 3
497,0, 30, False, 3
498,0, 30, False, 0
499,0, 30, False, 0
500,0, 30, False, 0
501,0, 30, False, 0
502,0, 30, False, 0
503,0, 30, False, 1
504,0, 30, False, 1
505,0, 30, False, 1
506,0, 30, False, 1
507,0, 30, False, 1
508,0, 30, False, 1
509,0, 30, False, 1
510,0, 30, False, 0
511,0, 30, False, 0
512,0, 30, False, 0
513,0, 30, False, 0
514,0, 30, False, 0
515,0, 30, False, 0
516,0, 30, False, 0
517,0, 30, False, 0
518,0, 30, False, 0
519,0, 30, False, 0
520,0, 30, False, 0
521,0, 30, False, 1
522,0, 30, False, 1
523,0, 30, False, 1
524,0, 30, False, 1
525,20, 50, False, 1
526,0, 50, False, 0
527,0, 50, False, 0
528,0, 50, False, 0
529,0, 50, False, 0
530,0, 50, False, 0
531,0, 50, False, 0
532,0, 50, False, 0
533,0, 50, False, 1
534,0, 50, False, 1
535,0, 50, False, 1
536,0, 50, False, 1
537,0, 50, False, 1
538,0, 50, False, 1
539,0, 50, False, 0
540,0, 50, False, 0
541,0, 50, False, 0
542,0, 50, False, 0
543,0, 50, False, 0
544,0, 50, False, 1
545,0, 50, False, 1
546,0, 50, False, 1
547,0, 50, False, 1
548,0, 50, False, 1
549,0, 50, False, 1
550,0, 50, False, 0
551,0, 50, False, 0
552,0, 50, False, 0
553,0, 50, False, 0
554,0, 50, False, 0
555,0, 50, False, 0
556,0, 50, False, 1
557,0, 50, False, 1
558,0, 50, False, 11
559,0, 50, False, 11
560,0, 50, False, 3
561,0, 50, False, 3
562,0, 50, False, 3
563,0, 50, False, 3
564,0, 50, False, 3
565,0, 50, False, 3
566,0, 50, False, 3
567,0, 50, False, 3
568,0, 50, False, 3
569,0, 50, False, 3
570,0, 50, False, 3
571,0, 50, False, 3
572,0, 50, False, 0
573,0, 50, False, 0
574,0, 50, False, 1
575,0, 50, False, 1
576,0, 50, False, 1
577,0, 50, False, 1
578,0, 50, False, 1
579,0, 50, False, 0
580,0, 50, False, 0
581,0, 50, False, 0
582,0, 50, False, 0
583,0, 50, False, 0
584,0, 50, False, 0
585,0, 50, False, 0
586,0, 50, False, 1
587,0, 50, False, 1
588,0, 50, False, 1
589,0, 50, False, 1
590,0, 50, False, 1
591,0, 50, False, 1
592,0, 50, False, 0
593,0, 50, False, 0
594,0, 50, False, 0
595,25, 75, False, 0
596,0, 75, False, 0
597,0, 75, False, 0
598,0, 75, False, 0
599,0, 75, False, 0
600,0, 75, False, 0
601,0, 75, False, 0
602,0, 75, False, 0
603,0, 75, False, 1
604,0, 75, False, 1
605,0, 75, False, 1
606,0, 75, False, 1
607,0, 75, False, 1
608,0, 75, False, 1
609,0, 75, False, 1
610,0, 75, False, 0
611,0, 75, False, 0
612,0, 75, False, 0
613,0, 75, False, 0
614,0, 75, False, 0
615,0, 75, False, 0
616,0, 75, False, 0
617,0, 75, False, 0
618,0, 75, False, 0
619,0, 75, False, 1
620,0, 75, False, 1
621,0, 75, False, 1
622,0, 75, False, 1
623,0, 75, False, 1
624,0, 75, False, 1
625,0, 75, False, 1
626,0, 75, False, 1
627,0, 75, False, 1
628,0, 75, False, 0
629,0, 75, False, 0
630,0, 75, False, 0
631,0, 75, False, 0
632,0, 75, False, 0
633,0, 75, False, 0
634,0, 75, False, 0
635,0, 75, False, 0
636,0, 75, False, 0
637,0, 75, False, 0
638,0, 75, False, 0
639,0, 75, False, 0
640,0, 75, False, 1
641,0, 75, False, 1
642,0, 75, False, 1
643,0, 75, False, 1
644,0, 75, False, 1
645,0, 75, False, 1
646,0, 75, False, 0
647,0, 75, False, 0
648,0, 75, False, 0
649,0, 75, False, 0
650,0, 75, False, 0
651,0, 75, False, 0
652,0, 75, False, 0
653,0, 75, False, 0
654,0, 75, False, 0
655,0, 75, False, 0
656,0, 75, False, 0
657,0, 75, False, 1
658,0, 75, False, 1
659,0, 75, False, 1
660,0, 75, False, 1
661,0, 75, False, 1
662,0, 75, False, 1
663,0, 75, False, 1
664,0, 75, False, 0
665,0, 75, False, 0
666,0, 75, False, 0
667,0, 75, False, 0
668,0, 75, False, 0
669,0, 75, False, 0
670,0, 75, False, 0
671,0, 75, False, 0
672,0, 75, False, 0
673,0, 75, False, 0
674,0, 75, False, 0
675,0, 75, False, 0
676,0, 75, False, 0
677,0, 75, False, 1
678,0, 75, False, 1
679,0, 75, False, 1
680,0, 75, False, 1
681,0, 75, False, 1
682,0, 75, False, 1
683,0, 75, False, 1
684,0, 75, False, 0
685,0, 75, False, 0
686,0, 75, False, 0
687,0, 75, False, 0
688,0, 75, False, 0
689,0, 75, False, 0
690,0, 75, False, 0
691,0, 75, False, 0
692,0, 75, False, 1
693,0, 75, False, 1
694,0, 75, False, 1
695,0, 75, False, 1
696,0, 75, False, 1
697,0, 75, False, 1
698,0, 75, False, 0
699,0, 75, False, 0
700,0, 75, False, 0
701,0, 75, False, 0
702,0, 75, False, 0
703,0, 75, False, 0
704,0, 75, False, 1
705,0, 75, False, 1
706,0, 75, False, 1
707,0, 75, False, 1
708,0, 75, False, 1
709,0, 75, False, 0
710,0, 75, False, 0
711,0, 75, False, 0
712,0, 75, False, 1
713,0, 75, False, 1
714,0, 75, False, 1
715,0, 75, False, 1
716,0, 75, False, 1
717,0, 75, False, 1
718,0, 75, False, 0
719,0, 75, False, 0
720,0, 75, False, 0
721,0, 75, False, 0
722,0, 75, False, 0
723,0, 75, False, 4
724,0, 75, False, 4
725,0, 75, False, 4
726,0, 75, False, 4
727,0, 75, False, 4
728,0, 75, False, 4
729,0, 75, False, 4
730,0, 75, False, 4
731,0, 75, False, 4
732,0, 75, False, 4
733,0, 75, False, 4
734,0, 75, False, 4
735,0, 75, False, 4
736,0, 75, False, 4
737,0, 75, False, 4
738,0, 75, False, 4
739,0, 75, False, 4
740,0, 75, False, 4
741,0, 75, False, 4
742,0, 75, False, 4
743,0, 75, False, 4
744,0, 75, False, 4
745,0, 75, False, 4
746,0, 75, False, 4
747,0, 75, False, 4
748,0, 75, False, 4
749,0, 75, False, 4
750,0, 75, False, 4
751,0, 75, False, 0
752,0, 75, False, 0
753,0, 75, False, 1
754,0, 75, False, 1
755,0, 75, False, 1
756,0, 75, False, 1
757,0, 75, False, 1
758,0, 75, False, 0
759,0, 75, False, 0
760,0, 75, False, 0
761,30, 105, False, 0
762,0, 105, False, 0
763,0, 105, False, 1
764,0, 105, False, 1
765,0, 105, False, 1
766,0, 105, False, 1
767,0, 105, False, 0
768,0, 105, False, 0
769,0, 105, False, 0
770,0, 105, False, 0
771,0, 105, False, 0
772,0, 105, False, 1
773,0, 105, False, 1
774,0, 105, False, 1
775,0, 105, False, 1
776,0, 105, False, 0
777,0, 105, False, 0
778,0, 105, False, 0
779,0, 105, False, 0
780,0, 105, False, 0
781,0, 105, False, 1
782,0, 105, False, 1
783,0, 105, False, 1
784,0, 105, False, 1
785,0, 105, False, 1
786,0, 105, False, 0
787,0, 105, False, 0
788,0, 105, False, 0
789,5, 110, False, 0
790,0, 110, False, 0
791,0, 110, False, 1
792,0, 110, False, 1
793,0, 110, False, 1
794,0, 110, False, 1
795,0, 110, False, 1
796,0, 110, False, 0
797,0, 110, False, 0
798,0, 110, False, 0
799,0, 110, False, 0
800,0, 110, False, 0
801,0, 110, False, 1
802,0, 110, False, 1
803,0, 110, False, 1
804,0, 110, False, 1
805,0, 110, False, 0
806,0, 110, False, 0
807,0, 110, False, 0
808,0, 110, False, 0
809,0, 110, False, 0
810,0, 110, False, 0
811,0, 110, False, 1
812,0, 110, False, 1
813,0, 110, False, 1
814,0, 110, False, 1
815,0, 110, False, 0
816,0, 110, False, 0
817,0, 110, False, 0
818,0, 110, False, 0
819,0, 110, False, 0
820,0, 110, False, 0
821,0, 110, False, 1
822,0, 110, False, 1
823,0, 110, False, 1
824,0, 110, False, 1
825,10, 120, False, 0
826,0, 120, False, 0
827,0, 120, False, 0
828,0, 120, False, 0
829,0, 120, False, 0
830,0, 120, False, 0
831,0, 120, False, 0
832,0, 120, False, 1
833,0, 120, False, 1
834,0, 120, False, 1
835,0, 120, False, 1
836,0, 120, False, 0
837,0, 120, False, 0
838,0, 120, False, 0
839,0, 120, False, 0
840,0, 120, False, 0
841,0, 120, False, 0
842,0, 120, False, 1
843,0, 120, False, 1
844,0, 120, False, 1
845,0, 120, False, 1
846,0, 120, False, 0
847,0, 120, False, 0
848,0, 120, False, 0
849,0, 120, False, 0
850,0, 120, False, 0
851,0, 120, False, 0
852,0, 120, False, 1
853,0, 120, False, 1
854,0, 120, False, 1
855,0, 120, False, 1
856,0, 120, False, 1
857,0, 120, False, 0
858,0, 120, False, 0
859,0, 120, False, 0
860,0, 120, False, 3
861,0, 120, False, 3
862,0, 120, False, 3
863,0, 120, False, 3
864,0, 120, False, 3
865,0, 120, False, 3
866,0, 120, False, 3
867,0, 120, False, 3
868,0, 120, False, 3
869,0, 120, False, 3
870,0, 120, False, 3
871,0, 120, False, 3
872,0, 120, False, 0
873,0, 120, False, 0
874,0, 120, False, 0
875,0, 120, False, 0
876,0, 120, False, 0
877,15, 135, False, 0
878,0, 135, False, 0
879,0, 135, False, 0
880,0, 135, False, 0
881,0, 135, False, 0
882,0, 135, False, 0
883,0, 135, False, 0
884,0, 135, False, 0
885,0, 135, False, 0
886,0, 135, False, 0
887,0, 135, False, 0
888,0, 135, False, 0
889,0, 135, False, 1
890,0, 135, False, 1
891,0, 135, False, 1
892,0, 135, False, 1
893,0, 135, False, 0
894,0, 135, False, 0
895,0, 135, False, 0
896,0, 135, False, 0
897,0, 135, False, 0
898,0, 135, False, 1
899,0, 135, False, 1
900,0, 135, False, 1
901,0, 135, False, 1
902,0, 135, False, 1
903,0, 135, False, 0
904,0, 135, False, 0
905,0, 135, False, 0
906,0, 135, False, 0
907,0, 135, False, 0
908,0, 135, False, 0
909,0, 135, False, 0
910,0, 135, False, 1
911,0, 135, False, 1
912,0, 135, False, 1
913,0, 135, False, 1
914,0, 135, False, 1
915,0, 135, False, 1
916,0, 135, False, 0
917,0, 135, False, 0
918,0, 135, False, 0
919,0, 135, False, 0
920,0, 135, False, 0
921,0, 135, False, 0
922,0, 135, False, 0
923,0, 135, False, 1
924,0, 135, False, 1
925,0, 135, False, 1
926,0, 135, False, 1
927,0, 135, False, 1
928,0, 135, False, 1
929,0, 135, False, 0
930,0, 135, False, 0
931,0, 135, False, 0
932,0, 135, False, 0
933,0, 135, False, 0
934,0, 135, False, 0
935,0, 135, False, 1
936,0, 135, False, 1
937,0, 135, False, 1
938,0, 135, False, 1
939,0, 135, False, 1
940,0, 135, False, 1
941,0, 135, False, 0
942,0, 135, False, 0
943,0, 135, False, 0
944,0, 135, False, 0
945,0, 135, False, 0
946,0, 135, False, 0
947,0, 135, False, 1
948,0, 135, False, 1
949,0, 135, False, 1
950,0, 135, False, 1
951,0, 135, False, 1
952,0, 135, False, 1
953,0, 135, False, 0
954,0, 135, False, 0
955,0, 135, False, 0
956,0, 135, False, 0
957,0, 135, False, 0
958,0, 135, False, 1
959,0, 135, False, 1
960,0, 135, False, 1
961,0, 135, False, 1
962,0, 135, False, 1
963,0, 135, False, 0
964,0, 135, False, 0
965,0, 135, False, 0
966,0, 135, False, 0
967,0, 135, False, 0
968,0, 135, False, 1
969,0, 135, False, 1
970,0, 135, False, 1
971,0, 135, False, 1
972,0, 135, False, 1
973,0, 135, False, 0
974,0, 135, False, 0
975,0, 135, False, 0
976,0, 135, False, 0
977,0, 135, False, 0
978,0, 135, False, 1
979,0, 135, False, 1
980,0, 135, False, 1
981,0, 135, False, 1
982,0, 135, False, 1
983,0, 135, False, 1
984,0, 135, False, 3
985,0, 135, False, 3
986,0, 135, False, 3
987,0, 135, False, 3
988,0, 135, False, 3
989,0, 135, False, 3
990,0, 135, False, 3
991,0, 135, False, 3
992,0, 135, False, 3
993,0, 135, False, 3
994,0, 135, False, 3
995,0, 135, False, 3
996,0, 135, False, 3
997,0, 135, False, 3
998,0, 135, False, 3
999,0, 135, False, 3
1000,0, 135, False, 0
1001,0, 135, False, 0
1002,0, 135, False, 0
1003,0, 135, False, 0
1004,0, 135, False, 0
1005,0, 135, False, 0
1006,0, 135, False, 0
1007,0, 135, False, 0
1008,0, 135, False, 0
1009,0, 135, False, 1
1010,0, 135, False, 1
1011,0, 135, False, 1
1012,0, 135, False, 1
1013,0, 135, False, 1
1014,0, 135, False, 1
1015,0, 135, False, 0
1016,0, 135, False, 0
1017,0, 135, False, 0
1018,0, 135, False, 0
1019,0, 135, False, 0
1020,0, 135, False, 0
1021,0, 135, False, 0
1022,0, 135, False, 0
1023,0, 135, False, 0
1024,0, 135, False, 1
1025,0, 135, False, 1
1026,0, 135, False, 1
1027,0, 135, False, 1
1028,0, 135, False, 1
1029,0, 135, False, 1
1030,0, 135, False, 1
1031,0, 135, False, 0
1032,0, 135, False, 0
1033,0, 135, False, 0
1034,0, 135, False, 0
1035,0, 135, False, 0
1036,0, 135, False, 0
1037,0, 135, False, 0
1038,0, 135, False, 0
1039,0, 135, False, 0
1040,0, 135, False, 0
1041,0, 135, False, 0
1042,0, 135, False, 0
1043,0, 135, False, 0
1044,0, 135, False, 0
1045,0, 135, False, 3
1046,0, 135, False, 3
1047,0, 135, False, 3
1048,0, 135, False, 3
1049,0, 135, False, 3
1050,0, 135, False, 3
1051,0, 135, False, 3
1052,0, 135, False, 3
1053,0, 135, False, 3
1054,0, 135, False, 3
1055,0, 135, False, 3
1056,0, 135, False, 3
1057,0, 135, False, 3
1058,0, 135, False, 3
1059,0, 135, False, 3
1060,0, 135, False, 3
1061,0, 135, False, 3
1062,0, 135, False, 3
1063,0, 135, False, 3
1064,0, 135, False, 3
1065,0, 135, False, 3
1066,0, 135, False, 3
1067,0, 135, False, 3
1068,0, 135, False, 3
1069,0, 135, False, 3
1070,0, 135, False, 3
1071,0, 135, False, 3
1072,0, 135, False, 3
1073,0, 135, False, 3
1074,0, 135, False, 3
1075,0, 135, False, 3
1076,0, 135, False, 3
1077,0, 135, False, 3
1078,0, 135, False, 3
1079,0, 135, False, 3
1080,0, 135, False, 0
1081,0, 135, False, 0
1082,0, 135, False, 0
1083,0, 135, False, 0
1084,0, 135, False, 1
1085,0, 135, False, 1
1086,0, 135, False, 1
1087,0, 135, False, 1
1088,0, 135, False, 1
1089,0, 135, False, 1
1090,0, 135, False, 0
1091,0, 135, False, 0
1092,0, 135, False, 0
1093,0, 135, False, 0
1094,0, 135, False, 0
1095,0, 135, False, 0
1096,0, 135, False, 1
1097,0, 135, False, 1
1098,0, 135, False, 1
1099,0, 135, False, 1
1100,0, 135, False, 1
1101,0, 135, False, 1
1102,0, 135, False, 0
1103,0, 135, False, 0
1104,0, 135, False, 0
1105,0, 135, False, 0
1106,0, 135, False, 0
1107,5, 140, False, 0
1108,0, 140, False, 0
1109,0, 140, False, 1
1110,0, 140, False, 1
1111,0, 140, False, 1
1112,0, 140, False, 1
1113,0, 140, False, 1
1114,0, 140, False, 1
1115,0, 140, False, 0
1116,0, 140, False, 0
1117,0, 140, False, 0
1118,0, 140, False, 0
1119,0, 140, False, 0
1120,0, 140, False, 0
1121,0, 140, False, 0
1122,0, 140, False, 1
1123,0, 140, False, 1
1124,0, 140, False, 1
1125,0, 140, False, 1
1126,0, 140, False, 1
1127,0, 140, False, 1
1128,0, 140, False, 1
1129,0, 140, False, 0
1130,0, 140, False, 0
1131,0, 140, False, 0
1132,0, 140, False, 0
1133,0, 140, False, 0
1134,0, 140, False, 0
1135,0, 140, False, 1
1136,0, 140, False, 1
1137,0, 140, False, 1
1138,0, 140, False, 1
1139,10, 150, False, 1
1140,0, 150, False, 1
1141,0, 150, False, 0
1142,0, 150, False, 0
1143,0, 150, False, 0
1144,0, 150, False, 0
1145,0, 150, False, 0
1146,0, 150, False, 0
1147,0, 150, False, 0
1148,0, 150, False, 0
1149,0, 150, False, 0
1150,0, 150, False, 0
1151,0, 150, False, 0
1152,0, 150, False, 3
1153,0, 150, False, 3
1154,0, 150, False, 3
1155,0, 150, False, 3
1156,0, 150, False, 3
1157,0, 150, False, 3
1158,0, 150, False, 3
1159,0, 150, False, 3
1160,0, 150, False, 3
1161,0, 150, False, 3
1162,0, 150, False, 3
1163,0, 150, False, 3
1164,0, 150, False, 3
1165,0, 150, False, 3
1166,0, 150, False, 3
1167,0, 150, False, 3
1168,0, 150, False, 3
1169,0, 150, False, 3
1170,0, 150, False, 3
1171,0, 150, False, 3
1172,0, 150, False, 3
1173,0, 150, False, 3
1174,0, 150, False, 3
1175,0, 150, False, 3
1176,0, 150, False, 3
1177,0, 150, False, 3
1178,0, 150, False, 0
1179,0, 150, False, 1
1180,0, 150, False, 1
1181,15, 165, False, 1
1182,0, 165, False, 1
1183,0, 165, False, 1
1184,0, 165, False, 1
1185,0, 165, False, 0
1186,0, 165, False, 0
1187,0, 165, False, 0
1188,0, 165, False, 0
1189,0, 165, False, 0
1190,0, 165, False, 1
1191,0, 165, False, 1
1192,0, 165, False, 1
1193,0, 165, False, 1
1194,0, 165, False, 1
1195,0, 165, False, 1
1196,0, 165, False, 0
1197,0, 165, False, 0
1198,0, 165, False, 0
1199,0, 165, False, 0
1200,0, 165, False, 0
1201,0, 165, False, 0
1202,0, 165, False, 0
1203,5, 170, False, 0
1204,0, 170, False, 1
1205,0, 170, False, 1
1206,0, 170, False, 1
1207,0, 170, False, 1
1208,0, 170, False, 1
1209,0, 170, False, 1
1210,0, 170, False, 0
1211,0, 170, False, 0
1212,0, 170, False, 0
1213,0, 170, False, 0
1214,0, 170, False, 0
1215,0, 170, False, 0
1216,0, 170, False, 0
1217,0, 170, False, 0
1218,0, 170, False, 1
1219,0, 170, False, 1
1220,0, 170, False, 1
1221,0, 170, False, 1
1222,0, 170, False, 1
1223,0, 170, False, 1
1224,0, 170, False, 1
1225,0, 170, False, 0
1226,0, 170, False, 0
1227,0, 170, False, 0
1228,0, 170, False, 0
1229,0, 170, False, 0
1230,0, 170, False, 0
1231,0, 170, False, 0
1232,0, 170, False, 1
1233,10, 180, False, 1
1234,0, 180, False, 1
1235,0, 180, False, 1
1236,0, 180, False, 1
1237,0, 180, False, 1
1238,0, 180, False, 0
1239,0, 180, False, 0
1240,0, 180, False, 0
1241,0, 180, False, 0
1242,0, 180, False, 0
1243,0, 180, False, 0
1244,0, 180, False, 1
1245,0, 180, False, 1
1246,0, 180, False, 1
1247,0, 180, False, 1
1248,0, 180, False, 0
1249,0, 180, False, 0
1250,0, 180, False, 0
1251,0, 180, False, 0
1252,0, 180, False, 0
1253,0, 180, False, 0
1254,0, 180, False, 1
1255,0, 180, False, 1
1256,0, 180, False, 1
1257,0, 180, False, 1
1258,0, 180, False, 1
1259,0, 180, False, 0
1260,0, 180, False, 0
1261,0, 180, False, 0
1262,0, 180, False, 0
1263,0, 180, False, 0
1264,0, 180, False, 0
1265,0, 180, False, 1
1266,0, 180, False, 1
1267,0, 180, False, 1
1268,0, 180, False, 1
1269,0, 180, False, 1
1270,0, 180, False, 0
1271,15, 195, False, 0
1272,0, 195, False, 0
1273,0, 195, False, 0
1274,0, 195, False, 0
1275,0, 195, False, 0
1276,0, 195, False, 0
1277,0, 195, False, 0
1278,0, 195, False, 1
1279,0, 195, False, 1
1280,0, 195, False, 1
1281,0, 195, False, 1
1282,0, 195, False, 1
1283,0, 195, False, 1
1284,0, 195, False, 1
1285,0, 195, False, 0
1286,0, 195, False, 0
1287,0, 195, False, 0
1288,0, 195, False, 0
1289,0, 195, False, 0
1290,0, 195, False, 0
1291,0, 195, False, 0
1292,0, 195, False, 0
1293,0, 195, False, 0
1294,0, 195, False, 0
1295,0, 195, False, 3
1296,0, 195, False, 3
1297,0, 195, False, 3
1298,0, 195, False, 3
1299,0, 195, False, 3
1300,0, 195, False, 3
1301,0, 195, False, 3
1302,0, 195, False, 3
1303,0, 195, False, 3
1304,0, 195, False, 0
1305,0, 195, False, 0
1306,0, 195, False, 0
1307,0, 195, False, 0
1308,0, 195, False, 1
1309,0, 195, False, 1
1310,0, 195, False, 1
1311,0, 195, False, 1
1312,0, 195, False, 1
1313,0, 195, False, 1
1314,0, 195, False, 0
1315,0, 195, False, 0
1316,0, 195, False, 0
1317,0, 195, False, 0
1318,0, 195, False, 0
1319,0, 195, False, 0
1320,0, 195, False, 0
1321,0, 195, False, 1
1322,0, 195, False, 1
1323,0, 195, False, 1
1324,0, 195, False, 1
1325,0, 195, False, 1
1326,0, 195, False, 0
1327,0, 195, False, 0
1328,0, 195, False, 0
1329,0, 195, False, 0
1330,0, 195, False, 0
1331,0, 195, False, 1
1332,0, 195, False, 1
1333,0, 195, False, 1
1334,0, 195, False, 1
1335,0, 195, False, 1
1336,0, 195, False, 1
1337,0, 195, False, 0
1338,0, 195, False, 0
1339,0, 195, False, 0
1340,0, 195, False, 0
1341,0, 195, False, 0
1342,0, 195, False, 0
1343,0, 195, False, 1
1344,0, 195, False, 1
1345,0, 195, False, 1
1346,0, 195, False, 1
1347,0, 195, False, 1
1348,0, 195, False, 0
1349,0, 195, False, 0
1350,0, 195, False, 0
1351,0, 195, False, 0
1352,0, 195, False, 0
1353,0, 195, False, 0
1354,0, 195, False, 0
1355,0, 195, False, 1
1356,0, 195, False, 1
1357,0, 195, False, 0
1358,0, 195, False, 0
1359,0, 195, False, 0
1360,0, 195, False, 0
1361,0, 195, False, 0
1362,0, 195, False, 0
1363,0, 195, False, 0
1364,0, 195, False, 0
1365,0, 195, False, 0
1366,0, 195, False, 1
1367,0, 195, False, 1
1368,0, 195, False, 1
1369,0, 195, False, 0
1370,0, 195, False, 0
1371,0, 195, False, 0
1372,0, 195, False, 0
1373,0, 195, False, 0
1374,0, 195, False, 0
1375,0, 195, False, 0
1376,0, 195, False, 0
1377,0, 195, False, 1
1378,0, 195, False, 1
1379,0, 195, False, 1
1380,0, 195, False, 0
1381,0, 195, False, 0
1382,0, 195, False, 0
1383,0, 195, False, 0
1384,0, 195, False, 0
1385,0, 195, False, 0
1386,0, 195, False, 0
1387,5, 200, False, 0
1388,0, 200, False, 1
1389,0, 200, False, 1
1390,0, 200, False, 1
1391,0, 200, False, 0
1392,0, 200, False, 0
1393,0, 200, False, 0
1394,0, 200, False, 0
1395,0, 200, False, 0
1396,0, 200, False, 0
1397,0, 200, False, 0
1398,0, 200, False, 1
1399,0, 200, False, 1
1400,0, 200, False, 1
1401,0, 200, False, 1
1402,0, 200, False, 1
1403,0, 200, False, 0
1404,0, 200, False, 0
1405,0, 200, False, 0
1406,0, 200, False, 0
1407,0, 200, False, 0
1408,0, 200, False, 0
1409,0, 200, False, 1
1410,0, 200, False, 1
1411,0, 200, False, 1
1412,0, 200, False, 1
1413,0, 200, False, 0
1414,0, 200, False, 0
1415,0, 200, False, 0
1416,0, 200, False, 0
1417,0, 200, False, 0
1418,0, 200, False, 0
1419,0, 200, False, 0
1420,0, 200, False, 0
1421,0, 200, False, 4
1422,0, 200, False, 4
1423,0, 200, False, 4
1424,0, 200, False, 4
1425,0, 200, False, 4
1426,0, 200, False, 4
1427,0, 200, False, 4
1428,0, 200, False, 4
1429,0, 200, False, 4
1430,0, 200, False, 4
1431,0, 200, False, 4
1432,0, 200, False, 4
1433,0, 200, False, 4
1434,0, 200, False, 4
1435,0, 200, False, 4
1436,0, 200, False, 4
1437,0, 200, False, 4
1438,0, 200, False, 4
1439,0, 200, False, 4
1440,0, 200, False, 4
1441,0, 200, False, 4
1442,0, 200, False, 4
1443,0, 200, False, 12
1444,0, 200, False, 12
1445,0, 200, False, 12
1446,0, 200, False, 1
1447,0, 200, False, 1
1448,0, 200, False, 1
1449,0, 200, False, 0
1450,0, 200, False, 0
1451,0, 200, False, 0
1452,0, 200, False, 0
1453,0, 200, False, 1
1454,0, 200, False, 1
1455,0, 200, False, 1
1456,0, 200, False, 1
1457,0, 200, False, 1
1458,0, 200, False, 0
1459,0, 200, False, 0
1460,0, 200, False, 0
1461,0, 200, False, 0
1462,0, 200, False, 0
1463,0, 200, False, 0
1464,0, 200, False, 1
1465,0, 200, False, 1
1466,0, 200, False, 1
1467,0, 200, False, 1
1468,0, 200, False, 1
1469,0, 200, False, 0
1470,0, 200, False, 0
1471,0, 200, False, 0
1472,0, 200, False, 0
1473,0, 200, False, 0
1474,0, 200, False, 0
1475,0, 200, False, 1
1476,0, 200, False, 1
1477,0, 200, False, 1
1478,0, 200, False, 1
1479,0, 200, False, 1
1480,0, 200, False, 0
1481,0, 200, False, 0
1482,0, 200, False, 0
1483,0, 200, False, 0
1484,0, 200, False, 0
1485,0, 200, False, 0
1486,0, 200, False, 0
1487,0, 200, False, 1
1488,0, 200, False, 1
1489,0, 200, False, 1
1490,0, 200, False, 1
1491,0, 200, False, 0
1492,0, 200, False, 0
1493,0, 200, False, 0
1494,0, 200, False, 0
1495,0, 200, False, 0
1496,0, 200, False, 0
1497,0, 200, False, 1
1498,0, 200, False, 1
1499,0, 200, False, 1
1500,0, 200, False, 1
1501,0, 200, False, 0
1502,0, 200, False, 0
1503,0, 200, False, 0
1504,0, 200, False, 0
1505,0, 200, False, 0
1506,0, 200, False, 0
1507,0, 200, False, 1
1508,0, 200, False, 1
1509,0, 200, False, 1
1510,0, 200, False, 1
1511,0, 200, False, 1
1512,0, 200, False, 0
1513,0, 200, False, 0
1514,0, 200, False, 0
1515,0, 200, False, 3
1516,0, 200, False, 3
1517,0, 200, False, 3
1518,0, 200, False, 3
1519,0, 200, False, 3
1520,0, 200, False, 3
1521,0, 200, False, 3
1522,0, 200, False, 3
1523,0, 200, False, 3
1524,0, 200, False, 3
1525,0, 200, False, 3
1526,0, 200, False, 3
1527,0, 200, False, 3
1528,0, 200, False, 3
1529,0, 200, False, 3
1530,0, 200, False, 3
1531,0, 200, False, 3
1532,0, 200, False, 3
1533,0, 200, False, 3
1534,0, 200, False, 3
1535,0, 200, False, 3
1536,0, 200, False, 3
1537,0, 200, False, 3
1538,0, 200, False, 3
1539,0, 200, False, 3
1540,0, 200, False, 3
1541,0, 200, False, 3
1542,0, 200, False, 11
1543,0, 200, False, 1
1544,0, 200, False, 1
1545,0, 200, False, 1
1546,0, 200, False, 0
1547,0, 200, False, 0
1548,0, 200, False, 0
1549,0, 200, False, 0
1550,0, 200, False, 0
1551,0, 200, False, 1
1552,0, 200, False, 1
1553,0, 200, False, 1
1554,0, 200, False, 1
1555,0, 200, False, 1
1556,0, 200, False, 0
1557,0, 200, False, 0
1558,0, 200, False, 0
1559,0, 200, False, 0
1560,0, 200, False, 0
1561,0, 200, False, 0
1562,0, 200, False, 1
1563,0, 200, False, 1
1564,0, 200, False, 1
1565,0, 200, False, 1
1566,0, 200, False, 1
1567,0, 200, False, 1
1568,0, 200, False, 0
1569,0, 200, False, 0
1570,0, 200, False, 0
1571,0, 200, False, 0
1572,0, 200, False, 0
1573,0, 200, False, 0
1574,0, 200, False, 1
1575,0, 200, False, 1
1576,0, 200, False, 1
1577,0, 200, False, 1
1578,0, 200, False, 1
1579,0, 200, False, 1
1580,0, 200, False, 0
1581,0, 200, False, 0
1582,0, 200, False, 0
1583,0, 200, False, 0
1584,0, 200, False, 0
1585,10, 210, False, 0
1586,0, 210, False, 1
1587,0, 210, False, 1
1588,0, 210, False, 1
1589,0, 210, False, 1
1590,0, 210, False, 1
1591,0, 210, False, 0
1592,0, 210, False, 0
1593,0, 210, False, 0
1594,0, 210, False, 0
1595,0, 210, False, 0
1596,0, 210, False, 0
1597,0, 210, False, 0
1598,0, 210, False, 0
1599,0, 210, False, 0
1600,0, 210, False, 1
1601,0, 210, False, 1
1602,0, 210, False, 1
1603,0, 210, False, 1
1604,0, 210, False, 1
1605,0, 210, False, 0
1606,0, 210, False, 0
1607,0, 210, False, 0
1608,0, 210, False, 0
1609,0, 210, False, 0
1610,0, 210, False, 0
1611,0, 210, False, 1
1612,0, 210, False, 1
1613,0, 210, False, 1
1614,0, 210, False, 1
1615,0, 210, False, 1
1616,0, 210, False, 1
1617,0, 210, False, 0
1618,0, 210, False, 0
1619,0, 210, False, 0
1620,0, 210, False, 0
1621,15, 225, False, 0
1622,0, 225, False, 0
1623,0, 225, False, 0
1624,0, 225, False, 0
1625,0, 225, False, 0
1626,0, 225, False, 1
1627,0, 225, False, 1
1628,0, 225, False, 1
1629,0, 225, False, 1
1630,0, 225, False, 1
1631,0, 225, False, 1
1632,0, 225, False, 1
1633,0, 225, False, 0
1634,0, 225, False, 0
1635,0, 225, False, 0
1636,0, 225, False, 0
1637,0, 225, False, 0
1638,0, 225, False, 0
1639,0, 225, False, 1
1640,0, 225, False, 1
1641,0, 225, False, 1
1642,0, 225, False, 1
1643,0, 225, False, 1
1644,0, 225, False, 1
1645,0, 225, False, 0
1646,0, 225, False, 0
1647,0, 225, False, 0
1648,0, 225, False, 0
1649,0, 225, False, 0
1650,0, 225, False, 0
1651,0, 225, False, 1
1652,0, 225, False, 1
1653,0, 225, False, 1
1654,0, 225, False, 1
1655,0, 225, False, 1
1656,0, 225, False, 1
1657,0, 225, False, 0
1658,0, 225, False, 0
1659,0, 225, False, 0
1660,0, 225, False, 0
1661,0, 225, False, 0
1662,0, 225, False, 0
1663,0, 225, False, 0
1664,0, 225, False, 0
1665,0, 225, False, 1
1666,0, 225, False, 1
1667,0, 225, False, 1
1668,0, 225, False, 1
1669,0, 225, False, 1
1670,0, 225, False, 1
1671,0, 225, False, 0
1672,0, 225, False, 0
1673,0, 225, False, 0
1674,0, 225, False, 3
1675,0, 225, False, 3
1676,0, 225, False, 3
1677,0, 225, False, 3
1678,0, 225, False, 3
1679,0, 225, False, 3
1680,0, 225, False, 3
1681,0, 225, False, 3
1682,0, 225, False, 3
1683,0, 225, False, 3
1684,0, 225, False, 3
1685,0, 225, False, 3
1686,0, 225, False, 3
1687,0, 225, False, 3
1688,0, 225, False, 3
1689,0, 225, False, 3
1690,0, 225, False, 3
1691,0, 225, False, 3
1692,0, 225, False, 3
1693,0, 225, False, 3
1694,0, 225, False, 3
1695,0, 225, False, 3
1696,0, 225, False, 3
1697,0, 225, False, 3
1698,0, 225, False, 3
1699,0, 225, False, 3
1700,0, 225, False, 3
1701,0, 225, False, 3
1702,0, 225, False, 3
1703,0, 225, False, 3
1704,0, 225, False, 3
1705,0, 225, False, 3
1706,0, 225, False, 3
1707,0, 225, False, 3
1708,0, 225, False, 3
1709,0, 225, False, 3
1710,0, 225, False, 3
1711,0, 225, False, 3
1712,0, 225, False, 3
1713,0, 225, False, 3
1714,0, 225, False, 3
1715,0, 225, False, 3
1716,0, 225, False, 3
1717,0, 225, False, 3
1718,0, 225, False, 3
1719,0, 225, False, 3
1720,0, 225, False, 3
1721,0, 225, False, 3
1722,0, 225, False, 3
1723,0, 225, False, 3
1724,0, 225, False, 3
1725,0, 225, False, 3
1726,0, 225, False, 3
1727,0, 225, False, 3
1728,0, 225, False, 3
1729,0, 225, False, 3
1730,0, 225, False, 3
1731,0, 225, False, 3
1732,0, 225, False, 3
1733,0, 225, False, 0
1734,0, 225, False, 0
1735,0, 225, False, 0
1736,0, 225, False, 4
1737,0, 225, False, 4
1738,0, 225, False, 4
1739,0, 225, False, 4
1740,0, 225, False, 4
1741,0, 225, False, 4
1742,0, 225, False, 4
1743,0, 225, False, 4
1744,0, 225, False, 4
1745,0, 225, False, 4
1746,0, 225, False, 4
1747,0, 225, False, 4
1748,0, 225, False, 4
1749,0, 225, False, 4
1750,0, 225, False, 4
1751,0, 225, False, 4
1752,0, 225, False, 4
1753,0, 225, False, 0
1754,0, 225, False, 0
1755,0, 225, False, 0
1756,0, 225, False, 0
1757,0, 225, False, 0
1758,0, 225, False, 0
1759,0, 225, False, 0
1760,0, 225, False, 0
1761,0, 225, False, 0
1762,0, 225, False, 0
1763,0, 225, False, 0
1764,0, 225, False, 0
1765,0, 225, False, 0
1766,0, 225, False, 0
1767,0, 225, False, 0
1768,0, 225, False, 0
1769,0, 225, False, 0
1770,0, 225, False, 0
1771,0, 225, False, 0
1772,0, 225, False, 0
1773,0, 225, False, 0
1774,0, 225, False, 0
1775,0, 225, False, 0
1776,0, 225, False, 0
1777,0, 225, False, 0
1778,0, 225, False, 0
1779,0, 225, False, 0
1780,0, 225, False, 0
1781,0, 225, False, 0
1782,0, 225, False, 0
1783,0, 225, False, 3
1784,0, 225, False, 3
1785,0, 225, False, 3
1786,0, 225, False, 3
1787,0, 225, False, 3
1788,0, 225, False, 3
1789,0, 225, False, 3
1790,0, 225, False, 3
1791,0, 225, False, 3
1792,0, 225, False, 3
1793,0, 225, False, 3
1794,0, 225, False, 3
1795,0, 225, False, 3
1796,0, 225, False, 3
1797,0, 225, False, 0
1798,0, 225, False, 0
1799,0, 225, False, 0
1800,0, 225, False, 0
1801,0, 225, False, 0
1802,0, 225, False, 0
1803,0, 225, False, 0
1804,0, 225, False, 1
1805,0, 225, False, 1
1806,0, 225, False, 1
1807,0, 225, False, 1
1808,0, 225, False, 0
1809,0, 225, False, 0
1810,0, 225, False, 0
1811,0, 225, False, 0
1812,0, 225, False, 0
1813,0, 225, False, 1
1814,0, 225, False, 1
1815,0, 225, False, 1
1816,0, 225, False, 1
1817,0, 225, False, 1
1818,0, 225, False, 0
1819,0, 225, False, 0
1820,0, 225, False, 0
1821,0, 225, False, 0
1822,0, 225, False, 1
1823,0, 225, False, 1
1824,0, 225, False, 1
1825,0, 225, False, 1
1826,0, 225, False, 1
1827,0, 225, False, 1
1828,0, 225, False, 0
1829,0, 225, False, 0
1830,0, 225, False, 0
1831,0, 225, False, 0
1832,0, 225, False, 0
1833,0, 225, False, 0
1834,0, 225, False, 4
1835,0, 225, False, 4
1836,0, 225, False, 4
1837,0, 225, False, 4
1838,0, 225, False, 4
1839,0, 225, False, 4
1840,0, 225, False, 4
1841,0, 225, False, 4
1842,0, 225, False, 4
1843,0, 225, False, 4
1844,0, 225, False, 4
1845,0, 225, False, 4
1846,0, 225, False, 4
1847,0, 225, False, 4
1848,0, 225, False, 4
1849,0, 225, False, 4
1850,0, 225, False, 4
1851,0, 225, False, 0
1852,0, 225, False, 0
1853,0, 225, False, 0
1854,0, 225, False, 0
1855,0, 225, False, 0
1856,0, 225, False, 0
1857,0, 225, False, 0
1858,0, 225, False, 0
1859,0, 225, False, 0
1860,0, 225, False, 0
1861,0, 225, False, 3
1862,0, 225, False, 3
1863,0, 225, False, 3
1864,0, 225, False, 3
1865,0, 225, False, 3
1866,0, 225, False, 3
1867,0, 225, False, 3
1868,0, 225, False, 3
1869,0, 225, False, 3
1870,0, 225, False, 3
1871,0, 225, False, 0
1872,0, 225, False, 0
1873,0, 225, False, 0
1874,0, 225, False, 0
1875,0, 225, False, 0
1876,0, 225, False, 0
1877,0, 225, False, 0
1878,0, 225, False, 0
1879,0, 225, False, 0
1880,0, 225, False, 0
1881,0, 225, False, 0
1882,0, 225, False, 0
1883,0, 225, False, 0
1884,0, 225, False, 0
1885,0, 225, False, 0
1886,0, 225, False, 0
1887,0, 225, False, 0
1888,0, 225, False, 0
1889,0, 225, False, 0
1890,0, 225, False, 0
1891,0, 225, False, 0
1892,0, 225, False, 0
1893,0, 225, False, 0
1894,0, 225, False, 0
1895,0, 225, False, 0
1896,0, 225, False, 0
1897,0, 225, False, 0
1898,0, 225, False, 0
1899,0, 225, False, 0
1900,0, 225, False, 0
1901,0, 225, False, 0
1902,0, 225, False, 0
1903,0, 225, False, 0
1904,0, 225, False, 0
1905,0, 225, False, 0
1906,0, 225, False, 0
1907,0, 225, False, 0
1908,0, 225, False, 1
1909,0, 225, False, 1
1910,0, 225, False, 1
1911,0, 225, False, 1
1912,0, 225, False, 0
1913,0, 225, False, 0
1914,0, 225, False, 0
1915,0, 225, False, 0
1916,0, 225, False, 0
1917,0, 225, False, 0
1918,0, 225, False, 0
1919,0, 225, False, 0
1920,0, 225, False, 1
1921,0, 225, False, 1
1922,0, 225, False, 1
1923,0, 225, False, 1
1924,0, 225, False, 0
1925,0, 225, False, 0
1926,0, 225, False, 0
1927,10, 235, False, 0
1928,0, 235, False, 0
1929,0, 235, False, 0
1930,0, 235, False, 1
1931,0, 235, False, 1
1932,0, 235, False, 1
1933,0, 235, False, 1
1934,0, 235, False, 0
1935,0, 235, False, 0
1936,0, 235, False, 0
1937,0, 235, False, 0
1938,0, 235, False, 0
1939,0, 235, False, 0
1940,0, 235, False, 1
1941,5, 240, False, 1
1942,0, 240, False, 1
1943,0, 240, False, 1
1944,0, 240, False, 1
1945,0, 240, False, 0
1946,0, 240, False, 0
1947,0, 240, False, 0
1948,0, 240, False, 0
1949,0, 240, False, 0
1950,0, 240, False, 0
1951,0, 240, False, 1
1952,0, 240, False, 1
1953,0, 240, False, 1
1954,0, 240, False, 1
1955,0, 240, False, 0
1956,0, 240, False, 0
1957,0, 240, False, 0
1958,0, 240, False, 1
1959,0, 240, False, 1
1960,0, 240, False, 1
1961,0, 240, False, 1
1962,0, 240, False, 1
1963,0, 240, False, 0
1964,0, 240, False, 0
1965,0, 240, False, 0
1966,0, 240, False, 0
1967,0, 240, False, 0
1968,0, 240, False, 0
1969,15, 255, False, 0
1970,0, 255, False, 1
1971,0, 255, False, 1
1972,0, 255, False, 1
1973,0, 255, False, 1
1974,0, 255, False, 0
1975,0, 255, False, 0
1976,0, 255, False, 0
1977,0, 255, False, 0
1978,0, 255, False, 0
1979,0, 255, False, 1
1980,0, 255, False, 1
1981,0, 255, False, 1
1982,0, 255, False, 1
1983,0, 255, False, 0
1984,0, 255, False, 0
1985,0, 255, False, 0
1986,0, 255, False, 0
1987,0, 255, False, 0
1988,0, 255, False, 0
1989,0, 255, False, 0
1990,0, 255, False, 0
1991,0, 255, False, 4
1992,0, 255, False, 4
1993,0, 255, False, 4
1994,0, 255, False, 4
1995,0, 255, False, 4
1996,0, 255, False, 4
1997,0, 255, False, 4
1998,0, 255, False, 4
1999,0, 255, False, 4
2000,0, 255, False, 4
2001,0, 255, False, 4
2002,0, 255, False, 4
2003,0, 255, False, 4
2004,0, 255, False, 4
2005,0, 255, False, 4
2006,0, 255, False, 4
2007,20, 275, False, 4
2008,0, 275, False, 4
2009,0, 275, False, 4
2010,0, 275, False, 4
2011,0, 275, False, 4
2012,0, 275, False, 4
2013,0, 275, False, 4
2014,0, 275, False, 4
2015,0, 275, False, 4
2016,0, 275, False, 4
2017,0, 275, False, 4
2018,0, 275, False, 4
2019,0, 275, False, 4
2020,0, 275, False, 4
2021,0, 275, False, 4
2022,0, 275, False, 0
2023,0, 275, False, 1
2024,0, 275, False, 1
2025,0, 275, False, 1
2026,0, 275, False, 1
2027,0, 275, False, 1
2028,0, 275, False, 0
2029,0, 275, False, 0
2030,0, 275, False, 0
2031,0, 275, False, 0
2032,0, 275, False, 0
2033,0, 275, False, 0
2034,0, 275, False, 0
2035,0, 275, False, 1
2036,0, 275, False, 1
2037,0, 275, False, 1
2038,0, 275, False, 1
2039,0, 275, False, 1
2040,0, 275, False, 0
2041,0, 275, False, 0
2042,0, 275, False, 0
2043,0, 275, False, 0
2044,0, 275, False, 0
2045,0, 275, False, 0
2046,0, 275, False, 0
2047,0, 275, False, 1
2048,0, 275, False, 1
2049,0, 275, False, 1
2050,0, 275, False, 1
2051,0, 275, False, 1
2052,0, 275, False, 1
2053,0, 275, False, 1
2054,0, 275, False, 0
2055,0, 275, False, 0
2056,0, 275, False, 0
2057,0, 275, False, 0
2058,0, 275, False, 4
2059,0, 275, False, 4
2060,0, 275, False, 4
2061,0, 275, False, 4
2062,0, 275, False, 4
2063,0, 275, False, 4
2064,0, 275, False, 4
2065,0, 275, False, 4
2066,0, 275, False, 4
2067,0, 275, False, 4
2068,0, 275, False, 4
2069,0, 275, False, 4
2070,0, 275, False, 4
2071,0, 275, False, 4
2072,0, 275, False, 4
2073,0, 275, False, 4
2074,0, 275, False, 4
2075,0, 275, False, 4
2076,0, 275, False, 4
2077,0, 275, False, 4
2078,0, 275, False, 4
2079,0, 275, False, 4
2080,0, 275, False, 4
2081,0, 275, False, 12
2082,0, 275, False, 12
2083,0, 275, False, 12
2084,0, 275, False, 12
2085,0, 275, False, 4
2086,0, 275, False, 4
2087,0, 275, False, 4
2088,0, 275, False, 4
2089,0, 275, False, 4
2090,0, 275, False, 4
2091,0, 275, False, 12
2092,0, 275, False, 12
2093,0, 275, False, 12
2094,0, 275, False, 12
2095,0, 275, False, 4
2096,0, 275, False, 4
2097,0, 275, False, 4
2098,0, 275, False, 4
2099,0, 275, False, 4
2100,0, 275, False, 4
2101,0, 275, False, 4
2102,0, 275, False, 12
2103,0, 275, False, 12
2104,0, 275, False, 12
2105,0, 275, False, 12
2106,0, 275, False, 4
2107,0, 275, False, 4
2108,0, 275, False, 4
2109,0, 275, False, 4
2110,0, 275, False, 4
2111,0, 275, False, 4
2112,0, 275, False, 4
2113,0, 275, False, 4
2114,0, 275, False, 4
2115,0, 275, False, 4
2116,0, 275, False, 4
2117,0, 275, False, 4
2118,0, 275, False, 4
2119,0, 275, False, 4
2120,0, 275, False, 4
2121,0, 275, False, 4
2122,0, 275, False, 4
2123,0, 275, False, 4
2124,0, 275, False, 0
2125,0, 275, False, 0
2126,0, 275, False, 0
2127,0, 275, False, 0
2128,0, 275, False, 0
2129,0, 275, False, 0
2130,0, 275, False, 0
2131,0, 275, False, 0
2132,0, 275, False, 0
2133,0, 275, False, 0
2134,0, 275, False, 0
2135,0, 275, False, 0
2136,0, 275, False, 0
2137,0, 275, False, 0
2138,0, 275, False, 0
2139,0, 275, False, 0
2140,0, 275, False, 0
2141,0, 275, False, 0
2142,0, 275, False, 0
2143,0, 275, False, 1
2144,0, 275, False, 1
2145,0, 275, False, 1
2146,0, 275, False, 1
2147,0, 275, False, 1
2148,0, 275, False, 0
2149,0, 275, False, 0
2150,0, 275, False, 0
2151,0, 275, False, 0
2152,0, 275, False, 0
2153,0, 275, False, 1
2154,0, 275, False, 1
2155,0, 275, False, 1
2156,0, 275, False, 1
2157,0, 275, False, 1
2158,0, 275, False, 0
2159,0, 275, False, 0
2160,0, 275, False, 0
2161,0, 275, False, 0
2162,0, 275, False, 0
2163,0, 275, False, 0
2164,0, 275, False, 0
2165,0, 275, False, 0
2166,0, 275, False, 0
2167,0, 275, False, 3
2168,0, 275, False, 3
2169,0, 275, False, 3
2170,0, 275, False, 3
2171,0, 275, False, 3
2172,0, 275, False, 3
2173,0, 275, False, 3
2174,0, 275, False, 3
2175,20, 295, False, 3
2176,0, 295, False, 3
2177,0, 295, False, 3
2178,0, 295, False, 11
2179,0, 295, False, 11
2180,0, 295, False, 11
2181,0, 295, False, 11
2182,0, 295, False, 11
2183,0, 295, False, 3
2184,0, 295, False, 3
2185,0, 295, False, 3
2186,0, 295, False, 0
2187,0, 295, False, 0
2188,0, 295, False, 0
2189,0, 295, False, 0
2190,0, 295, False, 0
2191,0, 295, False, 0
2192,0, 295, False, 0
2193,0, 295, False, 0
2194,0, 295, False, 0
2195,0, 295, False, 1
2196,0, 295, False, 1
2197,0, 295, False, 1
2198,0, 295, False, 1
2199,0, 295, False, 1
2200,0, 295, False, 1
2201,0, 295, False, 0
2202,0, 295, False, 0
2203,0, 295, False, 0
2204,0, 295, False, 0
2205,0, 295, False, 0
2206,0, 295, False, 0
2207,0, 295, False, 0
2208,0, 295, False, 0
2209,0, 295, False, 0
2210,0, 295, False, 0
2211,0, 295, False, 0
2212,0, 295, False, 0
2213,0, 295, False, 0
2214,0, 295, False, 0
2215,0, 295, False, 0
2216,0, 295, False, 0
2217,0, 295, False, 0
2218,0, 295, False, 0
2219,25, 320, False, 0
2220,0, 320, False, 0
2221,0, 320, False, 0
2222,0, 320, False, 0
2223,0, 320, False, 0
2224,0, 320, False, 0
2225,0, 320, False, 0
2226,0, 320, False, 0
2227,0, 320, False, 0
2228,0, 320, False, 0
2229,0, 320, False, 0
2230,0, 320, False, 0
2231,0, 320, False, 0
2232,0, 320, False, 0
2233,0, 320, False, 0
2234,0, 320, False, 0
2235,0, 320, False, 0
2236,0, 320, False, 0
2237,0, 320, False, 1
2238,0, 320, False, 1
2239,0, 320, False, 1
2240,0, 320, False, 4
2241,0, 320, False, 4
2242,0, 320, False, 4
2243,0, 320, False, 4
2244,0, 320, False, 4
2245,0, 320, False, 4
2246,0, 320, False, 4
2247,0, 320, False, 4
2248,0, 320, False, 4
2249,0, 320, False, 4
2250,0, 320, False, 4
2251,0, 320, False, 4
2252,0, 320, False, 4
2253,0, 320, False, 4
2254,0, 320, False, 4
2255,0, 320, False, 0
2256,0, 320, False, 0
2257,0, 320, False, 0
2258,0, 320, False, 0
2259,0, 320, False, 0
2260,0, 320, False, 0
2261,0, 320, False, 1
2262,0, 320, False, 1
2263,0, 320, False, 1
2264,0, 320, False, 1
2265,0, 320, False, 1
2266,0, 320, False, 1
2267,0, 320, False, 11
2268,0, 320, False, 11
2269,0, 320, False, 11
2270,0, 320, False, 11
2271,0, 320, False, 11
2272,0, 320, False, 11
2273,0, 320, False, 11
2274,0, 320, False, 3
2275,0, 320, False, 3
2276,0, 320, False, 3
2277,0, 320, False, 3
2278,0, 320, False, 3
2279,0, 320, False, 3
2280,0, 320, False, 3
2281,0, 320, False, 3
2282,0, 320, False, 3
2283,0, 320, False, 3
2284,0, 320, False, 3
2285,0, 320, False, 3
2286,0, 320, False, 3
2287,0, 320, False, 3
2288,0, 320, False, 3
2289,30, 350, False, 3
2290,0, 350, False, 3
2291,0, 350, False, 3
2292,0, 350, False, 3
2293,0, 350, False, 3
2294,0, 350, False, 3
2295,0, 350, False, 3
2296,0, 350, False, 3
2297,0, 350, False, 3
2298,0, 350, False, 3
2299,0, 350, False, 3
2300,0, 350, False, 3
2301,0, 350, False, 3
2302,0, 350, False, 3
2303,0, 350, False, 3
2304,0, 350, False, 3
2305,0, 350, False, 3
2306,0, 350, False, 3
2307,0, 350, False, 3
2308,0, 350, False, 3
2309,0, 350, False, 3
2310,0, 350, False, 3
2311,0, 350, False, 3
2312,0, 350, False, 3
2313,0, 350, False, 3
2314,0, 350, False, 3
2315,0, 350, False, 3
2316,0, 350, False, 3
2317,0, 350, False, 3
2318,0, 350, False, 3
2319,0, 350, False, 3
2320,0, 350, False, 3
2321,0, 350, False, 3
2322,0, 350, False, 3
2323,0, 350, False, 3
2324,0, 350, False, 3
2325,0, 350, False, 3
2326,0, 350, False, 3
2327,0, 350, False, 3
2328,0, 350, False, 3
2329,0, 350, False, 3
2330,0, 350, False, 0
2331,0, 350, False, 0
2332,0, 350, False, 1
2333,0, 350, False, 1
2334,0, 350, False, 1
2335,0, 350, False, 1
2336,0, 350, False, 0
2337,0, 350, False, 0
2338,0, 350, False, 0
2339,0, 350, False, 0
2340,0, 350, False, 0
2341,0, 350, False, 0
2342,0, 350, False, 1
2343,0, 350, False, 1
2344,0, 350, False, 1
2345,0, 350, False, 1
2346,0, 350, False, 1
2347,0, 350, False, 0
2348,0, 350, False, 0
2349,0, 350, False, 0
2350,0, 350, False, 0
2351,0, 350, False, 0
2352,0, 350, False, 0
2353,0, 350, False, 1
2354,0, 350, False, 1
2355,0, 350, False, 1
2356,0, 350, False, 1
2357,0, 350, False, 1
2358,0, 350, False, 1
2359,0, 350, False, 1
2360,0, 350, False, 0
2361,0, 350, False, 0
2362,0, 350, False, 0
2363,20, 370, False, 0
2364,0, 370, False, 0
2365,0, 370, False, 0
2366,0, 370, False, 0
2367,0, 370, False, 0
2368,0, 370, False, 1
2369,0, 370, False, 1
2370,0, 370, False, 1
2371,0, 370, False, 1
2372,0, 370, False, 1
2373,0, 370, False, 1
2374,0, 370, False, 1
2375,0, 370, False, 0
2376,0, 370, False, 0
2377,0, 370, False, 0
2378,0, 370, False, 0
2379,0, 370, False, 0
2380,0, 370, False, 0
2381,0, 370, False, 0
2382,0, 370, False, 1
2383,0, 370, False, 1
2384,0, 370, False, 1
2385,0, 370, False, 1
2386,0, 370, False, 1
2387,0, 370, False, 1
2388,0, 370, False, 1
2389,0, 370, False, 0
2390,0, 370, False, 0
2391,0, 370, False, 0
2392,0, 370, False, 0
2393,0, 370, False, 0
2394,0, 370, False, 0
2395,0, 370, False, 1
2396,0, 370, False, 1
2397,0, 370, False, 1
2398,0, 370, False, 1
2399,0, 370, False, 1
2400,0, 370, False, 1
2401,0, 370, False, 1
2402,0, 370, False, 0
2403,0, 370, False, 0
2404,0, 370, False, 0
2405,25, 395, False, 0
2406,0, 395, False, 0
2407,0, 395, False, 0
2408,0, 395, False, 0
2409,0, 395, False, 0
2410,0, 395, False, 1
2411,0, 395, False, 1
2412,0, 395, False, 1
2413,0, 395, False, 1
2414,0, 395, False, 1
2415,0, 395, False, 1
2416,0, 395, False, 1
2417,0, 395, False, 1
2418,0, 395, False, 0
2419,0, 395, False, 0
2420,0, 395, False, 0
2421,0, 395, False, 0
2422,0, 395, False, 0
2423,0, 395, False, 0
2424,0, 395, False, 0
2425,0, 395, False, 0
2426,0, 395, False, 0
2427,0, 395, False, 0
2428,0, 395, False, 0
2429,0, 395, False, 0
2430,0, 395, False, 0
2431,0, 395, False, 0
2432,0, 395, False, 0
2433,0, 395, False, 0
2434,0, 395, False, 0
2435,0, 395, False, 0
2436,0, 395, False, 0
2437,0, 395, False, 1
2438,0, 395, False, 1
2439,0, 395, False, 1
2440,0, 395, False, 1
2441,0, 395, False, 1
2442,0, 395, False, 1
2443,0, 395, False, 1
2444,0, 395, False, 0
2445,0, 395, False, 0
2446,0, 395, False, 0
2447,0, 395, False, 0
2448,0, 395, False, 0
2449,0, 395, False, 0
2450,0, 395, False, 0
2451,0, 395, False, 0
2452,0, 395, False, 0
2453,0, 395, False, 0
2454,0, 395, False, 0
2455,0, 395, False, 0
2456,0, 395, False, 0
2457,0, 395, False, 3
2458,0, 395, False, 3
2459,0, 395, False, 3
2460,0, 395, False, 3
2461,0, 395, False, 3
2462,0, 395, False, 3
2463,0, 395, False, 3
2464,0, 395, False, 0
2465,0, 395, False, 0
2466,0, 395, False, 0
2467,0, 395, False, 0
2468,0, 395, False, 0
2469,0, 395, False, 0
2470,0, 395, False, 0
2471,0, 395, False, 0
2472,0, 395, False, 1
2473,0, 395, False, 1
2474,0, 395, False, 1
2475,0, 395, False, 1
2476,0, 395, False, 1
2477,0, 395, False, 1
2478,0, 395, False, 0
2479,0, 395, False, 0
2480,0, 395, False, 0
2481,0, 395, False, 0
2482,0, 395, False, 0
2483,0, 395, False, 1
2484,0, 395, False, 1
2485,0, 395, False, 1
2486,0, 395, False, 1
2487,0, 395, False, 1
2488,0, 395, False, 0
2489,0, 395, False, 0
2490,0, 395, False, 0
2491,0, 395, False, 0
2492,0, 395, False, 0
2493,0, 395, False, 0
2494,0, 395, False, 0
2495,0, 395, False, 0
2496,0, 395, False, 1
2497,0, 395, False, 1
2498,0, 395, False, 1
2499,0, 395, False, 1
2500,0, 395, False, 1
2501,0, 395, False, 1
2502,0, 395, False, 1
2503,0, 395, False, 0
2504,0, 395, False, 0
2505,0, 395, False, 0
2506,0, 395, False, 0
2507,0, 395, False, 0
2508,0, 395, False, 0
2509,0, 395, False, 0
2510,0, 395, False, 0
2511,0, 395, False, 1
2512,0, 395, False, 1
2513,0, 395, False, 1
2514,0, 395, False, 1
2515,0, 395, False, 1
2516,0, 395, False, 1
2517,0, 395, False, 1
2518,0, 395, False, 0
2519,0, 395, False, 0
2520,0, 395, False, 0
2521,0, 395, False, 0
2522,0, 395, False, 0
2523,20, 415, False, 0
2524,0, 415, False, 0
2525,0, 415, False, 0
2526,0, 415, False, 0
2527,0, 415, False, 1
2528,0, 415, False, 1
2529,0, 415, False, 1
2530,0, 415, False, 1
2531,0, 415, False, 1
2532,0, 415, False, 1
2533,0, 415, False, 0
2534,0, 415, False, 0
2535,0, 415, False, 0
2536,0, 415, False, 0
2537,0, 415, False, 0
2538,0, 415, False, 0
2539,0, 415, False, 1
2540,0, 415, False, 1
2541,0, 415, False, 1
2542,0, 415, False, 1
2543,0, 415, False, 1
2544,0, 415, False, 1
2545,0, 415, False, 1
2546,0, 415, False, 1
2547,0, 415, False, 0
2548,0, 415, False, 0
2549,0, 415, False, 0
2550,0, 415, False, 0
2551,0, 415, False, 0
2552,0, 415, False, 0
2553,0, 415, False, 0
2554,0, 415, False, 0
2555,0, 415, False, 0
2556,0, 415, False, 0
2557,0, 415, False, 0
2558,0, 415, False, 0
2559,0, 415, False, 0
2560,0, 415, False, 4
2561,0, 415, False, 4
2562,0, 415, False, 4
2563,0, 415, False, 4
2564,0, 415, False, 4
2565,0, 415, False, 4
2566,0, 415, False, 4
2567,0, 415, False, 4
2568,0, 415, False, 4
2569,0, 415, False, 4
2570,0, 415, False, 4
2571,0, 415, False, 4
2572,0, 415, False, 4
2573,0, 415, False, 4
2574,0, 415, False, 4
2575,0, 415, False, 4
2576,0, 415, False, 4
2577,0, 415, False, 4
2578,0, 415, False, 0
2579,0, 415, False, 0
2580,0, 415, False, 0
2581,0, 415, False, 0
2582,0, 415, False, 1
2583,0, 415, False, 1
2584,0, 415, False, 1
2585,0, 415, False, 1
2586,0, 415, False, 1
2587,0, 415, False, 1
2588,0, 415, False, 0
2589,0, 415, False, 0
2590,0, 415, False, 0
2591,0, 415, False, 0
2592,0, 415, False, 0
2593,0, 415, False, 1
2594,0, 415, False, 1
2595,0, 415, False, 1
2596,0, 415, False, 1
2597,0, 415, False, 1
2598,0, 415, False, 0
2599,0, 415, False, 0
2600,0, 415, False, 0
2601,0, 415, False, 0
2602,0, 415, False, 0
2603,0, 415, False, 0
2604,0, 415, False, 1
2605,0, 415, False, 1
2606,0, 415, False, 1
2607,0, 415, False, 12
2608,0, 415, False, 4
2609,0, 415, False, 4
2610,0, 415, False, 4
2611,0, 415, False, 4
2612,0, 415, False, 4
2613,0, 415, False, 4
2614,0, 415, False, 4
2615,0, 415, False, 4
2616,0, 415, False, 4
2617,0, 415, False, 4
2618,0, 415, False, 4
2619,0, 415, False, 4
2620,0, 415, False, 4
2621,0, 415, False, 4
2622,0, 415, False, 4
2623,0, 415, False, 4
2624,0, 415, False, 4
2625,0, 415, False, 4
2626,0, 415, False, 4
2627,0, 415, False, 4
2628,0, 415, False, 1
2629,0, 415, False, 1
2630,0, 415, False, 1
2631,0, 415, False, 1
2632,0, 415, False, 1
2633,0, 415, False, 0
2634,0, 415, False, 0
2635,0, 415, False, 0
2636,0, 415, False, 0
2637,0, 415, False, 0
2638,0, 415, False, 0
2639,0, 415, False, 0
2640,0, 415, False, 0
2641,0, 415, False, 0
2642,0, 415, False, 0
2643,0, 415, False, 0
2644,0, 415, False, 0
2645,0, 415, False, 0
2646,0, 415, False, 0
2647,0, 415, False, 0
2648,0, 415, False, 0
2649,0, 415, False, 0
2650,0, 415, False, 0
2651,0, 415, False, 0
2652,0, 415, False, 0
2653,0, 415, False, 0
2654,0, 415, False, 0
2655,0, 415, False, 0
2656,0, 415, False, 0
2657,0, 415, False, 0
2658,0, 415, False, 0
2659,0, 415, False, 0
2660,0, 415, False, 0
2661,0, 415, False, 0
2662,0, 415, False, 0
2663,0, 415, False, 0
2664,0, 415, False, 0
2665,0, 415, False, 0
2666,0, 415, False, 0
2667,0, 415, False, 0
2668,0, 415, False, 0
2669,0, 415, False, 0
2670,0, 415, False, 0
2671,30, 445, False, 0
2672,0, 445, False, 0
2673,0, 445, False, 0
2674,0, 445, False, 0
2675,0, 445, False, 0
2676,0, 445, False, 0
2677,0, 445, False, 0
2678,0, 445, False, 0
2679,0, 445, False, 0
2680,0, 445, False, 0
2681,0, 445, False, 0
2682,0, 445, False, 0
2683,0, 445, False, 1
2684,0, 445, False, 1
2685,0, 445, False, 1
2686,0, 445, False, 1
2687,0, 445, False, 1
2688,0, 445, False, 1
2689,0, 445, False, 0
2690,0, 445, False, 0
2691,0, 445, False, 0
2692,0, 445, False, 0
2693,0, 445, False, 0
2694,0, 445, False, 0
2695,0, 445, False, 0
2696,0, 445, False, 0
2697,0, 445, False, 0
2698,0, 445, False, 0
2699,0, 445, False, 0
2700,0, 445, False, 0
2701,0, 445, False, 0
2702,0, 445, False, 0
2703,0, 445, False, 0
2704,0, 445, False, 0
2705,0, 445, False, 0
2706,0, 445, False, 0
2707,0, 445, False, 0
2708,0, 445, False, 0
2709,0, 445, False, 0
2710,0, 445, False, 0
2711,0, 445, False, 0
2712,0, 445, False, 0
2713,0, 445, False, 0
2714,0, 445, False, 0
2715,0, 445, False, 0
2716,0, 445, False, 0
2717,0, 445, False, 0
2718,0, 445, False, 0
2719,0, 445, False, 0
2720,0, 445, False, 0
2721,0, 445, False, 0
2722,0, 445, False, 0
2723,0, 445, False, 0
2724,0, 445, False, 0
2725,30, 475, False, 0
2726,0, 475, False, 0
2727,0, 475, False, 0
2728,0, 475, False, 0
2729,0, 475, False, 0
2730,0, 475, False, 0
2731,0, 475, False, 0
2732,0, 475, False, 0
2733,0, 475, False, 0
2734,0, 475, False, 3
2735,0, 475, False, 3
2736,0, 475, False, 3
2737,0, 475, False, 3
2738,0, 475, False, 3
2739,0, 475, False, 3
2740,0, 475, False, 3
2741,0, 475, False, 3
2742,0, 475, False, 3
2743,0, 475, False, 3
2744,0, 475, False, 3
2745,0, 475, False, 3
2746,0, 475, False, 3
2747,0, 475, False, 3
2748,0, 475, False, 3
2749,0, 475, False, 3
2750,0, 475, False, 3
2751,0, 475, False, 3
2752,0, 475, False, 3
2753,0, 475, False, 3
2754,0, 475, False, 3
2755,0, 475, False, 3
2756,0, 475, False, 3
2757,0, 475, False, 3
2758,0, 475, False, 3
2759,0, 475, False, 3
2760,0, 475, False, 3
2761,0, 475, False, 3
2762,0, 475, False, 3
2763,0, 475, False, 3
2764,0, 475, False, 3
2765,0, 475, False, 0
2766,0, 475, False, 0
2767,0, 475, False, 1
2768,0, 475, False, 1
2769,0, 475, False, 1
2770,0, 475, False, 1
2771,0, 475, False, 1
2772,0, 475, False, 1
2773,0, 475, False, 1
2774,0, 475, False, 1
2775,0, 475, False, 1
2776,0, 475, False, 1
2777,0, 475, False, 1
2778,0, 475, False, 1
2779,0, 475, False, 1
2780,0, 475, False, 0
2781,0, 475, False, 0
2782,0, 475, False, 0
2783,0, 475, False, 0
2784,0, 475, False, 0
2785,0, 475, False, 0
2786,0, 475, False, 0
2787,0, 475, False, 0
2788,0, 475, False, 0
2789,0, 475, False, 0
2790,0, 475, False, 0
2791,0, 475, False, 0
2792,0, 475, False, 0
2793,0, 475, False, 0
2794,0, 475, False, 0
2795,0, 475, False, 0
2796,0, 475, False, 0
2797,0, 475, False, 0
2798,0, 475, False, 0
2799,0, 475, False, 0
2800,0, 475, False, 0
2801,0, 475, False, 0
2802,0, 475, False, 0
2803,0, 475, False, 0
2804,0, 475, False, 0
2805,0, 475, False, 0
2806,0, 475, False, 0
2807,0, 475, False, 0
2808,0, 475, False, 0
2809,0, 475, False, 0
2810,0, 475, False, 0
2811,0, 475, False, 0
2812,0, 475, False, 0
2813,0, 475, False, 0
2814,0, 475, False, 0
2815,0, 475, False, 0
2816,0, 475, False, 0
2817,0, 475, False, 0
2818,0, 475, False, 0
2819,0, 475, False, 0
2820,0, 475, False, 0
2821,0, 475, False, 0
2822,0, 475, False, 0
2823,0, 475, False, 0
2824,0, 475, False, 0
2825,0, 475, False, 0
2826,0, 475, False, 0
2827,0, 475, False, 0
2828,0, 475, False, 0
2829,0, 475, False, 0
2830,0, 475, False, 0
2831,0, 475, False, 0
2832,0, 475, False, 0
2833,0, 475, False, 0
2834,0, 475, False, 0
2835,0, 475, False, 0
2836,0, 475, False, 0
2837,0, 475, False, 0
2838,0, 475, False, 0
2839,0, 475, False, 0
2840,0, 475, False, 0
2841,0, 475, False, 1
2842,0, 475, False, 1
2843,0, 475, False, 1
2844,0, 475, False, 1
2845,0, 475, False, 1
2846,0, 475, False, 1
2847,0, 475, False, 0
2848,0, 475, False, 0
2849,0, 475, False, 0
2850,0, 475, False, 0
2851,0, 475, False, 0
2852,0, 475, False, 0
2853,0, 475, False, 0
2854,0, 475, False, 0
2855,0, 475, False, 0
2856,0, 475, False, 0
2857,0, 475, False, 0
2858,0, 475, False, 0
2859,0, 475, False, 0
2860,0, 475, False, 0
2861,0, 475, False, 0
2862,0, 475, False, 0
2863,0, 475, False, 0
2864,0, 475, False, 0
2865,0, 475, False, 0
2866,0, 475, False, 0
2867,0, 475, False, 0
2868,0, 475, False, 0
2869,0, 475, False, 0
2870,0, 475, False, 0
2871,0, 475, False, 0
2872,0, 475, False, 0
2873,0, 475, False, 0
2874,0, 475, False, 0
2875,0, 475, False, 0
2876,0, 475, False, 0
2877,0, 475, False, 1
2878,0, 475, False, 1
2879,0, 475, False, 1
2880,0, 475, False, 1
2881,0, 475, False, 1
2882,0, 475, False, 1
2883,0, 475, False, 0
2884,0, 475, False, 0
2885,0, 475, False, 0
2886,0, 475, False, 0
2887,0, 475, False, 0
2888,0, 475, False, 0
2889,0, 475, False, 0
2890,0, 475, False, 0
2891,0, 475, False, 0
2892,0, 475, False, 0
2893,0, 475, False, 0
2894,0, 475, False, 0
2895,0, 475, False, 0
2896,0, 475, False, 0
2897,0, 475, False, 0
2898,0, 475, False, 0
2899,0, 475, False, 0
2900,0, 475, False, 0
2901,0, 475, False, 0
2902,0, 475, False, 0
2903,25, 500, False, 0
2904,0, 500, False, 0
2905,0, 500, False, 0
2906,0, 500, False, 0
2907,0, 500, False, 0
2908,0, 500, False, 0
2909,0, 500, False, 0
2910,0, 500, False, 0
2911,0, 500, False, 0
2912,0, 500, False, 0
2913,0, 500, False, 0
2914,0, 500, False, 0
2915,0, 500, False, 0
2916,0, 500, False, 0
2917,0, 500, False, 0
2918,0, 500, False, 0
2919,0, 500, False, 0
2920,0, 500, False, 0
2921,0, 500, False, 0
2922,0, 500, False, 0
2923,0, 500, False, 0
2924,0, 500, False, 0
2925,0, 500, False, 0
2926,0, 500, False, 3
2927,0, 500, False, 3
2928,0, 500, False, 3
2929,0, 500, False, 3
2930,0, 500, False, 3
2931,0, 500, False, 3
2932,0, 500, False, 3
2933,0, 500, False, 3
2934,0, 500, False, 3
2935,0, 500, False, 3
2936,0, 500, False, 3
2937,0, 500, False, 3
2938,0, 500, False, 3
2939,0, 500, False, 3
2940,0, 500, False, 0
2941,0, 500, False, 0
2942,0, 500, False, 0
2943,0, 500, False, 0
2944,0, 500, False, 0
2945,0, 500, False, 1
2946,0, 500, False, 1
2947,0, 500, False, 1
2948,0, 500, False, 1
2949,0, 500, False, 1
2950,0, 500, False, 0
2951,0, 500, False, 0
2952,0, 500, False, 0
2953,0, 500, False, 0
2954,0, 500, False, 0
2955,0, 500, False, 0
2956,0, 500, False, 0
2957,0, 500, False, 0
2958,0, 500, False, 0
2959,0, 500, False, 4
2960,0, 500, False, 4
2961,0, 500, False, 4
2962,0, 500, False, 4
2963,0, 500, False, 4
2964,0, 500, False, 4
2965,0, 500, False, 4
2966,0, 500, False, 4
2967,25, 525, False, 4
2968,0, 525, False, 4
2969,0, 525, False, 4
2970,0, 525, False, 4
2971,0, 525, False, 4
2972,0, 525, False, 4
2973,0, 525, False, 4
2974,0, 525, False, 4
2975,0, 525, False, 4
2976,0, 525, False, 4
2977,0, 525, False, 4
2978,0, 525, False, 4
2979,0, 525, False, 4
2980,0, 525, False, 4
2981,0, 525, False, 4
2982,0, 525, False, 4
2983,0, 525, False, 0
2984,0, 525, False, 0
2985,0, 525, False, 0
2986,0, 525, False, 0
2987,0, 525, False, 0
2988,0, 525, False, 0
2989,0, 525, False, 0
2990,0, 525, False, 0
2991,0, 525, False, 0
2992,0, 525, False, 0
2993,0, 525, False, 0
2994,0, 525, False, 0
2995,0, 525, False, 0
2996,0, 525, False, 0
2997,0, 525, False, 0
2998,0, 525, False, 0
2999,0, 525, False, 0
3000,0, 525, False, 0
3001,0, 525, False, 0
3002,0, 525, False, 0
3003,0, 525, False, 0
3004,0, 525, False, 0
3005,0, 525, False, 0
3006,0, 525, False, 4
3007,0, 525, False, 4
3008,0, 525, False, 4
3009,0, 525, False, 4
3010,0, 525, False, 4
3011,0, 525, False, 4
3012,0, 525, False, 4
3013,0, 525, False, 4
3014,0, 525, False, 4
3015,0, 525, False, 4
3016,0, 525, False, 4
3017,0, 525, False, 4
3018,0, 525, False, 4
3019,0, 525, False, 4
3020,0, 525, False, 4
3021,0, 525, False, 4
3022,0, 525, False, 4
3023,0, 525, False, 4
3024,0, 525, False, 4
3025,0, 525, False, 4
3026,0, 525, False, 4
3027,0, 525, False, 4
3028,0, 525, False, 4
3029,0, 525, False, 4
3030,0, 525, False, 4
3031,0, 525, False, 4
3032,0, 525, False, 4
3033,0, 525, False, 4
3034,0, 525, False, 4
3035,0, 525, False, 4
3036,0, 525, False, 4
3037,0, 525, False, 4
3038,0, 525, False, 4
3039,0, 525, False, 4
3040,0, 525, False, 4
3041,0, 525, False, 4
3042,0, 525, False, 4
3043,0, 525, False, 4
3044,0, 525, False, 4
3045,0, 525, False, 4
3046,0, 525, False, 4
3047,0, 525, False, 4
3048,0, 525, False, 4
3049,0, 525, False, 4
3050,0, 525, False, 4
3051,0, 525, False, 4
3052,0, 525, False, 4
3053,0, 525, False, 4
3054,0, 525, False, 4
3055,0, 525, False, 4
3056,0, 525, False, 4
3057,0, 525, False, 4
3058,0, 525, False, 4
3059,0, 525, False, 4
3060,0, 525, False, 4
3061,0, 525, False, 4
3062,0, 525, False, 4
3063,0, 525, False, 4
3064,0, 525, False, 4
3065,0, 525, False, 4
3066,0, 525, False, 4
3067,0, 525, False, 4
3068,0, 525, False, 4
3069,0, 525, False, 4
3070,0, 525, False, 4
3071,0, 525, False, 4
3072,0, 525, False, 4
3073,0, 525, False, 4
3074,0, 525, False, 4
3075,0, 525, False, 4
3076,0, 525, False, 4
3077,0, 525, False, 4
3078,0, 525, False, 4
3079,0, 525, False, 4
3080,0, 525, False, 4
3081,0, 525, False, 4
3082,0, 525, False, 0
3083,0, 525, False, 1
3084,0, 525, False, 1
3085,0, 525, False, 1
3086,0, 525, False, 1
3087,0, 525, False, 1
3088,0, 525, False, 1
3089,0, 525, False, 1
3090,0, 525, False, 1
3091,0, 525, False, 1
3092,0, 525, False, 0
3093,0, 525, False, 0
3094,0, 525, False, 0
3095,0, 525, False, 0
3096,0, 525, False, 0
3097,0, 525, False, 0
3098,0, 525, False, 0
3099,0, 525, False, 4
3100,0, 525, False, 4
3101,0, 525, False, 4
3102,0, 525, False, 4
3103,0, 525, False, 4
3104,0, 525, False, 4
3105,0, 525, False, 4
3106,0, 525, False, 4
3107,0, 525, False, 4
3108,0, 525, False, 4
3109,0, 525, False, 4
3110,0, 525, False, 4
3111,0, 525, False, 4
3112,0, 525, False, 4
3113,0, 525, False, 4
3114,0, 525, False, 4
3115,0, 525, False, 4
3116,0, 525, False, 4
3117,0, 525, False, 4
3118,0, 525, False, 4
3119,0, 525, False, 4
3120,0, 525, False, 4
3121,0, 525, False, 4
3122,0, 525, False, 4
3123,0, 525, False, 4
3124,0, 525, False, 4
3125,0, 525, False, 4
3126,0, 525, False, 4
3127,0, 525, False, 4
3128,0, 525, False, 4
3129,0, 525, False, 4
3130,0, 525, False, 4
3131,0, 525, False, 4
3132,0, 525, False, 4
3133,0, 525, False, 4
3134,0, 525, False, 12
3135,0, 525, False, 12
3136,0, 525, False, 12
3137,0, 525, False, 1
3138,0, 525, False, 1
3139,0, 525, False, 1
3140,0, 525, False, 0
3141,0, 525, False, 0
3142,0, 525, False, 0
3143,0, 525, False, 0
3144,0, 525, False, 0
3145,0, 525, False, 1
3146,0, 525, False, 1
3147,0, 525, False, 1
3148,0, 525, False, 1
3149,0, 525, False, 1
3150,0, 525, False, 0
3151,0, 525, False, 0
3152,0, 525, False, 0
3153,0, 525, False, 0
3154,0, 525, False, 1
3155,0, 525, False, 1
3156,0, 525, False, 1
3157,0, 525, False, 1
3158,0, 525, False, 1
3159,0, 525, False, 1
3160,0, 525, False, 0
3161,0, 525, False, 0
3162,0, 525, False, 0
3163,0, 525, False, 0
3164,0, 525, False, 0
3165,0, 525, False, 1
3166,0, 525, False, 1
3167,0, 525, False, 1
3168,0, 525, False, 1
3169,0, 525, False, 1
3170,0, 525, False, 1
3171,0, 525, False, 1
3172,0, 525, False, 0
3173,0, 525, False, 0
3174,0, 525, False, 0
3175,0, 525, False, 0
3176,0, 525, False, 0
3177,0, 525, False, 0
3178,0, 525, False, 0
3179,0, 525, False, 1
3180,0, 525, False, 1
3181,0, 525, False, 1
3182,0, 525, False, 1
3183,0, 525, False, 1
3184,0, 525, False, 0
3185,0, 525, False, 0
3186,0, 525, False, 0
3187,0, 525, False, 0
3188,0, 525, False, 0
3189,0, 525, False, 0
3190,0, 525, False, 0
3191,0, 525, False, 0
3192,0, 525, False, 1
3193,0, 525, False, 1
3194,0, 525, False, 1
3195,0, 525, False, 1
3196,0, 525, False, 1
3197,0, 525, False, 1
3198,0, 525, False, 0
3199,0, 525, False, 0
3200,0, 525, False, 0
3201,0, 525, False, 0
3202,0, 525, False, 0
3203,0, 525, False, 0
3204,0, 525, False, 0
3205,0, 525, False, 0
3206,0, 525, False, 0
3207,0, 525, False, 0
3208,0, 525, False, 0
3209,0, 525, False, 0
3210,0, 525, False, 0
3211,0, 525, False, 0
3212,0, 525, False, 0
3213,0, 525, False, 0
3214,0, 525, False, 0
3215,0, 525, False, 0
3216,0, 525, False, 0
3217,0, 525, False, 0
3218,0, 525, False, 0
3219,0, 525, False, 0
3220,0, 525, False, 0
3221,0, 525, False, 0
3222,0, 525, False, 0
3223,0, 525, False, 0
3224,0, 525, False, 0
3225,0, 525, False, 0
3226,0, 525, False, 0
3227,0, 525, False, 0
3228,0, 525, False, 0
3229,0, 525, False, 1
3230,0, 525, False, 1
3231,0, 525, False, 1
3232,0, 525, False, 1
3233,0, 525, False, 1
3234,0, 525, False, 1
3235,0, 525, False, 0
3236,0, 525, False, 0
3237,0, 525, False, 0
3238,0, 525, False, 0
3239,0, 525, False, 0
3240,0, 525, False, 0
3241,0, 525, False, 1
3242,0, 525, False, 1
3243,0, 525, False, 1
3244,0, 525, False, 1
3245,0, 525, False, 1
3246,0, 525, False, 0
3247,0, 525, False, 0
3248,0, 525, False, 0
3249,0, 525, False, 0
3250,0, 525, False, 1
3251,0, 525, False, 1
3252,0, 525, False, 1
3253,20, 545, False, 1
3254,0, 545, False, 0
3255,0, 545, False, 0
3256,0, 545, False, 0
3257,0, 545, False, 0
3258,0, 545, False, 0
3259,0, 545, False, 1
3260,0, 545, False, 1
3261,0, 545, False, 1
3262,0, 545, False, 1
3263,0, 545, False, 0
3264,0, 545, False, 0
3265,0, 545, False, 0
3266,0, 545, False, 0
3267,0, 545, False, 1
3268,0, 545, False, 1
3269,0, 545, False, 1
3270,0, 545, False, 1
3271,0, 545, False, 1
3272,0, 545, False, 0
3273,0, 545, False, 0
3274,0, 545, False, 0
3275,0, 545, False, 0
3276,0, 545, False, 1
3277,0, 545, False, 1
3278,0, 545, False, 1
3279,0, 545, False, 0
3280,0, 545, False, 3
3281,0, 545, False, 3
3282,0, 545, False, 3
3283,0, 545, False, 3
3284,0, 545, False, 3
3285,0, 545, False, 3
3286,0, 545, False, 3
3287,0, 545, False, 3
3288,0, 545, False, 3
3289,0, 545, False, 3
3290,0, 545, False, 3
3291,0, 545, False, 3
3292,0, 545, False, 3
3293,0, 545, False, 3
3294,0, 545, False, 3
3295,0, 545, False, 3
3296,0, 545, False, 3
3297,0, 545, False, 3
3298,0, 545, False, 3
3299,0, 545, False, 3
3300,0, 545, False, 3
3301,0, 545, False, 3
3302,0, 545, False, 3
3303,0, 545, False, 3
3304,0, 545, False, 3
3305,0, 545, False, 3
3306,0, 545, False, 3
3307,0, 545, False, 3
3308,0, 545, False, 3
3309,0, 545, False, 3
3310,0, 545, False, 0
3311,0, 545, False, 1
3312,0, 545, False, 1
3313,0, 545, False, 1
3314,0, 545, False, 1
3315,0, 545, False, 0
3316,0, 545, False, 0
3317,0, 545, False, 0
3318,0, 545, False, 0
3319,0, 545, False, 0
3320,0, 545, False, 1
3321,0, 545, False, 1
3322,0, 545, False, 1
3323,0, 545, False, 1
3324,0, 545, False, 1
3325,0, 545, False, 0
3326,0, 545, False, 4
3327,0, 545, False, 4
3328,0, 545, False, 4
3329,0, 545, False, 4
3330,0, 545, False, 4
3331,0, 545, False, 4
3332,0, 545, False, 4
3333,0, 545, False, 4
3334,0, 545, False, 4
3335,0, 545, False, 4
3336,0, 545, False, 4
3337,0, 545, False, 4
3338,0, 545, False, 4
3339,0, 545, False, 4
3340,0, 545, False, 4
3341,0, 545, False, 4
3342,0, 545, False, 4
3343,0, 545, False, 4
3344,0, 545, False, 4
3345,0, 545, False, 4
3346,0, 545, False, 4
3347,0, 545, False, 4
3348,0, 545, False, 4
3349,0, 545, False, 4
3350,0, 545, False, 4
3351,0, 545, False, 4
3352,0, 545, False, 4
3353,0, 545, False, 4
3354,0, 545, True, 4
