db traj id : 1541
frame,reward,score,terminal, action
0,0, 0, False, 0
1,0, 0, False, 0
2,0, 0, False, 0
3,0, 0, False, 0
4,0, 0, False, 0
5,0, 0, False, 0
6,0, 0, False, 0
7,0, 0, False, 0
8,0, 0, False, 0
9,0, 0, False, 0
10,0, 0, False, 0
11,0, 0, False, 0
12,0, 0, False, 0
13,0, 0, False, 0
14,0, 0, False, 0
15,0, 0, False, 0
16,0, 0, False, 0
17,0, 0, False, 0
18,0, 0, False, 0
19,0, 0, False, 0
20,0, 0, False, 0
21,0, 0, False, 0
22,0, 0, False, 0
23,0, 0, False, 0
24,0, 0, False, 0
25,0, 0, False, 0
26,0, 0, False, 0
27,0, 0, False, 0
28,0, 0, False, 0
29,0, 0, False, 0
30,0, 0, False, 0
31,0, 0, False, 0
32,0, 0, False, 0
33,0, 0, False, 0
34,0, 0, False, 0
35,0, 0, False, 0
36,0, 0, False, 0
37,0, 0, False, 0
38,0, 0, False, 0
39,0, 0, False, 0
40,0, 0, False, 0
41,0, 0, False, 0
42,0, 0, False, 0
43,0, 0, False, 0
44,0, 0, False, 0
45,0, 0, False, 0
46,0, 0, False, 0
47,0, 0, False, 0
48,0, 0, False, 0
49,0, 0, False, 0
50,0, 0, False, 0
51,0, 0, False, 0
52,0, 0, False, 0
53,0, 0, False, 0
54,0, 0, False, 0
55,0, 0, False, 0
56,0, 0, False, 0
57,0, 0, False, 0
58,0, 0, False, 0
59,0, 0, False, 0
60,0, 0, False, 0
61,0, 0, False, 0
62,0, 0, False, 0
63,0, 0, False, 0
64,0, 0, False, 0
65,0, 0, False, 0
66,0, 0, False, 0
67,0, 0, False, 0
68,0, 0, False, 0
69,0, 0, False, 0
70,0, 0, False, 0
71,0, 0, False, 0
72,0, 0, False, 0
73,0, 0, False, 0
74,0, 0, False, 0
75,0, 0, False, 0
76,0, 0, False, 4
77,0, 0, False, 4
78,0, 0, False, 4
79,0, 0, False, 4
80,0, 0, False, 4
81,0, 0, False, 4
82,0, 0, False, 4
83,0, 0, False, 4
84,0, 0, False, 4
85,0, 0, False, 4
86,0, 0, False, 4
87,0, 0, False, 4
88,0, 0, False, 4
89,0, 0, False, 4
90,0, 0, False, 4
91,0, 0, False, 4
92,0, 0, False, 4
93,0, 0, False, 4
94,0, 0, False, 4
95,0, 0, False, 4
96,0, 0, False, 4
97,0, 0, False, 4
98,0, 0, False, 4
99,0, 0, False, 4
100,0, 0, False, 4
101,0, 0, False, 4
102,0, 0, False, 4
103,0, 0, False, 4
104,0, 0, False, 4
105,0, 0, False, 4
106,0, 0, False, 4
107,0, 0, False, 4
108,0, 0, False, 4
109,0, 0, False, 4
110,0, 0, False, 4
111,0, 0, False, 4
112,0, 0, False, 4
113,0, 0, False, 4
114,0, 0, False, 4
115,0, 0, False, 4
116,0, 0, False, 4
117,0, 0, False, 4
118,0, 0, False, 4
119,0, 0, False, 4
120,0, 0, False, 4
121,0, 0, False, 4
122,0, 0, False, 4
123,0, 0, False, 4
124,0, 0, False, 4
125,0, 0, False, 4
126,0, 0, False, 4
127,0, 0, False, 4
128,0, 0, False, 4
129,0, 0, False, 4
130,0, 0, False, 4
131,0, 0, False, 4
132,0, 0, False, 4
133,0, 0, False, 4
134,0, 0, False, 4
135,0, 0, False, 4
136,0, 0, False, 4
137,0, 0, False, 4
138,0, 0, False, 4
139,0, 0, False, 4
140,0, 0, False, 4
141,0, 0, False, 4
142,0, 0, False, 4
143,0, 0, False, 4
144,0, 0, False, 4
145,0, 0, False, 4
146,0, 0, False, 4
147,0, 0, False, 4
148,0, 0, False, 4
149,0, 0, False, 0
150,0, 0, False, 0
151,0, 0, False, 0
152,0, 0, False, 0
153,0, 0, False, 0
154,0, 0, False, 0
155,0, 0, False, 0
156,0, 0, False, 0
157,0, 0, False, 0
158,0, 0, False, 0
159,0, 0, False, 0
160,0, 0, False, 0
161,0, 0, False, 3
162,0, 0, False, 3
163,0, 0, False, 3
164,0, 0, False, 3
165,0, 0, False, 3
166,0, 0, False, 3
167,0, 0, False, 3
168,0, 0, False, 3
169,0, 0, False, 3
170,0, 0, False, 3
171,0, 0, False, 3
172,0, 0, False, 0
173,0, 0, False, 0
174,0, 0, False, 3
175,0, 0, False, 3
176,0, 0, False, 3
177,0, 0, False, 3
178,0, 0, False, 3
179,0, 0, False, 3
180,0, 0, False, 3
181,0, 0, False, 3
182,0, 0, False, 3
183,0, 0, False, 3
184,0, 0, False, 3
185,0, 0, False, 3
186,0, 0, False, 3
187,0, 0, False, 3
188,0, 0, False, 3
189,0, 0, False, 3
190,0, 0, False, 3
191,0, 0, False, 3
192,0, 0, False, 3
193,0, 0, False, 3
194,0, 0, False, 3
195,0, 0, False, 3
196,0, 0, False, 3
197,0, 0, False, 3
198,0, 0, False, 3
199,0, 0, False, 3
200,0, 0, False, 3
201,0, 0, False, 3
202,0, 0, False, 3
203,0, 0, False, 3
204,0, 0, False, 3
205,0, 0, False, 3
206,0, 0, False, 3
207,0, 0, False, 3
208,0, 0, False, 3
209,0, 0, False, 3
210,0, 0, False, 0
211,0, 0, False, 0
212,0, 0, False, 0
213,0, 0, False, 0
214,0, 0, False, 0
215,0, 0, False, 0
216,0, 0, False, 0
217,0, 0, False, 0
218,0, 0, False, 0
219,0, 0, False, 0
220,0, 0, False, 1
221,0, 0, False, 1
222,0, 0, False, 1
223,0, 0, False, 1
224,0, 0, False, 1
225,0, 0, False, 1
226,0, 0, False, 1
227,0, 0, False, 1
228,0, 0, False, 1
229,0, 0, False, 1
230,0, 0, False, 0
231,0, 0, False, 0
232,0, 0, False, 0
233,0, 0, False, 0
234,0, 0, False, 0
235,0, 0, False, 0
236,0, 0, False, 0
237,0, 0, False, 0
238,0, 0, False, 0
239,0, 0, False, 0
240,0, 0, False, 0
241,0, 0, False, 0
242,0, 0, False, 0
243,0, 0, False, 0
244,0, 0, False, 0
245,5, 5, False, 0
246,0, 5, False, 0
247,0, 5, False, 0
248,0, 5, False, 0
249,0, 5, False, 3
250,0, 5, False, 3
251,0, 5, False, 3
252,0, 5, False, 3
253,0, 5, False, 3
254,0, 5, False, 3
255,0, 5, False, 3
256,0, 5, False, 3
257,0, 5, False, 3
258,0, 5, False, 0
259,0, 5, False, 0
260,0, 5, False, 0
261,0, 5, False, 0
262,0, 5, False, 0
263,0, 5, False, 0
264,0, 5, False, 0
265,0, 5, False, 1
266,0, 5, False, 1
267,0, 5, False, 1
268,0, 5, False, 1
269,0, 5, False, 1
270,0, 5, False, 1
271,0, 5, False, 1
272,0, 5, False, 1
273,0, 5, False, 1
274,0, 5, False, 1
275,0, 5, False, 1
276,0, 5, False, 1
277,0, 5, False, 1
278,0, 5, False, 1
279,0, 5, False, 1
280,0, 5, False, 1
281,0, 5, False, 1
282,0, 5, False, 1
283,0, 5, False, 1
284,0, 5, False, 1
285,0, 5, False, 1
286,0, 5, False, 1
287,0, 5, False, 1
288,0, 5, False, 0
289,0, 5, False, 0
290,0, 5, False, 0
291,0, 5, False, 0
292,0, 5, False, 0
293,0, 5, False, 0
294,0, 5, False, 0
295,0, 5, False, 0
296,0, 5, False, 0
297,0, 5, False, 0
298,0, 5, False, 0
299,10, 15, False, 0
300,0, 15, False, 0
301,0, 15, False, 0
302,0, 15, False, 0
303,0, 15, False, 0
304,0, 15, False, 0
305,0, 15, False, 0
306,0, 15, False, 0
307,0, 15, False, 0
308,0, 15, False, 0
309,0, 15, False, 0
310,0, 15, False, 0
311,0, 15, False, 0
312,0, 15, False, 0
313,0, 15, False, 0
314,0, 15, False, 0
315,0, 15, False, 0
316,0, 15, False, 0
317,0, 15, False, 0
318,0, 15, False, 0
319,0, 15, False, 0
320,0, 15, False, 0
321,0, 15, False, 0
322,0, 15, False, 0
323,0, 15, False, 0
324,0, 15, False, 0
325,0, 15, False, 1
326,0, 15, False, 1
327,0, 15, False, 1
328,0, 15, False, 1
329,0, 15, False, 1
330,0, 15, False, 1
331,0, 15, False, 1
332,0, 15, False, 1
333,0, 15, False, 1
334,0, 15, False, 1
335,0, 15, False, 3
336,0, 15, False, 3
337,0, 15, False, 3
338,0, 15, False, 3
339,0, 15, False, 3
340,0, 15, False, 3
341,0, 15, False, 3
342,0, 15, False, 3
343,0, 15, False, 3
344,0, 15, False, 3
345,0, 15, False, 3
346,0, 15, False, 3
347,0, 15, False, 3
348,0, 15, False, 3
349,0, 15, False, 3
350,0, 15, False, 3
351,0, 15, False, 3
352,0, 15, False, 3
353,0, 15, False, 3
354,0, 15, False, 3
355,0, 15, False, 3
356,0, 15, False, 3
357,0, 15, False, 3
358,0, 15, False, 3
359,0, 15, False, 3
360,0, 15, False, 3
361,0, 15, False, 3
362,0, 15, False, 3
363,0, 15, False, 3
364,0, 15, False, 3
365,0, 15, False, 3
366,0, 15, False, 3
367,0, 15, False, 3
368,0, 15, False, 3
369,15, 30, False, 3
370,0, 30, False, 3
371,0, 30, False, 3
372,0, 30, False, 3
373,0, 30, False, 3
374,0, 30, False, 3
375,0, 30, False, 3
376,0, 30, False, 3
377,0, 30, False, 3
378,0, 30, False, 3
379,0, 30, False, 3
380,0, 30, False, 3
381,0, 30, False, 3
382,0, 30, False, 0
383,0, 30, False, 0
384,0, 30, False, 0
385,0, 30, False, 0
386,0, 30, False, 0
387,0, 30, False, 0
388,0, 30, False, 0
389,0, 30, False, 0
390,0, 30, False, 0
391,0, 30, False, 0
392,0, 30, False, 0
393,0, 30, False, 0
394,0, 30, False, 0
395,0, 30, False, 0
396,0, 30, False, 0
397,0, 30, False, 0
398,0, 30, False, 0
399,0, 30, False, 0
400,0, 30, False, 0
401,0, 30, False, 0
402,0, 30, False, 0
403,0, 30, False, 0
404,0, 30, False, 0
405,0, 30, False, 0
406,0, 30, False, 0
407,0, 30, False, 0
408,0, 30, False, 1
409,0, 30, False, 1
410,0, 30, False, 1
411,0, 30, False, 1
412,0, 30, False, 1
413,0, 30, False, 1
414,0, 30, False, 1
415,0, 30, False, 0
416,0, 30, False, 0
417,0, 30, False, 0
418,0, 30, False, 0
419,0, 30, False, 0
420,0, 30, False, 0
421,0, 30, False, 0
422,0, 30, False, 0
423,0, 30, False, 0
424,0, 30, False, 0
425,0, 30, False, 0
426,0, 30, False, 0
427,0, 30, False, 0
428,0, 30, False, 0
429,0, 30, False, 0
430,0, 30, False, 0
431,0, 30, False, 0
432,0, 30, False, 0
433,0, 30, False, 0
434,0, 30, False, 0
435,0, 30, False, 0
436,0, 30, False, 0
437,0, 30, False, 0
438,0, 30, False, 0
439,0, 30, False, 0
440,0, 30, False, 0
441,0, 30, False, 0
442,0, 30, False, 0
443,0, 30, False, 0
444,0, 30, False, 0
445,0, 30, False, 0
446,0, 30, False, 0
447,0, 30, False, 0
448,0, 30, False, 0
449,0, 30, False, 0
450,0, 30, False, 0
451,0, 30, False, 0
452,0, 30, False, 0
453,0, 30, False, 0
454,0, 30, False, 0
455,0, 30, False, 0
456,0, 30, False, 0
457,0, 30, False, 0
458,0, 30, False, 0
459,0, 30, False, 0
460,0, 30, False, 0
461,0, 30, False, 0
462,0, 30, False, 0
463,0, 30, False, 0
464,0, 30, False, 0
465,0, 30, False, 0
466,0, 30, False, 0
467,0, 30, False, 0
468,0, 30, False, 0
469,0, 30, False, 0
470,0, 30, False, 0
471,0, 30, False, 0
472,0, 30, False, 0
473,0, 30, False, 0
474,0, 30, False, 0
475,0, 30, False, 0
476,0, 30, False, 0
477,0, 30, False, 0
478,0, 30, False, 0
479,0, 30, False, 0
480,0, 30, False, 0
481,0, 30, False, 0
482,0, 30, False, 0
483,0, 30, False, 0
484,0, 30, False, 0
485,0, 30, False, 0
486,0, 30, False, 1
487,0, 30, False, 1
488,0, 30, False, 1
489,0, 30, False, 1
490,0, 30, False, 1
491,0, 30, False, 1
492,0, 30, False, 1
493,0, 30, False, 1
494,0, 30, False, 1
495,0, 30, False, 0
496,0, 30, False, 0
497,0, 30, False, 0
498,0, 30, False, 0
499,0, 30, False, 0
500,0, 30, False, 0
501,0, 30, False, 0
502,0, 30, False, 0
503,0, 30, False, 0
504,0, 30, False, 0
505,0, 30, False, 0
506,0, 30, False, 0
507,0, 30, False, 0
508,0, 30, False, 0
509,0, 30, False, 0
510,0, 30, False, 0
511,0, 30, False, 0
512,0, 30, False, 0
513,0, 30, False, 0
514,0, 30, False, 0
515,0, 30, False, 0
516,0, 30, False, 0
517,0, 30, False, 0
518,0, 30, False, 0
519,0, 30, False, 0
520,0, 30, False, 0
521,0, 30, False, 0
522,0, 30, False, 0
523,0, 30, False, 0
524,0, 30, False, 0
525,0, 30, False, 0
526,0, 30, False, 0
527,0, 30, False, 0
528,0, 30, False, 0
529,0, 30, False, 3
530,0, 30, False, 3
531,0, 30, False, 3
532,0, 30, False, 3
533,0, 30, False, 3
534,0, 30, False, 3
535,0, 30, False, 3
536,0, 30, False, 3
537,0, 30, False, 3
538,0, 30, False, 3
539,0, 30, False, 3
540,0, 30, False, 3
541,0, 30, False, 3
542,0, 30, False, 3
543,0, 30, False, 3
544,0, 30, False, 3
545,20, 50, False, 3
546,0, 50, False, 3
547,0, 50, False, 3
548,0, 50, False, 0
549,0, 50, False, 0
550,0, 50, False, 0
551,0, 50, False, 0
552,0, 50, False, 0
553,0, 50, False, 0
554,0, 50, False, 0
555,0, 50, False, 0
556,0, 50, False, 0
557,0, 50, False, 0
558,0, 50, False, 0
559,0, 50, False, 0
560,0, 50, False, 0
561,0, 50, False, 0
562,0, 50, False, 4
563,0, 50, False, 4
564,0, 50, False, 4
565,0, 50, False, 4
566,0, 50, False, 4
567,0, 50, False, 4
568,0, 50, False, 4
569,0, 50, False, 4
570,0, 50, False, 4
571,0, 50, False, 4
572,0, 50, False, 4
573,0, 50, False, 4
574,0, 50, False, 4
575,0, 50, False, 4
576,0, 50, False, 0
577,0, 50, False, 0
578,0, 50, False, 0
579,0, 50, False, 0
580,0, 50, False, 0
581,0, 50, False, 0
582,0, 50, False, 0
583,0, 50, False, 0
584,0, 50, False, 0
585,0, 50, False, 0
586,0, 50, False, 0
587,0, 50, False, 0
588,0, 50, False, 0
589,0, 50, False, 0
590,0, 50, False, 1
591,0, 50, False, 1
592,0, 50, False, 1
593,0, 50, False, 1
594,0, 50, False, 1
595,0, 50, False, 1
596,0, 50, False, 1
597,0, 50, False, 1
598,0, 50, False, 1
599,0, 50, False, 1
600,0, 50, False, 1
601,0, 50, False, 0
602,0, 50, False, 0
603,0, 50, False, 0
604,0, 50, False, 0
605,0, 50, False, 0
606,0, 50, False, 0
607,0, 50, False, 0
608,0, 50, False, 0
609,0, 50, False, 0
610,0, 50, False, 0
611,0, 50, False, 0
612,0, 50, False, 0
613,0, 50, False, 0
614,0, 50, False, 0
615,0, 50, False, 0
616,0, 50, False, 0
617,0, 50, False, 0
618,0, 50, False, 0
619,0, 50, False, 0
620,0, 50, False, 0
621,0, 50, False, 0
622,0, 50, False, 0
623,0, 50, False, 0
624,0, 50, False, 0
625,0, 50, False, 0
626,0, 50, False, 0
627,0, 50, False, 0
628,0, 50, False, 0
629,0, 50, False, 0
630,0, 50, False, 0
631,0, 50, False, 0
632,0, 50, False, 0
633,0, 50, False, 0
634,0, 50, False, 0
635,0, 50, False, 1
636,0, 50, False, 1
637,0, 50, False, 1
638,0, 50, False, 1
639,0, 50, False, 1
640,0, 50, False, 1
641,0, 50, False, 1
642,0, 50, False, 1
643,0, 50, False, 1
644,0, 50, False, 1
645,0, 50, False, 0
646,0, 50, False, 0
647,0, 50, False, 0
648,0, 50, False, 0
649,0, 50, False, 0
650,0, 50, False, 0
651,0, 50, False, 0
652,0, 50, False, 0
653,25, 75, False, 0
654,0, 75, False, 0
655,0, 75, False, 0
656,0, 75, False, 0
657,0, 75, False, 0
658,0, 75, False, 0
659,0, 75, False, 0
660,0, 75, False, 0
661,0, 75, False, 0
662,0, 75, False, 1
663,0, 75, False, 1
664,0, 75, False, 1
665,0, 75, False, 1
666,0, 75, False, 1
667,0, 75, False, 1
668,0, 75, False, 1
669,0, 75, False, 1
670,0, 75, False, 0
671,0, 75, False, 0
672,0, 75, False, 0
673,0, 75, False, 0
674,0, 75, False, 0
675,0, 75, False, 0
676,0, 75, False, 3
677,0, 75, False, 3
678,0, 75, False, 3
679,0, 75, False, 3
680,0, 75, False, 3
681,0, 75, False, 0
682,0, 75, False, 0
683,0, 75, False, 0
684,0, 75, False, 0
685,0, 75, False, 0
686,0, 75, False, 0
687,0, 75, False, 0
688,0, 75, False, 0
689,5, 80, False, 0
690,0, 80, False, 1
691,0, 80, False, 1
692,0, 80, False, 1
693,0, 80, False, 1
694,0, 80, False, 1
695,0, 80, False, 1
696,0, 80, False, 1
697,0, 80, False, 1
698,0, 80, False, 1
699,0, 80, False, 1
700,0, 80, False, 0
701,0, 80, False, 0
702,0, 80, False, 0
703,0, 80, False, 0
704,0, 80, False, 0
705,0, 80, False, 0
706,0, 80, False, 0
707,0, 80, False, 0
708,0, 80, False, 0
709,0, 80, False, 0
710,0, 80, False, 0
711,0, 80, False, 0
712,0, 80, False, 0
713,0, 80, False, 0
714,0, 80, False, 0
715,0, 80, False, 0
716,0, 80, False, 0
717,0, 80, False, 0
718,0, 80, False, 0
719,0, 80, False, 0
720,0, 80, False, 0
721,0, 80, False, 0
722,0, 80, False, 0
723,0, 80, False, 0
724,0, 80, False, 0
725,10, 90, False, 0
726,0, 90, False, 0
727,0, 90, False, 0
728,0, 90, False, 0
729,0, 90, False, 0
730,0, 90, False, 0
731,0, 90, False, 0
732,0, 90, False, 0
733,0, 90, False, 0
734,0, 90, False, 0
735,0, 90, False, 0
736,0, 90, False, 0
737,0, 90, False, 0
738,0, 90, False, 0
739,0, 90, False, 0
740,0, 90, False, 0
741,0, 90, False, 0
742,0, 90, False, 0
743,0, 90, False, 0
744,0, 90, False, 0
745,0, 90, False, 0
746,0, 90, False, 0
747,0, 90, False, 0
748,0, 90, False, 0
749,0, 90, False, 0
750,0, 90, False, 0
751,0, 90, False, 0
752,0, 90, False, 1
753,0, 90, False, 1
754,0, 90, False, 1
755,0, 90, False, 1
756,0, 90, False, 1
757,0, 90, False, 11
758,0, 90, False, 11
759,0, 90, False, 11
760,0, 90, False, 3
761,0, 90, False, 3
762,0, 90, False, 3
763,0, 90, False, 3
764,0, 90, False, 3
765,0, 90, False, 3
766,0, 90, False, 3
767,0, 90, False, 3
768,0, 90, False, 3
769,0, 90, False, 3
770,0, 90, False, 3
771,0, 90, False, 3
772,0, 90, False, 3
773,0, 90, False, 3
774,0, 90, False, 3
775,0, 90, False, 3
776,0, 90, False, 3
777,0, 90, False, 3
778,0, 90, False, 3
779,0, 90, False, 3
780,0, 90, False, 3
781,0, 90, False, 3
782,0, 90, False, 3
783,0, 90, False, 3
784,0, 90, False, 3
785,0, 90, False, 3
786,0, 90, False, 3
787,0, 90, False, 3
788,0, 90, False, 3
789,0, 90, False, 3
790,0, 90, False, 3
791,0, 90, False, 3
792,0, 90, False, 3
793,0, 90, False, 3
794,0, 90, False, 3
795,15, 105, False, 3
796,0, 105, False, 3
797,0, 105, False, 3
798,0, 105, False, 3
799,0, 105, False, 3
800,0, 105, False, 3
801,0, 105, False, 3
802,0, 105, False, 3
803,0, 105, False, 3
804,0, 105, False, 3
805,0, 105, False, 3
806,0, 105, False, 3
807,0, 105, False, 3
808,0, 105, False, 3
809,0, 105, False, 3
810,0, 105, False, 3
811,0, 105, False, 3
812,0, 105, False, 3
813,0, 105, False, 3
814,0, 105, False, 3
815,0, 105, False, 3
816,0, 105, False, 3
817,0, 105, False, 3
818,0, 105, False, 3
819,0, 105, False, 3
820,0, 105, False, 3
821,0, 105, False, 3
822,0, 105, False, 3
823,0, 105, False, 3
824,0, 105, False, 3
825,0, 105, False, 3
826,0, 105, False, 3
827,0, 105, False, 3
828,0, 105, False, 3
829,0, 105, False, 3
830,0, 105, False, 3
831,0, 105, False, 11
832,0, 105, False, 11
833,0, 105, False, 11
834,0, 105, False, 11
835,0, 105, False, 11
836,0, 105, False, 11
837,0, 105, False, 11
838,0, 105, False, 11
839,0, 105, False, 3
840,0, 105, False, 3
841,0, 105, False, 3
842,0, 105, False, 3
843,0, 105, False, 3
844,0, 105, False, 0
845,0, 105, False, 0
846,0, 105, False, 0
847,0, 105, False, 0
848,0, 105, False, 0
849,0, 105, False, 0
850,0, 105, False, 0
851,0, 105, False, 0
852,0, 105, False, 0
853,0, 105, False, 0
854,0, 105, False, 0
855,0, 105, False, 0
856,0, 105, False, 0
857,0, 105, False, 0
858,0, 105, False, 0
859,0, 105, False, 0
860,0, 105, False, 0
861,0, 105, False, 0
862,0, 105, False, 0
863,0, 105, False, 0
864,0, 105, False, 0
865,0, 105, False, 0
866,0, 105, False, 0
867,0, 105, False, 0
868,0, 105, False, 0
869,0, 105, False, 0
870,0, 105, False, 0
871,0, 105, False, 0
872,0, 105, False, 0
873,0, 105, False, 0
874,0, 105, False, 0
875,0, 105, False, 4
876,0, 105, False, 4
877,0, 105, False, 4
878,0, 105, False, 4
879,0, 105, False, 4
880,0, 105, False, 4
881,0, 105, False, 0
882,0, 105, False, 0
883,0, 105, False, 0
884,0, 105, False, 0
885,0, 105, False, 0
886,0, 105, False, 0
887,0, 105, False, 0
888,0, 105, False, 0
889,0, 105, False, 0
890,0, 105, False, 0
891,0, 105, False, 0
892,0, 105, False, 0
893,0, 105, False, 1
894,0, 105, False, 1
895,0, 105, False, 1
896,0, 105, False, 1
897,0, 105, False, 1
898,0, 105, False, 1
899,0, 105, False, 1
900,0, 105, False, 1
901,0, 105, False, 1
902,0, 105, False, 1
903,0, 105, False, 1
904,0, 105, False, 1
905,0, 105, False, 1
906,0, 105, False, 1
907,0, 105, False, 1
908,0, 105, False, 1
909,0, 105, False, 1
910,0, 105, False, 1
911,0, 105, False, 1
912,0, 105, False, 1
913,0, 105, False, 1
914,0, 105, False, 1
915,0, 105, False, 0
916,0, 105, False, 0
917,0, 105, False, 0
918,0, 105, False, 0
919,0, 105, False, 0
920,0, 105, False, 0
921,0, 105, False, 0
922,0, 105, False, 0
923,0, 105, False, 0
924,0, 105, False, 0
925,0, 105, False, 0
926,0, 105, False, 0
927,0, 105, False, 0
928,0, 105, False, 0
929,0, 105, False, 0
930,0, 105, False, 0
931,0, 105, False, 0
932,0, 105, False, 0
933,0, 105, False, 0
934,0, 105, False, 0
935,0, 105, False, 0
936,0, 105, False, 1
937,0, 105, False, 1
938,0, 105, False, 1
939,0, 105, False, 1
940,0, 105, False, 1
941,0, 105, False, 1
942,0, 105, False, 1
943,0, 105, False, 1
944,0, 105, False, 1
945,0, 105, False, 1
946,0, 105, False, 1
947,0, 105, False, 1
948,0, 105, False, 1
949,0, 105, False, 1
950,0, 105, False, 1
951,0, 105, False, 1
952,0, 105, False, 1
953,0, 105, False, 1
954,0, 105, False, 1
955,0, 105, False, 1
956,0, 105, False, 1
957,0, 105, False, 1
958,0, 105, False, 1
959,0, 105, False, 1
960,0, 105, False, 1
961,5, 110, False, 1
962,0, 110, False, 0
963,0, 110, False, 0
964,0, 110, False, 0
965,0, 110, False, 0
966,0, 110, False, 0
967,0, 110, False, 0
968,0, 110, False, 0
969,0, 110, False, 0
970,0, 110, False, 0
971,0, 110, False, 0
972,0, 110, False, 0
973,0, 110, False, 0
974,0, 110, False, 0
975,0, 110, False, 0
976,0, 110, False, 0
977,0, 110, False, 0
978,0, 110, False, 1
979,0, 110, False, 1
980,0, 110, False, 1
981,0, 110, False, 1
982,0, 110, False, 1
983,0, 110, False, 1
984,0, 110, False, 1
985,0, 110, False, 1
986,0, 110, False, 1
987,0, 110, False, 1
988,0, 110, False, 1
989,0, 110, False, 1
990,0, 110, False, 1
991,0, 110, False, 1
992,0, 110, False, 1
993,0, 110, False, 1
994,0, 110, False, 1
995,0, 110, False, 1
996,0, 110, False, 0
997,0, 110, False, 0
998,0, 110, False, 0
999,0, 110, False, 0
1000,0, 110, False, 0
1001,0, 110, False, 0
1002,0, 110, False, 0
1003,0, 110, False, 0
1004,0, 110, False, 0
1005,0, 110, False, 0
1006,0, 110, False, 0
1007,10, 120, False, 0
1008,0, 120, False, 0
1009,0, 120, False, 0
1010,0, 120, False, 0
1011,0, 120, False, 0
1012,0, 120, False, 0
1013,0, 120, False, 0
1014,0, 120, False, 0
1015,0, 120, False, 0
1016,0, 120, False, 0
1017,0, 120, False, 0
1018,0, 120, False, 0
1019,0, 120, False, 0
1020,0, 120, False, 1
1021,0, 120, False, 1
1022,0, 120, False, 1
1023,0, 120, False, 1
1024,0, 120, False, 1
1025,0, 120, False, 1
1026,0, 120, False, 1
1027,0, 120, False, 1
1028,0, 120, False, 1
1029,0, 120, False, 1
1030,0, 120, False, 1
1031,0, 120, False, 1
1032,0, 120, False, 1
1033,0, 120, False, 1
1034,0, 120, False, 1
1035,0, 120, False, 1
1036,0, 120, False, 1
1037,0, 120, False, 1
1038,0, 120, False, 1
1039,0, 120, False, 1
1040,0, 120, False, 0
1041,0, 120, False, 0
1042,0, 120, False, 0
1043,0, 120, False, 0
1044,0, 120, False, 0
1045,0, 120, False, 0
1046,0, 120, False, 0
1047,0, 120, False, 0
1048,0, 120, False, 0
1049,0, 120, False, 0
1050,0, 120, False, 0
1051,0, 120, False, 0
1052,0, 120, False, 0
1053,0, 120, False, 0
1054,0, 120, False, 0
1055,0, 120, False, 0
1056,0, 120, False, 0
1057,15, 135, False, 0
1058,0, 135, False, 0
1059,0, 135, False, 0
1060,0, 135, False, 0
1061,0, 135, False, 0
1062,0, 135, False, 0
1063,0, 135, False, 0
1064,0, 135, False, 0
1065,0, 135, False, 0
1066,0, 135, False, 0
1067,0, 135, False, 0
1068,0, 135, False, 0
1069,0, 135, False, 0
1070,0, 135, False, 0
1071,0, 135, False, 0
1072,0, 135, False, 0
1073,0, 135, False, 0
1074,0, 135, False, 0
1075,0, 135, False, 0
1076,0, 135, False, 0
1077,0, 135, False, 0
1078,0, 135, False, 0
1079,0, 135, False, 0
1080,0, 135, False, 0
1081,0, 135, False, 0
1082,0, 135, False, 4
1083,0, 135, False, 4
1084,0, 135, False, 4
1085,0, 135, False, 4
1086,0, 135, False, 4
1087,0, 135, False, 4
1088,0, 135, False, 4
1089,0, 135, False, 4
1090,0, 135, False, 4
1091,0, 135, False, 4
1092,0, 135, False, 4
1093,0, 135, False, 4
1094,0, 135, False, 4
1095,0, 135, False, 4
1096,0, 135, False, 4
1097,0, 135, False, 4
1098,0, 135, False, 4
1099,0, 135, False, 4
1100,0, 135, False, 4
1101,0, 135, False, 4
1102,0, 135, False, 4
1103,0, 135, False, 4
1104,0, 135, False, 4
1105,0, 135, False, 4
1106,0, 135, False, 4
1107,0, 135, False, 4
1108,0, 135, False, 4
1109,0, 135, False, 4
1110,0, 135, False, 4
1111,0, 135, False, 4
1112,0, 135, False, 4
1113,0, 135, False, 4
1114,0, 135, False, 4
1115,0, 135, False, 4
1116,0, 135, False, 4
1117,0, 135, False, 4
1118,0, 135, False, 4
1119,0, 135, False, 4
1120,0, 135, False, 4
1121,0, 135, False, 0
1122,0, 135, False, 0
1123,0, 135, False, 0
1124,0, 135, False, 0
1125,0, 135, False, 0
1126,0, 135, False, 0
1127,0, 135, False, 0
1128,0, 135, False, 0
1129,0, 135, False, 0
1130,0, 135, False, 0
1131,0, 135, False, 0
1132,0, 135, False, 0
1133,0, 135, False, 0
1134,0, 135, False, 0
1135,0, 135, False, 0
1136,0, 135, False, 0
1137,0, 135, False, 3
1138,0, 135, False, 3
1139,0, 135, False, 3
1140,0, 135, False, 3
1141,0, 135, False, 3
1142,0, 135, False, 3
1143,0, 135, False, 3
1144,0, 135, False, 3
1145,0, 135, False, 0
1146,0, 135, False, 0
1147,0, 135, False, 0
1148,0, 135, False, 0
1149,0, 135, False, 0
1150,0, 135, False, 0
1151,0, 135, False, 0
1152,0, 135, False, 0
1153,0, 135, False, 0
1154,0, 135, False, 0
1155,0, 135, False, 0
1156,0, 135, False, 0
1157,0, 135, False, 0
1158,0, 135, False, 0
1159,0, 135, False, 0
1160,0, 135, False, 0
1161,0, 135, False, 0
1162,0, 135, False, 0
1163,0, 135, False, 0
1164,0, 135, False, 0
1165,0, 135, False, 0
1166,0, 135, False, 0
1167,0, 135, False, 0
1168,0, 135, False, 0
1169,0, 135, False, 0
1170,0, 135, False, 0
1171,0, 135, False, 0
1172,0, 135, False, 0
1173,0, 135, False, 0
1174,0, 135, False, 0
1175,0, 135, False, 0
1176,0, 135, False, 0
1177,0, 135, False, 0
1178,0, 135, False, 0
1179,0, 135, False, 0
1180,0, 135, False, 0
1181,0, 135, False, 0
1182,0, 135, False, 0
1183,0, 135, False, 0
1184,0, 135, False, 0
1185,0, 135, False, 0
1186,0, 135, False, 0
1187,0, 135, False, 0
1188,0, 135, False, 0
1189,0, 135, False, 0
1190,0, 135, False, 0
1191,0, 135, False, 0
1192,0, 135, False, 0
1193,0, 135, False, 0
1194,0, 135, False, 0
1195,0, 135, False, 0
1196,0, 135, False, 0
1197,0, 135, False, 0
1198,0, 135, False, 0
1199,0, 135, False, 0
1200,0, 135, False, 0
1201,0, 135, False, 0
1202,0, 135, False, 0
1203,0, 135, False, 0
1204,0, 135, False, 0
1205,0, 135, False, 0
1206,0, 135, False, 0
1207,0, 135, False, 0
1208,0, 135, False, 0
1209,0, 135, False, 0
1210,0, 135, False, 0
1211,0, 135, False, 0
1212,0, 135, False, 1
1213,0, 135, False, 1
1214,0, 135, False, 1
1215,0, 135, False, 1
1216,0, 135, False, 1
1217,0, 135, False, 1
1218,0, 135, False, 1
1219,0, 135, False, 1
1220,0, 135, False, 1
1221,0, 135, False, 1
1222,0, 135, False, 1
1223,0, 135, False, 1
1224,0, 135, False, 1
1225,0, 135, False, 1
1226,0, 135, False, 1
1227,0, 135, False, 1
1228,0, 135, False, 1
1229,0, 135, False, 0
1230,0, 135, False, 0
1231,0, 135, False, 0
1232,0, 135, False, 0
1233,0, 135, False, 0
1234,0, 135, False, 0
1235,0, 135, False, 0
1236,0, 135, False, 0
1237,0, 135, False, 0
1238,0, 135, False, 0
1239,0, 135, False, 0
1240,0, 135, False, 0
1241,0, 135, False, 0
1242,0, 135, False, 0
1243,0, 135, False, 0
1244,0, 135, False, 0
1245,0, 135, False, 0
1246,0, 135, False, 0
1247,0, 135, False, 0
1248,0, 135, False, 0
1249,0, 135, False, 0
1250,0, 135, False, 0
1251,0, 135, False, 0
1252,0, 135, False, 0
1253,0, 135, False, 0
1254,0, 135, False, 0
1255,0, 135, False, 0
1256,0, 135, False, 0
1257,0, 135, False, 0
1258,0, 135, False, 0
1259,0, 135, False, 0
1260,0, 135, False, 0
1261,0, 135, False, 0
1262,0, 135, False, 0
1263,0, 135, False, 0
1264,0, 135, False, 0
1265,0, 135, False, 0
1266,0, 135, False, 0
1267,0, 135, False, 0
1268,0, 135, False, 0
1269,0, 135, False, 0
1270,0, 135, False, 0
1271,0, 135, False, 0
1272,0, 135, False, 0
1273,0, 135, False, 0
1274,0, 135, False, 0
1275,0, 135, False, 0
1276,0, 135, False, 0
1277,0, 135, False, 0
1278,0, 135, False, 0
1279,0, 135, False, 0
1280,0, 135, False, 0
1281,0, 135, False, 0
1282,0, 135, False, 0
1283,0, 135, False, 0
1284,0, 135, False, 0
1285,0, 135, False, 0
1286,0, 135, False, 0
1287,0, 135, False, 0
1288,0, 135, False, 1
1289,0, 135, False, 1
1290,0, 135, False, 1
1291,0, 135, False, 1
1292,0, 135, False, 1
1293,0, 135, False, 1
1294,0, 135, False, 1
1295,0, 135, False, 1
1296,0, 135, False, 1
1297,0, 135, False, 1
1298,0, 135, False, 1
1299,0, 135, False, 1
1300,0, 135, False, 1
1301,0, 135, False, 1
1302,0, 135, False, 1
1303,0, 135, False, 1
1304,0, 135, False, 0
1305,0, 135, False, 0
1306,0, 135, False, 0
1307,0, 135, False, 0
1308,0, 135, False, 0
1309,0, 135, False, 0
1310,0, 135, False, 0
1311,0, 135, False, 0
1312,0, 135, False, 0
1313,0, 135, False, 0
1314,0, 135, False, 0
1315,0, 135, False, 0
1316,0, 135, False, 0
1317,0, 135, False, 0
1318,0, 135, False, 1
1319,0, 135, False, 1
1320,0, 135, False, 1
1321,0, 135, False, 1
1322,0, 135, False, 0
1323,0, 135, False, 0
1324,0, 135, False, 0
1325,0, 135, False, 0
1326,0, 135, False, 0
1327,0, 135, False, 0
1328,0, 135, False, 0
1329,0, 135, False, 4
1330,0, 135, False, 4
1331,0, 135, False, 4
1332,0, 135, False, 4
1333,0, 135, False, 4
1334,0, 135, False, 4
1335,0, 135, False, 4
1336,0, 135, False, 4
1337,0, 135, False, 4
1338,0, 135, False, 4
1339,0, 135, False, 4
1340,0, 135, False, 4
1341,0, 135, False, 4
1342,0, 135, False, 4
1343,20, 155, False, 4
1344,0, 155, False, 4
1345,0, 155, False, 4
1346,0, 155, False, 4
1347,0, 155, False, 4
1348,0, 155, False, 4
1349,0, 155, False, 4
1350,0, 155, False, 4
1351,0, 155, False, 4
1352,0, 155, False, 4
1353,0, 155, False, 4
1354,0, 155, False, 4
1355,0, 155, False, 4
1356,0, 155, False, 4
1357,0, 155, False, 4
1358,0, 155, False, 4
1359,0, 155, False, 4
1360,0, 155, False, 4
1361,0, 155, False, 4
1362,0, 155, False, 4
1363,0, 155, False, 4
1364,0, 155, False, 4
1365,0, 155, False, 4
1366,0, 155, False, 4
1367,0, 155, False, 4
1368,0, 155, False, 4
1369,0, 155, False, 4
1370,0, 155, False, 4
1371,0, 155, False, 4
1372,0, 155, False, 4
1373,0, 155, False, 4
1374,0, 155, False, 4
1375,0, 155, False, 4
1376,0, 155, False, 4
1377,0, 155, False, 4
1378,0, 155, False, 4
1379,0, 155, False, 4
1380,0, 155, False, 4
1381,0, 155, False, 4
1382,0, 155, False, 4
1383,0, 155, False, 4
1384,0, 155, False, 4
1385,0, 155, False, 4
1386,0, 155, False, 4
1387,0, 155, False, 4
1388,0, 155, False, 4
1389,0, 155, False, 4
1390,0, 155, False, 4
1391,0, 155, False, 4
1392,0, 155, False, 4
1393,0, 155, False, 4
1394,0, 155, False, 4
1395,0, 155, False, 4
1396,0, 155, False, 4
1397,0, 155, False, 4
1398,0, 155, False, 4
1399,0, 155, False, 4
1400,0, 155, False, 4
1401,0, 155, False, 4
1402,0, 155, False, 4
1403,0, 155, False, 4
1404,0, 155, False, 4
1405,0, 155, False, 4
1406,0, 155, False, 4
1407,0, 155, False, 4
1408,0, 155, False, 4
1409,0, 155, False, 4
1410,0, 155, False, 4
1411,0, 155, False, 4
1412,0, 155, False, 4
1413,0, 155, False, 4
1414,0, 155, False, 4
1415,0, 155, False, 4
1416,0, 155, False, 4
1417,0, 155, False, 4
1418,0, 155, False, 4
1419,0, 155, False, 4
1420,0, 155, False, 4
1421,0, 155, False, 4
1422,0, 155, False, 4
1423,0, 155, False, 4
1424,0, 155, False, 4
1425,0, 155, False, 4
1426,0, 155, False, 4
1427,0, 155, False, 4
1428,0, 155, False, 4
1429,0, 155, False, 4
1430,0, 155, False, 4
1431,0, 155, False, 4
1432,0, 155, False, 4
1433,0, 155, False, 4
1434,0, 155, False, 4
1435,0, 155, False, 4
1436,0, 155, False, 4
1437,0, 155, False, 4
1438,0, 155, False, 4
1439,0, 155, False, 4
1440,0, 155, False, 4
1441,0, 155, False, 4
1442,0, 155, False, 4
1443,0, 155, False, 4
1444,0, 155, False, 4
1445,0, 155, False, 4
1446,0, 155, False, 4
1447,0, 155, False, 4
1448,0, 155, False, 4
1449,0, 155, False, 4
1450,0, 155, False, 4
1451,0, 155, False, 4
1452,0, 155, False, 4
1453,0, 155, False, 4
1454,0, 155, False, 4
1455,0, 155, False, 4
1456,0, 155, False, 4
1457,0, 155, False, 4
1458,0, 155, False, 4
1459,0, 155, False, 4
1460,0, 155, False, 4
1461,0, 155, False, 4
1462,0, 155, False, 4
1463,0, 155, False, 4
1464,0, 155, False, 4
1465,0, 155, False, 4
1466,0, 155, False, 4
1467,0, 155, False, 4
1468,0, 155, False, 4
1469,0, 155, False, 4
1470,0, 155, False, 4
1471,0, 155, False, 4
1472,0, 155, False, 4
1473,0, 155, False, 4
1474,0, 155, False, 4
1475,0, 155, False, 4
1476,0, 155, False, 4
1477,0, 155, False, 4
1478,0, 155, False, 4
1479,0, 155, False, 12
1480,0, 155, False, 12
1481,0, 155, False, 1
1482,0, 155, False, 1
1483,0, 155, False, 1
1484,0, 155, False, 1
1485,0, 155, False, 1
1486,0, 155, False, 1
1487,0, 155, False, 1
1488,0, 155, False, 1
1489,0, 155, False, 1
1490,0, 155, False, 0
1491,0, 155, False, 0
1492,0, 155, False, 0
1493,0, 155, False, 0
1494,0, 155, False, 0
1495,0, 155, False, 0
1496,0, 155, False, 0
1497,0, 155, False, 0
1498,0, 155, False, 0
1499,0, 155, False, 0
1500,0, 155, False, 0
1501,0, 155, False, 0
1502,0, 155, False, 0
1503,5, 160, False, 0
1504,0, 160, False, 0
1505,0, 160, False, 0
1506,0, 160, False, 0
1507,0, 160, False, 0
1508,0, 160, False, 0
1509,0, 160, False, 0
1510,0, 160, False, 0
1511,0, 160, False, 0
1512,0, 160, False, 0
1513,0, 160, False, 0
1514,0, 160, False, 0
1515,0, 160, False, 1
1516,0, 160, False, 1
1517,0, 160, False, 1
1518,0, 160, False, 1
1519,0, 160, False, 1
1520,0, 160, False, 1
1521,0, 160, False, 1
1522,0, 160, False, 1
1523,0, 160, False, 1
1524,0, 160, False, 1
1525,0, 160, False, 1
1526,0, 160, False, 1
1527,0, 160, False, 1
1528,0, 160, False, 1
1529,0, 160, False, 1
1530,0, 160, False, 1
1531,0, 160, False, 1
1532,0, 160, False, 1
1533,0, 160, False, 1
1534,0, 160, False, 0
1535,0, 160, False, 0
1536,0, 160, False, 0
1537,0, 160, False, 0
1538,0, 160, False, 0
1539,0, 160, False, 0
1540,0, 160, False, 0
1541,0, 160, False, 0
1542,0, 160, False, 0
1543,0, 160, False, 0
1544,0, 160, False, 0
1545,0, 160, False, 0
1546,0, 160, False, 0
1547,10, 170, False, 0
1548,0, 170, False, 0
1549,0, 170, False, 0
1550,0, 170, False, 0
1551,0, 170, False, 0
1552,0, 170, False, 0
1553,0, 170, False, 0
1554,0, 170, False, 0
1555,0, 170, False, 0
1556,0, 170, False, 0
1557,0, 170, False, 0
1558,0, 170, False, 0
1559,0, 170, False, 0
1560,0, 170, False, 0
1561,0, 170, False, 1
1562,0, 170, False, 1
1563,0, 170, False, 1
1564,0, 170, False, 1
1565,0, 170, False, 1
1566,0, 170, False, 1
1567,0, 170, False, 1
1568,0, 170, False, 1
1569,0, 170, False, 1
1570,0, 170, False, 1
1571,0, 170, False, 1
1572,0, 170, False, 1
1573,0, 170, False, 1
1574,0, 170, False, 1
1575,0, 170, False, 1
1576,0, 170, False, 1
1577,0, 170, False, 1
1578,0, 170, False, 0
1579,0, 170, False, 0
1580,0, 170, False, 0
1581,0, 170, False, 0
1582,0, 170, False, 0
1583,0, 170, False, 0
1584,0, 170, False, 0
1585,0, 170, False, 0
1586,0, 170, False, 0
1587,0, 170, False, 0
1588,0, 170, False, 0
1589,0, 170, False, 0
1590,0, 170, False, 0
1591,0, 170, False, 0
1592,0, 170, False, 0
1593,0, 170, False, 0
1594,0, 170, False, 0
1595,0, 170, False, 0
1596,0, 170, False, 0
1597,0, 170, False, 0
1598,0, 170, False, 0
1599,0, 170, False, 0
1600,0, 170, False, 0
1601,0, 170, False, 0
1602,0, 170, False, 0
1603,0, 170, False, 0
1604,0, 170, False, 0
1605,0, 170, False, 0
1606,0, 170, False, 0
1607,0, 170, False, 0
1608,0, 170, False, 0
1609,0, 170, False, 0
1610,0, 170, False, 0
1611,0, 170, False, 0
1612,0, 170, False, 0
1613,0, 170, False, 0
1614,0, 170, False, 0
1615,0, 170, False, 0
1616,0, 170, False, 0
1617,0, 170, False, 0
1618,0, 170, False, 0
1619,0, 170, False, 0
1620,0, 170, False, 0
1621,0, 170, False, 0
1622,0, 170, False, 0
1623,0, 170, False, 0
1624,0, 170, False, 0
1625,0, 170, False, 0
1626,0, 170, False, 0
1627,0, 170, False, 0
1628,0, 170, False, 0
1629,0, 170, False, 0
1630,0, 170, False, 0
1631,0, 170, False, 0
1632,0, 170, False, 0
1633,0, 170, False, 0
1634,0, 170, False, 0
1635,0, 170, False, 3
1636,0, 170, False, 3
1637,0, 170, False, 3
1638,0, 170, False, 3
1639,0, 170, False, 3
1640,0, 170, False, 3
1641,0, 170, False, 0
1642,0, 170, False, 0
1643,0, 170, False, 0
1644,0, 170, False, 0
1645,0, 170, False, 0
1646,0, 170, False, 0
1647,0, 170, False, 0
1648,0, 170, False, 0
1649,0, 170, False, 0
1650,0, 170, False, 0
1651,0, 170, False, 0
1652,0, 170, False, 0
1653,0, 170, False, 0
1654,0, 170, False, 0
1655,0, 170, False, 0
1656,0, 170, False, 0
1657,0, 170, False, 0
1658,0, 170, False, 0
1659,0, 170, False, 0
1660,0, 170, False, 0
1661,0, 170, False, 0
1662,0, 170, False, 0
1663,0, 170, False, 0
1664,0, 170, False, 0
1665,0, 170, False, 0
1666,0, 170, False, 0
1667,0, 170, False, 0
1668,0, 170, False, 0
1669,0, 170, False, 0
1670,0, 170, False, 0
1671,0, 170, False, 0
1672,0, 170, False, 0
1673,0, 170, False, 0
1674,0, 170, False, 0
1675,0, 170, False, 0
1676,0, 170, False, 0
1677,0, 170, False, 0
1678,0, 170, False, 0
1679,0, 170, False, 0
1680,0, 170, False, 0
1681,0, 170, False, 0
1682,0, 170, False, 0
1683,0, 170, False, 0
1684,0, 170, False, 0
1685,0, 170, False, 0
1686,0, 170, False, 0
1687,0, 170, False, 0
1688,0, 170, False, 0
1689,0, 170, False, 0
1690,0, 170, False, 0
1691,0, 170, False, 0
1692,0, 170, False, 0
1693,0, 170, False, 0
1694,0, 170, False, 0
1695,0, 170, False, 0
1696,0, 170, False, 0
1697,0, 170, False, 0
1698,0, 170, False, 0
1699,0, 170, False, 0
1700,0, 170, False, 0
1701,0, 170, False, 0
1702,0, 170, False, 0
1703,0, 170, False, 0
1704,0, 170, False, 0
1705,0, 170, False, 0
1706,0, 170, False, 0
1707,0, 170, False, 0
1708,0, 170, False, 0
1709,0, 170, False, 0
1710,0, 170, False, 0
1711,0, 170, False, 0
1712,0, 170, False, 0
1713,0, 170, False, 0
1714,0, 170, False, 0
1715,0, 170, False, 0
1716,0, 170, False, 0
1717,0, 170, False, 0
1718,0, 170, False, 0
1719,0, 170, False, 0
1720,0, 170, False, 0
1721,0, 170, False, 0
1722,0, 170, False, 0
1723,0, 170, False, 0
1724,0, 170, False, 0
1725,0, 170, False, 0
1726,0, 170, False, 0
1727,0, 170, False, 0
1728,0, 170, False, 0
1729,0, 170, False, 0
1730,0, 170, False, 0
1731,0, 170, False, 0
1732,0, 170, False, 0
1733,0, 170, False, 0
1734,0, 170, False, 0
1735,0, 170, False, 0
1736,0, 170, False, 0
1737,0, 170, False, 0
1738,0, 170, False, 1
1739,0, 170, False, 1
1740,0, 170, False, 1
1741,0, 170, False, 1
1742,0, 170, False, 1
1743,0, 170, False, 1
1744,0, 170, False, 1
1745,0, 170, False, 1
1746,0, 170, False, 1
1747,0, 170, False, 1
1748,0, 170, False, 1
1749,0, 170, False, 1
1750,0, 170, False, 0
1751,0, 170, False, 0
1752,0, 170, False, 0
1753,0, 170, False, 0
1754,0, 170, False, 0
1755,0, 170, False, 0
1756,0, 170, False, 0
1757,0, 170, False, 0
1758,0, 170, False, 0
1759,0, 170, False, 0
1760,0, 170, False, 0
1761,5, 175, False, 0
1762,0, 175, False, 0
1763,0, 175, False, 0
1764,0, 175, False, 0
1765,0, 175, False, 0
1766,0, 175, False, 0
1767,0, 175, False, 0
1768,0, 175, False, 0
1769,0, 175, False, 0
1770,0, 175, False, 0
1771,0, 175, False, 0
1772,0, 175, False, 0
1773,0, 175, False, 0
1774,0, 175, False, 0
1775,0, 175, False, 0
1776,0, 175, False, 0
1777,0, 175, False, 0
1778,0, 175, False, 0
1779,0, 175, False, 0
1780,0, 175, False, 1
1781,0, 175, False, 1
1782,0, 175, False, 1
1783,0, 175, False, 1
1784,0, 175, False, 1
1785,0, 175, False, 1
1786,0, 175, False, 1
1787,0, 175, False, 1
1788,0, 175, False, 1
1789,0, 175, False, 1
1790,0, 175, False, 1
1791,0, 175, False, 1
1792,0, 175, False, 1
1793,0, 175, False, 1
1794,0, 175, False, 1
1795,0, 175, False, 1
1796,0, 175, False, 1
1797,0, 175, False, 1
1798,0, 175, False, 1
1799,0, 175, False, 1
1800,0, 175, False, 0
1801,0, 175, False, 0
1802,0, 175, False, 0
1803,10, 185, False, 0
1804,0, 185, False, 0
1805,0, 185, False, 0
1806,0, 185, False, 0
1807,0, 185, False, 0
1808,0, 185, False, 0
1809,0, 185, False, 0
1810,0, 185, False, 0
1811,0, 185, False, 0
1812,0, 185, False, 0
1813,0, 185, False, 0
1814,0, 185, False, 0
1815,0, 185, False, 0
1816,0, 185, False, 0
1817,0, 185, False, 1
1818,0, 185, False, 1
1819,0, 185, False, 1
1820,0, 185, False, 1
1821,0, 185, False, 1
1822,0, 185, False, 1
1823,0, 185, False, 1
1824,0, 185, False, 1
1825,0, 185, False, 1
1826,0, 185, False, 1
1827,0, 185, False, 1
1828,0, 185, False, 1
1829,0, 185, False, 1
1830,0, 185, False, 1
1831,0, 185, False, 1
1832,0, 185, False, 1
1833,0, 185, False, 1
1834,0, 185, False, 1
1835,0, 185, False, 0
1836,0, 185, False, 0
1837,0, 185, False, 0
1838,0, 185, False, 0
1839,0, 185, False, 0
1840,0, 185, False, 0
1841,0, 185, False, 0
1842,0, 185, False, 0
1843,0, 185, False, 0
1844,0, 185, False, 0
1845,0, 185, False, 0
1846,0, 185, False, 0
1847,0, 185, False, 0
1848,0, 185, False, 0
1849,0, 185, False, 0
1850,0, 185, False, 0
1851,0, 185, False, 0
1852,0, 185, False, 0
1853,0, 185, False, 0
1854,0, 185, False, 0
1855,0, 185, False, 0
1856,0, 185, False, 0
1857,0, 185, False, 0
1858,0, 185, False, 0
1859,0, 185, False, 0
1860,0, 185, False, 0
1861,0, 185, False, 0
1862,0, 185, False, 0
1863,0, 185, False, 0
1864,0, 185, False, 0
1865,0, 185, False, 0
1866,0, 185, False, 0
1867,0, 185, False, 0
1868,0, 185, False, 0
1869,0, 185, False, 0
1870,0, 185, False, 0
1871,0, 185, False, 0
1872,0, 185, False, 0
1873,0, 185, False, 0
1874,0, 185, False, 0
1875,0, 185, False, 0
1876,0, 185, False, 0
1877,0, 185, False, 0
1878,0, 185, False, 0
1879,0, 185, False, 0
1880,0, 185, False, 0
1881,0, 185, False, 0
1882,0, 185, False, 0
1883,0, 185, False, 1
1884,0, 185, False, 1
1885,0, 185, False, 1
1886,0, 185, False, 1
1887,0, 185, False, 1
1888,0, 185, False, 1
1889,0, 185, False, 1
1890,0, 185, False, 1
1891,0, 185, False, 1
1892,0, 185, False, 1
1893,0, 185, False, 1
1894,0, 185, False, 1
1895,0, 185, False, 1
1896,0, 185, False, 1
1897,0, 185, False, 0
1898,0, 185, False, 0
1899,0, 185, False, 0
1900,0, 185, False, 0
1901,0, 185, False, 0
1902,0, 185, False, 0
1903,0, 185, False, 0
1904,0, 185, False, 0
1905,0, 185, False, 0
1906,0, 185, False, 0
1907,0, 185, False, 0
1908,0, 185, False, 0
1909,0, 185, False, 0
1910,0, 185, False, 0
1911,0, 185, False, 0
1912,0, 185, False, 0
1913,0, 185, False, 0
1914,0, 185, False, 0
1915,0, 185, False, 0
1916,0, 185, False, 0
1917,0, 185, False, 0
1918,0, 185, False, 0
1919,0, 185, False, 0
1920,0, 185, False, 0
1921,0, 185, False, 1
1922,0, 185, False, 1
1923,0, 185, False, 1
1924,0, 185, False, 1
1925,0, 185, False, 1
1926,0, 185, False, 1
1927,0, 185, False, 1
1928,0, 185, False, 1
1929,0, 185, False, 1
1930,0, 185, False, 1
1931,0, 185, False, 1
1932,0, 185, False, 1
1933,0, 185, False, 1
1934,0, 185, False, 1
1935,0, 185, False, 1
1936,0, 185, False, 1
1937,0, 185, False, 1
1938,0, 185, False, 0
1939,0, 185, False, 0
1940,0, 185, False, 0
1941,0, 185, False, 0
1942,0, 185, False, 0
1943,0, 185, False, 0
1944,0, 185, False, 0
1945,0, 185, False, 0
1946,0, 185, False, 0
1947,0, 185, False, 0
1948,0, 185, False, 0
1949,0, 185, False, 0
1950,0, 185, False, 0
1951,0, 185, False, 0
1952,0, 185, False, 0
1953,0, 185, False, 0
1954,0, 185, False, 0
1955,15, 200, False, 0
1956,0, 200, False, 0
1957,0, 200, False, 0
1958,0, 200, False, 0
1959,0, 200, False, 0
1960,0, 200, False, 0
1961,0, 200, False, 0
1962,0, 200, False, 0
1963,0, 200, False, 1
1964,0, 200, False, 1
1965,0, 200, False, 1
1966,0, 200, False, 1
1967,0, 200, False, 1
1968,0, 200, False, 1
1969,0, 200, False, 1
1970,0, 200, False, 1
1971,0, 200, False, 1
1972,0, 200, False, 1
1973,0, 200, False, 1
1974,0, 200, False, 1
1975,0, 200, False, 1
1976,0, 200, False, 1
1977,0, 200, False, 1
1978,0, 200, False, 1
1979,0, 200, False, 0
1980,0, 200, False, 0
1981,0, 200, False, 0
1982,0, 200, False, 0
1983,0, 200, False, 0
1984,0, 200, False, 0
1985,0, 200, False, 0
1986,0, 200, False, 0
1987,0, 200, False, 0
1988,0, 200, False, 0
1989,0, 200, False, 0
1990,0, 200, False, 0
1991,0, 200, False, 0
1992,0, 200, False, 0
1993,0, 200, False, 0
1994,0, 200, False, 0
1995,0, 200, False, 0
1996,0, 200, False, 0
1997,0, 200, False, 0
1998,0, 200, False, 0
1999,0, 200, False, 0
2000,0, 200, False, 0
2001,0, 200, False, 0
2002,0, 200, False, 0
2003,0, 200, False, 0
2004,0, 200, False, 1
2005,20, 220, False, 1
2006,0, 220, False, 1
2007,0, 220, False, 1
2008,0, 220, False, 1
2009,0, 220, False, 1
2010,0, 220, False, 1
2011,0, 220, False, 1
2012,0, 220, False, 1
2013,0, 220, False, 1
2014,0, 220, False, 1
2015,0, 220, False, 1
2016,0, 220, False, 1
2017,0, 220, False, 1
2018,0, 220, False, 1
2019,0, 220, False, 1
2020,0, 220, False, 1
2021,0, 220, False, 1
2022,0, 220, False, 1
2023,0, 220, False, 1
2024,0, 220, False, 1
2025,0, 220, False, 1
2026,0, 220, False, 1
2027,0, 220, False, 1
2028,0, 220, False, 1
2029,0, 220, False, 0
2030,0, 220, False, 0
2031,0, 220, False, 0
2032,0, 220, False, 0
2033,0, 220, False, 0
2034,0, 220, False, 0
2035,0, 220, False, 0
2036,0, 220, False, 0
2037,0, 220, False, 0
2038,0, 220, False, 0
2039,0, 220, False, 0
2040,0, 220, False, 0
2041,0, 220, False, 0
2042,0, 220, False, 0
2043,0, 220, False, 0
2044,0, 220, False, 0
2045,0, 220, False, 0
2046,0, 220, False, 0
2047,0, 220, False, 0
2048,0, 220, False, 0
2049,0, 220, False, 0
2050,0, 220, False, 0
2051,0, 220, False, 0
2052,0, 220, False, 0
2053,0, 220, False, 3
2054,0, 220, False, 3
2055,0, 220, False, 3
2056,0, 220, False, 3
2057,0, 220, False, 3
2058,0, 220, False, 3
2059,0, 220, False, 3
2060,0, 220, False, 3
2061,0, 220, False, 3
2062,0, 220, False, 3
2063,0, 220, False, 3
2064,0, 220, False, 3
2065,0, 220, False, 3
2066,0, 220, False, 3
2067,0, 220, False, 3
2068,0, 220, False, 3
2069,0, 220, False, 3
2070,0, 220, False, 3
2071,0, 220, False, 3
2072,0, 220, False, 3
2073,0, 220, False, 3
2074,0, 220, False, 3
2075,0, 220, False, 3
2076,0, 220, False, 3
2077,0, 220, False, 3
2078,0, 220, False, 3
2079,0, 220, False, 3
2080,0, 220, False, 3
2081,0, 220, False, 3
2082,0, 220, False, 3
2083,0, 220, False, 3
2084,0, 220, False, 3
2085,0, 220, False, 3
2086,0, 220, False, 3
2087,0, 220, False, 3
2088,0, 220, False, 3
2089,0, 220, False, 3
2090,0, 220, False, 3
2091,0, 220, False, 3
2092,0, 220, False, 3
2093,0, 220, False, 3
2094,0, 220, False, 3
2095,0, 220, False, 3
2096,0, 220, False, 3
2097,0, 220, False, 3
2098,0, 220, False, 3
2099,0, 220, False, 3
2100,0, 220, False, 3
2101,0, 220, False, 3
2102,0, 220, False, 3
2103,0, 220, False, 3
2104,0, 220, False, 3
2105,0, 220, False, 3
2106,0, 220, False, 3
2107,0, 220, False, 3
2108,0, 220, False, 3
2109,0, 220, False, 3
2110,0, 220, False, 3
2111,0, 220, False, 3
2112,0, 220, False, 3
2113,0, 220, False, 3
2114,0, 220, False, 3
2115,0, 220, False, 3
2116,0, 220, False, 3
2117,0, 220, False, 3
2118,0, 220, False, 3
2119,0, 220, False, 3
2120,0, 220, False, 3
2121,0, 220, False, 3
2122,0, 220, False, 3
2123,0, 220, False, 0
2124,0, 220, False, 0
2125,0, 220, False, 0
2126,0, 220, False, 0
2127,0, 220, False, 0
2128,0, 220, False, 0
2129,0, 220, False, 0
2130,0, 220, False, 0
2131,0, 220, False, 0
2132,0, 220, False, 0
2133,0, 220, False, 0
2134,0, 220, False, 4
2135,0, 220, False, 4
2136,0, 220, False, 4
2137,0, 220, False, 4
2138,0, 220, False, 4
2139,0, 220, False, 4
2140,0, 220, False, 4
2141,0, 220, False, 4
2142,0, 220, False, 4
2143,0, 220, False, 4
2144,0, 220, False, 4
2145,0, 220, False, 4
2146,0, 220, False, 4
2147,0, 220, False, 4
2148,0, 220, False, 4
2149,0, 220, False, 4
2150,0, 220, False, 4
2151,0, 220, False, 4
2152,0, 220, False, 4
2153,0, 220, False, 4
2154,0, 220, False, 4
2155,0, 220, False, 4
2156,0, 220, False, 4
2157,0, 220, False, 4
2158,0, 220, False, 4
2159,0, 220, False, 4
2160,0, 220, False, 4
2161,0, 220, False, 4
2162,0, 220, False, 4
2163,0, 220, False, 4
2164,0, 220, False, 4
2165,0, 220, False, 4
2166,0, 220, False, 4
2167,0, 220, False, 4
2168,0, 220, False, 4
2169,0, 220, False, 4
2170,0, 220, False, 4
2171,0, 220, False, 4
2172,0, 220, False, 1
2173,0, 220, False, 1
2174,0, 220, False, 1
2175,0, 220, False, 1
2176,0, 220, False, 1
2177,0, 220, False, 11
2178,0, 220, False, 11
2179,0, 220, False, 11
2180,0, 220, False, 11
2181,0, 220, False, 11
2182,0, 220, False, 3
2183,0, 220, False, 3
2184,0, 220, False, 3
2185,0, 220, False, 3
2186,0, 220, False, 3
2187,0, 220, False, 3
2188,0, 220, False, 3
2189,0, 220, False, 3
2190,0, 220, False, 3
2191,0, 220, False, 3
2192,0, 220, False, 3
2193,0, 220, False, 3
2194,0, 220, False, 3
2195,0, 220, False, 3
2196,0, 220, False, 3
2197,0, 220, False, 3
2198,0, 220, False, 3
2199,15, 235, False, 3
2200,0, 235, False, 3
2201,0, 235, False, 3
2202,0, 235, False, 3
2203,0, 235, False, 3
2204,0, 235, False, 3
2205,0, 235, False, 3
2206,0, 235, False, 3
2207,0, 235, False, 3
2208,0, 235, False, 3
2209,0, 235, False, 3
2210,0, 235, False, 3
2211,0, 235, False, 3
2212,0, 235, False, 3
2213,0, 235, False, 3
2214,0, 235, False, 3
2215,0, 235, False, 3
2216,0, 235, False, 3
2217,0, 235, False, 3
2218,0, 235, False, 3
2219,0, 235, False, 3
2220,0, 235, False, 3
2221,0, 235, False, 3
2222,0, 235, False, 3
2223,0, 235, False, 3
2224,0, 235, False, 3
2225,0, 235, False, 3
2226,0, 235, False, 3
2227,0, 235, False, 3
2228,0, 235, False, 3
2229,0, 235, False, 3
2230,0, 235, False, 3
2231,0, 235, False, 3
2232,0, 235, False, 3
2233,0, 235, False, 3
2234,0, 235, False, 3
2235,0, 235, False, 3
2236,0, 235, False, 3
2237,0, 235, False, 3
2238,0, 235, False, 3
2239,0, 235, False, 3
2240,0, 235, False, 3
2241,0, 235, False, 3
2242,0, 235, False, 3
2243,0, 235, False, 3
2244,0, 235, False, 3
2245,0, 235, False, 3
2246,0, 235, False, 3
2247,0, 235, False, 3
2248,0, 235, False, 3
2249,0, 235, False, 3
2250,0, 235, False, 3
2251,0, 235, False, 3
2252,0, 235, False, 3
2253,0, 235, False, 3
2254,0, 235, False, 3
2255,0, 235, False, 3
2256,0, 235, False, 3
2257,0, 235, False, 3
2258,0, 235, False, 3
2259,0, 235, False, 3
2260,0, 235, False, 3
2261,0, 235, False, 3
2262,0, 235, False, 3
2263,0, 235, False, 3
2264,0, 235, False, 3
2265,0, 235, False, 3
2266,0, 235, False, 3
2267,0, 235, False, 3
2268,0, 235, False, 3
2269,0, 235, False, 3
2270,0, 235, False, 3
2271,0, 235, False, 3
2272,0, 235, False, 3
2273,0, 235, False, 3
2274,0, 235, False, 3
2275,0, 235, False, 3
2276,0, 235, False, 3
2277,0, 235, False, 3
2278,0, 235, False, 3
2279,0, 235, False, 3
2280,0, 235, False, 3
2281,0, 235, False, 3
2282,0, 235, False, 3
2283,0, 235, False, 3
2284,0, 235, False, 3
2285,0, 235, False, 3
2286,0, 235, False, 3
2287,0, 235, False, 3
2288,0, 235, False, 0
2289,0, 235, False, 0
2290,0, 235, False, 0
2291,0, 235, False, 0
2292,0, 235, False, 0
2293,0, 235, False, 0
2294,0, 235, False, 0
2295,0, 235, False, 0
2296,0, 235, False, 0
2297,0, 235, False, 0
2298,0, 235, False, 1
2299,0, 235, False, 1
2300,0, 235, False, 1
2301,0, 235, False, 1
2302,0, 235, False, 1
2303,0, 235, False, 1
2304,0, 235, False, 1
2305,0, 235, False, 1
2306,0, 235, False, 1
2307,5, 240, False, 1
2308,0, 240, False, 1
2309,0, 240, False, 1
2310,0, 240, False, 0
2311,0, 240, False, 0
2312,0, 240, False, 0
2313,0, 240, False, 0
2314,0, 240, False, 0
2315,0, 240, False, 0
2316,0, 240, False, 0
2317,0, 240, False, 0
2318,0, 240, False, 0
2319,0, 240, False, 0
2320,0, 240, False, 0
2321,0, 240, False, 0
2322,0, 240, False, 0
2323,0, 240, False, 4
2324,0, 240, False, 4
2325,0, 240, False, 4
2326,0, 240, False, 4
2327,10, 250, False, 4
2328,0, 250, False, 4
2329,0, 250, False, 4
2330,0, 250, False, 4
2331,0, 250, False, 4
2332,0, 250, False, 4
2333,0, 250, False, 4
2334,0, 250, False, 4
2335,0, 250, False, 4
2336,0, 250, False, 4
2337,0, 250, False, 4
2338,0, 250, False, 4
2339,0, 250, False, 0
2340,0, 250, False, 0
2341,0, 250, False, 1
2342,0, 250, False, 1
2343,0, 250, False, 1
2344,0, 250, False, 1
2345,0, 250, False, 1
2346,0, 250, False, 1
2347,0, 250, False, 1
2348,0, 250, False, 1
2349,0, 250, False, 1
2350,0, 250, False, 1
2351,0, 250, False, 1
2352,0, 250, False, 1
2353,0, 250, False, 1
2354,0, 250, False, 1
2355,0, 250, False, 1
2356,0, 250, False, 1
2357,0, 250, False, 1
2358,0, 250, False, 1
2359,0, 250, False, 1
2360,0, 250, False, 1
2361,0, 250, False, 1
2362,0, 250, False, 1
2363,0, 250, False, 1
2364,0, 250, False, 1
2365,0, 250, False, 1
2366,0, 250, False, 1
2367,0, 250, False, 1
2368,0, 250, False, 1
2369,15, 265, False, 1
2370,0, 265, False, 1
2371,0, 265, False, 1
2372,0, 265, False, 1
2373,0, 265, False, 1
2374,0, 265, False, 1
2375,0, 265, False, 1
2376,0, 265, False, 1
2377,0, 265, False, 1
2378,0, 265, False, 1
2379,0, 265, False, 1
2380,0, 265, False, 1
2381,0, 265, False, 1
2382,0, 265, False, 1
2383,0, 265, False, 1
2384,0, 265, False, 1
2385,0, 265, False, 1
2386,0, 265, False, 1
2387,0, 265, False, 1
2388,0, 265, False, 1
2389,0, 265, False, 1
2390,0, 265, False, 1
2391,0, 265, False, 1
2392,0, 265, False, 1
2393,0, 265, False, 1
2394,0, 265, False, 1
2395,0, 265, False, 1
2396,0, 265, False, 12
2397,0, 265, False, 12
2398,0, 265, False, 4
2399,0, 265, False, 4
2400,0, 265, False, 4
2401,0, 265, False, 4
2402,0, 265, False, 4
2403,20, 285, False, 4
2404,0, 285, False, 4
2405,0, 285, False, 4
2406,0, 285, False, 4
2407,0, 285, False, 4
2408,0, 285, False, 4
2409,0, 285, False, 4
2410,0, 285, False, 4
2411,0, 285, False, 4
2412,0, 285, False, 4
2413,0, 285, False, 4
2414,0, 285, False, 4
2415,0, 285, False, 0
2416,0, 285, False, 0
2417,0, 285, False, 0
2418,0, 285, False, 0
2419,0, 285, False, 0
2420,0, 285, False, 0
2421,0, 285, False, 0
2422,0, 285, False, 0
2423,0, 285, False, 1
2424,0, 285, False, 1
2425,0, 285, False, 1
2426,0, 285, False, 1
2427,0, 285, False, 1
2428,0, 285, False, 1
2429,0, 285, False, 1
2430,0, 285, False, 1
2431,0, 285, False, 1
2432,0, 285, False, 1
2433,0, 285, False, 1
2434,0, 285, False, 1
2435,0, 285, False, 1
2436,0, 285, False, 1
2437,0, 285, False, 1
2438,0, 285, False, 1
2439,0, 285, False, 1
2440,0, 285, False, 1
2441,0, 285, False, 1
2442,0, 285, False, 1
2443,0, 285, False, 0
2444,0, 285, False, 0
2445,0, 285, False, 0
2446,0, 285, False, 0
2447,0, 285, False, 0
2448,0, 285, False, 0
2449,0, 285, False, 0
2450,0, 285, False, 0
2451,0, 285, False, 0
2452,0, 285, False, 0
2453,0, 285, False, 0
2454,0, 285, False, 0
2455,0, 285, False, 0
2456,0, 285, False, 0
2457,0, 285, False, 0
2458,0, 285, False, 0
2459,0, 285, False, 0
2460,0, 285, False, 0
2461,0, 285, False, 0
2462,0, 285, False, 0
2463,0, 285, False, 1
2464,0, 285, False, 1
2465,25, 310, False, 1
2466,0, 310, False, 1
2467,0, 310, False, 1
2468,0, 310, False, 1
2469,0, 310, False, 1
2470,0, 310, False, 1
2471,0, 310, False, 1
2472,0, 310, False, 1
2473,0, 310, False, 1
2474,0, 310, False, 1
2475,0, 310, False, 1
2476,0, 310, False, 1
2477,0, 310, False, 11
2478,0, 310, False, 11
2479,0, 310, False, 11
2480,0, 310, False, 11
2481,0, 310, False, 11
2482,0, 310, False, 3
2483,0, 310, False, 3
2484,0, 310, False, 3
2485,0, 310, False, 3
2486,0, 310, False, 0
2487,0, 310, False, 0
2488,0, 310, False, 0
2489,0, 310, False, 0
2490,0, 310, False, 0
2491,0, 310, False, 0
2492,0, 310, False, 0
2493,0, 310, False, 0
2494,0, 310, False, 0
2495,0, 310, False, 0
2496,0, 310, False, 0
2497,0, 310, False, 0
2498,0, 310, False, 0
2499,0, 310, False, 0
2500,0, 310, False, 0
2501,0, 310, False, 0
2502,0, 310, False, 0
2503,0, 310, False, 0
2504,0, 310, False, 0
2505,0, 310, False, 0
2506,0, 310, False, 0
2507,0, 310, False, 0
2508,0, 310, False, 0
2509,0, 310, False, 0
2510,0, 310, False, 0
2511,0, 310, False, 0
2512,0, 310, False, 0
2513,0, 310, False, 0
2514,0, 310, False, 0
2515,30, 340, False, 0
2516,0, 340, False, 0
2517,0, 340, False, 0
2518,0, 340, False, 0
2519,0, 340, False, 0
2520,0, 340, False, 0
2521,0, 340, False, 0
2522,0, 340, False, 0
2523,0, 340, False, 0
2524,0, 340, False, 0
2525,0, 340, False, 4
2526,0, 340, False, 4
2527,0, 340, False, 4
2528,0, 340, False, 4
2529,0, 340, False, 4
2530,0, 340, False, 4
2531,0, 340, False, 4
2532,0, 340, False, 4
2533,0, 340, False, 4
2534,0, 340, False, 4
2535,0, 340, False, 4
2536,0, 340, False, 4
2537,0, 340, False, 4
2538,0, 340, False, 4
2539,0, 340, False, 4
2540,0, 340, False, 4
2541,0, 340, False, 4
2542,0, 340, False, 4
2543,0, 340, False, 4
2544,0, 340, False, 0
2545,0, 340, False, 0
2546,0, 340, False, 0
2547,0, 340, False, 0
2548,0, 340, False, 0
2549,0, 340, False, 0
2550,0, 340, False, 0
2551,0, 340, False, 1
2552,0, 340, False, 1
2553,0, 340, False, 1
2554,0, 340, False, 1
2555,0, 340, False, 1
2556,0, 340, False, 1
2557,0, 340, False, 1
2558,0, 340, False, 1
2559,0, 340, False, 1
2560,0, 340, False, 1
2561,0, 340, False, 1
2562,0, 340, False, 1
2563,0, 340, False, 1
2564,0, 340, False, 1
2565,0, 340, False, 0
2566,0, 340, False, 0
2567,0, 340, False, 0
2568,0, 340, False, 0
2569,0, 340, False, 0
2570,0, 340, False, 0
2571,0, 340, False, 0
2572,0, 340, False, 0
2573,0, 340, False, 0
2574,0, 340, False, 0
2575,0, 340, False, 0
2576,0, 340, False, 0
2577,0, 340, False, 0
2578,0, 340, False, 0
2579,0, 340, False, 0
2580,0, 340, False, 4
2581,0, 340, False, 4
2582,0, 340, False, 4
2583,0, 340, False, 4
2584,0, 340, False, 4
2585,0, 340, False, 4
2586,0, 340, False, 4
2587,0, 340, False, 4
2588,0, 340, False, 4
2589,0, 340, False, 4
2590,0, 340, False, 4
2591,0, 340, False, 4
2592,0, 340, False, 4
2593,0, 340, False, 4
2594,0, 340, False, 4
2595,0, 340, False, 4
2596,0, 340, False, 4
2597,0, 340, False, 4
2598,0, 340, False, 4
2599,0, 340, False, 12
2600,0, 340, False, 12
2601,0, 340, False, 12
2602,0, 340, False, 1
2603,30, 370, False, 1
2604,0, 370, False, 1
2605,0, 370, False, 1
2606,0, 370, False, 1
2607,0, 370, False, 1
2608,0, 370, False, 1
2609,0, 370, False, 1
2610,0, 370, False, 1
2611,0, 370, False, 1
2612,0, 370, False, 1
2613,0, 370, False, 1
2614,0, 370, False, 1
2615,0, 370, False, 1
2616,0, 370, False, 1
2617,0, 370, False, 1
2618,0, 370, False, 1
2619,0, 370, False, 1
2620,0, 370, False, 1
2621,0, 370, False, 1
2622,0, 370, False, 1
2623,0, 370, False, 1
2624,0, 370, False, 1
2625,0, 370, False, 1
2626,0, 370, False, 1
2627,0, 370, False, 1
2628,0, 370, False, 1
2629,0, 370, False, 1
2630,0, 370, False, 1
2631,0, 370, False, 1
2632,0, 370, False, 1
2633,0, 370, False, 1
2634,0, 370, False, 1
2635,0, 370, False, 1
2636,0, 370, False, 1
2637,20, 390, False, 1
2638,0, 390, False, 1
2639,0, 390, False, 1
2640,0, 390, False, 1
2641,0, 390, False, 1
2642,0, 390, False, 1
2643,0, 390, False, 1
2644,0, 390, False, 1
2645,0, 390, False, 1
2646,0, 390, False, 1
2647,0, 390, False, 1
2648,0, 390, False, 1
2649,0, 390, False, 1
2650,0, 390, False, 1
2651,0, 390, False, 1
2652,0, 390, False, 1
2653,0, 390, False, 1
2654,0, 390, False, 1
2655,0, 390, False, 1
2656,0, 390, False, 1
2657,0, 390, False, 1
2658,0, 390, False, 1
2659,0, 390, False, 1
2660,0, 390, False, 1
2661,0, 390, False, 1
2662,0, 390, False, 1
2663,0, 390, False, 1
2664,0, 390, False, 1
2665,0, 390, False, 1
2666,0, 390, False, 1
2667,0, 390, False, 1
2668,0, 390, False, 1
2669,0, 390, False, 1
2670,0, 390, False, 1
2671,0, 390, False, 1
2672,0, 390, False, 1
2673,0, 390, False, 3
2674,0, 390, False, 3
2675,0, 390, False, 3
2676,0, 390, False, 3
2677,0, 390, False, 3
2678,0, 390, False, 3
2679,0, 390, False, 3
2680,0, 390, False, 3
2681,25, 415, False, 3
2682,0, 415, False, 3
2683,0, 415, False, 3
2684,0, 415, False, 3
2685,0, 415, False, 3
2686,0, 415, False, 3
2687,0, 415, False, 3
2688,0, 415, False, 3
2689,0, 415, False, 3
2690,0, 415, False, 0
2691,0, 415, False, 0
2692,0, 415, False, 0
2693,0, 415, False, 0
2694,0, 415, False, 0
2695,0, 415, False, 0
2696,0, 415, False, 0
2697,0, 415, False, 0
2698,0, 415, False, 0
2699,0, 415, False, 0
2700,0, 415, False, 0
2701,0, 415, False, 0
2702,0, 415, False, 0
2703,0, 415, False, 1
2704,0, 415, False, 1
2705,0, 415, False, 1
2706,0, 415, False, 1
2707,0, 415, False, 1
2708,0, 415, False, 1
2709,0, 415, False, 1
2710,0, 415, False, 1
2711,0, 415, False, 1
2712,0, 415, False, 1
2713,0, 415, False, 1
2714,0, 415, False, 1
2715,0, 415, False, 1
2716,0, 415, False, 1
2717,0, 415, False, 1
2718,0, 415, False, 1
2719,0, 415, False, 1
2720,0, 415, False, 1
2721,0, 415, False, 1
2722,0, 415, False, 1
2723,0, 415, False, 1
2724,0, 415, False, 0
2725,0, 415, False, 0
2726,0, 415, False, 0
2727,0, 415, False, 0
2728,0, 415, False, 0
2729,0, 415, False, 0
2730,0, 415, False, 4
2731,0, 415, False, 4
2732,0, 415, False, 4
2733,0, 415, False, 4
2734,0, 415, False, 4
2735,0, 415, False, 4
2736,0, 415, False, 4
2737,0, 415, False, 4
2738,0, 415, False, 4
2739,0, 415, False, 4
2740,0, 415, False, 4
2741,0, 415, False, 4
2742,0, 415, False, 4
2743,0, 415, False, 4
2744,0, 415, False, 4
2745,0, 415, False, 4
2746,0, 415, False, 4
2747,0, 415, False, 4
2748,0, 415, False, 4
2749,0, 415, False, 4
2750,0, 415, False, 4
2751,0, 415, False, 4
2752,0, 415, False, 4
2753,0, 415, False, 4
2754,0, 415, False, 4
2755,0, 415, False, 4
2756,0, 415, False, 4
2757,0, 415, False, 4
2758,0, 415, False, 4
2759,0, 415, False, 4
2760,0, 415, False, 4
2761,0, 415, False, 4
2762,0, 415, False, 4
2763,0, 415, False, 4
2764,0, 415, False, 4
2765,0, 415, False, 4
2766,0, 415, False, 4
2767,0, 415, False, 4
2768,0, 415, False, 4
2769,0, 415, False, 4
2770,0, 415, False, 4
2771,0, 415, False, 4
2772,0, 415, False, 4
2773,0, 415, False, 4
2774,0, 415, False, 4
2775,0, 415, False, 4
2776,0, 415, False, 4
2777,0, 415, False, 4
2778,0, 415, False, 4
2779,0, 415, False, 4
2780,0, 415, False, 4
2781,0, 415, False, 4
2782,0, 415, False, 4
2783,0, 415, False, 4
2784,0, 415, False, 4
2785,0, 415, False, 4
2786,0, 415, False, 4
2787,0, 415, False, 4
2788,0, 415, False, 4
2789,0, 415, False, 4
2790,0, 415, False, 4
2791,0, 415, False, 4
2792,0, 415, False, 4
2793,0, 415, False, 4
2794,0, 415, False, 4
2795,0, 415, False, 4
2796,0, 415, False, 4
2797,0, 415, False, 4
2798,0, 415, False, 4
2799,0, 415, False, 4
2800,0, 415, False, 4
2801,0, 415, False, 4
2802,0, 415, False, 4
2803,0, 415, False, 4
2804,0, 415, False, 4
2805,0, 415, False, 4
2806,0, 415, False, 4
2807,0, 415, False, 4
2808,0, 415, False, 4
2809,0, 415, False, 4
2810,0, 415, False, 4
2811,0, 415, False, 4
2812,0, 415, False, 0
2813,0, 415, False, 0
2814,0, 415, False, 0
2815,0, 415, False, 1
2816,0, 415, False, 1
2817,0, 415, False, 1
2818,0, 415, False, 1
2819,0, 415, False, 1
2820,0, 415, False, 1
2821,0, 415, False, 1
2822,0, 415, False, 1
2823,0, 415, False, 1
2824,0, 415, False, 1
2825,0, 415, False, 1
2826,0, 415, False, 1
2827,0, 415, False, 1
2828,0, 415, False, 1
2829,0, 415, False, 1
2830,0, 415, False, 1
2831,0, 415, False, 1
2832,0, 415, False, 1
2833,0, 415, False, 1
2834,0, 415, False, 1
2835,0, 415, False, 1
2836,0, 415, False, 1
2837,0, 415, False, 1
2838,0, 415, False, 1
2839,0, 415, False, 1
2840,0, 415, False, 1
2841,0, 415, False, 1
2842,0, 415, False, 1
2843,0, 415, False, 1
2844,0, 415, False, 1
2845,0, 415, False, 1
2846,0, 415, False, 1
2847,0, 415, False, 1
2848,0, 415, False, 1
2849,0, 415, False, 11
2850,0, 415, False, 11
2851,0, 415, False, 11
2852,0, 415, False, 11
2853,0, 415, False, 11
2854,0, 415, False, 11
2855,0, 415, False, 1
2856,0, 415, False, 1
2857,0, 415, False, 1
2858,0, 415, False, 1
2859,0, 415, False, 1
2860,0, 415, False, 1
2861,0, 415, False, 1
2862,0, 415, False, 1
2863,0, 415, False, 1
2864,0, 415, False, 1
2865,0, 415, False, 1
2866,0, 415, False, 1
2867,0, 415, False, 1
2868,0, 415, False, 1
2869,0, 415, False, 1
2870,0, 415, False, 1
2871,0, 415, False, 1
2872,0, 415, False, 1
2873,0, 415, False, 1
2874,0, 415, False, 1
2875,0, 415, False, 1
2876,0, 415, False, 12
2877,0, 415, False, 12
2878,0, 415, False, 12
2879,0, 415, False, 12
2880,0, 415, False, 12
2881,0, 415, False, 12
2882,0, 415, False, 12
2883,0, 415, False, 12
2884,0, 415, False, 12
2885,0, 415, False, 12
2886,0, 415, False, 12
2887,0, 415, False, 12
2888,0, 415, False, 12
2889,0, 415, False, 12
2890,0, 415, False, 12
2891,0, 415, False, 12
2892,0, 415, False, 12
2893,0, 415, False, 12
2894,0, 415, False, 0
2895,0, 415, False, 0
2896,0, 415, False, 0
2897,0, 415, False, 0
2898,0, 415, False, 0
2899,0, 415, False, 0
2900,0, 415, False, 0
2901,0, 415, False, 0
2902,0, 415, False, 0
2903,0, 415, False, 0
2904,0, 415, False, 0
2905,0, 415, False, 0
2906,0, 415, False, 0
2907,0, 415, False, 0
2908,0, 415, False, 0
2909,0, 415, False, 0
2910,0, 415, False, 0
2911,0, 415, False, 1
2912,0, 415, False, 1
2913,0, 415, False, 1
2914,0, 415, False, 1
2915,0, 415, False, 1
2916,0, 415, False, 1
2917,0, 415, False, 1
2918,0, 415, False, 1
2919,0, 415, False, 1
2920,0, 415, False, 0
2921,0, 415, False, 0
2922,0, 415, False, 0
2923,0, 415, False, 0
2924,0, 415, False, 0
2925,0, 415, False, 0
2926,0, 415, False, 0
2927,0, 415, False, 0
2928,0, 415, False, 0
2929,0, 415, False, 0
2930,0, 415, False, 0
2931,0, 415, False, 0
2932,0, 415, False, 0
2933,0, 415, False, 0
2934,0, 415, False, 0
2935,0, 415, False, 0
2936,0, 415, False, 0
2937,0, 415, False, 1
2938,0, 415, False, 1
2939,0, 415, False, 1
2940,0, 415, False, 1
2941,0, 415, False, 1
2942,0, 415, False, 1
2943,0, 415, False, 1
2944,0, 415, False, 1
2945,0, 415, False, 1
2946,0, 415, False, 0
2947,0, 415, False, 0
2948,0, 415, False, 0
2949,0, 415, False, 0
2950,0, 415, False, 0
2951,25, 440, False, 0
2952,0, 440, False, 0
2953,0, 440, False, 0
2954,0, 440, False, 0
2955,0, 440, False, 0
2956,0, 440, False, 0
2957,0, 440, False, 0
2958,0, 440, False, 1
2959,0, 440, False, 1
2960,0, 440, False, 1
2961,0, 440, False, 1
2962,0, 440, False, 1
2963,0, 440, False, 1
2964,0, 440, False, 1
2965,0, 440, False, 1
2966,0, 440, False, 1
2967,0, 440, False, 0
2968,0, 440, False, 0
2969,0, 440, False, 0
2970,0, 440, False, 0
2971,0, 440, False, 0
2972,0, 440, False, 0
2973,0, 440, False, 0
2974,0, 440, False, 0
2975,0, 440, False, 0
2976,0, 440, False, 0
2977,0, 440, False, 0
2978,0, 440, False, 0
2979,0, 440, False, 1
2980,0, 440, False, 1
2981,20, 460, False, 1
2982,0, 460, False, 1
2983,0, 460, False, 1
2984,0, 460, False, 1
2985,0, 460, False, 1
2986,0, 460, False, 1
2987,0, 460, False, 1
2988,0, 460, False, 0
2989,0, 460, False, 0
2990,0, 460, False, 0
2991,0, 460, False, 0
2992,0, 460, False, 0
2993,0, 460, False, 0
2994,0, 460, False, 0
2995,0, 460, False, 0
2996,0, 460, False, 0
2997,0, 460, False, 0
2998,0, 460, False, 0
2999,0, 460, False, 0
3000,0, 460, False, 1
3001,0, 460, False, 1
3002,0, 460, False, 1
3003,0, 460, False, 1
3004,0, 460, False, 1
3005,0, 460, False, 1
3006,0, 460, False, 1
3007,0, 460, False, 1
3008,0, 460, False, 0
3009,0, 460, False, 0
3010,0, 460, False, 0
3011,0, 460, False, 0
3012,0, 460, False, 0
3013,0, 460, False, 0
3014,0, 460, False, 0
3015,0, 460, False, 0
3016,0, 460, False, 0
3017,0, 460, False, 0
3018,0, 460, False, 0
3019,0, 460, False, 3
3020,0, 460, False, 3
3021,0, 460, False, 3
3022,0, 460, False, 3
3023,0, 460, False, 3
3024,0, 460, False, 3
3025,0, 460, False, 3
3026,0, 460, False, 3
3027,0, 460, False, 3
3028,0, 460, False, 3
3029,0, 460, False, 3
3030,0, 460, False, 3
3031,0, 460, False, 3
3032,0, 460, False, 3
3033,0, 460, False, 3
3034,0, 460, False, 3
3035,0, 460, False, 0
3036,0, 460, False, 0
3037,0, 460, False, 0
3038,0, 460, False, 0
3039,0, 460, False, 0
3040,0, 460, False, 0
3041,0, 460, False, 0
3042,0, 460, False, 0
3043,0, 460, False, 0
3044,0, 460, False, 0
3045,0, 460, False, 0
3046,0, 460, False, 0
3047,0, 460, False, 0
3048,0, 460, False, 0
3049,0, 460, False, 0
3050,0, 460, False, 0
3051,0, 460, False, 0
3052,0, 460, False, 0
3053,0, 460, False, 0
3054,0, 460, False, 0
3055,0, 460, False, 0
3056,0, 460, False, 0
3057,0, 460, False, 0
3058,0, 460, False, 0
3059,0, 460, False, 0
3060,0, 460, False, 0
3061,0, 460, False, 0
3062,0, 460, False, 0
3063,0, 460, False, 0
3064,0, 460, False, 0
3065,0, 460, False, 0
3066,0, 460, False, 0
3067,0, 460, False, 0
3068,0, 460, False, 0
3069,0, 460, False, 0
3070,0, 460, False, 0
3071,0, 460, False, 0
3072,0, 460, False, 0
3073,0, 460, False, 0
3074,0, 460, False, 0
3075,0, 460, False, 0
3076,0, 460, False, 0
3077,0, 460, False, 0
3078,0, 460, False, 1
3079,0, 460, False, 1
3080,0, 460, False, 1
3081,0, 460, False, 1
3082,0, 460, False, 1
3083,0, 460, False, 1
3084,0, 460, False, 1
3085,0, 460, False, 1
3086,0, 460, False, 1
3087,0, 460, False, 0
3088,0, 460, False, 0
3089,0, 460, False, 0
3090,0, 460, False, 0
3091,0, 460, False, 0
3092,0, 460, False, 0
3093,0, 460, False, 0
3094,0, 460, False, 0
3095,0, 460, False, 0
3096,0, 460, False, 0
3097,0, 460, False, 0
3098,0, 460, False, 0
3099,0, 460, False, 1
3100,0, 460, False, 1
3101,0, 460, False, 1
3102,0, 460, False, 1
3103,0, 460, False, 1
3104,0, 460, False, 11
3105,0, 460, False, 11
3106,0, 460, False, 11
3107,0, 460, False, 11
3108,0, 460, False, 11
3109,25, 485, False, 11
3110,0, 485, False, 11
3111,0, 485, False, 3
3112,0, 485, False, 3
3113,0, 485, False, 3
3114,0, 485, False, 3
3115,0, 485, False, 3
3116,0, 485, False, 3
3117,0, 485, False, 3
3118,0, 485, False, 3
3119,0, 485, False, 3
3120,0, 485, False, 3
3121,0, 485, False, 3
3122,0, 485, False, 3
3123,0, 485, False, 3
3124,0, 485, False, 3
3125,0, 485, False, 3
3126,0, 485, False, 3
3127,0, 485, False, 3
3128,0, 485, False, 3
3129,0, 485, False, 3
3130,0, 485, False, 3
3131,0, 485, False, 3
3132,0, 485, False, 3
3133,0, 485, False, 3
3134,0, 485, False, 3
3135,0, 485, False, 3
3136,0, 485, False, 3
3137,0, 485, False, 3
3138,0, 485, False, 3
3139,0, 485, False, 3
3140,0, 485, False, 3
3141,0, 485, False, 3
3142,0, 485, False, 3
3143,0, 485, False, 3
3144,0, 485, False, 3
3145,30, 515, False, 3
3146,0, 515, False, 3
3147,0, 515, False, 3
3148,0, 515, False, 3
3149,0, 515, False, 3
3150,0, 515, False, 3
3151,0, 515, False, 3
3152,0, 515, False, 3
3153,0, 515, False, 3
3154,0, 515, False, 0
3155,0, 515, False, 0
3156,0, 515, False, 0
3157,0, 515, False, 0
3158,0, 515, False, 0
3159,0, 515, False, 0
3160,0, 515, False, 0
3161,0, 515, False, 0
3162,0, 515, False, 0
3163,0, 515, False, 0
3164,0, 515, False, 0
3165,0, 515, False, 0
3166,0, 515, False, 0
3167,0, 515, False, 0
3168,0, 515, False, 0
3169,0, 515, False, 0
3170,0, 515, False, 0
3171,0, 515, False, 4
3172,0, 515, False, 4
3173,0, 515, False, 4
3174,0, 515, False, 4
3175,0, 515, False, 4
3176,0, 515, False, 4
3177,0, 515, False, 4
3178,0, 515, False, 4
3179,0, 515, False, 4
3180,0, 515, False, 4
3181,0, 515, False, 4
3182,0, 515, False, 4
3183,0, 515, False, 4
3184,0, 515, False, 4
3185,0, 515, False, 4
3186,0, 515, False, 4
3187,0, 515, False, 4
3188,0, 515, False, 4
3189,0, 515, False, 4
3190,0, 515, False, 4
3191,0, 515, False, 4
3192,0, 515, False, 4
3193,0, 515, False, 4
3194,0, 515, False, 4
3195,0, 515, False, 4
3196,0, 515, False, 4
3197,0, 515, False, 4
3198,0, 515, False, 4
3199,0, 515, False, 4
3200,0, 515, False, 4
3201,0, 515, False, 4
3202,0, 515, False, 4
3203,0, 515, False, 4
3204,0, 515, False, 4
3205,0, 515, False, 4
3206,0, 515, False, 4
3207,0, 515, False, 4
3208,0, 515, False, 4
3209,0, 515, False, 4
3210,0, 515, False, 4
3211,0, 515, False, 4
3212,0, 515, False, 4
3213,0, 515, False, 4
3214,0, 515, False, 4
3215,0, 515, False, 4
3216,0, 515, False, 4
3217,0, 515, False, 4
3218,0, 515, False, 4
3219,0, 515, False, 4
3220,0, 515, False, 4
3221,0, 515, False, 4
3222,0, 515, False, 4
3223,0, 515, False, 4
3224,0, 515, False, 4
3225,0, 515, False, 4
3226,0, 515, False, 0
3227,0, 515, False, 1
3228,0, 515, False, 1
3229,0, 515, False, 1
3230,0, 515, False, 1
3231,0, 515, False, 1
3232,0, 515, False, 1
3233,0, 515, False, 1
3234,0, 515, False, 1
3235,0, 515, False, 0
3236,0, 515, False, 0
3237,0, 515, False, 0
3238,0, 515, False, 0
3239,0, 515, False, 0
3240,0, 515, False, 0
3241,0, 515, False, 0
3242,0, 515, False, 0
3243,0, 515, False, 0
3244,0, 515, False, 0
3245,0, 515, False, 0
3246,0, 515, False, 0
3247,0, 515, False, 0
3248,0, 515, False, 0
3249,0, 515, False, 0
3250,0, 515, False, 0
3251,0, 515, False, 0
3252,0, 515, False, 0
3253,0, 515, False, 0
3254,0, 515, False, 0
3255,0, 515, False, 0
3256,0, 515, False, 0
3257,0, 515, False, 0
3258,0, 515, False, 0
3259,0, 515, False, 0
3260,0, 515, False, 0
3261,0, 515, False, 0
3262,0, 515, False, 0
3263,0, 515, False, 0
3264,0, 515, False, 0
3265,0, 515, False, 0
3266,0, 515, False, 0
3267,0, 515, False, 0
3268,0, 515, False, 0
3269,0, 515, False, 0
3270,0, 515, False, 0
3271,0, 515, False, 0
3272,0, 515, False, 0
3273,0, 515, False, 1
3274,0, 515, False, 1
3275,0, 515, False, 1
3276,0, 515, False, 1
3277,0, 515, False, 1
3278,0, 515, False, 1
3279,0, 515, False, 1
3280,0, 515, False, 1
3281,0, 515, False, 0
3282,0, 515, False, 0
3283,0, 515, False, 0
3284,0, 515, False, 0
3285,0, 515, False, 0
3286,0, 515, False, 0
3287,0, 515, False, 0
3288,0, 515, False, 0
3289,0, 515, False, 0
3290,0, 515, False, 0
3291,0, 515, False, 0
3292,0, 515, False, 0
3293,0, 515, False, 0
3294,0, 515, False, 0
3295,0, 515, False, 0
3296,0, 515, False, 0
3297,0, 515, False, 0
3298,0, 515, False, 0
3299,0, 515, False, 0
3300,0, 515, False, 0
3301,0, 515, False, 0
3302,0, 515, False, 0
3303,0, 515, False, 0
3304,0, 515, False, 0
3305,0, 515, False, 0
3306,0, 515, False, 3
3307,0, 515, False, 3
3308,0, 515, False, 3
3309,0, 515, False, 3
3310,0, 515, False, 3
3311,0, 515, False, 3
3312,0, 515, False, 3
3313,0, 515, False, 3
3314,0, 515, False, 3
3315,0, 515, False, 3
3316,0, 515, False, 3
3317,0, 515, False, 3
3318,0, 515, False, 3
3319,0, 515, False, 3
3320,0, 515, False, 3
3321,0, 515, False, 3
3322,0, 515, False, 3
3323,0, 515, False, 3
3324,0, 515, False, 3
3325,0, 515, False, 3
3326,0, 515, False, 3
3327,0, 515, False, 3
3328,0, 515, False, 3
3329,0, 515, False, 3
3330,0, 515, False, 3
3331,0, 515, False, 3
3332,0, 515, False, 3
3333,0, 515, False, 3
3334,0, 515, False, 3
3335,0, 515, False, 3
3336,0, 515, False, 3
3337,0, 515, False, 3
3338,0, 515, False, 3
3339,0, 515, False, 3
3340,0, 515, False, 3
3341,0, 515, False, 3
3342,0, 515, False, 3
3343,0, 515, False, 3
3344,0, 515, False, 3
3345,0, 515, False, 3
3346,0, 515, False, 3
3347,0, 515, False, 3
3348,0, 515, False, 3
3349,0, 515, False, 3
3350,0, 515, False, 3
3351,0, 515, False, 3
3352,0, 515, False, 3
3353,0, 515, False, 3
3354,0, 515, False, 3
3355,0, 515, False, 3
3356,0, 515, False, 3
3357,0, 515, False, 3
3358,0, 515, False, 3
3359,0, 515, False, 3
3360,0, 515, False, 3
3361,0, 515, False, 3
3362,0, 515, False, 3
3363,0, 515, False, 3
3364,0, 515, False, 3
3365,0, 515, False, 3
3366,0, 515, False, 3
3367,0, 515, False, 3
3368,0, 515, False, 3
3369,0, 515, False, 3
3370,0, 515, False, 3
3371,0, 515, False, 3
3372,0, 515, False, 3
3373,0, 515, False, 3
3374,0, 515, False, 3
3375,0, 515, False, 3
3376,0, 515, False, 3
3377,0, 515, False, 3
3378,0, 515, False, 3
3379,0, 515, False, 3
3380,0, 515, False, 3
3381,0, 515, False, 3
3382,0, 515, False, 3
3383,0, 515, False, 3
3384,0, 515, False, 3
3385,0, 515, False, 3
3386,0, 515, False, 3
3387,0, 515, False, 3
3388,0, 515, False, 3
3389,0, 515, False, 3
3390,0, 515, False, 0
3391,0, 515, False, 0
3392,0, 515, False, 0
3393,0, 515, False, 0
3394,0, 515, False, 0
3395,0, 515, False, 4
3396,0, 515, False, 4
3397,0, 515, False, 4
3398,0, 515, False, 4
3399,0, 515, False, 4
3400,0, 515, False, 4
3401,0, 515, False, 4
3402,0, 515, False, 4
3403,0, 515, False, 4
3404,0, 515, False, 4
3405,0, 515, False, 4
3406,0, 515, False, 4
3407,0, 515, False, 4
3408,0, 515, False, 4
3409,0, 515, False, 4
3410,0, 515, False, 4
3411,0, 515, False, 4
3412,0, 515, False, 4
3413,0, 515, False, 4
3414,0, 515, False, 4
3415,0, 515, False, 4
3416,0, 515, False, 4
3417,0, 515, False, 4
3418,0, 515, False, 4
3419,0, 515, False, 4
3420,0, 515, False, 4
3421,0, 515, False, 4
3422,0, 515, False, 4
3423,0, 515, False, 4
3424,0, 515, False, 4
3425,0, 515, False, 4
3426,0, 515, False, 0
3427,0, 515, False, 0
3428,0, 515, False, 0
3429,0, 515, False, 0
3430,0, 515, False, 0
3431,0, 515, False, 0
3432,0, 515, False, 1
3433,0, 515, False, 1
3434,0, 515, False, 1
3435,0, 515, False, 1
3436,0, 515, False, 1
3437,0, 515, False, 1
3438,0, 515, False, 1
3439,0, 515, False, 1
3440,0, 515, False, 1
3441,0, 515, False, 1
3442,0, 515, False, 1
3443,0, 515, False, 0
3444,0, 515, False, 0
3445,0, 515, False, 0
3446,0, 515, False, 0
3447,0, 515, False, 0
3448,0, 515, False, 0
3449,0, 515, False, 0
3450,0, 515, False, 0
3451,0, 515, False, 0
3452,0, 515, False, 3
3453,0, 515, False, 3
3454,0, 515, False, 3
3455,0, 515, False, 3
3456,0, 515, False, 3
3457,0, 515, False, 3
3458,0, 515, False, 3
3459,0, 515, False, 3
3460,0, 515, False, 3
3461,0, 515, False, 3
3462,0, 515, False, 3
3463,30, 545, False, 3
3464,0, 545, False, 3
3465,0, 545, False, 3
3466,0, 545, False, 3
3467,0, 545, False, 3
3468,0, 545, False, 3
3469,0, 545, False, 3
3470,0, 545, False, 3
3471,0, 545, False, 3
3472,0, 545, False, 3
3473,0, 545, False, 3
3474,0, 545, False, 3
3475,0, 545, False, 3
3476,0, 545, False, 0
3477,0, 545, False, 0
3478,0, 545, False, 0
3479,0, 545, False, 0
3480,0, 545, False, 0
3481,0, 545, False, 0
3482,0, 545, False, 0
3483,0, 545, False, 0
3484,0, 545, False, 0
3485,0, 545, False, 0
3486,0, 545, False, 0
3487,0, 545, False, 0
3488,0, 545, False, 0
3489,0, 545, False, 0
3490,0, 545, False, 0
3491,0, 545, False, 0
3492,0, 545, False, 0
3493,0, 545, False, 0
3494,0, 545, False, 0
3495,0, 545, False, 0
3496,0, 545, False, 0
3497,0, 545, False, 0
3498,0, 545, False, 0
3499,0, 545, False, 0
3500,0, 545, False, 1
3501,0, 545, False, 1
3502,0, 545, False, 1
3503,0, 545, False, 1
3504,0, 545, False, 1
3505,0, 545, False, 1
3506,0, 545, False, 1
3507,0, 545, False, 1
3508,0, 545, False, 1
3509,0, 545, False, 1
3510,0, 545, False, 0
3511,0, 545, False, 0
3512,0, 545, False, 0
3513,0, 545, False, 0
3514,0, 545, False, 0
3515,0, 545, False, 0
3516,0, 545, False, 0
3517,0, 545, False, 0
3518,0, 545, False, 0
3519,0, 545, False, 0
3520,0, 545, False, 0
3521,0, 545, False, 0
3522,0, 545, False, 0
3523,0, 545, False, 0
3524,0, 545, False, 0
3525,0, 545, False, 0
3526,0, 545, False, 0
3527,0, 545, False, 0
3528,0, 545, False, 0
3529,0, 545, False, 0
3530,0, 545, False, 0
3531,0, 545, False, 0
3532,0, 545, False, 0
3533,0, 545, False, 0
3534,0, 545, False, 0
3535,0, 545, False, 0
3536,0, 545, False, 0
3537,0, 545, False, 0
3538,0, 545, False, 0
3539,0, 545, False, 0
3540,0, 545, False, 0
3541,0, 545, False, 0
3542,0, 545, False, 0
3543,0, 545, False, 0
3544,0, 545, False, 0
3545,0, 545, False, 0
3546,0, 545, False, 0
3547,0, 545, False, 0
3548,0, 545, False, 0
3549,0, 545, False, 0
3550,0, 545, False, 0
3551,0, 545, False, 0
3552,0, 545, False, 0
3553,0, 545, False, 0
3554,0, 545, False, 0
3555,0, 545, False, 0
3556,0, 545, False, 0
3557,0, 545, False, 0
3558,0, 545, False, 0
3559,0, 545, False, 0
3560,0, 545, False, 0
3561,0, 545, False, 0
3562,0, 545, False, 0
3563,0, 545, False, 0
3564,0, 545, False, 0
3565,0, 545, False, 0
3566,0, 545, False, 0
3567,0, 545, False, 0
3568,0, 545, False, 0
3569,0, 545, False, 0
3570,0, 545, False, 0
3571,0, 545, False, 0
3572,0, 545, False, 0
3573,0, 545, False, 0
3574,0, 545, False, 0
3575,0, 545, False, 0
3576,0, 545, False, 0
3577,0, 545, False, 0
3578,0, 545, False, 0
3579,0, 545, False, 0
3580,0, 545, False, 0
3581,0, 545, False, 0
3582,0, 545, False, 0
3583,0, 545, False, 0
3584,0, 545, False, 0
3585,0, 545, False, 1
3586,0, 545, False, 1
3587,0, 545, False, 1
3588,0, 545, False, 1
3589,0, 545, False, 1
3590,0, 545, False, 1
3591,0, 545, False, 1
3592,0, 545, False, 1
3593,0, 545, False, 0
3594,0, 545, False, 0
3595,0, 545, False, 0
3596,0, 545, False, 0
3597,0, 545, False, 0
3598,0, 545, False, 0
3599,0, 545, False, 0
3600,0, 545, False, 0
3601,0, 545, False, 0
3602,0, 545, False, 0
3603,0, 545, False, 0
3604,0, 545, False, 0
3605,0, 545, False, 0
3606,0, 545, False, 0
3607,0, 545, False, 0
3608,0, 545, False, 0
3609,0, 545, False, 0
3610,0, 545, False, 0
3611,0, 545, False, 0
3612,0, 545, False, 0
3613,0, 545, False, 0
3614,0, 545, False, 0
3615,0, 545, False, 0
3616,0, 545, False, 0
3617,0, 545, False, 0
3618,0, 545, False, 0
3619,0, 545, False, 0
3620,0, 545, False, 0
3621,0, 545, False, 0
3622,0, 545, False, 0
3623,0, 545, False, 0
3624,0, 545, False, 0
3625,0, 545, False, 0
3626,0, 545, False, 3
3627,0, 545, False, 3
3628,0, 545, False, 3
3629,0, 545, False, 3
3630,0, 545, False, 3
3631,0, 545, False, 3
3632,0, 545, False, 3
3633,0, 545, False, 3
3634,0, 545, False, 3
3635,0, 545, False, 0
3636,0, 545, False, 0
3637,0, 545, False, 0
3638,0, 545, False, 0
3639,0, 545, False, 0
3640,0, 545, False, 0
3641,0, 545, False, 0
3642,0, 545, False, 0
3643,0, 545, False, 0
3644,0, 545, False, 0
3645,0, 545, False, 0
3646,0, 545, False, 0
3647,0, 545, False, 0
3648,0, 545, False, 4
3649,0, 545, False, 4
3650,0, 545, False, 4
3651,0, 545, False, 4
3652,0, 545, False, 4
3653,0, 545, False, 4
3654,0, 545, False, 4
3655,0, 545, False, 4
3656,0, 545, False, 4
3657,0, 545, False, 4
3658,0, 545, False, 4
3659,0, 545, False, 4
3660,0, 545, False, 4
3661,0, 545, False, 4
3662,0, 545, False, 4
3663,0, 545, False, 4
3664,0, 545, False, 4
3665,0, 545, False, 4
3666,0, 545, False, 4
3667,0, 545, False, 4
3668,0, 545, False, 4
3669,0, 545, False, 4
3670,0, 545, False, 4
3671,0, 545, False, 4
3672,0, 545, False, 4
3673,0, 545, False, 4
3674,0, 545, False, 4
3675,0, 545, False, 0
3676,0, 545, False, 0
3677,0, 545, False, 0
3678,0, 545, False, 0
3679,0, 545, False, 0
3680,0, 545, False, 0
3681,0, 545, False, 0
3682,0, 545, False, 0
3683,0, 545, False, 0
3684,0, 545, False, 0
3685,0, 545, False, 0
3686,0, 545, False, 0
3687,0, 545, False, 0
3688,0, 545, False, 0
3689,0, 545, False, 0
3690,0, 545, False, 0
3691,0, 545, False, 0
3692,0, 545, False, 0
3693,0, 545, False, 0
3694,0, 545, False, 0
3695,0, 545, False, 0
3696,0, 545, False, 0
3697,0, 545, False, 0
3698,0, 545, False, 1
3699,0, 545, False, 1
3700,0, 545, False, 1
3701,0, 545, False, 1
3702,0, 545, False, 1
3703,0, 545, False, 1
3704,0, 545, False, 1
3705,0, 545, False, 1
3706,0, 545, False, 1
3707,0, 545, False, 1
3708,0, 545, False, 1
3709,0, 545, False, 1
3710,0, 545, False, 0
3711,0, 545, False, 0
3712,0, 545, False, 0
3713,0, 545, False, 0
3714,0, 545, False, 0
3715,0, 545, False, 0
3716,0, 545, False, 0
3717,0, 545, False, 0
3718,0, 545, False, 0
3719,0, 545, False, 0
3720,0, 545, False, 0
3721,0, 545, False, 0
3722,0, 545, False, 0
3723,0, 545, False, 0
3724,0, 545, False, 0
3725,0, 545, False, 0
3726,0, 545, False, 0
3727,0, 545, False, 0
3728,0, 545, False, 0
3729,0, 545, False, 0
3730,0, 545, False, 0
3731,0, 545, False, 0
3732,0, 545, False, 0
3733,0, 545, False, 3
3734,0, 545, False, 3
3735,0, 545, False, 3
3736,0, 545, False, 3
3737,0, 545, False, 3
3738,0, 545, False, 3
3739,0, 545, False, 3
3740,0, 545, False, 3
3741,0, 545, False, 3
3742,0, 545, False, 3
3743,0, 545, False, 3
3744,0, 545, False, 3
3745,0, 545, False, 3
3746,0, 545, False, 3
3747,0, 545, False, 3
3748,0, 545, False, 3
3749,0, 545, False, 3
3750,0, 545, False, 3
3751,0, 545, False, 3
3752,0, 545, False, 3
3753,0, 545, False, 3
3754,0, 545, False, 0
3755,0, 545, False, 0
3756,0, 545, False, 0
3757,0, 545, False, 0
3758,0, 545, False, 0
3759,0, 545, False, 0
3760,0, 545, False, 0
3761,0, 545, False, 0
3762,0, 545, False, 0
3763,0, 545, False, 0
3764,0, 545, False, 0
3765,0, 545, False, 0
3766,0, 545, False, 0
3767,0, 545, False, 0
3768,0, 545, False, 0
3769,0, 545, False, 0
3770,0, 545, False, 0
3771,0, 545, False, 0
3772,0, 545, False, 0
3773,0, 545, False, 0
3774,0, 545, False, 0
3775,0, 545, False, 0
3776,0, 545, False, 0
3777,0, 545, False, 0
3778,0, 545, False, 0
3779,0, 545, False, 0
3780,0, 545, False, 0
3781,0, 545, False, 0
3782,0, 545, False, 0
3783,0, 545, False, 0
3784,0, 545, False, 0
3785,0, 545, False, 0
3786,0, 545, False, 0
3787,0, 545, False, 0
3788,0, 545, False, 0
3789,0, 545, False, 0
3790,0, 545, False, 0
3791,0, 545, False, 0
3792,0, 545, False, 0
3793,0, 545, False, 0
3794,0, 545, False, 0
3795,0, 545, False, 0
3796,0, 545, False, 0
3797,0, 545, False, 0
3798,0, 545, False, 1
3799,0, 545, False, 1
3800,0, 545, False, 1
3801,0, 545, False, 1
3802,0, 545, False, 1
3803,0, 545, False, 1
3804,0, 545, False, 1
3805,30, 575, True, 1
