db traj id : 1662
frame,reward,score,terminal, action
0,0, 0, False, 0
1,0, 0, False, 0
2,0, 0, False, 0
3,0, 0, False, 0
4,0, 0, False, 0
5,0, 0, False, 0
6,0, 0, False, 0
7,0, 0, False, 0
8,0, 0, False, 0
9,0, 0, False, 0
10,0, 0, False, 0
11,0, 0, False, 0
12,0, 0, False, 0
13,0, 0, False, 0
14,0, 0, False, 0
15,0, 0, False, 0
16,0, 0, False, 0
17,0, 0, False, 0
18,0, 0, False, 0
19,0, 0, False, 0
20,0, 0, False, 0
21,0, 0, False, 0
22,0, 0, False, 0
23,0, 0, False, 0
24,0, 0, False, 0
25,0, 0, False, 0
26,0, 0, False, 0
27,0, 0, False, 0
28,0, 0, False, 0
29,0, 0, False, 0
30,0, 0, False, 0
31,0, 0, False, 0
32,0, 0, False, 0
33,0, 0, False, 0
34,0, 0, False, 0
35,0, 0, False, 0
36,0, 0, False, 0
37,0, 0, False, 0
38,0, 0, False, 0
39,0, 0, False, 0
40,0, 0, False, 3
41,0, 0, False, 3
42,0, 0, False, 3
43,0, 0, False, 3
44,0, 0, False, 3
45,0, 0, False, 3
46,0, 0, False, 3
47,0, 0, False, 3
48,0, 0, False, 3
49,0, 0, False, 4
50,0, 0, False, 4
51,0, 0, False, 4
52,0, 0, False, 4
53,0, 0, False, 4
54,0, 0, False, 4
55,0, 0, False, 4
56,0, 0, False, 4
57,0, 0, False, 4
58,0, 0, False, 4
59,0, 0, False, 4
60,0, 0, False, 4
61,0, 0, False, 4
62,0, 0, False, 4
63,0, 0, False, 0
64,0, 0, False, 0
65,0, 0, False, 0
66,0, 0, False, 0
67,0, 0, False, 0
68,0, 0, False, 0
69,0, 0, False, 0
70,0, 0, False, 0
71,0, 0, False, 0
72,0, 0, False, 0
73,0, 0, False, 0
74,0, 0, False, 0
75,0, 0, False, 0
76,0, 0, False, 0
77,0, 0, False, 0
78,0, 0, False, 0
79,0, 0, False, 0
80,0, 0, False, 0
81,0, 0, False, 0
82,0, 0, False, 0
83,0, 0, False, 0
84,0, 0, False, 0
85,0, 0, False, 0
86,0, 0, False, 0
87,0, 0, False, 0
88,0, 0, False, 0
89,0, 0, False, 0
90,0, 0, False, 0
91,0, 0, False, 0
92,0, 0, False, 0
93,0, 0, False, 0
94,0, 0, False, 0
95,0, 0, False, 0
96,0, 0, False, 0
97,0, 0, False, 0
98,0, 0, False, 0
99,0, 0, False, 0
100,0, 0, False, 0
101,0, 0, False, 0
102,0, 0, False, 0
103,0, 0, False, 0
104,0, 0, False, 0
105,0, 0, False, 0
106,0, 0, False, 0
107,0, 0, False, 0
108,0, 0, False, 0
109,0, 0, False, 0
110,0, 0, False, 0
111,0, 0, False, 0
112,0, 0, False, 0
113,0, 0, False, 0
114,0, 0, False, 4
115,0, 0, False, 4
116,0, 0, False, 4
117,0, 0, False, 4
118,0, 0, False, 4
119,0, 0, False, 4
120,0, 0, False, 4
121,0, 0, False, 4
122,0, 0, False, 4
123,0, 0, False, 4
124,0, 0, False, 4
125,0, 0, False, 4
126,0, 0, False, 4
127,0, 0, False, 0
128,0, 0, False, 0
129,0, 0, False, 0
130,0, 0, False, 0
131,0, 0, False, 0
132,0, 0, False, 0
133,0, 0, False, 0
134,0, 0, False, 0
135,0, 0, False, 0
136,0, 0, False, 0
137,0, 0, False, 0
138,0, 0, False, 0
139,0, 0, False, 0
140,0, 0, False, 0
141,0, 0, False, 0
142,0, 0, False, 0
143,0, 0, False, 0
144,0, 0, False, 0
145,0, 0, False, 0
146,0, 0, False, 0
147,0, 0, False, 0
148,0, 0, False, 1
149,0, 0, False, 1
150,0, 0, False, 1
151,0, 0, False, 1
152,0, 0, False, 1
153,0, 0, False, 1
154,0, 0, False, 1
155,0, 0, False, 1
156,0, 0, False, 1
157,0, 0, False, 0
158,0, 0, False, 0
159,0, 0, False, 3
160,0, 0, False, 3
161,0, 0, False, 3
162,0, 0, False, 3
163,0, 0, False, 3
164,0, 0, False, 11
165,0, 0, False, 11
166,0, 0, False, 11
167,0, 0, False, 11
168,0, 0, False, 11
169,0, 0, False, 11
170,0, 0, False, 11
171,0, 0, False, 11
172,0, 0, False, 3
173,0, 0, False, 3
174,0, 0, False, 3
175,0, 0, False, 3
176,0, 0, False, 3
177,0, 0, False, 3
178,0, 0, False, 3
179,0, 0, False, 3
180,0, 0, False, 3
181,0, 0, False, 3
182,0, 0, False, 3
183,0, 0, False, 3
184,0, 0, False, 3
185,0, 0, False, 3
186,0, 0, False, 3
187,0, 0, False, 3
188,0, 0, False, 3
189,0, 0, False, 3
190,0, 0, False, 3
191,0, 0, False, 3
192,0, 0, False, 3
193,0, 0, False, 3
194,0, 0, False, 3
195,0, 0, False, 0
196,0, 0, False, 1
197,0, 0, False, 1
198,0, 0, False, 1
199,0, 0, False, 1
200,0, 0, False, 1
201,0, 0, False, 1
202,0, 0, False, 1
203,0, 0, False, 1
204,0, 0, False, 1
205,0, 0, False, 1
206,0, 0, False, 0
207,0, 0, False, 0
208,0, 0, False, 0
209,0, 0, False, 0
210,0, 0, False, 0
211,0, 0, False, 0
212,0, 0, False, 0
213,0, 0, False, 3
214,0, 0, False, 3
215,0, 0, False, 3
216,0, 0, False, 3
217,0, 0, False, 3
218,0, 0, False, 3
219,0, 0, False, 3
220,0, 0, False, 3
221,0, 0, False, 11
222,0, 0, False, 1
223,0, 0, False, 1
224,0, 0, False, 1
225,0, 0, False, 1
226,0, 0, False, 1
227,0, 0, False, 1
228,0, 0, False, 1
229,0, 0, False, 1
230,0, 0, False, 1
231,0, 0, False, 0
232,0, 0, False, 0
233,0, 0, False, 0
234,0, 0, False, 0
235,0, 0, False, 0
236,0, 0, False, 0
237,0, 0, False, 0
238,0, 0, False, 0
239,0, 0, False, 0
240,0, 0, False, 0
241,0, 0, False, 0
242,0, 0, False, 0
243,0, 0, False, 0
244,0, 0, False, 0
245,0, 0, False, 0
246,0, 0, False, 0
247,0, 0, False, 0
248,0, 0, False, 0
249,0, 0, False, 0
250,0, 0, False, 0
251,0, 0, False, 0
252,0, 0, False, 0
253,0, 0, False, 0
254,0, 0, False, 0
255,0, 0, False, 0
256,0, 0, False, 0
257,0, 0, False, 0
258,0, 0, False, 0
259,0, 0, False, 0
260,0, 0, False, 0
261,0, 0, False, 0
262,0, 0, False, 0
263,0, 0, False, 0
264,0, 0, False, 1
265,0, 0, False, 1
266,0, 0, False, 1
267,0, 0, False, 1
268,0, 0, False, 1
269,0, 0, False, 1
270,0, 0, False, 1
271,0, 0, False, 1
272,0, 0, False, 1
273,0, 0, False, 0
274,0, 0, False, 0
275,0, 0, False, 0
276,0, 0, False, 0
277,0, 0, False, 0
278,0, 0, False, 0
279,0, 0, False, 0
280,0, 0, False, 0
281,0, 0, False, 0
282,0, 0, False, 0
283,0, 0, False, 0
284,0, 0, False, 0
285,0, 0, False, 0
286,0, 0, False, 0
287,0, 0, False, 0
288,0, 0, False, 0
289,0, 0, False, 0
290,5, 5, False, 0
291,0, 5, False, 0
292,0, 5, False, 0
293,0, 5, False, 0
294,0, 5, False, 0
295,0, 5, False, 0
296,0, 5, False, 0
297,0, 5, False, 0
298,0, 5, False, 4
299,0, 5, False, 4
300,0, 5, False, 4
301,0, 5, False, 4
302,0, 5, False, 4
303,0, 5, False, 4
304,0, 5, False, 4
305,0, 5, False, 4
306,0, 5, False, 4
307,0, 5, False, 4
308,0, 5, False, 4
309,0, 5, False, 4
310,0, 5, False, 4
311,0, 5, False, 4
312,0, 5, False, 4
313,0, 5, False, 4
314,0, 5, False, 4
315,0, 5, False, 4
316,0, 5, False, 4
317,0, 5, False, 4
318,0, 5, False, 4
319,0, 5, False, 0
320,0, 5, False, 0
321,0, 5, False, 0
322,0, 5, False, 0
323,0, 5, False, 0
324,0, 5, False, 0
325,0, 5, False, 0
326,0, 5, False, 0
327,0, 5, False, 0
328,0, 5, False, 3
329,0, 5, False, 3
330,0, 5, False, 3
331,0, 5, False, 3
332,0, 5, False, 3
333,0, 5, False, 3
334,0, 5, False, 3
335,0, 5, False, 3
336,0, 5, False, 3
337,0, 5, False, 3
338,0, 5, False, 3
339,0, 5, False, 3
340,0, 5, False, 3
341,0, 5, False, 3
342,0, 5, False, 3
343,0, 5, False, 3
344,0, 5, False, 0
345,0, 5, False, 0
346,0, 5, False, 0
347,0, 5, False, 0
348,0, 5, False, 0
349,0, 5, False, 0
350,0, 5, False, 0
351,0, 5, False, 0
352,0, 5, False, 0
353,0, 5, False, 0
354,0, 5, False, 0
355,0, 5, False, 0
356,0, 5, False, 1
357,0, 5, False, 1
358,0, 5, False, 1
359,0, 5, False, 1
360,0, 5, False, 1
361,0, 5, False, 1
362,0, 5, False, 1
363,0, 5, False, 0
364,0, 5, False, 0
365,0, 5, False, 0
366,0, 5, False, 0
367,0, 5, False, 0
368,0, 5, False, 0
369,0, 5, False, 0
370,0, 5, False, 0
371,0, 5, False, 0
372,0, 5, False, 0
373,0, 5, False, 0
374,0, 5, False, 0
375,0, 5, False, 0
376,0, 5, False, 0
377,0, 5, False, 0
378,0, 5, False, 0
379,0, 5, False, 0
380,0, 5, False, 0
381,0, 5, False, 0
382,0, 5, False, 0
383,0, 5, False, 0
384,0, 5, False, 0
385,0, 5, False, 0
386,0, 5, False, 0
387,0, 5, False, 0
388,0, 5, False, 0
389,0, 5, False, 0
390,0, 5, False, 0
391,0, 5, False, 0
392,0, 5, False, 0
393,0, 5, False, 0
394,0, 5, False, 0
395,0, 5, False, 0
396,0, 5, False, 0
397,0, 5, False, 0
398,0, 5, False, 0
399,0, 5, False, 3
400,0, 5, False, 3
401,0, 5, False, 3
402,0, 5, False, 3
403,0, 5, False, 3
404,0, 5, False, 3
405,0, 5, False, 3
406,0, 5, False, 3
407,0, 5, False, 3
408,0, 5, False, 3
409,0, 5, False, 3
410,0, 5, False, 3
411,0, 5, False, 3
412,0, 5, False, 0
413,0, 5, False, 0
414,0, 5, False, 0
415,0, 5, False, 0
416,0, 5, False, 0
417,0, 5, False, 0
418,0, 5, False, 0
419,0, 5, False, 0
420,0, 5, False, 0
421,0, 5, False, 0
422,0, 5, False, 0
423,0, 5, False, 0
424,0, 5, False, 0
425,0, 5, False, 0
426,0, 5, False, 0
427,0, 5, False, 0
428,0, 5, False, 0
429,0, 5, False, 0
430,0, 5, False, 0
431,0, 5, False, 4
432,0, 5, False, 4
433,0, 5, False, 4
434,0, 5, False, 4
435,0, 5, False, 4
436,0, 5, False, 4
437,0, 5, False, 4
438,0, 5, False, 4
439,0, 5, False, 4
440,0, 5, False, 4
441,0, 5, False, 4
442,0, 5, False, 4
443,0, 5, False, 0
444,0, 5, False, 0
445,0, 5, False, 0
446,0, 5, False, 0
447,0, 5, False, 0
448,0, 5, False, 0
449,0, 5, False, 0
450,0, 5, False, 0
451,0, 5, False, 0
452,0, 5, False, 0
453,0, 5, False, 0
454,0, 5, False, 1
455,0, 5, False, 1
456,0, 5, False, 1
457,0, 5, False, 1
458,0, 5, False, 1
459,0, 5, False, 1
460,0, 5, False, 1
461,0, 5, False, 0
462,0, 5, False, 0
463,0, 5, False, 0
464,0, 5, False, 0
465,0, 5, False, 0
466,0, 5, False, 0
467,0, 5, False, 0
468,0, 5, False, 0
469,0, 5, False, 0
470,0, 5, False, 0
471,0, 5, False, 0
472,0, 5, False, 0
473,0, 5, False, 0
474,0, 5, False, 0
475,0, 5, False, 0
476,0, 5, False, 0
477,0, 5, False, 0
478,0, 5, False, 0
479,0, 5, False, 0
480,0, 5, False, 0
481,0, 5, False, 0
482,5, 10, False, 0
483,0, 10, False, 0
484,0, 10, False, 0
485,0, 10, False, 0
486,0, 10, False, 0
487,0, 10, False, 0
488,0, 10, False, 4
489,0, 10, False, 4
490,0, 10, False, 0
491,0, 10, False, 0
492,0, 10, False, 0
493,0, 10, False, 0
494,0, 10, False, 0
495,0, 10, False, 0
496,0, 10, False, 0
497,0, 10, False, 0
498,0, 10, False, 0
499,0, 10, False, 0
500,0, 10, False, 0
501,0, 10, False, 0
502,0, 10, False, 0
503,0, 10, False, 0
504,0, 10, False, 0
505,0, 10, False, 0
506,0, 10, False, 0
507,0, 10, False, 0
508,0, 10, False, 0
509,0, 10, False, 0
510,0, 10, False, 0
511,0, 10, False, 0
512,0, 10, False, 0
513,0, 10, False, 0
514,0, 10, False, 1
515,0, 10, False, 1
516,0, 10, False, 1
517,0, 10, False, 1
518,0, 10, False, 1
519,0, 10, False, 1
520,0, 10, False, 1
521,0, 10, False, 0
522,0, 10, False, 0
523,0, 10, False, 0
524,0, 10, False, 0
525,0, 10, False, 0
526,0, 10, False, 0
527,0, 10, False, 0
528,0, 10, False, 0
529,0, 10, False, 0
530,0, 10, False, 0
531,0, 10, False, 0
532,0, 10, False, 0
533,0, 10, False, 0
534,0, 10, False, 0
535,0, 10, False, 0
536,0, 10, False, 0
537,0, 10, False, 0
538,0, 10, False, 0
539,0, 10, False, 0
540,0, 10, False, 0
541,0, 10, False, 0
542,0, 10, False, 0
543,0, 10, False, 0
544,0, 10, False, 0
545,0, 10, False, 0
546,0, 10, False, 0
547,0, 10, False, 0
548,0, 10, False, 0
549,0, 10, False, 3
550,10, 20, False, 3
551,0, 20, False, 3
552,0, 20, False, 3
553,0, 20, False, 3
554,0, 20, False, 3
555,0, 20, False, 3
556,0, 20, False, 3
557,0, 20, False, 3
558,0, 20, False, 3
559,0, 20, False, 3
560,0, 20, False, 0
561,0, 20, False, 0
562,0, 20, False, 0
563,0, 20, False, 0
564,0, 20, False, 0
565,0, 20, False, 0
566,0, 20, False, 0
567,0, 20, False, 0
568,0, 20, False, 0
569,0, 20, False, 0
570,0, 20, False, 0
571,0, 20, False, 0
572,0, 20, False, 0
573,0, 20, False, 0
574,0, 20, False, 1
575,0, 20, False, 1
576,0, 20, False, 1
577,0, 20, False, 1
578,0, 20, False, 1
579,0, 20, False, 1
580,0, 20, False, 1
581,0, 20, False, 1
582,0, 20, False, 0
583,0, 20, False, 0
584,0, 20, False, 0
585,0, 20, False, 0
586,0, 20, False, 0
587,0, 20, False, 0
588,0, 20, False, 0
589,0, 20, False, 0
590,0, 20, False, 0
591,0, 20, False, 0
592,0, 20, False, 0
593,0, 20, False, 0
594,0, 20, False, 0
595,0, 20, False, 0
596,0, 20, False, 0
597,0, 20, False, 0
598,0, 20, False, 0
599,0, 20, False, 0
600,0, 20, False, 0
601,0, 20, False, 0
602,0, 20, False, 0
603,0, 20, False, 0
604,0, 20, False, 0
605,0, 20, False, 0
606,0, 20, False, 0
607,0, 20, False, 0
608,0, 20, False, 0
609,0, 20, False, 0
610,0, 20, False, 0
611,0, 20, False, 0
612,0, 20, False, 0
613,0, 20, False, 0
614,0, 20, False, 0
615,0, 20, False, 0
616,0, 20, False, 0
617,0, 20, False, 0
618,15, 35, False, 0
619,0, 35, False, 0
620,0, 35, False, 0
621,0, 35, False, 0
622,0, 35, False, 0
623,0, 35, False, 0
624,0, 35, False, 0
625,0, 35, False, 0
626,0, 35, False, 0
627,0, 35, False, 1
628,0, 35, False, 1
629,0, 35, False, 1
630,0, 35, False, 1
631,0, 35, False, 1
632,0, 35, False, 1
633,0, 35, False, 1
634,0, 35, False, 1
635,0, 35, False, 1
636,0, 35, False, 1
637,0, 35, False, 0
638,0, 35, False, 0
639,0, 35, False, 0
640,0, 35, False, 0
641,0, 35, False, 0
642,0, 35, False, 0
643,0, 35, False, 0
644,0, 35, False, 0
645,0, 35, False, 0
646,0, 35, False, 0
647,0, 35, False, 0
648,0, 35, False, 0
649,0, 35, False, 0
650,0, 35, False, 0
651,0, 35, False, 0
652,0, 35, False, 0
653,0, 35, False, 0
654,0, 35, False, 0
655,0, 35, False, 0
656,0, 35, False, 0
657,0, 35, False, 0
658,0, 35, False, 0
659,0, 35, False, 0
660,0, 35, False, 0
661,0, 35, False, 0
662,0, 35, False, 0
663,0, 35, False, 0
664,0, 35, False, 0
665,0, 35, False, 0
666,0, 35, False, 0
667,0, 35, False, 0
668,0, 35, False, 0
669,0, 35, False, 0
670,0, 35, False, 0
671,0, 35, False, 0
672,0, 35, False, 0
673,0, 35, False, 0
674,0, 35, False, 0
675,0, 35, False, 0
676,0, 35, False, 0
677,0, 35, False, 0
678,20, 55, False, 0
679,0, 55, False, 0
680,0, 55, False, 0
681,0, 55, False, 0
682,0, 55, False, 0
683,0, 55, False, 0
684,0, 55, False, 0
685,0, 55, False, 1
686,0, 55, False, 1
687,0, 55, False, 1
688,0, 55, False, 1
689,0, 55, False, 1
690,0, 55, False, 1
691,0, 55, False, 1
692,0, 55, False, 1
693,0, 55, False, 1
694,0, 55, False, 0
695,0, 55, False, 0
696,0, 55, False, 0
697,0, 55, False, 0
698,0, 55, False, 0
699,0, 55, False, 0
700,0, 55, False, 0
701,0, 55, False, 0
702,0, 55, False, 0
703,0, 55, False, 0
704,0, 55, False, 0
705,0, 55, False, 0
706,0, 55, False, 0
707,0, 55, False, 0
708,0, 55, False, 0
709,0, 55, False, 0
710,0, 55, False, 0
711,0, 55, False, 0
712,0, 55, False, 0
713,0, 55, False, 0
714,0, 55, False, 0
715,0, 55, False, 0
716,0, 55, False, 0
717,0, 55, False, 0
718,0, 55, False, 0
719,0, 55, False, 0
720,0, 55, False, 0
721,0, 55, False, 0
722,0, 55, False, 0
723,0, 55, False, 0
724,0, 55, False, 0
725,0, 55, False, 0
726,0, 55, False, 0
727,0, 55, False, 0
728,0, 55, False, 0
729,0, 55, False, 0
730,0, 55, False, 0
731,0, 55, False, 0
732,0, 55, False, 0
733,0, 55, False, 0
734,0, 55, False, 0
735,0, 55, False, 0
736,0, 55, False, 0
737,0, 55, False, 0
738,0, 55, False, 0
739,0, 55, False, 0
740,0, 55, False, 0
741,0, 55, False, 0
742,0, 55, False, 0
743,0, 55, False, 0
744,0, 55, False, 0
745,0, 55, False, 0
746,25, 80, False, 0
747,0, 80, False, 0
748,0, 80, False, 0
749,0, 80, False, 1
750,0, 80, False, 1
751,0, 80, False, 1
752,0, 80, False, 1
753,0, 80, False, 1
754,0, 80, False, 1
755,0, 80, False, 1
756,0, 80, False, 1
757,0, 80, False, 0
758,0, 80, False, 0
759,0, 80, False, 0
760,0, 80, False, 0
761,0, 80, False, 0
762,0, 80, False, 0
763,0, 80, False, 0
764,0, 80, False, 0
765,0, 80, False, 0
766,0, 80, False, 0
767,0, 80, False, 0
768,0, 80, False, 0
769,0, 80, False, 0
770,0, 80, False, 0
771,0, 80, False, 0
772,0, 80, False, 0
773,0, 80, False, 0
774,0, 80, False, 0
775,0, 80, False, 0
776,0, 80, False, 0
777,0, 80, False, 0
778,0, 80, False, 0
779,0, 80, False, 0
780,0, 80, False, 3
781,0, 80, False, 3
782,0, 80, False, 3
783,0, 80, False, 3
784,0, 80, False, 3
785,0, 80, False, 3
786,0, 80, False, 3
787,0, 80, False, 3
788,0, 80, False, 0
789,0, 80, False, 0
790,0, 80, False, 0
791,0, 80, False, 0
792,0, 80, False, 0
793,0, 80, False, 0
794,0, 80, False, 0
795,0, 80, False, 0
796,0, 80, False, 0
797,0, 80, False, 0
798,0, 80, False, 0
799,0, 80, False, 0
800,0, 80, False, 0
801,0, 80, False, 0
802,0, 80, False, 0
803,0, 80, False, 0
804,0, 80, False, 0
805,0, 80, False, 0
806,0, 80, False, 0
807,0, 80, False, 0
808,0, 80, False, 0
809,0, 80, False, 0
810,0, 80, False, 0
811,0, 80, False, 0
812,0, 80, False, 0
813,0, 80, False, 0
814,0, 80, False, 0
815,0, 80, False, 0
816,0, 80, False, 0
817,0, 80, False, 0
818,30, 110, False, 3
819,0, 110, False, 3
820,0, 110, False, 3
821,0, 110, False, 3
822,0, 110, False, 3
823,0, 110, False, 3
824,0, 110, False, 3
825,0, 110, False, 3
826,0, 110, False, 3
827,0, 110, False, 0
828,0, 110, False, 0
829,0, 110, False, 0
830,0, 110, False, 0
831,0, 110, False, 0
832,0, 110, False, 0
833,0, 110, False, 0
834,0, 110, False, 0
835,0, 110, False, 0
836,0, 110, False, 0
837,0, 110, False, 0
838,0, 110, False, 0
839,0, 110, False, 0
840,0, 110, False, 0
841,0, 110, False, 0
842,0, 110, False, 0
843,0, 110, False, 0
844,0, 110, False, 0
845,0, 110, False, 0
846,0, 110, False, 0
847,0, 110, False, 0
848,0, 110, False, 0
849,0, 110, False, 4
850,0, 110, False, 4
851,0, 110, False, 4
852,0, 110, False, 4
853,0, 110, False, 4
854,0, 110, False, 4
855,0, 110, False, 0
856,0, 110, False, 0
857,0, 110, False, 0
858,0, 110, False, 0
859,0, 110, False, 0
860,0, 110, False, 0
861,0, 110, False, 0
862,0, 110, False, 0
863,0, 110, False, 0
864,0, 110, False, 0
865,0, 110, False, 0
866,0, 110, False, 0
867,0, 110, False, 0
868,0, 110, False, 0
869,0, 110, False, 0
870,0, 110, False, 0
871,0, 110, False, 0
872,0, 110, False, 0
873,0, 110, False, 0
874,0, 110, False, 0
875,0, 110, False, 0
876,0, 110, False, 0
877,0, 110, False, 0
878,0, 110, False, 0
879,0, 110, False, 0
880,0, 110, False, 0
881,0, 110, False, 0
882,0, 110, False, 0
883,0, 110, False, 0
884,0, 110, False, 0
885,0, 110, False, 0
886,0, 110, False, 0
887,0, 110, False, 0
888,0, 110, False, 0
889,0, 110, False, 0
890,0, 110, False, 0
891,0, 110, False, 0
892,0, 110, False, 0
893,0, 110, False, 0
894,0, 110, False, 0
895,0, 110, False, 0
896,0, 110, False, 0
897,0, 110, False, 0
898,0, 110, False, 0
899,0, 110, False, 0
900,0, 110, False, 0
901,0, 110, False, 0
902,0, 110, False, 0
903,0, 110, False, 0
904,0, 110, False, 0
905,0, 110, False, 0
906,0, 110, False, 3
907,0, 110, False, 3
908,0, 110, False, 3
909,0, 110, False, 3
910,0, 110, False, 3
911,0, 110, False, 3
912,0, 110, False, 3
913,0, 110, False, 3
914,0, 110, False, 3
915,0, 110, False, 3
916,0, 110, False, 3
917,0, 110, False, 3
918,0, 110, False, 3
919,0, 110, False, 3
920,0, 110, False, 3
921,0, 110, False, 3
922,0, 110, False, 3
923,0, 110, False, 3
924,0, 110, False, 3
925,0, 110, False, 3
926,0, 110, False, 3
927,0, 110, False, 3
928,0, 110, False, 3
929,0, 110, False, 3
930,0, 110, False, 3
931,0, 110, False, 3
932,0, 110, False, 3
933,0, 110, False, 3
934,0, 110, False, 3
935,0, 110, False, 3
936,0, 110, False, 3
937,0, 110, False, 3
938,0, 110, False, 3
939,0, 110, False, 3
940,0, 110, False, 3
941,0, 110, False, 3
942,0, 110, False, 3
943,0, 110, False, 3
944,0, 110, False, 3
945,0, 110, False, 3
946,0, 110, False, 3
947,0, 110, False, 3
948,0, 110, False, 3
949,0, 110, False, 3
950,0, 110, False, 3
951,0, 110, False, 3
952,0, 110, False, 3
953,0, 110, False, 3
954,0, 110, False, 3
955,0, 110, False, 3
956,0, 110, False, 3
957,0, 110, False, 3
958,0, 110, False, 3
959,0, 110, False, 3
960,0, 110, False, 3
961,0, 110, False, 3
962,0, 110, False, 3
963,0, 110, False, 3
964,0, 110, False, 3
965,0, 110, False, 3
966,0, 110, False, 3
967,0, 110, False, 3
968,0, 110, False, 3
969,0, 110, False, 3
970,0, 110, False, 0
971,0, 110, False, 0
972,0, 110, False, 0
973,0, 110, False, 0
974,0, 110, False, 0
975,0, 110, False, 0
976,0, 110, False, 1
977,0, 110, False, 1
978,0, 110, False, 1
979,0, 110, False, 1
980,0, 110, False, 1
981,0, 110, False, 1
982,0, 110, False, 1
983,0, 110, False, 0
984,0, 110, False, 0
985,0, 110, False, 0
986,0, 110, False, 0
987,0, 110, False, 0
988,0, 110, False, 0
989,0, 110, False, 0
990,0, 110, False, 0
991,0, 110, False, 0
992,0, 110, False, 0
993,0, 110, False, 0
994,0, 110, False, 0
995,0, 110, False, 0
996,5, 115, False, 0
997,0, 115, False, 0
998,0, 115, False, 0
999,0, 115, False, 0
1000,0, 115, False, 0
1001,0, 115, False, 0
1002,0, 115, False, 0
1003,0, 115, False, 0
1004,0, 115, False, 0
1005,0, 115, False, 0
1006,0, 115, False, 0
1007,0, 115, False, 0
1008,0, 115, False, 0
1009,0, 115, False, 0
1010,0, 115, False, 0
1011,0, 115, False, 0
1012,0, 115, False, 0
1013,0, 115, False, 0
1014,0, 115, False, 4
1015,0, 115, False, 4
1016,0, 115, False, 4
1017,0, 115, False, 4
1018,0, 115, False, 4
1019,0, 115, False, 4
1020,0, 115, False, 4
1021,0, 115, False, 4
1022,0, 115, False, 0
1023,0, 115, False, 0
1024,0, 115, False, 1
1025,0, 115, False, 1
1026,0, 115, False, 1
1027,0, 115, False, 1
1028,0, 115, False, 1
1029,0, 115, False, 1
1030,0, 115, False, 1
1031,0, 115, False, 1
1032,0, 115, False, 0
1033,0, 115, False, 0
1034,0, 115, False, 0
1035,0, 115, False, 0
1036,0, 115, False, 0
1037,0, 115, False, 0
1038,0, 115, False, 0
1039,0, 115, False, 0
1040,0, 115, False, 0
1041,0, 115, False, 0
1042,0, 115, False, 0
1043,0, 115, False, 0
1044,0, 115, False, 0
1045,0, 115, False, 0
1046,0, 115, False, 0
1047,0, 115, False, 0
1048,0, 115, False, 0
1049,0, 115, False, 0
1050,0, 115, False, 0
1051,0, 115, False, 0
1052,0, 115, False, 0
1053,0, 115, False, 0
1054,10, 125, False, 0
1055,0, 125, False, 0
1056,0, 125, False, 0
1057,0, 125, False, 0
1058,0, 125, False, 0
1059,0, 125, False, 0
1060,0, 125, False, 0
1061,0, 125, False, 4
1062,0, 125, False, 4
1063,0, 125, False, 4
1064,0, 125, False, 4
1065,0, 125, False, 4
1066,0, 125, False, 4
1067,0, 125, False, 4
1068,0, 125, False, 4
1069,0, 125, False, 4
1070,0, 125, False, 0
1071,0, 125, False, 0
1072,0, 125, False, 0
1073,0, 125, False, 0
1074,0, 125, False, 0
1075,0, 125, False, 1
1076,0, 125, False, 1
1077,0, 125, False, 1
1078,0, 125, False, 1
1079,0, 125, False, 1
1080,0, 125, False, 1
1081,0, 125, False, 1
1082,0, 125, False, 1
1083,0, 125, False, 1
1084,0, 125, False, 0
1085,0, 125, False, 0
1086,0, 125, False, 0
1087,0, 125, False, 0
1088,0, 125, False, 0
1089,0, 125, False, 0
1090,0, 125, False, 0
1091,0, 125, False, 0
1092,0, 125, False, 0
1093,0, 125, False, 0
1094,0, 125, False, 0
1095,0, 125, False, 0
1096,0, 125, False, 0
1097,0, 125, False, 0
1098,0, 125, False, 0
1099,0, 125, False, 0
1100,0, 125, False, 0
1101,0, 125, False, 0
1102,0, 125, False, 0
1103,0, 125, False, 0
1104,0, 125, False, 0
1105,0, 125, False, 0
1106,0, 125, False, 0
1107,0, 125, False, 0
1108,0, 125, False, 0
1109,0, 125, False, 0
1110,0, 125, False, 0
1111,0, 125, False, 0
1112,0, 125, False, 0
1113,0, 125, False, 0
1114,0, 125, False, 0
1115,0, 125, False, 0
1116,0, 125, False, 0
1117,0, 125, False, 0
1118,0, 125, False, 0
1119,0, 125, False, 0
1120,0, 125, False, 0
1121,0, 125, False, 0
1122,0, 125, False, 0
1123,0, 125, False, 0
1124,0, 125, False, 0
1125,0, 125, False, 0
1126,0, 125, False, 0
1127,0, 125, False, 0
1128,0, 125, False, 1
1129,0, 125, False, 1
1130,0, 125, False, 1
1131,0, 125, False, 1
1132,0, 125, False, 1
1133,0, 125, False, 1
1134,0, 125, False, 1
1135,0, 125, False, 1
1136,0, 125, False, 0
1137,0, 125, False, 0
1138,0, 125, False, 0
1139,0, 125, False, 0
1140,0, 125, False, 0
1141,0, 125, False, 0
1142,0, 125, False, 0
1143,0, 125, False, 0
1144,0, 125, False, 0
1145,0, 125, False, 0
1146,0, 125, False, 0
1147,0, 125, False, 0
1148,0, 125, False, 0
1149,0, 125, False, 0
1150,0, 125, False, 0
1151,0, 125, False, 0
1152,0, 125, False, 0
1153,0, 125, False, 1
1154,0, 125, False, 1
1155,0, 125, False, 1
1156,0, 125, False, 1
1157,0, 125, False, 1
1158,0, 125, False, 1
1159,0, 125, False, 1
1160,0, 125, False, 1
1161,0, 125, False, 1
1162,0, 125, False, 1
1163,0, 125, False, 4
1164,0, 125, False, 4
1165,0, 125, False, 4
1166,0, 125, False, 4
1167,0, 125, False, 4
1168,0, 125, False, 4
1169,0, 125, False, 4
1170,0, 125, False, 4
1171,0, 125, False, 4
1172,0, 125, False, 0
1173,0, 125, False, 0
1174,0, 125, False, 0
1175,0, 125, False, 0
1176,0, 125, False, 0
1177,0, 125, False, 0
1178,0, 125, False, 0
1179,0, 125, False, 0
1180,0, 125, False, 0
1181,0, 125, False, 0
1182,0, 125, False, 0
1183,0, 125, False, 0
1184,0, 125, False, 0
1185,0, 125, False, 0
1186,0, 125, False, 0
1187,0, 125, False, 0
1188,0, 125, False, 0
1189,0, 125, False, 0
1190,0, 125, False, 0
1191,0, 125, False, 0
1192,0, 125, False, 0
1193,0, 125, False, 0
1194,0, 125, False, 0
1195,0, 125, False, 0
1196,15, 140, False, 0
1197,0, 140, False, 0
1198,0, 140, False, 0
1199,0, 140, False, 0
1200,0, 140, False, 0
1201,0, 140, False, 0
1202,0, 140, False, 0
1203,0, 140, False, 0
1204,0, 140, False, 0
1205,0, 140, False, 0
1206,0, 140, False, 0
1207,0, 140, False, 0
1208,0, 140, False, 0
1209,0, 140, False, 0
1210,0, 140, False, 0
1211,0, 140, False, 0
1212,0, 140, False, 0
1213,0, 140, False, 0
1214,0, 140, False, 1
1215,0, 140, False, 1
1216,0, 140, False, 1
1217,0, 140, False, 1
1218,0, 140, False, 11
1219,0, 140, False, 11
1220,0, 140, False, 11
1221,0, 140, False, 11
1222,0, 140, False, 11
1223,0, 140, False, 3
1224,0, 140, False, 3
1225,0, 140, False, 0
1226,0, 140, False, 0
1227,0, 140, False, 0
1228,0, 140, False, 0
1229,0, 140, False, 0
1230,0, 140, False, 0
1231,0, 140, False, 0
1232,0, 140, False, 0
1233,0, 140, False, 0
1234,0, 140, False, 0
1235,0, 140, False, 0
1236,0, 140, False, 0
1237,0, 140, False, 0
1238,0, 140, False, 0
1239,0, 140, False, 0
1240,0, 140, False, 0
1241,0, 140, False, 0
1242,0, 140, False, 0
1243,0, 140, False, 0
1244,0, 140, False, 0
1245,0, 140, False, 0
1246,0, 140, False, 0
1247,0, 140, False, 0
1248,0, 140, False, 0
1249,0, 140, False, 0
1250,0, 140, False, 0
1251,0, 140, False, 0
1252,0, 140, False, 0
1253,0, 140, False, 0
1254,0, 140, False, 0
1255,0, 140, False, 0
1256,0, 140, False, 0
1257,0, 140, False, 0
1258,0, 140, False, 0
1259,0, 140, False, 0
1260,0, 140, False, 0
1261,0, 140, False, 0
1262,0, 140, False, 0
1263,0, 140, False, 0
1264,0, 140, False, 0
1265,0, 140, False, 0
1266,0, 140, False, 0
1267,0, 140, False, 0
1268,0, 140, False, 0
1269,0, 140, False, 0
1270,0, 140, False, 0
1271,0, 140, False, 0
1272,0, 140, False, 1
1273,0, 140, False, 1
1274,0, 140, False, 1
1275,0, 140, False, 1
1276,0, 140, False, 1
1277,0, 140, False, 1
1278,0, 140, False, 1
1279,0, 140, False, 1
1280,0, 140, False, 12
1281,0, 140, False, 4
1282,30, 170, False, 4
1283,0, 170, False, 4
1284,0, 170, False, 4
1285,0, 170, False, 4
1286,0, 170, False, 0
1287,0, 170, False, 0
1288,0, 170, False, 0
1289,0, 170, False, 0
1290,0, 170, False, 0
1291,0, 170, False, 0
1292,0, 170, False, 0
1293,0, 170, False, 0
1294,0, 170, False, 0
1295,0, 170, False, 0
1296,0, 170, False, 0
1297,0, 170, False, 0
1298,0, 170, False, 0
1299,0, 170, False, 0
1300,0, 170, False, 0
1301,0, 170, False, 0
1302,0, 170, False, 0
1303,0, 170, False, 0
1304,0, 170, False, 1
1305,0, 170, False, 1
1306,0, 170, False, 1
1307,0, 170, False, 1
1308,0, 170, False, 1
1309,0, 170, False, 1
1310,0, 170, False, 1
1311,0, 170, False, 1
1312,0, 170, False, 1
1313,0, 170, False, 0
1314,0, 170, False, 0
1315,0, 170, False, 0
1316,0, 170, False, 0
1317,0, 170, False, 0
1318,0, 170, False, 0
1319,0, 170, False, 0
1320,0, 170, False, 0
1321,0, 170, False, 0
1322,0, 170, False, 0
1323,0, 170, False, 0
1324,0, 170, False, 0
1325,0, 170, False, 0
1326,0, 170, False, 0
1327,0, 170, False, 0
1328,0, 170, False, 0
1329,0, 170, False, 0
1330,0, 170, False, 0
1331,0, 170, False, 0
1332,0, 170, False, 0
1333,0, 170, False, 0
1334,0, 170, False, 0
1335,0, 170, False, 0
1336,0, 170, False, 0
1337,0, 170, False, 0
1338,0, 170, False, 4
1339,0, 170, False, 4
1340,0, 170, False, 4
1341,0, 170, False, 4
1342,0, 170, False, 4
1343,0, 170, False, 4
1344,0, 170, False, 4
1345,0, 170, False, 0
1346,0, 170, False, 0
1347,0, 170, False, 0
1348,0, 170, False, 0
1349,0, 170, False, 0
1350,0, 170, False, 0
1351,0, 170, False, 0
1352,0, 170, False, 0
1353,0, 170, False, 0
1354,20, 190, False, 0
1355,0, 190, False, 0
1356,0, 190, False, 0
1357,0, 190, False, 0
1358,0, 190, False, 0
1359,0, 190, False, 0
1360,0, 190, False, 0
1361,0, 190, False, 1
1362,0, 190, False, 1
1363,0, 190, False, 1
1364,0, 190, False, 1
1365,0, 190, False, 1
1366,0, 190, False, 1
1367,0, 190, False, 1
1368,0, 190, False, 1
1369,0, 190, False, 1
1370,0, 190, False, 0
1371,0, 190, False, 0
1372,0, 190, False, 0
1373,0, 190, False, 0
1374,0, 190, False, 0
1375,0, 190, False, 0
1376,0, 190, False, 0
1377,0, 190, False, 0
1378,0, 190, False, 0
1379,0, 190, False, 0
1380,0, 190, False, 0
1381,0, 190, False, 0
1382,0, 190, False, 0
1383,0, 190, False, 0
1384,0, 190, False, 0
1385,0, 190, False, 0
1386,0, 190, False, 0
1387,0, 190, False, 0
1388,0, 190, False, 0
1389,0, 190, False, 0
1390,0, 190, False, 0
1391,0, 190, False, 0
1392,0, 190, False, 4
1393,0, 190, False, 4
1394,0, 190, False, 4
1395,0, 190, False, 4
1396,0, 190, False, 4
1397,0, 190, False, 4
1398,0, 190, False, 4
1399,0, 190, False, 4
1400,0, 190, False, 4
1401,0, 190, False, 4
1402,0, 190, False, 4
1403,0, 190, False, 4
1404,0, 190, False, 4
1405,0, 190, False, 4
1406,0, 190, False, 4
1407,0, 190, False, 4
1408,0, 190, False, 4
1409,0, 190, False, 4
1410,0, 190, False, 4
1411,0, 190, False, 4
1412,0, 190, False, 4
1413,0, 190, False, 0
1414,0, 190, False, 0
1415,0, 190, False, 0
1416,25, 215, False, 0
1417,0, 215, False, 0
1418,0, 215, False, 0
1419,0, 215, False, 0
1420,0, 215, False, 0
1421,0, 215, False, 0
1422,0, 215, False, 0
1423,0, 215, False, 0
1424,0, 215, False, 0
1425,0, 215, False, 0
1426,0, 215, False, 4
1427,0, 215, False, 4
1428,0, 215, False, 4
1429,0, 215, False, 4
1430,0, 215, False, 4
1431,0, 215, False, 4
1432,0, 215, False, 4
1433,0, 215, False, 4
1434,0, 215, False, 4
1435,0, 215, False, 4
1436,0, 215, False, 4
1437,0, 215, False, 4
1438,0, 215, False, 0
1439,0, 215, False, 0
1440,0, 215, False, 0
1441,0, 215, False, 0
1442,0, 215, False, 0
1443,0, 215, False, 0
1444,0, 215, False, 0
1445,0, 215, False, 0
1446,0, 215, False, 0
1447,0, 215, False, 0
1448,0, 215, False, 1
1449,0, 215, False, 1
1450,0, 215, False, 1
1451,0, 215, False, 1
1452,0, 215, False, 1
1453,0, 215, False, 1
1454,0, 215, False, 1
1455,0, 215, False, 0
1456,0, 215, False, 0
1457,0, 215, False, 0
1458,0, 215, False, 0
1459,0, 215, False, 0
1460,0, 215, False, 0
1461,0, 215, False, 0
1462,0, 215, False, 0
1463,0, 215, False, 0
1464,0, 215, False, 0
1465,0, 215, False, 0
1466,0, 215, False, 0
1467,0, 215, False, 0
1468,0, 215, False, 0
1469,0, 215, False, 0
1470,0, 215, False, 0
1471,0, 215, False, 0
1472,0, 215, False, 0
1473,0, 215, False, 0
1474,0, 215, False, 0
1475,0, 215, False, 0
1476,0, 215, False, 0
1477,0, 215, False, 0
1478,10, 225, False, 4
1479,0, 225, False, 4
1480,0, 225, False, 4
1481,0, 225, False, 4
1482,0, 225, False, 4
1483,0, 225, False, 4
1484,0, 225, False, 4
1485,0, 225, False, 4
1486,0, 225, False, 0
1487,0, 225, False, 0
1488,0, 225, False, 0
1489,0, 225, False, 0
1490,0, 225, False, 0
1491,0, 225, False, 0
1492,0, 225, False, 0
1493,0, 225, False, 0
1494,0, 225, False, 0
1495,0, 225, False, 0
1496,0, 225, False, 0
1497,0, 225, False, 0
1498,0, 225, False, 1
1499,0, 225, False, 1
1500,0, 225, False, 1
1501,0, 225, False, 1
1502,0, 225, False, 1
1503,0, 225, False, 1
1504,0, 225, False, 1
1505,0, 225, False, 1
1506,0, 225, False, 0
1507,0, 225, False, 0
1508,0, 225, False, 0
1509,0, 225, False, 0
1510,0, 225, False, 0
1511,0, 225, False, 0
1512,0, 225, False, 0
1513,0, 225, False, 0
1514,0, 225, False, 0
1515,0, 225, False, 0
1516,0, 225, False, 0
1517,0, 225, False, 0
1518,0, 225, False, 0
1519,0, 225, False, 0
1520,0, 225, False, 0
1521,0, 225, False, 0
1522,0, 225, False, 0
1523,0, 225, False, 0
1524,0, 225, False, 0
1525,0, 225, False, 0
1526,0, 225, False, 0
1527,0, 225, False, 0
1528,0, 225, False, 0
1529,0, 225, False, 0
1530,0, 225, False, 0
1531,0, 225, False, 0
1532,0, 225, False, 0
1533,0, 225, False, 0
1534,0, 225, False, 0
1535,0, 225, False, 0
1536,0, 225, False, 0
1537,0, 225, False, 0
1538,0, 225, False, 0
1539,0, 225, False, 0
1540,15, 240, False, 0
1541,0, 240, False, 0
1542,0, 240, False, 0
1543,0, 240, False, 0
1544,0, 240, False, 1
1545,0, 240, False, 1
1546,0, 240, False, 1
1547,0, 240, False, 1
1548,0, 240, False, 1
1549,0, 240, False, 1
1550,0, 240, False, 1
1551,0, 240, False, 1
1552,0, 240, False, 1
1553,0, 240, False, 0
1554,0, 240, False, 0
1555,0, 240, False, 0
1556,0, 240, False, 0
1557,0, 240, False, 0
1558,0, 240, False, 0
1559,0, 240, False, 0
1560,0, 240, False, 0
1561,0, 240, False, 0
1562,0, 240, False, 0
1563,0, 240, False, 0
1564,0, 240, False, 0
1565,0, 240, False, 0
1566,0, 240, False, 0
1567,0, 240, False, 0
1568,0, 240, False, 0
1569,0, 240, False, 0
1570,0, 240, False, 0
1571,0, 240, False, 0
1572,0, 240, False, 0
1573,0, 240, False, 0
1574,0, 240, False, 0
1575,0, 240, False, 0
1576,0, 240, False, 0
1577,0, 240, False, 0
1578,0, 240, False, 0
1579,0, 240, False, 0
1580,0, 240, False, 0
1581,0, 240, False, 0
1582,0, 240, False, 0
1583,0, 240, False, 0
1584,0, 240, False, 0
1585,0, 240, False, 0
1586,0, 240, False, 0
1587,0, 240, False, 0
1588,0, 240, False, 1
1589,0, 240, False, 1
1590,0, 240, False, 1
1591,0, 240, False, 1
1592,0, 240, False, 1
1593,0, 240, False, 1
1594,20, 260, False, 1
1595,0, 260, False, 1
1596,0, 260, False, 1
1597,0, 260, False, 1
1598,0, 260, False, 0
1599,0, 260, False, 0
1600,0, 260, False, 0
1601,0, 260, False, 0
1602,0, 260, False, 0
1603,0, 260, False, 0
1604,0, 260, False, 0
1605,0, 260, False, 4
1606,0, 260, False, 4
1607,0, 260, False, 4
1608,0, 260, False, 4
1609,0, 260, False, 4
1610,0, 260, False, 4
1611,0, 260, False, 4
1612,0, 260, False, 4
1613,0, 260, False, 4
1614,0, 260, False, 4
1615,0, 260, False, 4
1616,0, 260, False, 4
1617,0, 260, False, 4
1618,0, 260, False, 4
1619,0, 260, False, 4
1620,0, 260, False, 4
1621,0, 260, False, 0
1622,0, 260, False, 0
1623,0, 260, False, 0
1624,0, 260, False, 0
1625,0, 260, False, 0
1626,0, 260, False, 0
1627,0, 260, False, 0
1628,0, 260, False, 0
1629,0, 260, False, 0
1630,0, 260, False, 0
1631,0, 260, False, 0
1632,0, 260, False, 0
1633,0, 260, False, 0
1634,0, 260, False, 0
1635,0, 260, False, 0
1636,0, 260, False, 0
1637,0, 260, False, 0
1638,0, 260, False, 0
1639,0, 260, False, 0
1640,0, 260, False, 0
1641,0, 260, False, 1
1642,0, 260, False, 1
1643,0, 260, False, 1
1644,0, 260, False, 1
1645,0, 260, False, 1
1646,0, 260, False, 1
1647,0, 260, False, 1
1648,0, 260, False, 1
1649,0, 260, False, 1
1650,0, 260, False, 1
1651,0, 260, False, 0
1652,0, 260, False, 0
1653,0, 260, False, 0
1654,0, 260, False, 0
1655,0, 260, False, 0
1656,0, 260, False, 0
1657,0, 260, False, 0
1658,0, 260, False, 0
1659,0, 260, False, 0
1660,0, 260, False, 0
1661,0, 260, False, 0
1662,0, 260, False, 0
1663,0, 260, False, 0
1664,0, 260, False, 0
1665,0, 260, False, 0
1666,0, 260, False, 0
1667,0, 260, False, 0
1668,0, 260, False, 0
1669,0, 260, False, 0
1670,0, 260, False, 0
1671,0, 260, False, 0
1672,0, 260, False, 0
1673,0, 260, False, 0
1674,0, 260, False, 0
1675,0, 260, False, 0
1676,0, 260, False, 0
1677,0, 260, False, 0
1678,0, 260, False, 1
1679,0, 260, False, 1
1680,0, 260, False, 1
1681,0, 260, False, 1
1682,0, 260, False, 1
1683,0, 260, False, 1
1684,0, 260, False, 1
1685,0, 260, False, 1
1686,0, 260, False, 0
1687,0, 260, False, 0
1688,0, 260, False, 0
1689,0, 260, False, 0
1690,0, 260, False, 0
1691,0, 260, False, 0
1692,0, 260, False, 0
1693,0, 260, False, 0
1694,0, 260, False, 0
1695,0, 260, False, 0
1696,0, 260, False, 0
1697,0, 260, False, 0
1698,0, 260, False, 0
1699,0, 260, False, 0
1700,0, 260, False, 0
1701,0, 260, False, 3
1702,0, 260, False, 3
1703,0, 260, False, 3
1704,0, 260, False, 3
1705,0, 260, False, 3
1706,0, 260, False, 3
1707,0, 260, False, 3
1708,0, 260, False, 3
1709,0, 260, False, 3
1710,0, 260, False, 3
1711,0, 260, False, 3
1712,0, 260, False, 3
1713,0, 260, False, 3
1714,0, 260, False, 3
1715,0, 260, False, 3
1716,0, 260, False, 3
1717,0, 260, False, 3
1718,0, 260, False, 3
1719,0, 260, False, 3
1720,0, 260, False, 3
1721,0, 260, False, 3
1722,0, 260, False, 3
1723,0, 260, False, 3
1724,0, 260, False, 3
1725,0, 260, False, 3
1726,0, 260, False, 3
1727,0, 260, False, 3
1728,0, 260, False, 3
1729,0, 260, False, 3
1730,0, 260, False, 3
1731,0, 260, False, 3
1732,0, 260, False, 3
1733,0, 260, False, 3
1734,0, 260, False, 3
1735,0, 260, False, 3
1736,0, 260, False, 3
1737,0, 260, False, 3
1738,0, 260, False, 3
1739,0, 260, False, 3
1740,0, 260, False, 3
1741,0, 260, False, 3
1742,0, 260, False, 3
1743,0, 260, False, 3
1744,0, 260, False, 3
1745,0, 260, False, 3
1746,0, 260, False, 3
1747,0, 260, False, 3
1748,0, 260, False, 3
1749,0, 260, False, 3
1750,0, 260, False, 3
1751,0, 260, False, 3
1752,0, 260, False, 3
1753,0, 260, False, 3
1754,0, 260, False, 3
1755,0, 260, False, 3
1756,0, 260, False, 3
1757,0, 260, False, 3
1758,0, 260, False, 3
1759,0, 260, False, 3
1760,0, 260, False, 3
1761,0, 260, False, 3
1762,0, 260, False, 3
1763,0, 260, False, 3
1764,0, 260, False, 3
1765,0, 260, False, 3
1766,0, 260, False, 3
1767,0, 260, False, 3
1768,0, 260, False, 3
1769,0, 260, False, 3
1770,0, 260, False, 3
1771,0, 260, False, 3
1772,0, 260, False, 3
1773,0, 260, False, 3
1774,0, 260, False, 3
1775,0, 260, False, 3
1776,0, 260, False, 3
1777,0, 260, False, 3
1778,0, 260, False, 3
1779,0, 260, False, 3
1780,0, 260, False, 3
1781,0, 260, False, 3
1782,0, 260, False, 3
1783,0, 260, False, 3
1784,0, 260, False, 3
1785,0, 260, False, 3
1786,0, 260, False, 3
1787,0, 260, False, 3
1788,0, 260, False, 3
1789,0, 260, False, 3
1790,0, 260, False, 3
1791,0, 260, False, 3
1792,0, 260, False, 3
1793,0, 260, False, 3
1794,0, 260, False, 3
1795,0, 260, False, 3
1796,0, 260, False, 3
1797,0, 260, False, 3
1798,0, 260, False, 3
1799,0, 260, False, 3
1800,0, 260, False, 3
1801,0, 260, False, 3
1802,0, 260, False, 3
1803,0, 260, False, 3
1804,0, 260, False, 3
1805,0, 260, False, 3
1806,0, 260, False, 3
1807,0, 260, False, 3
1808,0, 260, False, 3
1809,0, 260, False, 3
1810,0, 260, False, 3
1811,0, 260, False, 3
1812,0, 260, False, 3
1813,0, 260, False, 3
1814,0, 260, False, 3
1815,0, 260, False, 3
1816,0, 260, False, 3
1817,0, 260, False, 3
1818,0, 260, False, 3
1819,0, 260, False, 3
1820,0, 260, False, 3
1821,0, 260, False, 3
1822,0, 260, False, 3
1823,0, 260, False, 3
1824,0, 260, False, 3
1825,0, 260, False, 3
1826,0, 260, False, 3
1827,0, 260, False, 3
1828,0, 260, False, 3
1829,0, 260, False, 3
1830,0, 260, False, 3
1831,0, 260, False, 3
1832,0, 260, False, 3
1833,0, 260, False, 3
1834,0, 260, False, 3
1835,0, 260, False, 3
1836,0, 260, False, 3
1837,0, 260, False, 3
1838,0, 260, False, 3
1839,0, 260, False, 3
1840,0, 260, False, 3
1841,0, 260, False, 3
1842,0, 260, False, 3
1843,0, 260, False, 3
1844,0, 260, False, 0
1845,0, 260, False, 0
1846,0, 260, False, 0
1847,0, 260, False, 0
1848,0, 260, False, 0
1849,0, 260, False, 0
1850,0, 260, False, 0
1851,0, 260, False, 0
1852,0, 260, False, 0
1853,0, 260, False, 0
1854,0, 260, False, 0
1855,0, 260, False, 3
1856,0, 260, False, 3
1857,0, 260, False, 3
1858,0, 260, False, 3
1859,0, 260, False, 3
1860,0, 260, False, 3
1861,0, 260, False, 0
1862,0, 260, False, 3
1863,0, 260, False, 3
1864,0, 260, False, 3
1865,0, 260, False, 3
1866,0, 260, False, 3
1867,0, 260, False, 3
1868,0, 260, False, 3
1869,0, 260, False, 3
1870,0, 260, False, 3
1871,0, 260, False, 0
1872,0, 260, False, 0
1873,0, 260, False, 0
1874,0, 260, False, 0
1875,0, 260, False, 0
1876,0, 260, False, 0
1877,0, 260, False, 0
1878,0, 260, False, 1
1879,0, 260, False, 1
1880,0, 260, False, 1
1881,0, 260, False, 1
1882,0, 260, False, 1
1883,0, 260, False, 1
1884,0, 260, False, 1
1885,0, 260, False, 1
1886,0, 260, False, 0
1887,0, 260, False, 0
1888,0, 260, False, 0
1889,0, 260, False, 0
1890,0, 260, False, 0
1891,0, 260, False, 0
1892,0, 260, False, 0
1893,0, 260, False, 0
1894,0, 260, False, 0
1895,0, 260, False, 0
1896,0, 260, False, 0
1897,0, 260, False, 0
1898,0, 260, False, 0
1899,0, 260, False, 0
1900,0, 260, False, 0
1901,0, 260, False, 0
1902,0, 260, False, 0
1903,0, 260, False, 0
1904,0, 260, False, 0
1905,0, 260, False, 0
1906,0, 260, False, 0
1907,0, 260, False, 0
1908,0, 260, False, 0
1909,0, 260, False, 0
1910,0, 260, False, 0
1911,0, 260, False, 0
1912,0, 260, False, 0
1913,0, 260, False, 0
1914,0, 260, False, 0
1915,0, 260, False, 0
1916,0, 260, False, 0
1917,0, 260, False, 0
1918,0, 260, False, 0
1919,0, 260, False, 0
1920,0, 260, False, 0
1921,0, 260, False, 0
1922,0, 260, False, 0
1923,0, 260, False, 0
1924,0, 260, False, 0
1925,0, 260, False, 1
1926,0, 260, False, 1
1927,0, 260, False, 1
1928,0, 260, False, 1
1929,0, 260, False, 1
1930,0, 260, False, 1
1931,0, 260, False, 1
1932,0, 260, False, 1
1933,0, 260, False, 1
1934,0, 260, False, 1
1935,0, 260, False, 1
1936,0, 260, False, 1
1937,0, 260, False, 1
1938,0, 260, False, 1
1939,0, 260, False, 1
1940,0, 260, False, 1
1941,0, 260, False, 1
1942,0, 260, False, 1
1943,0, 260, False, 1
1944,0, 260, False, 1
1945,0, 260, False, 1
1946,0, 260, False, 1
1947,0, 260, False, 1
1948,0, 260, False, 1
1949,0, 260, False, 1
1950,0, 260, False, 1
1951,0, 260, False, 1
1952,0, 260, False, 1
1953,0, 260, False, 1
1954,0, 260, False, 1
1955,0, 260, False, 1
1956,0, 260, False, 1
1957,0, 260, False, 1
1958,0, 260, False, 1
1959,0, 260, False, 0
1960,0, 260, False, 0
1961,0, 260, False, 0
1962,0, 260, False, 0
1963,0, 260, False, 0
1964,0, 260, False, 0
1965,0, 260, False, 0
1966,0, 260, False, 0
1967,0, 260, False, 0
1968,0, 260, False, 0
1969,0, 260, False, 0
1970,0, 260, False, 1
1971,0, 260, False, 1
1972,0, 260, False, 1
1973,0, 260, False, 1
1974,0, 260, False, 1
1975,0, 260, False, 1
1976,0, 260, False, 1
1977,0, 260, False, 1
1978,0, 260, False, 0
1979,0, 260, False, 0
1980,0, 260, False, 0
1981,0, 260, False, 0
1982,0, 260, False, 0
1983,0, 260, False, 0
1984,0, 260, False, 0
1985,0, 260, False, 0
1986,0, 260, False, 0
1987,0, 260, False, 0
1988,0, 260, False, 0
1989,0, 260, False, 0
1990,0, 260, False, 0
1991,0, 260, False, 0
1992,0, 260, False, 0
1993,0, 260, False, 0
1994,0, 260, False, 0
1995,0, 260, False, 0
1996,0, 260, False, 0
1997,0, 260, False, 0
1998,0, 260, False, 0
1999,0, 260, False, 0
2000,0, 260, False, 0
2001,0, 260, False, 0
2002,0, 260, False, 0
2003,0, 260, False, 0
2004,0, 260, False, 0
2005,0, 260, False, 0
2006,0, 260, False, 0
2007,0, 260, False, 0
2008,0, 260, False, 0
2009,0, 260, False, 0
2010,0, 260, False, 0
2011,0, 260, False, 0
2012,0, 260, False, 0
2013,0, 260, False, 0
2014,0, 260, False, 0
2015,0, 260, False, 0
2016,0, 260, False, 0
2017,0, 260, False, 0
2018,0, 260, False, 0
2019,0, 260, False, 0
2020,0, 260, False, 0
2021,0, 260, False, 0
2022,0, 260, False, 0
2023,0, 260, False, 0
2024,0, 260, False, 0
2025,0, 260, False, 0
2026,0, 260, False, 0
2027,0, 260, False, 0
2028,0, 260, False, 0
2029,0, 260, False, 0
2030,0, 260, False, 0
2031,0, 260, False, 0
2032,0, 260, False, 1
2033,0, 260, False, 1
2034,0, 260, False, 1
2035,0, 260, False, 1
2036,0, 260, False, 1
2037,0, 260, False, 1
2038,0, 260, False, 1
2039,0, 260, False, 1
2040,0, 260, False, 1
2041,0, 260, False, 1
2042,0, 260, False, 1
2043,0, 260, False, 0
2044,0, 260, False, 0
2045,0, 260, False, 0
2046,0, 260, False, 0
2047,0, 260, False, 0
2048,0, 260, False, 0
2049,0, 260, False, 0
2050,0, 260, False, 0
2051,0, 260, False, 0
2052,0, 260, False, 0
2053,0, 260, False, 0
2054,0, 260, False, 0
2055,0, 260, False, 0
2056,0, 260, False, 0
2057,0, 260, False, 0
2058,0, 260, False, 0
2059,0, 260, False, 0
2060,0, 260, False, 0
2061,0, 260, False, 0
2062,0, 260, False, 0
2063,0, 260, False, 1
2064,0, 260, False, 1
2065,0, 260, False, 1
2066,0, 260, False, 12
2067,0, 260, False, 12
2068,0, 260, False, 12
2069,0, 260, False, 12
2070,0, 260, False, 4
2071,0, 260, False, 4
2072,5, 265, False, 4
2073,0, 265, False, 4
2074,0, 265, False, 4
2075,0, 265, False, 4
2076,0, 265, False, 4
2077,0, 265, False, 4
2078,0, 265, False, 4
2079,0, 265, False, 4
2080,0, 265, False, 4
2081,0, 265, False, 4
2082,0, 265, False, 4
2083,0, 265, False, 4
2084,0, 265, False, 4
2085,0, 265, False, 4
2086,0, 265, False, 4
2087,0, 265, False, 0
2088,0, 265, False, 0
2089,0, 265, False, 0
2090,0, 265, False, 0
2091,0, 265, False, 0
2092,0, 265, False, 0
2093,0, 265, False, 0
2094,0, 265, False, 0
2095,0, 265, False, 0
2096,0, 265, False, 0
2097,0, 265, False, 0
2098,0, 265, False, 0
2099,0, 265, False, 0
2100,0, 265, False, 0
2101,0, 265, False, 4
2102,0, 265, False, 4
2103,0, 265, False, 4
2104,0, 265, False, 4
2105,0, 265, False, 4
2106,0, 265, False, 4
2107,0, 265, False, 4
2108,0, 265, False, 4
2109,0, 265, False, 0
2110,0, 265, False, 0
2111,0, 265, False, 0
2112,0, 265, False, 0
2113,0, 265, False, 0
2114,0, 265, False, 0
2115,0, 265, False, 0
2116,0, 265, False, 0
2117,0, 265, False, 0
2118,0, 265, False, 0
2119,0, 265, False, 0
2120,0, 265, False, 0
2121,0, 265, False, 0
2122,0, 265, False, 0
2123,0, 265, False, 0
2124,0, 265, False, 0
2125,0, 265, False, 0
2126,0, 265, False, 0
2127,0, 265, False, 0
2128,0, 265, False, 0
2129,0, 265, False, 0
2130,0, 265, False, 0
2131,0, 265, False, 0
2132,0, 265, False, 0
2133,0, 265, False, 0
2134,0, 265, False, 0
2135,0, 265, False, 0
2136,0, 265, False, 0
2137,0, 265, False, 0
2138,0, 265, False, 0
2139,0, 265, False, 0
2140,0, 265, False, 0
2141,0, 265, False, 0
2142,0, 265, False, 0
2143,0, 265, False, 0
2144,0, 265, False, 0
2145,0, 265, False, 0
2146,0, 265, False, 0
2147,0, 265, False, 0
2148,0, 265, False, 0
2149,0, 265, False, 0
2150,0, 265, False, 0
2151,0, 265, False, 0
2152,0, 265, False, 0
2153,0, 265, False, 0
2154,0, 265, False, 0
2155,0, 265, False, 0
2156,0, 265, False, 0
2157,0, 265, False, 0
2158,0, 265, False, 0
2159,0, 265, False, 0
2160,0, 265, False, 0
2161,0, 265, False, 0
2162,0, 265, False, 0
2163,0, 265, False, 0
2164,0, 265, False, 0
2165,0, 265, False, 0
2166,0, 265, False, 0
2167,0, 265, False, 0
2168,0, 265, False, 0
2169,0, 265, False, 0
2170,0, 265, False, 0
2171,0, 265, False, 0
2172,0, 265, False, 0
2173,0, 265, False, 0
2174,0, 265, False, 0
2175,0, 265, False, 0
2176,0, 265, False, 0
2177,0, 265, False, 0
2178,0, 265, False, 0
2179,0, 265, False, 0
2180,0, 265, False, 0
2181,0, 265, False, 0
2182,0, 265, False, 0
2183,0, 265, False, 0
2184,0, 265, False, 0
2185,0, 265, False, 0
2186,0, 265, False, 0
2187,0, 265, False, 0
2188,0, 265, False, 0
2189,0, 265, False, 0
2190,0, 265, False, 0
2191,0, 265, False, 0
2192,0, 265, False, 0
2193,0, 265, False, 0
2194,0, 265, False, 0
2195,0, 265, False, 0
2196,0, 265, False, 0
2197,0, 265, False, 0
2198,0, 265, False, 0
2199,0, 265, False, 0
2200,0, 265, False, 0
2201,0, 265, False, 0
2202,0, 265, False, 0
2203,0, 265, False, 0
2204,0, 265, False, 0
2205,0, 265, False, 0
2206,0, 265, False, 0
2207,0, 265, False, 0
2208,0, 265, False, 0
2209,0, 265, False, 0
2210,0, 265, False, 0
2211,0, 265, False, 0
2212,0, 265, False, 0
2213,0, 265, False, 0
2214,0, 265, False, 0
2215,0, 265, False, 0
2216,0, 265, False, 0
2217,0, 265, False, 0
2218,0, 265, False, 0
2219,0, 265, False, 0
2220,0, 265, False, 0
2221,0, 265, False, 0
2222,0, 265, False, 0
2223,0, 265, False, 0
2224,0, 265, False, 0
2225,0, 265, False, 0
2226,0, 265, False, 0
2227,0, 265, False, 0
2228,0, 265, False, 0
2229,0, 265, False, 0
2230,0, 265, False, 0
2231,0, 265, False, 0
2232,0, 265, False, 0
2233,0, 265, False, 0
2234,0, 265, False, 0
2235,0, 265, False, 0
2236,0, 265, False, 0
2237,0, 265, False, 0
2238,0, 265, False, 0
2239,0, 265, False, 0
2240,0, 265, False, 0
2241,0, 265, False, 0
2242,0, 265, False, 0
2243,0, 265, False, 0
2244,0, 265, False, 0
2245,0, 265, False, 0
2246,0, 265, False, 0
2247,0, 265, False, 0
2248,0, 265, False, 0
2249,0, 265, False, 0
2250,0, 265, False, 0
2251,0, 265, False, 0
2252,0, 265, False, 0
2253,0, 265, False, 0
2254,0, 265, False, 0
2255,0, 265, False, 0
2256,0, 265, False, 0
2257,0, 265, False, 0
2258,0, 265, False, 0
2259,0, 265, False, 0
