db traj id : 1733
frame,reward,score,terminal, action
0,0, 0, False, 0
1,0, 0, False, 0
2,0, 0, False, 0
3,0, 0, False, 0
4,0, 0, False, 0
5,0, 0, False, 0
6,0, 0, False, 0
7,0, 0, False, 0
8,0, 0, False, 0
9,0, 0, False, 0
10,0, 0, False, 0
11,0, 0, False, 0
12,0, 0, False, 0
13,0, 0, False, 0
14,0, 0, False, 0
15,0, 0, False, 0
16,0, 0, False, 0
17,0, 0, False, 0
18,0, 0, False, 0
19,0, 0, False, 0
20,0, 0, False, 0
21,0, 0, False, 0
22,0, 0, False, 0
23,0, 0, False, 0
24,0, 0, False, 0
25,0, 0, False, 0
26,0, 0, False, 0
27,0, 0, False, 0
28,0, 0, False, 0
29,0, 0, False, 0
30,0, 0, False, 0
31,0, 0, False, 0
32,0, 0, False, 0
33,0, 0, False, 0
34,0, 0, False, 0
35,0, 0, False, 0
36,0, 0, False, 0
37,0, 0, False, 0
38,0, 0, False, 0
39,0, 0, False, 0
40,0, 0, False, 0
41,0, 0, False, 0
42,0, 0, False, 3
43,0, 0, False, 3
44,0, 0, False, 3
45,0, 0, False, 3
46,0, 0, False, 3
47,0, 0, False, 3
48,0, 0, False, 3
49,0, 0, False, 3
50,0, 0, False, 3
51,0, 0, False, 3
52,0, 0, False, 0
53,0, 0, False, 0
54,0, 0, False, 0
55,0, 0, False, 0
56,0, 0, False, 0
57,0, 0, False, 0
58,0, 0, False, 1
59,0, 0, False, 1
60,0, 0, False, 1
61,0, 0, False, 1
62,0, 0, False, 1
63,0, 0, False, 1
64,0, 0, False, 0
65,0, 0, False, 0
66,0, 0, False, 0
67,0, 0, False, 0
68,0, 0, False, 0
69,0, 0, False, 0
70,0, 0, False, 0
71,0, 0, False, 0
72,0, 0, False, 0
73,0, 0, False, 0
74,0, 0, False, 0
75,0, 0, False, 0
76,0, 0, False, 0
77,0, 0, False, 0
78,0, 0, False, 0
79,0, 0, False, 0
80,0, 0, False, 0
81,0, 0, False, 0
82,0, 0, False, 0
83,0, 0, False, 0
84,0, 0, False, 0
85,0, 0, False, 0
86,0, 0, False, 0
87,0, 0, False, 0
88,0, 0, False, 0
89,0, 0, False, 0
90,0, 0, False, 0
91,0, 0, False, 0
92,0, 0, False, 0
93,0, 0, False, 0
94,0, 0, False, 0
95,0, 0, False, 0
96,0, 0, False, 0
97,0, 0, False, 0
98,0, 0, False, 0
99,0, 0, False, 0
100,0, 0, False, 0
101,0, 0, False, 0
102,0, 0, False, 0
103,0, 0, False, 0
104,0, 0, False, 0
105,0, 0, False, 0
106,0, 0, False, 0
107,0, 0, False, 0
108,0, 0, False, 0
109,0, 0, False, 0
110,0, 0, False, 0
111,0, 0, False, 0
112,0, 0, False, 0
113,0, 0, False, 0
114,0, 0, False, 0
115,0, 0, False, 0
116,0, 0, False, 0
117,0, 0, False, 0
118,0, 0, False, 0
119,0, 0, False, 0
120,0, 0, False, 0
121,0, 0, False, 0
122,0, 0, False, 0
123,0, 0, False, 0
124,0, 0, False, 0
125,0, 0, False, 0
126,0, 0, False, 0
127,0, 0, False, 0
128,0, 0, False, 0
129,0, 0, False, 0
130,0, 0, False, 0
131,0, 0, False, 0
132,0, 0, False, 0
133,0, 0, False, 0
134,0, 0, False, 0
135,0, 0, False, 0
136,0, 0, False, 0
137,0, 0, False, 0
138,0, 0, False, 0
139,0, 0, False, 3
140,0, 0, False, 3
141,0, 0, False, 3
142,0, 0, False, 3
143,0, 0, False, 3
144,0, 0, False, 3
145,0, 0, False, 3
146,0, 0, False, 3
147,0, 0, False, 3
148,0, 0, False, 3
149,0, 0, False, 3
150,0, 0, False, 3
151,0, 0, False, 3
152,0, 0, False, 3
153,0, 0, False, 3
154,0, 0, False, 3
155,0, 0, False, 3
156,0, 0, False, 3
157,0, 0, False, 3
158,0, 0, False, 3
159,0, 0, False, 3
160,0, 0, False, 3
161,0, 0, False, 3
162,0, 0, False, 3
163,0, 0, False, 3
164,0, 0, False, 3
165,0, 0, False, 3
166,0, 0, False, 3
167,0, 0, False, 3
168,0, 0, False, 3
169,0, 0, False, 3
170,0, 0, False, 3
171,0, 0, False, 3
172,0, 0, False, 3
173,0, 0, False, 3
174,0, 0, False, 3
175,0, 0, False, 3
176,0, 0, False, 3
177,0, 0, False, 3
178,0, 0, False, 3
179,0, 0, False, 3
180,0, 0, False, 3
181,0, 0, False, 3
182,0, 0, False, 11
183,0, 0, False, 11
184,0, 0, False, 11
185,0, 0, False, 11
186,0, 0, False, 11
187,0, 0, False, 11
188,0, 0, False, 11
189,0, 0, False, 11
190,0, 0, False, 3
191,0, 0, False, 3
192,0, 0, False, 3
193,0, 0, False, 3
194,0, 0, False, 3
195,0, 0, False, 3
196,0, 0, False, 3
197,0, 0, False, 3
198,0, 0, False, 3
199,0, 0, False, 3
200,0, 0, False, 3
201,0, 0, False, 3
202,0, 0, False, 3
203,0, 0, False, 3
204,0, 0, False, 3
205,0, 0, False, 3
206,0, 0, False, 3
207,0, 0, False, 3
208,5, 5, False, 3
209,0, 5, False, 3
210,0, 5, False, 3
211,0, 5, False, 3
212,0, 5, False, 3
213,0, 5, False, 3
214,0, 5, False, 3
215,0, 5, False, 3
216,0, 5, False, 3
217,0, 5, False, 3
218,0, 5, False, 3
219,0, 5, False, 3
220,0, 5, False, 3
221,0, 5, False, 3
222,0, 5, False, 3
223,0, 5, False, 3
224,0, 5, False, 3
225,0, 5, False, 3
226,0, 5, False, 3
227,0, 5, False, 3
228,0, 5, False, 3
229,0, 5, False, 3
230,0, 5, False, 3
231,0, 5, False, 3
232,0, 5, False, 3
233,0, 5, False, 3
234,0, 5, False, 3
235,0, 5, False, 3
236,0, 5, False, 3
237,0, 5, False, 3
238,0, 5, False, 3
239,0, 5, False, 3
240,0, 5, False, 3
241,0, 5, False, 3
242,0, 5, False, 3
243,0, 5, False, 3
244,0, 5, False, 3
245,0, 5, False, 3
246,0, 5, False, 3
247,0, 5, False, 3
248,0, 5, False, 3
249,0, 5, False, 3
250,0, 5, False, 11
251,0, 5, False, 11
252,0, 5, False, 11
253,0, 5, False, 11
254,0, 5, False, 11
255,0, 5, False, 11
256,0, 5, False, 3
257,0, 5, False, 3
258,0, 5, False, 3
259,0, 5, False, 3
260,0, 5, False, 3
261,0, 5, False, 3
262,0, 5, False, 3
263,0, 5, False, 3
264,0, 5, False, 3
265,0, 5, False, 3
266,0, 5, False, 3
267,0, 5, False, 3
268,0, 5, False, 3
269,0, 5, False, 3
270,0, 5, False, 3
271,0, 5, False, 3
272,0, 5, False, 3
273,0, 5, False, 3
274,0, 5, False, 3
275,0, 5, False, 3
276,5, 10, False, 0
277,0, 10, False, 0
278,0, 10, False, 0
279,0, 10, False, 0
280,0, 10, False, 0
281,0, 10, False, 0
282,0, 10, False, 0
283,0, 10, False, 0
284,0, 10, False, 0
285,0, 10, False, 0
286,0, 10, False, 0
287,0, 10, False, 0
288,0, 10, False, 0
289,0, 10, False, 0
290,0, 10, False, 0
291,0, 10, False, 0
292,0, 10, False, 4
293,0, 10, False, 4
294,0, 10, False, 4
295,0, 10, False, 4
296,0, 10, False, 4
297,0, 10, False, 4
298,0, 10, False, 4
299,0, 10, False, 4
300,0, 10, False, 4
301,0, 10, False, 4
302,0, 10, False, 4
303,0, 10, False, 4
304,0, 10, False, 4
305,0, 10, False, 4
306,0, 10, False, 12
307,0, 10, False, 12
308,0, 10, False, 12
309,0, 10, False, 12
310,0, 10, False, 12
311,0, 10, False, 12
312,0, 10, False, 4
313,0, 10, False, 4
314,0, 10, False, 4
315,0, 10, False, 4
316,0, 10, False, 4
317,0, 10, False, 4
318,0, 10, False, 4
319,0, 10, False, 4
320,0, 10, False, 4
321,0, 10, False, 4
322,0, 10, False, 4
323,0, 10, False, 4
324,0, 10, False, 4
325,0, 10, False, 0
326,0, 10, False, 0
327,0, 10, False, 0
328,0, 10, False, 0
329,0, 10, False, 0
330,0, 10, False, 0
331,0, 10, False, 0
332,0, 10, False, 0
333,0, 10, False, 0
334,0, 10, False, 0
335,0, 10, False, 0
336,0, 10, False, 0
337,0, 10, False, 0
338,0, 10, False, 0
339,0, 10, False, 0
340,10, 20, False, 0
341,0, 20, False, 0
342,0, 20, False, 0
343,0, 20, False, 0
344,0, 20, False, 0
345,0, 20, False, 0
346,0, 20, False, 0
347,0, 20, False, 0
348,0, 20, False, 0
349,0, 20, False, 0
350,0, 20, False, 0
351,0, 20, False, 0
352,0, 20, False, 0
353,0, 20, False, 0
354,0, 20, False, 0
355,0, 20, False, 0
356,0, 20, False, 4
357,0, 20, False, 4
358,0, 20, False, 4
359,0, 20, False, 4
360,0, 20, False, 4
361,0, 20, False, 4
362,0, 20, False, 4
363,0, 20, False, 4
364,0, 20, False, 4
365,0, 20, False, 4
366,0, 20, False, 4
367,0, 20, False, 4
368,0, 20, False, 4
369,0, 20, False, 4
370,0, 20, False, 4
371,0, 20, False, 4
372,0, 20, False, 4
373,0, 20, False, 4
374,0, 20, False, 4
375,0, 20, False, 4
376,0, 20, False, 4
377,0, 20, False, 0
378,0, 20, False, 1
379,0, 20, False, 1
380,0, 20, False, 1
381,0, 20, False, 1
382,0, 20, False, 1
383,0, 20, False, 1
384,0, 20, False, 1
385,0, 20, False, 0
386,0, 20, False, 0
387,0, 20, False, 0
388,0, 20, False, 0
389,0, 20, False, 0
390,0, 20, False, 0
391,0, 20, False, 0
392,0, 20, False, 0
393,0, 20, False, 0
394,0, 20, False, 0
395,0, 20, False, 0
396,0, 20, False, 0
397,0, 20, False, 0
398,0, 20, False, 0
399,0, 20, False, 0
400,0, 20, False, 0
401,0, 20, False, 0
402,0, 20, False, 3
403,0, 20, False, 3
404,0, 20, False, 3
405,0, 20, False, 3
406,0, 20, False, 3
407,0, 20, False, 3
408,0, 20, False, 3
409,0, 20, False, 3
410,0, 20, False, 3
411,0, 20, False, 3
412,0, 20, False, 3
413,0, 20, False, 3
414,0, 20, False, 3
415,0, 20, False, 3
416,0, 20, False, 3
417,0, 20, False, 3
418,0, 20, False, 3
419,0, 20, False, 3
420,0, 20, False, 3
421,0, 20, False, 3
422,0, 20, False, 3
423,0, 20, False, 3
424,0, 20, False, 3
425,0, 20, False, 3
426,0, 20, False, 3
427,0, 20, False, 3
428,0, 20, False, 3
429,0, 20, False, 3
430,0, 20, False, 3
431,0, 20, False, 3
432,0, 20, False, 3
433,0, 20, False, 3
434,0, 20, False, 3
435,0, 20, False, 3
436,0, 20, False, 3
437,0, 20, False, 3
438,0, 20, False, 3
439,0, 20, False, 3
440,0, 20, False, 3
441,0, 20, False, 3
442,0, 20, False, 3
443,0, 20, False, 3
444,0, 20, False, 3
445,0, 20, False, 3
446,0, 20, False, 3
447,0, 20, False, 3
448,0, 20, False, 3
449,0, 20, False, 3
450,0, 20, False, 3
451,0, 20, False, 3
452,0, 20, False, 3
453,0, 20, False, 3
454,0, 20, False, 3
455,0, 20, False, 3
456,0, 20, False, 3
457,0, 20, False, 3
458,0, 20, False, 3
459,0, 20, False, 3
460,0, 20, False, 3
461,0, 20, False, 3
462,0, 20, False, 3
463,0, 20, False, 3
464,0, 20, False, 3
465,0, 20, False, 3
466,0, 20, False, 3
467,0, 20, False, 3
468,0, 20, False, 3
469,0, 20, False, 0
470,0, 20, False, 0
471,0, 20, False, 0
472,0, 20, False, 0
473,0, 20, False, 0
474,0, 20, False, 1
475,0, 20, False, 1
476,0, 20, False, 1
477,0, 20, False, 1
478,0, 20, False, 1
479,0, 20, False, 0
480,0, 20, False, 0
481,0, 20, False, 1
482,0, 20, False, 1
483,0, 20, False, 1
484,0, 20, False, 1
485,0, 20, False, 0
486,0, 20, False, 0
487,0, 20, False, 1
488,0, 20, False, 1
489,0, 20, False, 1
490,0, 20, False, 1
491,0, 20, False, 0
492,0, 20, False, 0
493,0, 20, False, 0
494,0, 20, False, 1
495,0, 20, False, 1
496,0, 20, False, 0
497,0, 20, False, 0
498,0, 20, False, 0
499,0, 20, False, 0
500,0, 20, False, 1
501,0, 20, False, 1
502,0, 20, False, 0
503,0, 20, False, 0
504,0, 20, False, 0
505,0, 20, False, 0
506,0, 20, False, 1
507,0, 20, False, 1
508,0, 20, False, 0
509,0, 20, False, 0
510,0, 20, False, 0
511,0, 20, False, 0
512,0, 20, False, 0
513,0, 20, False, 1
514,0, 20, False, 1
515,0, 20, False, 0
516,0, 20, False, 0
517,0, 20, False, 0
518,0, 20, False, 0
519,0, 20, False, 1
520,0, 20, False, 1
521,0, 20, False, 0
522,0, 20, False, 0
523,0, 20, False, 0
524,0, 20, False, 0
525,0, 20, False, 1
526,0, 20, False, 1
527,0, 20, False, 1
528,0, 20, False, 0
529,0, 20, False, 0
530,0, 20, False, 0
531,0, 20, False, 0
532,0, 20, False, 0
533,0, 20, False, 1
534,0, 20, False, 1
535,0, 20, False, 1
536,0, 20, False, 1
537,0, 20, False, 0
538,0, 20, False, 0
539,0, 20, False, 0
540,0, 20, False, 1
541,0, 20, False, 1
542,0, 20, False, 1
543,0, 20, False, 0
544,0, 20, False, 0
545,0, 20, False, 0
546,0, 20, False, 0
547,0, 20, False, 1
548,0, 20, False, 1
549,0, 20, False, 0
550,0, 20, False, 0
551,0, 20, False, 0
552,0, 20, False, 0
553,0, 20, False, 0
554,0, 20, False, 1
555,0, 20, False, 1
556,0, 20, False, 1
557,0, 20, False, 0
558,0, 20, False, 0
559,0, 20, False, 0
560,0, 20, False, 0
561,0, 20, False, 0
562,0, 20, False, 1
563,0, 20, False, 1
564,0, 20, False, 1
565,0, 20, False, 1
566,0, 20, False, 0
567,0, 20, False, 0
568,0, 20, False, 0
569,0, 20, False, 0
570,0, 20, False, 0
571,0, 20, False, 1
572,0, 20, False, 0
573,0, 20, False, 0
574,0, 20, False, 0
575,0, 20, False, 0
576,0, 20, False, 0
577,0, 20, False, 0
578,0, 20, False, 0
579,0, 20, False, 0
580,0, 20, False, 0
581,0, 20, False, 0
582,0, 20, False, 0
583,0, 20, False, 0
584,0, 20, False, 0
585,0, 20, False, 0
586,0, 20, False, 0
587,0, 20, False, 0
588,0, 20, False, 0
589,0, 20, False, 0
590,0, 20, False, 0
591,0, 20, False, 0
592,0, 20, False, 0
593,0, 20, False, 0
594,0, 20, False, 0
595,0, 20, False, 0
596,0, 20, False, 0
597,0, 20, False, 0
598,0, 20, False, 0
599,0, 20, False, 0
600,0, 20, False, 0
601,0, 20, False, 0
602,0, 20, False, 0
603,0, 20, False, 0
604,0, 20, False, 0
605,0, 20, False, 0
606,0, 20, False, 0
607,0, 20, False, 0
608,0, 20, False, 0
609,0, 20, False, 0
610,0, 20, False, 0
611,0, 20, False, 0
612,0, 20, False, 0
613,0, 20, False, 0
614,0, 20, False, 0
615,0, 20, False, 0
616,0, 20, False, 0
617,0, 20, False, 0
618,0, 20, False, 0
619,0, 20, False, 0
620,0, 20, False, 0
621,0, 20, False, 0
622,0, 20, False, 0
623,0, 20, False, 0
624,0, 20, False, 0
625,0, 20, False, 0
626,0, 20, False, 0
627,0, 20, False, 1
628,0, 20, False, 1
629,0, 20, False, 1
630,0, 20, False, 1
631,0, 20, False, 1
632,0, 20, False, 1
633,0, 20, False, 0
634,0, 20, False, 0
635,0, 20, False, 0
636,0, 20, False, 0
637,0, 20, False, 0
638,0, 20, False, 0
639,0, 20, False, 0
640,0, 20, False, 0
641,0, 20, False, 0
642,0, 20, False, 0
643,0, 20, False, 0
644,0, 20, False, 0
645,0, 20, False, 0
646,0, 20, False, 0
647,0, 20, False, 0
648,0, 20, False, 0
649,0, 20, False, 0
650,0, 20, False, 0
651,0, 20, False, 0
652,0, 20, False, 0
653,0, 20, False, 0
654,0, 20, False, 0
655,0, 20, False, 0
656,0, 20, False, 0
657,0, 20, False, 0
658,0, 20, False, 0
659,0, 20, False, 0
660,0, 20, False, 0
661,0, 20, False, 0
662,0, 20, False, 0
663,0, 20, False, 0
664,0, 20, False, 0
665,0, 20, False, 0
666,0, 20, False, 0
667,0, 20, False, 0
668,0, 20, False, 0
669,0, 20, False, 0
670,0, 20, False, 0
671,0, 20, False, 0
672,0, 20, False, 0
673,0, 20, False, 0
674,0, 20, False, 0
675,0, 20, False, 0
676,0, 20, False, 0
677,0, 20, False, 0
678,0, 20, False, 0
679,0, 20, False, 0
680,0, 20, False, 0
681,0, 20, False, 0
682,0, 20, False, 0
683,0, 20, False, 0
684,0, 20, False, 0
685,0, 20, False, 0
686,0, 20, False, 0
687,0, 20, False, 0
688,0, 20, False, 0
689,0, 20, False, 0
690,0, 20, False, 0
691,0, 20, False, 0
692,0, 20, False, 0
693,0, 20, False, 0
694,0, 20, False, 0
695,0, 20, False, 0
696,0, 20, False, 0
697,0, 20, False, 0
698,0, 20, False, 0
699,0, 20, False, 0
700,0, 20, False, 0
701,0, 20, False, 0
702,0, 20, False, 0
703,0, 20, False, 0
704,0, 20, False, 0
705,0, 20, False, 0
706,0, 20, False, 0
707,0, 20, False, 0
708,0, 20, False, 0
709,0, 20, False, 0
710,0, 20, False, 0
711,0, 20, False, 0
712,0, 20, False, 0
713,0, 20, False, 1
714,0, 20, False, 1
715,0, 20, False, 1
716,0, 20, False, 1
717,0, 20, False, 1
718,0, 20, False, 0
719,0, 20, False, 0
720,0, 20, False, 0
721,0, 20, False, 0
722,0, 20, False, 0
723,0, 20, False, 0
724,0, 20, False, 0
725,0, 20, False, 0
726,0, 20, False, 0
727,0, 20, False, 0
728,0, 20, False, 0
729,0, 20, False, 0
730,0, 20, False, 0
731,0, 20, False, 0
732,0, 20, False, 0
733,0, 20, False, 0
734,0, 20, False, 0
735,0, 20, False, 1
736,0, 20, False, 1
737,0, 20, False, 1
738,0, 20, False, 1
739,0, 20, False, 0
740,0, 20, False, 0
741,0, 20, False, 0
742,0, 20, False, 0
743,0, 20, False, 1
744,0, 20, False, 1
745,0, 20, False, 1
746,0, 20, False, 0
747,0, 20, False, 0
748,0, 20, False, 0
749,0, 20, False, 0
750,0, 20, False, 1
751,0, 20, False, 1
752,0, 20, False, 1
753,0, 20, False, 1
754,0, 20, False, 0
755,0, 20, False, 0
756,15, 35, False, 0
757,0, 35, False, 0
758,0, 35, False, 1
759,0, 35, False, 1
760,0, 35, False, 1
761,0, 35, False, 0
762,0, 35, False, 0
763,0, 35, False, 0
764,0, 35, False, 0
765,0, 35, False, 0
766,0, 35, False, 1
767,0, 35, False, 1
768,0, 35, False, 1
769,0, 35, False, 1
770,0, 35, False, 0
771,0, 35, False, 0
772,0, 35, False, 0
773,0, 35, False, 0
774,0, 35, False, 1
775,0, 35, False, 1
776,0, 35, False, 1
777,0, 35, False, 1
778,0, 35, False, 0
779,0, 35, False, 0
780,0, 35, False, 0
781,0, 35, False, 1
782,0, 35, False, 1
783,0, 35, False, 1
784,0, 35, False, 1
785,0, 35, False, 0
786,0, 35, False, 0
787,0, 35, False, 0
788,0, 35, False, 1
789,0, 35, False, 1
790,0, 35, False, 1
791,0, 35, False, 0
792,0, 35, False, 0
793,0, 35, False, 0
794,0, 35, False, 0
795,0, 35, False, 0
796,0, 35, False, 1
797,0, 35, False, 1
798,0, 35, False, 1
799,0, 35, False, 0
800,0, 35, False, 0
801,0, 35, False, 0
802,0, 35, False, 0
803,0, 35, False, 1
804,0, 35, False, 1
805,0, 35, False, 1
806,0, 35, False, 1
807,0, 35, False, 0
808,0, 35, False, 0
809,0, 35, False, 0
810,0, 35, False, 0
811,0, 35, False, 1
812,20, 55, False, 1
813,0, 55, False, 1
814,0, 55, False, 0
815,0, 55, False, 0
816,0, 55, False, 0
817,0, 55, False, 0
818,0, 55, False, 1
819,0, 55, False, 1
820,0, 55, False, 1
821,0, 55, False, 0
822,0, 55, False, 0
823,0, 55, False, 0
824,0, 55, False, 0
825,0, 55, False, 0
826,0, 55, False, 1
827,0, 55, False, 1
828,0, 55, False, 1
829,0, 55, False, 0
830,0, 55, False, 0
831,0, 55, False, 0
832,0, 55, False, 0
833,0, 55, False, 0
834,0, 55, False, 1
835,0, 55, False, 1
836,0, 55, False, 1
837,0, 55, False, 0
838,0, 55, False, 0
839,0, 55, False, 0
840,0, 55, False, 1
841,0, 55, False, 1
842,0, 55, False, 1
843,0, 55, False, 1
844,0, 55, False, 1
845,0, 55, False, 0
846,0, 55, False, 0
847,0, 55, False, 0
848,0, 55, False, 0
849,0, 55, False, 1
850,0, 55, False, 1
851,0, 55, False, 1
852,0, 55, False, 1
853,0, 55, False, 1
854,0, 55, False, 0
855,0, 55, False, 0
856,0, 55, False, 0
857,0, 55, False, 0
858,0, 55, False, 0
859,0, 55, False, 1
860,0, 55, False, 1
861,0, 55, False, 1
862,0, 55, False, 0
863,0, 55, False, 0
864,0, 55, False, 0
865,0, 55, False, 0
866,0, 55, False, 0
867,0, 55, False, 0
868,0, 55, False, 1
869,0, 55, False, 1
870,0, 55, False, 1
871,0, 55, False, 1
872,0, 55, False, 0
873,0, 55, False, 0
874,25, 80, False, 0
875,0, 80, False, 0
876,0, 80, False, 1
877,0, 80, False, 1
878,0, 80, False, 1
879,0, 80, False, 0
880,0, 80, False, 0
881,0, 80, False, 0
882,0, 80, False, 0
883,0, 80, False, 0
884,0, 80, False, 0
885,0, 80, False, 1
886,0, 80, False, 1
887,0, 80, False, 1
888,0, 80, False, 1
889,0, 80, False, 1
890,0, 80, False, 0
891,0, 80, False, 0
892,0, 80, False, 0
893,0, 80, False, 0
894,0, 80, False, 0
895,0, 80, False, 1
896,0, 80, False, 1
897,0, 80, False, 1
898,0, 80, False, 0
899,0, 80, False, 0
900,0, 80, False, 0
901,0, 80, False, 0
902,0, 80, False, 0
903,0, 80, False, 1
904,0, 80, False, 1
905,0, 80, False, 1
906,0, 80, False, 1
907,0, 80, False, 0
908,0, 80, False, 0
909,0, 80, False, 0
910,0, 80, False, 0
911,0, 80, False, 1
912,0, 80, False, 1
913,0, 80, False, 1
914,0, 80, False, 1
915,0, 80, False, 0
916,0, 80, False, 0
917,0, 80, False, 0
918,0, 80, False, 0
919,0, 80, False, 0
920,0, 80, False, 0
921,0, 80, False, 0
922,0, 80, False, 1
923,0, 80, False, 1
924,0, 80, False, 1
925,0, 80, False, 0
926,0, 80, False, 0
927,0, 80, False, 0
928,0, 80, False, 0
929,0, 80, False, 0
930,0, 80, False, 0
931,0, 80, False, 0
932,0, 80, False, 0
933,0, 80, False, 0
934,0, 80, False, 0
935,0, 80, False, 0
936,0, 80, False, 0
937,0, 80, False, 0
938,0, 80, False, 0
939,0, 80, False, 0
940,0, 80, False, 0
941,0, 80, False, 0
942,0, 80, False, 0
943,0, 80, False, 0
944,0, 80, False, 4
945,0, 80, False, 4
946,30, 110, False, 4
947,0, 110, False, 4
948,0, 110, False, 4
949,0, 110, False, 4
950,0, 110, False, 4
951,0, 110, False, 4
952,0, 110, False, 4
953,0, 110, False, 4
954,0, 110, False, 4
955,0, 110, False, 4
956,0, 110, False, 4
957,0, 110, False, 4
958,0, 110, False, 4
959,0, 110, False, 4
960,0, 110, False, 4
961,0, 110, False, 4
962,0, 110, False, 0
963,0, 110, False, 0
964,0, 110, False, 1
965,0, 110, False, 1
966,0, 110, False, 1
967,0, 110, False, 1
968,0, 110, False, 1
969,0, 110, False, 0
970,0, 110, False, 0
971,0, 110, False, 0
972,0, 110, False, 0
973,0, 110, False, 0
974,0, 110, False, 0
975,0, 110, False, 0
976,0, 110, False, 0
977,0, 110, False, 0
978,0, 110, False, 0
979,0, 110, False, 0
980,0, 110, False, 0
981,0, 110, False, 0
982,0, 110, False, 0
983,0, 110, False, 0
984,0, 110, False, 4
985,0, 110, False, 4
986,5, 115, False, 4
987,0, 115, False, 4
988,0, 115, False, 4
989,0, 115, False, 4
990,0, 115, False, 4
991,0, 115, False, 4
992,0, 115, False, 4
993,0, 115, False, 4
994,0, 115, False, 4
995,0, 115, False, 4
996,0, 115, False, 4
997,0, 115, False, 4
998,0, 115, False, 4
999,0, 115, False, 4
1000,0, 115, False, 4
1001,0, 115, False, 4
1002,0, 115, False, 4
1003,0, 115, False, 4
1004,0, 115, False, 4
1005,0, 115, False, 4
1006,0, 115, False, 4
1007,0, 115, False, 4
1008,0, 115, False, 4
1009,0, 115, False, 4
1010,0, 115, False, 4
1011,0, 115, False, 4
1012,0, 115, False, 4
1013,0, 115, False, 4
1014,0, 115, False, 4
1015,0, 115, False, 4
1016,0, 115, False, 4
1017,0, 115, False, 4
1018,0, 115, False, 4
1019,0, 115, False, 4
1020,0, 115, False, 4
1021,0, 115, False, 4
1022,0, 115, False, 4
1023,0, 115, False, 4
1024,0, 115, False, 4
1025,0, 115, False, 4
1026,0, 115, False, 4
1027,0, 115, False, 4
1028,0, 115, False, 4
1029,0, 115, False, 4
1030,0, 115, False, 4
1031,0, 115, False, 4
1032,0, 115, False, 4
1033,0, 115, False, 4
1034,0, 115, False, 4
1035,0, 115, False, 4
1036,0, 115, False, 4
1037,0, 115, False, 4
1038,0, 115, False, 4
1039,0, 115, False, 4
1040,0, 115, False, 4
1041,0, 115, False, 4
1042,0, 115, False, 4
1043,0, 115, False, 4
1044,0, 115, False, 4
1045,0, 115, False, 4
1046,0, 115, False, 4
1047,0, 115, False, 4
1048,0, 115, False, 4
1049,0, 115, False, 4
1050,0, 115, False, 4
1051,0, 115, False, 4
1052,0, 115, False, 4
1053,0, 115, False, 4
1054,0, 115, False, 4
1055,0, 115, False, 12
1056,0, 115, False, 12
1057,0, 115, False, 1
1058,0, 115, False, 1
1059,0, 115, False, 1
1060,0, 115, False, 0
1061,0, 115, False, 0
1062,0, 115, False, 0
1063,0, 115, False, 1
1064,0, 115, False, 1
1065,0, 115, False, 1
1066,0, 115, False, 1
1067,0, 115, False, 0
1068,0, 115, False, 0
1069,0, 115, False, 0
1070,0, 115, False, 0
1071,0, 115, False, 0
1072,0, 115, False, 0
1073,0, 115, False, 0
1074,0, 115, False, 0
1075,0, 115, False, 0
1076,5, 120, False, 0
1077,0, 120, False, 0
1078,0, 120, False, 0
1079,0, 120, False, 0
1080,0, 120, False, 0
1081,0, 120, False, 0
1082,0, 120, False, 0
1083,0, 120, False, 3
1084,0, 120, False, 3
1085,0, 120, False, 3
1086,0, 120, False, 3
1087,0, 120, False, 3
1088,0, 120, False, 3
1089,0, 120, False, 0
1090,0, 120, False, 0
1091,0, 120, False, 0
1092,0, 120, False, 0
1093,0, 120, False, 0
1094,0, 120, False, 0
1095,0, 120, False, 0
1096,0, 120, False, 0
1097,0, 120, False, 0
1098,0, 120, False, 0
1099,0, 120, False, 0
1100,0, 120, False, 0
1101,0, 120, False, 0
1102,0, 120, False, 1
1103,0, 120, False, 1
1104,0, 120, False, 1
1105,0, 120, False, 1
1106,0, 120, False, 1
1107,0, 120, False, 1
1108,0, 120, False, 0
1109,0, 120, False, 0
1110,0, 120, False, 0
1111,0, 120, False, 0
1112,0, 120, False, 0
1113,0, 120, False, 0
1114,0, 120, False, 0
1115,0, 120, False, 0
1116,0, 120, False, 0
1117,0, 120, False, 3
1118,0, 120, False, 3
1119,0, 120, False, 3
1120,0, 120, False, 3
1121,0, 120, False, 3
1122,0, 120, False, 3
1123,0, 120, False, 3
1124,0, 120, False, 3
1125,0, 120, False, 3
1126,0, 120, False, 3
1127,0, 120, False, 3
1128,0, 120, False, 3
1129,0, 120, False, 3
1130,0, 120, False, 3
1131,0, 120, False, 3
1132,0, 120, False, 3
1133,0, 120, False, 3
1134,0, 120, False, 3
1135,0, 120, False, 0
1136,0, 120, False, 0
1137,0, 120, False, 0
1138,0, 120, False, 0
1139,0, 120, False, 0
1140,0, 120, False, 0
1141,0, 120, False, 0
1142,0, 120, False, 0
1143,0, 120, False, 0
1144,0, 120, False, 0
1145,0, 120, False, 0
1146,0, 120, False, 0
1147,0, 120, False, 0
1148,0, 120, False, 0
1149,0, 120, False, 0
1150,0, 120, False, 0
1151,0, 120, False, 0
1152,0, 120, False, 0
1153,0, 120, False, 0
1154,0, 120, False, 0
1155,0, 120, False, 0
1156,0, 120, False, 0
1157,0, 120, False, 0
1158,0, 120, False, 0
1159,0, 120, False, 0
1160,0, 120, False, 0
1161,0, 120, False, 0
1162,0, 120, False, 0
1163,0, 120, False, 0
1164,0, 120, False, 0
1165,0, 120, False, 0
1166,0, 120, False, 0
1167,0, 120, False, 0
1168,0, 120, False, 0
1169,0, 120, False, 0
1170,0, 120, False, 0
1171,0, 120, False, 0
1172,0, 120, False, 0
1173,0, 120, False, 0
1174,0, 120, False, 0
1175,0, 120, False, 0
1176,0, 120, False, 0
1177,0, 120, False, 0
1178,0, 120, False, 0
1179,0, 120, False, 0
1180,0, 120, False, 0
1181,0, 120, False, 0
1182,0, 120, False, 0
1183,0, 120, False, 0
1184,0, 120, False, 0
1185,0, 120, False, 0
1186,0, 120, False, 0
1187,0, 120, False, 0
1188,0, 120, False, 0
1189,0, 120, False, 0
1190,0, 120, False, 3
1191,0, 120, False, 3
1192,0, 120, False, 3
1193,0, 120, False, 3
1194,0, 120, False, 3
1195,0, 120, False, 3
1196,0, 120, False, 3
1197,0, 120, False, 3
1198,0, 120, False, 0
1199,0, 120, False, 0
1200,0, 120, False, 0
1201,0, 120, False, 0
1202,0, 120, False, 0
1203,0, 120, False, 0
1204,0, 120, False, 0
1205,0, 120, False, 1
1206,0, 120, False, 1
1207,0, 120, False, 1
1208,0, 120, False, 1
1209,0, 120, False, 1
1210,0, 120, False, 1
1211,0, 120, False, 1
1212,0, 120, False, 1
1213,0, 120, False, 1
1214,0, 120, False, 0
1215,0, 120, False, 0
1216,0, 120, False, 0
1217,0, 120, False, 0
1218,0, 120, False, 0
1219,0, 120, False, 3
1220,0, 120, False, 3
1221,0, 120, False, 3
1222,0, 120, False, 3
1223,0, 120, False, 3
1224,0, 120, False, 3
1225,0, 120, False, 3
1226,0, 120, False, 3
1227,0, 120, False, 3
1228,0, 120, False, 3
1229,0, 120, False, 0
1230,0, 120, False, 0
1231,0, 120, False, 0
1232,0, 120, False, 0
1233,0, 120, False, 0
1234,0, 120, False, 0
1235,0, 120, False, 0
1236,0, 120, False, 0
1237,0, 120, False, 0
1238,0, 120, False, 0
1239,0, 120, False, 0
1240,0, 120, False, 0
1241,0, 120, False, 0
1242,0, 120, False, 0
1243,0, 120, False, 0
1244,0, 120, False, 4
1245,0, 120, False, 4
1246,0, 120, False, 4
1247,0, 120, False, 4
1248,0, 120, False, 4
1249,0, 120, False, 4
1250,0, 120, False, 4
1251,0, 120, False, 4
1252,0, 120, False, 4
1253,0, 120, False, 4
1254,0, 120, False, 0
1255,0, 120, False, 0
1256,0, 120, False, 0
1257,0, 120, False, 0
1258,0, 120, False, 0
1259,0, 120, False, 0
1260,0, 120, False, 0
1261,0, 120, False, 0
1262,0, 120, False, 0
1263,0, 120, False, 0
1264,0, 120, False, 0
1265,0, 120, False, 0
1266,0, 120, False, 0
1267,0, 120, False, 0
1268,0, 120, False, 3
1269,0, 120, False, 3
1270,0, 120, False, 3
1271,0, 120, False, 3
1272,0, 120, False, 3
1273,0, 120, False, 3
1274,0, 120, False, 3
1275,0, 120, False, 0
1276,0, 120, False, 0
1277,0, 120, False, 0
1278,0, 120, False, 0
1279,0, 120, False, 0
1280,0, 120, False, 0
1281,0, 120, False, 0
1282,200, 320, False, 0
1283,0, 320, False, 0
1284,0, 320, False, 0
1285,0, 320, False, 0
1286,0, 320, False, 0
1287,0, 320, False, 0
1288,0, 320, False, 0
1289,0, 320, False, 0
1290,0, 320, False, 0
1291,0, 320, False, 0
1292,0, 320, False, 0
1293,0, 320, False, 0
1294,0, 320, False, 0
1295,0, 320, False, 0
1296,0, 320, False, 0
1297,0, 320, False, 0
1298,0, 320, False, 0
1299,0, 320, False, 0
1300,0, 320, False, 0
1301,0, 320, False, 0
1302,0, 320, False, 0
1303,0, 320, False, 3
1304,0, 320, False, 3
1305,0, 320, False, 3
1306,0, 320, False, 3
1307,0, 320, False, 3
1308,0, 320, False, 3
1309,0, 320, False, 3
1310,0, 320, False, 3
1311,0, 320, False, 3
1312,0, 320, False, 0
1313,0, 320, False, 0
1314,0, 320, False, 1
1315,0, 320, False, 1
1316,0, 320, False, 1
1317,0, 320, False, 1
1318,0, 320, False, 1
1319,0, 320, False, 1
1320,0, 320, False, 0
1321,0, 320, False, 0
1322,0, 320, False, 0
1323,0, 320, False, 0
1324,0, 320, False, 0
1325,0, 320, False, 0
1326,0, 320, False, 0
1327,0, 320, False, 1
1328,0, 320, False, 1
1329,0, 320, False, 1
1330,0, 320, False, 1
1331,0, 320, False, 1
1332,0, 320, False, 1
1333,0, 320, False, 1
1334,0, 320, False, 0
1335,0, 320, False, 0
1336,0, 320, False, 0
1337,0, 320, False, 0
1338,0, 320, False, 1
1339,0, 320, False, 1
1340,0, 320, False, 1
1341,0, 320, False, 0
1342,0, 320, False, 0
1343,0, 320, False, 0
1344,0, 320, False, 1
1345,0, 320, False, 1
1346,10, 330, False, 1
1347,0, 330, False, 1
1348,0, 330, False, 0
1349,0, 330, False, 0
1350,0, 330, False, 0
1351,0, 330, False, 0
1352,0, 330, False, 1
1353,0, 330, False, 1
1354,0, 330, False, 1
1355,0, 330, False, 0
1356,0, 330, False, 0
1357,0, 330, False, 0
1358,0, 330, False, 0
1359,0, 330, False, 1
1360,0, 330, False, 1
1361,0, 330, False, 1
1362,0, 330, False, 0
1363,0, 330, False, 0
1364,0, 330, False, 0
1365,0, 330, False, 1
1366,0, 330, False, 1
1367,0, 330, False, 1
1368,0, 330, False, 1
1369,0, 330, False, 0
1370,0, 330, False, 0
1371,0, 330, False, 0
1372,0, 330, False, 0
1373,0, 330, False, 0
1374,0, 330, False, 4
1375,0, 330, False, 4
1376,0, 330, False, 4
1377,0, 330, False, 4
1378,0, 330, False, 12
1379,0, 330, False, 12
1380,0, 330, False, 12
1381,0, 330, False, 12
1382,0, 330, False, 0
1383,0, 330, False, 0
1384,15, 345, False, 0
1385,0, 345, False, 0
1386,0, 345, False, 0
1387,0, 345, False, 0
1388,0, 345, False, 0
1389,0, 345, False, 1
1390,0, 345, False, 1
1391,0, 345, False, 1
1392,0, 345, False, 1
1393,0, 345, False, 1
1394,0, 345, False, 0
1395,0, 345, False, 0
1396,0, 345, False, 0
1397,0, 345, False, 0
1398,0, 345, False, 0
1399,0, 345, False, 1
1400,0, 345, False, 1
1401,0, 345, False, 12
1402,0, 345, False, 12
1403,0, 345, False, 4
1404,0, 345, False, 4
1405,0, 345, False, 4
1406,0, 345, False, 4
1407,0, 345, False, 4
1408,0, 345, False, 4
1409,0, 345, False, 4
1410,0, 345, False, 4
1411,0, 345, False, 4
1412,0, 345, False, 0
1413,0, 345, False, 0
1414,0, 345, False, 0
1415,0, 345, False, 0
1416,0, 345, False, 0
1417,0, 345, False, 0
1418,0, 345, False, 0
1419,0, 345, False, 0
1420,0, 345, False, 0
1421,0, 345, False, 0
1422,0, 345, False, 0
1423,0, 345, False, 1
1424,0, 345, False, 1
1425,0, 345, False, 1
1426,0, 345, False, 1
1427,0, 345, False, 1
1428,0, 345, False, 1
1429,0, 345, False, 0
1430,0, 345, False, 0
1431,0, 345, False, 0
1432,0, 345, False, 0
1433,0, 345, False, 1
1434,0, 345, False, 1
1435,0, 345, False, 1
1436,0, 345, False, 1
1437,0, 345, False, 1
1438,20, 365, False, 0
1439,0, 365, False, 0
1440,0, 365, False, 0
1441,0, 365, False, 0
1442,0, 365, False, 0
1443,0, 365, False, 0
1444,0, 365, False, 0
1445,0, 365, False, 0
1446,0, 365, False, 0
1447,0, 365, False, 0
1448,0, 365, False, 0
1449,0, 365, False, 0
1450,0, 365, False, 0
1451,0, 365, False, 0
1452,0, 365, False, 0
1453,0, 365, False, 0
1454,0, 365, False, 0
1455,0, 365, False, 4
1456,0, 365, False, 4
1457,0, 365, False, 4
1458,0, 365, False, 4
1459,0, 365, False, 4
1460,0, 365, False, 4
1461,0, 365, False, 0
1462,0, 365, False, 0
1463,0, 365, False, 0
1464,0, 365, False, 0
1465,0, 365, False, 0
1466,0, 365, False, 0
1467,0, 365, False, 0
1468,0, 365, False, 0
1469,0, 365, False, 0
1470,0, 365, False, 1
1471,0, 365, False, 1
1472,0, 365, False, 1
1473,0, 365, False, 1
1474,0, 365, False, 0
1475,0, 365, False, 0
1476,0, 365, False, 0
1477,0, 365, False, 1
1478,0, 365, False, 1
1479,0, 365, False, 1
1480,0, 365, False, 1
1481,0, 365, False, 0
1482,0, 365, False, 0
1483,0, 365, False, 1
1484,0, 365, False, 1
1485,0, 365, False, 1
1486,0, 365, False, 1
1487,0, 365, False, 0
1488,0, 365, False, 0
1489,0, 365, False, 0
1490,0, 365, False, 1
1491,0, 365, False, 1
1492,0, 365, False, 1
1493,0, 365, False, 1
1494,0, 365, False, 0
1495,0, 365, False, 0
1496,0, 365, False, 0
1497,0, 365, False, 1
1498,0, 365, False, 1
1499,0, 365, False, 1
1500,0, 365, False, 1
1501,0, 365, False, 0
1502,0, 365, False, 0
1503,0, 365, False, 0
1504,0, 365, False, 1
1505,0, 365, False, 1
1506,0, 365, False, 1
1507,0, 365, False, 0
1508,0, 365, False, 0
1509,0, 365, False, 0
1510,0, 365, False, 0
1511,0, 365, False, 0
1512,0, 365, False, 0
1513,0, 365, False, 0
1514,0, 365, False, 0
1515,0, 365, False, 0
1516,0, 365, False, 0
1517,0, 365, False, 0
1518,0, 365, False, 0
1519,0, 365, False, 0
1520,0, 365, False, 0
1521,0, 365, False, 0
1522,0, 365, False, 0
1523,0, 365, False, 0
1524,0, 365, False, 0
1525,0, 365, False, 0
1526,0, 365, False, 0
1527,0, 365, False, 0
1528,0, 365, False, 0
1529,0, 365, False, 0
1530,0, 365, False, 0
1531,0, 365, False, 0
1532,0, 365, False, 0
1533,0, 365, False, 1
1534,0, 365, False, 1
1535,0, 365, False, 1
1536,0, 365, False, 1
1537,0, 365, False, 1
1538,0, 365, False, 0
1539,0, 365, False, 0
1540,0, 365, False, 0
1541,0, 365, False, 1
1542,0, 365, False, 1
1543,0, 365, False, 1
1544,0, 365, False, 1
1545,0, 365, False, 1
1546,0, 365, False, 0
1547,0, 365, False, 0
1548,0, 365, False, 0
1549,0, 365, False, 0
1550,0, 365, False, 1
1551,0, 365, False, 1
1552,0, 365, False, 1
1553,0, 365, False, 1
1554,0, 365, False, 0
1555,0, 365, False, 0
1556,0, 365, False, 0
1557,0, 365, False, 0
1558,0, 365, False, 1
1559,0, 365, False, 1
1560,0, 365, False, 1
1561,0, 365, False, 1
1562,0, 365, False, 1
1563,0, 365, False, 0
1564,0, 365, False, 0
1565,0, 365, False, 0
1566,0, 365, False, 0
1567,0, 365, False, 1
1568,0, 365, False, 1
1569,0, 365, False, 1
1570,0, 365, False, 1
1571,0, 365, False, 1
1572,0, 365, False, 0
1573,0, 365, False, 0
1574,0, 365, False, 0
1575,0, 365, False, 0
1576,0, 365, False, 0
1577,0, 365, False, 1
1578,0, 365, False, 1
1579,0, 365, False, 1
1580,0, 365, False, 1
1581,0, 365, False, 0
1582,0, 365, False, 0
1583,0, 365, False, 0
1584,0, 365, False, 0
1585,0, 365, False, 0
1586,0, 365, False, 1
1587,0, 365, False, 1
1588,0, 365, False, 1
1589,0, 365, False, 1
1590,0, 365, False, 1
1591,0, 365, False, 0
1592,0, 365, False, 0
1593,0, 365, False, 0
1594,0, 365, False, 0
1595,0, 365, False, 0
1596,0, 365, False, 1
1597,0, 365, False, 1
1598,0, 365, False, 1
1599,0, 365, False, 1
1600,0, 365, False, 0
1601,0, 365, False, 0
1602,0, 365, False, 0
1603,0, 365, False, 1
1604,0, 365, False, 1
1605,0, 365, False, 1
1606,0, 365, False, 1
1607,0, 365, False, 0
1608,0, 365, False, 0
1609,0, 365, False, 0
1610,0, 365, False, 0
1611,0, 365, False, 1
1612,0, 365, False, 1
1613,0, 365, False, 1
1614,0, 365, False, 1
1615,0, 365, False, 0
1616,0, 365, False, 0
1617,0, 365, False, 0
1618,0, 365, False, 0
1619,0, 365, False, 1
1620,0, 365, False, 1
1621,0, 365, False, 1
1622,0, 365, False, 1
1623,0, 365, False, 0
1624,0, 365, False, 0
1625,0, 365, False, 0
1626,0, 365, False, 0
1627,0, 365, False, 1
1628,0, 365, False, 1
1629,0, 365, False, 1
1630,0, 365, False, 1
1631,0, 365, False, 0
1632,0, 365, False, 0
1633,0, 365, False, 0
1634,0, 365, False, 0
1635,0, 365, False, 0
1636,0, 365, False, 0
1637,0, 365, False, 0
1638,0, 365, False, 0
1639,0, 365, False, 1
1640,0, 365, False, 1
1641,0, 365, False, 1
1642,25, 390, False, 1
1643,0, 390, False, 0
1644,0, 390, False, 0
1645,0, 390, False, 0
1646,0, 390, False, 0
1647,0, 390, False, 0
1648,0, 390, False, 1
1649,0, 390, False, 1
1650,0, 390, False, 1
1651,0, 390, False, 1
1652,0, 390, False, 1
1653,0, 390, False, 0
1654,0, 390, False, 0
1655,0, 390, False, 0
1656,0, 390, False, 0
1657,0, 390, False, 0
1658,0, 390, False, 1
1659,0, 390, False, 1
1660,0, 390, False, 1
1661,0, 390, False, 1
1662,0, 390, False, 1
1663,0, 390, False, 0
1664,0, 390, False, 0
1665,0, 390, False, 0
1666,0, 390, False, 0
1667,0, 390, False, 0
1668,0, 390, False, 1
1669,0, 390, False, 1
1670,0, 390, False, 1
1671,0, 390, False, 1
1672,0, 390, False, 0
1673,0, 390, False, 0
1674,0, 390, False, 0
1675,0, 390, False, 0
1676,0, 390, False, 0
1677,0, 390, False, 1
1678,0, 390, False, 1
1679,0, 390, False, 1
1680,0, 390, False, 1
1681,0, 390, False, 1
1682,0, 390, False, 0
1683,0, 390, False, 0
1684,0, 390, False, 0
1685,0, 390, False, 0
1686,0, 390, False, 0
1687,0, 390, False, 0
1688,0, 390, False, 0
1689,0, 390, False, 0
1690,0, 390, False, 0
1691,0, 390, False, 0
1692,0, 390, False, 0
1693,0, 390, False, 0
1694,0, 390, False, 0
1695,0, 390, False, 0
1696,0, 390, False, 0
1697,0, 390, False, 0
1698,0, 390, False, 0
1699,0, 390, False, 0
1700,0, 390, False, 0
1701,0, 390, False, 0
1702,0, 390, False, 0
1703,0, 390, False, 0
1704,0, 390, False, 0
1705,0, 390, False, 0
1706,0, 390, False, 0
1707,0, 390, False, 0
1708,0, 390, False, 0
1709,0, 390, False, 0
1710,0, 390, False, 0
1711,0, 390, False, 0
1712,0, 390, False, 0
1713,0, 390, False, 0
1714,30, 420, False, 0
1715,0, 420, False, 0
1716,0, 420, False, 0
1717,0, 420, False, 0
1718,0, 420, False, 0
1719,0, 420, False, 0
1720,0, 420, False, 0
1721,0, 420, False, 0
1722,0, 420, False, 0
1723,0, 420, False, 0
1724,0, 420, False, 0
1725,0, 420, False, 0
1726,0, 420, False, 0
1727,0, 420, False, 0
1728,0, 420, False, 0
1729,0, 420, False, 0
1730,0, 420, False, 0
1731,0, 420, False, 0
1732,0, 420, False, 3
1733,0, 420, False, 3
1734,0, 420, False, 3
1735,0, 420, False, 3
1736,0, 420, False, 3
1737,0, 420, False, 3
1738,0, 420, False, 3
1739,0, 420, False, 3
1740,0, 420, False, 3
1741,0, 420, False, 3
1742,0, 420, False, 3
1743,0, 420, False, 3
1744,0, 420, False, 3
1745,0, 420, False, 3
1746,0, 420, False, 3
1747,0, 420, False, 3
1748,0, 420, False, 3
1749,0, 420, False, 3
1750,0, 420, False, 3
1751,0, 420, False, 3
1752,0, 420, False, 3
1753,0, 420, False, 3
1754,0, 420, False, 3
1755,0, 420, False, 3
1756,0, 420, False, 3
1757,0, 420, False, 3
1758,0, 420, False, 3
1759,0, 420, False, 3
1760,0, 420, False, 3
1761,0, 420, False, 3
1762,0, 420, False, 3
1763,0, 420, False, 3
1764,0, 420, False, 3
1765,0, 420, False, 0
1766,0, 420, False, 0
1767,0, 420, False, 0
1768,0, 420, False, 0
1769,0, 420, False, 0
1770,0, 420, False, 0
1771,0, 420, False, 0
1772,0, 420, False, 0
1773,0, 420, False, 0
1774,0, 420, False, 0
1775,0, 420, False, 0
1776,0, 420, False, 3
1777,0, 420, False, 3
1778,0, 420, False, 3
1779,0, 420, False, 3
1780,0, 420, False, 3
1781,0, 420, False, 3
1782,0, 420, False, 3
1783,0, 420, False, 3
1784,0, 420, False, 3
1785,0, 420, False, 0
1786,0, 420, False, 0
1787,0, 420, False, 0
1788,0, 420, False, 0
1789,0, 420, False, 0
1790,0, 420, False, 0
1791,0, 420, False, 0
1792,0, 420, False, 0
1793,0, 420, False, 3
1794,0, 420, False, 3
1795,0, 420, False, 3
1796,0, 420, False, 3
1797,0, 420, False, 0
1798,0, 420, False, 0
1799,0, 420, False, 0
1800,0, 420, False, 0
1801,0, 420, False, 0
1802,0, 420, False, 0
1803,0, 420, False, 0
1804,0, 420, False, 0
1805,0, 420, False, 0
1806,0, 420, False, 1
1807,0, 420, False, 1
1808,0, 420, False, 1
1809,0, 420, False, 1
1810,0, 420, False, 0
1811,0, 420, False, 0
1812,0, 420, False, 1
1813,0, 420, False, 1
1814,0, 420, False, 1
1815,0, 420, False, 0
1816,0, 420, False, 0
1817,0, 420, False, 0
1818,0, 420, False, 0
1819,0, 420, False, 1
1820,0, 420, False, 1
1821,0, 420, False, 1
1822,0, 420, False, 0
1823,0, 420, False, 0
1824,0, 420, False, 0
1825,0, 420, False, 0
1826,5, 425, False, 0
1827,0, 425, False, 1
1828,0, 425, False, 1
1829,0, 425, False, 1
1830,0, 425, False, 1
1831,0, 425, False, 0
1832,0, 425, False, 0
1833,0, 425, False, 0
1834,0, 425, False, 0
1835,0, 425, False, 1
1836,0, 425, False, 1
1837,0, 425, False, 1
1838,0, 425, False, 0
1839,0, 425, False, 0
1840,0, 425, False, 0
1841,0, 425, False, 0
1842,0, 425, False, 1
1843,0, 425, False, 1
1844,0, 425, False, 1
1845,0, 425, False, 1
1846,0, 425, False, 0
1847,0, 425, False, 0
1848,0, 425, False, 0
1849,0, 425, False, 1
1850,10, 435, False, 1
1851,0, 435, False, 1
1852,0, 435, False, 1
1853,0, 435, False, 1
1854,0, 435, False, 0
1855,0, 435, False, 0
1856,0, 435, False, 0
1857,0, 435, False, 0
1858,0, 435, False, 1
1859,0, 435, False, 1
1860,0, 435, False, 1
1861,0, 435, False, 1
1862,0, 435, False, 1
1863,0, 435, False, 0
1864,0, 435, False, 0
1865,0, 435, False, 0
1866,0, 435, False, 0
1867,0, 435, False, 1
1868,0, 435, False, 1
1869,0, 435, False, 1
1870,0, 435, False, 1
1871,0, 435, False, 0
1872,0, 435, False, 0
1873,0, 435, False, 0
1874,0, 435, False, 0
1875,0, 435, False, 1
1876,0, 435, False, 1
1877,0, 435, False, 1
1878,0, 435, False, 1
1879,0, 435, False, 0
1880,0, 435, False, 0
1881,0, 435, False, 0
1882,0, 435, False, 0
1883,0, 435, False, 1
1884,0, 435, False, 1
1885,0, 435, False, 1
1886,0, 435, False, 1
1887,0, 435, False, 1
1888,0, 435, False, 1
1889,0, 435, False, 0
1890,0, 435, False, 0
1891,0, 435, False, 0
1892,0, 435, False, 0
1893,0, 435, False, 0
1894,0, 435, False, 0
1895,0, 435, False, 0
1896,0, 435, False, 4
1897,0, 435, False, 4
1898,0, 435, False, 4
1899,0, 435, False, 4
1900,0, 435, False, 4
1901,0, 435, False, 4
1902,0, 435, False, 4
1903,0, 435, False, 4
1904,0, 435, False, 4
1905,0, 435, False, 4
1906,0, 435, False, 4
1907,0, 435, False, 4
1908,0, 435, False, 4
1909,0, 435, False, 4
1910,0, 435, False, 4
1911,0, 435, False, 4
1912,0, 435, False, 4
1913,0, 435, False, 4
1914,0, 435, False, 4
1915,0, 435, False, 4
1916,0, 435, False, 4
1917,0, 435, False, 4
1918,0, 435, False, 4
1919,0, 435, False, 4
1920,0, 435, False, 4
1921,0, 435, False, 4
1922,0, 435, False, 4
1923,0, 435, False, 4
1924,0, 435, False, 4
1925,0, 435, False, 4
1926,0, 435, False, 4
1927,0, 435, False, 4
1928,0, 435, False, 4
1929,0, 435, False, 4
1930,0, 435, False, 4
1931,0, 435, False, 4
1932,0, 435, False, 4
1933,0, 435, False, 4
1934,0, 435, False, 4
1935,0, 435, False, 4
1936,0, 435, False, 4
1937,0, 435, False, 4
1938,0, 435, False, 4
1939,0, 435, False, 4
1940,0, 435, False, 4
1941,0, 435, False, 4
1942,0, 435, False, 4
1943,0, 435, False, 4
1944,0, 435, False, 4
1945,0, 435, False, 4
1946,0, 435, False, 4
1947,0, 435, False, 4
1948,0, 435, False, 4
1949,0, 435, False, 4
1950,0, 435, False, 4
1951,0, 435, False, 4
1952,0, 435, False, 4
1953,0, 435, False, 4
1954,0, 435, False, 4
1955,0, 435, False, 4
1956,0, 435, False, 4
1957,0, 435, False, 4
1958,0, 435, False, 4
1959,0, 435, False, 4
1960,0, 435, False, 4
1961,0, 435, False, 4
1962,0, 435, False, 0
1963,0, 435, False, 0
1964,0, 435, False, 0
1965,0, 435, False, 0
1966,0, 435, False, 0
1967,0, 435, False, 0
1968,0, 435, False, 0
1969,0, 435, False, 1
1970,0, 435, False, 1
1971,0, 435, False, 1
1972,0, 435, False, 1
1973,0, 435, False, 1
1974,0, 435, False, 0
1975,0, 435, False, 0
1976,0, 435, False, 0
1977,0, 435, False, 1
1978,0, 435, False, 1
1979,0, 435, False, 1
1980,0, 435, False, 1
1981,0, 435, False, 0
1982,0, 435, False, 0
1983,0, 435, False, 1
1984,0, 435, False, 1
1985,0, 435, False, 1
1986,0, 435, False, 1
1987,0, 435, False, 0
1988,0, 435, False, 0
1989,0, 435, False, 0
1990,0, 435, False, 1
1991,0, 435, False, 1
1992,10, 445, False, 1
1993,0, 445, False, 1
1994,0, 445, False, 0
1995,0, 445, False, 0
1996,0, 445, False, 0
1997,0, 445, False, 1
1998,0, 445, False, 1
1999,0, 445, False, 1
2000,0, 445, False, 0
2001,0, 445, False, 0
2002,0, 445, False, 0
2003,0, 445, False, 0
2004,0, 445, False, 1
2005,0, 445, False, 1
2006,0, 445, False, 1
2007,0, 445, False, 0
2008,0, 445, False, 0
2009,0, 445, False, 0
2010,0, 445, False, 0
2011,0, 445, False, 1
2012,0, 445, False, 1
2013,0, 445, False, 1
2014,0, 445, False, 1
2015,0, 445, False, 0
2016,0, 445, False, 0
2017,0, 445, False, 0
2018,0, 445, False, 0
2019,0, 445, False, 1
2020,0, 445, False, 1
2021,0, 445, False, 1
2022,0, 445, False, 1
2023,0, 445, False, 1
2024,0, 445, False, 0
2025,0, 445, False, 0
2026,0, 445, False, 0
2027,0, 445, False, 1
2028,0, 445, False, 1
2029,0, 445, False, 1
2030,0, 445, False, 1
2031,0, 445, False, 1
2032,0, 445, False, 4
2033,0, 445, False, 4
2034,0, 445, False, 4
2035,0, 445, False, 4
2036,0, 445, False, 4
2037,0, 445, False, 4
2038,0, 445, False, 4
2039,0, 445, False, 4
2040,0, 445, False, 4
2041,0, 445, False, 12
2042,0, 445, False, 12
2043,0, 445, False, 12
2044,0, 445, False, 12
2045,0, 445, False, 0
2046,0, 445, False, 0
2047,0, 445, False, 0
2048,0, 445, False, 0
2049,0, 445, False, 0
2050,0, 445, False, 1
2051,0, 445, False, 1
2052,0, 445, False, 0
2053,0, 445, False, 0
2054,0, 445, False, 0
2055,0, 445, False, 0
2056,0, 445, False, 0
2057,0, 445, False, 1
2058,0, 445, False, 1
2059,0, 445, False, 1
2060,0, 445, False, 0
2061,0, 445, False, 0
2062,0, 445, False, 0
2063,0, 445, False, 0
2064,0, 445, False, 0
2065,0, 445, False, 0
2066,0, 445, False, 1
2067,0, 445, False, 1
2068,0, 445, False, 1
2069,0, 445, False, 1
2070,0, 445, False, 1
2071,0, 445, False, 1
2072,0, 445, False, 1
2073,0, 445, False, 4
2074,0, 445, False, 4
2075,0, 445, False, 4
2076,0, 445, False, 4
2077,0, 445, False, 4
2078,0, 445, False, 4
2079,0, 445, False, 4
2080,0, 445, False, 12
2081,0, 445, False, 12
2082,0, 445, False, 12
2083,0, 445, False, 12
2084,0, 445, False, 12
2085,0, 445, False, 12
2086,0, 445, False, 12
2087,0, 445, False, 4
2088,0, 445, False, 4
2089,0, 445, False, 4
2090,0, 445, False, 4
2091,0, 445, False, 0
2092,0, 445, False, 0
2093,0, 445, False, 0
2094,0, 445, False, 0
2095,0, 445, False, 0
2096,0, 445, False, 0
2097,0, 445, False, 0
2098,0, 445, False, 0
2099,0, 445, False, 0
2100,0, 445, False, 0
2101,0, 445, False, 0
2102,0, 445, False, 0
2103,0, 445, False, 0
2104,0, 445, False, 0
2105,0, 445, False, 0
2106,0, 445, False, 0
2107,0, 445, False, 0
2108,0, 445, False, 0
2109,0, 445, False, 0
2110,0, 445, False, 0
2111,0, 445, False, 0
2112,0, 445, False, 0
2113,0, 445, False, 0
2114,0, 445, False, 4
2115,0, 445, False, 4
2116,0, 445, False, 4
2117,0, 445, False, 4
2118,0, 445, False, 4
2119,0, 445, False, 4
2120,0, 445, False, 4
2121,0, 445, False, 0
2122,0, 445, False, 0
2123,0, 445, False, 0
2124,0, 445, False, 0
2125,0, 445, False, 0
2126,0, 445, False, 0
2127,0, 445, False, 0
2128,0, 445, False, 0
2129,0, 445, False, 0
2130,0, 445, False, 0
2131,0, 445, False, 1
2132,0, 445, False, 1
2133,0, 445, False, 1
2134,0, 445, False, 1
2135,0, 445, False, 1
2136,0, 445, False, 1
2137,0, 445, False, 1
2138,0, 445, False, 0
2139,0, 445, False, 0
2140,0, 445, False, 0
2141,0, 445, False, 0
2142,0, 445, False, 0
2143,0, 445, False, 0
2144,0, 445, False, 0
2145,0, 445, False, 0
2146,0, 445, False, 0
2147,0, 445, False, 0
2148,0, 445, False, 0
2149,0, 445, False, 0
2150,0, 445, False, 0
2151,0, 445, False, 0
2152,0, 445, False, 0
2153,0, 445, False, 0
2154,0, 445, False, 0
2155,0, 445, False, 0
2156,0, 445, False, 0
2157,0, 445, False, 1
2158,0, 445, False, 1
2159,0, 445, False, 1
2160,0, 445, False, 1
2161,0, 445, False, 1
2162,0, 445, False, 1
2163,0, 445, False, 1
2164,0, 445, False, 0
2165,0, 445, False, 0
2166,0, 445, False, 0
2167,0, 445, False, 0
2168,0, 445, False, 0
2169,0, 445, False, 0
2170,0, 445, False, 1
2171,0, 445, False, 1
2172,0, 445, False, 1
2173,0, 445, False, 1
2174,0, 445, False, 1
2175,0, 445, False, 1
2176,0, 445, False, 0
2177,0, 445, False, 0
2178,0, 445, False, 0
2179,0, 445, False, 0
2180,5, 450, False, 0
2181,0, 450, False, 1
2182,0, 450, False, 1
2183,0, 450, False, 1
2184,0, 450, False, 1
2185,0, 450, False, 1
2186,0, 450, False, 1
2187,0, 450, False, 0
2188,0, 450, False, 0
2189,0, 450, False, 0
2190,0, 450, False, 0
2191,0, 450, False, 0
2192,0, 450, False, 1
2193,0, 450, False, 1
2194,0, 450, False, 1
2195,0, 450, False, 1
2196,0, 450, False, 1
2197,0, 450, False, 0
2198,0, 450, False, 0
2199,0, 450, False, 0
2200,10, 460, False, 0
2201,0, 460, False, 0
2202,0, 460, False, 0
2203,0, 460, False, 1
2204,0, 460, False, 1
2205,0, 460, False, 1
2206,0, 460, False, 1
2207,0, 460, False, 1
2208,0, 460, False, 1
2209,0, 460, False, 0
2210,0, 460, False, 0
2211,0, 460, False, 0
2212,0, 460, False, 0
2213,0, 460, False, 0
2214,0, 460, False, 0
2215,0, 460, False, 1
2216,0, 460, False, 1
2217,0, 460, False, 1
2218,0, 460, False, 1
2219,0, 460, False, 1
2220,0, 460, False, 1
2221,0, 460, False, 1
2222,0, 460, False, 1
2223,0, 460, False, 0
2224,0, 460, False, 0
2225,0, 460, False, 0
2226,0, 460, False, 0
2227,0, 460, False, 0
2228,0, 460, False, 0
2229,0, 460, False, 0
2230,0, 460, False, 0
2231,0, 460, False, 1
2232,0, 460, False, 1
2233,0, 460, False, 1
2234,0, 460, False, 1
2235,0, 460, False, 1
2236,0, 460, False, 1
2237,0, 460, False, 1
2238,0, 460, False, 1
2239,0, 460, False, 0
2240,0, 460, False, 0
2241,0, 460, False, 0
2242,0, 460, False, 0
2243,0, 460, False, 0
2244,0, 460, False, 0
2245,0, 460, False, 0
2246,0, 460, False, 0
2247,0, 460, False, 0
2248,0, 460, False, 0
2249,0, 460, False, 0
2250,0, 460, False, 0
2251,0, 460, False, 0
2252,0, 460, False, 0
2253,0, 460, False, 0
2254,0, 460, False, 3
2255,0, 460, False, 3
2256,0, 460, False, 3
2257,0, 460, False, 3
2258,0, 460, False, 3
2259,0, 460, False, 3
2260,0, 460, False, 3
2261,0, 460, False, 0
2262,0, 460, False, 0
2263,0, 460, False, 0
2264,0, 460, False, 0
2265,0, 460, False, 0
2266,0, 460, False, 0
2267,0, 460, False, 0
2268,0, 460, False, 0
2269,0, 460, False, 0
2270,0, 460, False, 0
2271,0, 460, False, 0
2272,0, 460, False, 3
2273,0, 460, False, 3
2274,0, 460, False, 3
2275,0, 460, False, 3
2276,0, 460, False, 3
2277,0, 460, False, 3
2278,0, 460, False, 3
2279,0, 460, False, 11
2280,0, 460, False, 11
2281,0, 460, False, 11
2282,0, 460, False, 1
2283,0, 460, False, 1
2284,0, 460, False, 1
2285,0, 460, False, 1
2286,0, 460, False, 1
2287,0, 460, False, 0
2288,0, 460, False, 0
2289,0, 460, False, 0
2290,0, 460, False, 0
2291,0, 460, False, 0
2292,0, 460, False, 0
2293,0, 460, False, 0
2294,0, 460, False, 0
2295,0, 460, False, 0
2296,0, 460, False, 0
2297,0, 460, False, 0
2298,0, 460, False, 0
2299,0, 460, False, 0
2300,0, 460, False, 0
2301,0, 460, False, 0
2302,0, 460, False, 0
2303,0, 460, False, 0
2304,0, 460, False, 0
2305,0, 460, False, 0
2306,0, 460, False, 0
2307,0, 460, False, 0
2308,0, 460, False, 0
2309,0, 460, False, 0
2310,0, 460, False, 0
2311,0, 460, False, 0
2312,0, 460, False, 0
2313,0, 460, False, 0
2314,0, 460, False, 0
2315,0, 460, False, 0
2316,0, 460, False, 0
2317,0, 460, False, 0
2318,0, 460, False, 0
2319,0, 460, False, 0
2320,0, 460, False, 0
2321,0, 460, False, 0
2322,0, 460, False, 0
2323,0, 460, False, 0
2324,0, 460, False, 0
2325,0, 460, False, 0
2326,0, 460, False, 0
2327,0, 460, False, 0
2328,0, 460, False, 0
2329,0, 460, False, 0
2330,0, 460, False, 0
2331,0, 460, False, 0
2332,0, 460, False, 0
2333,0, 460, False, 0
2334,0, 460, False, 0
2335,0, 460, False, 0
2336,0, 460, False, 0
2337,0, 460, False, 0
2338,0, 460, False, 0
2339,0, 460, False, 0
2340,0, 460, False, 0
2341,0, 460, False, 0
2342,0, 460, False, 0
2343,0, 460, False, 0
2344,0, 460, False, 0
2345,0, 460, False, 0
2346,0, 460, False, 0
2347,0, 460, False, 0
2348,0, 460, False, 0
2349,0, 460, False, 0
2350,0, 460, False, 0
2351,0, 460, False, 0
2352,0, 460, False, 0
2353,0, 460, False, 0
2354,0, 460, False, 0
2355,0, 460, False, 0
2356,0, 460, False, 0
2357,0, 460, False, 0
2358,0, 460, False, 0
2359,0, 460, False, 0
2360,0, 460, False, 0
2361,0, 460, False, 0
2362,0, 460, False, 0
2363,0, 460, False, 0
2364,0, 460, False, 0
2365,0, 460, False, 0
2366,0, 460, False, 0
2367,0, 460, False, 0
2368,0, 460, False, 0
2369,0, 460, False, 0
2370,0, 460, False, 0
2371,0, 460, False, 0
2372,0, 460, False, 0
2373,0, 460, False, 0
2374,0, 460, False, 0
2375,0, 460, False, 0
2376,0, 460, False, 0
2377,0, 460, False, 0
2378,0, 460, False, 0
2379,0, 460, False, 0
2380,0, 460, False, 0
2381,0, 460, False, 0
2382,0, 460, False, 0
2383,0, 460, False, 0
2384,0, 460, False, 0
2385,0, 460, False, 0
2386,0, 460, False, 0
2387,0, 460, False, 0
2388,0, 460, False, 0
2389,0, 460, False, 0
2390,0, 460, False, 0
2391,0, 460, False, 0
2392,0, 460, False, 0
2393,0, 460, False, 0
2394,0, 460, False, 0
2395,0, 460, False, 0
2396,0, 460, False, 0
2397,0, 460, False, 0
2398,0, 460, False, 0
2399,0, 460, False, 0
2400,0, 460, False, 0
2401,0, 460, False, 0
2402,0, 460, False, 0
2403,0, 460, False, 0
2404,0, 460, False, 0
2405,0, 460, False, 0
2406,0, 460, False, 0
2407,0, 460, False, 0
2408,0, 460, False, 0
2409,0, 460, False, 0
2410,0, 460, False, 0
2411,0, 460, False, 0
2412,0, 460, False, 0
2413,0, 460, False, 0
2414,0, 460, False, 0
2415,0, 460, False, 0
2416,0, 460, False, 0
2417,0, 460, False, 0
2418,0, 460, False, 0
2419,0, 460, False, 0
2420,0, 460, False, 0
2421,0, 460, False, 0
2422,0, 460, False, 0
2423,0, 460, False, 0
2424,0, 460, False, 0
2425,0, 460, False, 0
2426,0, 460, False, 0
2427,0, 460, False, 0
2428,0, 460, False, 0
2429,0, 460, False, 0
2430,0, 460, False, 0
2431,0, 460, False, 0
2432,0, 460, False, 0
2433,0, 460, False, 0
2434,0, 460, False, 0
2435,0, 460, False, 0
2436,0, 460, False, 0
2437,0, 460, False, 0
2438,0, 460, False, 0
2439,0, 460, False, 0
2440,0, 460, False, 0
2441,0, 460, False, 0
2442,0, 460, False, 0
2443,0, 460, False, 0
2444,0, 460, False, 0
2445,0, 460, False, 0
2446,0, 460, False, 0
2447,0, 460, False, 0
2448,0, 460, False, 0
2449,0, 460, False, 0
2450,0, 460, False, 0
2451,0, 460, False, 0
2452,0, 460, False, 3
2453,0, 460, False, 3
2454,0, 460, False, 3
2455,0, 460, False, 3
2456,0, 460, False, 3
2457,0, 460, False, 3
2458,0, 460, False, 3
2459,0, 460, False, 3
2460,0, 460, False, 3
2461,0, 460, False, 3
2462,0, 460, False, 3
2463,0, 460, False, 3
2464,0, 460, False, 3
2465,0, 460, False, 3
2466,0, 460, False, 3
2467,0, 460, False, 3
2468,0, 460, False, 3
2469,0, 460, False, 3
2470,0, 460, False, 3
2471,0, 460, False, 3
2472,0, 460, False, 3
2473,0, 460, False, 3
2474,0, 460, False, 3
2475,0, 460, False, 3
2476,0, 460, False, 3
2477,0, 460, False, 3
2478,0, 460, False, 3
2479,0, 460, False, 3
2480,0, 460, False, 0
2481,0, 460, False, 0
2482,0, 460, False, 0
2483,0, 460, False, 0
2484,0, 460, False, 0
2485,0, 460, False, 0
2486,0, 460, False, 0
2487,0, 460, False, 0
2488,0, 460, False, 0
2489,0, 460, False, 0
2490,0, 460, False, 0
2491,0, 460, False, 0
2492,0, 460, False, 0
2493,0, 460, False, 0
2494,0, 460, False, 0
2495,0, 460, False, 0
2496,0, 460, False, 0
2497,0, 460, False, 0
2498,0, 460, False, 0
2499,0, 460, False, 0
2500,0, 460, False, 3
2501,0, 460, False, 3
2502,0, 460, False, 3
2503,0, 460, False, 3
2504,0, 460, False, 3
2505,0, 460, False, 3
2506,0, 460, False, 3
2507,0, 460, False, 3
2508,0, 460, False, 3
2509,0, 460, False, 3
2510,0, 460, False, 3
2511,0, 460, False, 3
2512,0, 460, False, 3
2513,0, 460, False, 3
2514,0, 460, False, 3
2515,0, 460, False, 3
2516,0, 460, False, 0
2517,0, 460, False, 0
2518,0, 460, False, 0
2519,0, 460, False, 0
2520,0, 460, False, 1
2521,0, 460, False, 1
2522,0, 460, False, 1
2523,0, 460, False, 1
2524,0, 460, False, 1
2525,0, 460, False, 1
2526,0, 460, False, 1
2527,0, 460, False, 0
2528,0, 460, False, 0
2529,0, 460, False, 0
2530,0, 460, False, 0
2531,0, 460, False, 0
2532,0, 460, False, 0
2533,0, 460, False, 0
2534,0, 460, False, 0
2535,0, 460, False, 0
2536,0, 460, False, 0
2537,0, 460, False, 0
2538,0, 460, False, 0
2539,0, 460, False, 0
2540,10, 470, False, 0
2541,0, 470, False, 0
2542,0, 470, False, 0
2543,0, 470, False, 0
2544,0, 470, False, 1
2545,0, 470, False, 1
2546,0, 470, False, 1
2547,0, 470, False, 1
2548,0, 470, False, 1
2549,0, 470, False, 1
2550,0, 470, False, 1
2551,0, 470, False, 1
2552,0, 470, False, 0
2553,0, 470, False, 0
2554,0, 470, False, 0
2555,0, 470, False, 0
2556,0, 470, False, 0
2557,0, 470, False, 0
2558,0, 470, False, 0
2559,0, 470, False, 0
2560,0, 470, False, 0
2561,0, 470, False, 0
2562,0, 470, False, 1
2563,0, 470, False, 1
2564,0, 470, False, 1
2565,0, 470, False, 1
2566,0, 470, False, 1
2567,0, 470, False, 1
2568,0, 470, False, 1
2569,0, 470, False, 1
2570,0, 470, False, 1
2571,0, 470, False, 1
2572,15, 485, False, 0
2573,0, 485, False, 0
2574,0, 485, False, 0
2575,0, 485, False, 0
2576,0, 485, False, 0
2577,0, 485, False, 0
2578,0, 485, False, 0
2579,0, 485, False, 0
2580,0, 485, False, 0
2581,0, 485, False, 0
2582,0, 485, False, 0
2583,0, 485, False, 0
2584,0, 485, False, 0
2585,0, 485, False, 0
2586,0, 485, False, 0
2587,0, 485, False, 0
2588,0, 485, False, 1
2589,0, 485, False, 1
2590,0, 485, False, 1
2591,0, 485, False, 1
2592,0, 485, False, 1
2593,0, 485, False, 1
2594,0, 485, False, 1
2595,0, 485, False, 1
2596,0, 485, False, 1
2597,0, 485, False, 1
2598,0, 485, False, 0
2599,0, 485, False, 0
2600,0, 485, False, 0
2601,0, 485, False, 0
2602,0, 485, False, 0
2603,0, 485, False, 0
2604,0, 485, False, 0
2605,0, 485, False, 0
2606,0, 485, False, 0
2607,0, 485, False, 0
2608,0, 485, False, 0
2609,0, 485, False, 0
2610,0, 485, False, 0
2611,0, 485, False, 0
2612,0, 485, False, 3
2613,0, 485, False, 3
2614,0, 485, False, 3
2615,0, 485, False, 3
2616,0, 485, False, 3
2617,0, 485, False, 3
2618,0, 485, False, 3
2619,0, 485, False, 3
2620,0, 485, False, 3
2621,0, 485, False, 3
2622,0, 485, False, 0
2623,0, 485, False, 0
2624,0, 485, False, 0
2625,0, 485, False, 0
2626,0, 485, False, 0
2627,0, 485, False, 0
2628,0, 485, False, 0
2629,0, 485, False, 1
2630,0, 485, False, 1
2631,0, 485, False, 1
2632,25, 510, False, 1
2633,0, 510, False, 1
2634,0, 510, False, 1
2635,0, 510, False, 1
2636,0, 510, False, 1
2637,0, 510, False, 1
2638,0, 510, False, 0
2639,0, 510, False, 0
2640,0, 510, False, 0
2641,0, 510, False, 0
2642,0, 510, False, 0
2643,0, 510, False, 0
2644,0, 510, False, 0
2645,0, 510, False, 3
2646,0, 510, False, 3
2647,0, 510, False, 3
2648,0, 510, False, 3
2649,0, 510, False, 3
2650,0, 510, False, 3
2651,0, 510, False, 3
2652,0, 510, False, 3
2653,0, 510, False, 3
2654,0, 510, False, 3
2655,0, 510, False, 3
2656,0, 510, False, 3
2657,0, 510, False, 3
2658,0, 510, False, 3
2659,0, 510, False, 3
2660,0, 510, False, 3
2661,0, 510, False, 11
2662,0, 510, False, 11
2663,0, 510, False, 11
2664,0, 510, False, 11
2665,0, 510, False, 11
2666,0, 510, False, 3
2667,0, 510, False, 3
2668,0, 510, False, 3
2669,0, 510, False, 3
2670,0, 510, False, 11
2671,0, 510, False, 11
2672,0, 510, False, 11
2673,0, 510, False, 11
2674,0, 510, False, 11
2675,0, 510, False, 11
2676,0, 510, False, 11
2677,0, 510, False, 3
2678,0, 510, False, 3
2679,0, 510, False, 3
2680,0, 510, False, 3
2681,0, 510, False, 1
2682,30, 540, False, 1
2683,0, 540, False, 1
2684,0, 540, False, 1
2685,0, 540, False, 1
2686,0, 540, False, 1
2687,0, 540, False, 0
2688,0, 540, False, 0
2689,0, 540, False, 0
2690,0, 540, False, 0
2691,0, 540, False, 0
2692,0, 540, False, 0
2693,0, 540, False, 0
2694,0, 540, False, 0
2695,0, 540, False, 1
2696,0, 540, False, 1
2697,0, 540, False, 1
2698,0, 540, False, 1
2699,0, 540, False, 1
2700,0, 540, False, 1
2701,0, 540, False, 1
2702,0, 540, False, 0
2703,0, 540, False, 0
2704,0, 540, False, 0
2705,0, 540, False, 0
2706,0, 540, False, 0
2707,0, 540, False, 0
2708,15, 555, False, 0
2709,0, 555, False, 1
2710,0, 555, False, 1
2711,0, 555, False, 1
2712,0, 555, False, 1
2713,0, 555, False, 1
2714,0, 555, False, 1
2715,0, 555, False, 0
2716,0, 555, False, 0
2717,0, 555, False, 0
2718,0, 555, False, 0
2719,0, 555, False, 0
2720,0, 555, False, 1
2721,0, 555, False, 1
2722,0, 555, False, 1
2723,0, 555, False, 1
2724,0, 555, False, 1
2725,0, 555, False, 1
2726,0, 555, False, 1
2727,0, 555, False, 1
2728,0, 555, False, 0
2729,0, 555, False, 0
2730,0, 555, False, 0
2731,0, 555, False, 0
2732,0, 555, False, 0
2733,0, 555, False, 1
2734,0, 555, False, 1
2735,0, 555, False, 1
2736,0, 555, False, 1
2737,0, 555, False, 1
2738,0, 555, False, 1
2739,0, 555, False, 1
2740,0, 555, False, 0
2741,0, 555, False, 0
2742,20, 575, False, 0
2743,0, 575, False, 0
2744,0, 575, False, 0
2745,0, 575, False, 0
2746,0, 575, False, 0
2747,0, 575, False, 1
2748,0, 575, False, 1
2749,0, 575, False, 1
2750,0, 575, False, 1
2751,0, 575, False, 1
2752,0, 575, False, 1
2753,0, 575, False, 1
2754,0, 575, False, 1
2755,0, 575, False, 0
2756,0, 575, False, 0
2757,0, 575, False, 0
2758,0, 575, False, 0
2759,0, 575, False, 0
2760,0, 575, False, 0
2761,0, 575, False, 0
2762,0, 575, False, 0
2763,0, 575, False, 0
2764,0, 575, False, 0
2765,0, 575, False, 1
2766,0, 575, False, 1
2767,0, 575, False, 1
2768,0, 575, False, 1
2769,0, 575, False, 1
2770,0, 575, False, 1
2771,0, 575, False, 1
2772,0, 575, False, 1
2773,0, 575, False, 0
2774,0, 575, False, 0
2775,0, 575, False, 0
2776,0, 575, False, 0
2777,0, 575, False, 0
2778,0, 575, False, 0
2779,0, 575, False, 0
2780,0, 575, False, 0
2781,0, 575, False, 0
2782,0, 575, False, 0
2783,0, 575, False, 0
2784,0, 575, False, 0
2785,0, 575, False, 0
2786,0, 575, False, 0
2787,0, 575, False, 0
2788,0, 575, False, 3
2789,0, 575, False, 3
2790,0, 575, False, 3
2791,0, 575, False, 3
2792,0, 575, False, 3
2793,0, 575, False, 3
2794,0, 575, False, 3
2795,0, 575, False, 3
2796,0, 575, False, 3
2797,0, 575, False, 3
2798,0, 575, False, 3
2799,0, 575, False, 3
2800,0, 575, False, 3
2801,0, 575, False, 3
2802,0, 575, False, 3
2803,0, 575, False, 3
2804,0, 575, False, 3
2805,0, 575, False, 3
2806,0, 575, False, 3
2807,0, 575, False, 0
2808,0, 575, False, 0
2809,0, 575, False, 1
2810,0, 575, False, 1
2811,0, 575, False, 1
2812,0, 575, False, 1
2813,0, 575, False, 1
2814,0, 575, False, 1
2815,0, 575, False, 1
2816,0, 575, False, 0
2817,0, 575, False, 0
2818,0, 575, False, 0
2819,0, 575, False, 0
2820,0, 575, False, 0
2821,0, 575, False, 0
2822,0, 575, False, 0
2823,0, 575, False, 0
2824,0, 575, False, 0
2825,0, 575, False, 0
2826,0, 575, False, 0
2827,0, 575, False, 1
2828,0, 575, False, 1
2829,0, 575, False, 1
2830,0, 575, False, 1
2831,0, 575, False, 1
2832,0, 575, False, 1
2833,0, 575, False, 1
2834,0, 575, False, 1
2835,0, 575, False, 1
2836,0, 575, False, 0
2837,0, 575, False, 0
2838,0, 575, False, 0
2839,0, 575, False, 0
2840,0, 575, False, 0
2841,0, 575, False, 0
2842,0, 575, False, 0
2843,0, 575, False, 0
2844,0, 575, False, 0
2845,0, 575, False, 0
2846,0, 575, False, 0
2847,0, 575, False, 0
2848,0, 575, False, 0
2849,0, 575, False, 0
2850,0, 575, False, 0
2851,0, 575, False, 0
2852,0, 575, False, 0
2853,0, 575, False, 0
2854,0, 575, False, 0
2855,0, 575, False, 0
2856,0, 575, False, 1
2857,0, 575, False, 1
2858,0, 575, False, 1
2859,0, 575, False, 1
2860,0, 575, False, 1
2861,0, 575, False, 1
2862,0, 575, False, 1
2863,0, 575, False, 0
2864,0, 575, False, 0
2865,0, 575, False, 0
2866,0, 575, False, 0
2867,0, 575, False, 0
2868,0, 575, False, 0
2869,0, 575, False, 0
2870,0, 575, False, 0
2871,0, 575, False, 0
2872,25, 600, False, 0
2873,0, 600, False, 0
2874,0, 600, False, 0
2875,0, 600, False, 0
2876,0, 600, False, 0
2877,0, 600, False, 3
2878,0, 600, False, 3
2879,0, 600, False, 3
2880,0, 600, False, 3
2881,0, 600, False, 3
2882,0, 600, False, 3
2883,0, 600, False, 3
2884,0, 600, False, 3
2885,0, 600, False, 3
2886,0, 600, False, 0
2887,0, 600, False, 0
2888,0, 600, False, 0
2889,0, 600, False, 0
2890,0, 600, False, 0
2891,0, 600, False, 0
2892,0, 600, False, 1
2893,0, 600, False, 1
2894,0, 600, False, 1
2895,0, 600, False, 1
2896,0, 600, False, 1
2897,0, 600, False, 1
2898,0, 600, False, 1
2899,0, 600, False, 0
2900,0, 600, False, 0
2901,0, 600, False, 0
2902,0, 600, False, 0
2903,0, 600, False, 0
2904,0, 600, False, 0
2905,0, 600, False, 0
2906,0, 600, False, 0
2907,0, 600, False, 0
2908,0, 600, False, 0
2909,0, 600, False, 0
2910,0, 600, False, 0
2911,0, 600, False, 0
2912,0, 600, False, 0
2913,0, 600, False, 0
2914,0, 600, False, 0
2915,0, 600, False, 0
2916,0, 600, False, 0
2917,0, 600, False, 0
2918,0, 600, False, 0
2919,0, 600, False, 0
2920,0, 600, False, 0
2921,0, 600, False, 0
2922,0, 600, False, 0
2923,0, 600, False, 0
2924,0, 600, False, 0
2925,0, 600, False, 0
2926,0, 600, False, 0
2927,0, 600, False, 0
2928,0, 600, False, 0
2929,0, 600, False, 0
2930,0, 600, False, 0
2931,0, 600, False, 0
2932,0, 600, False, 0
2933,0, 600, False, 0
2934,0, 600, False, 0
2935,0, 600, False, 0
2936,0, 600, False, 0
2937,0, 600, False, 0
2938,30, 630, False, 0
2939,0, 630, False, 0
2940,0, 630, False, 0
2941,0, 630, False, 0
2942,0, 630, False, 4
2943,0, 630, False, 4
2944,0, 630, False, 4
2945,0, 630, False, 4
2946,0, 630, False, 4
2947,0, 630, False, 4
2948,0, 630, False, 4
2949,0, 630, False, 4
2950,0, 630, False, 4
2951,0, 630, False, 4
2952,0, 630, False, 4
2953,0, 630, False, 4
2954,0, 630, False, 4
2955,0, 630, False, 4
2956,0, 630, False, 4
2957,0, 630, False, 4
2958,0, 630, False, 4
2959,0, 630, False, 0
2960,0, 630, False, 0
2961,0, 630, False, 0
2962,0, 630, False, 0
2963,0, 630, False, 0
2964,0, 630, False, 0
2965,0, 630, False, 0
2966,0, 630, False, 0
2967,0, 630, False, 4
2968,0, 630, False, 4
2969,0, 630, False, 4
2970,0, 630, False, 4
2971,0, 630, False, 4
2972,0, 630, False, 4
2973,0, 630, False, 4
2974,0, 630, False, 4
2975,0, 630, False, 4
2976,0, 630, False, 0
2977,0, 630, False, 0
2978,0, 630, False, 0
2979,0, 630, False, 0
2980,0, 630, False, 0
2981,0, 630, False, 4
2982,0, 630, False, 4
2983,0, 630, False, 4
2984,0, 630, False, 4
2985,0, 630, False, 4
2986,0, 630, False, 4
2987,0, 630, False, 4
2988,0, 630, False, 0
2989,0, 630, False, 0
2990,0, 630, False, 0
2991,0, 630, False, 0
2992,0, 630, False, 0
2993,0, 630, False, 4
2994,0, 630, False, 4
2995,0, 630, False, 4
2996,0, 630, False, 4
2997,0, 630, False, 4
2998,0, 630, False, 4
2999,0, 630, False, 4
3000,0, 630, False, 4
3001,0, 630, False, 4
3002,0, 630, False, 4
3003,0, 630, False, 4
3004,0, 630, False, 4
3005,0, 630, False, 4
3006,0, 630, False, 4
3007,0, 630, False, 4
3008,0, 630, False, 4
3009,0, 630, False, 4
3010,0, 630, False, 4
3011,0, 630, False, 4
3012,0, 630, False, 4
3013,0, 630, False, 4
3014,0, 630, False, 0
3015,0, 630, False, 1
3016,0, 630, False, 1
3017,0, 630, False, 1
3018,0, 630, False, 1
3019,0, 630, False, 1
3020,0, 630, False, 1
3021,0, 630, False, 1
3022,0, 630, False, 1
3023,0, 630, False, 1
3024,0, 630, False, 0
3025,0, 630, False, 0
3026,0, 630, False, 0
3027,0, 630, False, 0
3028,0, 630, False, 0
3029,0, 630, False, 0
3030,0, 630, False, 0
3031,0, 630, False, 0
3032,0, 630, False, 0
3033,0, 630, False, 0
3034,0, 630, False, 0
3035,0, 630, False, 0
3036,0, 630, False, 0
3037,0, 630, False, 0
3038,0, 630, False, 0
3039,0, 630, False, 0
3040,0, 630, False, 0
3041,0, 630, False, 0
3042,0, 630, False, 0
3043,0, 630, False, 0
3044,20, 650, False, 0
3045,0, 650, False, 0
3046,0, 650, False, 0
3047,0, 650, False, 4
3048,0, 650, False, 4
3049,0, 650, False, 4
3050,0, 650, False, 4
3051,0, 650, False, 4
3052,0, 650, False, 4
3053,0, 650, False, 4
3054,0, 650, False, 4
3055,0, 650, False, 4
3056,0, 650, False, 4
3057,0, 650, False, 4
3058,0, 650, False, 4
3059,0, 650, False, 4
3060,0, 650, False, 4
3061,0, 650, False, 4
3062,0, 650, False, 4
3063,0, 650, False, 4
3064,0, 650, False, 4
3065,0, 650, False, 4
3066,0, 650, False, 4
3067,0, 650, False, 4
3068,0, 650, False, 4
3069,0, 650, False, 4
3070,0, 650, False, 4
3071,0, 650, False, 4
3072,0, 650, False, 4
3073,0, 650, False, 4
3074,0, 650, False, 4
3075,0, 650, False, 4
3076,0, 650, False, 4
3077,0, 650, False, 4
3078,0, 650, False, 4
3079,0, 650, False, 4
3080,0, 650, False, 0
3081,0, 650, False, 0
3082,0, 650, False, 0
3083,0, 650, False, 0
3084,0, 650, False, 0
3085,0, 650, False, 0
3086,0, 650, False, 0
3087,0, 650, False, 3
3088,0, 650, False, 3
3089,0, 650, False, 3
3090,0, 650, False, 3
3091,0, 650, False, 3
3092,0, 650, False, 3
3093,0, 650, False, 3
3094,0, 650, False, 3
3095,0, 650, False, 3
3096,0, 650, False, 3
3097,0, 650, False, 3
3098,0, 650, False, 3
3099,0, 650, False, 3
3100,0, 650, False, 3
3101,0, 650, False, 0
3102,0, 650, False, 0
3103,0, 650, False, 0
3104,0, 650, False, 0
3105,0, 650, False, 0
3106,0, 650, False, 0
3107,0, 650, False, 0
3108,0, 650, False, 0
3109,0, 650, False, 0
3110,0, 650, False, 0
3111,0, 650, False, 0
3112,0, 650, False, 0
3113,0, 650, False, 0
3114,0, 650, False, 0
3115,0, 650, False, 0
3116,0, 650, False, 0
3117,0, 650, False, 4
3118,0, 650, False, 4
3119,0, 650, False, 4
3120,0, 650, False, 4
3121,0, 650, False, 4
3122,0, 650, False, 4
3123,0, 650, False, 4
3124,0, 650, False, 4
3125,0, 650, False, 4
3126,0, 650, False, 4
3127,0, 650, False, 4
3128,0, 650, False, 4
3129,0, 650, False, 4
3130,0, 650, False, 4
3131,0, 650, False, 4
3132,0, 650, False, 4
3133,0, 650, False, 4
3134,0, 650, False, 4
3135,0, 650, False, 4
3136,0, 650, False, 4
3137,0, 650, False, 4
3138,0, 650, False, 4
3139,0, 650, False, 4
3140,0, 650, False, 4
3141,0, 650, False, 4
3142,0, 650, False, 4
3143,0, 650, False, 4
3144,0, 650, False, 4
3145,0, 650, False, 4
3146,0, 650, False, 4
3147,0, 650, False, 4
3148,0, 650, False, 4
3149,0, 650, False, 4
3150,0, 650, False, 0
3151,0, 650, False, 0
3152,0, 650, False, 0
3153,0, 650, False, 0
3154,0, 650, False, 0
3155,0, 650, False, 0
3156,0, 650, False, 0
3157,0, 650, False, 4
3158,0, 650, False, 4
3159,0, 650, False, 4
3160,0, 650, False, 4
3161,0, 650, False, 4
3162,0, 650, False, 4
3163,0, 650, False, 4
3164,0, 650, False, 4
3165,0, 650, False, 4
3166,0, 650, False, 4
3167,0, 650, False, 4
3168,0, 650, False, 4
3169,0, 650, False, 4
3170,0, 650, False, 4
3171,0, 650, False, 0
3172,0, 650, False, 0
3173,0, 650, False, 0
3174,0, 650, False, 0
3175,0, 650, False, 3
3176,0, 650, False, 3
3177,0, 650, False, 3
3178,0, 650, False, 3
3179,0, 650, False, 3
3180,0, 650, False, 3
3181,0, 650, False, 3
3182,0, 650, False, 3
3183,0, 650, False, 3
3184,0, 650, False, 3
3185,0, 650, False, 3
3186,0, 650, False, 3
3187,0, 650, False, 3
3188,0, 650, False, 3
3189,0, 650, False, 3
3190,0, 650, False, 3
3191,0, 650, False, 3
3192,0, 650, False, 3
3193,0, 650, False, 3
3194,0, 650, False, 3
3195,0, 650, False, 3
3196,0, 650, False, 3
3197,0, 650, False, 3
3198,0, 650, False, 3
3199,0, 650, False, 3
3200,0, 650, False, 3
3201,0, 650, False, 3
3202,0, 650, False, 3
3203,0, 650, False, 3
3204,0, 650, False, 3
3205,0, 650, False, 3
3206,0, 650, False, 3
3207,0, 650, False, 3
3208,0, 650, False, 3
3209,0, 650, False, 3
3210,0, 650, False, 3
3211,0, 650, False, 3
3212,0, 650, False, 3
3213,0, 650, False, 3
3214,0, 650, False, 3
3215,0, 650, False, 3
3216,0, 650, False, 3
3217,0, 650, False, 3
3218,0, 650, False, 3
3219,0, 650, False, 3
3220,0, 650, False, 3
3221,0, 650, False, 3
3222,0, 650, False, 3
3223,0, 650, False, 3
3224,0, 650, False, 3
3225,0, 650, False, 3
3226,0, 650, False, 3
3227,0, 650, False, 3
3228,0, 650, False, 3
3229,0, 650, False, 3
3230,0, 650, False, 3
3231,0, 650, False, 3
3232,0, 650, False, 3
3233,0, 650, False, 3
3234,0, 650, False, 3
3235,0, 650, False, 3
3236,0, 650, False, 3
3237,0, 650, False, 3
3238,0, 650, False, 3
3239,0, 650, False, 3
3240,0, 650, False, 3
3241,0, 650, False, 3
3242,0, 650, False, 3
3243,0, 650, False, 3
3244,0, 650, False, 3
3245,0, 650, False, 3
3246,0, 650, False, 3
3247,0, 650, False, 3
3248,0, 650, False, 3
3249,0, 650, False, 3
3250,0, 650, False, 3
3251,0, 650, False, 3
3252,0, 650, False, 3
3253,0, 650, False, 3
3254,0, 650, False, 3
3255,0, 650, False, 3
3256,0, 650, False, 3
3257,0, 650, False, 3
3258,0, 650, False, 3
3259,0, 650, False, 3
3260,0, 650, False, 3
3261,0, 650, False, 3
3262,0, 650, False, 3
3263,0, 650, False, 3
3264,0, 650, False, 3
3265,0, 650, False, 3
3266,0, 650, False, 3
3267,0, 650, False, 3
3268,0, 650, False, 3
3269,0, 650, False, 3
3270,0, 650, False, 3
3271,0, 650, False, 3
3272,0, 650, False, 3
3273,0, 650, False, 3
3274,0, 650, False, 3
3275,0, 650, False, 3
3276,0, 650, False, 3
3277,0, 650, False, 3
3278,0, 650, False, 3
3279,0, 650, False, 3
3280,0, 650, False, 3
3281,0, 650, False, 3
3282,0, 650, False, 3
3283,0, 650, False, 3
3284,0, 650, False, 3
3285,0, 650, False, 3
3286,0, 650, False, 3
3287,0, 650, False, 3
3288,0, 650, False, 3
3289,0, 650, False, 3
3290,0, 650, False, 3
3291,0, 650, False, 3
3292,0, 650, False, 3
3293,0, 650, False, 3
3294,0, 650, False, 3
3295,0, 650, False, 3
3296,0, 650, False, 3
3297,0, 650, False, 3
3298,0, 650, False, 3
3299,0, 650, False, 3
3300,0, 650, False, 3
3301,0, 650, False, 3
3302,0, 650, False, 3
3303,0, 650, False, 3
3304,0, 650, False, 3
3305,0, 650, False, 3
3306,0, 650, False, 3
3307,0, 650, False, 3
3308,0, 650, False, 3
3309,0, 650, False, 3
3310,0, 650, False, 3
3311,0, 650, False, 3
3312,0, 650, False, 3
3313,0, 650, False, 3
3314,0, 650, False, 3
3315,0, 650, False, 3
3316,0, 650, False, 3
3317,0, 650, False, 3
3318,0, 650, False, 3
3319,0, 650, False, 3
3320,0, 650, False, 3
3321,0, 650, False, 3
3322,0, 650, False, 3
3323,0, 650, False, 3
3324,0, 650, False, 3
3325,0, 650, False, 3
3326,0, 650, False, 3
3327,0, 650, False, 3
3328,0, 650, False, 3
3329,0, 650, False, 3
3330,0, 650, False, 3
3331,0, 650, False, 3
3332,0, 650, False, 3
3333,0, 650, False, 3
3334,0, 650, False, 3
3335,0, 650, False, 3
3336,0, 650, False, 3
3337,0, 650, False, 3
3338,0, 650, False, 3
3339,0, 650, False, 3
3340,0, 650, False, 3
3341,0, 650, False, 3
3342,0, 650, False, 3
3343,0, 650, False, 3
3344,0, 650, False, 3
3345,0, 650, False, 3
3346,0, 650, False, 3
3347,0, 650, False, 1
3348,0, 650, False, 1
3349,0, 650, False, 1
3350,0, 650, False, 1
3351,0, 650, False, 1
3352,0, 650, False, 1
3353,0, 650, False, 1
3354,0, 650, False, 1
3355,0, 650, False, 0
3356,0, 650, False, 0
3357,0, 650, False, 0
3358,0, 650, False, 0
3359,0, 650, False, 0
3360,0, 650, False, 0
3361,0, 650, False, 0
3362,15, 665, False, 0
3363,0, 665, False, 0
3364,0, 665, False, 0
3365,0, 665, False, 0
3366,0, 665, False, 0
3367,0, 665, False, 0
3368,0, 665, False, 0
3369,0, 665, False, 4
3370,0, 665, False, 4
3371,0, 665, False, 4
3372,0, 665, False, 4
3373,0, 665, False, 4
3374,0, 665, False, 4
3375,0, 665, False, 4
3376,0, 665, False, 4
3377,0, 665, False, 4
3378,0, 665, False, 4
3379,0, 665, False, 4
3380,0, 665, False, 4
3381,0, 665, False, 4
3382,0, 665, False, 4
3383,0, 665, False, 4
3384,0, 665, False, 4
3385,0, 665, False, 4
3386,0, 665, False, 4
3387,0, 665, False, 4
3388,0, 665, False, 4
3389,0, 665, False, 4
3390,0, 665, False, 4
3391,0, 665, False, 4
3392,0, 665, False, 4
3393,0, 665, False, 4
3394,0, 665, False, 4
3395,0, 665, False, 4
3396,0, 665, False, 4
3397,0, 665, False, 4
3398,0, 665, False, 4
3399,0, 665, False, 4
3400,0, 665, False, 4
3401,0, 665, False, 4
3402,0, 665, False, 0
3403,0, 665, False, 1
3404,0, 665, False, 1
3405,0, 665, False, 1
3406,0, 665, False, 1
3407,0, 665, False, 1
3408,0, 665, False, 1
3409,0, 665, False, 1
3410,0, 665, False, 1
3411,0, 665, False, 1
3412,0, 665, False, 0
3413,0, 665, False, 0
3414,0, 665, False, 0
3415,0, 665, False, 0
3416,0, 665, False, 0
3417,0, 665, False, 0
3418,0, 665, False, 0
3419,0, 665, False, 0
3420,0, 665, False, 0
3421,0, 665, False, 0
3422,0, 665, False, 0
3423,0, 665, False, 0
3424,0, 665, False, 0
3425,0, 665, False, 0
3426,0, 665, False, 0
3427,0, 665, False, 0
3428,0, 665, False, 0
3429,0, 665, False, 0
3430,0, 665, False, 0
3431,0, 665, False, 0
3432,0, 665, False, 0
3433,0, 665, False, 0
3434,0, 665, False, 0
3435,0, 665, False, 0
3436,0, 665, False, 0
3437,0, 665, False, 0
3438,0, 665, False, 0
3439,0, 665, False, 0
3440,0, 665, False, 0
3441,0, 665, False, 0
3442,0, 665, False, 0
3443,0, 665, False, 0
3444,0, 665, False, 0
3445,0, 665, False, 0
3446,0, 665, False, 0
3447,0, 665, False, 0
3448,0, 665, False, 0
3449,0, 665, False, 0
3450,0, 665, False, 0
3451,0, 665, False, 0
3452,0, 665, False, 0
3453,0, 665, False, 0
3454,0, 665, False, 0
3455,0, 665, False, 0
3456,0, 665, False, 0
3457,0, 665, False, 0
3458,0, 665, False, 0
3459,0, 665, False, 0
3460,0, 665, False, 0
3461,0, 665, False, 0
3462,0, 665, False, 0
3463,0, 665, False, 0
3464,0, 665, False, 0
3465,0, 665, False, 0
3466,0, 665, False, 0
3467,0, 665, False, 0
3468,0, 665, False, 0
3469,0, 665, False, 0
3470,0, 665, False, 0
3471,0, 665, False, 0
3472,0, 665, False, 0
3473,0, 665, False, 0
3474,0, 665, False, 0
3475,0, 665, False, 0
3476,0, 665, False, 0
3477,0, 665, False, 0
3478,0, 665, False, 0
3479,0, 665, False, 0
3480,0, 665, False, 0
3481,0, 665, False, 0
3482,0, 665, False, 0
3483,0, 665, False, 0
3484,0, 665, False, 0
3485,0, 665, False, 0
3486,0, 665, False, 0
3487,0, 665, False, 1
3488,0, 665, False, 1
3489,0, 665, False, 1
3490,0, 665, False, 1
3491,0, 665, False, 1
3492,0, 665, False, 1
3493,0, 665, False, 0
3494,0, 665, False, 0
3495,0, 665, False, 0
3496,0, 665, False, 0
3497,0, 665, False, 0
3498,0, 665, False, 0
3499,0, 665, False, 0
3500,0, 665, False, 0
3501,0, 665, False, 4
3502,0, 665, False, 4
3503,0, 665, False, 4
3504,0, 665, False, 4
3505,0, 665, False, 4
3506,0, 665, False, 4
3507,0, 665, False, 4
3508,0, 665, False, 4
3509,0, 665, False, 4
3510,0, 665, False, 4
3511,0, 665, False, 4
3512,0, 665, False, 4
3513,0, 665, False, 4
3514,0, 665, False, 4
3515,0, 665, False, 4
3516,0, 665, False, 4
3517,0, 665, False, 4
3518,0, 665, False, 4
3519,0, 665, False, 4
3520,0, 665, False, 4
3521,0, 665, False, 4
3522,0, 665, False, 4
3523,0, 665, False, 4
3524,0, 665, False, 4
3525,0, 665, False, 4
3526,0, 665, False, 4
3527,0, 665, False, 4
3528,0, 665, False, 4
3529,0, 665, False, 4
3530,0, 665, False, 4
3531,0, 665, False, 4
3532,0, 665, False, 4
3533,0, 665, False, 4
3534,0, 665, False, 4
3535,0, 665, False, 4
3536,0, 665, False, 4
3537,0, 665, False, 4
3538,0, 665, False, 4
3539,0, 665, False, 4
3540,0, 665, False, 4
3541,0, 665, False, 4
3542,0, 665, False, 4
3543,0, 665, False, 4
3544,0, 665, False, 4
3545,0, 665, False, 4
3546,0, 665, False, 4
3547,0, 665, False, 4
3548,0, 665, False, 4
3549,0, 665, False, 4
3550,0, 665, False, 4
3551,0, 665, False, 4
3552,0, 665, False, 4
3553,0, 665, False, 4
3554,0, 665, False, 12
3555,0, 665, False, 12
3556,0, 665, False, 12
3557,0, 665, False, 12
3558,0, 665, False, 12
3559,0, 665, False, 4
3560,0, 665, False, 4
3561,0, 665, False, 4
3562,0, 665, False, 4
3563,0, 665, False, 12
3564,0, 665, False, 12
3565,0, 665, False, 12
3566,0, 665, False, 12
3567,0, 665, False, 12
3568,0, 665, False, 12
3569,0, 665, False, 4
3570,0, 665, False, 4
3571,0, 665, False, 4
3572,0, 665, False, 4
3573,0, 665, False, 4
3574,0, 665, False, 4
3575,0, 665, False, 4
3576,0, 665, False, 4
3577,0, 665, False, 4
3578,0, 665, False, 4
3579,0, 665, False, 0
3580,0, 665, False, 1
3581,0, 665, False, 1
3582,0, 665, False, 1
3583,0, 665, False, 1
3584,0, 665, False, 1
3585,0, 665, False, 1
3586,0, 665, False, 1
3587,0, 665, False, 0
3588,0, 665, False, 0
3589,0, 665, False, 0
3590,0, 665, False, 0
3591,0, 665, False, 0
3592,0, 665, False, 0
3593,0, 665, False, 0
3594,0, 665, False, 0
3595,0, 665, False, 0
3596,0, 665, False, 0
3597,0, 665, False, 0
3598,0, 665, False, 0
3599,0, 665, False, 0
3600,0, 665, False, 0
3601,0, 665, False, 0
3602,0, 665, False, 0
3603,0, 665, False, 0
3604,0, 665, False, 0
3605,0, 665, False, 0
3606,0, 665, False, 0
3607,0, 665, False, 0
3608,0, 665, False, 0
3609,0, 665, False, 0
3610,0, 665, False, 0
3611,0, 665, False, 0
3612,0, 665, False, 0
3613,0, 665, False, 0
3614,0, 665, False, 0
3615,0, 665, False, 0
3616,0, 665, False, 0
3617,0, 665, False, 0
3618,0, 665, False, 0
3619,0, 665, False, 0
3620,0, 665, False, 0
3621,0, 665, False, 0
3622,0, 665, False, 0
3623,0, 665, False, 0
3624,0, 665, False, 0
3625,0, 665, False, 0
3626,0, 665, False, 0
3627,0, 665, False, 0
3628,0, 665, False, 0
3629,0, 665, False, 0
3630,0, 665, False, 0
3631,0, 665, False, 0
3632,0, 665, False, 0
3633,0, 665, False, 0
3634,0, 665, False, 0
3635,0, 665, False, 0
3636,0, 665, False, 0
3637,0, 665, False, 0
3638,0, 665, False, 0
3639,0, 665, False, 0
3640,0, 665, False, 0
3641,0, 665, False, 0
3642,0, 665, False, 0
3643,0, 665, False, 0
3644,0, 665, False, 0
3645,0, 665, False, 0
3646,0, 665, False, 0
3647,0, 665, False, 0
3648,0, 665, False, 0
3649,0, 665, False, 0
3650,0, 665, False, 0
3651,0, 665, False, 0
3652,0, 665, False, 0
3653,0, 665, False, 0
3654,0, 665, False, 0
3655,0, 665, False, 0
3656,0, 665, False, 0
3657,0, 665, False, 0
3658,200, 865, False, 0
3659,0, 865, False, 0
3660,0, 865, False, 0
3661,0, 865, False, 0
3662,0, 865, False, 0
3663,0, 865, False, 0
3664,0, 865, False, 0
3665,0, 865, False, 0
3666,0, 865, False, 0
3667,0, 865, False, 0
3668,0, 865, False, 0
3669,0, 865, False, 0
3670,0, 865, False, 0
3671,0, 865, False, 0
3672,0, 865, False, 4
3673,0, 865, False, 4
3674,0, 865, False, 4
3675,0, 865, False, 4
3676,0, 865, False, 4
3677,0, 865, False, 4
3678,0, 865, False, 4
3679,0, 865, False, 4
3680,0, 865, False, 4
3681,0, 865, False, 4
3682,0, 865, False, 4
3683,0, 865, False, 4
3684,0, 865, False, 4
3685,0, 865, False, 4
3686,0, 865, False, 4
3687,0, 865, False, 4
3688,0, 865, False, 4
3689,0, 865, False, 4
3690,0, 865, False, 4
3691,0, 865, False, 4
3692,0, 865, False, 4
3693,0, 865, False, 4
3694,0, 865, False, 4
3695,0, 865, False, 4
3696,0, 865, False, 4
3697,0, 865, False, 4
3698,0, 865, False, 4
3699,0, 865, False, 4
3700,0, 865, False, 4
3701,0, 865, False, 4
3702,0, 865, False, 4
3703,0, 865, False, 4
3704,0, 865, False, 4
3705,0, 865, False, 0
3706,0, 865, False, 0
3707,0, 865, False, 0
3708,0, 865, False, 1
3709,0, 865, False, 1
3710,0, 865, False, 1
3711,0, 865, False, 1
3712,0, 865, False, 1
3713,0, 865, False, 1
3714,15, 880, False, 0
3715,0, 880, False, 0
3716,0, 880, False, 0
3717,0, 880, False, 0
3718,0, 880, False, 0
3719,0, 880, False, 0
3720,0, 880, False, 0
3721,0, 880, False, 0
3722,0, 880, False, 0
3723,0, 880, False, 0
3724,0, 880, False, 0
3725,0, 880, False, 0
3726,0, 880, False, 0
3727,0, 880, False, 0
3728,0, 880, False, 0
3729,0, 880, False, 0
3730,0, 880, False, 0
3731,0, 880, False, 0
3732,0, 880, False, 1
3733,0, 880, False, 1
3734,0, 880, False, 1
3735,0, 880, False, 1
3736,0, 880, False, 1
3737,0, 880, False, 1
3738,0, 880, False, 0
3739,0, 880, False, 0
3740,0, 880, False, 0
3741,0, 880, False, 0
3742,0, 880, False, 0
3743,0, 880, False, 0
3744,20, 900, False, 3
3745,0, 900, False, 3
3746,0, 900, False, 3
3747,0, 900, False, 3
3748,0, 900, False, 3
3749,0, 900, False, 3
3750,0, 900, False, 3
3751,0, 900, False, 3
3752,0, 900, False, 3
3753,0, 900, False, 3
3754,0, 900, False, 3
3755,0, 900, False, 3
3756,0, 900, False, 3
3757,0, 900, False, 3
3758,0, 900, False, 3
3759,0, 900, False, 3
3760,0, 900, False, 3
3761,0, 900, False, 3
3762,0, 900, False, 3
3763,0, 900, False, 3
3764,0, 900, False, 0
3765,0, 900, False, 0
3766,0, 900, False, 0
3767,0, 900, False, 1
3768,0, 900, False, 1
3769,0, 900, False, 1
3770,0, 900, False, 1
3771,0, 900, False, 1
3772,0, 900, False, 1
3773,0, 900, False, 0
3774,0, 900, False, 0
3775,0, 900, False, 0
3776,0, 900, False, 4
3777,0, 900, False, 4
3778,0, 900, False, 4
3779,0, 900, False, 4
3780,0, 900, False, 4
3781,0, 900, False, 4
3782,0, 900, False, 4
3783,0, 900, False, 4
3784,0, 900, False, 4
3785,0, 900, False, 4
3786,0, 900, False, 4
3787,0, 900, False, 4
3788,0, 900, False, 4
3789,0, 900, False, 4
3790,0, 900, False, 4
3791,0, 900, False, 4
3792,0, 900, False, 4
3793,0, 900, False, 4
3794,0, 900, False, 4
3795,0, 900, False, 4
3796,0, 900, False, 0
3797,0, 900, False, 0
3798,0, 900, False, 1
3799,0, 900, False, 1
3800,0, 900, False, 1
3801,0, 900, False, 1
3802,0, 900, False, 1
3803,0, 900, False, 1
3804,0, 900, False, 0
3805,0, 900, False, 0
3806,0, 900, False, 0
3807,0, 900, False, 0
3808,0, 900, False, 0
3809,0, 900, False, 0
3810,0, 900, False, 0
3811,0, 900, False, 0
3812,0, 900, False, 0
3813,0, 900, False, 0
3814,0, 900, False, 0
3815,0, 900, False, 0
3816,0, 900, False, 0
3817,0, 900, False, 0
3818,0, 900, False, 0
3819,0, 900, False, 0
3820,0, 900, False, 0
3821,0, 900, False, 0
3822,0, 900, False, 0
3823,0, 900, False, 0
3824,0, 900, False, 3
3825,0, 900, False, 3
3826,0, 900, False, 3
3827,0, 900, False, 3
3828,0, 900, False, 3
3829,0, 900, False, 3
3830,0, 900, False, 3
3831,0, 900, False, 3
3832,0, 900, False, 3
3833,0, 900, False, 3
3834,0, 900, False, 3
3835,0, 900, False, 3
3836,0, 900, False, 3
3837,0, 900, False, 3
3838,0, 900, False, 3
3839,0, 900, False, 3
3840,0, 900, False, 3
3841,0, 900, False, 3
3842,0, 900, False, 3
3843,0, 900, False, 3
3844,0, 900, False, 3
3845,0, 900, False, 3
3846,0, 900, False, 3
3847,0, 900, False, 3
3848,0, 900, False, 3
3849,0, 900, False, 3
3850,0, 900, False, 3
3851,0, 900, False, 3
3852,0, 900, False, 3
3853,0, 900, False, 3
3854,0, 900, False, 3
3855,0, 900, False, 3
3856,0, 900, False, 3
3857,0, 900, False, 3
3858,0, 900, False, 3
3859,0, 900, False, 3
3860,0, 900, False, 3
3861,0, 900, False, 3
3862,0, 900, False, 3
3863,0, 900, False, 3
3864,0, 900, False, 3
3865,0, 900, False, 3
3866,0, 900, False, 3
3867,0, 900, False, 3
3868,0, 900, False, 3
3869,0, 900, False, 3
3870,0, 900, False, 3
3871,0, 900, False, 3
3872,0, 900, False, 3
3873,0, 900, False, 3
3874,0, 900, False, 3
3875,0, 900, False, 3
3876,0, 900, False, 3
3877,0, 900, False, 3
3878,0, 900, False, 3
3879,0, 900, False, 3
3880,0, 900, False, 3
3881,0, 900, False, 3
3882,0, 900, False, 3
3883,0, 900, False, 3
3884,0, 900, False, 3
3885,0, 900, False, 3
3886,0, 900, False, 3
3887,0, 900, False, 3
3888,0, 900, False, 3
3889,0, 900, False, 3
3890,0, 900, False, 3
3891,0, 900, False, 3
3892,0, 900, False, 3
3893,0, 900, False, 3
3894,0, 900, False, 3
3895,0, 900, False, 3
3896,0, 900, False, 3
3897,0, 900, False, 3
3898,0, 900, False, 3
3899,0, 900, False, 3
3900,0, 900, False, 3
3901,0, 900, False, 3
3902,0, 900, False, 3
3903,0, 900, False, 3
3904,0, 900, False, 3
3905,0, 900, False, 3
3906,0, 900, False, 3
3907,0, 900, False, 3
3908,0, 900, False, 3
3909,0, 900, False, 3
3910,0, 900, False, 3
3911,0, 900, False, 3
3912,0, 900, False, 3
3913,0, 900, False, 3
3914,0, 900, False, 3
3915,0, 900, False, 3
3916,0, 900, False, 3
3917,0, 900, False, 3
3918,0, 900, False, 3
3919,0, 900, False, 3
3920,0, 900, False, 3
3921,0, 900, False, 3
3922,0, 900, False, 3
3923,0, 900, False, 3
3924,0, 900, False, 3
3925,0, 900, False, 3
3926,0, 900, False, 3
3927,0, 900, False, 3
3928,0, 900, False, 3
3929,0, 900, False, 3
3930,0, 900, False, 3
3931,0, 900, False, 3
3932,0, 900, False, 3
3933,0, 900, False, 3
3934,0, 900, False, 3
3935,0, 900, False, 3
3936,0, 900, False, 3
3937,0, 900, False, 3
3938,0, 900, False, 3
3939,0, 900, False, 3
3940,0, 900, False, 3
3941,0, 900, False, 3
3942,0, 900, False, 3
3943,0, 900, False, 3
3944,0, 900, False, 3
3945,0, 900, False, 3
3946,0, 900, False, 3
3947,0, 900, False, 3
3948,0, 900, False, 11
3949,0, 900, False, 11
3950,0, 900, False, 11
3951,0, 900, False, 11
3952,20, 920, False, 11
3953,0, 920, False, 11
3954,0, 920, False, 11
3955,0, 920, False, 3
3956,0, 920, False, 3
3957,0, 920, False, 3
3958,0, 920, False, 3
3959,0, 920, False, 3
3960,0, 920, False, 3
3961,0, 920, False, 3
3962,0, 920, False, 3
3963,0, 920, False, 3
3964,0, 920, False, 3
3965,0, 920, False, 3
3966,25, 945, False, 3
3967,0, 945, False, 3
3968,0, 945, False, 11
3969,0, 945, False, 11
3970,0, 945, False, 11
3971,0, 945, False, 11
3972,0, 945, False, 11
3973,0, 945, False, 11
3974,0, 945, False, 3
3975,0, 945, False, 3
3976,0, 945, False, 3
3977,0, 945, False, 3
3978,0, 945, False, 3
3979,0, 945, False, 3
3980,0, 945, False, 3
3981,0, 945, False, 3
3982,0, 945, False, 3
3983,0, 945, False, 3
3984,0, 945, False, 3
3985,0, 945, False, 3
3986,0, 945, False, 3
3987,0, 945, False, 3
3988,30, 975, False, 3
3989,0, 975, False, 3
3990,0, 975, False, 3
3991,0, 975, False, 3
3992,0, 975, False, 3
3993,0, 975, False, 3
3994,0, 975, False, 3
3995,0, 975, False, 3
3996,0, 975, False, 3
3997,0, 975, False, 3
3998,0, 975, False, 3
3999,0, 975, False, 3
4000,0, 975, False, 3
4001,0, 975, False, 3
4002,0, 975, False, 3
4003,0, 975, False, 0
4004,0, 975, False, 0
4005,0, 975, False, 0
4006,0, 975, False, 0
4007,0, 975, False, 0
4008,0, 975, False, 0
4009,0, 975, False, 0
4010,0, 975, False, 0
4011,0, 975, False, 0
4012,0, 975, False, 4
4013,0, 975, False, 4
4014,0, 975, False, 4
4015,0, 975, False, 4
4016,0, 975, False, 4
4017,0, 975, False, 4
4018,0, 975, False, 4
4019,0, 975, False, 4
4020,0, 975, False, 4
4021,0, 975, False, 4
4022,0, 975, False, 4
4023,0, 975, False, 4
4024,0, 975, False, 4
4025,0, 975, False, 4
4026,0, 975, False, 4
4027,0, 975, False, 4
4028,0, 975, False, 4
4029,0, 975, False, 4
4030,0, 975, False, 4
4031,0, 975, False, 4
4032,0, 975, False, 4
4033,0, 975, False, 4
4034,0, 975, False, 4
4035,0, 975, False, 4
4036,0, 975, False, 4
4037,0, 975, False, 4
4038,0, 975, False, 4
4039,0, 975, False, 4
4040,0, 975, False, 4
4041,0, 975, False, 4
4042,0, 975, False, 4
4043,0, 975, False, 4
4044,0, 975, False, 4
4045,0, 975, False, 4
4046,0, 975, False, 4
4047,0, 975, False, 4
4048,0, 975, False, 4
4049,0, 975, False, 4
4050,0, 975, False, 4
4051,0, 975, False, 4
4052,0, 975, False, 4
4053,0, 975, False, 4
4054,0, 975, False, 4
4055,0, 975, False, 4
4056,0, 975, False, 4
4057,0, 975, False, 4
4058,0, 975, False, 4
4059,0, 975, False, 4
4060,0, 975, False, 4
4061,0, 975, False, 4
4062,0, 975, False, 4
4063,0, 975, False, 4
4064,0, 975, False, 4
4065,0, 975, False, 12
4066,0, 975, False, 1
4067,0, 975, False, 1
4068,0, 975, False, 1
4069,0, 975, False, 1
4070,0, 975, False, 1
4071,0, 975, False, 1
4072,0, 975, False, 1
4073,0, 975, False, 1
4074,0, 975, False, 1
4075,0, 975, False, 0
4076,25, 1000, False, 0
4077,0, 1000, False, 0
4078,0, 1000, False, 0
4079,0, 1000, False, 0
4080,0, 1000, False, 0
4081,0, 1000, False, 0
4082,0, 1000, False, 0
4083,0, 1000, False, 0
4084,0, 1000, False, 1
4085,0, 1000, False, 1
4086,0, 1000, False, 1
4087,0, 1000, False, 1
4088,0, 1000, False, 1
4089,0, 1000, False, 1
4090,0, 1000, False, 1
4091,0, 1000, False, 1
4092,0, 1000, False, 0
4093,0, 1000, False, 0
4094,0, 1000, False, 0
4095,0, 1000, False, 0
4096,0, 1000, False, 0
4097,0, 1000, False, 0
4098,0, 1000, False, 0
4099,0, 1000, False, 0
4100,0, 1000, False, 0
4101,0, 1000, False, 0
4102,0, 1000, False, 0
4103,0, 1000, False, 0
4104,0, 1000, False, 0
4105,0, 1000, False, 0
4106,0, 1000, False, 4
4107,0, 1000, False, 4
4108,0, 1000, False, 4
4109,0, 1000, False, 4
4110,0, 1000, False, 4
4111,0, 1000, False, 4
4112,0, 1000, False, 4
4113,0, 1000, False, 4
4114,0, 1000, False, 4
4115,0, 1000, False, 4
4116,0, 1000, False, 4
4117,0, 1000, False, 4
4118,0, 1000, False, 4
4119,0, 1000, False, 4
4120,0, 1000, False, 4
4121,0, 1000, False, 4
4122,0, 1000, False, 4
4123,0, 1000, False, 4
4124,0, 1000, False, 0
4125,0, 1000, False, 0
4126,0, 1000, False, 0
4127,0, 1000, False, 0
4128,0, 1000, False, 0
4129,0, 1000, False, 0
4130,0, 1000, False, 0
4131,0, 1000, False, 0
4132,0, 1000, False, 0
4133,0, 1000, False, 0
4134,0, 1000, False, 0
4135,0, 1000, False, 0
4136,0, 1000, False, 0
4137,0, 1000, False, 0
4138,0, 1000, False, 0
4139,0, 1000, False, 0
4140,0, 1000, False, 0
4141,0, 1000, False, 0
4142,0, 1000, False, 0
4143,0, 1000, False, 0
4144,0, 1000, False, 0
4145,0, 1000, False, 0
4146,0, 1000, False, 0
4147,0, 1000, False, 0
4148,0, 1000, False, 0
4149,0, 1000, False, 0
4150,0, 1000, False, 0
4151,0, 1000, False, 0
4152,0, 1000, False, 0
4153,0, 1000, False, 0
4154,0, 1000, False, 0
4155,0, 1000, False, 0
4156,0, 1000, False, 0
4157,0, 1000, False, 0
4158,0, 1000, False, 0
4159,0, 1000, False, 0
4160,0, 1000, False, 0
4161,0, 1000, False, 0
4162,0, 1000, False, 0
4163,0, 1000, False, 0
4164,0, 1000, False, 0
4165,0, 1000, False, 0
4166,0, 1000, False, 0
4167,0, 1000, False, 0
4168,0, 1000, False, 0
4169,0, 1000, False, 0
4170,0, 1000, False, 0
4171,0, 1000, False, 0
4172,0, 1000, False, 0
4173,0, 1000, False, 0
4174,0, 1000, False, 0
4175,0, 1000, False, 0
4176,0, 1000, False, 0
4177,0, 1000, False, 0
4178,0, 1000, False, 0
4179,0, 1000, False, 0
4180,0, 1000, False, 0
4181,0, 1000, False, 0
4182,0, 1000, False, 0
4183,0, 1000, False, 0
4184,0, 1000, False, 0
4185,0, 1000, False, 0
4186,0, 1000, False, 0
4187,0, 1000, False, 0
4188,0, 1000, False, 0
4189,0, 1000, False, 0
4190,0, 1000, False, 0
4191,0, 1000, False, 0
4192,0, 1000, False, 0
4193,0, 1000, False, 0
4194,0, 1000, False, 0
4195,0, 1000, False, 0
4196,0, 1000, False, 0
4197,0, 1000, False, 0
4198,0, 1000, False, 0
4199,0, 1000, False, 0
4200,0, 1000, False, 0
4201,0, 1000, False, 0
4202,0, 1000, False, 0
4203,0, 1000, False, 0
4204,0, 1000, False, 0
4205,0, 1000, False, 0
4206,0, 1000, False, 0
4207,0, 1000, False, 0
4208,0, 1000, False, 0
4209,0, 1000, False, 0
4210,0, 1000, False, 0
4211,0, 1000, False, 0
4212,0, 1000, False, 0
4213,0, 1000, False, 0
4214,0, 1000, False, 0
4215,0, 1000, False, 0
4216,0, 1000, False, 0
4217,0, 1000, False, 0
4218,0, 1000, False, 0
4219,0, 1000, False, 0
4220,0, 1000, False, 0
4221,0, 1000, False, 0
4222,0, 1000, False, 0
4223,0, 1000, False, 0
4224,0, 1000, False, 0
4225,0, 1000, False, 0
4226,0, 1000, False, 0
4227,0, 1000, False, 0
4228,0, 1000, False, 0
4229,0, 1000, False, 0
4230,0, 1000, False, 0
4231,0, 1000, False, 0
4232,0, 1000, False, 0
4233,0, 1000, False, 0
4234,0, 1000, False, 0
4235,0, 1000, False, 0
4236,0, 1000, False, 0
4237,0, 1000, False, 0
4238,0, 1000, False, 0
4239,0, 1000, False, 0
4240,0, 1000, False, 0
4241,0, 1000, False, 0
4242,0, 1000, False, 0
4243,0, 1000, False, 0
4244,0, 1000, False, 0
4245,0, 1000, False, 0
4246,0, 1000, False, 0
4247,0, 1000, False, 0
4248,0, 1000, False, 0
4249,0, 1000, False, 0
4250,0, 1000, False, 0
4251,0, 1000, False, 0
4252,0, 1000, False, 0
4253,0, 1000, False, 0
4254,0, 1000, False, 0
4255,0, 1000, False, 0
4256,0, 1000, False, 0
4257,0, 1000, False, 0
4258,0, 1000, False, 0
4259,0, 1000, False, 0
4260,0, 1000, False, 0
4261,0, 1000, False, 0
4262,0, 1000, False, 0
4263,0, 1000, False, 0
4264,0, 1000, False, 0
4265,0, 1000, False, 0
4266,0, 1000, False, 0
4267,0, 1000, False, 0
4268,0, 1000, False, 0
4269,0, 1000, False, 0
4270,0, 1000, False, 0
4271,0, 1000, False, 0
4272,0, 1000, False, 0
4273,0, 1000, False, 0
4274,0, 1000, False, 0
4275,0, 1000, False, 0
4276,0, 1000, False, 0
4277,0, 1000, False, 0
4278,0, 1000, False, 0
4279,0, 1000, False, 0
4280,0, 1000, False, 0
4281,0, 1000, False, 0
4282,0, 1000, False, 0
4283,0, 1000, False, 0
4284,0, 1000, False, 0
4285,0, 1000, False, 0
4286,0, 1000, False, 0
4287,0, 1000, False, 0
4288,0, 1000, False, 0
4289,0, 1000, False, 0
4290,0, 1000, False, 0
4291,0, 1000, False, 0
4292,0, 1000, False, 0
4293,0, 1000, False, 0
4294,0, 1000, False, 0
4295,0, 1000, False, 0
4296,0, 1000, False, 0
4297,0, 1000, False, 0
4298,0, 1000, False, 0
4299,0, 1000, False, 0
4300,0, 1000, False, 0
4301,0, 1000, False, 0
4302,0, 1000, False, 0
4303,0, 1000, False, 0
4304,0, 1000, False, 0
4305,0, 1000, False, 0
4306,0, 1000, False, 0
4307,0, 1000, False, 0
4308,0, 1000, False, 0
4309,0, 1000, False, 0
4310,0, 1000, False, 0
4311,0, 1000, False, 0
4312,0, 1000, False, 0
4313,0, 1000, False, 0
4314,0, 1000, False, 0
4315,0, 1000, False, 0
4316,0, 1000, False, 0
4317,0, 1000, False, 0
4318,0, 1000, False, 0
4319,0, 1000, False, 0
4320,0, 1000, False, 0
4321,0, 1000, False, 0
4322,0, 1000, False, 0
4323,0, 1000, False, 0
4324,0, 1000, False, 0
4325,0, 1000, False, 0
4326,0, 1000, False, 0
4327,0, 1000, False, 0
4328,0, 1000, False, 0
4329,0, 1000, False, 0
4330,0, 1000, False, 0
4331,0, 1000, False, 0
4332,0, 1000, False, 0
4333,0, 1000, False, 0
4334,0, 1000, False, 0
4335,0, 1000, False, 0
4336,0, 1000, False, 0
4337,0, 1000, False, 0
4338,0, 1000, False, 0
4339,0, 1000, False, 0
4340,0, 1000, False, 0
4341,0, 1000, False, 0
4342,0, 1000, False, 0
4343,0, 1000, False, 0
4344,0, 1000, False, 0
4345,0, 1000, False, 0
4346,0, 1000, False, 0
4347,0, 1000, False, 0
4348,0, 1000, False, 0
4349,0, 1000, False, 0
4350,0, 1000, False, 0
4351,0, 1000, False, 0
4352,0, 1000, False, 0
4353,0, 1000, False, 0
4354,0, 1000, False, 0
4355,0, 1000, False, 0
4356,0, 1000, False, 0
4357,0, 1000, False, 0
4358,0, 1000, False, 0
4359,0, 1000, False, 0
4360,0, 1000, False, 0
4361,0, 1000, False, 0
4362,0, 1000, False, 0
4363,0, 1000, False, 0
4364,0, 1000, False, 0
4365,0, 1000, False, 0
4366,0, 1000, False, 0
4367,0, 1000, False, 0
4368,0, 1000, False, 0
4369,0, 1000, False, 0
4370,0, 1000, False, 0
4371,0, 1000, False, 0
4372,0, 1000, False, 0
4373,0, 1000, False, 0
4374,0, 1000, False, 0
4375,0, 1000, False, 0
4376,0, 1000, False, 0
4377,0, 1000, False, 0
4378,0, 1000, False, 0
4379,0, 1000, False, 0
4380,0, 1000, False, 0
4381,0, 1000, False, 0
4382,0, 1000, False, 0
4383,0, 1000, False, 0
4384,0, 1000, False, 0
4385,0, 1000, False, 0
4386,0, 1000, False, 0
4387,0, 1000, False, 0
4388,0, 1000, False, 0
4389,0, 1000, False, 0
4390,0, 1000, False, 0
4391,0, 1000, False, 0
4392,0, 1000, False, 0
4393,0, 1000, False, 0
4394,0, 1000, False, 0
4395,0, 1000, False, 0
4396,0, 1000, False, 0
4397,0, 1000, False, 0
4398,0, 1000, False, 0
4399,0, 1000, False, 0
4400,0, 1000, False, 0
4401,0, 1000, False, 0
4402,0, 1000, False, 0
4403,0, 1000, False, 0
4404,0, 1000, False, 0
4405,0, 1000, False, 0
4406,0, 1000, False, 0
4407,0, 1000, False, 0
4408,0, 1000, False, 0
4409,0, 1000, False, 0
4410,0, 1000, False, 0
4411,0, 1000, False, 0
4412,0, 1000, False, 0
4413,0, 1000, False, 0
4414,0, 1000, False, 0
4415,0, 1000, False, 0
4416,0, 1000, False, 0
4417,0, 1000, False, 0
4418,0, 1000, False, 0
4419,0, 1000, False, 0
4420,0, 1000, False, 0
4421,0, 1000, False, 0
4422,0, 1000, False, 0
4423,0, 1000, False, 0
4424,0, 1000, False, 0
4425,0, 1000, False, 0
4426,0, 1000, False, 0
4427,0, 1000, False, 0
4428,0, 1000, False, 0
4429,0, 1000, False, 0
4430,0, 1000, False, 0
4431,0, 1000, False, 0
4432,0, 1000, False, 0
4433,0, 1000, False, 0
4434,0, 1000, False, 0
4435,0, 1000, False, 0
4436,0, 1000, False, 0
4437,0, 1000, False, 0
4438,0, 1000, False, 0
4439,0, 1000, False, 0
4440,0, 1000, False, 0
4441,0, 1000, False, 0
4442,0, 1000, False, 0
4443,0, 1000, False, 0
4444,0, 1000, False, 0
4445,0, 1000, False, 0
4446,0, 1000, False, 0
4447,0, 1000, False, 0
4448,0, 1000, False, 0
4449,0, 1000, False, 0
4450,0, 1000, False, 0
4451,0, 1000, False, 0
4452,0, 1000, False, 0
4453,0, 1000, False, 0
4454,0, 1000, False, 0
4455,0, 1000, False, 0
4456,0, 1000, False, 0
4457,0, 1000, False, 0
4458,0, 1000, False, 0
4459,0, 1000, False, 0
4460,0, 1000, False, 0
4461,0, 1000, False, 0
4462,0, 1000, False, 0
4463,0, 1000, False, 0
4464,0, 1000, False, 0
4465,0, 1000, False, 0
4466,0, 1000, False, 0
4467,0, 1000, False, 0
4468,0, 1000, False, 0
4469,0, 1000, False, 0
4470,0, 1000, False, 0
4471,0, 1000, False, 0
4472,0, 1000, False, 0
4473,0, 1000, False, 0
4474,0, 1000, False, 0
4475,0, 1000, False, 0
4476,0, 1000, False, 0
4477,0, 1000, False, 0
4478,0, 1000, False, 0
4479,0, 1000, False, 0
4480,0, 1000, False, 0
4481,0, 1000, False, 0
4482,0, 1000, False, 0
4483,0, 1000, False, 0
4484,0, 1000, False, 0
4485,0, 1000, False, 0
4486,0, 1000, False, 0
4487,0, 1000, False, 0
4488,0, 1000, False, 0
4489,0, 1000, False, 0
4490,0, 1000, False, 0
4491,0, 1000, False, 0
4492,0, 1000, False, 0
4493,0, 1000, False, 0
4494,0, 1000, False, 0
4495,0, 1000, False, 0
4496,0, 1000, False, 0
4497,0, 1000, False, 0
4498,0, 1000, False, 0
4499,0, 1000, False, 0
4500,0, 1000, False, 0
4501,0, 1000, False, 0
4502,0, 1000, False, 0
4503,0, 1000, False, 0
4504,0, 1000, False, 0
4505,0, 1000, False, 0
4506,0, 1000, False, 0
4507,0, 1000, False, 0
4508,0, 1000, False, 0
4509,0, 1000, False, 0
4510,0, 1000, False, 0
4511,0, 1000, False, 0
4512,0, 1000, False, 0
4513,0, 1000, False, 0
4514,0, 1000, False, 0
4515,0, 1000, False, 0
4516,0, 1000, False, 0
4517,0, 1000, False, 0
4518,0, 1000, False, 0
4519,0, 1000, False, 0
4520,0, 1000, False, 0
4521,0, 1000, False, 0
4522,0, 1000, False, 0
4523,0, 1000, False, 0
4524,0, 1000, False, 0
4525,0, 1000, False, 0
4526,0, 1000, False, 0
4527,0, 1000, False, 0
4528,0, 1000, False, 0
4529,0, 1000, False, 0
4530,0, 1000, False, 0
4531,0, 1000, False, 0
4532,0, 1000, False, 0
4533,0, 1000, False, 0
4534,0, 1000, False, 0
4535,0, 1000, True, 0
