db traj id : 1892
frame,reward,score,terminal, action
0,0, 0, False, 0
1,0, 0, False, 0
2,0, 0, False, 0
3,0, 0, False, 0
4,0, 0, False, 0
5,0, 0, False, 0
6,0, 0, False, 0
7,0, 0, False, 0
8,0, 0, False, 0
9,0, 0, False, 0
10,0, 0, False, 0
11,0, 0, False, 0
12,0, 0, False, 0
13,0, 0, False, 0
14,0, 0, False, 0
15,0, 0, False, 0
16,0, 0, False, 0
17,0, 0, False, 0
18,0, 0, False, 0
19,0, 0, False, 0
20,0, 0, False, 0
21,0, 0, False, 0
22,0, 0, False, 0
23,0, 0, False, 0
24,0, 0, False, 0
25,0, 0, False, 0
26,0, 0, False, 0
27,0, 0, False, 0
28,0, 0, False, 0
29,0, 0, False, 0
30,0, 0, False, 0
31,0, 0, False, 0
32,0, 0, False, 0
33,0, 0, False, 0
34,0, 0, False, 0
35,0, 0, False, 0
36,0, 0, False, 0
37,0, 0, False, 0
38,0, 0, False, 0
39,0, 0, False, 0
40,0, 0, False, 0
41,0, 0, False, 0
42,0, 0, False, 0
43,0, 0, False, 0
44,0, 0, False, 0
45,0, 0, False, 0
46,0, 0, False, 0
47,0, 0, False, 0
48,0, 0, False, 0
49,0, 0, False, 0
50,0, 0, False, 0
51,0, 0, False, 0
52,0, 0, False, 0
53,0, 0, False, 0
54,0, 0, False, 0
55,0, 0, False, 0
56,0, 0, False, 4
57,0, 0, False, 4
58,0, 0, False, 4
59,0, 0, False, 4
60,0, 0, False, 4
61,0, 0, False, 4
62,0, 0, False, 4
63,0, 0, False, 4
64,0, 0, False, 4
65,0, 0, False, 4
66,0, 0, False, 0
67,0, 0, False, 0
68,0, 0, False, 0
69,0, 0, False, 0
70,0, 0, False, 0
71,0, 0, False, 0
72,0, 0, False, 0
73,0, 0, False, 0
74,0, 0, False, 0
75,0, 0, False, 0
76,0, 0, False, 0
77,0, 0, False, 0
78,0, 0, False, 0
79,0, 0, False, 0
80,0, 0, False, 0
81,0, 0, False, 0
82,0, 0, False, 0
83,0, 0, False, 0
84,0, 0, False, 0
85,0, 0, False, 0
86,0, 0, False, 0
87,0, 0, False, 0
88,0, 0, False, 0
89,0, 0, False, 0
90,0, 0, False, 0
91,0, 0, False, 0
92,0, 0, False, 0
93,0, 0, False, 0
94,0, 0, False, 0
95,0, 0, False, 0
96,0, 0, False, 0
97,0, 0, False, 0
98,0, 0, False, 0
99,0, 0, False, 0
100,0, 0, False, 0
101,0, 0, False, 0
102,0, 0, False, 0
103,0, 0, False, 0
104,0, 0, False, 0
105,0, 0, False, 0
106,0, 0, False, 0
107,0, 0, False, 0
108,0, 0, False, 0
109,0, 0, False, 0
110,0, 0, False, 0
111,0, 0, False, 4
112,0, 0, False, 4
113,0, 0, False, 4
114,0, 0, False, 4
115,0, 0, False, 4
116,0, 0, False, 4
117,0, 0, False, 4
118,0, 0, False, 4
119,0, 0, False, 0
120,0, 0, False, 0
121,0, 0, False, 0
122,0, 0, False, 0
123,0, 0, False, 0
124,0, 0, False, 0
125,0, 0, False, 0
126,0, 0, False, 0
127,0, 0, False, 0
128,0, 0, False, 0
129,0, 0, False, 0
130,0, 0, False, 0
131,0, 0, False, 0
132,0, 0, False, 0
133,0, 0, False, 0
134,0, 0, False, 0
135,0, 0, False, 0
136,0, 0, False, 0
137,0, 0, False, 0
138,0, 0, False, 0
139,0, 0, False, 0
140,0, 0, False, 0
141,0, 0, False, 0
142,0, 0, False, 0
143,0, 0, False, 0
144,0, 0, False, 0
145,0, 0, False, 0
146,0, 0, False, 0
147,0, 0, False, 0
148,0, 0, False, 0
149,0, 0, False, 0
150,0, 0, False, 0
151,0, 0, False, 0
152,0, 0, False, 0
153,0, 0, False, 4
154,0, 0, False, 4
155,0, 0, False, 4
156,0, 0, False, 4
157,0, 0, False, 4
158,0, 0, False, 4
159,0, 0, False, 4
160,0, 0, False, 4
161,0, 0, False, 4
162,0, 0, False, 4
163,0, 0, False, 4
164,0, 0, False, 0
165,0, 0, False, 0
166,0, 0, False, 0
167,0, 0, False, 0
168,0, 0, False, 0
169,0, 0, False, 0
170,0, 0, False, 0
171,0, 0, False, 4
172,0, 0, False, 4
173,0, 0, False, 4
174,0, 0, False, 0
175,0, 0, False, 0
176,0, 0, False, 0
177,0, 0, False, 0
178,0, 0, False, 1
179,0, 0, False, 1
180,0, 0, False, 1
181,0, 0, False, 1
182,0, 0, False, 1
183,0, 0, False, 1
184,0, 0, False, 1
185,0, 0, False, 1
186,0, 0, False, 1
187,0, 0, False, 1
188,0, 0, False, 0
189,0, 0, False, 4
190,0, 0, False, 4
191,0, 0, False, 4
192,0, 0, False, 4
193,0, 0, False, 4
194,0, 0, False, 4
195,0, 0, False, 4
196,0, 0, False, 0
197,0, 0, False, 0
198,0, 0, False, 0
199,0, 0, False, 0
200,0, 0, False, 0
201,0, 0, False, 0
202,0, 0, False, 0
203,0, 0, False, 0
204,0, 0, False, 0
205,0, 0, False, 0
206,0, 0, False, 0
207,0, 0, False, 0
208,0, 0, False, 3
209,0, 0, False, 3
210,0, 0, False, 3
211,0, 0, False, 3
212,0, 0, False, 3
213,0, 0, False, 3
214,0, 0, False, 3
215,0, 0, False, 3
216,0, 0, False, 3
217,0, 0, False, 3
218,0, 0, False, 3
219,0, 0, False, 3
220,0, 0, False, 3
221,0, 0, False, 0
222,0, 0, False, 0
223,0, 0, False, 0
224,0, 0, False, 0
225,0, 0, False, 0
226,0, 0, False, 0
227,0, 0, False, 0
228,0, 0, False, 0
229,0, 0, False, 3
230,0, 0, False, 3
231,0, 0, False, 3
232,0, 0, False, 3
233,0, 0, False, 3
234,0, 0, False, 3
235,0, 0, False, 3
236,0, 0, False, 3
237,0, 0, False, 3
238,0, 0, False, 0
239,0, 0, False, 0
240,0, 0, False, 0
241,0, 0, False, 0
242,0, 0, False, 0
243,0, 0, False, 0
244,0, 0, False, 0
245,0, 0, False, 0
246,0, 0, False, 0
247,0, 0, False, 0
248,0, 0, False, 0
249,0, 0, False, 0
250,0, 0, False, 0
251,0, 0, False, 0
252,0, 0, False, 0
253,0, 0, False, 0
254,0, 0, False, 0
255,0, 0, False, 0
256,0, 0, False, 0
257,0, 0, False, 0
258,0, 0, False, 0
259,0, 0, False, 3
260,0, 0, False, 3
261,0, 0, False, 3
262,0, 0, False, 3
263,0, 0, False, 3
264,0, 0, False, 3
265,0, 0, False, 3
266,0, 0, False, 3
267,0, 0, False, 3
268,0, 0, False, 3
269,0, 0, False, 3
270,0, 0, False, 3
271,0, 0, False, 3
272,0, 0, False, 3
273,0, 0, False, 3
274,0, 0, False, 3
275,0, 0, False, 3
276,0, 0, False, 3
277,0, 0, False, 3
278,0, 0, False, 3
279,0, 0, False, 3
280,0, 0, False, 3
281,0, 0, False, 3
282,0, 0, False, 3
283,0, 0, False, 3
284,0, 0, False, 3
285,0, 0, False, 3
286,0, 0, False, 11
287,0, 0, False, 11
288,0, 0, False, 11
289,0, 0, False, 11
290,0, 0, False, 1
291,0, 0, False, 1
292,0, 0, False, 1
293,0, 0, False, 1
294,0, 0, False, 1
295,0, 0, False, 0
296,0, 0, False, 3
297,0, 0, False, 3
298,0, 0, False, 3
299,0, 0, False, 3
300,0, 0, False, 3
301,0, 0, False, 11
302,0, 0, False, 11
303,0, 0, False, 11
304,0, 0, False, 11
305,0, 0, False, 11
306,0, 0, False, 11
307,0, 0, False, 11
308,0, 0, False, 11
309,0, 0, False, 11
310,0, 0, False, 11
311,0, 0, False, 11
312,5, 5, False, 11
313,0, 5, False, 0
314,0, 5, False, 0
315,0, 5, False, 0
316,0, 5, False, 0
317,0, 5, False, 0
318,0, 5, False, 0
319,0, 5, False, 0
320,0, 5, False, 0
321,0, 5, False, 0
322,0, 5, False, 0
323,0, 5, False, 0
324,0, 5, False, 0
325,0, 5, False, 0
326,0, 5, False, 0
327,0, 5, False, 0
328,0, 5, False, 0
329,0, 5, False, 0
330,0, 5, False, 0
331,0, 5, False, 0
332,0, 5, False, 0
333,0, 5, False, 0
334,0, 5, False, 1
335,0, 5, False, 1
336,0, 5, False, 12
337,0, 5, False, 12
338,0, 5, False, 4
339,0, 5, False, 4
340,0, 5, False, 4
341,0, 5, False, 4
342,0, 5, False, 0
343,0, 5, False, 0
344,0, 5, False, 0
345,0, 5, False, 0
346,0, 5, False, 0
347,0, 5, False, 0
348,0, 5, False, 3
349,0, 5, False, 3
350,0, 5, False, 3
351,0, 5, False, 3
352,0, 5, False, 3
353,0, 5, False, 3
354,0, 5, False, 3
355,0, 5, False, 3
356,0, 5, False, 3
357,0, 5, False, 3
358,0, 5, False, 3
359,0, 5, False, 3
360,0, 5, False, 3
361,0, 5, False, 3
362,0, 5, False, 3
363,0, 5, False, 3
364,0, 5, False, 3
365,0, 5, False, 3
366,0, 5, False, 3
367,0, 5, False, 3
368,0, 5, False, 0
369,0, 5, False, 0
370,0, 5, False, 0
371,0, 5, False, 0
372,0, 5, False, 0
373,0, 5, False, 0
374,0, 5, False, 0
375,0, 5, False, 0
376,0, 5, False, 0
377,0, 5, False, 0
378,0, 5, False, 0
379,0, 5, False, 0
380,0, 5, False, 4
381,0, 5, False, 4
382,0, 5, False, 4
383,0, 5, False, 4
384,0, 5, False, 4
385,0, 5, False, 4
386,0, 5, False, 4
387,0, 5, False, 4
388,0, 5, False, 4
389,0, 5, False, 4
390,0, 5, False, 4
391,0, 5, False, 4
392,0, 5, False, 4
393,0, 5, False, 4
394,0, 5, False, 0
395,0, 5, False, 0
396,0, 5, False, 0
397,0, 5, False, 0
398,0, 5, False, 0
399,0, 5, False, 1
400,0, 5, False, 1
401,0, 5, False, 1
402,0, 5, False, 1
403,0, 5, False, 1
404,0, 5, False, 1
405,0, 5, False, 1
406,0, 5, False, 1
407,0, 5, False, 1
408,0, 5, False, 1
409,0, 5, False, 1
410,0, 5, False, 1
411,0, 5, False, 1
412,0, 5, False, 1
413,0, 5, False, 1
414,0, 5, False, 1
415,0, 5, False, 1
416,0, 5, False, 1
417,0, 5, False, 1
418,0, 5, False, 1
419,0, 5, False, 1
420,0, 5, False, 1
421,0, 5, False, 1
422,0, 5, False, 0
423,0, 5, False, 4
424,0, 5, False, 4
425,0, 5, False, 4
426,0, 5, False, 4
427,0, 5, False, 4
428,0, 5, False, 4
429,0, 5, False, 4
430,0, 5, False, 0
431,0, 5, False, 0
432,0, 5, False, 1
433,0, 5, False, 1
434,0, 5, False, 1
435,0, 5, False, 1
436,0, 5, False, 1
437,0, 5, False, 1
438,0, 5, False, 1
439,0, 5, False, 1
440,0, 5, False, 1
441,0, 5, False, 1
442,0, 5, False, 1
443,0, 5, False, 1
444,0, 5, False, 1
445,0, 5, False, 1
446,0, 5, False, 1
447,0, 5, False, 1
448,0, 5, False, 1
449,0, 5, False, 0
450,0, 5, False, 0
451,0, 5, False, 0
452,0, 5, False, 0
453,0, 5, False, 0
454,0, 5, False, 0
455,0, 5, False, 4
456,0, 5, False, 4
457,0, 5, False, 4
458,0, 5, False, 4
459,0, 5, False, 4
460,0, 5, False, 4
461,0, 5, False, 4
462,0, 5, False, 4
463,0, 5, False, 1
464,0, 5, False, 1
465,0, 5, False, 1
466,0, 5, False, 1
467,0, 5, False, 1
468,0, 5, False, 1
469,0, 5, False, 12
470,0, 5, False, 12
471,0, 5, False, 12
472,0, 5, False, 4
473,0, 5, False, 4
474,0, 5, False, 4
475,0, 5, False, 4
476,0, 5, False, 4
477,0, 5, False, 4
478,0, 5, False, 4
479,0, 5, False, 4
480,0, 5, False, 4
481,0, 5, False, 4
482,0, 5, False, 4
483,0, 5, False, 4
484,0, 5, False, 4
485,0, 5, False, 4
486,0, 5, False, 0
487,0, 5, False, 0
488,30, 35, False, 1
489,0, 35, False, 1
490,0, 35, False, 1
491,0, 35, False, 1
492,0, 35, False, 1
493,0, 35, False, 1
494,0, 35, False, 1
495,0, 35, False, 1
496,0, 35, False, 1
497,0, 35, False, 1
498,0, 35, False, 1
499,0, 35, False, 1
500,0, 35, False, 1
501,0, 35, False, 1
502,0, 35, False, 1
503,0, 35, False, 1
504,0, 35, False, 1
505,0, 35, False, 1
506,0, 35, False, 1
507,0, 35, False, 1
508,0, 35, False, 1
509,0, 35, False, 1
510,0, 35, False, 1
511,0, 35, False, 1
512,0, 35, False, 1
513,0, 35, False, 1
514,0, 35, False, 1
515,0, 35, False, 1
516,0, 35, False, 1
517,0, 35, False, 1
518,5, 40, False, 1
519,0, 40, False, 1
520,0, 40, False, 1
521,0, 40, False, 1
522,0, 40, False, 1
523,0, 40, False, 1
524,0, 40, False, 1
525,0, 40, False, 1
526,0, 40, False, 1
527,0, 40, False, 1
528,0, 40, False, 0
529,0, 40, False, 0
530,0, 40, False, 0
531,0, 40, False, 0
532,0, 40, False, 0
533,0, 40, False, 0
534,0, 40, False, 0
535,0, 40, False, 0
536,0, 40, False, 0
537,0, 40, False, 1
538,0, 40, False, 1
539,0, 40, False, 1
540,0, 40, False, 1
541,0, 40, False, 1
542,0, 40, False, 1
543,0, 40, False, 1
544,0, 40, False, 1
545,0, 40, False, 1
546,0, 40, False, 1
547,0, 40, False, 1
548,0, 40, False, 1
549,0, 40, False, 1
550,0, 40, False, 1
551,0, 40, False, 1
552,10, 50, False, 1
553,0, 50, False, 1
554,0, 50, False, 1
555,0, 50, False, 1
556,0, 50, False, 1
557,0, 50, False, 1
558,0, 50, False, 1
559,0, 50, False, 1
560,0, 50, False, 1
561,0, 50, False, 1
562,0, 50, False, 1
563,0, 50, False, 1
564,0, 50, False, 1
565,0, 50, False, 1
566,0, 50, False, 1
567,0, 50, False, 1
568,0, 50, False, 1
569,0, 50, False, 1
570,0, 50, False, 1
571,0, 50, False, 1
572,0, 50, False, 1
573,0, 50, False, 1
574,0, 50, False, 1
575,0, 50, False, 1
576,0, 50, False, 1
577,0, 50, False, 1
578,0, 50, False, 1
579,0, 50, False, 1
580,0, 50, False, 1
581,0, 50, False, 1
582,0, 50, False, 1
583,0, 50, False, 1
584,0, 50, False, 1
585,0, 50, False, 1
586,0, 50, False, 1
587,0, 50, False, 1
588,0, 50, False, 1
589,0, 50, False, 1
590,0, 50, False, 1
591,0, 50, False, 1
592,0, 50, False, 1
593,0, 50, False, 1
594,0, 50, False, 1
595,0, 50, False, 1
596,15, 65, False, 1
597,0, 65, False, 1
598,0, 65, False, 1
599,0, 65, False, 1
600,0, 65, False, 1
601,0, 65, False, 1
602,0, 65, False, 1
603,0, 65, False, 1
604,0, 65, False, 1
605,0, 65, False, 1
606,0, 65, False, 1
607,0, 65, False, 1
608,0, 65, False, 1
609,0, 65, False, 1
610,0, 65, False, 1
611,0, 65, False, 1
612,0, 65, False, 1
613,0, 65, False, 1
614,0, 65, False, 1
615,0, 65, False, 1
616,0, 65, False, 1
617,0, 65, False, 1
618,0, 65, False, 1
619,0, 65, False, 1
620,0, 65, False, 1
621,0, 65, False, 1
622,0, 65, False, 1
623,0, 65, False, 1
624,0, 65, False, 1
625,0, 65, False, 1
626,0, 65, False, 1
627,0, 65, False, 1
628,0, 65, False, 1
629,0, 65, False, 1
630,0, 65, False, 1
631,0, 65, False, 1
632,0, 65, False, 1
633,0, 65, False, 1
634,0, 65, False, 1
635,0, 65, False, 1
636,0, 65, False, 1
637,0, 65, False, 1
638,0, 65, False, 1
639,0, 65, False, 1
640,0, 65, False, 1
641,0, 65, False, 1
642,0, 65, False, 1
643,0, 65, False, 1
644,0, 65, False, 1
645,0, 65, False, 1
646,0, 65, False, 1
647,0, 65, False, 1
648,0, 65, False, 1
649,0, 65, False, 1
650,20, 85, False, 1
651,0, 85, False, 1
652,0, 85, False, 1
653,0, 85, False, 1
654,0, 85, False, 1
655,0, 85, False, 1
656,0, 85, False, 1
657,0, 85, False, 1
658,0, 85, False, 1
659,0, 85, False, 1
660,0, 85, False, 1
661,0, 85, False, 1
662,0, 85, False, 1
663,0, 85, False, 1
664,0, 85, False, 1
665,0, 85, False, 1
666,0, 85, False, 1
667,0, 85, False, 1
668,0, 85, False, 1
669,0, 85, False, 1
670,0, 85, False, 1
671,0, 85, False, 1
672,0, 85, False, 1
673,0, 85, False, 1
674,0, 85, False, 1
675,0, 85, False, 1
676,0, 85, False, 1
677,0, 85, False, 1
678,0, 85, False, 1
679,0, 85, False, 1
680,0, 85, False, 1
681,0, 85, False, 1
682,0, 85, False, 1
683,0, 85, False, 1
684,0, 85, False, 1
685,0, 85, False, 1
686,0, 85, False, 1
687,0, 85, False, 1
688,0, 85, False, 1
689,0, 85, False, 1
690,0, 85, False, 1
691,0, 85, False, 1
692,0, 85, False, 1
693,0, 85, False, 1
694,0, 85, False, 1
695,0, 85, False, 1
696,0, 85, False, 1
697,0, 85, False, 1
698,0, 85, False, 1
699,0, 85, False, 1
700,0, 85, False, 1
701,0, 85, False, 1
702,0, 85, False, 1
703,0, 85, False, 1
704,0, 85, False, 1
705,0, 85, False, 1
706,0, 85, False, 1
707,0, 85, False, 1
708,0, 85, False, 1
709,0, 85, False, 1
710,0, 85, False, 1
711,0, 85, False, 1
712,25, 110, False, 1
713,0, 110, False, 1
714,0, 110, False, 1
715,0, 110, False, 1
716,0, 110, False, 1
717,0, 110, False, 1
718,0, 110, False, 1
719,0, 110, False, 1
720,0, 110, False, 1
721,0, 110, False, 1
722,0, 110, False, 1
723,0, 110, False, 1
724,0, 110, False, 1
725,0, 110, False, 1
726,0, 110, False, 1
727,0, 110, False, 1
728,0, 110, False, 1
729,0, 110, False, 1
730,0, 110, False, 1
731,0, 110, False, 1
732,0, 110, False, 1
733,0, 110, False, 1
734,0, 110, False, 1
735,0, 110, False, 1
736,0, 110, False, 1
737,0, 110, False, 1
738,0, 110, False, 1
739,0, 110, False, 1
740,0, 110, False, 1
741,0, 110, False, 1
742,0, 110, False, 1
743,0, 110, False, 1
744,0, 110, False, 1
745,0, 110, False, 1
746,0, 110, False, 1
747,0, 110, False, 1
748,0, 110, False, 1
749,0, 110, False, 1
750,0, 110, False, 1
751,0, 110, False, 1
752,0, 110, False, 1
753,0, 110, False, 1
754,0, 110, False, 1
755,0, 110, False, 1
756,0, 110, False, 1
757,0, 110, False, 1
758,0, 110, False, 1
759,0, 110, False, 1
760,0, 110, False, 1
761,0, 110, False, 1
762,0, 110, False, 1
763,0, 110, False, 1
764,0, 110, False, 1
765,0, 110, False, 1
766,0, 110, False, 1
767,0, 110, False, 1
768,0, 110, False, 1
769,0, 110, False, 1
770,0, 110, False, 1
771,0, 110, False, 1
772,0, 110, False, 1
773,0, 110, False, 1
774,0, 110, False, 1
775,0, 110, False, 1
776,0, 110, False, 1
777,0, 110, False, 1
778,0, 110, False, 1
779,0, 110, False, 1
780,0, 110, False, 1
781,0, 110, False, 1
782,0, 110, False, 1
783,0, 110, False, 1
784,0, 110, False, 1
785,0, 110, False, 1
786,0, 110, False, 1
787,0, 110, False, 1
788,0, 110, False, 1
789,0, 110, False, 3
790,0, 110, False, 3
791,0, 110, False, 3
792,0, 110, False, 3
793,0, 110, False, 3
794,0, 110, False, 3
795,0, 110, False, 3
796,0, 110, False, 3
797,0, 110, False, 3
798,0, 110, False, 3
799,0, 110, False, 3
800,0, 110, False, 3
801,0, 110, False, 3
802,0, 110, False, 3
803,0, 110, False, 3
804,0, 110, False, 3
805,0, 110, False, 3
806,0, 110, False, 3
807,0, 110, False, 3
808,0, 110, False, 3
809,0, 110, False, 3
810,0, 110, False, 3
811,0, 110, False, 3
812,0, 110, False, 3
813,0, 110, False, 3
814,0, 110, False, 1
815,0, 110, False, 1
816,0, 110, False, 1
817,0, 110, False, 1
818,0, 110, False, 1
819,0, 110, False, 1
820,0, 110, False, 1
821,0, 110, False, 0
822,0, 110, False, 0
823,0, 110, False, 0
824,0, 110, False, 0
825,0, 110, False, 0
826,0, 110, False, 0
827,0, 110, False, 0
828,0, 110, False, 0
829,0, 110, False, 0
830,0, 110, False, 0
831,0, 110, False, 0
832,0, 110, False, 0
833,0, 110, False, 0
834,0, 110, False, 0
835,0, 110, False, 0
836,0, 110, False, 0
837,0, 110, False, 0
838,0, 110, False, 0
839,0, 110, False, 0
840,0, 110, False, 0
841,0, 110, False, 0
842,0, 110, False, 0
843,0, 110, False, 0
844,0, 110, False, 0
845,0, 110, False, 0
846,0, 110, False, 0
847,0, 110, False, 0
848,0, 110, False, 0
849,0, 110, False, 0
850,0, 110, False, 0
851,0, 110, False, 0
852,0, 110, False, 0
853,0, 110, False, 0
854,0, 110, False, 0
855,0, 110, False, 0
856,0, 110, False, 0
857,0, 110, False, 3
858,0, 110, False, 3
859,0, 110, False, 3
860,0, 110, False, 3
861,0, 110, False, 3
862,0, 110, False, 3
863,0, 110, False, 3
864,0, 110, False, 3
865,0, 110, False, 3
866,0, 110, False, 3
867,0, 110, False, 3
868,0, 110, False, 3
869,0, 110, False, 3
870,0, 110, False, 3
871,0, 110, False, 3
872,0, 110, False, 3
873,0, 110, False, 3
874,0, 110, False, 3
875,0, 110, False, 3
876,0, 110, False, 3
877,0, 110, False, 3
878,0, 110, False, 3
879,0, 110, False, 3
880,0, 110, False, 3
881,0, 110, False, 3
882,0, 110, False, 3
883,0, 110, False, 3
884,0, 110, False, 3
885,0, 110, False, 3
886,0, 110, False, 3
887,0, 110, False, 3
888,0, 110, False, 3
889,0, 110, False, 3
890,0, 110, False, 3
891,0, 110, False, 3
892,0, 110, False, 3
893,0, 110, False, 3
894,0, 110, False, 3
895,0, 110, False, 3
896,0, 110, False, 3
897,0, 110, False, 3
898,0, 110, False, 3
899,0, 110, False, 0
900,0, 110, False, 0
901,0, 110, False, 0
902,0, 110, False, 0
903,0, 110, False, 0
904,0, 110, False, 0
905,0, 110, False, 3
906,0, 110, False, 3
907,0, 110, False, 3
908,0, 110, False, 3
909,0, 110, False, 3
910,0, 110, False, 3
911,0, 110, False, 3
912,0, 110, False, 3
913,0, 110, False, 3
914,0, 110, False, 11
915,0, 110, False, 11
916,0, 110, False, 11
917,0, 110, False, 11
918,0, 110, False, 11
919,0, 110, False, 11
920,0, 110, False, 11
921,0, 110, False, 11
922,0, 110, False, 11
923,0, 110, False, 11
924,0, 110, False, 11
925,0, 110, False, 1
926,0, 110, False, 1
927,0, 110, False, 1
928,0, 110, False, 1
929,0, 110, False, 1
930,0, 110, False, 1
931,0, 110, False, 1
932,0, 110, False, 1
933,0, 110, False, 1
934,0, 110, False, 1
935,0, 110, False, 1
936,0, 110, False, 1
937,0, 110, False, 1
938,0, 110, False, 1
939,0, 110, False, 1
940,5, 115, False, 1
941,0, 115, False, 1
942,0, 115, False, 1
943,0, 115, False, 1
944,0, 115, False, 1
945,0, 115, False, 1
946,0, 115, False, 1
947,0, 115, False, 1
948,0, 115, False, 1
949,0, 115, False, 1
950,0, 115, False, 1
951,0, 115, False, 1
952,0, 115, False, 1
953,0, 115, False, 1
954,0, 115, False, 11
955,0, 115, False, 11
956,0, 115, False, 11
957,0, 115, False, 11
958,0, 115, False, 11
959,0, 115, False, 11
960,0, 115, False, 1
961,0, 115, False, 1
962,0, 115, False, 1
963,0, 115, False, 1
964,0, 115, False, 1
965,0, 115, False, 1
966,0, 115, False, 1
967,0, 115, False, 1
968,0, 115, False, 1
969,0, 115, False, 1
970,10, 125, False, 1
971,0, 125, False, 1
972,0, 125, False, 1
973,0, 125, False, 1
974,0, 125, False, 1
975,0, 125, False, 12
976,0, 125, False, 12
977,0, 125, False, 12
978,0, 125, False, 12
979,0, 125, False, 12
980,0, 125, False, 12
981,0, 125, False, 12
982,0, 125, False, 12
983,0, 125, False, 12
984,0, 125, False, 12
985,0, 125, False, 1
986,0, 125, False, 1
987,0, 125, False, 1
988,0, 125, False, 1
989,0, 125, False, 1
990,0, 125, False, 1
991,0, 125, False, 1
992,0, 125, False, 1
993,0, 125, False, 1
994,0, 125, False, 1
995,0, 125, False, 1
996,0, 125, False, 1
997,0, 125, False, 1
998,0, 125, False, 1
999,0, 125, False, 1
1000,0, 125, False, 1
1001,0, 125, False, 1
1002,0, 125, False, 1
1003,0, 125, False, 1
1004,0, 125, False, 1
1005,0, 125, False, 1
1006,0, 125, False, 1
1007,0, 125, False, 1
1008,0, 125, False, 1
1009,0, 125, False, 1
1010,0, 125, False, 1
1011,0, 125, False, 1
1012,0, 125, False, 1
1013,0, 125, False, 1
1014,0, 125, False, 1
1015,0, 125, False, 1
1016,0, 125, False, 1
1017,0, 125, False, 1
1018,0, 125, False, 1
1019,0, 125, False, 1
1020,0, 125, False, 1
1021,0, 125, False, 1
1022,0, 125, False, 1
1023,0, 125, False, 1
1024,0, 125, False, 1
1025,0, 125, False, 1
1026,0, 125, False, 1
1027,0, 125, False, 1
1028,0, 125, False, 1
1029,0, 125, False, 1
1030,0, 125, False, 1
1031,0, 125, False, 1
1032,0, 125, False, 1
1033,0, 125, False, 1
1034,0, 125, False, 1
1035,0, 125, False, 1
1036,0, 125, False, 1
1037,0, 125, False, 1
1038,0, 125, False, 1
1039,0, 125, False, 1
1040,0, 125, False, 1
1041,0, 125, False, 1
1042,0, 125, False, 1
1043,0, 125, False, 1
1044,0, 125, False, 1
1045,0, 125, False, 12
1046,0, 125, False, 12
1047,0, 125, False, 12
1048,0, 125, False, 12
1049,0, 125, False, 1
1050,0, 125, False, 1
1051,0, 125, False, 1
1052,0, 125, False, 1
1053,0, 125, False, 1
1054,0, 125, False, 1
1055,0, 125, False, 1
1056,0, 125, False, 1
1057,0, 125, False, 1
1058,0, 125, False, 1
1059,0, 125, False, 1
1060,0, 125, False, 1
1061,0, 125, False, 1
1062,0, 125, False, 1
1063,0, 125, False, 1
1064,0, 125, False, 1
1065,0, 125, False, 1
1066,0, 125, False, 1
1067,0, 125, False, 1
1068,0, 125, False, 1
1069,0, 125, False, 1
1070,0, 125, False, 1
1071,0, 125, False, 1
1072,0, 125, False, 1
1073,0, 125, False, 1
1074,0, 125, False, 1
1075,0, 125, False, 1
1076,0, 125, False, 1
1077,0, 125, False, 1
1078,0, 125, False, 1
1079,0, 125, False, 1
1080,0, 125, False, 1
1081,0, 125, False, 1
1082,0, 125, False, 1
1083,0, 125, False, 1
1084,0, 125, False, 1
1085,0, 125, False, 1
1086,0, 125, False, 1
1087,0, 125, False, 1
1088,0, 125, False, 1
1089,0, 125, False, 1
1090,0, 125, False, 1
1091,0, 125, False, 1
1092,0, 125, False, 1
1093,0, 125, False, 1
1094,15, 140, False, 1
1095,0, 140, False, 1
1096,0, 140, False, 1
1097,0, 140, False, 1
1098,0, 140, False, 1
1099,0, 140, False, 1
1100,0, 140, False, 1
1101,0, 140, False, 1
1102,0, 140, False, 1
1103,0, 140, False, 1
1104,0, 140, False, 1
1105,0, 140, False, 1
1106,0, 140, False, 1
1107,0, 140, False, 1
1108,0, 140, False, 1
1109,0, 140, False, 1
1110,0, 140, False, 1
1111,0, 140, False, 1
1112,0, 140, False, 1
1113,0, 140, False, 12
1114,0, 140, False, 12
1115,0, 140, False, 12
1116,0, 140, False, 12
1117,0, 140, False, 12
1118,0, 140, False, 12
1119,0, 140, False, 1
1120,0, 140, False, 1
1121,0, 140, False, 1
1122,0, 140, False, 1
1123,0, 140, False, 1
1124,0, 140, False, 1
1125,0, 140, False, 1
1126,0, 140, False, 1
1127,0, 140, False, 1
1128,0, 140, False, 1
1129,0, 140, False, 1
1130,0, 140, False, 1
1131,0, 140, False, 12
1132,0, 140, False, 12
1133,0, 140, False, 12
1134,0, 140, False, 12
1135,0, 140, False, 12
1136,0, 140, False, 12
1137,0, 140, False, 12
1138,0, 140, False, 1
1139,0, 140, False, 1
1140,0, 140, False, 1
1141,0, 140, False, 1
1142,20, 160, False, 1
1143,0, 160, False, 1
1144,0, 160, False, 1
1145,0, 160, False, 1
1146,0, 160, False, 11
1147,0, 160, False, 11
1148,0, 160, False, 11
1149,0, 160, False, 11
1150,0, 160, False, 11
1151,0, 160, False, 11
1152,0, 160, False, 11
1153,0, 160, False, 11
1154,0, 160, False, 11
1155,0, 160, False, 11
1156,0, 160, False, 11
1157,0, 160, False, 11
1158,0, 160, False, 11
1159,0, 160, False, 11
1160,0, 160, False, 11
1161,0, 160, False, 11
1162,0, 160, False, 11
1163,0, 160, False, 1
1164,0, 160, False, 1
1165,0, 160, False, 1
1166,0, 160, False, 1
1167,0, 160, False, 1
1168,0, 160, False, 1
1169,0, 160, False, 1
1170,0, 160, False, 1
1171,0, 160, False, 1
1172,0, 160, False, 1
1173,0, 160, False, 1
1174,0, 160, False, 1
1175,0, 160, False, 1
1176,0, 160, False, 1
1177,0, 160, False, 1
1178,0, 160, False, 1
1179,0, 160, False, 1
1180,0, 160, False, 1
1181,0, 160, False, 1
1182,0, 160, False, 1
1183,0, 160, False, 1
1184,0, 160, False, 1
1185,0, 160, False, 1
1186,0, 160, False, 1
1187,0, 160, False, 1
1188,0, 160, False, 12
1189,0, 160, False, 12
1190,0, 160, False, 12
1191,0, 160, False, 12
1192,0, 160, False, 12
1193,0, 160, False, 12
1194,0, 160, False, 12
1195,0, 160, False, 12
1196,0, 160, False, 12
1197,0, 160, False, 12
1198,0, 160, False, 1
1199,0, 160, False, 1
1200,0, 160, False, 1
1201,0, 160, False, 1
1202,25, 185, False, 1
1203,0, 185, False, 1
1204,0, 185, False, 1
1205,0, 185, False, 1
1206,0, 185, False, 12
1207,0, 185, False, 12
1208,0, 185, False, 12
1209,0, 185, False, 12
1210,0, 185, False, 12
1211,0, 185, False, 12
1212,0, 185, False, 12
1213,0, 185, False, 12
1214,0, 185, False, 12
1215,0, 185, False, 12
1216,0, 185, False, 12
1217,0, 185, False, 12
1218,0, 185, False, 12
1219,0, 185, False, 12
1220,0, 185, False, 12
1221,0, 185, False, 12
1222,0, 185, False, 12
1223,0, 185, False, 12
1224,0, 185, False, 12
1225,0, 185, False, 12
1226,0, 185, False, 12
1227,0, 185, False, 12
1228,0, 185, False, 12
1229,0, 185, False, 12
1230,0, 185, False, 4
1231,0, 185, False, 4
1232,0, 185, False, 4
1233,0, 185, False, 4
1234,0, 185, False, 4
1235,0, 185, False, 4
1236,0, 185, False, 4
1237,0, 185, False, 4
1238,0, 185, False, 4
1239,0, 185, False, 4
1240,0, 185, False, 4
1241,0, 185, False, 4
1242,0, 185, False, 4
1243,0, 185, False, 4
1244,0, 185, False, 4
1245,0, 185, False, 4
1246,0, 185, False, 4
1247,0, 185, False, 4
1248,0, 185, False, 4
1249,0, 185, False, 4
1250,0, 185, False, 4
1251,0, 185, False, 4
1252,0, 185, False, 4
1253,0, 185, False, 4
1254,0, 185, False, 4
1255,0, 185, False, 4
1256,0, 185, False, 4
1257,0, 185, False, 4
1258,0, 185, False, 4
1259,0, 185, False, 4
1260,0, 185, False, 4
1261,0, 185, False, 4
1262,0, 185, False, 4
1263,0, 185, False, 4
1264,0, 185, False, 4
1265,0, 185, False, 4
1266,0, 185, False, 4
1267,0, 185, False, 4
1268,30, 215, False, 4
1269,0, 215, False, 4
1270,0, 215, False, 4
1271,0, 215, False, 4
1272,0, 215, False, 4
1273,0, 215, False, 4
1274,0, 215, False, 4
1275,0, 215, False, 4
1276,0, 215, False, 4
1277,0, 215, False, 4
1278,0, 215, False, 1
1279,0, 215, False, 1
1280,0, 215, False, 1
1281,0, 215, False, 1
1282,0, 215, False, 1
1283,0, 215, False, 1
1284,0, 215, False, 1
1285,0, 215, False, 1
1286,0, 215, False, 1
1287,0, 215, False, 1
1288,0, 215, False, 1
1289,0, 215, False, 1
1290,0, 215, False, 1
1291,0, 215, False, 1
1292,0, 215, False, 1
1293,0, 215, False, 1
1294,0, 215, False, 1
1295,0, 215, False, 1
1296,0, 215, False, 1
1297,0, 215, False, 1
1298,0, 215, False, 1
1299,0, 215, False, 1
1300,0, 215, False, 1
1301,0, 215, False, 12
1302,0, 215, False, 12
1303,0, 215, False, 12
1304,0, 215, False, 12
1305,0, 215, False, 12
1306,0, 215, False, 12
1307,0, 215, False, 12
1308,0, 215, False, 12
1309,0, 215, False, 12
1310,0, 215, False, 12
1311,0, 215, False, 12
1312,0, 215, False, 12
1313,0, 215, False, 12
1314,0, 215, False, 12
1315,0, 215, False, 12
1316,0, 215, False, 12
1317,0, 215, False, 12
1318,0, 215, False, 12
1319,0, 215, False, 1
1320,0, 215, False, 1
1321,0, 215, False, 1
1322,0, 215, False, 1
1323,0, 215, False, 1
1324,0, 215, False, 1
1325,0, 215, False, 1
1326,0, 215, False, 1
1327,0, 215, False, 12
1328,0, 215, False, 12
1329,0, 215, False, 12
1330,0, 215, False, 12
1331,0, 215, False, 12
1332,0, 215, False, 12
1333,0, 215, False, 12
1334,0, 215, False, 12
1335,0, 215, False, 12
1336,0, 215, False, 12
1337,0, 215, False, 12
1338,0, 215, False, 12
1339,0, 215, False, 12
1340,0, 215, False, 12
1341,0, 215, False, 12
1342,0, 215, False, 12
1343,0, 215, False, 12
1344,30, 245, False, 12
1345,0, 245, False, 12
1346,0, 245, False, 12
1347,0, 245, False, 12
1348,0, 245, False, 12
1349,0, 245, False, 12
1350,0, 245, False, 12
1351,0, 245, False, 12
1352,0, 245, False, 12
1353,0, 245, False, 12
1354,0, 245, False, 12
1355,0, 245, False, 12
1356,0, 245, False, 12
1357,0, 245, False, 12
1358,0, 245, False, 12
1359,0, 245, False, 12
1360,0, 245, False, 12
1361,0, 245, False, 1
1362,0, 245, False, 1
1363,0, 245, False, 1
1364,5, 250, False, 1
1365,0, 250, False, 1
1366,0, 250, False, 1
1367,0, 250, False, 1
1368,0, 250, False, 1
1369,0, 250, False, 1
1370,0, 250, False, 1
1371,0, 250, False, 1
1372,0, 250, False, 1
1373,0, 250, False, 1
1374,0, 250, False, 1
1375,0, 250, False, 1
1376,0, 250, False, 1
1377,0, 250, False, 1
1378,0, 250, False, 1
1379,0, 250, False, 1
1380,0, 250, False, 0
1381,0, 250, False, 0
1382,0, 250, False, 0
1383,0, 250, False, 3
1384,0, 250, False, 3
1385,0, 250, False, 3
1386,0, 250, False, 3
1387,0, 250, False, 3
1388,0, 250, False, 3
1389,0, 250, False, 3
1390,0, 250, False, 3
1391,0, 250, False, 3
1392,0, 250, False, 3
1393,0, 250, False, 3
1394,10, 260, False, 3
1395,0, 260, False, 3
1396,0, 260, False, 3
1397,0, 260, False, 3
1398,0, 260, False, 3
1399,0, 260, False, 3
1400,0, 260, False, 0
1401,0, 260, False, 0
1402,0, 260, False, 0
1403,0, 260, False, 0
1404,0, 260, False, 0
1405,0, 260, False, 0
1406,0, 260, False, 0
1407,0, 260, False, 0
1408,0, 260, False, 0
1409,0, 260, False, 0
1410,0, 260, False, 0
1411,0, 260, False, 0
1412,0, 260, False, 0
1413,0, 260, False, 0
1414,0, 260, False, 0
1415,0, 260, False, 3
1416,0, 260, False, 3
1417,0, 260, False, 3
1418,0, 260, False, 3
1419,0, 260, False, 3
1420,0, 260, False, 3
1421,0, 260, False, 3
1422,0, 260, False, 3
1423,0, 260, False, 3
1424,0, 260, False, 3
1425,0, 260, False, 0
1426,0, 260, False, 0
1427,0, 260, False, 4
1428,0, 260, False, 4
1429,0, 260, False, 4
1430,0, 260, False, 4
1431,0, 260, False, 4
1432,0, 260, False, 4
1433,0, 260, False, 4
1434,0, 260, False, 4
1435,0, 260, False, 4
1436,0, 260, False, 4
1437,0, 260, False, 4
1438,0, 260, False, 4
1439,0, 260, False, 4
1440,0, 260, False, 4
1441,0, 260, False, 4
1442,0, 260, False, 4
1443,0, 260, False, 4
1444,0, 260, False, 4
1445,0, 260, False, 4
1446,0, 260, False, 4
1447,0, 260, False, 4
1448,0, 260, False, 4
1449,0, 260, False, 4
1450,0, 260, False, 4
1451,0, 260, False, 4
1452,0, 260, False, 4
1453,0, 260, False, 0
1454,0, 260, False, 0
1455,0, 260, False, 1
1456,0, 260, False, 11
1457,0, 260, False, 11
1458,0, 260, False, 11
1459,0, 260, False, 11
1460,0, 260, False, 11
1461,0, 260, False, 11
1462,0, 260, False, 11
1463,0, 260, False, 11
1464,0, 260, False, 11
1465,0, 260, False, 11
1466,0, 260, False, 11
1467,0, 260, False, 11
1468,0, 260, False, 11
1469,0, 260, False, 11
1470,0, 260, False, 11
1471,0, 260, False, 11
1472,0, 260, False, 11
1473,0, 260, False, 11
1474,0, 260, False, 11
1475,0, 260, False, 11
1476,0, 260, False, 11
1477,0, 260, False, 11
1478,0, 260, False, 11
1479,0, 260, False, 11
1480,0, 260, False, 11
1481,0, 260, False, 11
1482,0, 260, False, 11
1483,0, 260, False, 11
1484,0, 260, False, 11
1485,0, 260, False, 11
1486,0, 260, False, 11
1487,0, 260, False, 11
1488,0, 260, False, 11
1489,0, 260, False, 11
1490,0, 260, False, 3
1491,0, 260, False, 3
1492,0, 260, False, 3
1493,0, 260, False, 3
1494,0, 260, False, 0
1495,0, 260, False, 0
1496,0, 260, False, 1
1497,0, 260, False, 1
1498,0, 260, False, 1
1499,0, 260, False, 1
1500,0, 260, False, 1
1501,0, 260, False, 1
1502,0, 260, False, 1
1503,0, 260, False, 1
1504,0, 260, False, 1
1505,0, 260, False, 1
1506,0, 260, False, 1
1507,0, 260, False, 1
1508,0, 260, False, 1
1509,0, 260, False, 1
1510,0, 260, False, 1
1511,0, 260, False, 1
1512,0, 260, False, 1
1513,0, 260, False, 1
1514,0, 260, False, 1
1515,0, 260, False, 1
1516,0, 260, False, 1
1517,0, 260, False, 1
1518,0, 260, False, 1
1519,0, 260, False, 1
1520,0, 260, False, 1
1521,0, 260, False, 1
1522,0, 260, False, 1
1523,0, 260, False, 1
1524,0, 260, False, 1
1525,0, 260, False, 1
1526,0, 260, False, 1
1527,0, 260, False, 1
1528,0, 260, False, 1
1529,0, 260, False, 1
1530,0, 260, False, 1
1531,0, 260, False, 1
1532,0, 260, False, 1
1533,0, 260, False, 1
1534,0, 260, False, 1
1535,0, 260, False, 1
1536,0, 260, False, 1
1537,0, 260, False, 1
1538,0, 260, False, 1
1539,0, 260, False, 1
1540,0, 260, False, 1
1541,0, 260, False, 1
1542,0, 260, False, 1
1543,0, 260, False, 1
1544,0, 260, False, 11
1545,0, 260, False, 11
1546,0, 260, False, 11
1547,0, 260, False, 3
1548,0, 260, False, 3
1549,0, 260, False, 0
1550,0, 260, False, 0
1551,0, 260, False, 1
1552,0, 260, False, 1
1553,0, 260, False, 1
1554,0, 260, False, 1
1555,0, 260, False, 1
1556,0, 260, False, 1
1557,0, 260, False, 1
1558,0, 260, False, 1
1559,0, 260, False, 1
1560,0, 260, False, 1
1561,0, 260, False, 1
1562,10, 270, False, 11
1563,0, 270, False, 11
1564,0, 270, False, 11
1565,0, 270, False, 11
1566,0, 270, False, 11
1567,0, 270, False, 11
1568,0, 270, False, 11
1569,0, 270, False, 11
1570,0, 270, False, 11
1571,0, 270, False, 11
1572,0, 270, False, 11
1573,0, 270, False, 11
1574,0, 270, False, 11
1575,0, 270, False, 1
1576,0, 270, False, 1
1577,0, 270, False, 1
1578,0, 270, False, 1
1579,0, 270, False, 1
1580,0, 270, False, 1
1581,0, 270, False, 11
1582,0, 270, False, 11
1583,0, 270, False, 11
1584,0, 270, False, 11
1585,0, 270, False, 11
1586,0, 270, False, 11
1587,0, 270, False, 11
1588,0, 270, False, 11
1589,0, 270, False, 11
1590,0, 270, False, 11
1591,0, 270, False, 11
1592,0, 270, False, 11
1593,0, 270, False, 11
1594,0, 270, False, 11
1595,0, 270, False, 11
1596,15, 285, False, 11
1597,0, 285, False, 11
1598,0, 285, False, 11
1599,0, 285, False, 11
1600,0, 285, False, 11
1601,0, 285, False, 11
1602,0, 285, False, 11
1603,0, 285, False, 11
1604,0, 285, False, 11
1605,0, 285, False, 11
1606,0, 285, False, 11
1607,0, 285, False, 11
1608,0, 285, False, 11
1609,0, 285, False, 3
1610,0, 285, False, 3
1611,0, 285, False, 3
1612,0, 285, False, 3
1613,0, 285, False, 3
1614,0, 285, False, 3
1615,0, 285, False, 3
1616,0, 285, False, 3
1617,0, 285, False, 3
1618,0, 285, False, 3
1619,0, 285, False, 3
1620,0, 285, False, 3
1621,0, 285, False, 3
1622,0, 285, False, 3
1623,0, 285, False, 3
1624,0, 285, False, 3
1625,0, 285, False, 3
1626,0, 285, False, 3
1627,0, 285, False, 3
1628,0, 285, False, 3
1629,0, 285, False, 3
1630,0, 285, False, 3
1631,0, 285, False, 3
1632,0, 285, False, 3
1633,0, 285, False, 3
1634,0, 285, False, 3
1635,0, 285, False, 3
1636,0, 285, False, 3
1637,0, 285, False, 3
1638,0, 285, False, 3
1639,0, 285, False, 3
1640,0, 285, False, 3
1641,0, 285, False, 11
1642,0, 285, False, 11
1643,0, 285, False, 11
1644,0, 285, False, 11
1645,0, 285, False, 11
1646,0, 285, False, 11
1647,0, 285, False, 11
1648,0, 285, False, 11
1649,0, 285, False, 11
1650,0, 285, False, 3
1651,0, 285, False, 3
1652,0, 285, False, 3
1653,0, 285, False, 3
1654,0, 285, False, 3
1655,0, 285, False, 3
1656,0, 285, False, 3
1657,0, 285, False, 3
1658,0, 285, False, 3
1659,0, 285, False, 3
1660,0, 285, False, 0
1661,0, 285, False, 0
1662,0, 285, False, 0
1663,0, 285, False, 0
1664,0, 285, False, 0
1665,0, 285, False, 0
1666,0, 285, False, 3
1667,0, 285, False, 3
1668,0, 285, False, 3
1669,0, 285, False, 3
1670,0, 285, False, 3
1671,0, 285, False, 3
1672,0, 285, False, 3
1673,0, 285, False, 3
1674,0, 285, False, 1
1675,0, 285, False, 1
1676,0, 285, False, 1
1677,0, 285, False, 1
1678,0, 285, False, 1
1679,0, 285, False, 1
1680,0, 285, False, 1
1681,0, 285, False, 0
1682,0, 285, False, 3
1683,0, 285, False, 3
1684,0, 285, False, 3
1685,0, 285, False, 3
1686,0, 285, False, 3
1687,0, 285, False, 3
1688,0, 285, False, 3
1689,0, 285, False, 3
1690,0, 285, False, 3
1691,0, 285, False, 3
1692,0, 285, False, 3
1693,0, 285, False, 3
1694,0, 285, False, 3
1695,0, 285, False, 3
1696,0, 285, False, 3
1697,0, 285, False, 3
1698,0, 285, False, 3
1699,0, 285, False, 3
1700,0, 285, False, 3
1701,0, 285, False, 3
1702,0, 285, False, 11
1703,0, 285, False, 11
1704,0, 285, False, 1
1705,0, 285, False, 1
1706,0, 285, False, 1
1707,0, 285, False, 1
1708,0, 285, False, 1
1709,0, 285, False, 1
1710,0, 285, False, 1
1711,0, 285, False, 1
1712,0, 285, False, 1
1713,0, 285, False, 11
1714,0, 285, False, 11
1715,0, 285, False, 11
1716,0, 285, False, 11
1717,0, 285, False, 11
1718,0, 285, False, 11
1719,0, 285, False, 11
1720,0, 285, False, 11
1721,0, 285, False, 11
1722,0, 285, False, 11
1723,0, 285, False, 11
1724,0, 285, False, 11
1725,0, 285, False, 3
1726,0, 285, False, 3
1727,0, 285, False, 3
1728,0, 285, False, 3
1729,0, 285, False, 3
1730,0, 285, False, 3
1731,0, 285, False, 11
1732,0, 285, False, 11
1733,0, 285, False, 11
1734,0, 285, False, 11
1735,0, 285, False, 11
1736,0, 285, False, 11
1737,0, 285, False, 3
1738,0, 285, False, 3
1739,0, 285, False, 0
1740,0, 285, False, 0
1741,0, 285, False, 0
1742,0, 285, False, 0
1743,0, 285, False, 0
1744,0, 285, False, 0
1745,0, 285, False, 0
1746,0, 285, False, 0
1747,0, 285, False, 4
1748,0, 285, False, 4
1749,0, 285, False, 4
1750,0, 285, False, 4
1751,0, 285, False, 4
1752,0, 285, False, 4
1753,0, 285, False, 4
1754,0, 285, False, 0
1755,0, 285, False, 0
1756,0, 285, False, 0
1757,0, 285, False, 3
1758,0, 285, False, 3
1759,0, 285, False, 3
1760,0, 285, False, 3
1761,0, 285, False, 3
1762,0, 285, False, 3
1763,0, 285, False, 3
1764,0, 285, False, 3
1765,0, 285, False, 3
1766,0, 285, False, 3
1767,0, 285, False, 3
1768,0, 285, False, 3
1769,0, 285, False, 3
1770,0, 285, False, 3
1771,0, 285, False, 3
1772,0, 285, False, 3
1773,0, 285, False, 3
1774,0, 285, False, 3
1775,0, 285, False, 3
1776,0, 285, False, 1
1777,0, 285, False, 1
1778,0, 285, False, 1
1779,0, 285, False, 1
1780,0, 285, False, 1
1781,0, 285, False, 1
1782,0, 285, False, 1
1783,0, 285, False, 1
1784,0, 285, False, 1
1785,0, 285, False, 1
1786,0, 285, False, 1
1787,0, 285, False, 1
1788,0, 285, False, 1
1789,0, 285, False, 1
1790,0, 285, False, 1
1791,0, 285, False, 1
1792,0, 285, False, 1
1793,0, 285, False, 1
1794,0, 285, False, 1
1795,0, 285, False, 1
1796,0, 285, False, 1
1797,0, 285, False, 12
1798,0, 285, False, 12
1799,0, 285, False, 12
1800,0, 285, False, 4
1801,0, 285, False, 4
1802,0, 285, False, 4
1803,0, 285, False, 4
1804,0, 285, False, 0
1805,0, 285, False, 0
1806,0, 285, False, 1
1807,0, 285, False, 1
1808,0, 285, False, 1
1809,0, 285, False, 1
1810,0, 285, False, 1
1811,0, 285, False, 1
1812,0, 285, False, 1
1813,0, 285, False, 1
1814,0, 285, False, 11
1815,0, 285, False, 11
1816,0, 285, False, 11
1817,0, 285, False, 11
1818,0, 285, False, 11
1819,0, 285, False, 11
1820,0, 285, False, 11
1821,0, 285, False, 3
1822,0, 285, False, 3
1823,0, 285, False, 3
1824,0, 285, False, 3
1825,0, 285, False, 3
1826,0, 285, False, 3
1827,0, 285, False, 3
1828,5, 290, False, 3
1829,0, 290, False, 3
1830,0, 290, False, 3
1831,0, 290, False, 3
1832,0, 290, False, 3
1833,0, 290, False, 11
1834,0, 290, False, 11
1835,0, 290, False, 1
1836,0, 290, False, 1
1837,0, 290, False, 1
1838,0, 290, False, 0
1839,0, 290, False, 0
1840,0, 290, False, 0
1841,0, 290, False, 0
1842,0, 290, False, 0
1843,0, 290, False, 0
1844,0, 290, False, 0
1845,0, 290, False, 0
1846,0, 290, False, 0
1847,0, 290, False, 0
1848,0, 290, False, 0
1849,0, 290, False, 0
1850,0, 290, False, 0
1851,0, 290, False, 0
1852,0, 290, False, 0
1853,0, 290, False, 0
1854,0, 290, False, 0
1855,0, 290, False, 0
1856,0, 290, False, 0
1857,0, 290, False, 0
1858,0, 290, False, 0
1859,0, 290, False, 0
1860,0, 290, False, 0
1861,0, 290, False, 0
1862,0, 290, False, 0
1863,0, 290, False, 0
1864,0, 290, False, 0
1865,0, 290, False, 0
1866,0, 290, False, 0
1867,0, 290, False, 0
1868,0, 290, False, 0
1869,0, 290, False, 3
1870,0, 290, False, 3
1871,0, 290, False, 3
1872,0, 290, False, 3
1873,0, 290, False, 3
1874,0, 290, False, 3
1875,0, 290, False, 3
1876,0, 290, False, 3
1877,0, 290, False, 3
1878,0, 290, False, 3
1879,0, 290, False, 3
1880,0, 290, False, 3
1881,0, 290, False, 3
1882,0, 290, False, 3
1883,0, 290, False, 3
1884,0, 290, False, 3
1885,0, 290, False, 3
1886,0, 290, False, 3
1887,0, 290, False, 3
1888,0, 290, False, 3
1889,0, 290, False, 3
1890,0, 290, False, 3
1891,0, 290, False, 3
1892,0, 290, False, 3
1893,0, 290, False, 3
1894,0, 290, False, 3
1895,0, 290, False, 0
1896,0, 290, False, 0
1897,0, 290, False, 0
1898,0, 290, False, 0
1899,0, 290, False, 0
1900,0, 290, False, 0
1901,0, 290, False, 0
1902,0, 290, False, 0
1903,0, 290, False, 0
1904,0, 290, False, 0
1905,0, 290, False, 0
1906,0, 290, False, 0
1907,0, 290, False, 0
1908,0, 290, False, 0
1909,0, 290, False, 0
1910,0, 290, False, 0
1911,0, 290, False, 0
1912,0, 290, False, 0
1913,0, 290, False, 0
1914,0, 290, False, 0
1915,0, 290, False, 0
1916,0, 290, False, 0
1917,0, 290, False, 0
1918,0, 290, False, 0
1919,0, 290, False, 0
1920,0, 290, False, 0
1921,0, 290, False, 0
1922,0, 290, False, 0
1923,0, 290, False, 1
1924,0, 290, False, 1
1925,0, 290, False, 1
1926,0, 290, False, 1
1927,0, 290, False, 1
1928,0, 290, False, 1
1929,0, 290, False, 1
1930,0, 290, False, 1
1931,0, 290, False, 1
1932,0, 290, False, 1
1933,0, 290, False, 0
1934,5, 295, False, 0
1935,0, 295, False, 0
1936,0, 295, False, 0
1937,0, 295, False, 0
1938,0, 295, False, 0
1939,0, 295, False, 0
1940,0, 295, False, 0
1941,0, 295, False, 0
1942,0, 295, False, 0
1943,0, 295, False, 0
1944,0, 295, False, 0
1945,0, 295, False, 0
1946,0, 295, False, 0
1947,0, 295, False, 0
1948,0, 295, False, 1
1949,0, 295, False, 1
1950,0, 295, False, 1
1951,0, 295, False, 1
1952,0, 295, False, 1
1953,0, 295, False, 1
1954,0, 295, False, 1
1955,0, 295, False, 1
1956,0, 295, False, 1
1957,0, 295, False, 1
1958,0, 295, False, 1
1959,0, 295, False, 1
1960,0, 295, False, 1
1961,0, 295, False, 1
1962,0, 295, False, 1
1963,0, 295, False, 12
1964,0, 295, False, 12
1965,0, 295, False, 12
1966,0, 295, False, 12
1967,0, 295, False, 4
1968,10, 305, False, 4
1969,0, 305, False, 4
1970,0, 305, False, 4
1971,0, 305, False, 4
1972,0, 305, False, 4
1973,0, 305, False, 4
1974,0, 305, False, 4
1975,0, 305, False, 4
1976,0, 305, False, 4
1977,0, 305, False, 4
1978,0, 305, False, 4
1979,0, 305, False, 4
1980,0, 305, False, 4
1981,0, 305, False, 4
1982,0, 305, False, 4
1983,0, 305, False, 4
1984,0, 305, False, 12
1985,0, 305, False, 12
1986,0, 305, False, 12
1987,0, 305, False, 12
1988,0, 305, False, 12
1989,0, 305, False, 12
1990,0, 305, False, 12
1991,0, 305, False, 12
1992,0, 305, False, 1
1993,0, 305, False, 1
1994,0, 305, False, 0
1995,0, 305, False, 0
1996,0, 305, False, 0
1997,0, 305, False, 0
1998,0, 305, False, 0
1999,0, 305, False, 1
2000,0, 305, False, 1
2001,0, 305, False, 1
2002,0, 305, False, 1
2003,0, 305, False, 1
2004,0, 305, False, 1
2005,0, 305, False, 1
2006,0, 305, False, 1
2007,0, 305, False, 1
2008,0, 305, False, 1
2009,0, 305, False, 1
2010,0, 305, False, 1
2011,0, 305, False, 0
2012,0, 305, False, 0
2013,0, 305, False, 0
2014,0, 305, False, 0
2015,0, 305, False, 0
2016,0, 305, False, 0
2017,0, 305, False, 0
2018,0, 305, False, 0
2019,0, 305, False, 0
2020,0, 305, False, 0
2021,0, 305, False, 0
2022,0, 305, False, 4
2023,0, 305, False, 4
2024,0, 305, False, 4
2025,0, 305, False, 4
2026,0, 305, False, 4
2027,0, 305, False, 4
2028,0, 305, False, 4
2029,0, 305, False, 4
2030,0, 305, False, 4
2031,0, 305, False, 4
2032,25, 330, False, 12
2033,0, 330, False, 12
2034,0, 330, False, 1
2035,0, 330, False, 1
2036,0, 330, False, 1
2037,0, 330, False, 1
2038,0, 330, False, 1
2039,0, 330, False, 1
2040,0, 330, False, 1
2041,0, 330, False, 1
2042,0, 330, False, 1
2043,0, 330, False, 1
2044,0, 330, False, 1
2045,0, 330, False, 1
2046,0, 330, False, 1
2047,0, 330, False, 1
2048,0, 330, False, 1
2049,0, 330, False, 1
2050,0, 330, False, 1
2051,0, 330, False, 1
2052,0, 330, False, 1
2053,0, 330, False, 1
2054,0, 330, False, 1
2055,0, 330, False, 12
2056,0, 330, False, 12
2057,0, 330, False, 12
2058,0, 330, False, 12
2059,0, 330, False, 12
2060,0, 330, False, 12
2061,0, 330, False, 12
2062,0, 330, False, 12
2063,0, 330, False, 12
2064,0, 330, False, 1
2065,0, 330, False, 1
2066,0, 330, False, 1
2067,0, 330, False, 1
2068,0, 330, False, 1
2069,0, 330, False, 1
2070,0, 330, False, 1
2071,0, 330, False, 1
2072,0, 330, False, 1
2073,0, 330, False, 1
2074,0, 330, False, 12
2075,0, 330, False, 12
2076,0, 330, False, 12
2077,0, 330, False, 12
2078,0, 330, False, 12
2079,0, 330, False, 12
2080,0, 330, False, 1
2081,0, 330, False, 1
2082,0, 330, False, 1
2083,0, 330, False, 1
2084,0, 330, False, 1
2085,0, 330, False, 1
2086,0, 330, False, 1
2087,0, 330, False, 1
2088,0, 330, False, 1
2089,0, 330, False, 1
2090,0, 330, False, 1
2091,0, 330, False, 1
2092,0, 330, False, 1
2093,0, 330, False, 1
2094,0, 330, False, 0
2095,0, 330, False, 0
2096,0, 330, False, 0
2097,0, 330, False, 0
2098,0, 330, False, 0
2099,0, 330, False, 1
2100,0, 330, False, 12
2101,0, 330, False, 12
2102,0, 330, False, 12
2103,0, 330, False, 12
2104,0, 330, False, 12
2105,0, 330, False, 12
2106,0, 330, False, 12
2107,0, 330, False, 12
2108,0, 330, False, 4
2109,0, 330, False, 4
2110,0, 330, False, 0
2111,0, 330, False, 0
2112,0, 330, False, 0
2113,0, 330, False, 0
2114,0, 330, False, 1
2115,0, 330, False, 1
2116,0, 330, False, 1
2117,0, 330, False, 1
2118,0, 330, False, 1
2119,0, 330, False, 1
2120,0, 330, False, 1
2121,0, 330, False, 0
2122,0, 330, False, 0
2123,0, 330, False, 0
2124,0, 330, False, 0
2125,0, 330, False, 0
2126,0, 330, False, 0
2127,0, 330, False, 1
2128,0, 330, False, 1
2129,0, 330, False, 1
2130,10, 340, False, 1
2131,0, 340, False, 1
2132,0, 340, False, 1
2133,0, 340, False, 1
2134,0, 340, False, 1
2135,0, 340, False, 0
2136,0, 340, False, 0
2137,0, 340, False, 0
2138,0, 340, False, 0
2139,0, 340, False, 0
2140,0, 340, False, 1
2141,0, 340, False, 1
2142,0, 340, False, 1
2143,0, 340, False, 1
2144,0, 340, False, 1
2145,0, 340, False, 1
2146,0, 340, False, 1
2147,0, 340, False, 1
2148,0, 340, False, 0
2149,0, 340, False, 0
2150,0, 340, False, 0
2151,0, 340, False, 0
2152,0, 340, False, 0
2153,0, 340, False, 0
2154,15, 355, False, 1
2155,0, 355, False, 1
2156,0, 355, False, 1
2157,0, 355, False, 1
2158,0, 355, False, 1
2159,0, 355, False, 1
2160,0, 355, False, 1
2161,0, 355, False, 0
2162,0, 355, False, 0
2163,0, 355, False, 0
2164,0, 355, False, 0
2165,0, 355, False, 0
2166,0, 355, False, 0
2167,0, 355, False, 0
2168,0, 355, False, 0
2169,0, 355, False, 0
2170,0, 355, False, 0
2171,0, 355, False, 0
2172,0, 355, False, 0
2173,0, 355, False, 0
2174,0, 355, False, 1
2175,0, 355, False, 1
2176,0, 355, False, 1
2177,0, 355, False, 1
2178,0, 355, False, 1
2179,0, 355, False, 1
2180,0, 355, False, 1
2181,0, 355, False, 1
2182,0, 355, False, 0
2183,0, 355, False, 0
2184,0, 355, False, 0
2185,0, 355, False, 0
2186,0, 355, False, 0
2187,0, 355, False, 0
2188,0, 355, False, 0
2189,0, 355, False, 0
2190,0, 355, False, 0
2191,0, 355, False, 0
2192,0, 355, False, 0
2193,0, 355, False, 0
2194,0, 355, False, 0
2195,0, 355, False, 0
2196,0, 355, False, 0
2197,0, 355, False, 0
2198,0, 355, False, 0
2199,0, 355, False, 0
2200,0, 355, False, 0
2201,0, 355, False, 3
2202,0, 355, False, 3
2203,0, 355, False, 3
2204,0, 355, False, 3
2205,0, 355, False, 3
2206,0, 355, False, 3
2207,0, 355, False, 3
2208,0, 355, False, 3
2209,0, 355, False, 3
2210,0, 355, False, 3
2211,0, 355, False, 3
2212,0, 355, False, 3
2213,0, 355, False, 3
2214,0, 355, False, 3
2215,0, 355, False, 3
2216,0, 355, False, 3
2217,0, 355, False, 3
2218,0, 355, False, 3
2219,0, 355, False, 3
2220,0, 355, False, 3
2221,0, 355, False, 3
2222,0, 355, False, 3
2223,0, 355, False, 3
2224,0, 355, False, 3
2225,0, 355, False, 3
2226,0, 355, False, 3
2227,0, 355, False, 3
2228,0, 355, False, 3
2229,0, 355, False, 3
2230,0, 355, False, 3
2231,0, 355, False, 3
2232,0, 355, False, 3
2233,0, 355, False, 3
2234,0, 355, False, 3
2235,0, 355, False, 3
2236,0, 355, False, 3
2237,0, 355, False, 3
2238,0, 355, False, 3
2239,0, 355, False, 3
2240,0, 355, False, 3
2241,0, 355, False, 3
2242,0, 355, False, 3
2243,0, 355, False, 3
2244,0, 355, False, 3
2245,0, 355, False, 3
2246,0, 355, False, 3
2247,0, 355, False, 3
2248,0, 355, False, 3
2249,0, 355, False, 3
2250,0, 355, False, 3
2251,0, 355, False, 3
2252,0, 355, False, 3
2253,0, 355, False, 3
2254,0, 355, False, 3
2255,0, 355, False, 3
2256,0, 355, False, 3
2257,0, 355, False, 3
2258,0, 355, False, 3
2259,0, 355, False, 3
2260,0, 355, False, 3
2261,0, 355, False, 3
2262,0, 355, False, 3
2263,0, 355, False, 3
2264,0, 355, False, 11
2265,0, 355, False, 11
2266,0, 355, False, 11
2267,0, 355, False, 11
2268,0, 355, False, 1
2269,0, 355, False, 1
2270,0, 355, False, 0
2271,0, 355, False, 0
2272,0, 355, False, 0
2273,0, 355, False, 0
2274,0, 355, False, 1
2275,0, 355, False, 1
2276,0, 355, False, 1
2277,0, 355, False, 1
2278,0, 355, False, 1
2279,0, 355, False, 1
2280,0, 355, False, 1
2281,0, 355, False, 1
2282,0, 355, False, 1
2283,0, 355, False, 0
2284,0, 355, False, 0
2285,0, 355, False, 0
2286,0, 355, False, 0
2287,0, 355, False, 0
2288,15, 370, False, 0
2289,0, 370, False, 1
2290,0, 370, False, 1
2291,0, 370, False, 1
2292,0, 370, False, 1
2293,0, 370, False, 1
2294,0, 370, False, 1
2295,0, 370, False, 1
2296,0, 370, False, 1
2297,0, 370, False, 0
2298,0, 370, False, 0
2299,0, 370, False, 0
2300,0, 370, False, 1
2301,0, 370, False, 1
2302,0, 370, False, 1
2303,0, 370, False, 1
2304,0, 370, False, 1
2305,0, 370, False, 1
2306,0, 370, False, 1
2307,0, 370, False, 1
2308,0, 370, False, 1
2309,0, 370, False, 1
2310,0, 370, False, 0
2311,0, 370, False, 0
2312,0, 370, False, 0
2313,0, 370, False, 0
2314,0, 370, False, 0
2315,0, 370, False, 0
2316,0, 370, False, 1
2317,0, 370, False, 1
2318,0, 370, False, 1
2319,0, 370, False, 1
2320,20, 390, False, 1
2321,0, 390, False, 1
2322,0, 390, False, 1
2323,0, 390, False, 1
2324,0, 390, False, 1
2325,0, 390, False, 1
2326,0, 390, False, 0
2327,0, 390, False, 0
2328,0, 390, False, 0
2329,0, 390, False, 0
2330,0, 390, False, 0
2331,0, 390, False, 1
2332,0, 390, False, 1
2333,0, 390, False, 1
2334,0, 390, False, 1
2335,0, 390, False, 1
2336,0, 390, False, 1
2337,0, 390, False, 1
2338,0, 390, False, 1
2339,0, 390, False, 1
2340,0, 390, False, 12
2341,0, 390, False, 12
2342,0, 390, False, 4
2343,0, 390, False, 4
2344,0, 390, False, 4
2345,0, 390, False, 4
2346,0, 390, False, 4
2347,0, 390, False, 4
2348,0, 390, False, 4
2349,0, 390, False, 4
2350,0, 390, False, 4
2351,0, 390, False, 4
2352,0, 390, False, 4
2353,0, 390, False, 4
2354,0, 390, False, 4
2355,0, 390, False, 4
2356,0, 390, False, 4
2357,0, 390, False, 4
2358,0, 390, False, 12
2359,0, 390, False, 12
2360,0, 390, False, 12
2361,0, 390, False, 12
2362,0, 390, False, 12
2363,0, 390, False, 12
2364,0, 390, False, 1
2365,0, 390, False, 1
2366,0, 390, False, 1
2367,0, 390, False, 1
2368,0, 390, False, 0
2369,0, 390, False, 0
2370,0, 390, False, 0
2371,0, 390, False, 0
2372,0, 390, False, 0
2373,0, 390, False, 0
2374,0, 390, False, 0
2375,0, 390, False, 0
2376,0, 390, False, 1
2377,0, 390, False, 1
2378,0, 390, False, 1
2379,0, 390, False, 1
2380,0, 390, False, 1
2381,0, 390, False, 1
2382,0, 390, False, 1
2383,0, 390, False, 1
2384,0, 390, False, 1
2385,0, 390, False, 0
2386,0, 390, False, 0
2387,0, 390, False, 0
2388,0, 390, False, 0
2389,0, 390, False, 3
2390,0, 390, False, 3
2391,0, 390, False, 0
2392,0, 390, False, 0
2393,0, 390, False, 0
2394,0, 390, False, 0
2395,0, 390, False, 0
2396,0, 390, False, 0
2397,0, 390, False, 0
2398,0, 390, False, 0
2399,0, 390, False, 0
2400,0, 390, False, 0
2401,0, 390, False, 0
2402,0, 390, False, 0
2403,0, 390, False, 0
2404,0, 390, False, 0
2405,0, 390, False, 0
2406,0, 390, False, 0
2407,0, 390, False, 0
2408,0, 390, False, 0
2409,0, 390, False, 0
2410,0, 390, False, 0
2411,0, 390, False, 0
2412,0, 390, False, 0
2413,0, 390, False, 0
2414,0, 390, False, 4
2415,0, 390, False, 4
2416,0, 390, False, 4
2417,0, 390, False, 4
2418,0, 390, False, 4
2419,0, 390, False, 4
2420,0, 390, False, 4
2421,0, 390, False, 4
2422,0, 390, False, 4
2423,0, 390, False, 4
2424,0, 390, False, 4
2425,0, 390, False, 4
2426,0, 390, False, 4
2427,0, 390, False, 4
2428,0, 390, False, 4
2429,0, 390, False, 4
2430,0, 390, False, 4
2431,0, 390, False, 4
2432,0, 390, False, 4
2433,0, 390, False, 4
2434,0, 390, False, 4
2435,0, 390, False, 4
2436,0, 390, False, 4
2437,0, 390, False, 4
2438,0, 390, False, 4
2439,0, 390, False, 4
2440,0, 390, False, 4
2441,0, 390, False, 4
2442,0, 390, False, 4
2443,0, 390, False, 4
2444,0, 390, False, 4
2445,0, 390, False, 4
2446,0, 390, False, 4
2447,0, 390, False, 4
2448,0, 390, False, 4
2449,0, 390, False, 4
2450,0, 390, False, 4
2451,0, 390, False, 4
2452,0, 390, False, 4
2453,0, 390, False, 4
2454,0, 390, False, 4
2455,0, 390, False, 4
2456,0, 390, False, 4
2457,0, 390, False, 4
2458,0, 390, False, 4
2459,0, 390, False, 4
2460,0, 390, False, 4
2461,0, 390, False, 4
2462,0, 390, False, 4
2463,0, 390, False, 4
2464,0, 390, False, 4
2465,0, 390, False, 4
2466,0, 390, False, 4
2467,0, 390, False, 4
2468,0, 390, False, 4
2469,0, 390, False, 4
2470,0, 390, False, 4
2471,0, 390, False, 4
2472,0, 390, False, 4
2473,0, 390, False, 4
2474,0, 390, False, 4
2475,0, 390, False, 4
2476,0, 390, False, 4
2477,0, 390, False, 4
2478,0, 390, False, 4
2479,0, 390, False, 4
2480,0, 390, False, 4
2481,0, 390, False, 4
2482,0, 390, False, 12
2483,0, 390, False, 12
2484,0, 390, False, 12
2485,0, 390, False, 12
2486,0, 390, False, 12
2487,0, 390, False, 12
2488,0, 390, False, 12
2489,0, 390, False, 4
2490,0, 390, False, 4
2491,0, 390, False, 4
2492,0, 390, False, 4
2493,0, 390, False, 4
2494,0, 390, False, 4
2495,0, 390, False, 4
2496,0, 390, False, 4
2497,0, 390, False, 4
2498,0, 390, False, 4
2499,0, 390, False, 4
2500,0, 390, False, 4
2501,0, 390, False, 4
2502,0, 390, False, 4
2503,0, 390, False, 4
2504,0, 390, False, 4
2505,0, 390, False, 4
2506,0, 390, False, 4
2507,0, 390, False, 4
2508,0, 390, False, 4
2509,0, 390, False, 4
2510,20, 410, False, 4
2511,0, 410, False, 4
2512,0, 410, False, 4
2513,0, 410, False, 4
2514,0, 410, False, 4
2515,0, 410, False, 4
2516,0, 410, False, 4
2517,0, 410, False, 4
2518,0, 410, False, 4
2519,0, 410, False, 4
2520,0, 410, False, 4
2521,0, 410, False, 4
2522,0, 410, False, 4
2523,0, 410, False, 4
2524,0, 410, False, 4
2525,0, 410, False, 4
2526,0, 410, False, 4
2527,0, 410, False, 4
2528,0, 410, False, 4
2529,0, 410, False, 4
2530,0, 410, False, 4
2531,0, 410, False, 4
2532,0, 410, False, 4
2533,0, 410, False, 4
2534,0, 410, False, 4
2535,0, 410, False, 4
2536,0, 410, False, 4
2537,0, 410, False, 4
2538,0, 410, False, 4
2539,0, 410, False, 4
2540,0, 410, False, 4
2541,0, 410, False, 4
2542,0, 410, False, 4
2543,0, 410, False, 4
2544,0, 410, False, 4
2545,0, 410, False, 4
2546,0, 410, False, 12
2547,0, 410, False, 12
2548,0, 410, False, 12
2549,0, 410, False, 12
2550,0, 410, False, 1
2551,0, 410, False, 1
2552,0, 410, False, 1
2553,0, 410, False, 1
2554,0, 410, False, 1
2555,0, 410, False, 1
2556,0, 410, False, 1
2557,0, 410, False, 1
2558,0, 410, False, 1
2559,0, 410, False, 1
2560,0, 410, False, 1
2561,0, 410, False, 0
2562,0, 410, False, 0
2563,0, 410, False, 0
2564,15, 425, False, 4
2565,0, 425, False, 4
2566,0, 425, False, 4
2567,0, 425, False, 4
2568,0, 425, False, 4
2569,0, 425, False, 4
2570,0, 425, False, 4
2571,0, 425, False, 4
2572,0, 425, False, 4
2573,0, 425, False, 4
2574,0, 425, False, 4
2575,0, 425, False, 1
2576,0, 425, False, 1
2577,0, 425, False, 1
2578,0, 425, False, 1
2579,0, 425, False, 1
2580,0, 425, False, 1
2581,0, 425, False, 1
2582,0, 425, False, 1
2583,0, 425, False, 0
2584,0, 425, False, 0
2585,0, 425, False, 0
2586,0, 425, False, 0
2587,0, 425, False, 0
2588,0, 425, False, 1
2589,0, 425, False, 1
2590,0, 425, False, 1
2591,0, 425, False, 1
2592,0, 425, False, 1
2593,0, 425, False, 1
2594,0, 425, False, 1
2595,0, 425, False, 1
2596,0, 425, False, 1
2597,0, 425, False, 1
2598,0, 425, False, 0
2599,0, 425, False, 0
2600,0, 425, False, 4
2601,0, 425, False, 4
2602,20, 445, False, 4
2603,0, 445, False, 4
2604,0, 445, False, 4
2605,0, 445, False, 4
2606,0, 445, False, 4
2607,0, 445, False, 4
2608,0, 445, False, 4
2609,0, 445, False, 4
2610,0, 445, False, 4
2611,0, 445, False, 4
2612,0, 445, False, 4
2613,0, 445, False, 4
2614,0, 445, False, 4
2615,0, 445, False, 12
2616,0, 445, False, 1
2617,0, 445, False, 1
2618,0, 445, False, 1
2619,0, 445, False, 1
2620,0, 445, False, 1
2621,0, 445, False, 1
2622,0, 445, False, 1
2623,0, 445, False, 1
2624,0, 445, False, 1
2625,0, 445, False, 0
2626,0, 445, False, 0
2627,0, 445, False, 0
2628,0, 445, False, 0
2629,0, 445, False, 0
2630,0, 445, False, 0
2631,0, 445, False, 0
2632,0, 445, False, 0
2633,0, 445, False, 0
2634,0, 445, False, 0
2635,0, 445, False, 0
2636,0, 445, False, 0
2637,0, 445, False, 0
2638,0, 445, False, 0
2639,0, 445, False, 0
2640,0, 445, False, 0
2641,0, 445, False, 0
2642,0, 445, False, 0
2643,0, 445, False, 0
2644,0, 445, False, 0
2645,0, 445, False, 0
2646,0, 445, False, 0
2647,0, 445, False, 0
2648,0, 445, False, 3
2649,0, 445, False, 3
2650,0, 445, False, 3
2651,0, 445, False, 3
2652,0, 445, False, 3
2653,0, 445, False, 3
2654,0, 445, False, 3
2655,0, 445, False, 3
2656,0, 445, False, 3
2657,0, 445, False, 3
2658,0, 445, False, 3
2659,0, 445, False, 3
2660,0, 445, False, 3
2661,0, 445, False, 3
2662,0, 445, False, 3
2663,0, 445, False, 3
2664,0, 445, False, 3
2665,0, 445, False, 3
2666,0, 445, False, 3
2667,0, 445, False, 3
2668,0, 445, False, 3
2669,0, 445, False, 3
2670,0, 445, False, 3
2671,0, 445, False, 3
2672,0, 445, False, 3
2673,0, 445, False, 3
2674,0, 445, False, 3
2675,0, 445, False, 3
2676,0, 445, False, 3
2677,0, 445, False, 3
2678,0, 445, False, 3
2679,0, 445, False, 3
2680,0, 445, False, 3
2681,0, 445, False, 3
2682,0, 445, False, 11
2683,0, 445, False, 11
2684,0, 445, False, 11
2685,0, 445, False, 11
2686,0, 445, False, 11
2687,0, 445, False, 11
2688,0, 445, False, 11
2689,0, 445, False, 11
2690,0, 445, False, 11
2691,0, 445, False, 3
2692,0, 445, False, 3
2693,0, 445, False, 3
2694,0, 445, False, 3
2695,0, 445, False, 3
2696,0, 445, False, 3
2697,0, 445, False, 3
2698,0, 445, False, 3
2699,0, 445, False, 3
2700,0, 445, False, 3
2701,0, 445, False, 3
2702,0, 445, False, 3
2703,0, 445, False, 3
2704,0, 445, False, 3
2705,0, 445, False, 3
2706,0, 445, False, 11
2707,0, 445, False, 11
2708,0, 445, False, 11
2709,0, 445, False, 11
2710,0, 445, False, 11
2711,0, 445, False, 11
2712,0, 445, False, 11
2713,0, 445, False, 11
2714,0, 445, False, 11
2715,0, 445, False, 11
2716,0, 445, False, 3
2717,0, 445, False, 3
2718,0, 445, False, 3
2719,0, 445, False, 3
2720,0, 445, False, 3
2721,0, 445, False, 3
2722,0, 445, False, 3
2723,0, 445, False, 3
2724,0, 445, False, 3
2725,0, 445, False, 3
2726,0, 445, False, 3
2727,0, 445, False, 3
2728,0, 445, False, 3
2729,0, 445, False, 3
2730,0, 445, False, 3
2731,0, 445, False, 3
2732,0, 445, False, 3
2733,0, 445, False, 3
2734,0, 445, False, 3
2735,0, 445, False, 3
2736,0, 445, False, 3
2737,0, 445, False, 3
2738,0, 445, False, 3
2739,0, 445, False, 3
2740,25, 470, False, 3
2741,0, 470, False, 3
2742,0, 470, False, 3
2743,0, 470, False, 3
2744,0, 470, False, 3
2745,0, 470, False, 3
2746,0, 470, False, 3
2747,0, 470, False, 3
2748,0, 470, False, 3
2749,0, 470, False, 3
2750,0, 470, False, 3
2751,0, 470, False, 3
2752,0, 470, False, 3
2753,0, 470, False, 3
2754,0, 470, False, 3
2755,0, 470, False, 3
2756,0, 470, False, 3
2757,0, 470, False, 3
2758,0, 470, False, 3
2759,0, 470, False, 3
2760,0, 470, False, 3
2761,0, 470, False, 3
2762,0, 470, False, 3
2763,0, 470, False, 3
2764,0, 470, False, 3
2765,0, 470, False, 3
2766,0, 470, False, 3
2767,0, 470, False, 3
2768,0, 470, False, 3
2769,0, 470, False, 3
2770,0, 470, False, 3
2771,0, 470, False, 3
2772,0, 470, False, 3
2773,0, 470, False, 3
2774,0, 470, False, 3
2775,0, 470, False, 3
2776,0, 470, False, 3
2777,0, 470, False, 3
2778,0, 470, False, 3
2779,0, 470, False, 3
2780,0, 470, False, 3
2781,0, 470, False, 3
2782,0, 470, False, 3
2783,0, 470, False, 3
2784,0, 470, False, 3
2785,0, 470, False, 3
2786,0, 470, False, 3
2787,0, 470, False, 3
2788,0, 470, False, 3
2789,0, 470, False, 3
2790,0, 470, False, 3
2791,0, 470, False, 3
2792,0, 470, False, 3
2793,0, 470, False, 3
2794,0, 470, False, 3
2795,0, 470, False, 3
2796,0, 470, False, 3
2797,0, 470, False, 3
2798,0, 470, False, 3
2799,0, 470, False, 3
2800,0, 470, False, 3
2801,0, 470, False, 3
2802,0, 470, False, 3
2803,0, 470, False, 3
2804,0, 470, False, 11
2805,0, 470, False, 11
2806,0, 470, False, 11
2807,0, 470, False, 11
2808,0, 470, False, 11
2809,0, 470, False, 11
2810,0, 470, False, 11
2811,0, 470, False, 11
2812,0, 470, False, 11
2813,0, 470, False, 11
2814,0, 470, False, 11
2815,0, 470, False, 11
2816,0, 470, False, 11
2817,0, 470, False, 11
2818,0, 470, False, 11
2819,0, 470, False, 11
2820,0, 470, False, 11
2821,0, 470, False, 11
2822,20, 490, False, 11
2823,0, 490, False, 3
2824,0, 490, False, 3
2825,0, 490, False, 0
2826,0, 490, False, 0
2827,0, 490, False, 0
2828,0, 490, False, 0
2829,0, 490, False, 0
2830,0, 490, False, 0
2831,0, 490, False, 3
2832,0, 490, False, 3
2833,0, 490, False, 3
2834,0, 490, False, 3
2835,0, 490, False, 3
2836,0, 490, False, 3
2837,0, 490, False, 3
2838,0, 490, False, 3
2839,0, 490, False, 3
2840,0, 490, False, 3
2841,0, 490, False, 3
2842,0, 490, False, 3
2843,0, 490, False, 3
2844,0, 490, False, 3
2845,0, 490, False, 3
2846,0, 490, False, 3
2847,0, 490, False, 3
2848,0, 490, False, 3
2849,0, 490, False, 3
2850,0, 490, False, 3
2851,0, 490, False, 3
2852,0, 490, False, 3
2853,0, 490, False, 3
2854,0, 490, False, 3
2855,0, 490, False, 3
2856,0, 490, False, 3
2857,0, 490, False, 3
2858,0, 490, False, 3
2859,0, 490, False, 3
2860,0, 490, False, 3
2861,0, 490, False, 0
2862,0, 490, False, 4
2863,0, 490, False, 4
2864,0, 490, False, 4
2865,0, 490, False, 4
2866,0, 490, False, 12
2867,0, 490, False, 12
2868,0, 490, False, 12
2869,0, 490, False, 12
2870,0, 490, False, 12
2871,0, 490, False, 12
2872,0, 490, False, 12
2873,0, 490, False, 12
2874,0, 490, False, 12
2875,0, 490, False, 12
2876,0, 490, False, 12
2877,0, 490, False, 12
2878,0, 490, False, 12
2879,0, 490, False, 12
2880,0, 490, False, 12
2881,0, 490, False, 12
2882,0, 490, False, 12
2883,0, 490, False, 12
2884,0, 490, False, 12
2885,0, 490, False, 12
2886,0, 490, False, 12
2887,0, 490, False, 12
2888,0, 490, False, 12
2889,0, 490, False, 12
2890,0, 490, False, 12
2891,0, 490, False, 12
2892,0, 490, False, 12
2893,0, 490, False, 12
2894,0, 490, False, 12
2895,0, 490, False, 12
2896,0, 490, False, 12
2897,0, 490, False, 12
2898,0, 490, False, 4
2899,0, 490, False, 4
2900,0, 490, False, 0
2901,0, 490, False, 0
2902,30, 520, False, 0
2903,0, 520, False, 0
2904,0, 520, False, 0
2905,0, 520, False, 1
2906,0, 520, False, 1
2907,0, 520, False, 1
2908,0, 520, False, 1
2909,0, 520, False, 1
2910,0, 520, False, 1
2911,0, 520, False, 1
2912,0, 520, False, 1
2913,0, 520, False, 12
2914,0, 520, False, 12
2915,0, 520, False, 12
2916,0, 520, False, 12
2917,0, 520, False, 12
2918,0, 520, False, 12
2919,0, 520, False, 4
2920,0, 520, False, 4
2921,0, 520, False, 4
2922,0, 520, False, 4
2923,0, 520, False, 4
2924,0, 520, False, 4
2925,0, 520, False, 4
2926,0, 520, False, 4
2927,0, 520, False, 4
2928,0, 520, False, 4
2929,0, 520, False, 4
2930,0, 520, False, 4
2931,0, 520, False, 4
2932,0, 520, False, 4
2933,0, 520, False, 4
2934,0, 520, False, 4
2935,0, 520, False, 4
2936,0, 520, False, 4
2937,0, 520, False, 4
2938,0, 520, False, 4
2939,0, 520, False, 0
2940,0, 520, False, 0
2941,0, 520, False, 0
2942,0, 520, False, 1
2943,0, 520, False, 1
2944,0, 520, False, 12
2945,0, 520, False, 12
2946,0, 520, False, 12
2947,0, 520, False, 12
2948,0, 520, False, 12
2949,0, 520, False, 12
2950,0, 520, False, 4
2951,0, 520, False, 0
2952,0, 520, False, 0
2953,0, 520, False, 0
2954,0, 520, False, 0
2955,0, 520, False, 0
2956,0, 520, False, 1
2957,0, 520, False, 11
2958,0, 520, False, 11
2959,0, 520, False, 11
2960,0, 520, False, 11
2961,0, 520, False, 11
2962,0, 520, False, 11
2963,0, 520, False, 11
2964,0, 520, False, 11
2965,0, 520, False, 11
2966,0, 520, False, 3
2967,0, 520, False, 3
2968,0, 520, False, 3
2969,0, 520, False, 3
2970,0, 520, False, 3
2971,0, 520, False, 3
2972,0, 520, False, 3
2973,0, 520, False, 3
2974,0, 520, False, 3
2975,0, 520, False, 3
2976,0, 520, False, 3
2977,0, 520, False, 3
2978,0, 520, False, 3
2979,0, 520, False, 3
2980,0, 520, False, 3
2981,0, 520, False, 3
2982,0, 520, False, 3
2983,0, 520, False, 3
2984,0, 520, False, 3
2985,0, 520, False, 3
2986,0, 520, False, 3
2987,0, 520, False, 3
2988,0, 520, False, 3
2989,0, 520, False, 3
2990,0, 520, False, 3
2991,0, 520, False, 3
2992,0, 520, False, 3
2993,0, 520, False, 3
2994,0, 520, False, 3
2995,0, 520, False, 3
2996,0, 520, False, 3
2997,0, 520, False, 3
2998,0, 520, False, 3
2999,0, 520, False, 11
3000,0, 520, False, 11
3001,0, 520, False, 11
3002,0, 520, False, 11
3003,0, 520, False, 11
3004,0, 520, False, 11
3005,0, 520, False, 11
3006,0, 520, False, 11
3007,0, 520, False, 11
3008,0, 520, False, 3
3009,0, 520, False, 3
3010,0, 520, False, 3
3011,0, 520, False, 3
3012,0, 520, False, 0
3013,0, 520, False, 0
3014,0, 520, False, 1
3015,0, 520, False, 1
3016,0, 520, False, 1
3017,0, 520, False, 1
3018,0, 520, False, 11
3019,0, 520, False, 11
3020,0, 520, False, 11
3021,0, 520, False, 11
3022,25, 545, False, 11
3023,0, 545, False, 11
3024,0, 545, False, 3
3025,0, 545, False, 3
3026,0, 545, False, 3
3027,0, 545, False, 3
3028,0, 545, False, 3
3029,0, 545, False, 3
3030,0, 545, False, 3
3031,0, 545, False, 3
3032,0, 545, False, 3
3033,0, 545, False, 3
3034,0, 545, False, 3
3035,0, 545, False, 11
3036,0, 545, False, 11
3037,0, 545, False, 11
3038,0, 545, False, 11
3039,0, 545, False, 11
3040,0, 545, False, 11
3041,0, 545, False, 11
3042,0, 545, False, 11
3043,0, 545, False, 11
3044,0, 545, False, 3
3045,0, 545, False, 3
3046,0, 545, False, 0
3047,0, 545, False, 0
3048,0, 545, False, 4
3049,0, 545, False, 4
3050,0, 545, False, 4
3051,0, 545, False, 4
3052,0, 545, False, 4
3053,0, 545, False, 4
3054,0, 545, False, 4
3055,0, 545, False, 4
3056,0, 545, False, 4
3057,0, 545, False, 4
3058,0, 545, False, 4
3059,0, 545, False, 4
3060,0, 545, False, 4
3061,0, 545, False, 4
3062,0, 545, False, 4
3063,0, 545, False, 4
3064,0, 545, False, 4
3065,0, 545, False, 4
3066,0, 545, False, 4
3067,0, 545, False, 4
3068,0, 545, False, 4
3069,0, 545, False, 4
3070,0, 545, False, 4
3071,0, 545, False, 4
3072,0, 545, False, 4
3073,0, 545, False, 4
3074,0, 545, False, 4
3075,0, 545, False, 4
3076,0, 545, False, 4
3077,0, 545, False, 4
3078,0, 545, False, 4
3079,0, 545, False, 4
3080,0, 545, False, 4
3081,0, 545, False, 4
3082,0, 545, False, 4
3083,0, 545, False, 4
3084,0, 545, False, 4
3085,0, 545, False, 4
3086,0, 545, False, 4
3087,0, 545, False, 4
3088,0, 545, False, 4
3089,0, 545, False, 4
3090,0, 545, False, 4
3091,0, 545, False, 4
3092,0, 545, False, 4
3093,0, 545, False, 4
3094,0, 545, False, 4
3095,0, 545, False, 4
3096,0, 545, False, 4
3097,0, 545, False, 4
3098,0, 545, False, 4
3099,0, 545, False, 4
3100,0, 545, False, 4
3101,0, 545, False, 4
3102,0, 545, False, 4
3103,0, 545, False, 4
3104,0, 545, False, 4
3105,0, 545, False, 4
3106,0, 545, False, 4
3107,0, 545, False, 4
3108,0, 545, False, 4
3109,0, 545, False, 4
3110,0, 545, False, 4
3111,0, 545, False, 4
3112,0, 545, False, 4
3113,0, 545, False, 4
3114,0, 545, False, 4
3115,0, 545, False, 4
3116,0, 545, False, 4
3117,0, 545, False, 4
3118,0, 545, False, 0
3119,0, 545, False, 0
3120,0, 545, False, 3
3121,0, 545, False, 3
3122,0, 545, False, 3
3123,0, 545, False, 3
3124,0, 545, False, 3
3125,0, 545, False, 3
3126,0, 545, False, 3
3127,0, 545, False, 3
3128,0, 545, False, 3
3129,0, 545, False, 3
3130,0, 545, False, 3
3131,0, 545, False, 3
3132,0, 545, False, 3
3133,0, 545, False, 1
3134,0, 545, False, 1
3135,0, 545, False, 1
3136,0, 545, False, 1
3137,0, 545, False, 1
3138,0, 545, False, 1
3139,0, 545, False, 1
3140,0, 545, False, 1
3141,0, 545, False, 1
3142,0, 545, False, 0
3143,0, 545, False, 0
3144,0, 545, False, 0
3145,0, 545, False, 0
3146,0, 545, False, 0
3147,0, 545, False, 0
3148,0, 545, False, 0
3149,0, 545, False, 0
3150,0, 545, False, 0
3151,0, 545, False, 0
3152,0, 545, False, 0
3153,0, 545, False, 0
3154,0, 545, False, 0
3155,0, 545, False, 0
3156,0, 545, False, 0
3157,0, 545, False, 0
3158,0, 545, False, 0
3159,0, 545, False, 0
3160,0, 545, False, 0
3161,0, 545, False, 4
3162,0, 545, False, 4
3163,0, 545, False, 4
3164,0, 545, False, 4
3165,0, 545, False, 4
3166,0, 545, False, 4
3167,0, 545, False, 4
3168,0, 545, False, 4
3169,0, 545, False, 4
3170,0, 545, False, 4
3171,0, 545, False, 4
3172,0, 545, False, 4
3173,0, 545, False, 0
3174,0, 545, False, 0
3175,0, 545, False, 0
3176,0, 545, False, 0
3177,0, 545, False, 0
3178,0, 545, False, 0
3179,0, 545, False, 0
3180,0, 545, False, 0
3181,0, 545, False, 0
3182,0, 545, False, 1
3183,0, 545, False, 1
3184,0, 545, False, 1
3185,0, 545, False, 1
3186,0, 545, False, 1
3187,0, 545, False, 1
3188,0, 545, False, 1
3189,0, 545, False, 1
3190,0, 545, False, 1
3191,0, 545, False, 1
3192,0, 545, False, 4
3193,0, 545, False, 4
3194,0, 545, False, 4
3195,0, 545, False, 4
3196,0, 545, False, 4
3197,0, 545, False, 4
3198,0, 545, False, 12
3199,0, 545, False, 12
3200,0, 545, False, 12
3201,0, 545, False, 12
3202,0, 545, False, 12
3203,0, 545, False, 12
3204,0, 545, False, 12
3205,0, 545, False, 12
3206,0, 545, False, 1
3207,0, 545, False, 1
3208,0, 545, False, 1
3209,0, 545, False, 1
3210,0, 545, False, 1
3211,0, 545, False, 11
3212,0, 545, False, 11
3213,0, 545, False, 11
3214,0, 545, False, 11
3215,0, 545, False, 3
3216,0, 545, False, 3
3217,0, 545, False, 3
3218,0, 545, False, 3
3219,0, 545, False, 3
3220,0, 545, False, 3
3221,0, 545, False, 0
3222,0, 545, False, 0
3223,0, 545, False, 0
3224,0, 545, False, 0
3225,0, 545, False, 0
3226,0, 545, False, 0
3227,0, 545, False, 0
3228,0, 545, False, 0
3229,0, 545, False, 4
3230,0, 545, False, 4
3231,0, 545, False, 4
3232,0, 545, False, 4
3233,0, 545, False, 4
3234,0, 545, False, 4
3235,0, 545, False, 4
3236,0, 545, False, 4
3237,0, 545, False, 4
3238,0, 545, False, 4
3239,0, 545, False, 4
3240,0, 545, False, 4
3241,0, 545, False, 4
3242,0, 545, False, 4
3243,0, 545, False, 4
3244,0, 545, False, 4
3245,0, 545, False, 4
3246,0, 545, False, 4
3247,0, 545, False, 4
3248,0, 545, False, 4
3249,0, 545, False, 4
3250,0, 545, False, 4
3251,0, 545, False, 4
3252,0, 545, False, 4
3253,0, 545, False, 4
3254,0, 545, False, 4
3255,0, 545, False, 4
3256,0, 545, False, 4
3257,0, 545, False, 4
3258,0, 545, False, 4
3259,0, 545, False, 4
3260,0, 545, False, 4
3261,0, 545, False, 4
3262,0, 545, False, 4
3263,0, 545, False, 0
3264,0, 545, False, 0
3265,0, 545, False, 0
3266,0, 545, False, 0
3267,0, 545, False, 0
3268,0, 545, False, 0
3269,0, 545, False, 0
3270,0, 545, False, 0
3271,0, 545, False, 0
3272,0, 545, False, 0
3273,0, 545, False, 1
3274,0, 545, False, 1
3275,0, 545, False, 1
3276,0, 545, False, 1
3277,0, 545, False, 1
3278,0, 545, False, 1
3279,0, 545, False, 1
3280,0, 545, False, 1
3281,0, 545, False, 1
3282,0, 545, False, 11
3283,0, 545, False, 11
3284,25, 570, False, 3
3285,0, 570, False, 3
3286,0, 570, False, 3
3287,0, 570, False, 3
3288,0, 570, False, 3
3289,0, 570, False, 3
3290,0, 570, False, 3
3291,0, 570, False, 3
3292,0, 570, False, 3
3293,0, 570, False, 3
3294,0, 570, False, 3
3295,0, 570, False, 3
3296,0, 570, False, 3
3297,0, 570, False, 3
3298,0, 570, False, 3
3299,0, 570, False, 3
3300,0, 570, False, 3
3301,0, 570, False, 3
3302,0, 570, False, 3
3303,0, 570, False, 3
3304,0, 570, False, 3
3305,0, 570, False, 11
3306,0, 570, False, 11
3307,0, 570, False, 11
3308,0, 570, False, 11
3309,0, 570, False, 11
3310,0, 570, False, 11
3311,0, 570, False, 11
3312,0, 570, False, 11
3313,0, 570, False, 0
3314,0, 570, False, 0
3315,0, 570, False, 4
3316,0, 570, False, 4
3317,0, 570, False, 4
3318,0, 570, False, 4
3319,0, 570, False, 4
3320,0, 570, False, 4
3321,0, 570, False, 4
3322,0, 570, False, 4
3323,0, 570, False, 4
3324,0, 570, False, 4
3325,0, 570, False, 4
3326,0, 570, False, 4
3327,0, 570, False, 0
3328,0, 570, False, 0
3329,0, 570, False, 0
3330,0, 570, False, 0
3331,0, 570, False, 0
3332,0, 570, False, 0
3333,0, 570, False, 0
3334,0, 570, False, 0
3335,0, 570, False, 3
3336,0, 570, False, 3
3337,0, 570, False, 3
3338,0, 570, False, 3
3339,0, 570, False, 3
3340,0, 570, False, 3
3341,0, 570, False, 3
3342,0, 570, False, 3
3343,0, 570, False, 3
3344,0, 570, False, 3
3345,0, 570, False, 3
3346,0, 570, False, 3
3347,0, 570, False, 3
3348,0, 570, False, 3
3349,0, 570, False, 3
3350,0, 570, False, 0
3351,0, 570, False, 0
3352,0, 570, False, 0
3353,0, 570, False, 0
3354,0, 570, False, 0
3355,0, 570, False, 0
3356,0, 570, False, 0
3357,0, 570, False, 0
3358,0, 570, False, 0
3359,0, 570, False, 0
3360,0, 570, False, 0
3361,0, 570, False, 0
3362,0, 570, False, 0
3363,0, 570, False, 0
3364,0, 570, False, 0
3365,0, 570, False, 0
3366,0, 570, False, 0
3367,0, 570, False, 0
3368,0, 570, False, 0
3369,0, 570, False, 0
3370,0, 570, False, 0
3371,0, 570, False, 0
3372,0, 570, False, 1
3373,0, 570, False, 1
3374,0, 570, False, 1
3375,0, 570, False, 1
3376,0, 570, False, 1
3377,0, 570, False, 1
3378,0, 570, False, 1
3379,0, 570, False, 1
3380,0, 570, False, 1
3381,0, 570, False, 1
3382,0, 570, False, 1
3383,0, 570, False, 1
3384,0, 570, False, 0
3385,0, 570, False, 0
3386,0, 570, False, 0
3387,0, 570, False, 0
3388,0, 570, False, 0
3389,0, 570, False, 0
3390,0, 570, False, 0
3391,0, 570, False, 0
3392,0, 570, False, 3
3393,0, 570, False, 3
3394,0, 570, False, 3
3395,0, 570, False, 3
3396,0, 570, False, 3
3397,0, 570, False, 3
3398,0, 570, False, 3
3399,0, 570, False, 3
3400,0, 570, False, 3
3401,0, 570, False, 0
3402,0, 570, False, 0
3403,0, 570, False, 4
3404,0, 570, False, 4
3405,0, 570, False, 4
3406,0, 570, False, 4
3407,0, 570, False, 4
3408,0, 570, False, 4
3409,0, 570, False, 4
3410,0, 570, False, 4
3411,0, 570, False, 4
3412,0, 570, False, 4
3413,0, 570, False, 4
3414,0, 570, False, 4
3415,0, 570, False, 4
3416,0, 570, False, 4
3417,0, 570, False, 4
3418,0, 570, False, 4
3419,0, 570, False, 4
3420,0, 570, False, 4
3421,0, 570, False, 4
3422,0, 570, False, 4
3423,0, 570, False, 4
3424,0, 570, False, 4
3425,0, 570, False, 4
3426,0, 570, False, 4
3427,0, 570, False, 4
3428,0, 570, False, 4
3429,0, 570, False, 4
3430,0, 570, False, 4
3431,0, 570, False, 4
3432,0, 570, False, 4
3433,0, 570, False, 4
3434,0, 570, False, 4
3435,0, 570, False, 4
3436,0, 570, False, 4
3437,0, 570, False, 4
3438,0, 570, False, 4
3439,0, 570, False, 4
3440,0, 570, False, 4
3441,0, 570, False, 4
3442,0, 570, False, 4
3443,0, 570, False, 0
3444,0, 570, False, 0
3445,0, 570, False, 1
3446,0, 570, False, 1
3447,0, 570, False, 1
3448,0, 570, False, 1
3449,0, 570, False, 1
3450,30, 600, False, 1
3451,0, 600, False, 1
3452,0, 600, False, 1
3453,0, 600, False, 1
3454,0, 600, False, 1
3455,0, 600, False, 1
3456,0, 600, False, 1
3457,0, 600, False, 3
3458,0, 600, False, 3
3459,0, 600, False, 3
3460,0, 600, False, 3
3461,0, 600, False, 3
3462,0, 600, False, 3
3463,0, 600, False, 3
3464,0, 600, False, 3
3465,0, 600, False, 3
3466,0, 600, False, 3
3467,0, 600, False, 3
3468,0, 600, False, 3
3469,0, 600, False, 3
3470,0, 600, False, 3
3471,0, 600, False, 3
3472,0, 600, False, 3
3473,0, 600, False, 3
3474,0, 600, False, 3
3475,0, 600, False, 3
3476,0, 600, False, 3
3477,0, 600, False, 3
3478,0, 600, False, 3
3479,0, 600, False, 3
3480,0, 600, False, 0
3481,0, 600, False, 0
3482,0, 600, False, 0
3483,0, 600, False, 0
3484,0, 600, False, 0
3485,0, 600, False, 0
3486,0, 600, False, 0
3487,0, 600, False, 0
3488,0, 600, False, 0
3489,0, 600, False, 0
3490,0, 600, False, 0
3491,0, 600, False, 0
3492,0, 600, False, 0
3493,0, 600, False, 1
3494,0, 600, False, 1
3495,0, 600, False, 1
3496,0, 600, False, 1
3497,0, 600, False, 1
3498,0, 600, False, 1
3499,0, 600, False, 12
3500,0, 600, False, 12
3501,0, 600, False, 12
3502,0, 600, False, 12
3503,0, 600, False, 4
3504,0, 600, False, 4
3505,0, 600, False, 4
3506,0, 600, False, 4
3507,0, 600, False, 4
3508,0, 600, False, 4
3509,0, 600, False, 4
3510,0, 600, False, 4
3511,0, 600, False, 4
3512,0, 600, False, 4
3513,0, 600, False, 4
3514,0, 600, False, 4
3515,0, 600, False, 4
3516,0, 600, False, 4
3517,0, 600, False, 4
3518,0, 600, False, 4
3519,0, 600, False, 4
3520,0, 600, False, 4
3521,0, 600, False, 4
3522,0, 600, False, 0
3523,0, 600, False, 0
3524,0, 600, False, 0
3525,0, 600, False, 0
3526,0, 600, False, 1
3527,0, 600, False, 1
3528,0, 600, False, 1
3529,0, 600, False, 1
3530,0, 600, False, 1
3531,0, 600, False, 1
3532,0, 600, False, 1
3533,0, 600, False, 1
3534,0, 600, False, 0
3535,0, 600, False, 0
3536,0, 600, False, 0
3537,0, 600, True, 0
