db traj id : 1911
frame,reward,score,terminal, action
0,0, 0, False, 0
1,0, 0, False, 0
2,0, 0, False, 0
3,0, 0, False, 0
4,0, 0, False, 0
5,0, 0, False, 0
6,0, 0, False, 0
7,0, 0, False, 0
8,0, 0, False, 0
9,0, 0, False, 0
10,0, 0, False, 0
11,0, 0, False, 0
12,0, 0, False, 0
13,0, 0, False, 0
14,0, 0, False, 0
15,0, 0, False, 0
16,0, 0, False, 0
17,0, 0, False, 0
18,0, 0, False, 0
19,0, 0, False, 0
20,0, 0, False, 0
21,0, 0, False, 0
22,0, 0, False, 0
23,0, 0, False, 0
24,0, 0, False, 0
25,0, 0, False, 0
26,0, 0, False, 0
27,0, 0, False, 0
28,0, 0, False, 0
29,0, 0, False, 0
30,0, 0, False, 0
31,0, 0, False, 0
32,0, 0, False, 0
33,0, 0, False, 0
34,0, 0, False, 0
35,0, 0, False, 0
36,0, 0, False, 0
37,0, 0, False, 0
38,0, 0, False, 0
39,0, 0, False, 0
40,0, 0, False, 0
41,0, 0, False, 0
42,0, 0, False, 0
43,0, 0, False, 0
44,0, 0, False, 0
45,0, 0, False, 0
46,0, 0, False, 0
47,0, 0, False, 0
48,0, 0, False, 0
49,0, 0, False, 0
50,0, 0, False, 0
51,0, 0, False, 0
52,0, 0, False, 0
53,0, 0, False, 0
54,0, 0, False, 0
55,0, 0, False, 0
56,0, 0, False, 0
57,0, 0, False, 0
58,0, 0, False, 0
59,0, 0, False, 0
60,0, 0, False, 0
61,0, 0, False, 0
62,0, 0, False, 0
63,0, 0, False, 0
64,0, 0, False, 0
65,0, 0, False, 0
66,0, 0, False, 0
67,0, 0, False, 0
68,0, 0, False, 0
69,0, 0, False, 0
70,0, 0, False, 0
71,0, 0, False, 0
72,0, 0, False, 0
73,0, 0, False, 0
74,0, 0, False, 0
75,0, 0, False, 0
76,0, 0, False, 0
77,0, 0, False, 0
78,0, 0, False, 0
79,0, 0, False, 0
80,0, 0, False, 0
81,0, 0, False, 3
82,0, 0, False, 3
83,0, 0, False, 3
84,0, 0, False, 3
85,0, 0, False, 3
86,0, 0, False, 3
87,0, 0, False, 3
88,0, 0, False, 3
89,0, 0, False, 3
90,0, 0, False, 3
91,0, 0, False, 3
92,0, 0, False, 3
93,0, 0, False, 3
94,0, 0, False, 0
95,0, 0, False, 0
96,0, 0, False, 0
97,0, 0, False, 0
98,0, 0, False, 0
99,0, 0, False, 0
100,0, 0, False, 0
101,0, 0, False, 0
102,0, 0, False, 0
103,0, 0, False, 0
104,0, 0, False, 0
105,0, 0, False, 0
106,0, 0, False, 0
107,0, 0, False, 0
108,0, 0, False, 0
109,0, 0, False, 0
110,0, 0, False, 0
111,0, 0, False, 0
112,0, 0, False, 0
113,0, 0, False, 0
114,0, 0, False, 0
115,0, 0, False, 0
116,0, 0, False, 0
117,0, 0, False, 0
118,0, 0, False, 0
119,0, 0, False, 0
120,0, 0, False, 0
121,0, 0, False, 0
122,0, 0, False, 0
123,0, 0, False, 0
124,0, 0, False, 0
125,0, 0, False, 0
126,0, 0, False, 0
127,0, 0, False, 0
128,0, 0, False, 0
129,0, 0, False, 0
130,0, 0, False, 0
131,0, 0, False, 0
132,0, 0, False, 0
133,0, 0, False, 0
134,0, 0, False, 0
135,0, 0, False, 0
136,0, 0, False, 0
137,0, 0, False, 0
138,0, 0, False, 0
139,0, 0, False, 0
140,0, 0, False, 0
141,0, 0, False, 0
142,0, 0, False, 0
143,0, 0, False, 0
144,0, 0, False, 0
145,0, 0, False, 0
146,0, 0, False, 0
147,0, 0, False, 0
148,0, 0, False, 0
149,0, 0, False, 0
150,0, 0, False, 0
151,0, 0, False, 0
152,0, 0, False, 0
153,0, 0, False, 0
154,0, 0, False, 0
155,0, 0, False, 0
156,0, 0, False, 0
157,0, 0, False, 0
158,0, 0, False, 0
159,0, 0, False, 0
160,0, 0, False, 0
161,0, 0, False, 0
162,0, 0, False, 0
163,0, 0, False, 0
164,0, 0, False, 0
165,0, 0, False, 0
166,0, 0, False, 0
167,0, 0, False, 0
168,0, 0, False, 0
169,0, 0, False, 0
170,0, 0, False, 0
171,0, 0, False, 0
172,0, 0, False, 0
173,0, 0, False, 0
174,0, 0, False, 0
175,0, 0, False, 0
176,0, 0, False, 0
177,0, 0, False, 0
178,0, 0, False, 0
179,0, 0, False, 0
180,0, 0, False, 0
181,0, 0, False, 0
182,0, 0, False, 0
183,0, 0, False, 0
184,0, 0, False, 0
185,0, 0, False, 0
186,0, 0, False, 0
187,0, 0, False, 0
188,0, 0, False, 0
189,0, 0, False, 0
190,0, 0, False, 0
191,0, 0, False, 0
192,0, 0, False, 0
193,0, 0, False, 0
194,0, 0, False, 0
195,0, 0, False, 3
196,0, 0, False, 3
197,0, 0, False, 3
198,0, 0, False, 3
199,0, 0, False, 3
200,0, 0, False, 3
201,0, 0, False, 3
202,0, 0, False, 3
203,0, 0, False, 3
204,0, 0, False, 3
205,0, 0, False, 3
206,0, 0, False, 0
207,0, 0, False, 0
208,0, 0, False, 0
209,0, 0, False, 0
210,0, 0, False, 0
211,0, 0, False, 0
212,0, 0, False, 0
213,0, 0, False, 1
214,0, 0, False, 1
215,0, 0, False, 1
216,0, 0, False, 1
217,0, 0, False, 1
218,0, 0, False, 1
219,0, 0, False, 1
220,0, 0, False, 0
221,0, 0, False, 0
222,0, 0, False, 0
223,0, 0, False, 0
224,0, 0, False, 0
225,0, 0, False, 0
226,0, 0, False, 0
227,0, 0, False, 0
228,0, 0, False, 0
229,0, 0, False, 0
230,0, 0, False, 0
231,0, 0, False, 0
232,0, 0, False, 0
233,0, 0, False, 0
234,0, 0, False, 0
235,0, 0, False, 0
236,0, 0, False, 3
237,0, 0, False, 3
238,0, 0, False, 3
239,0, 0, False, 3
240,0, 0, False, 3
241,0, 0, False, 3
242,0, 0, False, 3
243,0, 0, False, 3
244,0, 0, False, 3
245,0, 0, False, 3
246,0, 0, False, 3
247,0, 0, False, 3
248,0, 0, False, 3
249,0, 0, False, 3
250,0, 0, False, 3
251,0, 0, False, 3
252,0, 0, False, 3
253,0, 0, False, 3
254,0, 0, False, 3
255,0, 0, False, 3
256,0, 0, False, 3
257,0, 0, False, 3
258,0, 0, False, 3
259,0, 0, False, 3
260,0, 0, False, 3
261,0, 0, False, 3
262,0, 0, False, 3
263,0, 0, False, 3
264,0, 0, False, 0
265,0, 0, False, 0
266,0, 0, False, 0
267,0, 0, False, 0
268,0, 0, False, 0
269,0, 0, False, 0
270,0, 0, False, 0
271,0, 0, False, 0
272,0, 0, False, 0
273,0, 0, False, 0
274,0, 0, False, 0
275,0, 0, False, 0
276,0, 0, False, 3
277,0, 0, False, 3
278,0, 0, False, 3
279,0, 0, False, 3
280,0, 0, False, 3
281,0, 0, False, 3
282,0, 0, False, 0
283,0, 0, False, 0
284,0, 0, False, 0
285,0, 0, False, 0
286,0, 0, False, 1
287,0, 0, False, 1
288,0, 0, False, 1
289,0, 0, False, 1
290,0, 0, False, 1
291,0, 0, False, 1
292,0, 0, False, 1
293,0, 0, False, 0
294,0, 0, False, 0
295,0, 0, False, 0
296,0, 0, False, 0
297,0, 0, False, 0
298,0, 0, False, 0
299,0, 0, False, 0
300,0, 0, False, 0
301,0, 0, False, 0
302,0, 0, False, 0
303,0, 0, False, 0
304,0, 0, False, 0
305,0, 0, False, 0
306,0, 0, False, 0
307,0, 0, False, 0
308,0, 0, False, 0
309,0, 0, False, 3
310,0, 0, False, 3
311,0, 0, False, 3
312,5, 5, False, 3
313,0, 5, False, 3
314,0, 5, False, 3
315,0, 5, False, 3
316,0, 5, False, 3
317,0, 5, False, 3
318,0, 5, False, 3
319,0, 5, False, 3
320,0, 5, False, 0
321,0, 5, False, 0
322,0, 5, False, 0
323,0, 5, False, 0
324,0, 5, False, 0
325,0, 5, False, 0
326,0, 5, False, 0
327,0, 5, False, 0
328,0, 5, False, 0
329,0, 5, False, 0
330,0, 5, False, 0
331,0, 5, False, 1
332,0, 5, False, 1
333,0, 5, False, 1
334,0, 5, False, 1
335,0, 5, False, 1
336,0, 5, False, 1
337,0, 5, False, 0
338,0, 5, False, 0
339,0, 5, False, 0
340,0, 5, False, 0
341,0, 5, False, 0
342,0, 5, False, 0
343,0, 5, False, 0
344,0, 5, False, 0
345,0, 5, False, 0
346,0, 5, False, 0
347,0, 5, False, 0
348,0, 5, False, 0
349,0, 5, False, 0
350,0, 5, False, 0
351,0, 5, False, 0
352,0, 5, False, 0
353,0, 5, False, 3
354,0, 5, False, 3
355,0, 5, False, 3
356,0, 5, False, 3
357,0, 5, False, 3
358,0, 5, False, 3
359,0, 5, False, 3
360,0, 5, False, 3
361,0, 5, False, 3
362,0, 5, False, 0
363,0, 5, False, 0
364,10, 15, False, 0
365,0, 15, False, 0
366,0, 15, False, 0
367,0, 15, False, 0
368,0, 15, False, 0
369,0, 15, False, 0
370,0, 15, False, 0
371,0, 15, False, 0
372,0, 15, False, 4
373,0, 15, False, 4
374,0, 15, False, 4
375,0, 15, False, 4
376,0, 15, False, 4
377,0, 15, False, 4
378,0, 15, False, 4
379,0, 15, False, 4
380,0, 15, False, 4
381,0, 15, False, 4
382,0, 15, False, 4
383,0, 15, False, 4
384,0, 15, False, 4
385,0, 15, False, 4
386,0, 15, False, 4
387,0, 15, False, 4
388,0, 15, False, 4
389,0, 15, False, 4
390,0, 15, False, 4
391,0, 15, False, 4
392,0, 15, False, 4
393,0, 15, False, 4
394,0, 15, False, 4
395,0, 15, False, 4
396,0, 15, False, 4
397,0, 15, False, 4
398,0, 15, False, 4
399,0, 15, False, 4
400,0, 15, False, 4
401,0, 15, False, 4
402,0, 15, False, 4
403,0, 15, False, 0
404,0, 15, False, 0
405,0, 15, False, 0
406,0, 15, False, 1
407,0, 15, False, 1
408,0, 15, False, 1
409,0, 15, False, 1
410,0, 15, False, 1
411,0, 15, False, 0
412,0, 15, False, 0
413,0, 15, False, 0
414,0, 15, False, 3
415,0, 15, False, 3
416,0, 15, False, 3
417,0, 15, False, 3
418,0, 15, False, 3
419,0, 15, False, 3
420,0, 15, False, 3
421,0, 15, False, 3
422,0, 15, False, 3
423,0, 15, False, 0
424,0, 15, False, 0
425,0, 15, False, 0
426,0, 15, False, 0
427,0, 15, False, 0
428,0, 15, False, 0
429,0, 15, False, 0
430,0, 15, False, 0
431,0, 15, False, 0
432,5, 20, False, 0
433,0, 20, False, 0
434,0, 20, False, 0
435,0, 20, False, 0
436,0, 20, False, 0
437,0, 20, False, 1
438,0, 20, False, 1
439,0, 20, False, 1
440,0, 20, False, 1
441,0, 20, False, 1
442,0, 20, False, 1
443,0, 20, False, 0
444,0, 20, False, 0
445,0, 20, False, 0
446,0, 20, False, 0
447,0, 20, False, 0
448,0, 20, False, 0
449,0, 20, False, 0
450,0, 20, False, 0
451,0, 20, False, 0
452,0, 20, False, 0
453,0, 20, False, 0
454,0, 20, False, 0
455,0, 20, False, 0
456,0, 20, False, 0
457,0, 20, False, 0
458,0, 20, False, 0
459,0, 20, False, 0
460,0, 20, False, 0
461,0, 20, False, 0
462,0, 20, False, 0
463,0, 20, False, 0
464,0, 20, False, 0
465,0, 20, False, 0
466,0, 20, False, 0
467,0, 20, False, 0
468,0, 20, False, 0
469,0, 20, False, 0
470,0, 20, False, 0
471,0, 20, False, 0
472,0, 20, False, 0
473,0, 20, False, 0
474,0, 20, False, 0
475,0, 20, False, 0
476,0, 20, False, 0
477,0, 20, False, 0
478,0, 20, False, 0
479,0, 20, False, 0
480,0, 20, False, 0
481,0, 20, False, 0
482,0, 20, False, 0
483,0, 20, False, 4
484,0, 20, False, 4
485,0, 20, False, 4
486,0, 20, False, 4
487,0, 20, False, 0
488,0, 20, False, 0
489,0, 20, False, 0
490,0, 20, False, 1
491,0, 20, False, 1
492,0, 20, False, 1
493,0, 20, False, 1
494,0, 20, False, 1
495,0, 20, False, 1
496,0, 20, False, 0
497,0, 20, False, 0
498,0, 20, False, 0
499,0, 20, False, 0
500,0, 20, False, 0
501,0, 20, False, 0
502,0, 20, False, 0
503,0, 20, False, 0
504,0, 20, False, 0
505,0, 20, False, 0
506,0, 20, False, 3
507,0, 20, False, 3
508,0, 20, False, 3
509,0, 20, False, 0
510,0, 20, False, 0
511,0, 20, False, 0
512,0, 20, False, 0
513,0, 20, False, 0
514,0, 20, False, 0
515,0, 20, False, 1
516,0, 20, False, 1
517,0, 20, False, 1
518,0, 20, False, 1
519,0, 20, False, 1
520,0, 20, False, 0
521,0, 20, False, 0
522,0, 20, False, 0
523,0, 20, False, 0
524,0, 20, False, 0
525,0, 20, False, 0
526,0, 20, False, 0
527,0, 20, False, 0
528,0, 20, False, 0
529,0, 20, False, 0
530,0, 20, False, 0
531,0, 20, False, 0
532,0, 20, False, 0
533,0, 20, False, 0
534,0, 20, False, 0
535,0, 20, False, 0
536,0, 20, False, 0
537,0, 20, False, 1
538,0, 20, False, 1
539,0, 20, False, 1
540,0, 20, False, 1
541,0, 20, False, 1
542,0, 20, False, 1
543,0, 20, False, 0
544,0, 20, False, 0
545,0, 20, False, 0
546,0, 20, False, 0
547,0, 20, False, 0
548,0, 20, False, 0
549,0, 20, False, 0
550,0, 20, False, 0
551,0, 20, False, 0
552,0, 20, False, 0
553,0, 20, False, 0
554,0, 20, False, 0
555,0, 20, False, 0
556,0, 20, False, 0
557,0, 20, False, 0
558,0, 20, False, 0
559,0, 20, False, 0
560,0, 20, False, 0
561,0, 20, False, 0
562,0, 20, False, 0
563,0, 20, False, 0
564,0, 20, False, 0
565,0, 20, False, 0
566,0, 20, False, 0
567,0, 20, False, 0
568,0, 20, False, 0
569,0, 20, False, 0
570,10, 30, False, 3
571,0, 30, False, 3
572,0, 30, False, 3
573,0, 30, False, 3
574,0, 30, False, 0
575,0, 30, False, 0
576,0, 30, False, 0
577,0, 30, False, 0
578,0, 30, False, 0
579,0, 30, False, 0
580,0, 30, False, 0
581,0, 30, False, 0
582,0, 30, False, 0
583,0, 30, False, 0
584,0, 30, False, 0
585,0, 30, False, 1
586,0, 30, False, 1
587,0, 30, False, 1
588,0, 30, False, 1
589,0, 30, False, 1
590,0, 30, False, 0
591,0, 30, False, 0
592,0, 30, False, 0
593,0, 30, False, 0
594,0, 30, False, 0
595,0, 30, False, 0
596,0, 30, False, 0
597,0, 30, False, 0
598,0, 30, False, 0
599,0, 30, False, 0
600,0, 30, False, 0
601,0, 30, False, 0
602,0, 30, False, 0
603,0, 30, False, 0
604,0, 30, False, 0
605,0, 30, False, 0
606,0, 30, False, 0
607,0, 30, False, 0
608,0, 30, False, 0
609,0, 30, False, 0
610,0, 30, False, 0
611,0, 30, False, 0
612,0, 30, False, 0
613,0, 30, False, 0
614,0, 30, False, 0
615,0, 30, False, 0
616,0, 30, False, 0
617,0, 30, False, 0
618,0, 30, False, 0
619,0, 30, False, 0
620,0, 30, False, 0
621,0, 30, False, 0
622,0, 30, False, 0
623,0, 30, False, 0
624,0, 30, False, 0
625,0, 30, False, 0
626,0, 30, False, 0
627,0, 30, False, 0
628,15, 45, False, 0
629,0, 45, False, 0
630,0, 45, False, 3
631,0, 45, False, 3
632,0, 45, False, 3
633,0, 45, False, 3
634,0, 45, False, 3
635,0, 45, False, 0
636,0, 45, False, 0
637,0, 45, False, 0
638,0, 45, False, 1
639,0, 45, False, 1
640,0, 45, False, 1
641,0, 45, False, 1
642,0, 45, False, 1
643,0, 45, False, 1
644,0, 45, False, 0
645,0, 45, False, 0
646,0, 45, False, 0
647,0, 45, False, 0
648,0, 45, False, 0
649,0, 45, False, 0
650,0, 45, False, 0
651,0, 45, False, 0
652,0, 45, False, 0
653,0, 45, False, 0
654,0, 45, False, 0
655,0, 45, False, 0
656,0, 45, False, 0
657,0, 45, False, 0
658,0, 45, False, 0
659,0, 45, False, 0
660,0, 45, False, 0
661,0, 45, False, 0
662,0, 45, False, 0
663,0, 45, False, 0
664,0, 45, False, 0
665,0, 45, False, 0
666,0, 45, False, 0
667,0, 45, False, 0
668,0, 45, False, 0
669,0, 45, False, 0
670,0, 45, False, 0
671,0, 45, False, 0
672,0, 45, False, 0
673,0, 45, False, 0
674,0, 45, False, 0
675,0, 45, False, 0
676,0, 45, False, 0
677,0, 45, False, 0
678,0, 45, False, 0
679,0, 45, False, 0
680,0, 45, False, 0
681,0, 45, False, 0
682,0, 45, False, 0
683,0, 45, False, 0
684,0, 45, False, 0
685,0, 45, False, 0
686,0, 45, False, 0
687,0, 45, False, 0
688,0, 45, False, 0
689,0, 45, False, 0
690,20, 65, False, 0
691,0, 65, False, 0
692,0, 65, False, 0
693,0, 65, False, 0
694,0, 65, False, 0
695,0, 65, False, 0
696,0, 65, False, 0
697,0, 65, False, 0
698,0, 65, False, 0
699,0, 65, False, 0
700,0, 65, False, 0
701,0, 65, False, 0
702,0, 65, False, 0
703,0, 65, False, 0
704,0, 65, False, 0
705,0, 65, False, 0
706,0, 65, False, 0
707,0, 65, False, 0
708,0, 65, False, 0
709,0, 65, False, 0
710,0, 65, False, 0
711,0, 65, False, 0
712,0, 65, False, 0
713,0, 65, False, 0
714,0, 65, False, 1
715,0, 65, False, 1
716,0, 65, False, 1
717,0, 65, False, 1
718,0, 65, False, 1
719,0, 65, False, 0
720,0, 65, False, 0
721,0, 65, False, 0
722,0, 65, False, 0
723,0, 65, False, 0
724,0, 65, False, 0
725,0, 65, False, 0
726,0, 65, False, 0
727,0, 65, False, 0
728,0, 65, False, 0
729,0, 65, False, 0
730,0, 65, False, 3
731,0, 65, False, 3
732,0, 65, False, 3
733,0, 65, False, 3
734,0, 65, False, 3
735,0, 65, False, 3
736,0, 65, False, 3
737,0, 65, False, 3
738,0, 65, False, 0
739,0, 65, False, 0
740,0, 65, False, 0
741,0, 65, False, 0
742,0, 65, False, 0
743,0, 65, False, 0
744,0, 65, False, 0
745,0, 65, False, 0
746,0, 65, False, 0
747,0, 65, False, 0
748,0, 65, False, 0
749,0, 65, False, 0
750,0, 65, False, 0
751,0, 65, False, 0
752,0, 65, False, 0
753,0, 65, False, 0
754,0, 65, False, 0
755,0, 65, False, 0
756,0, 65, False, 0
757,0, 65, False, 0
758,0, 65, False, 0
759,0, 65, False, 0
760,0, 65, False, 0
761,0, 65, False, 0
762,0, 65, False, 0
763,0, 65, False, 0
764,0, 65, False, 0
765,0, 65, False, 0
766,0, 65, False, 0
767,0, 65, False, 0
768,0, 65, False, 0
769,0, 65, False, 0
770,0, 65, False, 0
771,0, 65, False, 0
772,0, 65, False, 0
773,0, 65, False, 4
774,0, 65, False, 4
775,0, 65, False, 4
776,25, 90, False, 4
777,0, 90, False, 4
778,0, 90, False, 4
779,0, 90, False, 4
780,0, 90, False, 4
781,0, 90, False, 4
782,0, 90, False, 4
783,0, 90, False, 4
784,0, 90, False, 4
785,0, 90, False, 4
786,0, 90, False, 4
787,0, 90, False, 4
788,0, 90, False, 4
789,0, 90, False, 4
790,0, 90, False, 4
791,0, 90, False, 4
792,0, 90, False, 4
793,0, 90, False, 4
794,0, 90, False, 4
795,0, 90, False, 4
796,0, 90, False, 4
797,0, 90, False, 4
798,0, 90, False, 4
799,0, 90, False, 4
800,0, 90, False, 4
801,0, 90, False, 4
802,0, 90, False, 4
803,0, 90, False, 0
804,0, 90, False, 0
805,0, 90, False, 0
806,0, 90, False, 0
807,0, 90, False, 0
808,0, 90, False, 0
809,0, 90, False, 0
810,0, 90, False, 0
811,0, 90, False, 0
812,0, 90, False, 0
813,0, 90, False, 0
814,0, 90, False, 0
815,0, 90, False, 0
816,0, 90, False, 0
817,0, 90, False, 0
818,0, 90, False, 0
819,0, 90, False, 0
820,0, 90, False, 0
821,0, 90, False, 0
822,0, 90, False, 0
823,0, 90, False, 0
824,0, 90, False, 0
825,0, 90, False, 0
826,0, 90, False, 0
827,0, 90, False, 0
828,0, 90, False, 0
829,0, 90, False, 0
830,0, 90, False, 0
831,0, 90, False, 0
832,0, 90, False, 0
833,0, 90, False, 0
834,0, 90, False, 0
835,0, 90, False, 0
836,0, 90, False, 0
837,0, 90, False, 0
838,0, 90, False, 3
839,0, 90, False, 3
840,0, 90, False, 3
841,0, 90, False, 3
842,0, 90, False, 0
843,0, 90, False, 0
844,0, 90, False, 0
845,0, 90, False, 0
846,0, 90, False, 0
847,0, 90, False, 0
848,0, 90, False, 0
849,0, 90, False, 0
850,0, 90, False, 0
851,0, 90, False, 0
852,0, 90, False, 0
853,0, 90, False, 0
854,0, 90, False, 0
855,0, 90, False, 0
856,0, 90, False, 0
857,0, 90, False, 0
858,0, 90, False, 0
859,0, 90, False, 0
860,0, 90, False, 0
861,0, 90, False, 0
862,0, 90, False, 0
863,0, 90, False, 0
864,0, 90, False, 0
865,0, 90, False, 0
866,0, 90, False, 0
867,0, 90, False, 0
868,0, 90, False, 0
869,0, 90, False, 0
870,0, 90, False, 0
871,0, 90, False, 0
872,0, 90, False, 0
873,0, 90, False, 0
874,0, 90, False, 0
875,0, 90, False, 0
876,0, 90, False, 0
877,0, 90, False, 0
878,0, 90, False, 0
879,0, 90, False, 1
880,0, 90, False, 1
881,0, 90, False, 1
882,0, 90, False, 1
883,0, 90, False, 1
884,0, 90, False, 1
885,0, 90, False, 0
886,0, 90, False, 0
887,0, 90, False, 0
888,0, 90, False, 0
889,0, 90, False, 0
890,0, 90, False, 0
891,0, 90, False, 0
892,0, 90, False, 0
893,0, 90, False, 0
894,0, 90, False, 0
895,0, 90, False, 0
896,0, 90, False, 0
897,0, 90, False, 0
898,0, 90, False, 0
899,0, 90, False, 0
900,0, 90, False, 0
901,0, 90, False, 0
902,0, 90, False, 0
903,0, 90, False, 0
904,5, 95, False, 0
905,0, 95, False, 0
906,0, 95, False, 0
907,0, 95, False, 0
908,0, 95, False, 0
909,0, 95, False, 0
910,0, 95, False, 0
911,0, 95, False, 0
912,0, 95, False, 0
913,0, 95, False, 0
914,0, 95, False, 0
915,0, 95, False, 0
916,0, 95, False, 0
917,0, 95, False, 1
918,0, 95, False, 1
919,0, 95, False, 1
920,0, 95, False, 1
921,0, 95, False, 1
922,0, 95, False, 1
923,0, 95, False, 1
924,0, 95, False, 1
925,0, 95, False, 1
926,0, 95, False, 0
927,0, 95, False, 0
928,0, 95, False, 0
929,0, 95, False, 0
930,0, 95, False, 0
931,0, 95, False, 0
932,0, 95, False, 0
933,0, 95, False, 0
934,0, 95, False, 0
935,0, 95, False, 0
936,0, 95, False, 0
937,0, 95, False, 0
938,0, 95, False, 0
939,0, 95, False, 0
940,0, 95, False, 0
941,0, 95, False, 0
942,0, 95, False, 0
943,0, 95, False, 0
944,0, 95, False, 0
945,0, 95, False, 0
946,0, 95, False, 0
947,0, 95, False, 0
948,0, 95, False, 0
949,0, 95, False, 0
950,10, 105, False, 0
951,0, 105, False, 0
952,0, 105, False, 0
953,0, 105, False, 0
954,0, 105, False, 0
955,0, 105, False, 0
956,0, 105, False, 0
957,0, 105, False, 1
958,0, 105, False, 1
959,0, 105, False, 1
960,0, 105, False, 1
961,0, 105, False, 1
962,0, 105, False, 1
963,0, 105, False, 1
964,0, 105, False, 1
965,0, 105, False, 0
966,0, 105, False, 0
967,0, 105, False, 0
968,0, 105, False, 0
969,0, 105, False, 0
970,0, 105, False, 0
971,0, 105, False, 0
972,0, 105, False, 0
973,0, 105, False, 0
974,0, 105, False, 0
975,0, 105, False, 0
976,0, 105, False, 0
977,0, 105, False, 0
978,0, 105, False, 0
979,0, 105, False, 0
980,0, 105, False, 0
981,0, 105, False, 0
982,0, 105, False, 0
983,0, 105, False, 0
984,0, 105, False, 0
985,0, 105, False, 0
986,0, 105, False, 0
987,0, 105, False, 0
988,0, 105, False, 0
989,0, 105, False, 0
990,0, 105, False, 0
991,0, 105, False, 0
992,0, 105, False, 0
993,0, 105, False, 0
994,15, 120, False, 0
995,0, 120, False, 0
996,0, 120, False, 0
997,0, 120, False, 1
998,0, 120, False, 1
999,0, 120, False, 1
1000,0, 120, False, 1
1001,0, 120, False, 1
1002,0, 120, False, 1
1003,0, 120, False, 1
1004,0, 120, False, 0
1005,0, 120, False, 0
1006,0, 120, False, 0
1007,0, 120, False, 0
1008,0, 120, False, 0
1009,0, 120, False, 0
1010,0, 120, False, 0
1011,0, 120, False, 0
1012,0, 120, False, 0
1013,0, 120, False, 0
1014,0, 120, False, 0
1015,0, 120, False, 0
1016,0, 120, False, 0
1017,0, 120, False, 0
1018,0, 120, False, 0
1019,0, 120, False, 0
1020,0, 120, False, 0
1021,0, 120, False, 0
1022,0, 120, False, 0
1023,0, 120, False, 0
1024,0, 120, False, 0
1025,0, 120, False, 0
1026,0, 120, False, 0
1027,0, 120, False, 0
1028,0, 120, False, 0
1029,0, 120, False, 0
1030,0, 120, False, 0
1031,0, 120, False, 0
1032,0, 120, False, 0
1033,0, 120, False, 0
1034,0, 120, False, 0
1035,0, 120, False, 0
1036,0, 120, False, 0
1037,0, 120, False, 0
1038,0, 120, False, 0
1039,0, 120, False, 1
1040,0, 120, False, 1
1041,0, 120, False, 1
1042,0, 120, False, 1
1043,0, 120, False, 1
1044,20, 140, False, 1
1045,0, 140, False, 1
1046,0, 140, False, 0
1047,0, 140, False, 0
1048,0, 140, False, 0
1049,0, 140, False, 0
1050,0, 140, False, 0
1051,0, 140, False, 0
1052,0, 140, False, 0
1053,0, 140, False, 3
1054,0, 140, False, 3
1055,0, 140, False, 3
1056,0, 140, False, 3
1057,0, 140, False, 3
1058,0, 140, False, 3
1059,0, 140, False, 3
1060,0, 140, False, 3
1061,0, 140, False, 3
1062,0, 140, False, 3
1063,0, 140, False, 3
1064,0, 140, False, 3
1065,0, 140, False, 3
1066,0, 140, False, 3
1067,0, 140, False, 3
1068,0, 140, False, 3
1069,0, 140, False, 3
1070,0, 140, False, 3
1071,0, 140, False, 3
1072,0, 140, False, 3
1073,0, 140, False, 3
1074,0, 140, False, 3
1075,0, 140, False, 3
1076,0, 140, False, 3
1077,0, 140, False, 3
1078,0, 140, False, 3
1079,0, 140, False, 3
1080,0, 140, False, 3
1081,0, 140, False, 3
1082,0, 140, False, 3
1083,0, 140, False, 3
1084,0, 140, False, 3
1085,0, 140, False, 3
1086,0, 140, False, 3
1087,0, 140, False, 3
1088,0, 140, False, 3
1089,0, 140, False, 3
1090,0, 140, False, 3
1091,0, 140, False, 3
1092,0, 140, False, 3
1093,0, 140, False, 3
1094,0, 140, False, 3
1095,0, 140, False, 3
1096,0, 140, False, 3
1097,0, 140, False, 0
1098,0, 140, False, 0
1099,0, 140, False, 0
1100,0, 140, False, 0
1101,0, 140, False, 0
1102,0, 140, False, 0
1103,0, 140, False, 0
1104,0, 140, False, 1
1105,0, 140, False, 1
1106,0, 140, False, 1
1107,0, 140, False, 1
1108,0, 140, False, 1
1109,0, 140, False, 1
1110,0, 140, False, 0
1111,0, 140, False, 0
1112,0, 140, False, 0
1113,0, 140, False, 0
1114,0, 140, False, 0
1115,0, 140, False, 0
1116,0, 140, False, 0
1117,0, 140, False, 0
1118,0, 140, False, 0
1119,0, 140, False, 0
1120,0, 140, False, 0
1121,0, 140, False, 0
1122,0, 140, False, 0
1123,0, 140, False, 0
1124,0, 140, False, 0
1125,0, 140, False, 0
1126,0, 140, False, 0
1127,0, 140, False, 0
1128,0, 140, False, 0
1129,0, 140, False, 0
1130,0, 140, False, 0
1131,0, 140, False, 0
1132,0, 140, False, 3
1133,0, 140, False, 3
1134,0, 140, False, 3
1135,0, 140, False, 3
1136,0, 140, False, 3
1137,0, 140, False, 3
1138,0, 140, False, 3
1139,0, 140, False, 3
1140,0, 140, False, 3
1141,0, 140, False, 3
1142,0, 140, False, 3
1143,0, 140, False, 3
1144,0, 140, False, 3
1145,0, 140, False, 3
1146,0, 140, False, 3
1147,0, 140, False, 3
1148,0, 140, False, 3
1149,0, 140, False, 3
1150,0, 140, False, 3
1151,0, 140, False, 3
1152,0, 140, False, 3
1153,0, 140, False, 3
1154,0, 140, False, 3
1155,0, 140, False, 3
1156,0, 140, False, 3
1157,0, 140, False, 3
1158,0, 140, False, 3
1159,0, 140, False, 3
1160,0, 140, False, 11
1161,0, 140, False, 1
1162,0, 140, False, 1
1163,0, 140, False, 1
1164,0, 140, False, 1
1165,0, 140, False, 1
1166,0, 140, False, 1
1167,0, 140, False, 1
1168,0, 140, False, 0
1169,0, 140, False, 0
1170,0, 140, False, 0
1171,0, 140, False, 0
1172,0, 140, False, 0
1173,0, 140, False, 0
1174,0, 140, False, 0
1175,0, 140, False, 1
1176,0, 140, False, 1
1177,0, 140, False, 1
1178,0, 140, False, 1
1179,0, 140, False, 1
1180,0, 140, False, 1
1181,0, 140, False, 1
1182,0, 140, False, 0
1183,0, 140, False, 0
1184,5, 145, False, 0
1185,0, 145, False, 0
1186,0, 145, False, 1
1187,0, 145, False, 1
1188,0, 145, False, 1
1189,0, 145, False, 1
1190,0, 145, False, 1
1191,0, 145, False, 11
1192,0, 145, False, 3
1193,0, 145, False, 3
1194,0, 145, False, 3
1195,0, 145, False, 3
1196,0, 145, False, 3
1197,0, 145, False, 3
1198,0, 145, False, 0
1199,0, 145, False, 0
1200,0, 145, False, 1
1201,0, 145, False, 1
1202,0, 145, False, 1
1203,0, 145, False, 1
1204,0, 145, False, 1
1205,0, 145, False, 0
1206,0, 145, False, 0
1207,0, 145, False, 0
1208,0, 145, False, 0
1209,0, 145, False, 0
1210,0, 145, False, 1
1211,0, 145, False, 1
1212,0, 145, False, 1
1213,0, 145, False, 1
1214,0, 145, False, 1
1215,0, 145, False, 0
1216,10, 155, False, 0
1217,0, 155, False, 0
1218,0, 155, False, 0
1219,0, 155, False, 0
1220,0, 155, False, 1
1221,0, 155, False, 1
1222,0, 155, False, 1
1223,0, 155, False, 1
1224,0, 155, False, 1
1225,0, 155, False, 0
1226,0, 155, False, 0
1227,0, 155, False, 0
1228,0, 155, False, 0
1229,0, 155, False, 0
1230,0, 155, False, 0
1231,0, 155, False, 1
1232,0, 155, False, 1
1233,0, 155, False, 1
1234,0, 155, False, 1
1235,0, 155, False, 1
1236,0, 155, False, 0
1237,0, 155, False, 0
1238,0, 155, False, 0
1239,0, 155, False, 4
1240,0, 155, False, 4
1241,0, 155, False, 4
1242,0, 155, False, 4
1243,0, 155, False, 4
1244,0, 155, False, 0
1245,0, 155, False, 0
1246,0, 155, False, 0
1247,0, 155, False, 1
1248,0, 155, False, 1
1249,0, 155, False, 1
1250,0, 155, False, 1
1251,0, 155, False, 1
1252,0, 155, False, 1
1253,0, 155, False, 0
1254,0, 155, False, 0
1255,0, 155, False, 0
1256,0, 155, False, 0
1257,0, 155, False, 0
1258,15, 170, False, 0
1259,0, 170, False, 1
1260,0, 170, False, 1
1261,0, 170, False, 1
1262,0, 170, False, 1
1263,0, 170, False, 1
1264,0, 170, False, 1
1265,0, 170, False, 0
1266,0, 170, False, 0
1267,0, 170, False, 0
1268,0, 170, False, 0
1269,0, 170, False, 0
1270,0, 170, False, 1
1271,0, 170, False, 1
1272,0, 170, False, 1
1273,0, 170, False, 1
1274,0, 170, False, 1
1275,0, 170, False, 1
1276,0, 170, False, 0
1277,0, 170, False, 0
1278,0, 170, False, 0
1279,0, 170, False, 0
1280,0, 170, False, 0
1281,0, 170, False, 0
1282,0, 170, False, 1
1283,0, 170, False, 1
1284,0, 170, False, 1
1285,0, 170, False, 1
1286,0, 170, False, 1
1287,0, 170, False, 0
1288,0, 170, False, 0
1289,0, 170, False, 0
1290,0, 170, False, 0
1291,0, 170, False, 0
1292,0, 170, False, 1
1293,0, 170, False, 1
1294,0, 170, False, 1
1295,0, 170, False, 1
1296,0, 170, False, 1
1297,0, 170, False, 0
1298,0, 170, False, 0
1299,0, 170, False, 0
1300,0, 170, False, 0
1301,0, 170, False, 0
1302,0, 170, False, 0
1303,0, 170, False, 4
1304,0, 170, False, 4
1305,0, 170, False, 12
1306,20, 190, False, 12
1307,0, 190, False, 12
1308,0, 190, False, 1
1309,0, 190, False, 1
1310,0, 190, False, 1
1311,0, 190, False, 0
1312,0, 190, False, 0
1313,0, 190, False, 0
1314,0, 190, False, 0
1315,0, 190, False, 0
1316,0, 190, False, 0
1317,0, 190, False, 1
1318,0, 190, False, 1
1319,0, 190, False, 1
1320,0, 190, False, 1
1321,0, 190, False, 1
1322,0, 190, False, 0
1323,0, 190, False, 0
1324,0, 190, False, 0
1325,0, 190, False, 0
1326,0, 190, False, 0
1327,0, 190, False, 0
1328,0, 190, False, 0
1329,0, 190, False, 0
1330,0, 190, False, 0
1331,0, 190, False, 0
1332,0, 190, False, 0
1333,0, 190, False, 0
1334,0, 190, False, 0
1335,0, 190, False, 0
1336,0, 190, False, 0
1337,0, 190, False, 0
1338,0, 190, False, 3
1339,0, 190, False, 3
1340,0, 190, False, 3
1341,0, 190, False, 3
1342,0, 190, False, 3
1343,0, 190, False, 3
1344,0, 190, False, 3
1345,0, 190, False, 3
1346,0, 190, False, 3
1347,0, 190, False, 3
1348,0, 190, False, 3
1349,0, 190, False, 3
1350,0, 190, False, 3
1351,0, 190, False, 3
1352,0, 190, False, 3
1353,0, 190, False, 3
1354,0, 190, False, 3
1355,0, 190, False, 3
1356,0, 190, False, 3
1357,0, 190, False, 3
1358,0, 190, False, 3
1359,0, 190, False, 3
1360,0, 190, False, 3
1361,0, 190, False, 3
1362,0, 190, False, 3
1363,0, 190, False, 0
1364,25, 215, False, 0
1365,0, 215, False, 0
1366,0, 215, False, 1
1367,0, 215, False, 1
1368,0, 215, False, 1
1369,0, 215, False, 1
1370,0, 215, False, 1
1371,0, 215, False, 1
1372,0, 215, False, 1
1373,0, 215, False, 1
1374,0, 215, False, 0
1375,0, 215, False, 0
1376,0, 215, False, 0
1377,0, 215, False, 0
1378,0, 215, False, 0
1379,0, 215, False, 1
1380,0, 215, False, 1
1381,0, 215, False, 1
1382,0, 215, False, 1
1383,0, 215, False, 1
1384,0, 215, False, 0
1385,0, 215, False, 0
1386,0, 215, False, 0
1387,0, 215, False, 0
1388,0, 215, False, 0
1389,0, 215, False, 0
1390,0, 215, False, 1
1391,0, 215, False, 1
1392,0, 215, False, 12
1393,0, 215, False, 12
1394,0, 215, False, 12
1395,0, 215, False, 4
1396,0, 215, False, 4
1397,0, 215, False, 4
1398,0, 215, False, 4
1399,0, 215, False, 4
1400,0, 215, False, 4
1401,0, 215, False, 4
1402,0, 215, False, 0
1403,0, 215, False, 0
1404,0, 215, False, 1
1405,0, 215, False, 1
1406,0, 215, False, 1
1407,0, 215, False, 1
1408,0, 215, False, 1
1409,0, 215, False, 0
1410,0, 215, False, 0
1411,0, 215, False, 0
1412,0, 215, False, 4
1413,0, 215, False, 4
1414,0, 215, False, 4
1415,0, 215, False, 4
1416,0, 215, False, 4
1417,0, 215, False, 1
1418,0, 215, False, 1
1419,0, 215, False, 1
1420,0, 215, False, 1
1421,0, 215, False, 1
1422,0, 215, False, 1
1423,0, 215, False, 1
1424,0, 215, False, 0
1425,0, 215, False, 0
1426,0, 215, False, 0
1427,0, 215, False, 0
1428,0, 215, False, 0
1429,0, 215, False, 1
1430,0, 215, False, 12
1431,0, 215, False, 12
1432,0, 215, False, 12
1433,0, 215, False, 12
1434,0, 215, False, 12
1435,0, 215, False, 12
1436,0, 215, False, 0
1437,0, 215, False, 0
1438,0, 215, False, 0
1439,0, 215, False, 0
1440,0, 215, False, 0
1441,0, 215, False, 0
1442,0, 215, False, 0
1443,0, 215, False, 0
1444,0, 215, False, 1
1445,0, 215, False, 1
1446,0, 215, False, 1
1447,0, 215, False, 1
1448,0, 215, False, 1
1449,0, 215, False, 1
1450,0, 215, False, 0
1451,0, 215, False, 0
1452,0, 215, False, 0
1453,0, 215, False, 0
1454,0, 215, False, 0
1455,0, 215, False, 0
1456,0, 215, False, 0
1457,0, 215, False, 1
1458,0, 215, False, 1
1459,0, 215, False, 1
1460,0, 215, False, 1
1461,0, 215, False, 1
1462,0, 215, False, 1
1463,0, 215, False, 0
1464,0, 215, False, 0
1465,0, 215, False, 0
1466,0, 215, False, 0
1467,0, 215, False, 0
1468,0, 215, False, 0
1469,0, 215, False, 0
1470,0, 215, False, 4
1471,0, 215, False, 4
1472,0, 215, False, 4
1473,0, 215, False, 4
1474,0, 215, False, 4
1475,0, 215, False, 12
1476,0, 215, False, 12
1477,0, 215, False, 12
1478,0, 215, False, 12
1479,0, 215, False, 1
1480,5, 220, False, 1
1481,0, 220, False, 0
1482,0, 220, False, 0
1483,0, 220, False, 0
1484,0, 220, False, 0
1485,0, 220, False, 0
1486,0, 220, False, 0
1487,0, 220, False, 0
1488,0, 220, False, 0
1489,0, 220, False, 1
1490,0, 220, False, 1
1491,0, 220, False, 1
1492,0, 220, False, 1
1493,0, 220, False, 1
1494,0, 220, False, 0
1495,0, 220, False, 0
1496,0, 220, False, 0
1497,0, 220, False, 0
1498,0, 220, False, 0
1499,0, 220, False, 0
1500,0, 220, False, 0
1501,0, 220, False, 1
1502,0, 220, False, 1
1503,0, 220, False, 1
1504,0, 220, False, 1
1505,0, 220, False, 0
1506,0, 220, False, 0
1507,0, 220, False, 0
1508,0, 220, False, 0
1509,0, 220, False, 0
1510,0, 220, False, 0
1511,0, 220, False, 0
1512,10, 230, False, 1
1513,0, 230, False, 1
1514,0, 230, False, 1
1515,0, 230, False, 1
1516,0, 230, False, 1
1517,0, 230, False, 0
1518,0, 230, False, 0
1519,0, 230, False, 0
1520,0, 230, False, 0
1521,0, 230, False, 0
1522,0, 230, False, 0
1523,0, 230, False, 0
1524,0, 230, False, 1
1525,0, 230, False, 1
1526,0, 230, False, 1
1527,0, 230, False, 1
1528,0, 230, False, 1
1529,0, 230, False, 0
1530,0, 230, False, 0
1531,0, 230, False, 0
1532,0, 230, False, 0
1533,0, 230, False, 0
1534,0, 230, False, 1
1535,0, 230, False, 1
1536,0, 230, False, 1
1537,0, 230, False, 1
1538,0, 230, False, 1
1539,0, 230, False, 1
1540,0, 230, False, 3
1541,0, 230, False, 3
1542,0, 230, False, 3
1543,0, 230, False, 3
1544,0, 230, False, 3
1545,0, 230, False, 3
1546,0, 230, False, 3
1547,0, 230, False, 3
1548,0, 230, False, 3
1549,0, 230, False, 3
1550,0, 230, False, 3
1551,0, 230, False, 3
1552,0, 230, False, 3
1553,0, 230, False, 3
1554,0, 230, False, 3
1555,0, 230, False, 3
1556,0, 230, False, 3
1557,0, 230, False, 3
1558,0, 230, False, 3
1559,0, 230, False, 3
1560,0, 230, False, 3
1561,0, 230, False, 3
1562,0, 230, False, 3
1563,0, 230, False, 0
1564,0, 230, False, 0
1565,0, 230, False, 1
1566,0, 230, False, 1
1567,0, 230, False, 1
1568,0, 230, False, 1
1569,0, 230, False, 1
1570,0, 230, False, 1
1571,0, 230, False, 1
1572,0, 230, False, 0
1573,0, 230, False, 0
1574,0, 230, False, 0
1575,0, 230, False, 0
1576,0, 230, False, 0
1577,0, 230, False, 0
1578,0, 230, False, 0
1579,0, 230, False, 0
1580,0, 230, False, 0
1581,0, 230, False, 0
1582,0, 230, False, 0
1583,0, 230, False, 0
1584,0, 230, False, 0
1585,0, 230, False, 0
1586,0, 230, False, 0
1587,0, 230, False, 0
1588,0, 230, False, 0
1589,0, 230, False, 0
1590,0, 230, False, 0
1591,0, 230, False, 0
1592,0, 230, False, 0
1593,0, 230, False, 0
1594,0, 230, False, 0
1595,0, 230, False, 0
1596,0, 230, False, 1
1597,0, 230, False, 1
1598,0, 230, False, 1
1599,0, 230, False, 1
1600,0, 230, False, 1
1601,0, 230, False, 1
1602,0, 230, False, 0
1603,0, 230, False, 0
1604,0, 230, False, 0
1605,0, 230, False, 0
1606,0, 230, False, 3
1607,0, 230, False, 3
1608,0, 230, False, 3
1609,0, 230, False, 3
1610,0, 230, False, 3
1611,0, 230, False, 3
1612,0, 230, False, 3
1613,0, 230, False, 3
1614,0, 230, False, 3
1615,0, 230, False, 3
1616,0, 230, False, 3
1617,0, 230, False, 3
1618,0, 230, False, 3
1619,0, 230, False, 3
1620,0, 230, False, 3
1621,0, 230, False, 3
1622,0, 230, False, 3
1623,0, 230, False, 0
1624,0, 230, False, 0
1625,0, 230, False, 0
1626,0, 230, False, 0
1627,0, 230, False, 0
1628,0, 230, False, 0
1629,0, 230, False, 0
1630,15, 245, False, 0
1631,0, 245, False, 0
1632,0, 245, False, 0
1633,0, 245, False, 0
1634,0, 245, False, 0
1635,0, 245, False, 0
1636,0, 245, False, 0
1637,0, 245, False, 0
1638,0, 245, False, 0
1639,0, 245, False, 0
1640,0, 245, False, 0
1641,0, 245, False, 0
1642,0, 245, False, 0
1643,0, 245, False, 0
1644,0, 245, False, 0
1645,0, 245, False, 0
1646,0, 245, False, 0
1647,0, 245, False, 0
1648,0, 245, False, 0
1649,0, 245, False, 0
1650,0, 245, False, 0
1651,0, 245, False, 0
1652,0, 245, False, 0
1653,0, 245, False, 0
1654,0, 245, False, 0
1655,0, 245, False, 0
1656,0, 245, False, 0
1657,0, 245, False, 0
1658,0, 245, False, 0
1659,0, 245, False, 0
1660,0, 245, False, 0
1661,0, 245, False, 0
1662,0, 245, False, 0
1663,0, 245, False, 0
1664,0, 245, False, 0
1665,0, 245, False, 0
1666,0, 245, False, 0
1667,0, 245, False, 0
1668,0, 245, False, 0
1669,0, 245, False, 0
1670,0, 245, False, 0
1671,0, 245, False, 0
1672,0, 245, False, 0
1673,0, 245, False, 0
1674,0, 245, False, 3
1675,0, 245, False, 3
1676,0, 245, False, 3
1677,0, 245, False, 3
1678,0, 245, False, 3
1679,0, 245, False, 3
1680,0, 245, False, 3
1681,0, 245, False, 3
1682,0, 245, False, 3
1683,0, 245, False, 3
1684,0, 245, False, 3
1685,0, 245, False, 3
1686,0, 245, False, 3
1687,0, 245, False, 3
1688,0, 245, False, 3
1689,0, 245, False, 3
1690,0, 245, False, 3
1691,0, 245, False, 3
1692,0, 245, False, 3
1693,0, 245, False, 3
1694,0, 245, False, 3
1695,0, 245, False, 3
1696,0, 245, False, 3
1697,0, 245, False, 3
1698,0, 245, False, 3
1699,0, 245, False, 3
1700,0, 245, False, 3
1701,0, 245, False, 3
1702,0, 245, False, 3
1703,0, 245, False, 3
1704,0, 245, False, 3
1705,0, 245, False, 3
1706,0, 245, False, 3
1707,0, 245, False, 3
1708,0, 245, False, 3
1709,0, 245, False, 3
1710,0, 245, False, 3
1711,0, 245, False, 3
1712,0, 245, False, 3
1713,0, 245, False, 3
1714,0, 245, False, 3
1715,0, 245, False, 3
1716,0, 245, False, 3
1717,0, 245, False, 11
1718,0, 245, False, 11
1719,0, 245, False, 11
1720,0, 245, False, 11
1721,0, 245, False, 11
1722,0, 245, False, 11
1723,0, 245, False, 3
1724,0, 245, False, 3
1725,0, 245, False, 3
1726,0, 245, False, 3
1727,0, 245, False, 3
1728,0, 245, False, 3
1729,0, 245, False, 3
1730,0, 245, False, 3
1731,0, 245, False, 3
1732,0, 245, False, 0
1733,0, 245, False, 0
1734,0, 245, False, 0
1735,0, 245, False, 0
1736,0, 245, False, 0
1737,0, 245, False, 0
1738,0, 245, False, 0
1739,0, 245, False, 0
1740,0, 245, False, 0
1741,0, 245, False, 0
1742,0, 245, False, 0
1743,0, 245, False, 0
1744,0, 245, False, 0
1745,0, 245, False, 0
1746,0, 245, False, 0
1747,0, 245, False, 0
1748,0, 245, False, 0
1749,0, 245, False, 0
1750,0, 245, False, 0
1751,0, 245, False, 0
1752,0, 245, False, 0
1753,0, 245, False, 0
1754,0, 245, False, 0
1755,0, 245, False, 0
1756,0, 245, False, 0
1757,0, 245, False, 0
1758,0, 245, False, 0
1759,0, 245, False, 0
1760,0, 245, False, 0
1761,0, 245, False, 0
1762,0, 245, False, 0
1763,0, 245, False, 0
1764,0, 245, False, 0
1765,0, 245, False, 0
1766,0, 245, False, 0
1767,0, 245, False, 0
1768,0, 245, False, 0
1769,0, 245, False, 0
1770,0, 245, False, 0
1771,0, 245, False, 0
1772,0, 245, False, 0
1773,0, 245, False, 0
1774,0, 245, False, 0
1775,0, 245, False, 0
1776,0, 245, False, 0
1777,0, 245, False, 0
1778,0, 245, False, 0
1779,0, 245, False, 0
1780,0, 245, False, 0
1781,0, 245, False, 0
1782,0, 245, False, 0
1783,0, 245, False, 0
1784,0, 245, False, 0
1785,0, 245, False, 0
1786,0, 245, False, 0
1787,0, 245, False, 0
1788,0, 245, False, 0
1789,0, 245, False, 0
1790,0, 245, False, 0
1791,0, 245, False, 0
1792,0, 245, False, 0
1793,0, 245, False, 0
1794,0, 245, False, 0
1795,0, 245, False, 0
1796,0, 245, False, 0
1797,0, 245, False, 0
1798,0, 245, False, 0
1799,0, 245, False, 0
1800,0, 245, False, 0
1801,0, 245, False, 0
1802,0, 245, False, 0
1803,0, 245, False, 0
1804,0, 245, False, 0
1805,0, 245, False, 0
1806,0, 245, False, 0
1807,0, 245, False, 0
1808,0, 245, False, 0
1809,0, 245, False, 0
1810,0, 245, False, 0
1811,0, 245, False, 0
1812,0, 245, False, 0
1813,0, 245, False, 0
1814,0, 245, False, 0
1815,0, 245, False, 0
1816,0, 245, False, 0
1817,0, 245, False, 0
1818,0, 245, False, 0
1819,0, 245, False, 0
1820,0, 245, False, 0
1821,0, 245, False, 0
1822,0, 245, False, 0
1823,0, 245, False, 0
1824,0, 245, False, 0
1825,0, 245, False, 0
1826,0, 245, False, 0
1827,0, 245, False, 0
1828,0, 245, False, 0
1829,0, 245, False, 0
1830,0, 245, False, 0
1831,0, 245, False, 0
1832,0, 245, False, 0
1833,0, 245, False, 0
1834,0, 245, False, 0
1835,0, 245, False, 0
1836,0, 245, False, 0
1837,0, 245, False, 0
1838,0, 245, False, 0
1839,0, 245, False, 0
1840,0, 245, False, 0
1841,0, 245, False, 0
1842,0, 245, False, 0
1843,0, 245, False, 4
1844,0, 245, False, 4
1845,0, 245, False, 4
1846,0, 245, False, 4
1847,0, 245, False, 4
1848,0, 245, False, 4
1849,0, 245, False, 4
1850,0, 245, False, 4
1851,0, 245, False, 4
1852,0, 245, False, 4
1853,0, 245, False, 4
1854,0, 245, False, 4
1855,0, 245, False, 4
1856,0, 245, False, 4
1857,0, 245, False, 4
1858,0, 245, False, 0
1859,0, 245, False, 0
1860,0, 245, False, 0
1861,0, 245, False, 0
1862,0, 245, False, 0
1863,0, 245, False, 0
1864,0, 245, False, 0
1865,0, 245, False, 0
1866,0, 245, False, 0
1867,0, 245, False, 0
1868,0, 245, False, 0
1869,0, 245, False, 0
1870,0, 245, False, 0
1871,0, 245, False, 0
1872,0, 245, False, 0
1873,0, 245, False, 0
1874,0, 245, False, 0
1875,0, 245, False, 0
1876,0, 245, False, 0
1877,0, 245, False, 0
1878,0, 245, False, 0
1879,0, 245, False, 0
1880,0, 245, False, 0
1881,0, 245, False, 0
1882,0, 245, False, 0
1883,0, 245, False, 0
1884,0, 245, False, 0
1885,0, 245, False, 0
1886,0, 245, False, 0
1887,0, 245, False, 0
1888,0, 245, False, 0
1889,0, 245, False, 0
1890,0, 245, False, 0
1891,0, 245, False, 0
1892,0, 245, False, 0
1893,0, 245, False, 0
1894,0, 245, False, 0
1895,0, 245, False, 3
1896,0, 245, False, 3
1897,0, 245, False, 3
1898,0, 245, False, 3
1899,0, 245, False, 3
1900,0, 245, False, 3
1901,0, 245, False, 3
1902,0, 245, False, 3
1903,0, 245, False, 3
1904,0, 245, False, 3
1905,0, 245, False, 3
1906,0, 245, False, 3
1907,0, 245, False, 3
1908,0, 245, False, 3
1909,0, 245, False, 3
1910,0, 245, False, 3
1911,0, 245, False, 3
1912,0, 245, False, 3
1913,0, 245, False, 3
1914,0, 245, False, 3
1915,0, 245, False, 3
1916,0, 245, False, 3
1917,0, 245, False, 3
1918,0, 245, False, 3
1919,0, 245, False, 3
1920,0, 245, False, 3
1921,0, 245, False, 3
1922,0, 245, False, 3
1923,0, 245, False, 3
1924,0, 245, False, 3
1925,0, 245, False, 3
1926,0, 245, False, 3
1927,0, 245, False, 3
1928,0, 245, False, 3
1929,0, 245, False, 3
1930,0, 245, False, 3
1931,0, 245, False, 3
1932,0, 245, False, 3
1933,0, 245, False, 3
1934,0, 245, False, 3
1935,0, 245, False, 3
1936,0, 245, False, 3
1937,0, 245, False, 3
1938,0, 245, False, 3
1939,0, 245, False, 3
1940,0, 245, False, 3
1941,0, 245, False, 3
1942,0, 245, False, 3
1943,0, 245, False, 3
1944,0, 245, False, 3
1945,0, 245, False, 3
1946,0, 245, False, 3
1947,0, 245, False, 3
1948,0, 245, False, 3
1949,0, 245, False, 3
1950,0, 245, False, 3
1951,0, 245, False, 3
1952,0, 245, False, 3
1953,0, 245, False, 3
1954,0, 245, False, 3
1955,0, 245, False, 3
1956,0, 245, False, 3
1957,0, 245, False, 3
1958,0, 245, False, 3
1959,0, 245, False, 3
1960,0, 245, False, 3
1961,0, 245, False, 3
1962,0, 245, False, 3
1963,0, 245, False, 3
1964,0, 245, False, 3
1965,0, 245, False, 3
1966,0, 245, False, 3
1967,0, 245, False, 3
1968,0, 245, False, 3
1969,0, 245, False, 3
1970,0, 245, False, 3
1971,0, 245, False, 3
1972,0, 245, False, 3
1973,0, 245, False, 3
1974,0, 245, False, 3
1975,0, 245, False, 3
1976,0, 245, False, 3
1977,0, 245, False, 3
1978,0, 245, False, 3
1979,0, 245, False, 3
1980,0, 245, False, 3
1981,0, 245, False, 3
1982,0, 245, False, 3
1983,0, 245, False, 3
1984,0, 245, False, 3
1985,0, 245, False, 3
1986,0, 245, False, 3
1987,0, 245, False, 3
1988,0, 245, False, 3
1989,0, 245, False, 3
1990,0, 245, False, 3
1991,0, 245, False, 3
1992,0, 245, False, 3
1993,0, 245, False, 3
1994,0, 245, False, 3
1995,0, 245, False, 3
1996,0, 245, False, 3
1997,0, 245, False, 3
1998,0, 245, False, 3
1999,0, 245, False, 3
2000,0, 245, False, 3
2001,0, 245, False, 3
2002,0, 245, False, 3
2003,0, 245, False, 3
2004,0, 245, False, 3
2005,0, 245, False, 3
2006,0, 245, False, 3
2007,0, 245, False, 3
2008,0, 245, False, 0
2009,0, 245, False, 0
2010,0, 245, False, 0
2011,0, 245, False, 0
2012,0, 245, False, 0
2013,0, 245, False, 1
2014,0, 245, False, 1
2015,0, 245, False, 1
2016,0, 245, False, 1
2017,0, 245, False, 1
2018,0, 245, False, 1
2019,0, 245, False, 0
2020,0, 245, False, 0
2021,0, 245, False, 0
2022,0, 245, False, 0
2023,0, 245, False, 0
2024,0, 245, False, 0
2025,0, 245, False, 0
2026,0, 245, False, 4
2027,0, 245, False, 4
2028,0, 245, False, 4
2029,0, 245, False, 4
2030,0, 245, False, 4
2031,0, 245, False, 4
2032,0, 245, False, 4
2033,0, 245, False, 4
2034,0, 245, False, 4
2035,0, 245, False, 4
2036,0, 245, False, 4
2037,0, 245, False, 4
2038,0, 245, False, 4
2039,0, 245, False, 4
2040,0, 245, False, 4
2041,0, 245, False, 4
2042,0, 245, False, 4
2043,0, 245, False, 4
2044,0, 245, False, 4
2045,0, 245, False, 4
2046,0, 245, False, 4
2047,0, 245, False, 4
2048,0, 245, False, 4
2049,0, 245, False, 0
2050,0, 245, False, 0
2051,0, 245, False, 0
2052,0, 245, False, 0
2053,0, 245, False, 0
2054,0, 245, False, 1
2055,0, 245, False, 1
2056,0, 245, False, 1
2057,0, 245, False, 1
2058,0, 245, False, 1
2059,0, 245, False, 1
2060,0, 245, False, 0
2061,0, 245, False, 0
2062,0, 245, False, 0
2063,0, 245, False, 0
2064,0, 245, False, 0
2065,0, 245, False, 1
2066,0, 245, False, 1
2067,0, 245, False, 1
2068,0, 245, False, 1
2069,0, 245, False, 1
2070,0, 245, False, 1
2071,0, 245, False, 0
2072,0, 245, False, 0
2073,0, 245, False, 0
2074,0, 245, False, 0
2075,0, 245, False, 0
2076,0, 245, False, 0
2077,0, 245, False, 0
2078,0, 245, False, 0
2079,0, 245, False, 0
2080,0, 245, False, 0
2081,0, 245, False, 1
2082,0, 245, False, 1
2083,0, 245, False, 1
2084,0, 245, False, 1
2085,0, 245, False, 1
2086,0, 245, False, 1
2087,0, 245, False, 1
2088,0, 245, False, 0
2089,0, 245, False, 0
2090,0, 245, False, 0
2091,0, 245, False, 0
2092,0, 245, False, 0
2093,0, 245, False, 0
2094,0, 245, False, 0
2095,0, 245, False, 0
2096,0, 245, False, 0
2097,0, 245, False, 0
2098,0, 245, False, 0
2099,0, 245, False, 0
2100,0, 245, False, 1
2101,0, 245, False, 1
2102,0, 245, False, 1
2103,0, 245, False, 1
2104,0, 245, False, 1
2105,0, 245, False, 1
2106,0, 245, False, 1
2107,0, 245, False, 12
2108,0, 245, False, 12
2109,0, 245, False, 12
2110,0, 245, False, 12
2111,0, 245, False, 4
2112,0, 245, False, 4
2113,0, 245, False, 4
2114,0, 245, False, 4
2115,0, 245, False, 4
2116,0, 245, False, 4
2117,0, 245, False, 4
2118,0, 245, False, 4
2119,0, 245, False, 4
2120,0, 245, False, 4
2121,0, 245, False, 4
2122,0, 245, False, 4
2123,0, 245, False, 4
2124,0, 245, False, 4
2125,0, 245, False, 4
2126,0, 245, False, 4
2127,0, 245, False, 4
2128,0, 245, False, 4
2129,0, 245, False, 4
2130,15, 260, False, 4
2131,0, 260, False, 0
2132,0, 260, False, 0
2133,0, 260, False, 0
2134,0, 260, False, 0
2135,0, 260, False, 0
2136,0, 260, False, 0
2137,0, 260, False, 0
2138,0, 260, False, 0
2139,0, 260, False, 0
2140,0, 260, False, 0
2141,0, 260, False, 0
2142,0, 260, False, 0
2143,0, 260, False, 0
2144,0, 260, False, 0
2145,0, 260, False, 0
2146,0, 260, False, 0
2147,0, 260, False, 0
2148,0, 260, False, 0
2149,0, 260, False, 0
2150,0, 260, False, 0
2151,0, 260, False, 0
2152,0, 260, False, 0
2153,0, 260, False, 0
2154,0, 260, False, 0
2155,0, 260, False, 0
2156,0, 260, False, 0
2157,0, 260, False, 0
2158,0, 260, False, 0
2159,0, 260, False, 0
2160,0, 260, False, 0
2161,0, 260, False, 0
2162,0, 260, False, 0
2163,0, 260, False, 0
2164,0, 260, False, 0
2165,0, 260, False, 1
2166,0, 260, False, 1
2167,0, 260, False, 1
2168,0, 260, False, 1
2169,0, 260, False, 1
2170,0, 260, False, 1
2171,0, 260, False, 1
2172,0, 260, False, 1
2173,0, 260, False, 0
2174,0, 260, False, 0
2175,0, 260, False, 0
2176,0, 260, False, 0
2177,0, 260, False, 0
2178,0, 260, False, 0
2179,0, 260, False, 0
2180,0, 260, False, 0
2181,0, 260, False, 0
2182,0, 260, False, 0
2183,0, 260, False, 0
2184,0, 260, False, 0
2185,0, 260, False, 0
2186,0, 260, False, 0
2187,0, 260, False, 0
2188,0, 260, False, 0
2189,0, 260, False, 0
2190,0, 260, False, 0
2191,0, 260, False, 0
2192,0, 260, False, 0
2193,0, 260, False, 0
2194,0, 260, False, 0
2195,0, 260, False, 0
2196,0, 260, False, 0
2197,0, 260, False, 0
2198,0, 260, False, 0
2199,0, 260, False, 0
2200,0, 260, False, 0
2201,0, 260, False, 0
2202,20, 280, False, 0
2203,0, 280, False, 0
2204,0, 280, False, 0
2205,0, 280, False, 0
2206,0, 280, False, 0
2207,0, 280, False, 3
2208,0, 280, False, 3
2209,0, 280, False, 3
2210,0, 280, False, 3
2211,0, 280, False, 3
2212,0, 280, False, 3
2213,0, 280, False, 3
2214,0, 280, False, 3
2215,0, 280, False, 3
2216,0, 280, False, 3
2217,0, 280, False, 3
2218,0, 280, False, 3
2219,0, 280, False, 3
2220,0, 280, False, 3
2221,0, 280, False, 3
2222,0, 280, False, 3
2223,0, 280, False, 3
2224,0, 280, False, 0
2225,0, 280, False, 0
2226,0, 280, False, 0
2227,0, 280, False, 0
2228,0, 280, False, 0
2229,0, 280, False, 0
2230,0, 280, False, 0
2231,0, 280, False, 0
2232,0, 280, False, 0
2233,0, 280, False, 0
2234,0, 280, False, 0
2235,0, 280, False, 0
2236,0, 280, False, 0
2237,0, 280, False, 0
2238,0, 280, False, 0
2239,0, 280, False, 0
2240,0, 280, False, 0
2241,0, 280, False, 0
2242,0, 280, False, 0
2243,0, 280, False, 0
2244,0, 280, False, 0
2245,0, 280, False, 0
2246,0, 280, False, 0
2247,0, 280, False, 0
2248,0, 280, False, 3
2249,0, 280, False, 3
2250,0, 280, False, 3
2251,0, 280, False, 3
2252,0, 280, False, 3
2253,0, 280, False, 3
2254,0, 280, False, 3
2255,0, 280, False, 3
2256,0, 280, False, 3
2257,0, 280, False, 3
2258,0, 280, False, 3
2259,0, 280, False, 3
2260,0, 280, False, 3
2261,0, 280, False, 3
2262,0, 280, False, 3
2263,0, 280, False, 3
2264,0, 280, False, 3
2265,0, 280, False, 3
2266,0, 280, False, 3
2267,0, 280, False, 3
2268,0, 280, False, 3
2269,0, 280, False, 3
2270,0, 280, False, 3
2271,0, 280, False, 3
2272,0, 280, False, 3
2273,0, 280, False, 3
2274,0, 280, False, 3
2275,0, 280, False, 3
2276,0, 280, False, 3
2277,0, 280, False, 3
2278,0, 280, False, 3
2279,0, 280, False, 3
2280,0, 280, False, 3
2281,0, 280, False, 3
2282,0, 280, False, 3
2283,0, 280, False, 3
2284,0, 280, False, 3
2285,0, 280, False, 3
2286,0, 280, False, 3
2287,0, 280, False, 3
2288,0, 280, False, 3
2289,0, 280, False, 3
2290,0, 280, False, 3
2291,0, 280, False, 3
2292,0, 280, False, 3
2293,0, 280, False, 3
2294,0, 280, False, 3
2295,0, 280, False, 3
2296,0, 280, False, 3
2297,0, 280, False, 3
2298,0, 280, False, 3
2299,0, 280, False, 3
2300,0, 280, False, 3
2301,0, 280, False, 3
2302,0, 280, False, 3
2303,0, 280, False, 3
2304,0, 280, False, 3
2305,0, 280, False, 3
2306,0, 280, False, 3
2307,0, 280, False, 3
2308,0, 280, False, 3
2309,0, 280, False, 3
2310,0, 280, False, 3
2311,0, 280, False, 3
2312,0, 280, False, 3
2313,0, 280, False, 3
2314,0, 280, False, 3
2315,0, 280, False, 3
2316,0, 280, False, 3
2317,0, 280, False, 3
2318,0, 280, False, 3
2319,0, 280, False, 3
2320,0, 280, False, 3
2321,0, 280, False, 3
2322,0, 280, False, 3
2323,0, 280, False, 3
2324,0, 280, False, 3
2325,0, 280, False, 3
2326,0, 280, False, 3
2327,0, 280, False, 3
2328,0, 280, False, 3
2329,0, 280, False, 3
2330,0, 280, False, 3
2331,0, 280, False, 3
2332,0, 280, False, 3
2333,0, 280, False, 3
2334,0, 280, False, 11
2335,0, 280, False, 11
2336,0, 280, False, 11
2337,0, 280, False, 11
2338,0, 280, False, 11
2339,0, 280, False, 11
2340,0, 280, False, 11
2341,0, 280, False, 11
2342,5, 285, False, 3
2343,0, 285, False, 3
2344,0, 285, False, 3
2345,0, 285, False, 3
2346,0, 285, False, 3
2347,0, 285, False, 0
2348,0, 285, False, 0
2349,0, 285, False, 0
2350,0, 285, False, 0
2351,0, 285, False, 0
2352,0, 285, False, 0
2353,0, 285, False, 0
2354,0, 285, False, 0
2355,0, 285, False, 0
2356,0, 285, False, 4
2357,0, 285, False, 4
2358,0, 285, False, 4
2359,0, 285, False, 4
2360,0, 285, False, 4
2361,0, 285, False, 4
2362,0, 285, False, 0
2363,0, 285, False, 0
2364,0, 285, False, 0
2365,0, 285, False, 0
2366,0, 285, False, 0
2367,0, 285, False, 1
2368,0, 285, False, 1
2369,0, 285, False, 1
2370,0, 285, False, 1
2371,0, 285, False, 1
2372,0, 285, False, 1
2373,0, 285, False, 1
2374,0, 285, False, 0
2375,0, 285, False, 0
2376,0, 285, False, 0
2377,0, 285, False, 0
2378,0, 285, False, 0
2379,0, 285, False, 0
2380,10, 295, False, 0
2381,0, 295, False, 0
2382,0, 295, False, 0
2383,0, 295, False, 0
2384,0, 295, False, 0
2385,0, 295, False, 0
2386,0, 295, False, 0
2387,0, 295, False, 0
2388,0, 295, False, 0
2389,0, 295, False, 3
2390,0, 295, False, 3
2391,0, 295, False, 3
2392,0, 295, False, 3
2393,0, 295, False, 3
2394,0, 295, False, 3
2395,0, 295, False, 0
2396,0, 295, False, 1
2397,0, 295, False, 1
2398,0, 295, False, 1
2399,0, 295, False, 1
2400,0, 295, False, 1
2401,0, 295, False, 1
2402,0, 295, False, 1
2403,0, 295, False, 0
2404,0, 295, False, 0
2405,0, 295, False, 0
2406,0, 295, False, 0
2407,0, 295, False, 0
2408,0, 295, False, 0
2409,0, 295, False, 0
2410,0, 295, False, 0
2411,0, 295, False, 0
2412,0, 295, False, 0
2413,0, 295, False, 0
2414,0, 295, False, 0
2415,0, 295, False, 0
2416,0, 295, False, 0
2417,0, 295, False, 0
2418,0, 295, False, 0
2419,0, 295, False, 0
2420,15, 310, False, 0
2421,0, 310, False, 1
2422,0, 310, False, 1
2423,0, 310, False, 1
2424,0, 310, False, 1
2425,0, 310, False, 1
2426,0, 310, False, 1
2427,0, 310, False, 1
2428,0, 310, False, 1
2429,0, 310, False, 1
2430,0, 310, False, 1
2431,0, 310, False, 1
2432,0, 310, False, 0
2433,0, 310, False, 0
2434,0, 310, False, 0
2435,0, 310, False, 0
2436,0, 310, False, 0
2437,0, 310, False, 0
2438,0, 310, False, 0
2439,0, 310, False, 0
2440,0, 310, False, 0
2441,0, 310, False, 0
2442,0, 310, False, 0
2443,0, 310, False, 0
2444,0, 310, False, 0
2445,0, 310, False, 0
2446,0, 310, False, 0
2447,0, 310, False, 0
2448,0, 310, False, 0
2449,0, 310, False, 3
2450,0, 310, False, 3
2451,0, 310, False, 3
2452,20, 330, False, 3
2453,0, 330, False, 3
2454,0, 330, False, 11
2455,0, 330, False, 1
2456,0, 330, False, 1
2457,0, 330, False, 1
2458,0, 330, False, 1
2459,0, 330, False, 1
2460,0, 330, False, 1
2461,0, 330, False, 1
2462,0, 330, False, 1
2463,0, 330, False, 1
2464,0, 330, False, 0
2465,0, 330, False, 0
2466,0, 330, False, 0
2467,0, 330, False, 0
2468,0, 330, False, 0
2469,0, 330, False, 0
2470,0, 330, False, 0
2471,0, 330, False, 0
2472,0, 330, False, 0
2473,0, 330, False, 0
2474,0, 330, False, 0
2475,0, 330, False, 0
2476,0, 330, False, 0
2477,0, 330, False, 0
2478,0, 330, False, 0
2479,0, 330, False, 0
2480,0, 330, False, 0
2481,0, 330, False, 0
2482,0, 330, False, 0
2483,0, 330, False, 0
2484,0, 330, False, 0
2485,0, 330, False, 0
2486,0, 330, False, 0
2487,0, 330, False, 0
2488,0, 330, False, 0
2489,0, 330, False, 0
2490,0, 330, False, 0
2491,0, 330, False, 0
2492,0, 330, False, 0
2493,0, 330, False, 0
2494,0, 330, False, 0
2495,0, 330, False, 0
2496,0, 330, False, 3
2497,0, 330, False, 3
2498,0, 330, False, 3
2499,0, 330, False, 3
2500,0, 330, False, 3
2501,0, 330, False, 3
2502,0, 330, False, 3
2503,0, 330, False, 0
2504,0, 330, False, 0
2505,0, 330, False, 0
2506,0, 330, False, 0
2507,0, 330, False, 0
2508,0, 330, False, 0
2509,0, 330, False, 0
2510,0, 330, False, 0
2511,0, 330, False, 0
2512,0, 330, False, 0
2513,0, 330, False, 1
2514,0, 330, False, 1
2515,0, 330, False, 1
2516,0, 330, False, 1
2517,0, 330, False, 1
2518,0, 330, False, 1
2519,0, 330, False, 1
2520,0, 330, False, 1
2521,0, 330, False, 1
2522,0, 330, False, 0
2523,0, 330, False, 0
2524,0, 330, False, 0
2525,0, 330, False, 0
2526,0, 330, False, 0
2527,0, 330, False, 0
2528,0, 330, False, 0
2529,0, 330, False, 0
2530,0, 330, False, 0
2531,0, 330, False, 4
2532,0, 330, False, 4
2533,0, 330, False, 4
2534,0, 330, False, 4
2535,0, 330, False, 4
2536,0, 330, False, 4
2537,0, 330, False, 4
2538,0, 330, False, 4
2539,0, 330, False, 4
2540,0, 330, False, 4
2541,0, 330, False, 4
2542,0, 330, False, 4
2543,0, 330, False, 4
2544,0, 330, False, 4
2545,0, 330, False, 4
2546,0, 330, False, 0
2547,0, 330, False, 0
2548,0, 330, False, 1
2549,0, 330, False, 1
2550,0, 330, False, 1
2551,0, 330, False, 1
2552,0, 330, False, 1
2553,0, 330, False, 1
2554,0, 330, False, 0
2555,0, 330, False, 0
2556,0, 330, False, 0
2557,0, 330, False, 0
2558,0, 330, False, 0
2559,0, 330, False, 0
2560,0, 330, False, 0
2561,0, 330, False, 0
2562,0, 330, False, 0
2563,0, 330, False, 0
2564,0, 330, False, 0
2565,0, 330, False, 0
2566,0, 330, False, 0
2567,0, 330, False, 0
2568,0, 330, False, 0
2569,0, 330, False, 0
2570,0, 330, False, 0
2571,0, 330, False, 0
2572,0, 330, False, 0
2573,0, 330, False, 0
2574,0, 330, False, 0
2575,0, 330, False, 0
2576,0, 330, False, 0
2577,0, 330, False, 0
2578,20, 350, False, 0
2579,0, 350, False, 0
2580,0, 350, False, 0
2581,0, 350, False, 0
2582,0, 350, False, 0
2583,0, 350, False, 0
2584,0, 350, False, 0
2585,0, 350, False, 0
2586,0, 350, False, 0
2587,0, 350, False, 0
2588,0, 350, False, 0
2589,0, 350, False, 0
2590,0, 350, False, 0
2591,0, 350, False, 0
2592,0, 350, False, 0
2593,0, 350, False, 0
2594,0, 350, False, 0
2595,0, 350, False, 0
2596,0, 350, False, 0
2597,0, 350, False, 0
2598,0, 350, False, 0
2599,0, 350, False, 1
2600,0, 350, False, 1
2601,0, 350, False, 1
2602,0, 350, False, 1
2603,0, 350, False, 1
2604,0, 350, False, 1
2605,0, 350, False, 0
2606,0, 350, False, 0
2607,0, 350, False, 0
2608,0, 350, False, 0
2609,0, 350, False, 0
2610,0, 350, False, 0
2611,0, 350, False, 0
2612,0, 350, False, 0
2613,0, 350, False, 0
2614,0, 350, False, 0
2615,0, 350, False, 0
2616,0, 350, False, 0
2617,0, 350, False, 0
2618,0, 350, False, 0
2619,0, 350, False, 0
2620,0, 350, False, 0
2621,0, 350, False, 0
2622,0, 350, False, 0
2623,0, 350, False, 0
2624,0, 350, False, 0
2625,0, 350, False, 0
2626,0, 350, False, 0
2627,0, 350, False, 0
2628,0, 350, False, 0
2629,0, 350, False, 0
2630,0, 350, False, 0
2631,0, 350, False, 4
2632,0, 350, False, 4
2633,0, 350, False, 4
2634,0, 350, False, 4
2635,0, 350, False, 4
2636,25, 375, False, 4
2637,0, 375, False, 4
2638,0, 375, False, 0
2639,0, 375, False, 0
2640,0, 375, False, 0
2641,0, 375, False, 0
2642,0, 375, False, 0
2643,0, 375, False, 0
2644,0, 375, False, 0
2645,0, 375, False, 0
2646,0, 375, False, 0
2647,0, 375, False, 0
2648,0, 375, False, 0
2649,0, 375, False, 0
2650,0, 375, False, 3
2651,0, 375, False, 3
2652,0, 375, False, 3
2653,0, 375, False, 3
2654,0, 375, False, 3
2655,0, 375, False, 3
2656,0, 375, False, 3
2657,0, 375, False, 3
2658,0, 375, False, 3
2659,0, 375, False, 3
2660,0, 375, False, 3
2661,0, 375, False, 3
2662,0, 375, False, 3
2663,0, 375, False, 3
2664,0, 375, False, 3
2665,0, 375, False, 3
2666,0, 375, False, 3
2667,0, 375, False, 3
2668,0, 375, False, 3
2669,0, 375, False, 3
2670,0, 375, False, 3
2671,0, 375, False, 3
2672,0, 375, False, 3
2673,0, 375, False, 3
2674,0, 375, False, 3
2675,0, 375, False, 3
2676,0, 375, False, 3
2677,0, 375, False, 3
2678,0, 375, False, 3
2679,0, 375, False, 3
2680,0, 375, False, 0
2681,0, 375, False, 0
2682,0, 375, False, 1
2683,0, 375, False, 1
2684,0, 375, False, 1
2685,0, 375, False, 1
2686,0, 375, False, 1
2687,0, 375, False, 1
2688,0, 375, False, 0
2689,0, 375, False, 0
2690,0, 375, False, 0
2691,0, 375, False, 0
2692,0, 375, False, 0
2693,0, 375, False, 0
2694,0, 375, False, 0
2695,0, 375, False, 0
2696,0, 375, False, 0
2697,0, 375, False, 0
2698,0, 375, False, 0
2699,0, 375, False, 0
2700,0, 375, False, 0
2701,0, 375, False, 0
2702,0, 375, False, 0
2703,0, 375, False, 0
2704,0, 375, False, 0
2705,0, 375, False, 0
2706,0, 375, False, 0
2707,0, 375, False, 0
2708,0, 375, False, 0
2709,0, 375, False, 0
2710,0, 375, False, 0
2711,0, 375, False, 0
2712,0, 375, False, 0
2713,0, 375, False, 0
2714,0, 375, False, 0
2715,0, 375, False, 0
2716,0, 375, False, 0
2717,0, 375, False, 0
2718,0, 375, False, 0
2719,0, 375, False, 0
2720,25, 400, False, 0
2721,0, 400, False, 0
2722,0, 400, False, 0
2723,0, 400, False, 0
2724,0, 400, False, 0
2725,0, 400, False, 0
2726,0, 400, False, 0
2727,0, 400, False, 0
2728,0, 400, False, 0
2729,0, 400, False, 0
2730,0, 400, False, 0
2731,0, 400, False, 4
2732,0, 400, False, 4
2733,0, 400, False, 4
2734,0, 400, False, 4
2735,0, 400, False, 4
2736,0, 400, False, 4
2737,0, 400, False, 4
2738,0, 400, False, 4
2739,0, 400, False, 4
2740,0, 400, False, 4
2741,0, 400, False, 4
2742,0, 400, False, 4
2743,0, 400, False, 4
2744,0, 400, False, 1
2745,0, 400, False, 1
2746,0, 400, False, 1
2747,0, 400, False, 1
2748,0, 400, False, 1
2749,0, 400, False, 1
2750,0, 400, False, 0
2751,0, 400, False, 0
2752,0, 400, False, 0
2753,0, 400, False, 0
2754,0, 400, False, 0
2755,0, 400, False, 0
2756,0, 400, False, 0
2757,0, 400, False, 0
2758,0, 400, False, 0
2759,0, 400, False, 0
2760,0, 400, False, 0
2761,0, 400, False, 0
2762,0, 400, False, 0
2763,0, 400, False, 0
2764,0, 400, False, 0
2765,0, 400, False, 0
2766,0, 400, False, 0
2767,0, 400, False, 0
2768,0, 400, False, 0
2769,0, 400, False, 0
2770,0, 400, False, 0
2771,0, 400, False, 0
2772,0, 400, False, 0
2773,0, 400, False, 0
2774,0, 400, False, 0
2775,0, 400, False, 0
2776,0, 400, False, 0
2777,0, 400, False, 4
2778,0, 400, False, 4
2779,0, 400, False, 4
2780,0, 400, False, 4
2781,0, 400, False, 4
2782,0, 400, False, 4
2783,0, 400, False, 4
2784,0, 400, False, 4
2785,0, 400, False, 4
2786,0, 400, False, 4
2787,0, 400, False, 4
2788,0, 400, False, 4
2789,0, 400, False, 4
2790,30, 430, False, 4
2791,0, 430, False, 4
2792,0, 430, False, 4
2793,0, 430, False, 4
2794,0, 430, False, 4
2795,0, 430, False, 4
2796,0, 430, False, 4
2797,0, 430, False, 4
2798,0, 430, False, 4
2799,0, 430, False, 4
2800,0, 430, False, 4
2801,0, 430, False, 4
2802,0, 430, False, 4
2803,0, 430, False, 4
2804,0, 430, False, 4
2805,0, 430, False, 4
2806,0, 430, False, 4
2807,0, 430, False, 4
2808,0, 430, False, 4
2809,0, 430, False, 4
2810,0, 430, False, 4
2811,0, 430, False, 4
2812,0, 430, False, 4
2813,0, 430, False, 4
2814,0, 430, False, 4
2815,0, 430, False, 4
2816,0, 430, False, 4
2817,0, 430, False, 4
2818,0, 430, False, 4
2819,0, 430, False, 4
2820,0, 430, False, 4
2821,0, 430, False, 4
2822,0, 430, False, 4
2823,0, 430, False, 4
2824,0, 430, False, 4
2825,0, 430, False, 4
2826,0, 430, False, 4
2827,0, 430, False, 4
2828,0, 430, False, 4
2829,0, 430, False, 12
2830,0, 430, False, 12
2831,0, 430, False, 12
2832,0, 430, False, 12
2833,0, 430, False, 12
2834,0, 430, False, 12
2835,0, 430, False, 12
2836,0, 430, False, 4
2837,0, 430, False, 4
2838,0, 430, False, 4
2839,0, 430, False, 4
2840,0, 430, False, 4
2841,0, 430, False, 4
2842,0, 430, False, 4
2843,0, 430, False, 4
2844,0, 430, False, 4
2845,0, 430, False, 4
2846,0, 430, False, 4
2847,0, 430, False, 4
2848,0, 430, False, 4
2849,0, 430, False, 4
2850,0, 430, False, 4
2851,0, 430, False, 4
2852,0, 430, False, 4
2853,0, 430, False, 4
2854,0, 430, False, 4
2855,0, 430, False, 4
2856,0, 430, False, 4
2857,0, 430, False, 4
2858,0, 430, False, 4
2859,0, 430, False, 4
2860,0, 430, False, 4
2861,0, 430, False, 4
2862,0, 430, False, 4
2863,0, 430, False, 4
2864,0, 430, False, 4
2865,0, 430, False, 4
2866,0, 430, False, 4
2867,0, 430, False, 4
2868,0, 430, False, 4
2869,0, 430, False, 12
2870,0, 430, False, 12
2871,0, 430, False, 12
2872,0, 430, False, 12
2873,0, 430, False, 12
2874,0, 430, False, 12
2875,0, 430, False, 12
2876,0, 430, False, 4
2877,0, 430, False, 4
2878,0, 430, False, 4
2879,0, 430, False, 4
2880,0, 430, False, 4
2881,0, 430, False, 4
2882,0, 430, False, 4
2883,0, 430, False, 4
2884,0, 430, False, 4
2885,0, 430, False, 0
2886,0, 430, False, 0
2887,0, 430, False, 0
2888,0, 430, False, 0
2889,0, 430, False, 0
2890,0, 430, False, 3
2891,0, 430, False, 3
2892,0, 430, False, 3
2893,0, 430, False, 3
2894,0, 430, False, 3
2895,0, 430, False, 3
2896,0, 430, False, 3
2897,0, 430, False, 3
2898,0, 430, False, 3
2899,0, 430, False, 3
2900,0, 430, False, 3
2901,0, 430, False, 3
2902,0, 430, False, 3
2903,0, 430, False, 3
2904,0, 430, False, 3
2905,0, 430, False, 3
2906,0, 430, False, 3
2907,0, 430, False, 3
2908,0, 430, False, 3
2909,0, 430, False, 3
2910,0, 430, False, 3
2911,0, 430, False, 3
2912,0, 430, False, 0
2913,0, 430, False, 0
2914,0, 430, False, 0
2915,0, 430, False, 0
2916,0, 430, False, 1
2917,0, 430, False, 1
2918,0, 430, False, 1
2919,0, 430, False, 1
2920,0, 430, False, 1
2921,0, 430, False, 1
2922,0, 430, False, 11
2923,0, 430, False, 11
2924,0, 430, False, 3
2925,0, 430, False, 3
2926,0, 430, False, 3
2927,0, 430, False, 3
2928,0, 430, False, 3
2929,0, 430, False, 3
2930,0, 430, False, 3
2931,0, 430, False, 3
2932,0, 430, False, 0
2933,0, 430, False, 0
2934,0, 430, False, 0
2935,0, 430, False, 0
2936,0, 430, False, 0
2937,0, 430, False, 0
2938,0, 430, False, 0
2939,0, 430, False, 0
2940,0, 430, False, 0
2941,0, 430, False, 0
2942,0, 430, False, 0
2943,0, 430, False, 0
2944,0, 430, False, 0
2945,0, 430, False, 0
2946,0, 430, False, 0
2947,0, 430, False, 3
2948,0, 430, False, 3
2949,0, 430, False, 3
2950,0, 430, False, 3
2951,0, 430, False, 3
2952,0, 430, False, 3
2953,0, 430, False, 3
2954,0, 430, False, 3
2955,0, 430, False, 0
2956,0, 430, False, 0
2957,0, 430, False, 0
2958,0, 430, False, 0
2959,0, 430, False, 0
2960,0, 430, False, 3
2961,0, 430, False, 3
2962,0, 430, False, 3
2963,0, 430, False, 3
2964,0, 430, False, 3
2965,0, 430, False, 3
2966,0, 430, False, 3
2967,0, 430, False, 0
2968,0, 430, False, 0
2969,0, 430, False, 0
2970,0, 430, False, 0
2971,0, 430, False, 0
2972,0, 430, False, 0
2973,0, 430, False, 0
2974,0, 430, False, 0
2975,0, 430, False, 0
2976,0, 430, False, 0
2977,0, 430, False, 0
2978,0, 430, False, 0
2979,0, 430, False, 0
2980,0, 430, False, 0
2981,0, 430, False, 0
2982,0, 430, False, 0
2983,0, 430, False, 0
2984,0, 430, False, 0
2985,0, 430, False, 0
2986,0, 430, False, 0
2987,0, 430, False, 3
2988,0, 430, False, 3
2989,0, 430, False, 3
2990,0, 430, False, 3
2991,0, 430, False, 3
2992,0, 430, False, 3
2993,0, 430, False, 3
2994,0, 430, False, 3
2995,0, 430, False, 3
2996,0, 430, False, 3
2997,0, 430, False, 3
2998,0, 430, False, 3
2999,0, 430, False, 3
3000,0, 430, False, 3
3001,0, 430, False, 3
3002,0, 430, False, 3
3003,0, 430, False, 3
3004,0, 430, False, 3
3005,0, 430, False, 3
3006,0, 430, False, 11
3007,0, 430, False, 11
3008,0, 430, False, 11
3009,0, 430, False, 11
3010,0, 430, False, 11
3011,0, 430, False, 11
3012,0, 430, False, 3
3013,0, 430, False, 0
3014,0, 430, False, 0
3015,0, 430, False, 0
3016,0, 430, False, 0
3017,0, 430, False, 0
3018,0, 430, False, 0
3019,0, 430, False, 0
3020,0, 430, False, 0
3021,0, 430, False, 0
3022,0, 430, False, 0
3023,0, 430, False, 0
3024,0, 430, False, 0
3025,0, 430, False, 0
3026,0, 430, False, 0
3027,0, 430, False, 0
3028,0, 430, False, 0
3029,0, 430, False, 0
3030,0, 430, False, 0
3031,0, 430, False, 3
3032,0, 430, False, 3
3033,0, 430, False, 3
3034,0, 430, False, 3
3035,0, 430, False, 3
3036,0, 430, False, 3
3037,0, 430, False, 3
3038,0, 430, False, 3
3039,0, 430, False, 3
3040,25, 455, False, 3
3041,0, 455, False, 3
3042,0, 455, False, 3
3043,0, 455, False, 0
3044,0, 455, False, 0
3045,0, 455, False, 0
3046,0, 455, False, 0
3047,0, 455, False, 0
3048,0, 455, False, 0
3049,0, 455, False, 0
3050,0, 455, False, 1
3051,0, 455, False, 1
3052,0, 455, False, 1
3053,0, 455, False, 1
3054,0, 455, False, 1
3055,0, 455, False, 1
3056,0, 455, False, 1
3057,0, 455, False, 0
3058,0, 455, False, 0
3059,0, 455, False, 0
3060,0, 455, False, 0
3061,0, 455, False, 0
3062,0, 455, False, 0
3063,0, 455, False, 0
3064,0, 455, False, 0
3065,0, 455, False, 0
3066,0, 455, False, 0
3067,0, 455, False, 0
3068,0, 455, False, 0
3069,0, 455, False, 0
3070,0, 455, False, 0
3071,0, 455, False, 0
3072,0, 455, False, 0
3073,0, 455, False, 0
3074,0, 455, False, 0
3075,0, 455, False, 0
3076,0, 455, False, 0
3077,0, 455, False, 0
3078,0, 455, False, 0
3079,0, 455, False, 0
3080,0, 455, False, 0
3081,0, 455, False, 0
3082,0, 455, False, 0
3083,0, 455, False, 0
3084,0, 455, False, 4
3085,0, 455, False, 4
3086,0, 455, False, 4
3087,0, 455, False, 4
3088,0, 455, False, 4
3089,0, 455, False, 4
3090,0, 455, False, 4
3091,0, 455, False, 4
3092,0, 455, False, 4
3093,0, 455, False, 4
3094,0, 455, False, 4
3095,0, 455, False, 4
3096,0, 455, False, 4
3097,0, 455, False, 4
3098,0, 455, False, 4
3099,0, 455, False, 4
3100,0, 455, False, 4
3101,0, 455, False, 4
3102,0, 455, False, 4
3103,0, 455, False, 4
3104,0, 455, False, 4
3105,0, 455, False, 4
3106,0, 455, False, 4
3107,0, 455, False, 4
3108,0, 455, False, 4
3109,0, 455, False, 4
3110,0, 455, False, 4
3111,0, 455, False, 4
3112,0, 455, False, 4
3113,0, 455, False, 4
3114,0, 455, False, 4
3115,0, 455, False, 4
3116,0, 455, False, 4
3117,0, 455, False, 4
3118,0, 455, False, 4
3119,0, 455, False, 4
3120,0, 455, False, 4
3121,0, 455, False, 4
3122,0, 455, False, 4
3123,0, 455, False, 4
3124,0, 455, False, 4
3125,0, 455, False, 4
3126,0, 455, False, 4
3127,0, 455, False, 4
3128,0, 455, False, 4
3129,0, 455, False, 4
3130,0, 455, False, 4
3131,0, 455, False, 4
3132,0, 455, False, 4
3133,0, 455, False, 4
3134,0, 455, False, 4
3135,0, 455, False, 4
3136,0, 455, False, 4
3137,0, 455, False, 4
3138,0, 455, False, 4
3139,0, 455, False, 4
3140,0, 455, False, 4
3141,0, 455, False, 4
3142,0, 455, False, 4
3143,0, 455, False, 4
3144,0, 455, False, 4
3145,0, 455, False, 4
3146,0, 455, False, 12
3147,0, 455, False, 12
3148,0, 455, False, 12
3149,0, 455, False, 12
3150,0, 455, False, 12
3151,0, 455, False, 12
3152,0, 455, False, 12
3153,0, 455, False, 12
3154,0, 455, False, 12
3155,0, 455, False, 4
3156,0, 455, False, 4
3157,0, 455, False, 4
3158,0, 455, False, 4
3159,0, 455, False, 4
3160,0, 455, False, 4
3161,0, 455, False, 4
3162,0, 455, False, 4
3163,0, 455, False, 4
3164,0, 455, False, 4
3165,0, 455, False, 4
3166,0, 455, False, 4
3167,0, 455, False, 4
3168,0, 455, False, 4
3169,0, 455, False, 4
3170,0, 455, False, 4
3171,0, 455, False, 4
3172,0, 455, False, 4
3173,0, 455, False, 4
3174,0, 455, False, 4
3175,0, 455, False, 4
3176,0, 455, False, 4
3177,0, 455, False, 4
3178,0, 455, False, 4
3179,0, 455, False, 4
3180,0, 455, False, 4
3181,0, 455, False, 4
3182,0, 455, False, 4
3183,0, 455, False, 4
3184,0, 455, False, 4
3185,0, 455, False, 4
3186,0, 455, False, 4
3187,0, 455, False, 4
3188,0, 455, False, 4
3189,0, 455, False, 4
3190,0, 455, False, 4
3191,0, 455, False, 4
3192,0, 455, False, 12
3193,0, 455, False, 12
3194,0, 455, False, 12
3195,0, 455, False, 12
3196,0, 455, False, 12
3197,0, 455, False, 12
3198,0, 455, False, 12
3199,0, 455, False, 4
3200,0, 455, False, 4
3201,0, 455, False, 4
3202,0, 455, False, 4
3203,0, 455, False, 4
3204,0, 455, False, 4
3205,0, 455, False, 4
3206,0, 455, False, 4
3207,0, 455, False, 4
3208,0, 455, False, 4
3209,0, 455, False, 12
3210,0, 455, False, 12
3211,0, 455, False, 12
3212,0, 455, False, 12
3213,0, 455, False, 12
3214,0, 455, False, 12
3215,0, 455, False, 12
3216,0, 455, False, 4
3217,0, 455, False, 4
3218,0, 455, False, 4
3219,0, 455, False, 4
3220,0, 455, False, 4
3221,0, 455, False, 4
3222,0, 455, False, 4
3223,0, 455, False, 4
3224,0, 455, False, 4
3225,0, 455, False, 4
3226,0, 455, False, 4
3227,0, 455, False, 4
3228,0, 455, False, 4
3229,0, 455, False, 12
3230,0, 455, False, 12
3231,0, 455, False, 12
3232,0, 455, False, 12
3233,0, 455, False, 12
3234,0, 455, False, 12
3235,0, 455, False, 12
3236,0, 455, False, 1
3237,0, 455, False, 0
3238,0, 455, False, 0
3239,0, 455, False, 0
3240,0, 455, False, 0
3241,0, 455, False, 0
3242,0, 455, False, 0
3243,0, 455, False, 0
3244,0, 455, False, 0
3245,0, 455, False, 0
3246,0, 455, False, 0
3247,0, 455, False, 4
3248,0, 455, False, 4
3249,0, 455, False, 4
3250,0, 455, False, 4
3251,0, 455, False, 4
3252,0, 455, False, 4
3253,0, 455, False, 4
3254,0, 455, False, 4
3255,0, 455, False, 4
3256,25, 480, False, 4
3257,0, 480, False, 0
3258,0, 480, False, 0
3259,0, 480, False, 0
3260,0, 480, False, 0
3261,0, 480, False, 0
3262,0, 480, False, 0
3263,0, 480, False, 3
3264,0, 480, False, 3
3265,0, 480, False, 3
3266,0, 480, False, 3
3267,0, 480, False, 3
3268,0, 480, False, 3
3269,0, 480, False, 3
3270,0, 480, False, 3
3271,0, 480, False, 3
3272,0, 480, False, 3
3273,0, 480, False, 3
3274,0, 480, False, 3
3275,0, 480, False, 3
3276,0, 480, False, 3
3277,0, 480, False, 0
3278,0, 480, False, 0
3279,0, 480, False, 0
3280,0, 480, False, 0
3281,0, 480, False, 0
3282,0, 480, False, 0
3283,0, 480, False, 0
3284,0, 480, False, 0
3285,0, 480, False, 1
3286,0, 480, False, 1
3287,0, 480, False, 1
3288,0, 480, False, 1
3289,0, 480, False, 1
3290,0, 480, False, 1
3291,0, 480, False, 1
3292,0, 480, False, 0
3293,0, 480, False, 0
3294,0, 480, False, 0
3295,0, 480, False, 0
3296,0, 480, False, 0
3297,0, 480, False, 0
3298,0, 480, False, 0
3299,0, 480, False, 0
3300,0, 480, False, 0
3301,0, 480, False, 0
3302,0, 480, False, 0
3303,0, 480, False, 0
3304,0, 480, False, 0
3305,0, 480, False, 0
3306,0, 480, False, 0
3307,0, 480, False, 0
3308,0, 480, False, 0
3309,0, 480, False, 0
3310,0, 480, False, 0
3311,0, 480, False, 0
3312,0, 480, False, 0
3313,0, 480, False, 0
3314,0, 480, False, 0
3315,0, 480, False, 0
3316,0, 480, False, 0
3317,0, 480, False, 0
3318,30, 510, False, 0
3319,0, 510, False, 3
3320,0, 510, False, 3
3321,0, 510, False, 3
3322,0, 510, False, 3
3323,0, 510, False, 3
3324,0, 510, False, 3
3325,0, 510, False, 3
3326,0, 510, False, 3
3327,0, 510, False, 3
3328,0, 510, False, 3
3329,0, 510, False, 3
3330,0, 510, False, 3
3331,0, 510, False, 3
3332,0, 510, False, 3
3333,0, 510, False, 3
3334,0, 510, False, 3
3335,0, 510, False, 3
3336,0, 510, False, 3
3337,0, 510, False, 3
3338,0, 510, False, 3
3339,0, 510, False, 3
3340,0, 510, False, 3
3341,0, 510, False, 3
3342,0, 510, False, 3
3343,0, 510, False, 3
3344,0, 510, False, 3
3345,0, 510, False, 3
3346,0, 510, False, 3
3347,0, 510, False, 3
3348,0, 510, False, 3
3349,0, 510, False, 3
3350,0, 510, False, 3
3351,0, 510, False, 3
3352,0, 510, False, 3
3353,0, 510, False, 3
3354,0, 510, False, 11
3355,0, 510, False, 11
3356,0, 510, False, 11
3357,0, 510, False, 11
3358,0, 510, False, 11
3359,0, 510, False, 11
3360,0, 510, False, 11
3361,0, 510, False, 11
3362,0, 510, False, 3
3363,0, 510, False, 3
3364,0, 510, False, 3
3365,0, 510, False, 3
3366,0, 510, False, 3
3367,0, 510, False, 3
3368,0, 510, False, 3
3369,0, 510, False, 3
3370,0, 510, False, 3
3371,0, 510, False, 3
3372,0, 510, False, 3
3373,0, 510, False, 3
3374,0, 510, False, 3
3375,0, 510, False, 3
3376,0, 510, False, 3
3377,0, 510, False, 3
3378,0, 510, False, 3
3379,0, 510, False, 3
3380,0, 510, False, 3
3381,0, 510, False, 3
3382,0, 510, False, 3
3383,0, 510, False, 3
3384,0, 510, False, 3
3385,0, 510, False, 3
3386,0, 510, False, 3
3387,0, 510, False, 3
3388,0, 510, False, 3
3389,0, 510, False, 3
3390,0, 510, False, 3
3391,0, 510, False, 3
3392,0, 510, False, 3
3393,0, 510, False, 3
3394,0, 510, False, 3
3395,0, 510, False, 3
3396,0, 510, False, 3
3397,0, 510, False, 3
3398,0, 510, False, 3
3399,0, 510, False, 3
3400,0, 510, False, 3
3401,0, 510, False, 3
3402,0, 510, False, 3
3403,0, 510, False, 3
3404,0, 510, False, 3
3405,0, 510, False, 3
3406,0, 510, False, 3
3407,0, 510, False, 3
3408,0, 510, False, 3
3409,0, 510, False, 3
3410,0, 510, False, 3
3411,0, 510, False, 3
3412,0, 510, False, 3
3413,0, 510, False, 3
3414,0, 510, False, 3
3415,0, 510, False, 3
3416,0, 510, False, 3
3417,0, 510, False, 3
3418,0, 510, False, 3
3419,0, 510, False, 3
3420,0, 510, False, 11
3421,0, 510, False, 11
3422,0, 510, False, 11
3423,0, 510, False, 11
3424,0, 510, False, 11
3425,0, 510, False, 11
3426,0, 510, False, 3
3427,0, 510, False, 3
3428,0, 510, False, 3
3429,0, 510, False, 3
3430,0, 510, False, 3
3431,0, 510, False, 3
3432,0, 510, False, 3
3433,0, 510, False, 3
3434,0, 510, False, 3
3435,0, 510, False, 3
3436,0, 510, False, 3
3437,0, 510, False, 3
3438,0, 510, False, 3
3439,0, 510, False, 3
3440,0, 510, False, 3
3441,0, 510, False, 3
3442,0, 510, False, 3
3443,0, 510, False, 3
3444,0, 510, False, 3
3445,0, 510, False, 3
3446,0, 510, False, 3
3447,0, 510, False, 3
3448,0, 510, False, 3
3449,0, 510, False, 3
3450,0, 510, False, 3
3451,0, 510, False, 3
3452,0, 510, False, 3
3453,0, 510, False, 11
3454,0, 510, False, 11
3455,0, 510, False, 11
3456,0, 510, False, 11
3457,0, 510, False, 11
3458,0, 510, False, 11
3459,0, 510, False, 11
3460,0, 510, False, 3
3461,0, 510, False, 3
3462,0, 510, False, 3
3463,0, 510, False, 3
3464,0, 510, False, 3
3465,0, 510, False, 3
3466,0, 510, False, 0
3467,0, 510, False, 0
3468,0, 510, False, 0
3469,0, 510, False, 0
3470,0, 510, False, 0
3471,0, 510, False, 0
3472,0, 510, False, 0
3473,0, 510, False, 0
3474,0, 510, False, 0
3475,0, 510, False, 0
3476,0, 510, False, 0
3477,0, 510, False, 0
3478,0, 510, False, 0
3479,0, 510, False, 0
3480,0, 510, False, 0
3481,0, 510, False, 0
3482,0, 510, False, 0
3483,0, 510, False, 0
3484,30, 540, False, 0
3485,0, 540, False, 0
3486,0, 540, False, 0
3487,0, 540, False, 0
3488,0, 540, False, 0
3489,0, 540, False, 0
3490,0, 540, False, 0
3491,0, 540, False, 0
3492,0, 540, False, 0
3493,0, 540, False, 0
3494,0, 540, False, 0
3495,0, 540, False, 0
3496,0, 540, False, 0
3497,0, 540, False, 0
3498,0, 540, False, 0
3499,0, 540, False, 0
3500,0, 540, False, 0
3501,0, 540, False, 4
3502,0, 540, False, 4
3503,0, 540, False, 4
3504,0, 540, False, 4
3505,0, 540, False, 4
3506,0, 540, False, 0
3507,0, 540, False, 0
3508,0, 540, False, 0
3509,0, 540, False, 1
3510,0, 540, False, 1
3511,0, 540, False, 1
3512,0, 540, False, 1
3513,0, 540, False, 1
3514,0, 540, False, 1
3515,0, 540, False, 4
3516,0, 540, False, 4
3517,0, 540, False, 4
3518,0, 540, False, 4
3519,0, 540, False, 4
3520,0, 540, False, 4
3521,0, 540, False, 4
3522,0, 540, False, 4
3523,0, 540, False, 4
3524,0, 540, False, 4
3525,0, 540, False, 4
3526,0, 540, False, 4
3527,0, 540, False, 4
3528,0, 540, False, 4
3529,0, 540, False, 4
3530,0, 540, False, 4
3531,0, 540, False, 4
3532,0, 540, False, 4
3533,0, 540, False, 4
3534,30, 570, False, 4
3535,0, 570, False, 4
3536,0, 570, False, 4
3537,0, 570, False, 4
3538,0, 570, False, 4
3539,0, 570, False, 4
3540,0, 570, False, 4
3541,0, 570, False, 4
3542,0, 570, False, 4
3543,0, 570, False, 4
3544,0, 570, False, 4
3545,0, 570, False, 4
3546,0, 570, False, 0
3547,0, 570, False, 0
3548,0, 570, False, 0
3549,0, 570, False, 0
3550,0, 570, False, 0
3551,0, 570, False, 0
3552,0, 570, False, 0
3553,0, 570, False, 0
3554,0, 570, False, 0
3555,0, 570, False, 0
3556,0, 570, False, 4
3557,0, 570, False, 4
3558,0, 570, False, 4
3559,0, 570, False, 4
3560,0, 570, False, 4
3561,0, 570, False, 4
3562,0, 570, False, 4
3563,0, 570, False, 4
3564,0, 570, False, 4
3565,0, 570, False, 4
3566,0, 570, False, 4
3567,0, 570, False, 4
3568,0, 570, False, 4
3569,0, 570, False, 4
3570,0, 570, False, 4
3571,0, 570, False, 4
3572,0, 570, False, 4
3573,0, 570, False, 4
3574,0, 570, False, 4
3575,0, 570, False, 4
3576,0, 570, False, 4
3577,0, 570, False, 4
3578,0, 570, False, 4
3579,0, 570, False, 4
3580,0, 570, False, 4
3581,0, 570, False, 4
3582,0, 570, False, 4
3583,0, 570, False, 4
3584,0, 570, False, 4
3585,0, 570, False, 4
3586,0, 570, False, 4
3587,0, 570, False, 4
3588,0, 570, False, 4
3589,0, 570, False, 4
3590,0, 570, False, 4
3591,0, 570, False, 4
3592,0, 570, False, 4
3593,0, 570, False, 4
3594,0, 570, False, 4
3595,0, 570, False, 4
3596,0, 570, False, 4
3597,0, 570, False, 4
3598,0, 570, False, 0
3599,0, 570, False, 0
3600,0, 570, False, 0
3601,0, 570, False, 3
3602,0, 570, False, 3
3603,0, 570, False, 3
3604,0, 570, False, 3
3605,0, 570, False, 3
3606,0, 570, False, 3
3607,0, 570, False, 3
3608,0, 570, False, 3
3609,0, 570, False, 3
3610,0, 570, False, 3
3611,0, 570, False, 3
3612,0, 570, False, 0
3613,0, 570, False, 0
3614,0, 570, False, 0
3615,0, 570, False, 0
3616,0, 570, False, 0
3617,0, 570, False, 0
3618,0, 570, False, 0
3619,0, 570, False, 0
3620,0, 570, False, 0
3621,0, 570, False, 0
3622,0, 570, False, 0
3623,0, 570, False, 0
3624,0, 570, False, 0
3625,0, 570, False, 0
3626,0, 570, False, 0
3627,0, 570, False, 0
3628,0, 570, False, 0
3629,0, 570, False, 1
3630,0, 570, False, 1
3631,0, 570, False, 1
3632,0, 570, False, 1
3633,0, 570, False, 0
3634,0, 570, False, 0
3635,0, 570, False, 0
3636,0, 570, False, 0
3637,0, 570, False, 0
3638,0, 570, False, 0
3639,0, 570, False, 0
3640,0, 570, False, 0
3641,0, 570, False, 0
3642,0, 570, False, 0
3643,0, 570, False, 0
3644,0, 570, False, 3
3645,0, 570, False, 3
3646,0, 570, False, 3
3647,0, 570, False, 3
3648,0, 570, False, 3
3649,0, 570, False, 3
3650,0, 570, False, 3
3651,0, 570, False, 3
3652,0, 570, False, 3
3653,0, 570, False, 3
3654,0, 570, False, 3
3655,0, 570, False, 3
3656,0, 570, False, 3
3657,0, 570, False, 3
3658,0, 570, False, 3
3659,0, 570, False, 3
3660,0, 570, False, 3
3661,0, 570, False, 3
3662,0, 570, False, 3
3663,0, 570, False, 3
3664,0, 570, False, 3
3665,0, 570, False, 3
3666,0, 570, False, 3
3667,0, 570, False, 3
3668,0, 570, False, 3
3669,0, 570, False, 3
3670,0, 570, False, 3
3671,0, 570, False, 0
3672,0, 570, False, 0
3673,0, 570, False, 0
3674,0, 570, False, 0
3675,0, 570, False, 0
3676,0, 570, False, 0
3677,0, 570, False, 0
3678,0, 570, False, 0
3679,0, 570, False, 0
3680,0, 570, False, 0
3681,0, 570, False, 0
3682,0, 570, False, 0
3683,0, 570, False, 0
3684,0, 570, False, 0
3685,0, 570, False, 0
3686,0, 570, False, 0
3687,0, 570, False, 0
3688,0, 570, False, 0
3689,0, 570, False, 0
3690,0, 570, False, 0
3691,0, 570, False, 3
3692,0, 570, False, 3
3693,0, 570, False, 3
3694,0, 570, False, 3
3695,0, 570, False, 3
3696,0, 570, False, 3
3697,0, 570, False, 3
3698,0, 570, False, 3
3699,0, 570, False, 3
3700,0, 570, False, 3
3701,0, 570, False, 3
3702,0, 570, False, 3
3703,0, 570, False, 3
3704,0, 570, False, 3
3705,0, 570, False, 3
3706,0, 570, False, 3
3707,0, 570, False, 3
3708,0, 570, False, 3
3709,0, 570, False, 3
3710,0, 570, False, 3
3711,0, 570, False, 3
3712,0, 570, False, 3
3713,0, 570, False, 0
3714,0, 570, False, 0
3715,0, 570, False, 0
3716,0, 570, False, 0
3717,0, 570, False, 0
3718,0, 570, False, 1
3719,0, 570, False, 1
3720,0, 570, False, 1
3721,0, 570, False, 1
3722,0, 570, False, 1
3723,0, 570, False, 1
3724,0, 570, False, 0
3725,0, 570, False, 0
3726,0, 570, False, 0
3727,0, 570, False, 0
3728,0, 570, False, 0
3729,0, 570, False, 0
3730,0, 570, False, 0
3731,0, 570, False, 0
3732,0, 570, False, 0
3733,0, 570, False, 0
3734,0, 570, False, 0
3735,0, 570, False, 0
3736,0, 570, False, 0
3737,0, 570, False, 4
3738,0, 570, False, 4
3739,0, 570, False, 4
3740,0, 570, False, 4
3741,0, 570, False, 4
3742,0, 570, False, 4
3743,0, 570, False, 4
3744,0, 570, False, 4
3745,0, 570, False, 4
3746,0, 570, False, 4
3747,0, 570, False, 4
3748,0, 570, False, 4
3749,0, 570, False, 4
3750,0, 570, False, 4
3751,0, 570, False, 4
3752,0, 570, False, 4
3753,0, 570, False, 4
3754,0, 570, False, 4
3755,0, 570, False, 4
3756,0, 570, False, 4
3757,0, 570, False, 4
3758,0, 570, False, 4
3759,0, 570, False, 4
3760,0, 570, False, 4
3761,0, 570, False, 4
3762,0, 570, False, 4
3763,0, 570, False, 4
3764,0, 570, False, 4
3765,0, 570, False, 4
3766,0, 570, False, 4
3767,0, 570, False, 4
3768,0, 570, False, 12
3769,0, 570, False, 12
3770,0, 570, False, 12
3771,0, 570, False, 12
3772,0, 570, False, 12
3773,0, 570, False, 12
3774,0, 570, False, 12
3775,0, 570, False, 12
3776,0, 570, False, 4
3777,0, 570, False, 4
3778,0, 570, False, 4
3779,0, 570, False, 4
3780,0, 570, False, 4
3781,0, 570, False, 4
3782,0, 570, False, 4
3783,0, 570, False, 4
3784,0, 570, False, 4
3785,0, 570, False, 4
3786,0, 570, False, 4
3787,0, 570, False, 4
3788,0, 570, False, 4
3789,0, 570, False, 4
3790,0, 570, False, 4
3791,0, 570, False, 4
3792,0, 570, False, 4
3793,0, 570, False, 4
3794,0, 570, False, 4
3795,0, 570, False, 4
3796,0, 570, False, 4
3797,0, 570, False, 4
3798,0, 570, False, 12
3799,0, 570, False, 12
3800,0, 570, False, 12
3801,0, 570, False, 12
3802,0, 570, False, 12
3803,0, 570, False, 12
3804,0, 570, False, 12
3805,0, 570, False, 4
3806,0, 570, False, 4
3807,0, 570, False, 4
3808,0, 570, False, 4
3809,0, 570, False, 4
3810,0, 570, False, 4
3811,0, 570, False, 4
3812,0, 570, False, 4
3813,0, 570, False, 4
3814,0, 570, False, 4
3815,0, 570, False, 12
3816,0, 570, False, 12
3817,0, 570, False, 12
3818,30, 600, False, 12
3819,0, 600, False, 1
3820,0, 600, False, 1
3821,0, 600, False, 0
3822,0, 600, False, 3
3823,0, 600, False, 3
3824,0, 600, False, 3
3825,0, 600, False, 3
3826,0, 600, False, 3
3827,0, 600, False, 3
3828,0, 600, False, 3
3829,0, 600, False, 3
3830,0, 600, False, 3
3831,0, 600, False, 3
3832,0, 600, False, 3
3833,0, 600, False, 3
3834,0, 600, False, 3
3835,0, 600, False, 3
3836,0, 600, False, 3
3837,0, 600, False, 3
3838,0, 600, False, 3
3839,0, 600, False, 3
3840,0, 600, False, 3
3841,0, 600, False, 3
3842,0, 600, False, 3
3843,0, 600, False, 3
3844,0, 600, False, 3
3845,0, 600, False, 3
3846,0, 600, False, 3
3847,0, 600, False, 3
3848,0, 600, False, 3
3849,0, 600, False, 3
3850,0, 600, False, 3
3851,0, 600, False, 3
3852,0, 600, False, 3
3853,0, 600, False, 0
3854,0, 600, False, 0
3855,0, 600, False, 0
3856,0, 600, False, 0
3857,0, 600, False, 0
3858,0, 600, False, 0
3859,0, 600, False, 0
3860,0, 600, False, 0
3861,0, 600, False, 0
3862,0, 600, False, 0
3863,0, 600, False, 0
3864,0, 600, False, 0
3865,0, 600, False, 0
3866,0, 600, False, 0
3867,0, 600, False, 0
3868,0, 600, False, 0
3869,0, 600, False, 0
3870,0, 600, False, 0
3871,0, 600, False, 0
3872,0, 600, False, 0
3873,0, 600, False, 1
3874,0, 600, False, 1
3875,0, 600, False, 1
3876,0, 600, False, 1
3877,0, 600, False, 1
3878,0, 600, False, 1
3879,0, 600, False, 0
3880,0, 600, False, 0
3881,0, 600, False, 0
3882,0, 600, False, 0
3883,0, 600, False, 0
3884,0, 600, False, 0
3885,0, 600, False, 0
3886,0, 600, False, 0
3887,0, 600, False, 0
3888,0, 600, False, 0
3889,0, 600, False, 0
3890,0, 600, False, 0
3891,0, 600, False, 0
3892,0, 600, False, 4
3893,0, 600, False, 4
3894,0, 600, False, 4
3895,0, 600, False, 4
3896,0, 600, False, 4
3897,0, 600, False, 0
3898,0, 600, False, 0
3899,0, 600, False, 0
3900,0, 600, False, 0
3901,0, 600, False, 0
3902,0, 600, False, 0
3903,0, 600, False, 0
3904,0, 600, False, 0
3905,0, 600, False, 0
3906,0, 600, False, 0
3907,0, 600, False, 0
3908,0, 600, False, 0
3909,0, 600, False, 0
3910,0, 600, False, 0
3911,0, 600, False, 0
3912,0, 600, False, 0
3913,0, 600, False, 0
3914,0, 600, False, 0
3915,0, 600, False, 0
3916,0, 600, False, 0
3917,0, 600, False, 0
3918,0, 600, False, 0
3919,0, 600, False, 0
3920,0, 600, False, 0
3921,0, 600, False, 0
3922,0, 600, False, 0
3923,0, 600, False, 0
3924,0, 600, False, 0
3925,0, 600, False, 0
3926,0, 600, False, 0
3927,0, 600, False, 0
3928,0, 600, False, 0
3929,0, 600, False, 0
3930,0, 600, False, 0
3931,0, 600, False, 0
3932,0, 600, False, 0
3933,0, 600, False, 0
3934,0, 600, False, 0
3935,0, 600, False, 0
3936,0, 600, False, 0
3937,0, 600, False, 0
3938,0, 600, False, 0
3939,0, 600, False, 0
3940,0, 600, False, 0
3941,0, 600, False, 0
3942,0, 600, False, 0
3943,0, 600, False, 0
3944,0, 600, False, 0
3945,0, 600, False, 0
3946,0, 600, False, 0
3947,0, 600, False, 0
3948,0, 600, False, 0
3949,0, 600, False, 0
3950,0, 600, False, 0
3951,0, 600, False, 0
3952,0, 600, False, 0
3953,0, 600, False, 1
3954,0, 600, False, 1
3955,0, 600, False, 1
3956,0, 600, False, 1
3957,0, 600, False, 1
3958,0, 600, False, 1
3959,0, 600, False, 0
3960,0, 600, False, 0
3961,0, 600, False, 0
3962,0, 600, False, 0
3963,0, 600, False, 0
3964,0, 600, False, 0
3965,0, 600, False, 0
3966,0, 600, False, 0
3967,0, 600, False, 0
3968,0, 600, False, 0
3969,0, 600, False, 0
3970,0, 600, False, 4
3971,0, 600, False, 4
3972,0, 600, False, 4
3973,0, 600, False, 4
3974,0, 600, False, 4
3975,0, 600, False, 4
3976,0, 600, False, 4
3977,0, 600, False, 4
3978,0, 600, False, 4
3979,0, 600, False, 4
3980,0, 600, False, 4
3981,0, 600, False, 4
3982,0, 600, False, 4
3983,0, 600, False, 4
3984,0, 600, False, 4
3985,0, 600, False, 4
3986,0, 600, False, 4
3987,0, 600, False, 4
3988,0, 600, False, 4
3989,0, 600, False, 4
3990,0, 600, False, 0
3991,0, 600, False, 0
3992,0, 600, False, 0
3993,0, 600, False, 0
3994,0, 600, False, 0
3995,0, 600, False, 0
3996,0, 600, False, 0
3997,0, 600, False, 0
3998,0, 600, False, 0
3999,0, 600, False, 0
4000,0, 600, False, 0
4001,0, 600, False, 0
4002,0, 600, False, 0
4003,0, 600, False, 0
4004,0, 600, False, 0
4005,0, 600, False, 0
4006,0, 600, False, 0
4007,0, 600, False, 0
4008,0, 600, False, 0
4009,0, 600, False, 0
4010,0, 600, False, 0
4011,0, 600, True, 0
