db traj id : 1970
frame,reward,score,terminal, action
0,0, 0, False, 0
1,0, 0, False, 0
2,0, 0, False, 0
3,0, 0, False, 0
4,0, 0, False, 0
5,0, 0, False, 0
6,0, 0, False, 0
7,0, 0, False, 0
8,0, 0, False, 0
9,0, 0, False, 0
10,0, 0, False, 0
11,0, 0, False, 0
12,0, 0, False, 0
13,0, 0, False, 0
14,0, 0, False, 0
15,0, 0, False, 0
16,0, 0, False, 0
17,0, 0, False, 0
18,0, 0, False, 0
19,0, 0, False, 0
20,0, 0, False, 0
21,0, 0, False, 0
22,0, 0, False, 0
23,0, 0, False, 0
24,0, 0, False, 0
25,0, 0, False, 0
26,0, 0, False, 0
27,0, 0, False, 0
28,0, 0, False, 0
29,0, 0, False, 0
30,0, 0, False, 0
31,0, 0, False, 0
32,0, 0, False, 0
33,0, 0, False, 0
34,0, 0, False, 0
35,0, 0, False, 0
36,0, 0, False, 0
37,0, 0, False, 0
38,0, 0, False, 0
39,0, 0, False, 0
40,0, 0, False, 0
41,0, 0, False, 0
42,0, 0, False, 0
43,0, 0, False, 0
44,0, 0, False, 0
45,0, 0, False, 0
46,0, 0, False, 0
47,0, 0, False, 0
48,0, 0, False, 0
49,0, 0, False, 0
50,0, 0, False, 0
51,0, 0, False, 3
52,0, 0, False, 3
53,0, 0, False, 3
54,0, 0, False, 3
55,0, 0, False, 3
56,0, 0, False, 3
57,0, 0, False, 3
58,0, 0, False, 3
59,0, 0, False, 3
60,0, 0, False, 0
61,0, 0, False, 0
62,0, 0, False, 0
63,0, 0, False, 0
64,0, 0, False, 0
65,0, 0, False, 0
66,0, 0, False, 0
67,0, 0, False, 0
68,0, 0, False, 0
69,0, 0, False, 0
70,0, 0, False, 0
71,0, 0, False, 0
72,0, 0, False, 0
73,0, 0, False, 0
74,0, 0, False, 0
75,0, 0, False, 0
76,0, 0, False, 0
77,0, 0, False, 0
78,0, 0, False, 0
79,0, 0, False, 0
80,0, 0, False, 0
81,0, 0, False, 0
82,0, 0, False, 0
83,0, 0, False, 0
84,0, 0, False, 0
85,0, 0, False, 0
86,0, 0, False, 0
87,0, 0, False, 3
88,0, 0, False, 3
89,0, 0, False, 3
90,0, 0, False, 3
91,0, 0, False, 3
92,0, 0, False, 3
93,0, 0, False, 3
94,0, 0, False, 3
95,0, 0, False, 3
96,0, 0, False, 3
97,0, 0, False, 3
98,0, 0, False, 3
99,0, 0, False, 3
100,0, 0, False, 3
101,0, 0, False, 3
102,0, 0, False, 3
103,0, 0, False, 3
104,0, 0, False, 3
105,0, 0, False, 3
106,0, 0, False, 3
107,0, 0, False, 3
108,0, 0, False, 3
109,0, 0, False, 3
110,0, 0, False, 3
111,0, 0, False, 3
112,0, 0, False, 3
113,0, 0, False, 3
114,0, 0, False, 3
115,0, 0, False, 0
116,0, 0, False, 0
117,0, 0, False, 0
118,0, 0, False, 0
119,0, 0, False, 0
120,0, 0, False, 0
121,0, 0, False, 0
122,0, 0, False, 0
123,0, 0, False, 0
124,0, 0, False, 0
125,0, 0, False, 0
126,0, 0, False, 0
127,0, 0, False, 0
128,0, 0, False, 0
129,0, 0, False, 0
130,0, 0, False, 0
131,0, 0, False, 0
132,0, 0, False, 0
133,0, 0, False, 0
134,0, 0, False, 0
135,0, 0, False, 0
136,0, 0, False, 0
137,0, 0, False, 0
138,0, 0, False, 0
139,0, 0, False, 0
140,0, 0, False, 0
141,0, 0, False, 0
142,0, 0, False, 0
143,0, 0, False, 0
144,0, 0, False, 0
145,0, 0, False, 0
146,0, 0, False, 0
147,0, 0, False, 0
148,0, 0, False, 0
149,0, 0, False, 0
150,0, 0, False, 0
151,0, 0, False, 0
152,0, 0, False, 0
153,0, 0, False, 0
154,0, 0, False, 0
155,0, 0, False, 0
156,0, 0, False, 0
157,0, 0, False, 0
158,0, 0, False, 0
159,0, 0, False, 0
160,0, 0, False, 0
161,0, 0, False, 0
162,0, 0, False, 0
163,0, 0, False, 0
164,0, 0, False, 0
165,0, 0, False, 0
166,0, 0, False, 0
167,0, 0, False, 0
168,0, 0, False, 0
169,0, 0, False, 0
170,0, 0, False, 0
171,0, 0, False, 3
172,0, 0, False, 3
173,0, 0, False, 3
174,0, 0, False, 3
175,0, 0, False, 3
176,0, 0, False, 3
177,0, 0, False, 3
178,0, 0, False, 3
179,0, 0, False, 3
180,0, 0, False, 3
181,0, 0, False, 3
182,0, 0, False, 3
183,0, 0, False, 3
184,0, 0, False, 0
185,0, 0, False, 0
186,0, 0, False, 0
187,0, 0, False, 0
188,0, 0, False, 0
189,0, 0, False, 0
190,0, 0, False, 0
191,0, 0, False, 0
192,0, 0, False, 0
193,0, 0, False, 0
194,0, 0, False, 0
195,0, 0, False, 0
196,0, 0, False, 0
197,0, 0, False, 0
198,0, 0, False, 0
199,0, 0, False, 0
200,0, 0, False, 0
201,0, 0, False, 0
202,0, 0, False, 3
203,0, 0, False, 3
204,0, 0, False, 3
205,0, 0, False, 3
206,0, 0, False, 3
207,0, 0, False, 3
208,0, 0, False, 3
209,0, 0, False, 3
210,0, 0, False, 3
211,0, 0, False, 3
212,0, 0, False, 3
213,0, 0, False, 3
214,0, 0, False, 3
215,0, 0, False, 3
216,0, 0, False, 3
217,0, 0, False, 3
218,0, 0, False, 3
219,0, 0, False, 3
220,0, 0, False, 3
221,0, 0, False, 3
222,0, 0, False, 3
223,0, 0, False, 3
224,0, 0, False, 3
225,0, 0, False, 3
226,0, 0, False, 3
227,0, 0, False, 3
228,0, 0, False, 3
229,0, 0, False, 3
230,0, 0, False, 3
231,0, 0, False, 3
232,0, 0, False, 3
233,0, 0, False, 3
234,0, 0, False, 3
235,0, 0, False, 3
236,0, 0, False, 3
237,0, 0, False, 0
238,0, 0, False, 0
239,0, 0, False, 0
240,0, 0, False, 0
241,0, 0, False, 0
242,0, 0, False, 0
243,0, 0, False, 0
244,0, 0, False, 0
245,0, 0, False, 0
246,0, 0, False, 0
247,0, 0, False, 0
248,0, 0, False, 0
249,0, 0, False, 0
250,0, 0, False, 0
251,0, 0, False, 0
252,0, 0, False, 0
253,0, 0, False, 0
254,0, 0, False, 0
255,0, 0, False, 0
256,0, 0, False, 0
257,0, 0, False, 0
258,0, 0, False, 0
259,0, 0, False, 0
260,0, 0, False, 0
261,0, 0, False, 0
262,0, 0, False, 0
263,0, 0, False, 0
264,0, 0, False, 1
265,0, 0, False, 1
266,0, 0, False, 1
267,0, 0, False, 1
268,0, 0, False, 1
269,0, 0, False, 1
270,0, 0, False, 1
271,0, 0, False, 1
272,0, 0, False, 1
273,0, 0, False, 1
274,0, 0, False, 1
275,0, 0, False, 1
276,0, 0, False, 1
277,0, 0, False, 1
278,0, 0, False, 1
279,0, 0, False, 1
280,0, 0, False, 1
281,0, 0, False, 1
282,0, 0, False, 1
283,0, 0, False, 1
284,0, 0, False, 1
285,0, 0, False, 1
286,0, 0, False, 1
287,0, 0, False, 1
288,0, 0, False, 1
289,0, 0, False, 1
290,0, 0, False, 1
291,5, 5, False, 1
292,0, 5, False, 1
293,0, 5, False, 1
294,0, 5, False, 1
295,0, 5, False, 1
296,0, 5, False, 1
297,0, 5, False, 1
298,0, 5, False, 1
299,0, 5, False, 1
300,0, 5, False, 1
301,0, 5, False, 1
302,0, 5, False, 1
303,0, 5, False, 1
304,0, 5, False, 1
305,0, 5, False, 1
306,0, 5, False, 1
307,0, 5, False, 1
308,0, 5, False, 1
309,0, 5, False, 1
310,0, 5, False, 1
311,0, 5, False, 1
312,0, 5, False, 11
313,0, 5, False, 11
314,0, 5, False, 11
315,0, 5, False, 11
316,0, 5, False, 11
317,0, 5, False, 11
318,0, 5, False, 11
319,0, 5, False, 11
320,0, 5, False, 11
321,0, 5, False, 11
322,0, 5, False, 11
323,0, 5, False, 11
324,0, 5, False, 11
325,10, 15, False, 11
326,0, 15, False, 11
327,0, 15, False, 11
328,0, 15, False, 1
329,0, 15, False, 1
330,0, 15, False, 1
331,0, 15, False, 1
332,0, 15, False, 1
333,0, 15, False, 1
334,0, 15, False, 1
335,0, 15, False, 1
336,0, 15, False, 1
337,0, 15, False, 1
338,0, 15, False, 1
339,0, 15, False, 1
340,0, 15, False, 1
341,0, 15, False, 1
342,0, 15, False, 1
343,0, 15, False, 1
344,0, 15, False, 1
345,0, 15, False, 1
346,0, 15, False, 1
347,0, 15, False, 11
348,0, 15, False, 11
349,0, 15, False, 11
350,0, 15, False, 11
351,0, 15, False, 11
352,0, 15, False, 11
353,0, 15, False, 11
354,0, 15, False, 11
355,0, 15, False, 11
356,0, 15, False, 11
357,0, 15, False, 11
358,0, 15, False, 1
359,0, 15, False, 1
360,0, 15, False, 1
361,0, 15, False, 1
362,0, 15, False, 1
363,0, 15, False, 1
364,0, 15, False, 1
365,0, 15, False, 1
366,0, 15, False, 11
367,0, 15, False, 11
368,0, 15, False, 11
369,0, 15, False, 11
370,0, 15, False, 11
371,0, 15, False, 11
372,0, 15, False, 11
373,0, 15, False, 11
374,0, 15, False, 1
375,0, 15, False, 1
376,0, 15, False, 1
377,0, 15, False, 1
378,0, 15, False, 1
379,0, 15, False, 1
380,0, 15, False, 1
381,0, 15, False, 1
382,0, 15, False, 1
383,0, 15, False, 1
384,0, 15, False, 1
385,0, 15, False, 1
386,0, 15, False, 1
387,0, 15, False, 1
388,0, 15, False, 1
389,0, 15, False, 1
390,0, 15, False, 0
391,0, 15, False, 0
392,0, 15, False, 0
393,0, 15, False, 0
394,0, 15, False, 0
395,0, 15, False, 0
396,0, 15, False, 0
397,0, 15, False, 0
398,0, 15, False, 0
399,0, 15, False, 0
400,0, 15, False, 0
401,0, 15, False, 0
402,0, 15, False, 0
403,0, 15, False, 0
404,0, 15, False, 0
405,0, 15, False, 0
406,0, 15, False, 0
407,0, 15, False, 0
408,0, 15, False, 0
409,0, 15, False, 0
410,0, 15, False, 0
411,0, 15, False, 0
412,0, 15, False, 0
413,0, 15, False, 0
414,0, 15, False, 0
415,0, 15, False, 0
416,0, 15, False, 0
417,0, 15, False, 0
418,0, 15, False, 0
419,0, 15, False, 0
420,0, 15, False, 0
421,0, 15, False, 0
422,0, 15, False, 0
423,0, 15, False, 0
424,0, 15, False, 0
425,0, 15, False, 0
426,0, 15, False, 0
427,0, 15, False, 0
428,0, 15, False, 0
429,0, 15, False, 0
430,0, 15, False, 0
431,0, 15, False, 1
432,0, 15, False, 1
433,0, 15, False, 1
434,0, 15, False, 1
435,0, 15, False, 1
436,0, 15, False, 1
437,0, 15, False, 1
438,0, 15, False, 1
439,0, 15, False, 1
440,0, 15, False, 1
441,0, 15, False, 1
442,0, 15, False, 1
443,0, 15, False, 0
444,0, 15, False, 0
445,0, 15, False, 0
446,0, 15, False, 0
447,0, 15, False, 0
448,0, 15, False, 0
449,0, 15, False, 0
450,0, 15, False, 1
451,0, 15, False, 1
452,0, 15, False, 1
453,0, 15, False, 1
454,0, 15, False, 1
455,0, 15, False, 1
456,0, 15, False, 0
457,0, 15, False, 0
458,0, 15, False, 0
459,0, 15, False, 0
460,0, 15, False, 0
461,0, 15, False, 0
462,0, 15, False, 0
463,0, 15, False, 1
464,0, 15, False, 1
465,0, 15, False, 1
466,0, 15, False, 1
467,0, 15, False, 1
468,0, 15, False, 1
469,0, 15, False, 1
470,0, 15, False, 1
471,0, 15, False, 0
472,0, 15, False, 0
473,0, 15, False, 0
474,0, 15, False, 0
475,0, 15, False, 0
476,0, 15, False, 0
477,0, 15, False, 0
478,0, 15, False, 0
479,0, 15, False, 0
480,0, 15, False, 0
481,0, 15, False, 0
482,0, 15, False, 0
483,0, 15, False, 0
484,0, 15, False, 0
485,0, 15, False, 0
486,0, 15, False, 0
487,0, 15, False, 0
488,0, 15, False, 0
489,0, 15, False, 0
490,0, 15, False, 0
491,0, 15, False, 0
492,0, 15, False, 0
493,0, 15, False, 0
494,0, 15, False, 0
495,0, 15, False, 0
496,0, 15, False, 0
497,0, 15, False, 0
498,0, 15, False, 0
499,0, 15, False, 0
500,0, 15, False, 0
501,0, 15, False, 0
502,0, 15, False, 0
503,0, 15, False, 0
504,0, 15, False, 0
505,0, 15, False, 0
506,0, 15, False, 0
507,0, 15, False, 0
508,0, 15, False, 0
509,0, 15, False, 0
510,0, 15, False, 0
511,0, 15, False, 0
512,0, 15, False, 0
513,0, 15, False, 0
514,0, 15, False, 0
515,0, 15, False, 0
516,0, 15, False, 0
517,0, 15, False, 0
518,0, 15, False, 0
519,0, 15, False, 0
520,0, 15, False, 1
521,0, 15, False, 1
522,0, 15, False, 1
523,0, 15, False, 1
524,0, 15, False, 1
525,0, 15, False, 1
526,0, 15, False, 1
527,0, 15, False, 1
528,0, 15, False, 1
529,0, 15, False, 1
530,0, 15, False, 1
531,0, 15, False, 1
532,0, 15, False, 1
533,0, 15, False, 1
534,0, 15, False, 1
535,0, 15, False, 1
536,0, 15, False, 1
537,0, 15, False, 1
538,0, 15, False, 1
539,0, 15, False, 1
540,0, 15, False, 1
541,0, 15, False, 1
542,0, 15, False, 1
543,0, 15, False, 1
544,0, 15, False, 1
545,0, 15, False, 1
546,0, 15, False, 1
547,0, 15, False, 1
548,0, 15, False, 1
549,0, 15, False, 1
550,0, 15, False, 12
551,0, 15, False, 12
552,0, 15, False, 12
553,0, 15, False, 1
554,0, 15, False, 1
555,0, 15, False, 1
556,0, 15, False, 1
557,0, 15, False, 1
558,0, 15, False, 1
559,0, 15, False, 1
560,0, 15, False, 1
561,0, 15, False, 1
562,0, 15, False, 1
563,0, 15, False, 11
564,0, 15, False, 11
565,0, 15, False, 11
566,0, 15, False, 11
567,0, 15, False, 11
568,0, 15, False, 11
569,0, 15, False, 11
570,0, 15, False, 11
571,0, 15, False, 11
572,0, 15, False, 1
573,20, 35, False, 1
574,0, 35, False, 1
575,0, 35, False, 1
576,0, 35, False, 1
577,0, 35, False, 1
578,0, 35, False, 1
579,0, 35, False, 1
580,0, 35, False, 1
581,0, 35, False, 1
582,0, 35, False, 1
583,0, 35, False, 1
584,0, 35, False, 1
585,0, 35, False, 1
586,0, 35, False, 1
587,0, 35, False, 1
588,0, 35, False, 1
589,0, 35, False, 1
590,0, 35, False, 1
591,0, 35, False, 1
592,0, 35, False, 1
593,0, 35, False, 11
594,0, 35, False, 11
595,0, 35, False, 11
596,0, 35, False, 11
597,0, 35, False, 11
598,0, 35, False, 11
599,0, 35, False, 11
600,0, 35, False, 11
601,0, 35, False, 1
602,0, 35, False, 1
603,0, 35, False, 1
604,0, 35, False, 1
605,0, 35, False, 1
606,0, 35, False, 1
607,0, 35, False, 1
608,0, 35, False, 1
609,0, 35, False, 1
610,0, 35, False, 1
611,0, 35, False, 1
612,0, 35, False, 1
613,0, 35, False, 1
614,0, 35, False, 1
615,0, 35, False, 1
616,0, 35, False, 1
617,0, 35, False, 1
618,0, 35, False, 1
619,0, 35, False, 1
620,0, 35, False, 1
621,0, 35, False, 1
622,0, 35, False, 1
623,0, 35, False, 1
624,0, 35, False, 1
625,0, 35, False, 1
626,0, 35, False, 1
627,0, 35, False, 1
628,0, 35, False, 1
629,0, 35, False, 1
630,0, 35, False, 1
631,0, 35, False, 1
632,0, 35, False, 1
633,0, 35, False, 1
634,0, 35, False, 1
635,0, 35, False, 1
636,0, 35, False, 1
637,0, 35, False, 1
638,0, 35, False, 1
639,0, 35, False, 1
640,0, 35, False, 1
641,0, 35, False, 1
642,0, 35, False, 1
643,0, 35, False, 1
644,0, 35, False, 1
645,0, 35, False, 1
646,0, 35, False, 1
647,0, 35, False, 12
648,0, 35, False, 12
649,0, 35, False, 12
650,0, 35, False, 12
651,0, 35, False, 12
652,0, 35, False, 12
653,0, 35, False, 12
654,0, 35, False, 1
655,0, 35, False, 1
656,0, 35, False, 1
657,0, 35, False, 1
658,0, 35, False, 1
659,0, 35, False, 1
660,0, 35, False, 1
661,0, 35, False, 1
662,0, 35, False, 1
663,0, 35, False, 1
664,0, 35, False, 1
665,0, 35, False, 1
666,0, 35, False, 1
667,0, 35, False, 1
668,0, 35, False, 1
669,0, 35, False, 1
670,0, 35, False, 1
671,0, 35, False, 1
672,0, 35, False, 1
673,0, 35, False, 1
674,0, 35, False, 1
675,0, 35, False, 1
676,0, 35, False, 1
677,0, 35, False, 1
678,0, 35, False, 1
679,0, 35, False, 1
680,0, 35, False, 1
681,0, 35, False, 1
682,0, 35, False, 1
683,0, 35, False, 1
684,0, 35, False, 1
685,0, 35, False, 1
686,0, 35, False, 1
687,0, 35, False, 1
688,0, 35, False, 1
689,0, 35, False, 11
690,0, 35, False, 11
691,0, 35, False, 11
692,0, 35, False, 11
693,0, 35, False, 11
694,0, 35, False, 11
695,0, 35, False, 11
696,0, 35, False, 11
697,0, 35, False, 1
698,0, 35, False, 1
699,0, 35, False, 1
700,0, 35, False, 1
701,0, 35, False, 1
702,0, 35, False, 1
703,0, 35, False, 1
704,0, 35, False, 1
705,0, 35, False, 1
706,0, 35, False, 1
707,0, 35, False, 1
708,0, 35, False, 1
709,0, 35, False, 1
710,0, 35, False, 1
711,0, 35, False, 1
712,0, 35, False, 1
713,0, 35, False, 1
714,0, 35, False, 1
715,0, 35, False, 1
716,0, 35, False, 1
717,0, 35, False, 1
718,0, 35, False, 1
719,0, 35, False, 1
720,0, 35, False, 1
721,0, 35, False, 1
722,0, 35, False, 1
723,0, 35, False, 1
724,0, 35, False, 1
725,0, 35, False, 1
726,0, 35, False, 1
727,0, 35, False, 1
728,0, 35, False, 1
729,0, 35, False, 1
730,0, 35, False, 1
731,0, 35, False, 1
732,0, 35, False, 1
733,25, 60, False, 1
734,0, 60, False, 1
735,0, 60, False, 1
736,0, 60, False, 1
737,0, 60, False, 1
738,0, 60, False, 1
739,0, 60, False, 1
740,0, 60, False, 1
741,0, 60, False, 1
742,0, 60, False, 1
743,0, 60, False, 1
744,0, 60, False, 0
745,0, 60, False, 0
746,0, 60, False, 0
747,0, 60, False, 4
748,0, 60, False, 4
749,0, 60, False, 4
750,0, 60, False, 4
751,0, 60, False, 4
752,0, 60, False, 4
753,0, 60, False, 4
754,0, 60, False, 4
755,0, 60, False, 4
756,0, 60, False, 4
757,0, 60, False, 4
758,0, 60, False, 4
759,0, 60, False, 0
760,0, 60, False, 0
761,0, 60, False, 0
762,0, 60, False, 0
763,0, 60, False, 1
764,0, 60, False, 1
765,0, 60, False, 1
766,0, 60, False, 1
767,0, 60, False, 1
768,0, 60, False, 1
769,0, 60, False, 1
770,0, 60, False, 1
771,0, 60, False, 1
772,0, 60, False, 1
773,0, 60, False, 1
774,0, 60, False, 1
775,0, 60, False, 1
776,0, 60, False, 1
777,0, 60, False, 11
778,0, 60, False, 11
779,0, 60, False, 11
780,0, 60, False, 11
781,0, 60, False, 11
782,0, 60, False, 11
783,0, 60, False, 11
784,0, 60, False, 11
785,0, 60, False, 11
786,0, 60, False, 11
787,0, 60, False, 11
788,0, 60, False, 1
789,0, 60, False, 1
790,0, 60, False, 1
791,0, 60, False, 1
792,0, 60, False, 1
793,0, 60, False, 1
794,0, 60, False, 1
795,0, 60, False, 1
796,0, 60, False, 1
797,0, 60, False, 1
798,0, 60, False, 1
799,0, 60, False, 1
800,0, 60, False, 1
801,0, 60, False, 1
802,0, 60, False, 1
803,0, 60, False, 1
804,0, 60, False, 1
805,0, 60, False, 1
806,0, 60, False, 1
807,0, 60, False, 1
808,0, 60, False, 1
809,0, 60, False, 1
810,0, 60, False, 1
811,0, 60, False, 1
812,0, 60, False, 1
813,0, 60, False, 1
814,0, 60, False, 1
815,0, 60, False, 1
816,0, 60, False, 11
817,0, 60, False, 11
818,0, 60, False, 11
819,0, 60, False, 11
820,0, 60, False, 11
821,0, 60, False, 11
822,0, 60, False, 11
823,0, 60, False, 11
824,0, 60, False, 1
825,0, 60, False, 1
826,0, 60, False, 1
827,0, 60, False, 1
828,0, 60, False, 1
829,0, 60, False, 1
830,0, 60, False, 1
831,0, 60, False, 1
832,0, 60, False, 1
833,0, 60, False, 1
834,0, 60, False, 1
835,0, 60, False, 1
836,0, 60, False, 1
837,0, 60, False, 1
838,0, 60, False, 1
839,0, 60, False, 1
840,0, 60, False, 1
841,0, 60, False, 1
842,0, 60, False, 1
843,0, 60, False, 1
844,0, 60, False, 1
845,0, 60, False, 1
846,0, 60, False, 1
847,0, 60, False, 1
848,0, 60, False, 11
849,0, 60, False, 11
850,0, 60, False, 11
851,0, 60, False, 11
852,0, 60, False, 11
853,0, 60, False, 11
854,0, 60, False, 11
855,0, 60, False, 1
856,0, 60, False, 1
857,0, 60, False, 1
858,0, 60, False, 1
859,0, 60, False, 1
860,0, 60, False, 1
861,0, 60, False, 1
862,0, 60, False, 1
863,0, 60, False, 1
864,0, 60, False, 1
865,0, 60, False, 1
866,0, 60, False, 1
867,0, 60, False, 1
868,0, 60, False, 1
869,0, 60, False, 1
870,0, 60, False, 1
871,0, 60, False, 1
872,0, 60, False, 1
873,0, 60, False, 1
874,0, 60, False, 1
875,0, 60, False, 1
876,0, 60, False, 1
877,0, 60, False, 1
878,0, 60, False, 1
879,0, 60, False, 1
880,0, 60, False, 1
881,0, 60, False, 11
882,0, 60, False, 11
883,0, 60, False, 11
884,0, 60, False, 11
885,0, 60, False, 11
886,0, 60, False, 11
887,0, 60, False, 11
888,0, 60, False, 11
889,0, 60, False, 11
890,0, 60, False, 11
891,0, 60, False, 11
892,0, 60, False, 11
893,0, 60, False, 11
894,0, 60, False, 11
895,0, 60, False, 11
896,0, 60, False, 1
897,0, 60, False, 1
898,0, 60, False, 1
899,0, 60, False, 1
900,0, 60, False, 1
901,0, 60, False, 1
902,0, 60, False, 1
903,0, 60, False, 1
904,0, 60, False, 1
905,0, 60, False, 1
906,0, 60, False, 1
907,0, 60, False, 1
908,0, 60, False, 1
909,0, 60, False, 1
910,0, 60, False, 1
911,0, 60, False, 1
912,0, 60, False, 1
913,0, 60, False, 1
914,0, 60, False, 1
915,0, 60, False, 1
916,0, 60, False, 1
917,0, 60, False, 1
918,0, 60, False, 1
919,0, 60, False, 1
920,0, 60, False, 1
921,0, 60, False, 1
922,0, 60, False, 1
923,0, 60, False, 1
924,0, 60, False, 0
925,0, 60, False, 0
926,0, 60, False, 0
927,0, 60, False, 0
928,0, 60, False, 0
929,0, 60, False, 1
930,0, 60, False, 1
931,0, 60, False, 1
932,0, 60, False, 1
933,0, 60, False, 1
934,0, 60, False, 1
935,5, 65, False, 1
936,0, 65, False, 1
937,0, 65, False, 1
938,0, 65, False, 1
939,0, 65, False, 1
940,0, 65, False, 1
941,0, 65, False, 1
942,0, 65, False, 1
943,0, 65, False, 1
944,0, 65, False, 1
945,0, 65, False, 1
946,0, 65, False, 1
947,0, 65, False, 1
948,0, 65, False, 1
949,0, 65, False, 1
950,0, 65, False, 1
951,0, 65, False, 1
952,0, 65, False, 1
953,0, 65, False, 1
954,0, 65, False, 1
955,0, 65, False, 1
956,0, 65, False, 1
957,0, 65, False, 1
958,0, 65, False, 1
959,0, 65, False, 1
960,0, 65, False, 1
961,0, 65, False, 1
962,0, 65, False, 1
963,0, 65, False, 1
964,0, 65, False, 1
965,0, 65, False, 1
966,0, 65, False, 1
967,0, 65, False, 1
968,0, 65, False, 1
969,0, 65, False, 1
970,0, 65, False, 1
971,10, 75, False, 1
972,0, 75, False, 1
973,0, 75, False, 1
974,0, 75, False, 1
975,0, 75, False, 1
976,0, 75, False, 1
977,0, 75, False, 1
978,0, 75, False, 1
979,0, 75, False, 1
980,0, 75, False, 1
981,0, 75, False, 1
982,0, 75, False, 1
983,0, 75, False, 1
984,0, 75, False, 1
985,0, 75, False, 1
986,0, 75, False, 1
987,0, 75, False, 1
988,0, 75, False, 1
989,0, 75, False, 1
990,0, 75, False, 1
991,0, 75, False, 1
992,0, 75, False, 1
993,0, 75, False, 1
994,0, 75, False, 1
995,0, 75, False, 1
996,0, 75, False, 1
997,0, 75, False, 1
998,0, 75, False, 1
999,0, 75, False, 1
1000,0, 75, False, 1
1001,0, 75, False, 1
1002,0, 75, False, 1
1003,0, 75, False, 1
1004,0, 75, False, 1
1005,0, 75, False, 1
1006,0, 75, False, 1
1007,0, 75, False, 1
1008,0, 75, False, 1
1009,0, 75, False, 1
1010,0, 75, False, 1
1011,0, 75, False, 1
1012,0, 75, False, 1
1013,0, 75, False, 1
1014,0, 75, False, 1
1015,15, 90, False, 1
1016,0, 90, False, 1
1017,0, 90, False, 1
1018,0, 90, False, 1
1019,0, 90, False, 1
1020,0, 90, False, 1
1021,0, 90, False, 1
1022,0, 90, False, 1
1023,0, 90, False, 1
1024,0, 90, False, 1
1025,0, 90, False, 1
1026,0, 90, False, 1
1027,0, 90, False, 1
1028,0, 90, False, 1
1029,0, 90, False, 1
1030,0, 90, False, 1
1031,0, 90, False, 1
1032,0, 90, False, 1
1033,0, 90, False, 1
1034,0, 90, False, 1
1035,0, 90, False, 1
1036,0, 90, False, 1
1037,0, 90, False, 1
1038,0, 90, False, 1
1039,0, 90, False, 1
1040,0, 90, False, 1
1041,0, 90, False, 1
1042,0, 90, False, 1
1043,0, 90, False, 1
1044,0, 90, False, 1
1045,0, 90, False, 1
1046,0, 90, False, 1
1047,0, 90, False, 1
1048,0, 90, False, 1
1049,0, 90, False, 1
1050,0, 90, False, 1
1051,0, 90, False, 1
1052,0, 90, False, 1
1053,0, 90, False, 1
1054,0, 90, False, 1
1055,0, 90, False, 1
1056,0, 90, False, 1
1057,0, 90, False, 1
1058,0, 90, False, 1
1059,0, 90, False, 1
1060,0, 90, False, 1
1061,0, 90, False, 1
1062,0, 90, False, 1
1063,0, 90, False, 1
1064,0, 90, False, 1
1065,0, 90, False, 1
1066,0, 90, False, 1
1067,20, 110, False, 1
1068,0, 110, False, 1
1069,0, 110, False, 1
1070,0, 110, False, 1
1071,0, 110, False, 1
1072,0, 110, False, 1
1073,0, 110, False, 11
1074,0, 110, False, 11
1075,0, 110, False, 11
1076,0, 110, False, 11
1077,0, 110, False, 11
1078,0, 110, False, 11
1079,0, 110, False, 1
1080,0, 110, False, 1
1081,0, 110, False, 1
1082,0, 110, False, 1
1083,0, 110, False, 1
1084,0, 110, False, 1
1085,0, 110, False, 1
1086,0, 110, False, 1
1087,0, 110, False, 1
1088,0, 110, False, 1
1089,0, 110, False, 1
1090,0, 110, False, 1
1091,0, 110, False, 12
1092,0, 110, False, 12
1093,0, 110, False, 12
1094,0, 110, False, 12
1095,0, 110, False, 12
1096,0, 110, False, 12
1097,0, 110, False, 12
1098,0, 110, False, 12
1099,0, 110, False, 12
1100,0, 110, False, 12
1101,0, 110, False, 12
1102,0, 110, False, 12
1103,0, 110, False, 12
1104,0, 110, False, 12
1105,0, 110, False, 12
1106,0, 110, False, 12
1107,0, 110, False, 12
1108,0, 110, False, 12
1109,0, 110, False, 12
1110,0, 110, False, 1
1111,0, 110, False, 1
1112,0, 110, False, 1
1113,0, 110, False, 1
1114,0, 110, False, 1
1115,0, 110, False, 1
1116,0, 110, False, 1
1117,0, 110, False, 1
1118,0, 110, False, 1
1119,0, 110, False, 1
1120,0, 110, False, 1
1121,0, 110, False, 1
1122,0, 110, False, 1
1123,0, 110, False, 1
1124,0, 110, False, 1
1125,0, 110, False, 1
1126,0, 110, False, 1
1127,0, 110, False, 1
1128,0, 110, False, 1
1129,0, 110, False, 1
1130,0, 110, False, 1
1131,0, 110, False, 1
1132,0, 110, False, 1
1133,0, 110, False, 1
1134,0, 110, False, 1
1135,0, 110, False, 1
1136,0, 110, False, 1
1137,0, 110, False, 1
1138,0, 110, False, 1
1139,0, 110, False, 1
1140,0, 110, False, 1
1141,0, 110, False, 1
1142,0, 110, False, 1
1143,0, 110, False, 1
1144,0, 110, False, 1
1145,0, 110, False, 1
1146,0, 110, False, 1
1147,0, 110, False, 1
1148,0, 110, False, 1
1149,0, 110, False, 1
1150,0, 110, False, 1
1151,0, 110, False, 1
1152,0, 110, False, 1
1153,0, 110, False, 1
1154,0, 110, False, 1
1155,0, 110, False, 1
1156,0, 110, False, 1
1157,0, 110, False, 1
1158,0, 110, False, 1
1159,0, 110, False, 1
1160,0, 110, False, 1
1161,0, 110, False, 1
1162,0, 110, False, 1
1163,0, 110, False, 1
1164,0, 110, False, 1
1165,0, 110, False, 1
1166,0, 110, False, 1
1167,0, 110, False, 1
1168,0, 110, False, 1
1169,0, 110, False, 1
1170,0, 110, False, 1
1171,0, 110, False, 1
1172,0, 110, False, 1
1173,5, 115, False, 1
1174,0, 115, False, 1
1175,0, 115, False, 1
1176,0, 115, False, 1
1177,0, 115, False, 1
1178,0, 115, False, 1
1179,0, 115, False, 1
1180,0, 115, False, 1
1181,0, 115, False, 1
1182,0, 115, False, 1
1183,0, 115, False, 1
1184,0, 115, False, 1
1185,0, 115, False, 1
1186,0, 115, False, 1
1187,0, 115, False, 1
1188,0, 115, False, 1
1189,0, 115, False, 1
1190,0, 115, False, 1
1191,0, 115, False, 1
1192,0, 115, False, 1
1193,0, 115, False, 1
1194,0, 115, False, 1
1195,0, 115, False, 1
1196,0, 115, False, 1
1197,0, 115, False, 1
1198,0, 115, False, 1
1199,0, 115, False, 1
1200,0, 115, False, 1
1201,0, 115, False, 1
1202,0, 115, False, 1
1203,10, 125, False, 1
1204,0, 125, False, 1
1205,0, 125, False, 1
1206,0, 125, False, 1
1207,0, 125, False, 1
1208,0, 125, False, 1
1209,0, 125, False, 1
1210,0, 125, False, 1
1211,0, 125, False, 1
1212,0, 125, False, 1
1213,0, 125, False, 1
1214,0, 125, False, 1
1215,0, 125, False, 1
1216,0, 125, False, 1
1217,0, 125, False, 1
1218,0, 125, False, 1
1219,0, 125, False, 1
1220,0, 125, False, 1
1221,0, 125, False, 1
1222,0, 125, False, 1
1223,0, 125, False, 1
1224,0, 125, False, 1
1225,0, 125, False, 1
1226,0, 125, False, 1
1227,0, 125, False, 12
1228,0, 125, False, 12
1229,0, 125, False, 12
1230,0, 125, False, 12
1231,0, 125, False, 12
1232,0, 125, False, 12
1233,0, 125, False, 1
1234,0, 125, False, 1
1235,0, 125, False, 1
1236,0, 125, False, 1
1237,0, 125, False, 1
1238,0, 125, False, 1
1239,0, 125, False, 1
1240,0, 125, False, 1
1241,0, 125, False, 1
1242,0, 125, False, 1
1243,0, 125, False, 1
1244,0, 125, False, 1
1245,0, 125, False, 1
1246,0, 125, False, 1
1247,0, 125, False, 1
1248,0, 125, False, 1
1249,0, 125, False, 1
1250,0, 125, False, 1
1251,0, 125, False, 1
1252,0, 125, False, 1
1253,0, 125, False, 1
1254,0, 125, False, 1
1255,0, 125, False, 1
1256,0, 125, False, 1
1257,0, 125, False, 1
1258,0, 125, False, 1
1259,0, 125, False, 1
1260,0, 125, False, 1
1261,0, 125, False, 1
1262,0, 125, False, 1
1263,0, 125, False, 1
1264,0, 125, False, 1
1265,0, 125, False, 1
1266,0, 125, False, 1
1267,0, 125, False, 1
1268,0, 125, False, 1
1269,0, 125, False, 1
1270,0, 125, False, 1
1271,0, 125, False, 1
1272,0, 125, False, 1
1273,0, 125, False, 1
1274,0, 125, False, 1
1275,0, 125, False, 1
1276,0, 125, False, 1
1277,0, 125, False, 1
1278,0, 125, False, 1
1279,0, 125, False, 1
1280,0, 125, False, 1
1281,0, 125, False, 1
1282,0, 125, False, 1
1283,0, 125, False, 1
1284,0, 125, False, 1
1285,0, 125, False, 1
1286,0, 125, False, 1
1287,0, 125, False, 1
1288,0, 125, False, 1
1289,0, 125, False, 1
1290,0, 125, False, 1
1291,0, 125, False, 1
1292,0, 125, False, 1
1293,0, 125, False, 1
1294,0, 125, False, 1
1295,0, 125, False, 1
1296,0, 125, False, 1
1297,0, 125, False, 1
1298,0, 125, False, 1
1299,0, 125, False, 1
1300,0, 125, False, 1
1301,0, 125, False, 1
1302,0, 125, False, 1
1303,0, 125, False, 1
1304,0, 125, False, 1
1305,0, 125, False, 1
1306,0, 125, False, 11
1307,0, 125, False, 11
1308,0, 125, False, 11
1309,0, 125, False, 11
1310,0, 125, False, 11
1311,0, 125, False, 11
1312,0, 125, False, 11
1313,0, 125, False, 11
1314,0, 125, False, 11
1315,0, 125, False, 11
1316,0, 125, False, 1
1317,0, 125, False, 1
1318,0, 125, False, 1
1319,0, 125, False, 1
1320,0, 125, False, 1
1321,0, 125, False, 1
1322,0, 125, False, 1
1323,0, 125, False, 1
1324,0, 125, False, 1
1325,0, 125, False, 1
1326,0, 125, False, 1
1327,0, 125, False, 1
1328,0, 125, False, 1
1329,0, 125, False, 1
1330,0, 125, False, 1
1331,0, 125, False, 1
1332,0, 125, False, 11
1333,0, 125, False, 11
1334,0, 125, False, 11
1335,0, 125, False, 11
1336,0, 125, False, 11
1337,0, 125, False, 11
1338,0, 125, False, 11
1339,0, 125, False, 11
1340,0, 125, False, 11
1341,0, 125, False, 11
1342,0, 125, False, 11
1343,0, 125, False, 1
1344,0, 125, False, 1
1345,0, 125, False, 1
1346,0, 125, False, 1
1347,0, 125, False, 1
1348,0, 125, False, 1
1349,0, 125, False, 1
1350,0, 125, False, 1
1351,0, 125, False, 1
1352,0, 125, False, 1
1353,0, 125, False, 1
1354,0, 125, False, 1
1355,0, 125, False, 1
1356,0, 125, False, 1
1357,0, 125, False, 1
1358,0, 125, False, 1
1359,0, 125, False, 1
1360,0, 125, False, 1
1361,0, 125, False, 1
1362,0, 125, False, 1
1363,0, 125, False, 1
1364,0, 125, False, 1
1365,0, 125, False, 1
1366,0, 125, False, 1
1367,0, 125, False, 1
1368,0, 125, False, 1
1369,0, 125, False, 1
1370,0, 125, False, 1
1371,0, 125, False, 1
1372,0, 125, False, 1
1373,0, 125, False, 12
1374,0, 125, False, 12
1375,0, 125, False, 12
1376,0, 125, False, 12
1377,0, 125, False, 12
1378,0, 125, False, 12
1379,0, 125, False, 1
1380,0, 125, False, 1
1381,0, 125, False, 1
1382,0, 125, False, 1
1383,0, 125, False, 1
1384,0, 125, False, 1
1385,0, 125, False, 1
1386,0, 125, False, 1
1387,0, 125, False, 1
1388,0, 125, False, 1
1389,0, 125, False, 1
1390,0, 125, False, 1
1391,0, 125, False, 1
1392,0, 125, False, 1
1393,0, 125, False, 1
1394,0, 125, False, 1
1395,0, 125, False, 1
1396,0, 125, False, 1
1397,0, 125, False, 1
1398,0, 125, False, 1
1399,0, 125, False, 11
1400,0, 125, False, 11
1401,0, 125, False, 11
1402,0, 125, False, 11
1403,0, 125, False, 11
1404,0, 125, False, 11
1405,0, 125, False, 11
1406,0, 125, False, 11
1407,0, 125, False, 11
1408,0, 125, False, 11
1409,0, 125, False, 11
1410,0, 125, False, 11
1411,0, 125, False, 11
1412,0, 125, False, 11
1413,0, 125, False, 11
1414,0, 125, False, 11
1415,0, 125, False, 11
1416,0, 125, False, 11
1417,0, 125, False, 1
1418,0, 125, False, 1
1419,0, 125, False, 1
1420,0, 125, False, 1
1421,0, 125, False, 1
1422,0, 125, False, 1
1423,0, 125, False, 1
1424,0, 125, False, 1
1425,0, 125, False, 1
1426,0, 125, False, 1
1427,0, 125, False, 1
1428,0, 125, False, 1
1429,25, 150, False, 1
1430,0, 150, False, 1
1431,0, 150, False, 11
1432,0, 150, False, 11
1433,0, 150, False, 11
1434,0, 150, False, 11
1435,0, 150, False, 11
1436,0, 150, False, 11
1437,0, 150, False, 11
1438,0, 150, False, 11
1439,0, 150, False, 1
1440,0, 150, False, 1
1441,0, 150, False, 1
1442,0, 150, False, 1
1443,0, 150, False, 1
1444,0, 150, False, 1
1445,0, 150, False, 1
1446,0, 150, False, 1
1447,0, 150, False, 1
1448,0, 150, False, 1
1449,0, 150, False, 1
1450,0, 150, False, 1
1451,0, 150, False, 1
1452,0, 150, False, 1
1453,0, 150, False, 1
1454,0, 150, False, 1
1455,0, 150, False, 1
1456,0, 150, False, 1
1457,0, 150, False, 1
1458,0, 150, False, 1
1459,0, 150, False, 1
1460,0, 150, False, 1
1461,0, 150, False, 1
1462,0, 150, False, 1
1463,0, 150, False, 1
1464,0, 150, False, 1
1465,0, 150, False, 1
1466,0, 150, False, 1
1467,0, 150, False, 1
1468,0, 150, False, 1
1469,0, 150, False, 1
1470,0, 150, False, 1
1471,0, 150, False, 1
1472,0, 150, False, 1
1473,0, 150, False, 1
1474,0, 150, False, 1
1475,0, 150, False, 1
1476,0, 150, False, 1
1477,0, 150, False, 1
1478,0, 150, False, 1
1479,0, 150, False, 1
1480,0, 150, False, 1
1481,0, 150, False, 1
1482,0, 150, False, 1
1483,0, 150, False, 1
1484,0, 150, False, 1
1485,0, 150, False, 1
1486,0, 150, False, 1
1487,0, 150, False, 1
1488,0, 150, False, 1
1489,0, 150, False, 1
1490,0, 150, False, 1
1491,0, 150, False, 1
1492,0, 150, False, 1
1493,0, 150, False, 1
1494,0, 150, False, 1
1495,0, 150, False, 1
1496,0, 150, False, 1
1497,0, 150, False, 1
1498,0, 150, False, 1
1499,0, 150, False, 1
1500,0, 150, False, 1
1501,0, 150, False, 1
1502,0, 150, False, 1
1503,0, 150, False, 1
1504,0, 150, False, 1
1505,0, 150, False, 1
1506,0, 150, False, 1
1507,0, 150, False, 1
1508,0, 150, False, 1
1509,0, 150, False, 1
1510,0, 150, False, 1
1511,0, 150, False, 1
1512,0, 150, False, 1
1513,0, 150, False, 1
1514,0, 150, False, 1
1515,0, 150, False, 1
1516,0, 150, False, 1
1517,0, 150, False, 1
1518,0, 150, False, 1
1519,0, 150, False, 1
1520,0, 150, False, 1
1521,0, 150, False, 1
1522,0, 150, False, 1
1523,0, 150, False, 1
1524,0, 150, False, 1
1525,0, 150, False, 1
1526,0, 150, False, 1
1527,0, 150, False, 1
1528,0, 150, False, 1
1529,0, 150, False, 1
1530,0, 150, False, 1
1531,0, 150, False, 1
1532,0, 150, False, 1
1533,0, 150, False, 1
1534,0, 150, False, 1
1535,0, 150, False, 1
1536,0, 150, False, 1
1537,0, 150, False, 1
1538,0, 150, False, 1
1539,0, 150, False, 1
1540,0, 150, False, 1
1541,0, 150, False, 1
1542,0, 150, False, 1
1543,0, 150, False, 1
1544,0, 150, False, 1
1545,0, 150, False, 1
1546,0, 150, False, 1
1547,0, 150, False, 1
1548,0, 150, False, 1
1549,0, 150, False, 1
1550,0, 150, False, 1
1551,0, 150, False, 1
1552,0, 150, False, 1
1553,15, 165, False, 1
1554,0, 165, False, 1
1555,0, 165, False, 1
1556,0, 165, False, 1
1557,0, 165, False, 1
1558,0, 165, False, 1
1559,0, 165, False, 1
1560,0, 165, False, 1
1561,0, 165, False, 1
1562,0, 165, False, 1
1563,0, 165, False, 1
1564,0, 165, False, 1
1565,0, 165, False, 1
1566,0, 165, False, 1
1567,0, 165, False, 1
1568,0, 165, False, 1
1569,0, 165, False, 1
1570,0, 165, False, 1
1571,0, 165, False, 1
1572,0, 165, False, 1
1573,0, 165, False, 1
1574,0, 165, False, 1
1575,0, 165, False, 1
1576,0, 165, False, 1
1577,0, 165, False, 1
1578,0, 165, False, 12
1579,0, 165, False, 12
1580,0, 165, False, 12
1581,0, 165, False, 12
1582,0, 165, False, 12
1583,0, 165, False, 12
1584,0, 165, False, 12
1585,0, 165, False, 12
1586,0, 165, False, 12
1587,0, 165, False, 12
1588,0, 165, False, 12
1589,0, 165, False, 12
1590,0, 165, False, 12
1591,0, 165, False, 12
1592,0, 165, False, 12
1593,0, 165, False, 12
1594,0, 165, False, 12
1595,0, 165, False, 12
1596,0, 165, False, 12
1597,0, 165, False, 12
1598,0, 165, False, 1
1599,0, 165, False, 1
1600,0, 165, False, 1
1601,20, 185, False, 1
1602,0, 185, False, 1
1603,0, 185, False, 1
1604,0, 185, False, 1
1605,0, 185, False, 1
1606,0, 185, False, 1
1607,0, 185, False, 1
1608,0, 185, False, 1
1609,0, 185, False, 1
1610,0, 185, False, 1
1611,0, 185, False, 1
1612,0, 185, False, 1
1613,0, 185, False, 1
1614,0, 185, False, 1
1615,0, 185, False, 1
1616,0, 185, False, 1
1617,0, 185, False, 1
1618,0, 185, False, 1
1619,0, 185, False, 1
1620,0, 185, False, 1
1621,0, 185, False, 1
1622,0, 185, False, 1
1623,0, 185, False, 1
1624,0, 185, False, 1
1625,0, 185, False, 1
1626,0, 185, False, 1
1627,0, 185, False, 1
1628,0, 185, False, 1
1629,0, 185, False, 1
1630,0, 185, False, 1
1631,0, 185, False, 1
1632,0, 185, False, 1
1633,0, 185, False, 1
1634,0, 185, False, 1
1635,0, 185, False, 1
1636,0, 185, False, 1
1637,0, 185, False, 1
1638,0, 185, False, 1
1639,0, 185, False, 1
1640,0, 185, False, 1
1641,0, 185, False, 1
1642,0, 185, False, 1
1643,0, 185, False, 1
1644,0, 185, False, 1
1645,0, 185, False, 1
1646,0, 185, False, 1
1647,0, 185, False, 1
1648,0, 185, False, 1
1649,0, 185, False, 1
1650,0, 185, False, 1
1651,0, 185, False, 12
1652,0, 185, False, 12
1653,0, 185, False, 12
1654,0, 185, False, 12
1655,0, 185, False, 12
1656,0, 185, False, 12
1657,0, 185, False, 1
1658,0, 185, False, 1
1659,0, 185, False, 1
1660,0, 185, False, 1
1661,0, 185, False, 1
1662,0, 185, False, 1
1663,0, 185, False, 1
1664,0, 185, False, 1
1665,0, 185, False, 1
1666,0, 185, False, 11
1667,0, 185, False, 11
1668,0, 185, False, 11
1669,0, 185, False, 11
1670,0, 185, False, 11
1671,0, 185, False, 11
1672,0, 185, False, 11
1673,0, 185, False, 11
1674,0, 185, False, 11
1675,0, 185, False, 11
1676,0, 185, False, 11
1677,0, 185, False, 11
1678,0, 185, False, 1
1679,0, 185, False, 1
1680,0, 185, False, 1
1681,0, 185, False, 1
1682,0, 185, False, 1
1683,0, 185, False, 1
1684,0, 185, False, 1
1685,0, 185, False, 1
1686,0, 185, False, 1
1687,0, 185, False, 1
1688,0, 185, False, 1
1689,0, 185, False, 1
1690,0, 185, False, 1
1691,0, 185, False, 1
1692,0, 185, False, 12
1693,0, 185, False, 12
1694,0, 185, False, 12
1695,0, 185, False, 12
1696,0, 185, False, 12
1697,0, 185, False, 12
1698,0, 185, False, 12
1699,0, 185, False, 12
1700,0, 185, False, 12
1701,0, 185, False, 12
1702,0, 185, False, 12
1703,0, 185, False, 1
1704,0, 185, False, 1
1705,0, 185, False, 1
1706,0, 185, False, 1
1707,0, 185, False, 1
1708,0, 185, False, 1
1709,0, 185, False, 1
1710,0, 185, False, 1
1711,0, 185, False, 1
1712,0, 185, False, 1
1713,0, 185, False, 1
1714,0, 185, False, 1
1715,0, 185, False, 1
1716,0, 185, False, 12
1717,0, 185, False, 12
1718,0, 185, False, 12
1719,0, 185, False, 12
1720,0, 185, False, 12
1721,0, 185, False, 12
1722,0, 185, False, 12
1723,0, 185, False, 12
1724,0, 185, False, 12
1725,0, 185, False, 12
1726,0, 185, False, 12
1727,0, 185, False, 12
1728,0, 185, False, 12
1729,0, 185, False, 12
1730,0, 185, False, 12
1731,0, 185, False, 12
1732,0, 185, False, 12
1733,0, 185, False, 12
1734,0, 185, False, 12
1735,0, 185, False, 12
1736,0, 185, False, 12
1737,0, 185, False, 12
1738,0, 185, False, 12
1739,0, 185, False, 12
1740,0, 185, False, 12
1741,0, 185, False, 12
1742,0, 185, False, 12
1743,25, 210, False, 12
1744,0, 210, False, 12
1745,0, 210, False, 12
1746,0, 210, False, 12
1747,0, 210, False, 12
1748,0, 210, False, 12
1749,0, 210, False, 12
1750,0, 210, False, 12
1751,0, 210, False, 12
1752,0, 210, False, 1
1753,0, 210, False, 1
1754,0, 210, False, 1
1755,0, 210, False, 1
1756,0, 210, False, 1
1757,0, 210, False, 1
1758,0, 210, False, 1
1759,0, 210, False, 1
1760,0, 210, False, 1
1761,0, 210, False, 1
1762,0, 210, False, 1
1763,0, 210, False, 1
1764,0, 210, False, 1
1765,0, 210, False, 1
1766,0, 210, False, 1
1767,0, 210, False, 1
1768,0, 210, False, 1
1769,0, 210, False, 1
1770,0, 210, False, 1
1771,0, 210, False, 1
1772,0, 210, False, 1
1773,0, 210, False, 1
1774,0, 210, False, 1
1775,0, 210, False, 1
1776,0, 210, False, 1
1777,0, 210, False, 1
1778,0, 210, False, 12
1779,0, 210, False, 12
1780,0, 210, False, 12
1781,0, 210, False, 12
1782,0, 210, False, 12
1783,0, 210, False, 12
1784,0, 210, False, 12
1785,0, 210, False, 12
1786,0, 210, False, 12
1787,0, 210, False, 12
1788,0, 210, False, 12
1789,0, 210, False, 12
1790,0, 210, False, 12
1791,0, 210, False, 12
1792,0, 210, False, 12
1793,0, 210, False, 12
1794,0, 210, False, 1
1795,0, 210, False, 1
1796,0, 210, False, 1
1797,0, 210, False, 1
1798,0, 210, False, 1
1799,0, 210, False, 1
1800,0, 210, False, 1
1801,0, 210, False, 1
1802,0, 210, False, 1
1803,0, 210, False, 1
1804,0, 210, False, 1
1805,0, 210, False, 1
1806,0, 210, False, 1
1807,0, 210, False, 1
1808,0, 210, False, 1
1809,0, 210, False, 1
1810,0, 210, False, 1
1811,0, 210, False, 1
1812,0, 210, False, 1
1813,0, 210, False, 1
1814,0, 210, False, 1
1815,0, 210, False, 1
1816,0, 210, False, 12
1817,0, 210, False, 12
1818,0, 210, False, 12
1819,0, 210, False, 12
1820,0, 210, False, 12
1821,0, 210, False, 12
1822,0, 210, False, 12
1823,0, 210, False, 12
1824,0, 210, False, 12
1825,0, 210, False, 12
1826,0, 210, False, 12
1827,0, 210, False, 12
1828,0, 210, False, 12
1829,0, 210, False, 12
1830,0, 210, False, 1
1831,0, 210, False, 1
1832,0, 210, False, 1
1833,0, 210, False, 1
1834,0, 210, False, 1
1835,0, 210, False, 1
1836,0, 210, False, 1
1837,0, 210, False, 1
1838,0, 210, False, 1
1839,0, 210, False, 1
1840,0, 210, False, 1
1841,0, 210, False, 12
1842,0, 210, False, 12
1843,0, 210, False, 12
1844,0, 210, False, 12
1845,0, 210, False, 12
1846,0, 210, False, 12
1847,0, 210, False, 12
1848,0, 210, False, 12
1849,0, 210, False, 12
1850,0, 210, False, 12
1851,0, 210, False, 12
1852,0, 210, False, 12
1853,0, 210, False, 12
1854,0, 210, False, 12
1855,0, 210, False, 12
1856,0, 210, False, 12
1857,0, 210, False, 12
1858,0, 210, False, 12
1859,0, 210, False, 12
1860,0, 210, False, 12
1861,0, 210, False, 12
1862,0, 210, False, 12
1863,0, 210, False, 12
1864,0, 210, False, 12
1865,0, 210, False, 12
1866,0, 210, False, 12
1867,0, 210, False, 12
1868,0, 210, False, 12
1869,0, 210, False, 12
1870,0, 210, False, 12
1871,0, 210, False, 12
1872,0, 210, False, 12
1873,0, 210, False, 12
1874,0, 210, False, 12
1875,0, 210, False, 12
1876,0, 210, False, 12
1877,0, 210, False, 12
1878,0, 210, False, 12
1879,0, 210, False, 12
1880,0, 210, False, 12
1881,0, 210, False, 12
1882,0, 210, False, 12
1883,0, 210, False, 12
1884,0, 210, False, 12
1885,0, 210, False, 12
1886,0, 210, False, 12
1887,0, 210, False, 12
1888,0, 210, False, 1
1889,0, 210, False, 1
1890,0, 210, False, 1
1891,0, 210, False, 1
1892,0, 210, False, 1
1893,0, 210, False, 1
1894,0, 210, False, 1
1895,0, 210, False, 1
1896,0, 210, False, 1
1897,0, 210, False, 1
1898,0, 210, False, 1
1899,0, 210, False, 1
1900,0, 210, False, 1
1901,0, 210, False, 1
1902,0, 210, False, 1
1903,0, 210, False, 1
1904,0, 210, False, 1
1905,0, 210, False, 1
1906,0, 210, False, 1
1907,0, 210, False, 1
1908,0, 210, False, 1
1909,0, 210, False, 1
1910,0, 210, False, 1
1911,0, 210, False, 1
1912,0, 210, False, 1
1913,0, 210, False, 1
1914,0, 210, False, 1
1915,0, 210, False, 1
1916,0, 210, False, 1
1917,0, 210, False, 1
1918,0, 210, False, 1
1919,0, 210, False, 1
1920,0, 210, False, 1
1921,0, 210, False, 1
1922,0, 210, False, 1
1923,0, 210, False, 1
1924,0, 210, False, 1
1925,0, 210, False, 1
1926,0, 210, False, 1
1927,0, 210, False, 1
1928,0, 210, False, 1
1929,0, 210, False, 1
1930,0, 210, False, 1
1931,0, 210, False, 1
1932,0, 210, False, 1
1933,0, 210, False, 1
1934,0, 210, False, 1
1935,0, 210, False, 1
1936,0, 210, False, 1
1937,0, 210, False, 1
1938,0, 210, False, 1
1939,0, 210, False, 1
1940,0, 210, False, 1
1941,0, 210, False, 1
1942,0, 210, False, 1
1943,0, 210, False, 1
1944,0, 210, False, 1
1945,0, 210, False, 1
1946,0, 210, False, 1
1947,0, 210, False, 1
1948,0, 210, False, 1
1949,0, 210, False, 1
1950,0, 210, False, 1
1951,0, 210, False, 1
1952,0, 210, False, 1
1953,0, 210, False, 1
1954,0, 210, False, 1
1955,0, 210, False, 1
1956,0, 210, False, 1
1957,0, 210, False, 1
1958,0, 210, False, 1
1959,0, 210, False, 1
1960,0, 210, False, 1
1961,0, 210, False, 1
1962,0, 210, False, 1
1963,0, 210, False, 1
1964,0, 210, False, 1
1965,0, 210, False, 1
1966,0, 210, False, 1
1967,0, 210, False, 1
1968,0, 210, False, 1
1969,0, 210, False, 1
1970,0, 210, False, 1
1971,0, 210, False, 1
1972,0, 210, False, 1
1973,0, 210, False, 1
1974,0, 210, False, 1
1975,0, 210, False, 1
1976,0, 210, False, 1
1977,0, 210, False, 1
1978,0, 210, False, 1
1979,0, 210, False, 1
1980,0, 210, False, 1
1981,0, 210, False, 1
1982,0, 210, False, 1
1983,0, 210, False, 1
1984,0, 210, False, 1
1985,0, 210, False, 1
1986,0, 210, False, 1
1987,0, 210, False, 1
1988,0, 210, False, 1
1989,0, 210, False, 1
1990,0, 210, False, 1
1991,0, 210, False, 1
1992,0, 210, False, 1
1993,0, 210, False, 1
1994,0, 210, False, 1
1995,0, 210, False, 1
1996,0, 210, False, 1
1997,0, 210, False, 1
1998,0, 210, False, 1
1999,0, 210, False, 1
2000,0, 210, False, 1
2001,0, 210, False, 1
2002,0, 210, False, 1
2003,0, 210, False, 1
2004,0, 210, False, 1
2005,0, 210, False, 1
2006,0, 210, False, 1
2007,0, 210, False, 1
2008,0, 210, False, 1
2009,0, 210, False, 1
2010,0, 210, False, 1
2011,0, 210, False, 1
2012,0, 210, False, 1
2013,0, 210, False, 1
2014,0, 210, False, 1
2015,0, 210, False, 1
2016,0, 210, False, 1
2017,0, 210, False, 1
2018,0, 210, False, 1
2019,0, 210, False, 1
2020,0, 210, False, 1
2021,0, 210, False, 1
2022,0, 210, False, 1
2023,0, 210, False, 1
2024,0, 210, False, 1
2025,0, 210, False, 1
2026,0, 210, False, 1
2027,0, 210, False, 1
2028,0, 210, False, 1
2029,0, 210, False, 1
2030,0, 210, False, 1
2031,0, 210, False, 1
2032,0, 210, False, 1
2033,0, 210, False, 1
2034,0, 210, False, 1
2035,0, 210, False, 1
2036,0, 210, False, 1
2037,0, 210, False, 1
2038,0, 210, False, 1
2039,0, 210, False, 1
2040,0, 210, False, 1
2041,0, 210, False, 1
2042,0, 210, False, 1
2043,0, 210, False, 1
2044,0, 210, False, 1
2045,0, 210, False, 1
2046,0, 210, False, 1
2047,0, 210, False, 1
2048,0, 210, False, 1
2049,0, 210, False, 1
2050,0, 210, False, 1
2051,0, 210, False, 1
2052,0, 210, False, 1
2053,0, 210, False, 1
2054,0, 210, False, 1
2055,0, 210, False, 1
2056,0, 210, False, 1
2057,0, 210, False, 1
2058,0, 210, False, 1
2059,0, 210, False, 1
2060,0, 210, False, 1
2061,0, 210, False, 1
2062,0, 210, False, 1
2063,0, 210, False, 1
2064,0, 210, False, 1
2065,30, 240, False, 1
2066,0, 240, False, 1
2067,0, 240, False, 1
2068,0, 240, False, 1
2069,0, 240, False, 1
2070,0, 240, False, 1
2071,0, 240, False, 1
2072,0, 240, False, 1
2073,0, 240, False, 1
2074,0, 240, False, 1
2075,0, 240, False, 1
2076,0, 240, False, 1
2077,0, 240, False, 1
2078,0, 240, False, 1
2079,0, 240, False, 1
2080,0, 240, False, 1
2081,0, 240, False, 1
2082,0, 240, False, 1
2083,0, 240, False, 1
2084,0, 240, False, 1
2085,0, 240, False, 1
2086,0, 240, False, 1
2087,0, 240, False, 1
2088,0, 240, False, 1
2089,0, 240, False, 1
2090,0, 240, False, 1
2091,0, 240, False, 1
2092,0, 240, False, 1
2093,0, 240, False, 1
2094,0, 240, False, 1
2095,0, 240, False, 1
2096,0, 240, False, 1
2097,0, 240, False, 1
2098,0, 240, False, 1
2099,0, 240, False, 1
2100,0, 240, False, 1
2101,0, 240, False, 1
2102,0, 240, False, 1
2103,0, 240, False, 1
2104,0, 240, False, 1
2105,0, 240, False, 1
2106,0, 240, False, 1
2107,0, 240, False, 1
2108,0, 240, False, 1
2109,0, 240, False, 1
2110,0, 240, False, 1
2111,0, 240, False, 1
2112,0, 240, False, 1
2113,0, 240, False, 1
2114,0, 240, False, 1
2115,0, 240, False, 1
2116,0, 240, False, 1
2117,0, 240, False, 1
2118,0, 240, False, 1
2119,0, 240, False, 1
2120,0, 240, False, 1
2121,0, 240, False, 1
2122,0, 240, False, 1
2123,0, 240, False, 1
2124,0, 240, False, 1
2125,0, 240, False, 1
2126,0, 240, False, 1
2127,0, 240, False, 1
2128,0, 240, False, 1
2129,0, 240, False, 12
2130,0, 240, False, 12
2131,0, 240, False, 12
2132,0, 240, False, 12
2133,0, 240, False, 12
2134,0, 240, False, 12
2135,0, 240, False, 12
2136,0, 240, False, 12
2137,0, 240, False, 12
2138,0, 240, False, 12
2139,0, 240, False, 1
2140,0, 240, False, 1
2141,0, 240, False, 1
2142,0, 240, False, 1
2143,0, 240, False, 1
2144,0, 240, False, 1
2145,0, 240, False, 1
2146,0, 240, False, 1
2147,0, 240, False, 1
2148,0, 240, False, 1
2149,0, 240, False, 1
2150,0, 240, False, 1
2151,0, 240, False, 1
2152,0, 240, False, 1
2153,0, 240, False, 1
2154,0, 240, False, 1
2155,0, 240, False, 1
2156,0, 240, False, 1
2157,0, 240, False, 1
2158,0, 240, False, 1
2159,0, 240, False, 1
2160,0, 240, False, 1
2161,0, 240, False, 1
2162,0, 240, False, 1
2163,0, 240, False, 1
2164,0, 240, False, 1
2165,0, 240, False, 1
2166,0, 240, False, 1
2167,0, 240, False, 1
2168,0, 240, False, 1
2169,0, 240, False, 1
2170,0, 240, False, 1
2171,0, 240, False, 1
2172,0, 240, False, 1
2173,0, 240, False, 11
2174,0, 240, False, 11
2175,0, 240, False, 11
2176,0, 240, False, 11
2177,0, 240, False, 11
2178,0, 240, False, 11
2179,0, 240, False, 11
2180,0, 240, False, 11
2181,0, 240, False, 11
2182,0, 240, False, 11
2183,15, 255, False, 11
2184,0, 255, False, 11
2185,0, 255, False, 11
2186,0, 255, False, 11
2187,0, 255, False, 11
2188,0, 255, False, 11
2189,0, 255, False, 11
2190,0, 255, False, 11
2191,0, 255, False, 11
2192,0, 255, False, 11
2193,0, 255, False, 11
2194,0, 255, False, 11
2195,0, 255, False, 11
2196,0, 255, False, 11
2197,0, 255, False, 11
2198,0, 255, False, 11
2199,0, 255, False, 11
2200,0, 255, False, 11
2201,0, 255, False, 11
2202,0, 255, False, 1
2203,0, 255, False, 1
2204,0, 255, False, 1
2205,0, 255, False, 1
2206,0, 255, False, 1
2207,0, 255, False, 1
2208,0, 255, False, 1
2209,0, 255, False, 1
2210,0, 255, False, 1
2211,0, 255, False, 1
2212,0, 255, False, 1
2213,0, 255, False, 1
2214,0, 255, False, 1
2215,0, 255, False, 1
2216,0, 255, False, 1
2217,0, 255, False, 1
2218,0, 255, False, 1
2219,0, 255, False, 1
2220,0, 255, False, 1
2221,0, 255, False, 1
2222,0, 255, False, 1
2223,0, 255, False, 1
2224,0, 255, False, 1
2225,0, 255, False, 1
2226,0, 255, False, 1
2227,0, 255, False, 1
2228,0, 255, False, 1
2229,0, 255, False, 1
2230,0, 255, False, 1
2231,0, 255, False, 1
2232,0, 255, False, 1
2233,0, 255, False, 1
2234,0, 255, False, 1
2235,0, 255, False, 1
2236,0, 255, False, 1
2237,0, 255, False, 1
2238,0, 255, False, 1
2239,0, 255, False, 1
2240,0, 255, False, 1
2241,0, 255, False, 1
2242,0, 255, False, 1
2243,0, 255, False, 1
2244,0, 255, False, 1
2245,0, 255, False, 1
2246,0, 255, False, 1
2247,0, 255, False, 1
2248,0, 255, False, 1
2249,0, 255, False, 1
2250,0, 255, False, 1
2251,0, 255, False, 1
2252,0, 255, False, 1
2253,0, 255, False, 1
2254,0, 255, False, 1
2255,0, 255, False, 1
2256,0, 255, False, 1
2257,0, 255, False, 1
2258,0, 255, False, 1
2259,0, 255, False, 1
2260,0, 255, False, 1
2261,0, 255, False, 1
2262,0, 255, False, 1
2263,0, 255, False, 12
2264,0, 255, False, 12
2265,0, 255, False, 12
2266,0, 255, False, 12
2267,0, 255, False, 12
2268,0, 255, False, 12
2269,0, 255, False, 12
2270,0, 255, False, 12
2271,0, 255, False, 12
2272,0, 255, False, 1
2273,0, 255, False, 1
2274,0, 255, False, 1
2275,0, 255, False, 1
2276,0, 255, False, 1
2277,0, 255, False, 1
2278,0, 255, False, 1
2279,0, 255, False, 1
2280,0, 255, False, 1
2281,0, 255, False, 1
2282,0, 255, False, 1
2283,0, 255, False, 1
2284,0, 255, False, 1
2285,0, 255, False, 1
2286,0, 255, False, 1
2287,0, 255, False, 1
2288,0, 255, False, 1
2289,0, 255, False, 1
2290,0, 255, False, 1
2291,0, 255, False, 1
2292,0, 255, False, 1
2293,0, 255, False, 12
2294,0, 255, False, 12
2295,0, 255, False, 12
2296,0, 255, False, 12
2297,0, 255, False, 12
2298,0, 255, False, 12
2299,0, 255, False, 12
2300,0, 255, False, 12
2301,0, 255, False, 1
2302,0, 255, False, 1
2303,0, 255, False, 1
2304,0, 255, False, 1
2305,0, 255, False, 1
2306,0, 255, False, 1
2307,0, 255, False, 1
2308,0, 255, False, 1
2309,0, 255, False, 1
2310,0, 255, False, 1
2311,0, 255, False, 1
2312,0, 255, False, 1
2313,0, 255, False, 1
2314,0, 255, False, 1
2315,0, 255, False, 1
2316,0, 255, False, 1
2317,0, 255, False, 1
2318,0, 255, False, 1
2319,0, 255, False, 1
2320,0, 255, False, 1
2321,0, 255, False, 1
2322,0, 255, False, 1
2323,0, 255, False, 1
2324,0, 255, False, 11
2325,0, 255, False, 11
2326,0, 255, False, 11
2327,0, 255, False, 11
2328,0, 255, False, 11
2329,0, 255, False, 11
2330,0, 255, False, 1
2331,0, 255, False, 1
2332,0, 255, False, 1
2333,0, 255, False, 1
2334,0, 255, False, 1
2335,0, 255, False, 1
2336,0, 255, False, 1
2337,0, 255, False, 1
2338,0, 255, False, 1
2339,0, 255, False, 1
2340,0, 255, False, 1
2341,0, 255, False, 1
2342,0, 255, False, 1
2343,0, 255, False, 1
2344,0, 255, False, 1
2345,0, 255, False, 1
2346,0, 255, False, 1
2347,0, 255, False, 1
2348,0, 255, False, 1
2349,0, 255, False, 11
2350,0, 255, False, 11
2351,0, 255, False, 11
2352,0, 255, False, 11
2353,0, 255, False, 11
2354,0, 255, False, 11
2355,0, 255, False, 11
2356,0, 255, False, 11
2357,0, 255, False, 11
2358,0, 255, False, 1
2359,0, 255, False, 1
2360,0, 255, False, 1
2361,0, 255, False, 1
2362,0, 255, False, 1
2363,0, 255, False, 1
2364,0, 255, False, 1
2365,0, 255, False, 1
2366,0, 255, False, 1
2367,0, 255, False, 1
2368,0, 255, False, 1
2369,0, 255, False, 1
2370,0, 255, False, 1
2371,0, 255, False, 1
2372,0, 255, False, 1
2373,0, 255, False, 1
2374,0, 255, False, 1
2375,0, 255, False, 1
2376,0, 255, False, 1
2377,0, 255, False, 1
2378,0, 255, False, 1
2379,0, 255, False, 1
2380,0, 255, False, 1
2381,0, 255, False, 1
2382,0, 255, False, 1
2383,0, 255, False, 1
2384,0, 255, False, 1
2385,0, 255, False, 1
2386,0, 255, False, 1
2387,0, 255, False, 1
2388,0, 255, False, 1
2389,30, 285, False, 1
2390,0, 285, False, 1
2391,0, 285, False, 11
2392,0, 285, False, 11
2393,0, 285, False, 11
2394,0, 285, False, 11
2395,0, 285, False, 11
2396,0, 285, False, 11
2397,0, 285, False, 11
2398,0, 285, False, 11
2399,0, 285, False, 11
2400,0, 285, False, 11
2401,0, 285, False, 11
2402,0, 285, False, 1
2403,0, 285, False, 1
2404,0, 285, False, 1
2405,0, 285, False, 1
2406,0, 285, False, 1
2407,0, 285, False, 1
2408,0, 285, False, 1
2409,0, 285, False, 1
2410,0, 285, False, 1
2411,0, 285, False, 1
2412,0, 285, False, 1
2413,0, 285, False, 1
2414,0, 285, False, 1
2415,0, 285, False, 1
2416,0, 285, False, 1
2417,0, 285, False, 1
2418,0, 285, False, 11
2419,0, 285, False, 11
2420,0, 285, False, 11
2421,0, 285, False, 11
2422,0, 285, False, 11
2423,0, 285, False, 11
2424,0, 285, False, 11
2425,0, 285, False, 11
2426,0, 285, False, 11
2427,0, 285, False, 11
2428,0, 285, False, 11
2429,0, 285, False, 11
2430,0, 285, False, 1
2431,0, 285, False, 1
2432,0, 285, False, 1
2433,0, 285, False, 1
2434,0, 285, False, 1
2435,0, 285, False, 1
2436,0, 285, False, 1
2437,0, 285, False, 1
2438,0, 285, False, 1
2439,0, 285, False, 1
2440,0, 285, False, 1
2441,0, 285, False, 1
2442,0, 285, False, 1
2443,0, 285, False, 1
2444,0, 285, False, 1
2445,0, 285, False, 1
2446,0, 285, False, 1
2447,0, 285, False, 1
2448,0, 285, False, 1
2449,0, 285, False, 1
2450,0, 285, False, 1
2451,0, 285, False, 1
2452,0, 285, False, 1
2453,0, 285, False, 1
2454,0, 285, False, 1
2455,0, 285, False, 1
2456,0, 285, False, 1
2457,0, 285, False, 1
2458,0, 285, False, 1
2459,0, 285, False, 1
2460,0, 285, False, 1
2461,0, 285, False, 1
2462,0, 285, False, 1
2463,0, 285, False, 1
2464,0, 285, False, 1
2465,0, 285, False, 1
2466,0, 285, False, 1
2467,0, 285, False, 1
2468,0, 285, False, 1
2469,0, 285, False, 1
2470,0, 285, False, 1
2471,0, 285, False, 1
2472,0, 285, False, 1
2473,0, 285, False, 1
2474,0, 285, False, 1
2475,0, 285, False, 1
2476,0, 285, False, 1
2477,0, 285, False, 1
2478,0, 285, False, 1
2479,0, 285, False, 12
2480,0, 285, False, 12
2481,0, 285, False, 12
2482,0, 285, False, 12
2483,0, 285, False, 12
2484,0, 285, False, 12
2485,0, 285, False, 12
2486,0, 285, False, 12
2487,0, 285, False, 12
2488,0, 285, False, 12
2489,0, 285, False, 12
2490,0, 285, False, 1
2491,0, 285, False, 1
2492,0, 285, False, 1
2493,0, 285, False, 1
2494,0, 285, False, 1
2495,0, 285, False, 1
2496,0, 285, False, 1
2497,0, 285, False, 1
2498,0, 285, False, 1
2499,0, 285, False, 1
2500,0, 285, False, 1
2501,0, 285, False, 1
2502,0, 285, False, 1
2503,0, 285, False, 1
2504,0, 285, False, 1
2505,0, 285, False, 1
2506,0, 285, False, 1
2507,0, 285, False, 1
2508,0, 285, False, 1
2509,0, 285, False, 1
2510,0, 285, False, 1
2511,0, 285, False, 1
2512,0, 285, False, 1
2513,0, 285, False, 1
2514,0, 285, False, 1
2515,0, 285, False, 1
2516,0, 285, False, 1
2517,0, 285, False, 1
2518,0, 285, False, 1
2519,0, 285, False, 1
2520,0, 285, False, 1
2521,0, 285, False, 1
2522,0, 285, False, 1
2523,0, 285, False, 1
2524,0, 285, False, 1
2525,0, 285, False, 1
2526,0, 285, False, 1
2527,0, 285, False, 1
2528,0, 285, False, 1
2529,0, 285, False, 1
2530,0, 285, False, 1
2531,0, 285, False, 1
2532,0, 285, False, 1
2533,0, 285, False, 1
2534,0, 285, False, 1
2535,30, 315, False, 1
2536,0, 315, False, 1
2537,0, 315, False, 1
2538,0, 315, False, 1
2539,0, 315, False, 12
2540,0, 315, False, 12
2541,0, 315, False, 12
2542,0, 315, False, 12
2543,0, 315, False, 12
2544,0, 315, False, 12
2545,0, 315, False, 12
2546,0, 315, False, 12
2547,0, 315, False, 12
2548,0, 315, False, 12
2549,0, 315, False, 1
2550,0, 315, False, 1
2551,0, 315, False, 1
2552,0, 315, False, 1
2553,0, 315, False, 1
2554,0, 315, False, 1
2555,0, 315, False, 1
2556,0, 315, False, 1
2557,0, 315, False, 1
2558,0, 315, False, 1
2559,0, 315, False, 1
2560,0, 315, False, 1
2561,0, 315, False, 1
2562,0, 315, False, 1
2563,0, 315, False, 1
2564,0, 315, False, 1
2565,0, 315, False, 1
2566,0, 315, False, 1
2567,0, 315, False, 1
2568,0, 315, False, 1
2569,0, 315, False, 1
2570,0, 315, False, 1
2571,0, 315, False, 1
2572,0, 315, False, 1
2573,0, 315, False, 1
2574,0, 315, False, 1
2575,0, 315, False, 1
2576,0, 315, False, 1
2577,0, 315, False, 1
2578,0, 315, False, 1
2579,0, 315, False, 1
2580,0, 315, False, 1
2581,0, 315, False, 1
2582,0, 315, False, 1
2583,0, 315, False, 1
2584,0, 315, False, 1
2585,0, 315, False, 1
2586,0, 315, False, 1
2587,0, 315, False, 1
2588,0, 315, False, 1
2589,0, 315, False, 1
2590,0, 315, False, 1
2591,0, 315, False, 1
2592,0, 315, False, 1
2593,0, 315, False, 1
2594,0, 315, False, 1
2595,0, 315, False, 1
2596,0, 315, False, 1
2597,0, 315, False, 1
2598,0, 315, False, 1
2599,0, 315, False, 1
2600,0, 315, False, 1
2601,0, 315, False, 1
2602,0, 315, False, 1
2603,0, 315, False, 1
2604,0, 315, False, 1
2605,0, 315, False, 1
2606,0, 315, False, 1
2607,0, 315, False, 1
2608,0, 315, False, 1
2609,0, 315, False, 1
2610,0, 315, False, 1
2611,0, 315, False, 1
2612,0, 315, False, 1
2613,0, 315, False, 1
2614,0, 315, False, 1
2615,0, 315, False, 1
2616,0, 315, False, 1
2617,0, 315, False, 1
2618,0, 315, False, 1
2619,0, 315, False, 1
2620,0, 315, False, 1
2621,0, 315, False, 1
2622,0, 315, False, 1
2623,0, 315, False, 1
2624,0, 315, False, 1
2625,0, 315, False, 1
2626,0, 315, False, 1
2627,0, 315, False, 1
2628,0, 315, False, 1
2629,0, 315, False, 1
2630,0, 315, False, 1
2631,0, 315, False, 11
2632,0, 315, False, 11
2633,0, 315, False, 11
2634,0, 315, False, 11
2635,0, 315, False, 11
2636,0, 315, False, 11
2637,0, 315, False, 11
2638,0, 315, False, 11
2639,0, 315, False, 11
2640,0, 315, False, 11
2641,0, 315, False, 11
2642,0, 315, False, 11
2643,0, 315, False, 11
2644,0, 315, False, 11
2645,0, 315, False, 11
2646,0, 315, False, 11
2647,0, 315, False, 11
2648,0, 315, False, 11
2649,0, 315, False, 11
2650,0, 315, False, 11
2651,0, 315, False, 11
2652,0, 315, False, 11
2653,0, 315, False, 11
2654,0, 315, False, 1
2655,0, 315, False, 1
2656,0, 315, False, 1
2657,0, 315, False, 1
2658,0, 315, False, 1
2659,0, 315, False, 1
2660,0, 315, False, 1
2661,0, 315, False, 1
2662,0, 315, False, 1
2663,0, 315, False, 1
2664,0, 315, False, 1
2665,0, 315, False, 1
2666,0, 315, False, 1
2667,0, 315, False, 1
2668,0, 315, False, 1
2669,0, 315, False, 11
2670,0, 315, False, 11
2671,0, 315, False, 11
2672,0, 315, False, 11
2673,0, 315, False, 11
2674,0, 315, False, 11
2675,0, 315, False, 11
2676,0, 315, False, 11
2677,0, 315, False, 11
2678,0, 315, False, 11
2679,0, 315, False, 11
2680,0, 315, False, 11
2681,0, 315, False, 11
2682,0, 315, False, 11
2683,0, 315, False, 11
2684,0, 315, False, 11
2685,0, 315, False, 11
2686,0, 315, False, 11
2687,0, 315, False, 11
2688,0, 315, False, 11
2689,0, 315, False, 11
2690,0, 315, False, 11
2691,0, 315, False, 11
2692,0, 315, False, 11
2693,0, 315, False, 11
2694,0, 315, False, 11
2695,0, 315, False, 11
2696,0, 315, False, 11
2697,0, 315, False, 11
2698,0, 315, False, 1
2699,0, 315, False, 1
2700,0, 315, False, 1
2701,0, 315, False, 1
2702,0, 315, False, 1
2703,0, 315, False, 1
2704,0, 315, False, 1
2705,0, 315, False, 1
2706,0, 315, False, 1
2707,0, 315, False, 1
2708,0, 315, False, 1
2709,0, 315, False, 1
2710,0, 315, False, 1
2711,0, 315, False, 1
2712,0, 315, False, 1
2713,0, 315, False, 1
2714,0, 315, False, 1
2715,0, 315, False, 1
2716,0, 315, False, 1
2717,0, 315, False, 1
2718,0, 315, False, 1
2719,0, 315, False, 1
2720,0, 315, False, 1
2721,0, 315, False, 1
2722,0, 315, False, 1
2723,0, 315, False, 1
2724,0, 315, False, 1
2725,0, 315, False, 1
2726,0, 315, False, 1
2727,0, 315, False, 1
2728,0, 315, False, 1
2729,0, 315, False, 1
2730,0, 315, False, 1
2731,0, 315, False, 1
2732,0, 315, False, 1
2733,0, 315, False, 1
2734,0, 315, False, 1
2735,0, 315, False, 1
2736,0, 315, False, 1
2737,0, 315, False, 1
2738,0, 315, False, 1
2739,0, 315, False, 1
2740,0, 315, False, 1
2741,0, 315, False, 1
2742,0, 315, False, 1
2743,0, 315, False, 1
2744,0, 315, False, 1
2745,0, 315, False, 1
2746,0, 315, False, 1
2747,0, 315, False, 1
2748,0, 315, False, 1
2749,0, 315, False, 1
2750,0, 315, False, 1
2751,0, 315, False, 1
2752,0, 315, False, 1
2753,0, 315, False, 1
2754,0, 315, False, 1
2755,0, 315, False, 1
2756,0, 315, False, 0
2757,0, 315, False, 0
2758,0, 315, False, 0
2759,0, 315, False, 0
2760,0, 315, False, 0
2761,0, 315, False, 0
2762,0, 315, False, 0
2763,0, 315, False, 0
2764,0, 315, False, 0
2765,0, 315, False, 0
2766,0, 315, False, 0
2767,0, 315, False, 0
2768,0, 315, False, 0
2769,0, 315, False, 0
2770,0, 315, False, 0
2771,0, 315, False, 0
2772,0, 315, False, 0
2773,0, 315, False, 0
2774,0, 315, False, 0
2775,0, 315, False, 0
2776,0, 315, False, 0
2777,0, 315, False, 0
2778,0, 315, False, 0
2779,0, 315, False, 0
2780,0, 315, False, 0
2781,0, 315, False, 0
2782,0, 315, False, 0
2783,0, 315, False, 1
2784,0, 315, False, 1
2785,0, 315, False, 1
2786,0, 315, False, 1
2787,0, 315, False, 1
2788,0, 315, False, 1
2789,0, 315, False, 1
2790,0, 315, False, 1
2791,0, 315, False, 1
2792,0, 315, False, 1
2793,0, 315, False, 1
2794,0, 315, False, 1
2795,0, 315, False, 1
2796,0, 315, False, 1
2797,0, 315, False, 1
2798,0, 315, False, 1
2799,0, 315, False, 1
2800,0, 315, False, 1
2801,0, 315, False, 1
2802,0, 315, False, 1
2803,0, 315, False, 1
2804,0, 315, False, 1
2805,0, 315, False, 1
2806,0, 315, False, 1
2807,0, 315, False, 1
2808,0, 315, False, 1
2809,0, 315, False, 1
2810,0, 315, False, 1
2811,0, 315, False, 1
2812,0, 315, False, 1
2813,0, 315, False, 1
2814,0, 315, False, 1
2815,0, 315, False, 1
2816,0, 315, False, 1
2817,0, 315, False, 1
2818,0, 315, False, 1
2819,0, 315, False, 1
2820,0, 315, False, 1
2821,0, 315, False, 1
2822,0, 315, False, 1
2823,0, 315, False, 1
2824,0, 315, False, 1
2825,0, 315, False, 1
2826,0, 315, False, 1
2827,0, 315, False, 1
2828,0, 315, False, 1
2829,0, 315, False, 1
2830,0, 315, False, 1
2831,0, 315, False, 1
2832,0, 315, False, 1
2833,0, 315, False, 1
2834,0, 315, False, 1
2835,0, 315, False, 1
2836,0, 315, False, 1
2837,0, 315, False, 1
2838,0, 315, False, 1
2839,0, 315, False, 1
2840,0, 315, False, 11
2841,0, 315, False, 11
2842,0, 315, False, 11
2843,0, 315, False, 11
2844,0, 315, False, 11
2845,0, 315, False, 11
2846,0, 315, False, 11
2847,0, 315, False, 11
2848,0, 315, False, 1
2849,0, 315, False, 1
2850,0, 315, False, 1
2851,0, 315, False, 1
2852,0, 315, False, 1
2853,0, 315, False, 1
2854,0, 315, False, 1
2855,0, 315, False, 1
2856,0, 315, False, 1
2857,0, 315, False, 1
2858,0, 315, False, 1
2859,0, 315, False, 11
2860,0, 315, False, 11
2861,0, 315, False, 11
2862,0, 315, False, 11
2863,0, 315, False, 11
2864,0, 315, False, 11
2865,0, 315, False, 11
2866,0, 315, False, 11
2867,0, 315, False, 11
2868,0, 315, False, 11
2869,0, 315, False, 11
2870,0, 315, False, 11
2871,0, 315, False, 11
2872,0, 315, False, 11
2873,0, 315, False, 11
2874,0, 315, False, 1
2875,0, 315, False, 1
2876,0, 315, False, 1
2877,0, 315, False, 1
2878,0, 315, False, 1
2879,0, 315, False, 1
2880,0, 315, False, 1
2881,0, 315, False, 1
2882,0, 315, False, 1
2883,0, 315, False, 1
2884,0, 315, False, 1
2885,0, 315, False, 1
2886,0, 315, False, 1
2887,0, 315, False, 1
2888,0, 315, False, 1
2889,0, 315, False, 1
2890,0, 315, False, 1
2891,0, 315, False, 1
2892,0, 315, False, 1
2893,0, 315, False, 1
2894,0, 315, False, 1
2895,0, 315, False, 1
2896,0, 315, False, 11
2897,0, 315, False, 11
2898,0, 315, False, 11
2899,0, 315, False, 11
2900,0, 315, False, 11
2901,0, 315, False, 11
2902,0, 315, False, 11
2903,0, 315, False, 11
2904,0, 315, False, 11
2905,0, 315, False, 11
2906,0, 315, False, 11
2907,0, 315, False, 11
2908,0, 315, False, 11
2909,0, 315, False, 11
2910,0, 315, False, 11
2911,0, 315, False, 11
2912,0, 315, False, 11
2913,0, 315, False, 11
2914,0, 315, False, 11
2915,0, 315, False, 11
2916,0, 315, False, 11
2917,0, 315, False, 1
2918,0, 315, False, 1
2919,0, 315, False, 1
2920,0, 315, False, 1
2921,0, 315, False, 1
2922,0, 315, False, 1
2923,0, 315, False, 1
2924,0, 315, False, 1
2925,0, 315, False, 1
2926,0, 315, False, 1
2927,0, 315, False, 1
2928,0, 315, False, 1
2929,0, 315, False, 1
2930,0, 315, False, 1
2931,0, 315, False, 1
2932,0, 315, False, 1
2933,0, 315, False, 11
2934,0, 315, False, 11
2935,0, 315, False, 11
2936,0, 315, False, 11
2937,0, 315, False, 11
2938,0, 315, False, 11
2939,0, 315, False, 11
2940,0, 315, False, 11
2941,0, 315, False, 11
2942,0, 315, False, 11
2943,0, 315, False, 11
2944,0, 315, False, 1
2945,0, 315, False, 1
2946,0, 315, False, 1
2947,0, 315, False, 1
2948,0, 315, False, 1
2949,0, 315, False, 1
2950,0, 315, False, 1
2951,0, 315, False, 1
2952,0, 315, False, 1
2953,0, 315, False, 1
2954,0, 315, False, 1
2955,0, 315, False, 1
2956,0, 315, False, 1
2957,0, 315, False, 1
2958,0, 315, False, 1
2959,0, 315, False, 1
2960,0, 315, False, 1
2961,0, 315, False, 1
2962,0, 315, False, 1
2963,0, 315, False, 11
2964,0, 315, False, 11
2965,0, 315, False, 11
2966,0, 315, False, 11
2967,0, 315, False, 11
2968,0, 315, False, 1
2969,0, 315, False, 1
2970,0, 315, False, 1
2971,0, 315, False, 1
2972,0, 315, False, 1
2973,0, 315, False, 1
2974,0, 315, False, 1
2975,0, 315, False, 1
2976,0, 315, False, 1
2977,0, 315, False, 1
2978,0, 315, False, 1
2979,0, 315, False, 1
2980,0, 315, False, 1
2981,10, 325, False, 1
2982,0, 325, False, 1
2983,0, 325, False, 1
2984,0, 325, False, 1
2985,0, 325, False, 1
2986,0, 325, False, 1
2987,0, 325, False, 1
2988,0, 325, False, 1
2989,0, 325, False, 1
2990,0, 325, False, 1
2991,5, 330, False, 12
2992,0, 330, False, 12
2993,0, 330, False, 12
2994,0, 330, False, 12
2995,0, 330, False, 12
2996,0, 330, False, 12
2997,0, 330, False, 12
2998,0, 330, False, 12
2999,0, 330, False, 1
3000,0, 330, False, 1
3001,0, 330, False, 1
3002,0, 330, False, 1
3003,0, 330, False, 1
3004,0, 330, False, 1
3005,0, 330, False, 1
3006,0, 330, False, 1
3007,0, 330, False, 1
3008,0, 330, False, 1
3009,0, 330, False, 1
3010,0, 330, False, 1
3011,0, 330, False, 1
3012,0, 330, False, 1
3013,0, 330, False, 12
3014,0, 330, False, 12
3015,0, 330, False, 12
3016,0, 330, False, 12
3017,0, 330, False, 12
3018,0, 330, False, 12
3019,0, 330, False, 12
3020,0, 330, False, 12
3021,15, 345, False, 12
3022,0, 345, False, 12
3023,0, 345, False, 12
3024,0, 345, False, 12
3025,0, 345, False, 12
3026,0, 345, False, 12
3027,0, 345, False, 1
3028,0, 345, False, 1
3029,0, 345, False, 1
3030,0, 345, False, 1
3031,0, 345, False, 1
3032,0, 345, False, 1
3033,0, 345, False, 1
3034,0, 345, False, 1
3035,0, 345, False, 1
3036,0, 345, False, 1
3037,0, 345, False, 1
3038,0, 345, False, 1
3039,0, 345, False, 1
3040,0, 345, False, 1
3041,0, 345, False, 1
3042,0, 345, False, 1
3043,0, 345, False, 1
3044,0, 345, False, 1
3045,0, 345, False, 1
3046,0, 345, False, 1
3047,0, 345, False, 1
3048,0, 345, False, 1
3049,0, 345, False, 1
3050,0, 345, False, 1
3051,0, 345, False, 1
3052,0, 345, False, 1
3053,0, 345, False, 1
3054,0, 345, False, 1
3055,0, 345, False, 1
3056,0, 345, False, 1
3057,0, 345, False, 1
3058,0, 345, False, 1
3059,20, 365, False, 1
3060,0, 365, False, 1
3061,0, 365, False, 1
3062,0, 365, False, 1
3063,0, 365, False, 1
3064,0, 365, False, 1
3065,0, 365, False, 1
3066,0, 365, False, 1
3067,0, 365, False, 1
3068,0, 365, False, 1
3069,0, 365, False, 1
3070,0, 365, False, 1
3071,0, 365, False, 12
3072,0, 365, False, 12
3073,0, 365, False, 12
3074,0, 365, False, 12
3075,0, 365, False, 12
3076,0, 365, False, 12
3077,0, 365, False, 12
3078,0, 365, False, 12
3079,0, 365, False, 12
3080,0, 365, False, 12
3081,0, 365, False, 12
3082,0, 365, False, 1
3083,0, 365, False, 1
3084,0, 365, False, 1
3085,0, 365, False, 1
3086,0, 365, False, 1
3087,0, 365, False, 1
3088,0, 365, False, 1
3089,0, 365, False, 1
3090,0, 365, False, 1
3091,0, 365, False, 1
3092,0, 365, False, 1
3093,0, 365, False, 1
3094,0, 365, False, 1
3095,0, 365, False, 1
3096,0, 365, False, 1
3097,0, 365, False, 1
3098,0, 365, False, 1
3099,0, 365, False, 1
3100,0, 365, False, 1
3101,0, 365, False, 1
3102,0, 365, False, 1
3103,0, 365, False, 1
3104,0, 365, False, 1
3105,0, 365, False, 1
3106,0, 365, False, 1
3107,25, 390, False, 1
3108,0, 390, False, 1
3109,0, 390, False, 1
3110,0, 390, False, 1
3111,0, 390, False, 1
3112,0, 390, False, 1
3113,0, 390, False, 1
3114,0, 390, False, 1
3115,0, 390, False, 1
3116,0, 390, False, 1
3117,0, 390, False, 1
3118,0, 390, False, 1
3119,0, 390, False, 1
3120,0, 390, False, 1
3121,0, 390, False, 1
3122,0, 390, False, 1
3123,0, 390, False, 1
3124,0, 390, False, 1
3125,0, 390, False, 1
3126,0, 390, False, 1
3127,0, 390, False, 1
3128,0, 390, False, 1
3129,0, 390, False, 1
3130,0, 390, False, 1
3131,0, 390, False, 1
3132,0, 390, False, 1
3133,0, 390, False, 1
3134,0, 390, False, 1
3135,0, 390, False, 1
3136,0, 390, False, 1
3137,0, 390, False, 1
3138,0, 390, False, 1
3139,0, 390, False, 1
3140,0, 390, False, 1
3141,0, 390, False, 1
3142,0, 390, False, 1
3143,0, 390, False, 1
3144,0, 390, False, 1
3145,0, 390, False, 1
3146,0, 390, False, 1
3147,0, 390, False, 1
3148,0, 390, False, 12
3149,0, 390, False, 12
3150,0, 390, False, 12
3151,0, 390, False, 12
3152,0, 390, False, 12
3153,0, 390, False, 12
3154,0, 390, False, 12
3155,0, 390, False, 12
3156,0, 390, False, 12
3157,0, 390, False, 12
3158,0, 390, False, 12
3159,0, 390, False, 12
3160,0, 390, False, 12
3161,0, 390, False, 12
3162,0, 390, False, 12
3163,30, 420, False, 12
3164,0, 420, False, 12
3165,0, 420, False, 12
3166,0, 420, False, 12
3167,0, 420, False, 1
3168,0, 420, False, 1
3169,0, 420, False, 1
3170,0, 420, False, 1
3171,0, 420, False, 1
3172,0, 420, False, 1
3173,0, 420, False, 1
3174,0, 420, False, 1
3175,0, 420, False, 1
3176,0, 420, False, 1
3177,0, 420, False, 1
3178,0, 420, False, 1
3179,0, 420, False, 1
3180,0, 420, False, 1
3181,0, 420, False, 1
3182,0, 420, False, 1
3183,0, 420, False, 1
3184,0, 420, False, 1
3185,0, 420, False, 1
3186,0, 420, False, 1
3187,0, 420, False, 1
3188,0, 420, False, 12
3189,0, 420, False, 12
3190,0, 420, False, 12
3191,0, 420, False, 12
3192,0, 420, False, 12
3193,0, 420, False, 12
3194,0, 420, False, 12
3195,0, 420, False, 12
3196,0, 420, False, 12
3197,0, 420, False, 12
3198,0, 420, False, 12
3199,0, 420, False, 12
3200,0, 420, False, 12
3201,0, 420, False, 12
3202,0, 420, False, 12
3203,0, 420, False, 12
3204,0, 420, False, 12
3205,0, 420, False, 12
3206,0, 420, False, 12
3207,0, 420, False, 12
3208,0, 420, False, 12
3209,0, 420, False, 1
3210,0, 420, False, 1
3211,0, 420, False, 1
3212,0, 420, False, 1
3213,0, 420, False, 1
3214,0, 420, False, 1
3215,0, 420, False, 1
3216,0, 420, False, 1
3217,0, 420, False, 1
3218,0, 420, False, 1
3219,0, 420, False, 1
3220,0, 420, False, 1
3221,0, 420, False, 1
3222,0, 420, False, 1
3223,0, 420, False, 1
3224,0, 420, False, 1
3225,0, 420, False, 1
3226,0, 420, False, 1
3227,0, 420, False, 1
3228,0, 420, False, 1
3229,0, 420, False, 1
3230,0, 420, False, 1
3231,0, 420, False, 1
3232,0, 420, False, 1
3233,0, 420, False, 1
3234,0, 420, False, 1
3235,0, 420, False, 1
3236,0, 420, False, 1
3237,0, 420, False, 1
3238,0, 420, False, 1
3239,0, 420, False, 1
3240,0, 420, False, 1
3241,0, 420, False, 1
3242,0, 420, False, 1
3243,0, 420, False, 1
3244,0, 420, False, 1
3245,0, 420, False, 1
3246,0, 420, False, 1
3247,0, 420, False, 1
3248,0, 420, False, 1
3249,0, 420, False, 1
3250,0, 420, False, 1
3251,0, 420, False, 1
3252,0, 420, False, 1
3253,0, 420, False, 1
3254,0, 420, False, 1
3255,0, 420, False, 1
3256,0, 420, False, 1
3257,0, 420, False, 1
3258,0, 420, False, 1
3259,0, 420, False, 1
3260,0, 420, False, 1
3261,0, 420, False, 1
3262,0, 420, False, 0
3263,0, 420, False, 0
3264,0, 420, False, 0
3265,0, 420, False, 0
3266,0, 420, False, 0
3267,0, 420, False, 0
3268,0, 420, False, 0
3269,0, 420, False, 0
3270,0, 420, False, 0
3271,0, 420, False, 0
3272,0, 420, False, 0
3273,0, 420, False, 0
3274,0, 420, False, 0
3275,0, 420, False, 0
3276,0, 420, False, 0
3277,0, 420, False, 0
3278,0, 420, False, 0
3279,0, 420, False, 0
3280,0, 420, False, 0
3281,0, 420, False, 0
3282,0, 420, False, 0
3283,0, 420, False, 0
3284,0, 420, False, 0
3285,0, 420, False, 0
3286,0, 420, False, 0
3287,0, 420, False, 0
3288,0, 420, False, 0
3289,0, 420, False, 0
3290,0, 420, False, 0
3291,0, 420, False, 0
3292,0, 420, False, 0
3293,0, 420, False, 0
3294,0, 420, False, 0
3295,0, 420, False, 0
3296,0, 420, False, 0
3297,0, 420, False, 0
3298,0, 420, False, 0
3299,0, 420, False, 0
3300,0, 420, False, 0
3301,0, 420, False, 0
3302,0, 420, False, 0
3303,0, 420, False, 0
3304,0, 420, False, 0
3305,0, 420, False, 0
3306,0, 420, False, 0
3307,0, 420, False, 0
3308,0, 420, False, 0
3309,0, 420, False, 0
3310,0, 420, False, 0
3311,0, 420, False, 0
3312,0, 420, False, 0
3313,0, 420, False, 0
3314,0, 420, False, 0
3315,0, 420, False, 0
3316,0, 420, False, 0
3317,0, 420, False, 0
3318,0, 420, False, 1
3319,0, 420, False, 1
3320,0, 420, False, 1
3321,0, 420, False, 1
3322,0, 420, False, 1
3323,0, 420, False, 1
3324,0, 420, False, 1
3325,0, 420, False, 1
3326,0, 420, False, 1
3327,0, 420, False, 1
3328,0, 420, False, 1
3329,0, 420, False, 1
3330,0, 420, False, 1
3331,0, 420, False, 1
3332,0, 420, False, 1
3333,0, 420, False, 1
3334,0, 420, False, 1
3335,0, 420, False, 1
3336,0, 420, False, 1
3337,0, 420, False, 1
3338,0, 420, False, 1
3339,0, 420, False, 1
3340,0, 420, False, 1
3341,0, 420, False, 1
3342,0, 420, False, 1
3343,0, 420, False, 1
3344,0, 420, False, 1
3345,5, 425, False, 1
3346,0, 425, False, 1
3347,0, 425, False, 1
3348,0, 425, False, 1
3349,0, 425, False, 1
3350,0, 425, False, 1
3351,0, 425, False, 1
3352,0, 425, False, 1
3353,0, 425, False, 1
3354,0, 425, False, 1
3355,0, 425, False, 1
3356,0, 425, False, 1
3357,0, 425, False, 1
3358,0, 425, False, 1
3359,0, 425, False, 1
3360,0, 425, False, 1
3361,0, 425, False, 1
3362,0, 425, False, 1
3363,0, 425, False, 1
3364,0, 425, False, 1
3365,10, 435, False, 1
3366,0, 435, False, 1
3367,0, 435, False, 1
3368,0, 435, False, 1
3369,0, 435, False, 1
3370,0, 435, False, 11
3371,0, 435, False, 11
3372,0, 435, False, 11
3373,0, 435, False, 11
3374,0, 435, False, 11
3375,0, 435, False, 11
3376,0, 435, False, 11
3377,0, 435, False, 11
3378,0, 435, False, 11
3379,0, 435, False, 11
3380,0, 435, False, 11
3381,0, 435, False, 11
3382,0, 435, False, 11
3383,0, 435, False, 11
3384,0, 435, False, 11
3385,0, 435, False, 11
3386,0, 435, False, 11
3387,0, 435, False, 11
3388,0, 435, False, 11
3389,0, 435, False, 11
3390,0, 435, False, 11
3391,0, 435, False, 11
3392,0, 435, False, 11
3393,0, 435, False, 11
3394,0, 435, False, 11
3395,15, 450, False, 11
3396,0, 450, False, 1
3397,0, 450, False, 1
3398,0, 450, False, 1
3399,0, 450, False, 1
3400,0, 450, False, 1
3401,0, 450, False, 1
3402,0, 450, False, 1
3403,0, 450, False, 1
3404,0, 450, False, 1
3405,0, 450, False, 1
3406,0, 450, False, 1
3407,0, 450, False, 1
3408,0, 450, False, 1
3409,0, 450, False, 1
3410,0, 450, False, 1
3411,0, 450, False, 1
3412,0, 450, False, 1
3413,0, 450, False, 1
3414,0, 450, False, 1
3415,0, 450, False, 1
3416,0, 450, False, 1
3417,0, 450, False, 1
3418,0, 450, False, 1
3419,0, 450, False, 1
3420,0, 450, False, 1
3421,0, 450, False, 1
3422,0, 450, False, 1
3423,0, 450, False, 1
3424,0, 450, False, 1
3425,0, 450, False, 1
3426,0, 450, False, 1
3427,0, 450, False, 1
3428,0, 450, False, 1
3429,0, 450, False, 1
3430,0, 450, False, 1
3431,0, 450, False, 1
3432,0, 450, False, 1
3433,0, 450, False, 1
3434,0, 450, False, 1
3435,0, 450, False, 1
3436,0, 450, False, 1
3437,0, 450, False, 1
3438,0, 450, False, 1
3439,0, 450, False, 1
3440,0, 450, False, 1
3441,0, 450, False, 1
3442,0, 450, False, 1
3443,0, 450, False, 1
3444,0, 450, False, 1
3445,0, 450, False, 1
3446,0, 450, False, 1
3447,0, 450, False, 1
3448,0, 450, False, 1
3449,0, 450, False, 1
3450,0, 450, False, 1
3451,0, 450, False, 1
3452,0, 450, False, 1
3453,0, 450, False, 1
3454,0, 450, False, 1
3455,0, 450, False, 1
3456,0, 450, False, 1
3457,0, 450, False, 1
3458,0, 450, False, 1
3459,0, 450, False, 1
3460,0, 450, False, 1
3461,0, 450, False, 1
3462,0, 450, False, 1
3463,0, 450, False, 1
3464,0, 450, False, 1
3465,0, 450, False, 1
3466,0, 450, False, 1
3467,0, 450, False, 1
3468,0, 450, False, 1
3469,0, 450, False, 1
3470,0, 450, False, 1
3471,0, 450, False, 1
3472,0, 450, False, 1
3473,0, 450, False, 1
3474,0, 450, False, 1
3475,0, 450, False, 1
3476,0, 450, False, 1
3477,0, 450, False, 1
3478,0, 450, False, 1
3479,0, 450, False, 1
3480,0, 450, False, 1
3481,0, 450, False, 1
3482,0, 450, False, 1
3483,0, 450, False, 1
3484,0, 450, False, 1
3485,0, 450, False, 1
3486,0, 450, False, 1
3487,0, 450, False, 1
3488,0, 450, False, 1
3489,0, 450, False, 1
3490,0, 450, False, 1
3491,0, 450, False, 1
3492,0, 450, False, 1
3493,0, 450, False, 1
3494,0, 450, False, 1
3495,0, 450, False, 1
3496,0, 450, False, 1
3497,0, 450, False, 1
3498,0, 450, False, 1
3499,0, 450, False, 1
3500,0, 450, False, 1
3501,0, 450, False, 1
3502,0, 450, False, 1
3503,0, 450, False, 1
3504,0, 450, True, 1
