db traj id : 1985
frame,reward,score,terminal, action
0,0, 0, False, 0
1,0, 0, False, 0
2,0, 0, False, 0
3,0, 0, False, 0
4,0, 0, False, 0
5,0, 0, False, 0
6,0, 0, False, 0
7,0, 0, False, 0
8,0, 0, False, 0
9,0, 0, False, 0
10,0, 0, False, 0
11,0, 0, False, 0
12,0, 0, False, 0
13,0, 0, False, 0
14,0, 0, False, 0
15,0, 0, False, 0
16,0, 0, False, 0
17,0, 0, False, 0
18,0, 0, False, 0
19,0, 0, False, 0
20,0, 0, False, 0
21,0, 0, False, 0
22,0, 0, False, 0
23,0, 0, False, 0
24,0, 0, False, 0
25,0, 0, False, 0
26,0, 0, False, 0
27,0, 0, False, 0
28,0, 0, False, 0
29,0, 0, False, 0
30,0, 0, False, 0
31,0, 0, False, 0
32,0, 0, False, 0
33,0, 0, False, 0
34,0, 0, False, 0
35,0, 0, False, 0
36,0, 0, False, 0
37,0, 0, False, 0
38,0, 0, False, 0
39,0, 0, False, 0
40,0, 0, False, 0
41,0, 0, False, 0
42,0, 0, False, 0
43,0, 0, False, 0
44,0, 0, False, 0
45,0, 0, False, 0
46,0, 0, False, 0
47,0, 0, False, 0
48,0, 0, False, 0
49,0, 0, False, 0
50,0, 0, False, 0
51,0, 0, False, 0
52,0, 0, False, 0
53,0, 0, False, 0
54,0, 0, False, 0
55,0, 0, False, 0
56,0, 0, False, 0
57,0, 0, False, 0
58,0, 0, False, 0
59,0, 0, False, 0
60,0, 0, False, 0
61,0, 0, False, 1
62,0, 0, False, 1
63,0, 0, False, 1
64,0, 0, False, 1
65,0, 0, False, 1
66,0, 0, False, 1
67,0, 0, False, 1
68,0, 0, False, 1
69,0, 0, False, 1
70,0, 0, False, 1
71,0, 0, False, 1
72,0, 0, False, 1
73,0, 0, False, 1
74,0, 0, False, 1
75,0, 0, False, 1
76,0, 0, False, 1
77,0, 0, False, 1
78,0, 0, False, 1
79,0, 0, False, 1
80,0, 0, False, 1
81,0, 0, False, 1
82,0, 0, False, 1
83,0, 0, False, 1
84,0, 0, False, 1
85,0, 0, False, 1
86,0, 0, False, 1
87,0, 0, False, 1
88,0, 0, False, 1
89,0, 0, False, 1
90,0, 0, False, 1
91,0, 0, False, 1
92,0, 0, False, 1
93,0, 0, False, 1
94,0, 0, False, 1
95,0, 0, False, 1
96,0, 0, False, 1
97,0, 0, False, 1
98,0, 0, False, 1
99,0, 0, False, 1
100,0, 0, False, 1
101,0, 0, False, 1
102,0, 0, False, 1
103,0, 0, False, 1
104,0, 0, False, 1
105,0, 0, False, 1
106,0, 0, False, 1
107,0, 0, False, 1
108,0, 0, False, 1
109,0, 0, False, 1
110,0, 0, False, 1
111,0, 0, False, 1
112,0, 0, False, 1
113,0, 0, False, 1
114,0, 0, False, 0
115,0, 0, False, 0
116,0, 0, False, 0
117,0, 0, False, 0
118,0, 0, False, 0
119,0, 0, False, 0
120,0, 0, False, 0
121,0, 0, False, 0
122,0, 0, False, 0
123,0, 0, False, 0
124,0, 0, False, 0
125,0, 0, False, 0
126,0, 0, False, 0
127,0, 0, False, 0
128,0, 0, False, 0
129,0, 0, False, 0
130,0, 0, False, 0
131,0, 0, False, 0
132,0, 0, False, 0
133,0, 0, False, 0
134,0, 0, False, 0
135,0, 0, False, 0
136,0, 0, False, 0
137,0, 0, False, 0
138,0, 0, False, 0
139,0, 0, False, 0
140,0, 0, False, 0
141,0, 0, False, 0
142,0, 0, False, 0
143,0, 0, False, 0
144,0, 0, False, 0
145,0, 0, False, 0
146,0, 0, False, 0
147,0, 0, False, 0
148,0, 0, False, 1
149,0, 0, False, 1
150,0, 0, False, 1
151,0, 0, False, 1
152,0, 0, False, 1
153,0, 0, False, 1
154,0, 0, False, 1
155,0, 0, False, 1
156,0, 0, False, 11
157,0, 0, False, 11
158,0, 0, False, 11
159,0, 0, False, 11
160,0, 0, False, 11
161,0, 0, False, 11
162,0, 0, False, 11
163,0, 0, False, 11
164,0, 0, False, 11
165,0, 0, False, 11
166,0, 0, False, 11
167,0, 0, False, 11
168,0, 0, False, 11
169,0, 0, False, 11
170,0, 0, False, 11
171,0, 0, False, 11
172,0, 0, False, 11
173,0, 0, False, 11
174,0, 0, False, 11
175,0, 0, False, 1
176,0, 0, False, 1
177,0, 0, False, 1
178,0, 0, False, 1
179,0, 0, False, 1
180,0, 0, False, 1
181,0, 0, False, 1
182,0, 0, False, 1
183,0, 0, False, 1
184,0, 0, False, 1
185,0, 0, False, 1
186,0, 0, False, 1
187,0, 0, False, 1
188,0, 0, False, 1
189,0, 0, False, 1
190,0, 0, False, 1
191,0, 0, False, 1
192,0, 0, False, 1
193,0, 0, False, 1
194,0, 0, False, 1
195,0, 0, False, 1
196,0, 0, False, 1
197,0, 0, False, 1
198,0, 0, False, 1
199,0, 0, False, 1
200,0, 0, False, 1
201,0, 0, False, 1
202,0, 0, False, 1
203,0, 0, False, 1
204,0, 0, False, 1
205,0, 0, False, 1
206,0, 0, False, 1
207,0, 0, False, 1
208,0, 0, False, 1
209,0, 0, False, 1
210,0, 0, False, 1
211,0, 0, False, 0
212,0, 0, False, 0
213,0, 0, False, 0
214,0, 0, False, 0
215,0, 0, False, 1
216,0, 0, False, 1
217,0, 0, False, 1
218,0, 0, False, 1
219,0, 0, False, 1
220,0, 0, False, 1
221,0, 0, False, 0
222,0, 0, False, 0
223,0, 0, False, 0
224,0, 0, False, 0
225,0, 0, False, 1
226,0, 0, False, 1
227,0, 0, False, 1
228,0, 0, False, 1
229,0, 0, False, 1
230,0, 0, False, 0
231,0, 0, False, 0
232,0, 0, False, 0
233,0, 0, False, 0
234,0, 0, False, 1
235,0, 0, False, 1
236,0, 0, False, 1
237,0, 0, False, 1
238,0, 0, False, 1
239,0, 0, False, 1
240,0, 0, False, 1
241,0, 0, False, 1
242,0, 0, False, 1
243,0, 0, False, 1
244,0, 0, False, 1
245,0, 0, False, 1
246,0, 0, False, 1
247,0, 0, False, 1
248,0, 0, False, 11
249,0, 0, False, 11
250,0, 0, False, 11
251,0, 0, False, 11
252,0, 0, False, 11
253,0, 0, False, 11
254,0, 0, False, 11
255,0, 0, False, 11
256,0, 0, False, 11
257,0, 0, False, 11
258,0, 0, False, 11
259,0, 0, False, 11
260,0, 0, False, 11
261,0, 0, False, 11
262,0, 0, False, 11
263,0, 0, False, 11
264,0, 0, False, 11
265,0, 0, False, 11
266,0, 0, False, 11
267,0, 0, False, 11
268,0, 0, False, 11
269,0, 0, False, 11
270,0, 0, False, 11
271,0, 0, False, 11
272,0, 0, False, 11
273,0, 0, False, 11
274,0, 0, False, 11
275,0, 0, False, 11
276,0, 0, False, 11
277,0, 0, False, 11
278,0, 0, False, 11
279,0, 0, False, 11
280,0, 0, False, 1
281,0, 0, False, 1
282,0, 0, False, 1
283,0, 0, False, 1
284,0, 0, False, 1
285,0, 0, False, 1
286,0, 0, False, 1
287,0, 0, False, 1
288,0, 0, False, 1
289,10, 10, False, 1
290,0, 10, False, 1
291,0, 10, False, 1
292,0, 10, False, 1
293,0, 10, False, 1
294,0, 10, False, 1
295,0, 10, False, 1
296,0, 10, False, 1
297,0, 10, False, 1
298,0, 10, False, 1
299,0, 10, False, 1
300,0, 10, False, 1
301,0, 10, False, 1
302,0, 10, False, 1
303,0, 10, False, 1
304,0, 10, False, 1
305,0, 10, False, 1
306,0, 10, False, 1
307,0, 10, False, 1
308,0, 10, False, 1
309,0, 10, False, 11
310,0, 10, False, 11
311,0, 10, False, 11
312,0, 10, False, 11
313,0, 10, False, 11
314,0, 10, False, 11
315,5, 15, False, 11
316,0, 15, False, 11
317,0, 15, False, 11
318,0, 15, False, 11
319,0, 15, False, 11
320,0, 15, False, 1
321,0, 15, False, 1
322,0, 15, False, 1
323,0, 15, False, 1
324,0, 15, False, 1
325,0, 15, False, 1
326,0, 15, False, 1
327,0, 15, False, 1
328,0, 15, False, 1
329,0, 15, False, 1
330,0, 15, False, 1
331,0, 15, False, 1
332,0, 15, False, 1
333,0, 15, False, 11
334,0, 15, False, 11
335,0, 15, False, 11
336,0, 15, False, 11
337,0, 15, False, 11
338,0, 15, False, 11
339,0, 15, False, 11
340,0, 15, False, 11
341,0, 15, False, 11
342,0, 15, False, 11
343,0, 15, False, 11
344,0, 15, False, 11
345,0, 15, False, 11
346,0, 15, False, 11
347,0, 15, False, 11
348,0, 15, False, 11
349,10, 25, False, 11
350,0, 25, False, 11
351,0, 25, False, 11
352,0, 25, False, 11
353,0, 25, False, 11
354,0, 25, False, 11
355,0, 25, False, 1
356,0, 25, False, 1
357,0, 25, False, 1
358,0, 25, False, 1
359,0, 25, False, 1
360,0, 25, False, 1
361,0, 25, False, 1
362,0, 25, False, 1
363,0, 25, False, 1
364,0, 25, False, 1
365,0, 25, False, 1
366,0, 25, False, 1
367,0, 25, False, 1
368,0, 25, False, 1
369,0, 25, False, 1
370,0, 25, False, 1
371,0, 25, False, 1
372,0, 25, False, 1
373,0, 25, False, 11
374,0, 25, False, 11
375,0, 25, False, 11
376,0, 25, False, 11
377,0, 25, False, 11
378,0, 25, False, 11
379,0, 25, False, 11
380,0, 25, False, 11
381,0, 25, False, 11
382,0, 25, False, 11
383,0, 25, False, 11
384,0, 25, False, 11
385,0, 25, False, 11
386,0, 25, False, 11
387,0, 25, False, 11
388,0, 25, False, 1
389,0, 25, False, 1
390,0, 25, False, 1
391,0, 25, False, 1
392,0, 25, False, 1
393,0, 25, False, 1
394,0, 25, False, 1
395,0, 25, False, 1
396,0, 25, False, 1
397,0, 25, False, 1
398,0, 25, False, 1
399,0, 25, False, 1
400,0, 25, False, 1
401,0, 25, False, 1
402,0, 25, False, 1
403,5, 30, False, 1
404,0, 30, False, 1
405,0, 30, False, 1
406,0, 30, False, 1
407,0, 30, False, 1
408,0, 30, False, 1
409,0, 30, False, 1
410,0, 30, False, 1
411,0, 30, False, 1
412,0, 30, False, 1
413,0, 30, False, 1
414,0, 30, False, 1
415,0, 30, False, 1
416,0, 30, False, 1
417,0, 30, False, 1
418,0, 30, False, 11
419,0, 30, False, 11
420,0, 30, False, 11
421,0, 30, False, 11
422,0, 30, False, 11
423,0, 30, False, 11
424,0, 30, False, 11
425,0, 30, False, 11
426,0, 30, False, 11
427,0, 30, False, 11
428,0, 30, False, 11
429,0, 30, False, 11
430,0, 30, False, 11
431,0, 30, False, 11
432,0, 30, False, 11
433,0, 30, False, 11
434,0, 30, False, 11
435,0, 30, False, 11
436,0, 30, False, 11
437,0, 30, False, 11
438,0, 30, False, 11
439,0, 30, False, 1
440,0, 30, False, 1
441,0, 30, False, 1
442,0, 30, False, 1
443,0, 30, False, 1
444,0, 30, False, 1
445,0, 30, False, 1
446,0, 30, False, 1
447,0, 30, False, 1
448,0, 30, False, 1
449,15, 45, False, 1
450,0, 45, False, 1
451,0, 45, False, 1
452,0, 45, False, 1
453,0, 45, False, 1
454,0, 45, False, 1
455,0, 45, False, 1
456,0, 45, False, 1
457,0, 45, False, 1
458,0, 45, False, 1
459,0, 45, False, 1
460,0, 45, False, 1
461,0, 45, False, 1
462,0, 45, False, 1
463,0, 45, False, 1
464,0, 45, False, 1
465,0, 45, False, 1
466,0, 45, False, 1
467,0, 45, False, 1
468,0, 45, False, 1
469,0, 45, False, 1
470,0, 45, False, 11
471,0, 45, False, 11
472,0, 45, False, 11
473,0, 45, False, 11
474,0, 45, False, 11
475,0, 45, False, 11
476,0, 45, False, 11
477,5, 50, False, 11
478,0, 50, False, 1
479,0, 50, False, 1
480,0, 50, False, 1
481,0, 50, False, 1
482,0, 50, False, 1
483,0, 50, False, 1
484,0, 50, False, 1
485,0, 50, False, 1
486,0, 50, False, 1
487,0, 50, False, 1
488,0, 50, False, 1
489,0, 50, False, 1
490,0, 50, False, 1
491,0, 50, False, 1
492,0, 50, False, 1
493,0, 50, False, 1
494,0, 50, False, 1
495,0, 50, False, 1
496,0, 50, False, 1
497,0, 50, False, 1
498,0, 50, False, 1
499,0, 50, False, 1
500,0, 50, False, 1
501,0, 50, False, 1
502,0, 50, False, 1
503,0, 50, False, 1
504,0, 50, False, 1
505,0, 50, False, 1
506,0, 50, False, 1
507,0, 50, False, 1
508,0, 50, False, 1
509,0, 50, False, 1
510,0, 50, False, 1
511,0, 50, False, 1
512,0, 50, False, 1
513,10, 60, False, 1
514,0, 60, False, 1
515,0, 60, False, 1
516,0, 60, False, 1
517,0, 60, False, 1
518,0, 60, False, 1
519,0, 60, False, 1
520,0, 60, False, 1
521,0, 60, False, 1
522,0, 60, False, 1
523,0, 60, False, 1
524,0, 60, False, 1
525,0, 60, False, 1
526,0, 60, False, 11
527,0, 60, False, 11
528,0, 60, False, 11
529,0, 60, False, 11
530,0, 60, False, 11
531,0, 60, False, 11
532,0, 60, False, 11
533,0, 60, False, 11
534,0, 60, False, 11
535,0, 60, False, 11
536,0, 60, False, 11
537,0, 60, False, 11
538,0, 60, False, 11
539,0, 60, False, 11
540,0, 60, False, 11
541,0, 60, False, 11
542,0, 60, False, 11
543,0, 60, False, 11
544,0, 60, False, 11
545,0, 60, False, 11
546,0, 60, False, 11
547,0, 60, False, 11
548,0, 60, False, 11
549,0, 60, False, 11
550,0, 60, False, 11
551,0, 60, False, 11
552,0, 60, False, 11
553,0, 60, False, 11
554,0, 60, False, 11
555,0, 60, False, 11
556,0, 60, False, 11
557,15, 75, False, 11
558,0, 75, False, 11
559,0, 75, False, 11
560,0, 75, False, 11
561,0, 75, False, 11
562,0, 75, False, 11
563,0, 75, False, 11
564,0, 75, False, 11
565,0, 75, False, 11
566,0, 75, False, 11
567,0, 75, False, 11
568,0, 75, False, 11
569,0, 75, False, 11
570,0, 75, False, 11
571,0, 75, False, 1
572,0, 75, False, 1
573,0, 75, False, 1
574,0, 75, False, 1
575,0, 75, False, 1
576,0, 75, False, 1
577,0, 75, False, 1
578,0, 75, False, 1
579,0, 75, False, 1
580,0, 75, False, 1
581,0, 75, False, 1
582,0, 75, False, 1
583,0, 75, False, 1
584,0, 75, False, 1
585,5, 80, False, 11
586,0, 80, False, 11
587,0, 80, False, 11
588,0, 80, False, 11
589,0, 80, False, 11
590,0, 80, False, 11
591,0, 80, False, 11
592,0, 80, False, 11
593,0, 80, False, 11
594,0, 80, False, 11
595,0, 80, False, 11
596,0, 80, False, 11
597,0, 80, False, 11
598,0, 80, False, 11
599,0, 80, False, 11
600,0, 80, False, 11
601,0, 80, False, 11
602,0, 80, False, 11
603,0, 80, False, 11
604,0, 80, False, 11
605,0, 80, False, 11
606,0, 80, False, 11
607,0, 80, False, 11
608,0, 80, False, 11
609,0, 80, False, 11
610,0, 80, False, 11
611,0, 80, False, 11
612,0, 80, False, 11
613,0, 80, False, 11
614,0, 80, False, 11
615,0, 80, False, 11
616,0, 80, False, 11
617,0, 80, False, 11
618,0, 80, False, 11
619,0, 80, False, 11
620,0, 80, False, 11
621,10, 90, False, 11
622,0, 90, False, 11
623,0, 90, False, 11
624,0, 90, False, 11
625,0, 90, False, 1
626,0, 90, False, 1
627,0, 90, False, 1
628,0, 90, False, 1
629,0, 90, False, 12
630,0, 90, False, 12
631,0, 90, False, 12
632,0, 90, False, 12
633,0, 90, False, 1
634,0, 90, False, 1
635,0, 90, False, 1
636,0, 90, False, 1
637,0, 90, False, 1
638,0, 90, False, 1
639,0, 90, False, 1
640,0, 90, False, 1
641,0, 90, False, 1
642,0, 90, False, 1
643,0, 90, False, 1
644,0, 90, False, 1
645,0, 90, False, 1
646,0, 90, False, 1
647,0, 90, False, 1
648,0, 90, False, 1
649,0, 90, False, 1
650,0, 90, False, 12
651,0, 90, False, 12
652,0, 90, False, 12
653,0, 90, False, 12
654,0, 90, False, 12
655,0, 90, False, 12
656,0, 90, False, 12
657,0, 90, False, 12
658,0, 90, False, 12
659,0, 90, False, 12
660,0, 90, False, 12
661,0, 90, False, 12
662,0, 90, False, 12
663,0, 90, False, 12
664,0, 90, False, 12
665,0, 90, False, 12
666,0, 90, False, 12
667,0, 90, False, 12
668,0, 90, False, 12
669,0, 90, False, 12
670,0, 90, False, 12
671,0, 90, False, 12
672,0, 90, False, 12
673,0, 90, False, 12
674,0, 90, False, 12
675,0, 90, False, 12
676,0, 90, False, 12
677,0, 90, False, 12
678,0, 90, False, 12
679,0, 90, False, 12
680,0, 90, False, 12
681,0, 90, False, 12
682,0, 90, False, 12
683,0, 90, False, 12
684,0, 90, False, 12
685,0, 90, False, 12
686,0, 90, False, 12
687,0, 90, False, 12
688,0, 90, False, 12
689,0, 90, False, 12
690,0, 90, False, 1
691,0, 90, False, 1
692,0, 90, False, 1
693,0, 90, False, 1
694,0, 90, False, 1
695,0, 90, False, 1
696,0, 90, False, 1
697,0, 90, False, 1
698,0, 90, False, 1
699,0, 90, False, 1
700,0, 90, False, 1
701,0, 90, False, 1
702,0, 90, False, 1
703,0, 90, False, 1
704,0, 90, False, 1
705,0, 90, False, 1
706,0, 90, False, 1
707,0, 90, False, 1
708,0, 90, False, 1
709,0, 90, False, 1
710,0, 90, False, 1
711,0, 90, False, 1
712,0, 90, False, 1
713,0, 90, False, 1
714,0, 90, False, 1
715,0, 90, False, 1
716,0, 90, False, 1
717,0, 90, False, 1
718,0, 90, False, 1
719,0, 90, False, 1
720,0, 90, False, 1
721,0, 90, False, 1
722,0, 90, False, 1
723,0, 90, False, 1
724,0, 90, False, 1
725,0, 90, False, 1
726,0, 90, False, 1
727,0, 90, False, 1
728,0, 90, False, 1
729,0, 90, False, 1
730,0, 90, False, 0
731,0, 90, False, 0
732,0, 90, False, 0
733,0, 90, False, 0
734,0, 90, False, 0
735,0, 90, False, 0
736,0, 90, False, 0
737,0, 90, False, 0
738,0, 90, False, 0
739,0, 90, False, 0
740,0, 90, False, 0
741,0, 90, False, 0
742,0, 90, False, 0
743,0, 90, False, 0
744,0, 90, False, 0
745,0, 90, False, 0
746,0, 90, False, 0
747,0, 90, False, 0
748,0, 90, False, 0
749,0, 90, False, 0
750,0, 90, False, 0
751,0, 90, False, 0
752,0, 90, False, 0
753,0, 90, False, 0
754,0, 90, False, 0
755,0, 90, False, 1
756,0, 90, False, 1
757,0, 90, False, 1
758,0, 90, False, 1
759,0, 90, False, 1
760,0, 90, False, 1
761,0, 90, False, 1
762,0, 90, False, 12
763,0, 90, False, 12
764,0, 90, False, 12
765,0, 90, False, 12
766,0, 90, False, 12
767,0, 90, False, 12
768,0, 90, False, 12
769,0, 90, False, 12
770,0, 90, False, 12
771,0, 90, False, 12
772,0, 90, False, 12
773,0, 90, False, 12
774,0, 90, False, 1
775,0, 90, False, 1
776,0, 90, False, 1
777,0, 90, False, 1
778,0, 90, False, 1
779,0, 90, False, 1
780,0, 90, False, 1
781,0, 90, False, 1
782,0, 90, False, 1
783,0, 90, False, 1
784,0, 90, False, 1
785,0, 90, False, 1
786,0, 90, False, 1
787,0, 90, False, 1
788,0, 90, False, 1
789,0, 90, False, 1
790,0, 90, False, 1
791,0, 90, False, 1
792,0, 90, False, 1
793,0, 90, False, 1
794,0, 90, False, 1
795,0, 90, False, 1
796,0, 90, False, 1
797,0, 90, False, 1
798,0, 90, False, 1
799,0, 90, False, 1
800,0, 90, False, 1
801,0, 90, False, 1
802,0, 90, False, 1
803,0, 90, False, 1
804,0, 90, False, 1
805,0, 90, False, 1
806,0, 90, False, 1
807,0, 90, False, 1
808,0, 90, False, 1
809,0, 90, False, 1
810,0, 90, False, 1
811,0, 90, False, 1
812,0, 90, False, 1
813,0, 90, False, 1
814,0, 90, False, 1
815,0, 90, False, 1
816,0, 90, False, 1
817,0, 90, False, 1
818,0, 90, False, 1
819,0, 90, False, 1
820,0, 90, False, 1
821,0, 90, False, 1
822,0, 90, False, 1
823,5, 95, False, 1
824,0, 95, False, 1
825,0, 95, False, 1
826,0, 95, False, 1
827,0, 95, False, 1
828,0, 95, False, 1
829,0, 95, False, 1
830,0, 95, False, 1
831,0, 95, False, 1
832,0, 95, False, 1
833,0, 95, False, 1
834,0, 95, False, 1
835,0, 95, False, 1
836,0, 95, False, 1
837,0, 95, False, 11
838,0, 95, False, 11
839,0, 95, False, 11
840,0, 95, False, 11
841,0, 95, False, 1
842,0, 95, False, 1
843,0, 95, False, 1
844,0, 95, False, 1
845,0, 95, False, 1
846,0, 95, False, 1
847,0, 95, False, 1
848,0, 95, False, 1
849,0, 95, False, 12
850,0, 95, False, 12
851,0, 95, False, 12
852,0, 95, False, 12
853,0, 95, False, 12
854,0, 95, False, 12
855,0, 95, False, 12
856,0, 95, False, 12
857,0, 95, False, 12
858,0, 95, False, 12
859,0, 95, False, 12
860,0, 95, False, 12
861,0, 95, False, 12
862,0, 95, False, 12
863,0, 95, False, 12
864,0, 95, False, 12
865,0, 95, False, 12
866,0, 95, False, 12
867,0, 95, False, 12
868,0, 95, False, 12
869,0, 95, False, 12
870,0, 95, False, 12
871,0, 95, False, 12
872,0, 95, False, 12
873,0, 95, False, 12
874,0, 95, False, 12
875,0, 95, False, 12
876,0, 95, False, 12
877,0, 95, False, 12
878,0, 95, False, 12
879,0, 95, False, 12
880,0, 95, False, 12
881,0, 95, False, 12
882,0, 95, False, 12
883,0, 95, False, 1
884,0, 95, False, 1
885,0, 95, False, 1
886,0, 95, False, 1
887,0, 95, False, 1
888,0, 95, False, 1
889,0, 95, False, 1
890,0, 95, False, 1
891,0, 95, False, 1
892,0, 95, False, 1
893,0, 95, False, 1
894,0, 95, False, 1
895,0, 95, False, 1
896,0, 95, False, 1
897,0, 95, False, 1
898,0, 95, False, 1
899,0, 95, False, 1
900,0, 95, False, 1
901,0, 95, False, 1
902,0, 95, False, 1
903,0, 95, False, 1
904,0, 95, False, 1
905,0, 95, False, 1
906,0, 95, False, 1
907,0, 95, False, 1
908,0, 95, False, 1
909,0, 95, False, 1
910,0, 95, False, 1
911,0, 95, False, 1
912,0, 95, False, 1
913,0, 95, False, 1
914,0, 95, False, 1
915,0, 95, False, 1
916,0, 95, False, 1
917,0, 95, False, 1
918,0, 95, False, 1
919,0, 95, False, 1
920,0, 95, False, 1
921,0, 95, False, 11
922,0, 95, False, 11
923,0, 95, False, 11
924,0, 95, False, 11
925,0, 95, False, 11
926,0, 95, False, 11
927,0, 95, False, 11
928,0, 95, False, 11
929,0, 95, False, 11
930,0, 95, False, 11
931,0, 95, False, 11
932,0, 95, False, 11
933,0, 95, False, 11
934,0, 95, False, 11
935,0, 95, False, 11
936,0, 95, False, 11
937,0, 95, False, 11
938,0, 95, False, 11
939,0, 95, False, 11
940,0, 95, False, 11
941,0, 95, False, 11
942,0, 95, False, 11
943,0, 95, False, 11
944,0, 95, False, 11
945,0, 95, False, 11
946,0, 95, False, 11
947,0, 95, False, 11
948,0, 95, False, 11
949,0, 95, False, 11
950,0, 95, False, 11
951,0, 95, False, 11
952,0, 95, False, 11
953,0, 95, False, 11
954,0, 95, False, 11
955,0, 95, False, 11
956,0, 95, False, 11
957,0, 95, False, 11
958,0, 95, False, 11
959,0, 95, False, 11
960,0, 95, False, 11
961,0, 95, False, 11
962,0, 95, False, 11
963,0, 95, False, 11
964,0, 95, False, 11
965,0, 95, False, 11
966,0, 95, False, 11
967,0, 95, False, 11
968,0, 95, False, 11
969,0, 95, False, 11
970,0, 95, False, 11
971,0, 95, False, 11
972,0, 95, False, 11
973,0, 95, False, 11
974,0, 95, False, 1
975,0, 95, False, 1
976,0, 95, False, 1
977,0, 95, False, 1
978,0, 95, False, 1
979,0, 95, False, 1
980,0, 95, False, 1
981,0, 95, False, 1
982,0, 95, False, 1
983,0, 95, False, 1
984,0, 95, False, 1
985,0, 95, False, 1
986,0, 95, False, 1
987,0, 95, False, 1
988,0, 95, False, 1
989,0, 95, False, 1
990,0, 95, False, 1
991,0, 95, False, 1
992,0, 95, False, 1
993,0, 95, False, 1
994,0, 95, False, 1
995,0, 95, False, 1
996,0, 95, False, 1
997,0, 95, False, 1
998,0, 95, False, 1
999,0, 95, False, 1
1000,0, 95, False, 1
1001,0, 95, False, 1
1002,0, 95, False, 0
1003,0, 95, False, 0
1004,0, 95, False, 0
1005,0, 95, False, 0
1006,0, 95, False, 1
1007,0, 95, False, 1
1008,0, 95, False, 1
1009,0, 95, False, 1
1010,0, 95, False, 1
1011,0, 95, False, 1
1012,0, 95, False, 1
1013,0, 95, False, 1
1014,0, 95, False, 1
1015,0, 95, False, 1
1016,0, 95, False, 1
1017,5, 100, False, 1
1018,0, 100, False, 1
1019,0, 100, False, 1
1020,0, 100, False, 1
1021,0, 100, False, 1
1022,0, 100, False, 1
1023,0, 100, False, 1
1024,0, 100, False, 1
1025,0, 100, False, 1
1026,0, 100, False, 1
1027,0, 100, False, 1
1028,0, 100, False, 1
1029,0, 100, False, 1
1030,0, 100, False, 1
1031,0, 100, False, 1
1032,0, 100, False, 1
1033,0, 100, False, 1
1034,0, 100, False, 1
1035,0, 100, False, 1
1036,0, 100, False, 1
1037,0, 100, False, 1
1038,0, 100, False, 1
1039,0, 100, False, 1
1040,0, 100, False, 1
1041,0, 100, False, 1
1042,0, 100, False, 1
1043,0, 100, False, 12
1044,0, 100, False, 12
1045,0, 100, False, 12
1046,0, 100, False, 12
1047,0, 100, False, 12
1048,0, 100, False, 1
1049,0, 100, False, 1
1050,0, 100, False, 1
1051,0, 100, False, 1
1052,0, 100, False, 1
1053,0, 100, False, 1
1054,0, 100, False, 1
1055,0, 100, False, 1
1056,0, 100, False, 1
1057,0, 100, False, 1
1058,0, 100, False, 1
1059,0, 100, False, 1
1060,0, 100, False, 1
1061,0, 100, False, 1
1062,0, 100, False, 1
1063,15, 115, False, 1
1064,0, 115, False, 1
1065,0, 115, False, 1
1066,0, 115, False, 1
1067,0, 115, False, 1
1068,0, 115, False, 1
1069,0, 115, False, 1
1070,0, 115, False, 1
1071,0, 115, False, 1
1072,0, 115, False, 1
1073,0, 115, False, 1
1074,0, 115, False, 1
1075,0, 115, False, 1
1076,0, 115, False, 1
1077,0, 115, False, 1
1078,0, 115, False, 1
1079,0, 115, False, 1
1080,0, 115, False, 1
1081,0, 115, False, 1
1082,0, 115, False, 1
1083,0, 115, False, 1
1084,0, 115, False, 1
1085,0, 115, False, 1
1086,0, 115, False, 1
1087,0, 115, False, 1
1088,0, 115, False, 1
1089,0, 115, False, 1
1090,0, 115, False, 1
1091,0, 115, False, 1
1092,0, 115, False, 1
1093,0, 115, False, 1
1094,0, 115, False, 1
1095,0, 115, False, 1
1096,0, 115, False, 1
1097,0, 115, False, 12
1098,0, 115, False, 12
1099,0, 115, False, 12
1100,0, 115, False, 12
1101,0, 115, False, 12
1102,0, 115, False, 12
1103,0, 115, False, 12
1104,0, 115, False, 12
1105,0, 115, False, 12
1106,0, 115, False, 12
1107,0, 115, False, 12
1108,0, 115, False, 12
1109,0, 115, False, 1
1110,0, 115, False, 1
1111,0, 115, False, 1
1112,0, 115, False, 1
1113,0, 115, False, 1
1114,0, 115, False, 1
1115,0, 115, False, 1
1116,0, 115, False, 1
1117,0, 115, False, 1
1118,0, 115, False, 1
1119,0, 115, False, 1
1120,0, 115, False, 1
1121,0, 115, False, 1
1122,0, 115, False, 1
1123,0, 115, False, 1
1124,0, 115, False, 1
1125,0, 115, False, 1
1126,0, 115, False, 1
1127,0, 115, False, 1
1128,0, 115, False, 1
1129,0, 115, False, 1
1130,0, 115, False, 1
1131,0, 115, False, 1
1132,0, 115, False, 1
1133,0, 115, False, 1
1134,0, 115, False, 1
1135,0, 115, False, 1
1136,0, 115, False, 1
1137,0, 115, False, 1
1138,0, 115, False, 1
1139,0, 115, False, 1
1140,0, 115, False, 1
1141,0, 115, False, 1
1142,0, 115, False, 1
1143,0, 115, False, 1
1144,0, 115, False, 1
1145,0, 115, False, 1
1146,0, 115, False, 1
1147,0, 115, False, 1
1148,0, 115, False, 1
1149,0, 115, False, 1
1150,0, 115, False, 1
1151,0, 115, False, 1
1152,0, 115, False, 1
1153,0, 115, False, 1
1154,0, 115, False, 1
1155,0, 115, False, 1
1156,0, 115, False, 1
1157,0, 115, False, 1
1158,0, 115, False, 1
1159,0, 115, False, 1
1160,0, 115, False, 1
1161,0, 115, False, 1
1162,0, 115, False, 1
1163,0, 115, False, 0
1164,0, 115, False, 0
1165,0, 115, False, 0
1166,0, 115, False, 0
1167,0, 115, False, 0
1168,0, 115, False, 1
1169,0, 115, False, 1
1170,0, 115, False, 1
1171,0, 115, False, 1
1172,0, 115, False, 1
1173,0, 115, False, 1
1174,0, 115, False, 1
1175,0, 115, False, 1
1176,0, 115, False, 1
1177,0, 115, False, 1
1178,0, 115, False, 1
1179,10, 125, False, 1
1180,0, 125, False, 1
1181,0, 125, False, 1
1182,0, 125, False, 1
1183,0, 125, False, 1
1184,0, 125, False, 1
1185,0, 125, False, 1
1186,0, 125, False, 1
1187,0, 125, False, 1
1188,0, 125, False, 1
1189,0, 125, False, 1
1190,0, 125, False, 1
1191,0, 125, False, 1
1192,0, 125, False, 1
1193,0, 125, False, 1
1194,0, 125, False, 1
1195,0, 125, False, 1
1196,0, 125, False, 1
1197,0, 125, False, 1
1198,0, 125, False, 1
1199,0, 125, False, 1
1200,0, 125, False, 1
1201,0, 125, False, 1
1202,0, 125, False, 1
1203,0, 125, False, 1
1204,0, 125, False, 1
1205,0, 125, False, 1
1206,0, 125, False, 1
1207,0, 125, False, 1
1208,0, 125, False, 12
1209,0, 125, False, 12
1210,0, 125, False, 12
1211,0, 125, False, 12
1212,0, 125, False, 12
1213,0, 125, False, 12
1214,0, 125, False, 1
1215,0, 125, False, 1
1216,0, 125, False, 1
1217,0, 125, False, 1
1218,0, 125, False, 1
1219,0, 125, False, 1
1220,0, 125, False, 1
1221,0, 125, False, 1
1222,0, 125, False, 1
1223,0, 125, False, 1
1224,0, 125, False, 1
1225,0, 125, False, 1
1226,0, 125, False, 1
1227,0, 125, False, 1
1228,0, 125, False, 1
1229,0, 125, False, 1
1230,0, 125, False, 1
1231,0, 125, False, 1
1232,0, 125, False, 1
1233,0, 125, False, 1
1234,0, 125, False, 1
1235,0, 125, False, 1
1236,0, 125, False, 1
1237,0, 125, False, 12
1238,0, 125, False, 12
1239,0, 125, False, 12
1240,0, 125, False, 12
1241,0, 125, False, 12
1242,0, 125, False, 12
1243,0, 125, False, 12
1244,0, 125, False, 12
1245,0, 125, False, 12
1246,0, 125, False, 12
1247,0, 125, False, 12
1248,0, 125, False, 12
1249,0, 125, False, 12
1250,0, 125, False, 12
1251,0, 125, False, 12
1252,0, 125, False, 12
1253,0, 125, False, 12
1254,0, 125, False, 12
1255,0, 125, False, 1
1256,0, 125, False, 1
1257,0, 125, False, 1
1258,0, 125, False, 1
1259,0, 125, False, 1
1260,0, 125, False, 1
1261,0, 125, False, 1
1262,0, 125, False, 1
1263,0, 125, False, 1
1264,0, 125, False, 1
1265,0, 125, False, 1
1266,0, 125, False, 1
1267,0, 125, False, 1
1268,0, 125, False, 1
1269,0, 125, False, 1
1270,0, 125, False, 1
1271,0, 125, False, 1
1272,0, 125, False, 1
1273,0, 125, False, 1
1274,0, 125, False, 1
1275,0, 125, False, 1
1276,0, 125, False, 1
1277,0, 125, False, 1
1278,0, 125, False, 1
1279,0, 125, False, 1
1280,0, 125, False, 1
1281,0, 125, False, 12
1282,0, 125, False, 12
1283,0, 125, False, 12
1284,0, 125, False, 12
1285,0, 125, False, 12
1286,0, 125, False, 12
1287,0, 125, False, 12
1288,0, 125, False, 12
1289,0, 125, False, 12
1290,0, 125, False, 12
1291,0, 125, False, 12
1292,0, 125, False, 12
1293,0, 125, False, 12
1294,0, 125, False, 12
1295,0, 125, False, 12
1296,0, 125, False, 12
1297,0, 125, False, 12
1298,0, 125, False, 12
1299,0, 125, False, 12
1300,0, 125, False, 12
1301,0, 125, False, 12
1302,0, 125, False, 12
1303,0, 125, False, 12
1304,0, 125, False, 12
1305,0, 125, False, 12
1306,0, 125, False, 12
1307,0, 125, False, 12
1308,0, 125, False, 12
1309,0, 125, False, 12
1310,0, 125, False, 12
1311,0, 125, False, 12
1312,0, 125, False, 12
1313,0, 125, False, 12
1314,0, 125, False, 12
1315,0, 125, False, 12
1316,0, 125, False, 1
1317,0, 125, False, 1
1318,0, 125, False, 1
1319,0, 125, False, 1
1320,0, 125, False, 1
1321,0, 125, False, 1
1322,0, 125, False, 1
1323,0, 125, False, 1
1324,0, 125, False, 1
1325,0, 125, False, 1
1326,0, 125, False, 1
1327,0, 125, False, 1
1328,0, 125, False, 1
1329,0, 125, False, 1
1330,0, 125, False, 1
1331,0, 125, False, 1
1332,0, 125, False, 1
1333,0, 125, False, 1
1334,0, 125, False, 1
1335,0, 125, False, 1
1336,0, 125, False, 1
1337,0, 125, False, 1
1338,0, 125, False, 1
1339,0, 125, False, 1
1340,0, 125, False, 1
1341,0, 125, False, 1
1342,0, 125, False, 1
1343,0, 125, False, 1
1344,0, 125, False, 1
1345,0, 125, False, 1
1346,0, 125, False, 1
1347,0, 125, False, 1
1348,0, 125, False, 1
1349,0, 125, False, 1
1350,0, 125, False, 1
1351,0, 125, False, 1
1352,0, 125, False, 1
1353,0, 125, False, 1
1354,0, 125, False, 1
1355,0, 125, False, 1
1356,0, 125, False, 1
1357,0, 125, False, 1
1358,0, 125, False, 1
1359,0, 125, False, 1
1360,0, 125, False, 1
1361,0, 125, False, 1
1362,0, 125, False, 1
1363,0, 125, False, 1
1364,0, 125, False, 1
1365,0, 125, False, 1
1366,0, 125, False, 1
1367,0, 125, False, 1
1368,0, 125, False, 1
1369,0, 125, False, 1
1370,0, 125, False, 1
1371,0, 125, False, 1
1372,0, 125, False, 1
1373,0, 125, False, 1
1374,0, 125, False, 1
1375,0, 125, False, 1
1376,0, 125, False, 0
1377,0, 125, False, 0
1378,0, 125, False, 0
1379,0, 125, False, 0
1380,0, 125, False, 0
1381,0, 125, False, 0
1382,0, 125, False, 0
1383,0, 125, False, 1
1384,0, 125, False, 1
1385,0, 125, False, 1
1386,0, 125, False, 1
1387,0, 125, False, 1
1388,0, 125, False, 1
1389,0, 125, False, 1
1390,0, 125, False, 0
1391,0, 125, False, 0
1392,0, 125, False, 0
1393,0, 125, False, 0
1394,0, 125, False, 1
1395,0, 125, False, 1
1396,0, 125, False, 1
1397,0, 125, False, 1
1398,0, 125, False, 1
1399,0, 125, False, 1
1400,0, 125, False, 1
1401,0, 125, False, 1
1402,0, 125, False, 1
1403,0, 125, False, 1
1404,0, 125, False, 1
1405,0, 125, False, 1
1406,0, 125, False, 1
1407,0, 125, False, 1
1408,0, 125, False, 1
1409,0, 125, False, 1
1410,0, 125, False, 1
1411,0, 125, False, 1
1412,0, 125, False, 1
1413,0, 125, False, 1
1414,0, 125, False, 1
1415,0, 125, False, 1
1416,0, 125, False, 1
1417,0, 125, False, 1
1418,0, 125, False, 1
1419,0, 125, False, 1
1420,0, 125, False, 1
1421,0, 125, False, 1
1422,0, 125, False, 1
1423,0, 125, False, 1
1424,0, 125, False, 1
1425,0, 125, False, 1
1426,0, 125, False, 1
1427,0, 125, False, 1
1428,0, 125, False, 1
1429,0, 125, False, 1
1430,0, 125, False, 1
1431,0, 125, False, 1
1432,0, 125, False, 1
1433,0, 125, False, 1
1434,0, 125, False, 1
1435,0, 125, False, 1
1436,0, 125, False, 1
1437,0, 125, False, 1
1438,0, 125, False, 1
1439,0, 125, False, 1
1440,0, 125, False, 1
1441,0, 125, False, 1
1442,0, 125, False, 1
1443,0, 125, False, 1
1444,0, 125, False, 1
1445,0, 125, False, 1
1446,0, 125, False, 1
1447,0, 125, False, 1
1448,0, 125, False, 1
1449,0, 125, False, 1
1450,0, 125, False, 1
1451,0, 125, False, 1
1452,0, 125, False, 0
1453,0, 125, False, 0
1454,0, 125, False, 0
1455,0, 125, False, 0
1456,0, 125, False, 0
1457,0, 125, False, 0
1458,0, 125, False, 1
1459,0, 125, False, 1
1460,0, 125, False, 1
1461,0, 125, False, 1
1462,0, 125, False, 1
1463,0, 125, False, 1
1464,0, 125, False, 1
1465,0, 125, False, 1
1466,0, 125, False, 0
1467,0, 125, False, 0
1468,0, 125, False, 0
1469,0, 125, False, 0
1470,0, 125, False, 0
1471,0, 125, False, 0
1472,0, 125, False, 1
1473,0, 125, False, 1
1474,0, 125, False, 1
1475,0, 125, False, 1
1476,0, 125, False, 1
1477,0, 125, False, 1
1478,0, 125, False, 1
1479,0, 125, False, 1
1480,0, 125, False, 1
1481,0, 125, False, 1
1482,0, 125, False, 1
1483,0, 125, False, 1
1484,0, 125, False, 1
1485,0, 125, False, 1
1486,0, 125, False, 1
1487,0, 125, False, 1
1488,0, 125, False, 1
1489,0, 125, False, 1
1490,0, 125, False, 1
1491,0, 125, False, 1
1492,0, 125, False, 1
1493,0, 125, False, 1
1494,0, 125, False, 1
1495,0, 125, False, 1
1496,0, 125, False, 1
1497,0, 125, False, 1
1498,0, 125, False, 1
1499,0, 125, False, 1
1500,0, 125, False, 1
1501,0, 125, False, 1
1502,0, 125, False, 1
1503,0, 125, False, 1
1504,0, 125, False, 1
1505,20, 145, False, 1
1506,0, 145, False, 1
1507,0, 145, False, 1
1508,0, 145, False, 1
1509,0, 145, False, 1
1510,0, 145, False, 1
1511,0, 145, False, 1
1512,0, 145, False, 1
1513,0, 145, False, 1
1514,0, 145, False, 1
1515,0, 145, False, 1
1516,0, 145, False, 1
1517,0, 145, False, 1
1518,0, 145, False, 1
1519,0, 145, False, 1
1520,0, 145, False, 1
1521,0, 145, False, 1
1522,0, 145, False, 1
1523,0, 145, False, 1
1524,0, 145, False, 1
1525,0, 145, False, 1
1526,0, 145, False, 1
1527,0, 145, False, 1
1528,0, 145, False, 1
1529,0, 145, False, 1
1530,0, 145, False, 1
1531,0, 145, False, 1
1532,0, 145, False, 1
1533,0, 145, False, 1
1534,0, 145, False, 1
1535,0, 145, False, 1
1536,0, 145, False, 1
1537,0, 145, False, 1
1538,0, 145, False, 1
1539,0, 145, False, 1
1540,0, 145, False, 1
1541,0, 145, False, 1
1542,0, 145, False, 1
1543,15, 160, False, 1
1544,0, 160, False, 1
1545,0, 160, False, 1
1546,0, 160, False, 11
1547,0, 160, False, 11
1548,0, 160, False, 11
1549,0, 160, False, 11
1550,0, 160, False, 11
1551,0, 160, False, 11
1552,0, 160, False, 11
1553,0, 160, False, 11
1554,0, 160, False, 11
1555,0, 160, False, 11
1556,0, 160, False, 11
1557,0, 160, False, 11
1558,0, 160, False, 11
1559,0, 160, False, 11
1560,0, 160, False, 11
1561,0, 160, False, 11
1562,0, 160, False, 11
1563,0, 160, False, 11
1564,0, 160, False, 11
1565,0, 160, False, 11
1566,0, 160, False, 11
1567,0, 160, False, 11
1568,0, 160, False, 11
1569,0, 160, False, 11
1570,0, 160, False, 11
1571,0, 160, False, 11
1572,0, 160, False, 11
1573,0, 160, False, 11
1574,0, 160, False, 11
1575,0, 160, False, 11
1576,0, 160, False, 11
1577,0, 160, False, 11
1578,0, 160, False, 11
1579,0, 160, False, 11
1580,0, 160, False, 11
1581,0, 160, False, 11
1582,0, 160, False, 11
1583,0, 160, False, 11
1584,0, 160, False, 11
1585,0, 160, False, 11
1586,0, 160, False, 11
1587,0, 160, False, 11
1588,0, 160, False, 11
1589,0, 160, False, 11
1590,0, 160, False, 11
1591,0, 160, False, 11
1592,0, 160, False, 11
1593,0, 160, False, 11
1594,0, 160, False, 11
1595,0, 160, False, 11
1596,0, 160, False, 11
1597,0, 160, False, 11
1598,0, 160, False, 11
1599,0, 160, False, 11
1600,0, 160, False, 11
1601,0, 160, False, 11
1602,0, 160, False, 11
1603,0, 160, False, 11
1604,0, 160, False, 1
1605,0, 160, False, 1
1606,0, 160, False, 1
1607,0, 160, False, 1
1608,0, 160, False, 1
1609,0, 160, False, 1
1610,0, 160, False, 1
1611,0, 160, False, 1
1612,0, 160, False, 1
1613,0, 160, False, 1
1614,0, 160, False, 1
1615,0, 160, False, 1
1616,0, 160, False, 1
1617,0, 160, False, 1
1618,0, 160, False, 1
1619,0, 160, False, 1
1620,0, 160, False, 1
1621,0, 160, False, 1
1622,0, 160, False, 1
1623,0, 160, False, 1
1624,0, 160, False, 1
1625,0, 160, False, 1
1626,0, 160, False, 1
1627,0, 160, False, 1
1628,0, 160, False, 1
1629,0, 160, False, 1
1630,0, 160, False, 1
1631,0, 160, False, 1
1632,0, 160, False, 0
1633,0, 160, False, 0
1634,0, 160, False, 0
1635,0, 160, False, 0
1636,0, 160, False, 0
1637,0, 160, False, 0
1638,0, 160, False, 0
1639,0, 160, False, 0
1640,0, 160, False, 0
1641,0, 160, False, 0
1642,0, 160, False, 0
1643,0, 160, False, 0
1644,0, 160, False, 0
1645,0, 160, False, 0
1646,0, 160, False, 0
1647,0, 160, False, 0
1648,0, 160, False, 0
1649,0, 160, False, 0
1650,0, 160, False, 0
1651,0, 160, False, 0
1652,0, 160, False, 0
1653,0, 160, False, 0
1654,0, 160, False, 0
1655,0, 160, False, 0
1656,0, 160, False, 0
1657,0, 160, False, 0
1658,0, 160, False, 0
1659,0, 160, False, 0
1660,0, 160, False, 0
1661,0, 160, False, 0
1662,0, 160, False, 3
1663,0, 160, False, 3
1664,0, 160, False, 3
1665,0, 160, False, 3
1666,0, 160, False, 3
1667,0, 160, False, 3
1668,0, 160, False, 0
1669,0, 160, False, 0
1670,0, 160, False, 0
1671,0, 160, False, 0
1672,0, 160, False, 0
1673,0, 160, False, 0
1674,0, 160, False, 0
1675,0, 160, False, 1
1676,0, 160, False, 1
1677,0, 160, False, 1
1678,0, 160, False, 1
1679,0, 160, False, 1
1680,0, 160, False, 1
1681,0, 160, False, 1
1682,0, 160, False, 1
1683,0, 160, False, 1
1684,0, 160, False, 1
1685,0, 160, False, 1
1686,0, 160, False, 12
1687,0, 160, False, 12
1688,0, 160, False, 12
1689,0, 160, False, 12
1690,0, 160, False, 12
1691,0, 160, False, 12
1692,0, 160, False, 12
1693,0, 160, False, 12
1694,0, 160, False, 12
1695,0, 160, False, 12
1696,0, 160, False, 12
1697,0, 160, False, 12
1698,0, 160, False, 12
1699,0, 160, False, 12
1700,0, 160, False, 12
1701,0, 160, False, 12
1702,0, 160, False, 12
1703,0, 160, False, 12
1704,0, 160, False, 12
1705,0, 160, False, 12
1706,0, 160, False, 12
1707,0, 160, False, 12
1708,0, 160, False, 12
1709,0, 160, False, 12
1710,0, 160, False, 1
1711,0, 160, False, 1
1712,0, 160, False, 1
1713,0, 160, False, 1
1714,0, 160, False, 1
1715,0, 160, False, 1
1716,0, 160, False, 1
1717,0, 160, False, 1
1718,0, 160, False, 1
1719,0, 160, False, 1
1720,0, 160, False, 1
1721,0, 160, False, 1
1722,0, 160, False, 1
1723,0, 160, False, 0
1724,0, 160, False, 0
1725,0, 160, False, 0
1726,0, 160, False, 0
1727,0, 160, False, 0
1728,0, 160, False, 3
1729,0, 160, False, 3
1730,0, 160, False, 3
1731,0, 160, False, 3
1732,0, 160, False, 3
1733,0, 160, False, 3
1734,0, 160, False, 3
1735,0, 160, False, 3
1736,0, 160, False, 3
1737,0, 160, False, 3
1738,0, 160, False, 3
1739,0, 160, False, 3
1740,0, 160, False, 3
1741,0, 160, False, 3
1742,0, 160, False, 3
1743,0, 160, False, 3
1744,0, 160, False, 3
1745,0, 160, False, 3
1746,0, 160, False, 3
1747,15, 175, False, 3
1748,0, 175, False, 3
1749,0, 175, False, 3
1750,0, 175, False, 3
1751,0, 175, False, 3
1752,0, 175, False, 3
1753,0, 175, False, 3
1754,0, 175, False, 3
1755,0, 175, False, 3
1756,0, 175, False, 3
1757,0, 175, False, 3
1758,0, 175, False, 3
1759,0, 175, False, 3
1760,0, 175, False, 3
1761,0, 175, False, 3
1762,0, 175, False, 3
1763,0, 175, False, 3
1764,0, 175, False, 3
1765,0, 175, False, 0
1766,0, 175, False, 0
1767,0, 175, False, 0
1768,0, 175, False, 0
1769,0, 175, False, 0
1770,0, 175, False, 0
1771,0, 175, False, 0
1772,0, 175, False, 0
1773,0, 175, False, 0
1774,0, 175, False, 0
1775,0, 175, False, 0
1776,0, 175, False, 1
1777,0, 175, False, 1
1778,0, 175, False, 1
1779,0, 175, False, 1
1780,0, 175, False, 1
1781,0, 175, False, 1
1782,0, 175, False, 1
1783,0, 175, False, 1
1784,0, 175, False, 11
1785,0, 175, False, 11
1786,0, 175, False, 11
1787,0, 175, False, 11
1788,0, 175, False, 11
1789,0, 175, False, 11
1790,0, 175, False, 11
1791,0, 175, False, 11
1792,0, 175, False, 11
1793,0, 175, False, 11
1794,0, 175, False, 11
1795,0, 175, False, 11
1796,0, 175, False, 11
1797,0, 175, False, 11
1798,0, 175, False, 11
1799,0, 175, False, 11
1800,0, 175, False, 11
1801,0, 175, False, 11
1802,0, 175, False, 11
1803,0, 175, False, 11
1804,0, 175, False, 11
1805,0, 175, False, 11
1806,0, 175, False, 11
1807,0, 175, False, 1
1808,0, 175, False, 1
1809,0, 175, False, 1
1810,0, 175, False, 1
1811,0, 175, False, 1
1812,0, 175, False, 1
1813,0, 175, False, 1
1814,0, 175, False, 1
1815,0, 175, False, 1
1816,0, 175, False, 1
1817,0, 175, False, 1
1818,0, 175, False, 1
1819,10, 185, False, 1
1820,0, 185, False, 1
1821,0, 185, False, 1
1822,0, 185, False, 1
1823,0, 185, False, 1
1824,0, 185, False, 1
1825,0, 185, False, 1
1826,0, 185, False, 1
1827,0, 185, False, 1
1828,0, 185, False, 1
1829,0, 185, False, 1
1830,0, 185, False, 1
1831,0, 185, False, 1
1832,0, 185, False, 1
1833,0, 185, False, 1
1834,0, 185, False, 1
1835,0, 185, False, 1
1836,0, 185, False, 1
1837,0, 185, False, 1
1838,0, 185, False, 1
1839,0, 185, False, 11
1840,0, 185, False, 11
1841,0, 185, False, 11
1842,0, 185, False, 11
1843,0, 185, False, 11
1844,0, 185, False, 11
1845,0, 185, False, 11
1846,0, 185, False, 11
1847,0, 185, False, 11
1848,0, 185, False, 11
1849,0, 185, False, 11
1850,0, 185, False, 11
1851,0, 185, False, 11
1852,0, 185, False, 1
1853,0, 185, False, 1
1854,0, 185, False, 1
1855,0, 185, False, 1
1856,0, 185, False, 1
1857,0, 185, False, 1
1858,0, 185, False, 1
1859,0, 185, False, 1
1860,0, 185, False, 1
1861,0, 185, False, 1
1862,0, 185, False, 1
1863,20, 205, False, 1
1864,0, 205, False, 1
1865,0, 205, False, 1
1866,0, 205, False, 1
1867,0, 205, False, 1
1868,0, 205, False, 1
1869,0, 205, False, 1
1870,0, 205, False, 1
1871,0, 205, False, 1
1872,0, 205, False, 1
1873,0, 205, False, 1
1874,0, 205, False, 1
1875,0, 205, False, 1
1876,0, 205, False, 1
1877,0, 205, False, 1
1878,0, 205, False, 11
1879,0, 205, False, 11
1880,0, 205, False, 11
1881,0, 205, False, 11
1882,0, 205, False, 11
1883,0, 205, False, 11
1884,0, 205, False, 11
1885,0, 205, False, 11
1886,0, 205, False, 11
1887,0, 205, False, 11
1888,0, 205, False, 11
1889,0, 205, False, 11
1890,0, 205, False, 11
1891,0, 205, False, 11
1892,0, 205, False, 11
1893,0, 205, False, 11
1894,0, 205, False, 11
1895,0, 205, False, 11
1896,0, 205, False, 11
1897,0, 205, False, 11
1898,0, 205, False, 11
1899,0, 205, False, 11
1900,0, 205, False, 11
1901,0, 205, False, 11
1902,0, 205, False, 11
1903,0, 205, False, 11
1904,0, 205, False, 11
1905,0, 205, False, 11
1906,0, 205, False, 11
1907,0, 205, False, 11
1908,0, 205, False, 11
1909,0, 205, False, 11
1910,0, 205, False, 11
1911,0, 205, False, 11
1912,0, 205, False, 11
1913,0, 205, False, 11
1914,0, 205, False, 11
1915,25, 230, False, 11
1916,0, 230, False, 11
1917,0, 230, False, 11
1918,0, 230, False, 11
1919,0, 230, False, 11
1920,0, 230, False, 11
1921,0, 230, False, 11
1922,0, 230, False, 11
1923,0, 230, False, 11
1924,0, 230, False, 11
1925,0, 230, False, 11
1926,0, 230, False, 11
1927,0, 230, False, 11
1928,0, 230, False, 11
1929,0, 230, False, 11
1930,0, 230, False, 11
1931,0, 230, False, 11
1932,0, 230, False, 11
1933,0, 230, False, 11
1934,0, 230, False, 11
1935,0, 230, False, 11
1936,0, 230, False, 11
1937,0, 230, False, 11
1938,0, 230, False, 11
1939,0, 230, False, 11
1940,0, 230, False, 11
1941,0, 230, False, 11
1942,0, 230, False, 11
1943,0, 230, False, 11
1944,0, 230, False, 11
1945,0, 230, False, 11
1946,0, 230, False, 11
1947,0, 230, False, 11
1948,0, 230, False, 11
1949,0, 230, False, 11
1950,0, 230, False, 11
1951,0, 230, False, 11
1952,0, 230, False, 11
1953,0, 230, False, 11
1954,0, 230, False, 11
1955,0, 230, False, 11
1956,0, 230, False, 11
1957,0, 230, False, 11
1958,0, 230, False, 11
1959,0, 230, False, 11
1960,0, 230, False, 1
1961,0, 230, False, 1
1962,0, 230, False, 1
1963,0, 230, False, 1
1964,0, 230, False, 1
1965,0, 230, False, 1
1966,0, 230, False, 1
1967,20, 250, False, 1
1968,0, 250, False, 1
1969,0, 250, False, 1
1970,0, 250, False, 1
1971,0, 250, False, 1
1972,0, 250, False, 1
1973,0, 250, False, 12
1974,0, 250, False, 12
1975,0, 250, False, 12
1976,0, 250, False, 12
1977,0, 250, False, 12
1978,0, 250, False, 12
1979,0, 250, False, 12
1980,0, 250, False, 12
1981,0, 250, False, 12
1982,0, 250, False, 12
1983,0, 250, False, 12
1984,0, 250, False, 12
1985,0, 250, False, 12
1986,0, 250, False, 12
1987,0, 250, False, 12
1988,0, 250, False, 12
1989,0, 250, False, 12
1990,0, 250, False, 1
1991,0, 250, False, 1
1992,0, 250, False, 1
1993,0, 250, False, 1
1994,0, 250, False, 1
1995,0, 250, False, 1
1996,0, 250, False, 1
1997,0, 250, False, 1
1998,0, 250, False, 1
1999,0, 250, False, 1
2000,0, 250, False, 1
2001,0, 250, False, 1
2002,0, 250, False, 1
2003,0, 250, False, 1
2004,0, 250, False, 1
2005,0, 250, False, 1
2006,0, 250, False, 1
2007,0, 250, False, 11
2008,0, 250, False, 11
2009,0, 250, False, 11
2010,0, 250, False, 11
2011,0, 250, False, 11
2012,0, 250, False, 11
2013,0, 250, False, 11
2014,0, 250, False, 11
2015,0, 250, False, 11
2016,0, 250, False, 11
2017,0, 250, False, 11
2018,0, 250, False, 11
2019,0, 250, False, 11
2020,0, 250, False, 11
2021,0, 250, False, 11
2022,0, 250, False, 11
2023,0, 250, False, 11
2024,0, 250, False, 11
2025,0, 250, False, 11
2026,0, 250, False, 11
2027,0, 250, False, 11
2028,0, 250, False, 11
2029,0, 250, False, 11
2030,0, 250, False, 11
2031,0, 250, False, 11
2032,0, 250, False, 11
2033,0, 250, False, 11
2034,0, 250, False, 11
2035,0, 250, False, 1
2036,0, 250, False, 1
2037,0, 250, False, 1
2038,0, 250, False, 1
2039,0, 250, False, 1
2040,0, 250, False, 1
2041,0, 250, False, 1
2042,0, 250, False, 1
2043,0, 250, False, 1
2044,0, 250, False, 1
2045,0, 250, False, 1
2046,0, 250, False, 1
2047,0, 250, False, 1
2048,0, 250, False, 1
2049,0, 250, False, 1
2050,0, 250, False, 1
2051,0, 250, False, 1
2052,0, 250, False, 1
2053,0, 250, False, 1
2054,0, 250, False, 1
2055,0, 250, False, 1
2056,0, 250, False, 1
2057,0, 250, False, 1
2058,0, 250, False, 1
2059,0, 250, False, 1
2060,0, 250, False, 1
2061,0, 250, False, 1
2062,0, 250, False, 1
2063,0, 250, False, 1
2064,0, 250, False, 1
2065,0, 250, False, 1
2066,0, 250, False, 1
2067,0, 250, False, 1
2068,0, 250, False, 1
2069,0, 250, False, 1
2070,0, 250, False, 1
2071,0, 250, False, 1
2072,0, 250, False, 0
2073,0, 250, False, 0
2074,0, 250, False, 0
2075,0, 250, False, 1
2076,0, 250, False, 1
2077,0, 250, False, 1
2078,0, 250, False, 1
2079,0, 250, False, 1
2080,0, 250, False, 1
2081,0, 250, False, 1
2082,0, 250, False, 1
2083,0, 250, False, 1
2084,0, 250, False, 1
2085,0, 250, False, 1
2086,0, 250, False, 1
2087,0, 250, False, 1
2088,0, 250, False, 1
2089,0, 250, False, 1
2090,0, 250, False, 1
2091,0, 250, False, 1
2092,0, 250, False, 1
2093,0, 250, False, 1
2094,0, 250, False, 1
2095,0, 250, False, 1
2096,0, 250, False, 1
2097,0, 250, False, 1
2098,0, 250, False, 12
2099,0, 250, False, 12
2100,0, 250, False, 12
2101,25, 275, False, 12
2102,0, 275, False, 12
2103,0, 275, False, 12
2104,0, 275, False, 12
2105,0, 275, False, 12
2106,0, 275, False, 12
2107,0, 275, False, 12
2108,0, 275, False, 12
2109,0, 275, False, 12
2110,0, 275, False, 12
2111,0, 275, False, 12
2112,0, 275, False, 12
2113,0, 275, False, 12
2114,0, 275, False, 12
2115,0, 275, False, 12
2116,0, 275, False, 12
2117,0, 275, False, 12
2118,0, 275, False, 12
2119,0, 275, False, 12
2120,0, 275, False, 12
2121,0, 275, False, 12
2122,0, 275, False, 12
2123,0, 275, False, 12
2124,0, 275, False, 12
2125,0, 275, False, 12
2126,0, 275, False, 12
2127,0, 275, False, 12
2128,0, 275, False, 12
2129,0, 275, False, 12
2130,0, 275, False, 12
2131,15, 290, False, 12
2132,0, 290, False, 12
2133,0, 290, False, 12
2134,0, 290, False, 12
2135,0, 290, False, 12
2136,0, 290, False, 12
2137,0, 290, False, 12
2138,0, 290, False, 12
2139,0, 290, False, 12
2140,0, 290, False, 12
2141,0, 290, False, 12
2142,0, 290, False, 12
2143,0, 290, False, 12
2144,0, 290, False, 12
2145,0, 290, False, 12
2146,0, 290, False, 12
2147,0, 290, False, 12
2148,0, 290, False, 12
2149,0, 290, False, 12
2150,0, 290, False, 12
2151,0, 290, False, 12
2152,0, 290, False, 12
2153,0, 290, False, 12
2154,0, 290, False, 12
2155,0, 290, False, 12
2156,0, 290, False, 12
2157,0, 290, False, 12
2158,0, 290, False, 12
2159,0, 290, False, 1
2160,0, 290, False, 1
2161,0, 290, False, 1
2162,0, 290, False, 1
2163,0, 290, False, 1
2164,0, 290, False, 1
2165,0, 290, False, 1
2166,0, 290, False, 1
2167,0, 290, False, 1
2168,0, 290, False, 1
2169,0, 290, False, 1
2170,0, 290, False, 1
2171,0, 290, False, 1
2172,0, 290, False, 1
2173,0, 290, False, 1
2174,0, 290, False, 1
2175,0, 290, False, 1
2176,0, 290, False, 1
2177,25, 315, False, 1
2178,0, 315, False, 1
2179,0, 315, False, 1
2180,0, 315, False, 1
2181,0, 315, False, 1
2182,0, 315, False, 1
2183,0, 315, False, 1
2184,0, 315, False, 12
2185,0, 315, False, 12
2186,0, 315, False, 12
2187,0, 315, False, 12
2188,0, 315, False, 12
2189,0, 315, False, 12
2190,0, 315, False, 12
2191,0, 315, False, 12
2192,0, 315, False, 12
2193,0, 315, False, 12
2194,0, 315, False, 12
2195,0, 315, False, 12
2196,0, 315, False, 12
2197,0, 315, False, 12
2198,0, 315, False, 12
2199,0, 315, False, 12
2200,0, 315, False, 12
2201,0, 315, False, 12
2202,0, 315, False, 12
2203,0, 315, False, 12
2204,0, 315, False, 12
2205,0, 315, False, 12
2206,0, 315, False, 12
2207,0, 315, False, 12
2208,0, 315, False, 12
2209,0, 315, False, 12
2210,0, 315, False, 12
2211,0, 315, False, 12
2212,0, 315, False, 12
2213,0, 315, False, 12
2214,0, 315, False, 12
2215,0, 315, False, 12
2216,0, 315, False, 12
2217,0, 315, False, 12
2218,0, 315, False, 12
2219,0, 315, False, 12
2220,0, 315, False, 12
2221,0, 315, False, 12
2222,0, 315, False, 12
2223,0, 315, False, 12
2224,0, 315, False, 12
2225,0, 315, False, 12
2226,0, 315, False, 12
2227,0, 315, False, 12
2228,0, 315, False, 12
2229,0, 315, False, 12
2230,0, 315, False, 12
2231,0, 315, False, 12
2232,0, 315, False, 12
2233,0, 315, False, 12
2234,0, 315, False, 12
2235,0, 315, False, 12
2236,0, 315, False, 12
2237,0, 315, False, 12
2238,0, 315, False, 12
2239,0, 315, False, 12
2240,0, 315, False, 12
2241,0, 315, False, 12
2242,0, 315, False, 12
2243,0, 315, False, 12
2244,0, 315, False, 12
2245,0, 315, False, 12
2246,0, 315, False, 12
2247,0, 315, False, 12
2248,0, 315, False, 12
2249,0, 315, False, 12
2250,0, 315, False, 12
2251,0, 315, False, 12
2252,0, 315, False, 12
2253,0, 315, False, 12
2254,0, 315, False, 12
2255,0, 315, False, 12
2256,0, 315, False, 12
2257,0, 315, False, 12
2258,0, 315, False, 12
2259,0, 315, False, 12
2260,0, 315, False, 12
2261,0, 315, False, 12
2262,0, 315, False, 12
2263,0, 315, False, 1
2264,0, 315, False, 1
2265,0, 315, False, 1
2266,0, 315, False, 1
2267,0, 315, False, 1
2268,0, 315, False, 1
2269,0, 315, False, 1
2270,0, 315, False, 1
2271,0, 315, False, 1
2272,0, 315, False, 1
2273,0, 315, False, 1
2274,0, 315, False, 1
2275,0, 315, False, 1
2276,0, 315, False, 1
2277,0, 315, False, 1
2278,0, 315, False, 1
2279,0, 315, False, 1
2280,0, 315, False, 1
2281,0, 315, False, 1
2282,0, 315, False, 1
2283,0, 315, False, 1
2284,0, 315, False, 1
2285,0, 315, False, 1
2286,0, 315, False, 1
2287,0, 315, False, 1
2288,0, 315, False, 1
2289,0, 315, False, 1
2290,0, 315, False, 1
2291,0, 315, False, 1
2292,0, 315, False, 1
2293,0, 315, False, 1
2294,0, 315, False, 1
2295,0, 315, False, 1
2296,0, 315, False, 1
2297,0, 315, False, 1
2298,0, 315, False, 1
2299,0, 315, False, 1
2300,0, 315, False, 1
2301,0, 315, False, 1
2302,0, 315, False, 1
2303,0, 315, False, 1
2304,0, 315, False, 1
2305,0, 315, False, 1
2306,0, 315, False, 1
2307,0, 315, False, 1
2308,0, 315, False, 1
2309,0, 315, False, 1
2310,0, 315, False, 1
2311,0, 315, False, 1
2312,0, 315, False, 1
2313,0, 315, False, 1
2314,0, 315, False, 1
2315,0, 315, False, 1
2316,0, 315, False, 1
2317,0, 315, False, 1
2318,0, 315, False, 1
2319,0, 315, False, 1
2320,0, 315, False, 1
2321,0, 315, False, 1
2322,0, 315, False, 11
2323,0, 315, False, 11
2324,0, 315, False, 11
2325,0, 315, False, 11
2326,0, 315, False, 11
2327,0, 315, False, 11
2328,0, 315, False, 11
2329,0, 315, False, 11
2330,0, 315, False, 11
2331,0, 315, False, 11
2332,0, 315, False, 11
2333,0, 315, False, 11
2334,0, 315, False, 11
2335,0, 315, False, 11
2336,0, 315, False, 11
2337,0, 315, False, 11
2338,0, 315, False, 11
2339,0, 315, False, 11
2340,0, 315, False, 11
2341,0, 315, False, 11
2342,0, 315, False, 11
2343,0, 315, False, 1
2344,0, 315, False, 1
2345,0, 315, False, 1
2346,0, 315, False, 1
2347,0, 315, False, 1
2348,0, 315, False, 1
2349,0, 315, False, 1
2350,0, 315, False, 1
2351,0, 315, False, 1
2352,0, 315, False, 1
2353,0, 315, False, 1
2354,0, 315, False, 1
2355,0, 315, False, 1
2356,0, 315, False, 1
2357,0, 315, False, 1
2358,0, 315, False, 1
2359,0, 315, False, 11
2360,0, 315, False, 11
2361,0, 315, False, 11
2362,0, 315, False, 11
2363,0, 315, False, 11
2364,0, 315, False, 11
2365,0, 315, False, 11
2366,0, 315, False, 11
2367,0, 315, False, 11
2368,0, 315, False, 11
2369,0, 315, False, 11
2370,0, 315, False, 11
2371,0, 315, False, 11
2372,0, 315, False, 1
2373,0, 315, False, 1
2374,0, 315, False, 1
2375,0, 315, False, 1
2376,0, 315, False, 1
2377,0, 315, False, 1
2378,0, 315, False, 1
2379,0, 315, False, 1
2380,0, 315, False, 1
2381,0, 315, False, 1
2382,0, 315, False, 1
2383,0, 315, False, 1
2384,0, 315, False, 1
2385,0, 315, False, 1
2386,0, 315, False, 1
2387,0, 315, False, 1
2388,0, 315, False, 1
2389,0, 315, False, 1
2390,0, 315, False, 1
2391,0, 315, False, 1
2392,0, 315, False, 1
2393,0, 315, False, 1
2394,0, 315, False, 1
2395,0, 315, False, 1
2396,0, 315, False, 1
2397,0, 315, False, 1
2398,0, 315, False, 1
2399,0, 315, False, 1
2400,0, 315, False, 1
2401,0, 315, False, 1
2402,0, 315, False, 1
2403,0, 315, False, 1
2404,0, 315, False, 1
2405,0, 315, False, 1
2406,0, 315, False, 1
2407,0, 315, False, 1
2408,0, 315, False, 1
2409,0, 315, False, 1
2410,0, 315, False, 1
2411,0, 315, False, 1
2412,0, 315, False, 1
2413,0, 315, False, 1
2414,0, 315, False, 1
2415,0, 315, False, 1
2416,0, 315, False, 1
2417,0, 315, False, 1
2418,0, 315, False, 1
2419,0, 315, False, 1
2420,0, 315, False, 1
2421,0, 315, False, 1
2422,0, 315, False, 1
2423,0, 315, False, 1
2424,0, 315, False, 1
2425,0, 315, False, 1
2426,0, 315, False, 1
2427,0, 315, False, 1
2428,0, 315, False, 1
2429,0, 315, False, 1
2430,0, 315, False, 1
2431,0, 315, False, 1
2432,0, 315, False, 1
2433,0, 315, False, 1
2434,0, 315, False, 1
2435,0, 315, False, 1
2436,0, 315, False, 1
2437,0, 315, False, 1
2438,0, 315, False, 4
2439,0, 315, False, 4
2440,0, 315, False, 4
2441,0, 315, False, 4
2442,0, 315, False, 4
2443,0, 315, False, 4
2444,0, 315, False, 4
2445,0, 315, False, 4
2446,0, 315, False, 4
2447,0, 315, False, 4
2448,0, 315, False, 4
2449,0, 315, False, 4
2450,0, 315, False, 4
2451,0, 315, False, 4
2452,0, 315, False, 4
2453,0, 315, False, 4
2454,0, 315, False, 4
2455,0, 315, False, 4
2456,0, 315, False, 4
2457,0, 315, False, 4
2458,0, 315, False, 4
2459,0, 315, False, 4
2460,0, 315, False, 4
2461,20, 335, False, 4
2462,0, 335, False, 4
2463,0, 335, False, 4
2464,0, 335, False, 4
2465,0, 335, False, 4
2466,0, 335, False, 4
2467,0, 335, False, 4
2468,0, 335, False, 4
2469,0, 335, False, 4
2470,0, 335, False, 4
2471,0, 335, False, 4
2472,0, 335, False, 4
2473,0, 335, False, 4
2474,0, 335, False, 4
2475,0, 335, False, 4
2476,0, 335, False, 0
2477,0, 335, False, 0
2478,0, 335, False, 0
2479,0, 335, False, 0
2480,0, 335, False, 0
2481,0, 335, False, 0
2482,0, 335, False, 0
2483,0, 335, False, 0
2484,0, 335, False, 0
2485,0, 335, False, 0
2486,0, 335, False, 0
2487,0, 335, False, 0
2488,0, 335, False, 0
2489,0, 335, False, 0
2490,0, 335, False, 0
2491,0, 335, False, 3
2492,0, 335, False, 3
2493,0, 335, False, 3
2494,0, 335, False, 3
2495,0, 335, False, 3
2496,0, 335, False, 3
2497,0, 335, False, 3
2498,0, 335, False, 3
2499,0, 335, False, 3
2500,0, 335, False, 0
2501,0, 335, False, 0
2502,0, 335, False, 0
2503,0, 335, False, 0
2504,0, 335, False, 0
2505,0, 335, False, 0
2506,0, 335, False, 0
2507,0, 335, False, 0
2508,0, 335, False, 0
2509,0, 335, False, 0
2510,0, 335, False, 0
2511,0, 335, False, 0
2512,0, 335, False, 0
2513,0, 335, False, 0
2514,0, 335, False, 0
2515,0, 335, False, 0
2516,0, 335, False, 0
2517,0, 335, False, 0
2518,0, 335, False, 0
2519,0, 335, False, 0
2520,0, 335, False, 0
2521,0, 335, False, 0
2522,0, 335, False, 0
2523,0, 335, False, 0
2524,0, 335, False, 0
2525,0, 335, False, 0
2526,0, 335, False, 0
2527,0, 335, False, 0
2528,0, 335, False, 0
2529,0, 335, False, 0
2530,0, 335, False, 0
2531,0, 335, False, 0
2532,0, 335, False, 0
2533,0, 335, False, 0
2534,0, 335, False, 0
2535,0, 335, False, 0
2536,0, 335, False, 0
2537,0, 335, False, 0
2538,0, 335, False, 0
2539,0, 335, False, 0
2540,0, 335, False, 0
2541,0, 335, False, 0
2542,0, 335, False, 0
2543,0, 335, False, 0
2544,0, 335, False, 0
2545,0, 335, False, 0
2546,0, 335, False, 3
2547,0, 335, False, 3
2548,0, 335, False, 3
2549,0, 335, False, 3
2550,0, 335, False, 3
2551,0, 335, False, 0
2552,0, 335, False, 0
2553,0, 335, False, 0
2554,0, 335, False, 0
2555,0, 335, False, 0
2556,0, 335, False, 0
2557,0, 335, False, 0
2558,0, 335, False, 0
2559,0, 335, False, 0
2560,0, 335, False, 0
2561,0, 335, False, 0
2562,0, 335, False, 0
2563,0, 335, False, 0
2564,0, 335, False, 0
2565,0, 335, False, 0
2566,0, 335, False, 0
2567,0, 335, False, 1
2568,0, 335, False, 1
2569,0, 335, False, 1
2570,0, 335, False, 1
2571,0, 335, False, 1
2572,0, 335, False, 1
2573,0, 335, False, 1
2574,0, 335, False, 1
2575,0, 335, False, 1
2576,0, 335, False, 1
2577,0, 335, False, 1
2578,0, 335, False, 1
2579,0, 335, False, 1
2580,0, 335, False, 1
2581,0, 335, False, 1
2582,0, 335, False, 1
2583,0, 335, False, 1
2584,0, 335, False, 1
2585,0, 335, False, 12
2586,0, 335, False, 12
2587,0, 335, False, 12
2588,0, 335, False, 12
2589,0, 335, False, 12
2590,0, 335, False, 12
2591,0, 335, False, 12
2592,0, 335, False, 12
2593,0, 335, False, 12
2594,0, 335, False, 12
2595,0, 335, False, 12
2596,0, 335, False, 12
2597,0, 335, False, 12
2598,0, 335, False, 12
2599,0, 335, False, 12
2600,0, 335, False, 12
2601,0, 335, False, 12
2602,0, 335, False, 12
2603,0, 335, False, 12
2604,0, 335, False, 12
2605,25, 360, False, 12
2606,0, 360, False, 1
2607,0, 360, False, 1
2608,0, 360, False, 1
2609,0, 360, False, 1
2610,0, 360, False, 1
2611,0, 360, False, 1
2612,0, 360, False, 1
2613,0, 360, False, 1
2614,0, 360, False, 1
2615,0, 360, False, 1
2616,0, 360, False, 1
2617,0, 360, False, 1
2618,0, 360, False, 1
2619,0, 360, False, 1
2620,0, 360, False, 1
2621,0, 360, False, 1
2622,0, 360, False, 1
2623,0, 360, False, 1
2624,0, 360, False, 1
2625,0, 360, False, 1
2626,0, 360, False, 1
2627,0, 360, False, 1
2628,0, 360, False, 1
2629,0, 360, False, 1
2630,0, 360, False, 1
2631,0, 360, False, 1
2632,0, 360, False, 1
2633,0, 360, False, 1
2634,0, 360, False, 1
2635,0, 360, False, 1
2636,0, 360, False, 1
2637,0, 360, False, 1
2638,0, 360, False, 1
2639,0, 360, False, 1
2640,0, 360, False, 1
2641,0, 360, False, 1
2642,0, 360, False, 1
2643,0, 360, False, 1
2644,0, 360, False, 1
2645,0, 360, False, 1
2646,0, 360, False, 1
2647,0, 360, False, 1
2648,0, 360, False, 1
2649,0, 360, False, 1
2650,0, 360, False, 1
2651,0, 360, False, 1
2652,0, 360, False, 1
2653,0, 360, False, 1
2654,0, 360, False, 1
2655,0, 360, False, 1
2656,0, 360, False, 1
2657,0, 360, False, 1
2658,0, 360, False, 1
2659,0, 360, False, 1
2660,0, 360, False, 1
2661,0, 360, False, 1
2662,0, 360, False, 1
2663,0, 360, False, 1
2664,0, 360, False, 1
2665,0, 360, False, 1
2666,0, 360, False, 1
2667,0, 360, False, 1
2668,0, 360, False, 1
2669,0, 360, False, 1
2670,0, 360, False, 1
2671,0, 360, False, 1
2672,0, 360, False, 1
2673,30, 390, False, 1
2674,0, 390, False, 1
2675,0, 390, False, 1
2676,0, 390, False, 1
2677,0, 390, False, 1
2678,0, 390, False, 1
2679,0, 390, False, 1
2680,0, 390, False, 1
2681,0, 390, False, 1
2682,0, 390, False, 1
2683,0, 390, False, 1
2684,0, 390, False, 1
2685,0, 390, False, 1
2686,0, 390, False, 1
2687,0, 390, False, 1
2688,0, 390, False, 1
2689,0, 390, False, 1
2690,0, 390, False, 1
2691,0, 390, False, 1
2692,0, 390, False, 1
2693,0, 390, False, 1
2694,0, 390, False, 1
2695,0, 390, False, 1
2696,0, 390, False, 1
2697,0, 390, False, 1
2698,0, 390, False, 1
2699,0, 390, False, 1
2700,0, 390, False, 1
2701,0, 390, False, 1
2702,0, 390, False, 1
2703,0, 390, False, 1
2704,0, 390, False, 1
2705,0, 390, False, 1
2706,0, 390, False, 1
2707,0, 390, False, 1
2708,0, 390, False, 1
2709,0, 390, False, 1
2710,0, 390, False, 1
2711,0, 390, False, 1
2712,0, 390, False, 11
2713,0, 390, False, 11
2714,0, 390, False, 11
2715,0, 390, False, 11
2716,0, 390, False, 11
2717,0, 390, False, 11
2718,0, 390, False, 11
2719,0, 390, False, 11
2720,0, 390, False, 11
2721,0, 390, False, 1
2722,0, 390, False, 1
2723,0, 390, False, 1
2724,0, 390, False, 1
2725,0, 390, False, 1
2726,0, 390, False, 1
2727,0, 390, False, 1
2728,0, 390, False, 1
2729,0, 390, False, 1
2730,0, 390, False, 1
2731,0, 390, False, 1
2732,0, 390, False, 1
2733,0, 390, False, 1
2734,0, 390, False, 1
2735,0, 390, False, 1
2736,0, 390, False, 1
2737,0, 390, False, 1
2738,0, 390, False, 1
2739,0, 390, False, 1
2740,0, 390, False, 1
2741,0, 390, False, 1
2742,0, 390, False, 1
2743,0, 390, False, 1
2744,0, 390, False, 1
2745,0, 390, False, 1
2746,0, 390, False, 1
2747,0, 390, False, 1
2748,0, 390, False, 1
2749,0, 390, False, 1
2750,0, 390, False, 1
2751,0, 390, False, 1
2752,0, 390, False, 1
2753,0, 390, False, 1
2754,0, 390, False, 1
2755,0, 390, False, 1
2756,0, 390, False, 1
2757,0, 390, False, 1
2758,0, 390, False, 1
2759,0, 390, False, 1
2760,0, 390, False, 1
2761,0, 390, False, 1
2762,0, 390, False, 1
2763,0, 390, False, 1
2764,0, 390, False, 1
2765,0, 390, False, 1
2766,0, 390, False, 1
2767,0, 390, False, 1
2768,0, 390, False, 1
2769,0, 390, False, 1
2770,0, 390, False, 1
2771,0, 390, False, 1
2772,0, 390, False, 1
2773,0, 390, False, 1
2774,0, 390, False, 1
2775,0, 390, False, 1
2776,0, 390, False, 1
2777,0, 390, False, 1
2778,0, 390, False, 1
2779,0, 390, False, 1
2780,0, 390, False, 1
2781,0, 390, False, 11
2782,0, 390, False, 11
2783,0, 390, False, 11
2784,0, 390, False, 11
2785,0, 390, False, 11
2786,0, 390, False, 11
2787,0, 390, False, 11
2788,0, 390, False, 11
2789,0, 390, False, 11
2790,0, 390, False, 11
2791,0, 390, False, 11
2792,0, 390, False, 11
2793,20, 410, False, 11
2794,0, 410, False, 11
2795,0, 410, False, 11
2796,0, 410, False, 11
2797,0, 410, False, 11
2798,0, 410, False, 11
2799,0, 410, False, 11
2800,0, 410, False, 11
2801,0, 410, False, 11
2802,0, 410, False, 11
2803,0, 410, False, 11
2804,0, 410, False, 11
2805,0, 410, False, 11
2806,0, 410, False, 11
2807,0, 410, False, 11
2808,0, 410, False, 11
2809,0, 410, False, 11
2810,0, 410, False, 11
2811,0, 410, False, 11
2812,0, 410, False, 11
2813,0, 410, False, 11
2814,0, 410, False, 11
2815,0, 410, False, 11
2816,0, 410, False, 11
2817,0, 410, False, 11
2818,0, 410, False, 11
2819,0, 410, False, 11
2820,0, 410, False, 11
2821,0, 410, False, 11
2822,0, 410, False, 11
2823,0, 410, False, 11
2824,0, 410, False, 11
2825,0, 410, False, 11
2826,0, 410, False, 11
2827,0, 410, False, 11
2828,0, 410, False, 11
2829,0, 410, False, 11
2830,0, 410, False, 11
2831,0, 410, False, 11
2832,0, 410, False, 11
2833,0, 410, False, 11
2834,0, 410, False, 11
2835,0, 410, False, 11
2836,0, 410, False, 11
2837,0, 410, False, 1
2838,0, 410, False, 1
2839,0, 410, False, 1
2840,0, 410, False, 1
2841,0, 410, False, 1
2842,0, 410, False, 1
2843,0, 410, False, 1
2844,0, 410, False, 1
2845,0, 410, False, 1
2846,0, 410, False, 1
2847,0, 410, False, 1
2848,0, 410, False, 11
2849,0, 410, False, 11
2850,0, 410, False, 11
2851,0, 410, False, 11
2852,0, 410, False, 11
2853,0, 410, False, 11
2854,0, 410, False, 11
2855,0, 410, False, 11
2856,0, 410, False, 11
2857,0, 410, False, 11
2858,0, 410, False, 11
2859,0, 410, False, 11
2860,0, 410, False, 11
2861,0, 410, False, 11
2862,0, 410, False, 11
2863,0, 410, False, 11
2864,0, 410, False, 11
2865,0, 410, False, 11
2866,0, 410, False, 11
2867,0, 410, False, 11
2868,0, 410, False, 11
2869,0, 410, False, 11
2870,0, 410, False, 11
2871,0, 410, False, 11
2872,0, 410, False, 11
2873,0, 410, False, 11
2874,0, 410, False, 11
2875,0, 410, False, 11
2876,0, 410, False, 11
2877,0, 410, False, 11
2878,0, 410, False, 11
2879,0, 410, False, 11
2880,0, 410, False, 11
2881,0, 410, False, 11
2882,0, 410, False, 11
2883,0, 410, False, 11
2884,0, 410, False, 11
2885,0, 410, False, 11
2886,0, 410, False, 11
2887,0, 410, False, 11
2888,0, 410, False, 11
2889,0, 410, False, 11
2890,0, 410, False, 11
2891,0, 410, False, 11
2892,0, 410, False, 11
2893,0, 410, False, 1
2894,0, 410, False, 1
2895,0, 410, False, 1
2896,0, 410, False, 1
2897,0, 410, False, 1
2898,0, 410, False, 1
2899,0, 410, False, 1
2900,0, 410, False, 1
2901,0, 410, False, 1
2902,0, 410, False, 1
2903,0, 410, False, 1
2904,0, 410, False, 1
2905,0, 410, False, 1
2906,0, 410, False, 1
2907,0, 410, False, 1
2908,0, 410, False, 1
2909,0, 410, False, 1
2910,0, 410, False, 1
2911,0, 410, False, 1
2912,0, 410, False, 1
2913,0, 410, False, 1
2914,0, 410, False, 1
2915,0, 410, False, 1
2916,0, 410, False, 1
2917,0, 410, False, 1
2918,0, 410, False, 1
2919,0, 410, False, 1
2920,0, 410, False, 1
2921,0, 410, False, 1
2922,0, 410, False, 1
2923,0, 410, False, 1
2924,0, 410, False, 1
2925,0, 410, False, 1
2926,0, 410, False, 1
2927,0, 410, False, 1
2928,0, 410, False, 1
2929,0, 410, False, 1
2930,0, 410, False, 1
2931,0, 410, False, 1
2932,0, 410, False, 1
2933,0, 410, False, 1
2934,0, 410, False, 1
2935,0, 410, False, 1
2936,0, 410, False, 1
2937,0, 410, False, 1
2938,0, 410, False, 1
2939,0, 410, False, 1
2940,0, 410, False, 1
2941,0, 410, False, 1
2942,0, 410, False, 1
2943,0, 410, False, 1
2944,0, 410, False, 1
2945,0, 410, False, 1
2946,0, 410, False, 1
2947,0, 410, False, 1
2948,0, 410, False, 1
2949,0, 410, False, 1
2950,0, 410, False, 1
2951,0, 410, False, 1
2952,0, 410, False, 1
2953,0, 410, False, 1
2954,0, 410, False, 1
2955,0, 410, False, 1
2956,0, 410, False, 1
2957,0, 410, False, 1
2958,0, 410, False, 1
2959,0, 410, False, 1
2960,0, 410, False, 1
2961,0, 410, False, 1
2962,0, 410, False, 1
2963,0, 410, False, 1
2964,0, 410, False, 1
2965,0, 410, False, 1
2966,0, 410, False, 1
2967,0, 410, False, 1
2968,0, 410, False, 1
2969,0, 410, False, 1
2970,0, 410, False, 1
2971,0, 410, False, 1
2972,0, 410, False, 1
2973,0, 410, False, 1
2974,0, 410, False, 1
2975,0, 410, False, 1
2976,0, 410, False, 1
2977,0, 410, False, 1
2978,0, 410, False, 1
2979,0, 410, False, 1
2980,0, 410, False, 1
2981,0, 410, False, 1
2982,0, 410, False, 1
2983,0, 410, False, 1
2984,0, 410, False, 1
2985,0, 410, False, 1
2986,0, 410, False, 1
2987,0, 410, False, 1
2988,0, 410, False, 1
2989,20, 430, False, 1
2990,0, 430, False, 1
2991,0, 430, False, 1
2992,0, 430, False, 1
2993,0, 430, False, 1
2994,0, 430, False, 1
2995,0, 430, False, 1
2996,0, 430, False, 1
2997,0, 430, False, 1
2998,0, 430, False, 1
2999,0, 430, False, 1
3000,0, 430, False, 1
3001,0, 430, False, 1
3002,0, 430, False, 1
3003,0, 430, False, 1
3004,0, 430, False, 1
3005,0, 430, False, 1
3006,0, 430, False, 1
3007,0, 430, False, 1
3008,0, 430, False, 1
3009,0, 430, False, 1
3010,0, 430, False, 1
3011,0, 430, False, 1
3012,0, 430, False, 1
3013,0, 430, False, 1
3014,0, 430, False, 1
3015,0, 430, False, 1
3016,0, 430, False, 1
3017,0, 430, False, 1
3018,0, 430, False, 1
3019,0, 430, False, 1
3020,0, 430, False, 1
3021,0, 430, False, 1
3022,0, 430, False, 12
3023,0, 430, False, 12
3024,0, 430, False, 12
3025,0, 430, False, 12
3026,0, 430, False, 12
3027,0, 430, False, 12
3028,0, 430, False, 12
3029,0, 430, False, 12
3030,0, 430, False, 12
3031,0, 430, False, 12
3032,0, 430, False, 12
3033,0, 430, False, 12
3034,0, 430, False, 12
3035,0, 430, False, 12
3036,0, 430, False, 12
3037,0, 430, False, 12
3038,0, 430, False, 12
3039,0, 430, False, 12
3040,0, 430, False, 12
3041,0, 430, False, 12
3042,0, 430, False, 12
3043,0, 430, False, 12
3044,0, 430, False, 12
3045,0, 430, False, 12
3046,0, 430, False, 12
3047,0, 430, False, 12
3048,0, 430, False, 12
3049,0, 430, False, 12
3050,0, 430, False, 12
3051,0, 430, False, 1
3052,0, 430, False, 1
3053,0, 430, False, 1
3054,0, 430, False, 1
3055,0, 430, False, 1
3056,0, 430, False, 1
3057,0, 430, False, 1
3058,0, 430, False, 1
3059,0, 430, False, 1
3060,0, 430, False, 1
3061,0, 430, False, 1
3062,0, 430, False, 1
3063,0, 430, False, 1
3064,0, 430, False, 1
3065,0, 430, False, 1
3066,0, 430, False, 1
3067,0, 430, False, 1
3068,0, 430, False, 1
3069,0, 430, False, 1
3070,0, 430, False, 1
3071,0, 430, False, 1
3072,0, 430, False, 1
3073,0, 430, False, 1
3074,0, 430, False, 1
3075,0, 430, False, 1
3076,0, 430, False, 1
3077,0, 430, False, 12
3078,0, 430, False, 12
3079,0, 430, False, 12
3080,0, 430, False, 12
3081,0, 430, False, 12
3082,0, 430, False, 12
3083,0, 430, False, 12
3084,0, 430, False, 12
3085,0, 430, False, 12
3086,0, 430, False, 12
3087,0, 430, False, 12
3088,0, 430, False, 12
3089,0, 430, False, 12
3090,0, 430, False, 12
3091,0, 430, False, 12
3092,0, 430, False, 12
3093,0, 430, False, 12
3094,0, 430, False, 12
3095,0, 430, False, 12
3096,0, 430, False, 12
3097,0, 430, False, 12
3098,0, 430, False, 12
3099,0, 430, False, 12
3100,0, 430, False, 12
3101,0, 430, False, 12
3102,0, 430, False, 12
3103,0, 430, False, 12
3104,0, 430, False, 12
3105,0, 430, False, 12
3106,0, 430, False, 12
3107,0, 430, False, 12
3108,0, 430, False, 12
3109,0, 430, False, 12
3110,0, 430, False, 12
3111,0, 430, False, 12
3112,0, 430, False, 12
3113,30, 460, False, 12
3114,0, 460, False, 12
3115,0, 460, False, 12
3116,0, 460, False, 12
3117,0, 460, False, 12
3118,0, 460, False, 12
3119,0, 460, False, 12
3120,0, 460, False, 12
3121,0, 460, False, 12
3122,0, 460, False, 12
3123,0, 460, False, 12
3124,0, 460, False, 12
3125,0, 460, False, 12
3126,0, 460, False, 12
3127,0, 460, False, 12
3128,0, 460, False, 12
3129,0, 460, False, 12
3130,0, 460, False, 12
3131,0, 460, False, 12
3132,0, 460, False, 12
3133,0, 460, False, 12
3134,0, 460, False, 12
3135,0, 460, False, 12
3136,0, 460, False, 12
3137,0, 460, False, 12
3138,0, 460, False, 12
3139,0, 460, False, 12
3140,0, 460, False, 12
3141,0, 460, False, 12
3142,0, 460, False, 12
3143,0, 460, False, 12
3144,0, 460, False, 12
3145,0, 460, False, 12
3146,0, 460, False, 12
3147,25, 485, False, 12
3148,0, 485, False, 12
3149,0, 485, False, 12
3150,0, 485, False, 12
3151,0, 485, False, 12
3152,0, 485, False, 1
3153,0, 485, False, 1
3154,0, 485, False, 1
3155,0, 485, False, 1
3156,0, 485, False, 1
3157,0, 485, False, 1
3158,0, 485, False, 1
3159,0, 485, False, 1
3160,0, 485, False, 1
3161,0, 485, False, 1
3162,0, 485, False, 1
3163,0, 485, False, 1
3164,0, 485, False, 1
3165,0, 485, False, 1
3166,0, 485, False, 1
3167,0, 485, False, 1
3168,0, 485, False, 1
3169,0, 485, False, 1
3170,0, 485, False, 11
3171,0, 485, False, 11
3172,0, 485, False, 11
3173,0, 485, False, 11
3174,0, 485, False, 11
3175,0, 485, False, 11
3176,0, 485, False, 11
3177,0, 485, False, 11
3178,0, 485, False, 11
3179,0, 485, False, 11
3180,0, 485, False, 11
3181,25, 510, False, 11
3182,0, 510, False, 11
3183,0, 510, False, 11
3184,0, 510, False, 11
3185,0, 510, False, 11
3186,0, 510, False, 11
3187,0, 510, False, 11
3188,0, 510, False, 11
3189,0, 510, False, 11
3190,0, 510, False, 11
3191,0, 510, False, 11
3192,0, 510, False, 11
3193,0, 510, False, 11
3194,0, 510, False, 11
3195,0, 510, False, 11
3196,0, 510, False, 11
3197,0, 510, False, 11
3198,0, 510, False, 11
3199,0, 510, False, 11
3200,0, 510, False, 11
3201,0, 510, False, 11
3202,0, 510, False, 11
3203,0, 510, False, 11
3204,0, 510, False, 11
3205,0, 510, False, 11
3206,0, 510, False, 11
3207,0, 510, False, 11
3208,0, 510, False, 11
3209,0, 510, False, 11
3210,0, 510, False, 11
3211,0, 510, False, 11
3212,0, 510, False, 11
3213,0, 510, False, 11
3214,0, 510, False, 11
3215,0, 510, False, 11
3216,0, 510, False, 11
3217,0, 510, False, 11
3218,0, 510, False, 11
3219,0, 510, False, 11
3220,0, 510, False, 11
3221,0, 510, False, 11
3222,0, 510, False, 11
3223,0, 510, False, 11
3224,0, 510, False, 11
3225,0, 510, False, 11
3226,0, 510, False, 11
3227,0, 510, False, 11
3228,0, 510, False, 11
3229,0, 510, False, 11
3230,0, 510, False, 11
3231,0, 510, False, 11
3232,0, 510, False, 11
3233,0, 510, False, 11
3234,0, 510, False, 11
3235,0, 510, False, 11
3236,0, 510, False, 11
3237,0, 510, False, 11
3238,0, 510, False, 11
3239,0, 510, False, 11
3240,0, 510, False, 11
3241,0, 510, False, 11
3242,0, 510, False, 11
3243,0, 510, False, 11
3244,0, 510, False, 11
3245,0, 510, False, 11
3246,0, 510, False, 11
3247,0, 510, False, 11
3248,0, 510, False, 11
3249,0, 510, False, 11
3250,0, 510, False, 11
3251,0, 510, False, 11
3252,0, 510, False, 11
3253,0, 510, False, 11
3254,0, 510, False, 11
3255,0, 510, False, 11
3256,0, 510, False, 11
3257,0, 510, False, 11
3258,0, 510, False, 11
3259,0, 510, False, 11
3260,0, 510, False, 11
3261,0, 510, False, 11
3262,0, 510, False, 11
3263,0, 510, False, 11
3264,0, 510, False, 11
3265,0, 510, False, 11
3266,0, 510, False, 11
3267,0, 510, False, 11
3268,0, 510, False, 11
3269,0, 510, False, 11
3270,0, 510, False, 11
3271,0, 510, False, 11
3272,0, 510, False, 11
3273,0, 510, False, 11
3274,0, 510, False, 11
3275,0, 510, False, 11
3276,0, 510, False, 11
3277,0, 510, False, 11
3278,0, 510, False, 11
3279,0, 510, False, 11
3280,0, 510, False, 11
3281,0, 510, False, 1
3282,0, 510, False, 1
3283,0, 510, False, 1
3284,0, 510, False, 1
3285,0, 510, False, 1
3286,0, 510, False, 1
3287,0, 510, False, 1
3288,0, 510, False, 1
3289,0, 510, False, 1
3290,0, 510, False, 1
3291,0, 510, False, 1
3292,0, 510, False, 1
3293,0, 510, False, 1
3294,0, 510, False, 1
3295,0, 510, False, 1
3296,0, 510, False, 1
3297,0, 510, False, 1
3298,0, 510, False, 1
3299,0, 510, False, 1
3300,0, 510, False, 1
3301,0, 510, False, 1
3302,0, 510, False, 1
3303,0, 510, False, 1
3304,0, 510, False, 1
3305,0, 510, False, 1
3306,0, 510, False, 1
3307,0, 510, False, 1
3308,0, 510, False, 1
3309,0, 510, False, 1
3310,0, 510, False, 12
3311,0, 510, False, 12
3312,0, 510, False, 12
3313,0, 510, False, 12
3314,0, 510, False, 12
3315,0, 510, False, 12
3316,0, 510, False, 12
3317,0, 510, False, 12
3318,0, 510, False, 12
3319,0, 510, False, 12
3320,0, 510, False, 12
3321,0, 510, False, 12
3322,0, 510, False, 12
3323,0, 510, False, 12
3324,0, 510, False, 12
3325,0, 510, False, 1
3326,0, 510, False, 1
3327,0, 510, False, 1
3328,0, 510, False, 1
3329,0, 510, False, 1
3330,0, 510, False, 1
3331,0, 510, False, 1
3332,0, 510, False, 1
3333,0, 510, False, 1
3334,0, 510, False, 1
3335,0, 510, False, 1
3336,0, 510, False, 1
3337,0, 510, False, 1
3338,0, 510, False, 1
3339,0, 510, False, 1
3340,0, 510, False, 1
3341,0, 510, False, 1
3342,0, 510, False, 1
3343,0, 510, False, 1
3344,0, 510, False, 1
3345,0, 510, False, 1
3346,0, 510, False, 1
3347,0, 510, False, 1
3348,0, 510, False, 1
3349,0, 510, False, 1
3350,0, 510, False, 1
3351,0, 510, False, 1
3352,0, 510, False, 1
3353,0, 510, False, 1
3354,0, 510, False, 1
3355,0, 510, False, 1
3356,0, 510, False, 1
3357,0, 510, False, 1
3358,0, 510, False, 1
3359,0, 510, False, 1
3360,0, 510, False, 1
3361,0, 510, False, 1
3362,0, 510, False, 1
3363,0, 510, False, 1
3364,0, 510, False, 1
3365,0, 510, False, 1
3366,0, 510, False, 1
3367,0, 510, False, 1
3368,0, 510, False, 1
3369,0, 510, False, 1
3370,0, 510, False, 1
3371,0, 510, False, 1
3372,0, 510, False, 1
3373,0, 510, False, 1
3374,0, 510, False, 1
3375,0, 510, False, 1
3376,0, 510, False, 1
3377,0, 510, False, 1
3378,0, 510, False, 1
3379,0, 510, False, 1
3380,0, 510, False, 1
3381,0, 510, False, 1
3382,0, 510, False, 1
3383,0, 510, False, 1
3384,0, 510, False, 1
3385,0, 510, False, 1
3386,0, 510, False, 1
3387,0, 510, False, 1
3388,0, 510, False, 1
3389,0, 510, False, 1
3390,0, 510, False, 1
3391,0, 510, False, 1
3392,0, 510, False, 1
3393,0, 510, False, 1
3394,0, 510, False, 1
3395,0, 510, False, 1
3396,0, 510, False, 1
3397,0, 510, False, 1
3398,0, 510, False, 1
3399,0, 510, False, 1
3400,0, 510, False, 1
3401,0, 510, False, 1
3402,0, 510, False, 1
3403,0, 510, False, 1
3404,0, 510, False, 1
3405,0, 510, False, 1
3406,0, 510, False, 1
3407,0, 510, False, 1
3408,0, 510, False, 1
3409,0, 510, False, 1
3410,0, 510, False, 1
3411,0, 510, False, 1
3412,0, 510, False, 1
3413,0, 510, False, 1
3414,0, 510, False, 1
3415,0, 510, False, 1
3416,0, 510, False, 1
3417,0, 510, False, 1
3418,0, 510, False, 1
3419,0, 510, False, 12
3420,0, 510, False, 12
3421,0, 510, False, 12
3422,0, 510, False, 12
3423,0, 510, False, 12
3424,0, 510, False, 12
3425,0, 510, False, 12
3426,0, 510, False, 12
3427,0, 510, False, 12
3428,0, 510, False, 12
3429,0, 510, False, 12
3430,0, 510, False, 12
3431,0, 510, False, 12
3432,0, 510, False, 12
3433,0, 510, False, 12
3434,0, 510, False, 12
3435,0, 510, False, 12
3436,0, 510, False, 12
3437,0, 510, False, 12
3438,0, 510, False, 12
3439,0, 510, False, 12
3440,0, 510, False, 12
3441,0, 510, False, 12
3442,0, 510, False, 12
3443,0, 510, False, 12
3444,0, 510, False, 12
3445,0, 510, False, 12
3446,0, 510, False, 12
3447,0, 510, False, 12
3448,0, 510, False, 12
3449,0, 510, False, 12
3450,0, 510, False, 12
3451,0, 510, False, 12
3452,0, 510, False, 12
3453,0, 510, False, 12
3454,0, 510, False, 12
3455,0, 510, False, 12
3456,0, 510, False, 12
3457,0, 510, False, 1
3458,0, 510, False, 1
3459,0, 510, False, 1
3460,0, 510, False, 1
3461,0, 510, False, 1
3462,0, 510, False, 1
3463,0, 510, False, 1
3464,0, 510, False, 1
3465,0, 510, False, 1
3466,0, 510, False, 1
3467,0, 510, False, 1
3468,0, 510, False, 1
3469,0, 510, False, 1
3470,0, 510, False, 1
3471,0, 510, False, 1
3472,0, 510, False, 1
3473,0, 510, False, 1
3474,0, 510, False, 1
3475,0, 510, False, 1
3476,0, 510, False, 1
3477,0, 510, False, 1
3478,0, 510, False, 1
3479,0, 510, False, 1
3480,0, 510, False, 1
3481,0, 510, False, 1
3482,0, 510, False, 1
3483,0, 510, False, 1
3484,0, 510, False, 1
3485,0, 510, False, 1
3486,0, 510, False, 1
3487,0, 510, False, 1
3488,0, 510, False, 1
3489,0, 510, False, 1
3490,0, 510, False, 1
3491,0, 510, False, 1
3492,0, 510, False, 1
3493,0, 510, False, 1
3494,0, 510, False, 1
3495,0, 510, False, 1
3496,0, 510, False, 1
3497,0, 510, False, 1
3498,0, 510, False, 1
3499,0, 510, False, 1
3500,0, 510, False, 1
3501,0, 510, False, 1
3502,0, 510, False, 1
3503,0, 510, False, 1
3504,0, 510, False, 1
3505,0, 510, False, 11
3506,0, 510, False, 11
3507,0, 510, False, 11
3508,0, 510, False, 11
3509,0, 510, False, 11
3510,0, 510, False, 11
3511,0, 510, False, 11
3512,0, 510, False, 11
3513,0, 510, False, 11
3514,0, 510, False, 11
3515,0, 510, False, 11
3516,0, 510, False, 11
3517,0, 510, False, 11
3518,0, 510, False, 11
3519,0, 510, False, 11
3520,0, 510, False, 1
3521,0, 510, False, 1
3522,0, 510, False, 1
3523,0, 510, False, 1
3524,0, 510, False, 1
3525,0, 510, False, 1
3526,0, 510, False, 1
3527,0, 510, False, 1
3528,0, 510, False, 1
3529,0, 510, False, 1
3530,0, 510, False, 1
3531,0, 510, False, 1
3532,0, 510, False, 1
3533,0, 510, False, 1
3534,0, 510, False, 1
3535,0, 510, False, 1
3536,0, 510, False, 1
3537,0, 510, False, 1
3538,0, 510, False, 1
3539,0, 510, False, 1
3540,0, 510, False, 1
3541,0, 510, False, 1
3542,0, 510, False, 1
3543,0, 510, False, 1
3544,0, 510, False, 1
3545,0, 510, False, 1
3546,0, 510, False, 1
3547,30, 540, False, 1
3548,0, 540, False, 1
3549,0, 540, False, 1
3550,0, 540, False, 1
3551,0, 540, False, 1
3552,0, 540, False, 1
3553,0, 540, False, 1
3554,0, 540, False, 1
3555,0, 540, False, 1
3556,0, 540, False, 1
3557,0, 540, False, 1
3558,0, 540, False, 1
3559,0, 540, False, 1
3560,0, 540, False, 1
3561,0, 540, False, 1
3562,0, 540, False, 1
3563,0, 540, False, 1
3564,0, 540, False, 1
3565,0, 540, False, 1
3566,0, 540, False, 1
3567,0, 540, False, 1
3568,0, 540, False, 1
3569,0, 540, False, 1
3570,0, 540, False, 1
3571,0, 540, False, 1
3572,0, 540, False, 1
3573,0, 540, False, 1
3574,0, 540, False, 1
3575,0, 540, False, 1
3576,0, 540, False, 1
3577,0, 540, False, 1
3578,0, 540, False, 1
3579,0, 540, False, 1
3580,0, 540, False, 1
3581,30, 570, False, 1
3582,0, 570, False, 1
3583,0, 570, False, 1
3584,0, 570, False, 1
3585,0, 570, False, 1
3586,0, 570, False, 1
3587,0, 570, False, 1
3588,0, 570, False, 1
3589,0, 570, False, 1
3590,0, 570, False, 1
3591,0, 570, False, 1
3592,0, 570, False, 1
3593,0, 570, False, 1
3594,0, 570, False, 1
3595,0, 570, False, 1
3596,0, 570, False, 1
3597,0, 570, False, 1
3598,0, 570, False, 1
3599,0, 570, False, 1
3600,0, 570, False, 1
3601,0, 570, False, 1
3602,0, 570, False, 1
3603,0, 570, False, 1
3604,0, 570, False, 1
3605,0, 570, False, 1
3606,0, 570, False, 1
3607,0, 570, False, 1
3608,0, 570, False, 1
3609,0, 570, False, 1
3610,0, 570, False, 1
3611,0, 570, False, 1
3612,0, 570, False, 1
3613,0, 570, False, 1
3614,0, 570, False, 1
3615,0, 570, False, 1
3616,0, 570, False, 1
3617,0, 570, False, 1
3618,0, 570, False, 1
3619,0, 570, False, 1
3620,0, 570, False, 1
3621,0, 570, False, 1
3622,0, 570, False, 1
3623,0, 570, False, 1
3624,0, 570, False, 1
3625,0, 570, False, 1
3626,0, 570, False, 1
3627,0, 570, False, 1
3628,0, 570, False, 1
3629,0, 570, False, 1
3630,0, 570, False, 1
3631,0, 570, False, 1
3632,0, 570, False, 1
3633,0, 570, False, 1
3634,0, 570, False, 1
3635,0, 570, False, 11
3636,0, 570, False, 11
3637,0, 570, False, 11
3638,0, 570, False, 11
3639,0, 570, False, 11
3640,0, 570, False, 11
3641,0, 570, False, 11
3642,0, 570, False, 11
3643,0, 570, False, 1
3644,0, 570, False, 1
3645,0, 570, False, 1
3646,0, 570, False, 1
3647,0, 570, False, 1
3648,0, 570, False, 1
3649,0, 570, False, 1
3650,0, 570, False, 1
3651,0, 570, False, 1
3652,0, 570, False, 1
3653,0, 570, False, 1
3654,0, 570, False, 1
3655,0, 570, False, 1
3656,0, 570, False, 1
3657,0, 570, False, 1
3658,0, 570, False, 1
3659,0, 570, False, 1
3660,0, 570, False, 1
3661,0, 570, False, 1
3662,0, 570, False, 1
3663,0, 570, False, 1
3664,0, 570, False, 1
3665,0, 570, False, 1
3666,0, 570, False, 1
3667,0, 570, False, 1
3668,0, 570, False, 1
3669,0, 570, False, 1
3670,0, 570, False, 1
3671,0, 570, False, 1
3672,0, 570, False, 1
3673,0, 570, False, 12
3674,0, 570, False, 12
3675,0, 570, False, 12
3676,0, 570, False, 12
3677,0, 570, False, 12
3678,0, 570, False, 12
3679,0, 570, False, 12
3680,0, 570, False, 12
3681,0, 570, False, 12
3682,0, 570, False, 12
3683,0, 570, False, 12
3684,0, 570, False, 12
3685,0, 570, False, 12
3686,0, 570, False, 12
3687,0, 570, False, 12
3688,0, 570, False, 12
3689,0, 570, False, 12
3690,0, 570, False, 12
3691,0, 570, False, 12
3692,0, 570, False, 12
3693,0, 570, False, 12
3694,0, 570, False, 12
3695,0, 570, False, 12
3696,0, 570, False, 12
3697,0, 570, False, 12
3698,0, 570, False, 12
3699,0, 570, False, 12
3700,0, 570, False, 1
3701,0, 570, False, 1
3702,0, 570, False, 1
3703,0, 570, False, 1
3704,0, 570, False, 1
3705,0, 570, False, 1
3706,0, 570, False, 1
3707,0, 570, False, 1
3708,0, 570, False, 1
3709,0, 570, False, 1
3710,0, 570, False, 1
3711,0, 570, False, 1
3712,0, 570, False, 1
3713,0, 570, False, 1
3714,0, 570, False, 1
3715,0, 570, False, 1
3716,0, 570, False, 12
3717,0, 570, False, 12
3718,0, 570, False, 12
3719,0, 570, False, 12
3720,0, 570, False, 12
3721,0, 570, False, 12
3722,0, 570, False, 12
3723,0, 570, False, 12
3724,0, 570, False, 12
3725,0, 570, False, 12
3726,0, 570, False, 12
3727,0, 570, False, 12
3728,0, 570, False, 12
3729,0, 570, False, 1
3730,0, 570, False, 1
3731,0, 570, False, 1
3732,0, 570, False, 1
3733,0, 570, False, 1
3734,0, 570, False, 1
3735,0, 570, False, 1
3736,0, 570, False, 1
3737,0, 570, False, 1
3738,0, 570, False, 1
3739,0, 570, False, 1
3740,0, 570, False, 1
3741,0, 570, False, 1
3742,0, 570, False, 1
3743,0, 570, False, 1
3744,0, 570, False, 1
3745,0, 570, False, 1
3746,0, 570, False, 1
3747,0, 570, False, 1
3748,0, 570, False, 1
3749,0, 570, False, 1
3750,0, 570, False, 1
3751,0, 570, False, 1
3752,0, 570, False, 1
3753,0, 570, False, 1
3754,0, 570, False, 1
3755,0, 570, False, 1
3756,0, 570, False, 1
3757,0, 570, False, 1
3758,0, 570, False, 1
3759,0, 570, False, 1
3760,0, 570, False, 1
3761,0, 570, False, 1
3762,0, 570, False, 1
3763,0, 570, False, 1
3764,0, 570, False, 1
3765,0, 570, False, 1
3766,0, 570, False, 1
3767,0, 570, False, 1
3768,0, 570, False, 1
3769,0, 570, False, 1
3770,0, 570, False, 1
3771,0, 570, False, 1
3772,0, 570, False, 1
3773,0, 570, False, 1
3774,0, 570, False, 1
3775,0, 570, False, 1
3776,0, 570, False, 1
3777,0, 570, False, 1
3778,0, 570, False, 1
3779,0, 570, False, 1
3780,0, 570, False, 1
3781,0, 570, False, 1
3782,0, 570, False, 1
3783,0, 570, False, 1
3784,0, 570, False, 1
3785,0, 570, False, 1
3786,0, 570, False, 1
3787,0, 570, False, 1
3788,0, 570, False, 1
3789,0, 570, False, 1
3790,0, 570, False, 1
3791,0, 570, False, 1
3792,0, 570, False, 1
3793,0, 570, False, 1
3794,0, 570, False, 1
3795,0, 570, False, 1
3796,0, 570, False, 1
3797,0, 570, False, 1
3798,0, 570, False, 1
3799,0, 570, False, 1
3800,0, 570, False, 1
3801,0, 570, False, 1
3802,0, 570, False, 1
3803,0, 570, False, 1
3804,0, 570, False, 1
3805,0, 570, False, 1
3806,0, 570, False, 1
3807,0, 570, False, 1
3808,0, 570, False, 1
3809,0, 570, False, 11
3810,0, 570, False, 11
3811,0, 570, False, 11
3812,0, 570, False, 11
3813,0, 570, False, 11
3814,0, 570, False, 11
3815,0, 570, False, 1
3816,0, 570, False, 1
3817,0, 570, False, 1
3818,0, 570, False, 1
3819,0, 570, False, 1
3820,0, 570, False, 1
3821,0, 570, False, 1
3822,0, 570, False, 1
3823,0, 570, False, 1
3824,0, 570, False, 1
3825,0, 570, False, 1
3826,0, 570, False, 1
3827,0, 570, False, 1
3828,0, 570, False, 1
3829,0, 570, False, 1
3830,0, 570, False, 1
3831,0, 570, False, 1
3832,0, 570, False, 1
3833,0, 570, False, 1
3834,0, 570, False, 1
3835,0, 570, False, 1
3836,0, 570, False, 1
3837,0, 570, False, 1
3838,0, 570, False, 1
3839,0, 570, False, 1
3840,0, 570, False, 1
3841,0, 570, False, 1
3842,0, 570, False, 1
3843,0, 570, False, 1
3844,0, 570, False, 1
3845,0, 570, False, 1
3846,0, 570, False, 1
3847,0, 570, False, 1
3848,0, 570, False, 1
3849,0, 570, False, 1
3850,0, 570, False, 1
3851,0, 570, False, 1
3852,0, 570, False, 1
3853,0, 570, False, 1
3854,0, 570, False, 1
3855,0, 570, False, 1
3856,0, 570, False, 1
3857,0, 570, False, 1
3858,0, 570, False, 11
3859,0, 570, False, 11
3860,0, 570, False, 11
3861,0, 570, False, 11
3862,0, 570, False, 11
3863,0, 570, False, 11
3864,0, 570, False, 11
3865,0, 570, False, 11
3866,0, 570, False, 11
3867,0, 570, False, 11
3868,0, 570, False, 11
3869,0, 570, False, 11
3870,0, 570, False, 11
3871,0, 570, False, 11
3872,0, 570, False, 11
3873,0, 570, False, 11
3874,0, 570, False, 11
3875,0, 570, False, 11
3876,0, 570, False, 11
3877,0, 570, False, 11
3878,0, 570, False, 11
3879,0, 570, False, 11
3880,0, 570, False, 11
3881,0, 570, False, 11
3882,0, 570, False, 11
3883,0, 570, False, 11
3884,0, 570, False, 11
3885,0, 570, False, 11
3886,0, 570, False, 11
3887,0, 570, False, 11
3888,0, 570, False, 11
3889,0, 570, False, 11
3890,0, 570, False, 11
3891,0, 570, False, 11
3892,0, 570, False, 11
3893,0, 570, False, 11
3894,0, 570, False, 11
3895,0, 570, False, 11
3896,0, 570, False, 11
3897,0, 570, False, 11
3898,0, 570, False, 11
3899,0, 570, False, 11
3900,0, 570, False, 11
3901,0, 570, False, 11
3902,0, 570, False, 11
3903,0, 570, False, 11
3904,0, 570, False, 11
3905,0, 570, False, 11
3906,0, 570, False, 11
3907,0, 570, False, 11
3908,0, 570, False, 11
3909,0, 570, False, 11
3910,0, 570, False, 11
3911,0, 570, False, 11
3912,0, 570, False, 11
3913,0, 570, False, 1
3914,0, 570, False, 1
3915,0, 570, False, 1
3916,0, 570, False, 1
3917,0, 570, False, 1
3918,0, 570, False, 1
3919,0, 570, False, 1
3920,0, 570, False, 1
3921,0, 570, False, 1
3922,0, 570, False, 1
3923,0, 570, False, 1
3924,0, 570, False, 1
3925,0, 570, False, 1
3926,0, 570, False, 1
3927,0, 570, False, 1
3928,0, 570, False, 1
3929,0, 570, False, 1
3930,0, 570, False, 1
3931,0, 570, False, 1
3932,0, 570, False, 1
3933,0, 570, False, 1
3934,0, 570, False, 1
3935,0, 570, False, 1
3936,0, 570, False, 1
3937,0, 570, False, 1
3938,0, 570, False, 1
3939,0, 570, False, 1
3940,0, 570, False, 1
3941,0, 570, False, 1
3942,0, 570, False, 1
3943,0, 570, False, 1
3944,0, 570, False, 1
3945,0, 570, False, 1
3946,0, 570, False, 1
3947,0, 570, False, 1
3948,0, 570, False, 1
3949,0, 570, False, 1
3950,0, 570, False, 1
3951,0, 570, False, 1
3952,0, 570, False, 1
3953,0, 570, False, 1
3954,0, 570, False, 1
3955,0, 570, False, 1
3956,0, 570, False, 1
3957,0, 570, False, 1
3958,0, 570, False, 1
3959,0, 570, False, 1
3960,0, 570, False, 1
3961,0, 570, False, 1
3962,0, 570, False, 1
3963,0, 570, False, 1
3964,0, 570, False, 1
3965,0, 570, False, 1
3966,0, 570, False, 1
3967,0, 570, False, 1
3968,0, 570, False, 1
3969,0, 570, False, 1
3970,0, 570, False, 12
3971,0, 570, False, 12
3972,0, 570, False, 12
3973,0, 570, False, 12
3974,0, 570, False, 12
3975,0, 570, False, 12
3976,0, 570, False, 12
3977,0, 570, True, 12
