db traj id : 1998
frame,reward,score,terminal, action
0,0, 0, False, 0
1,0, 0, False, 0
2,0, 0, False, 0
3,0, 0, False, 0
4,0, 0, False, 0
5,0, 0, False, 0
6,0, 0, False, 0
7,0, 0, False, 0
8,0, 0, False, 0
9,0, 0, False, 0
10,0, 0, False, 0
11,0, 0, False, 0
12,0, 0, False, 0
13,0, 0, False, 0
14,0, 0, False, 0
15,0, 0, False, 0
16,0, 0, False, 0
17,0, 0, False, 0
18,0, 0, False, 0
19,0, 0, False, 0
20,0, 0, False, 0
21,0, 0, False, 0
22,0, 0, False, 0
23,0, 0, False, 0
24,0, 0, False, 0
25,0, 0, False, 0
26,0, 0, False, 0
27,0, 0, False, 3
28,0, 0, False, 3
29,0, 0, False, 3
30,0, 0, False, 3
31,0, 0, False, 3
32,0, 0, False, 3
33,0, 0, False, 3
34,0, 0, False, 3
35,0, 0, False, 3
36,0, 0, False, 3
37,0, 0, False, 3
38,0, 0, False, 3
39,0, 0, False, 3
40,0, 0, False, 0
41,0, 0, False, 0
42,0, 0, False, 0
43,0, 0, False, 0
44,0, 0, False, 0
45,0, 0, False, 0
46,0, 0, False, 0
47,0, 0, False, 0
48,0, 0, False, 0
49,0, 0, False, 0
50,0, 0, False, 0
51,0, 0, False, 0
52,0, 0, False, 0
53,0, 0, False, 0
54,0, 0, False, 0
55,0, 0, False, 0
56,0, 0, False, 0
57,0, 0, False, 0
58,0, 0, False, 0
59,0, 0, False, 0
60,0, 0, False, 0
61,0, 0, False, 0
62,0, 0, False, 0
63,0, 0, False, 0
64,0, 0, False, 0
65,0, 0, False, 0
66,0, 0, False, 0
67,0, 0, False, 0
68,0, 0, False, 0
69,0, 0, False, 0
70,0, 0, False, 0
71,0, 0, False, 0
72,0, 0, False, 0
73,0, 0, False, 1
74,0, 0, False, 1
75,0, 0, False, 1
76,0, 0, False, 1
77,0, 0, False, 1
78,0, 0, False, 1
79,0, 0, False, 1
80,0, 0, False, 1
81,0, 0, False, 1
82,0, 0, False, 1
83,0, 0, False, 1
84,0, 0, False, 1
85,0, 0, False, 1
86,0, 0, False, 1
87,0, 0, False, 1
88,0, 0, False, 1
89,0, 0, False, 1
90,0, 0, False, 1
91,0, 0, False, 1
92,0, 0, False, 1
93,0, 0, False, 1
94,0, 0, False, 1
95,0, 0, False, 1
96,0, 0, False, 1
97,0, 0, False, 1
98,0, 0, False, 1
99,0, 0, False, 1
100,0, 0, False, 1
101,0, 0, False, 1
102,0, 0, False, 1
103,0, 0, False, 1
104,0, 0, False, 1
105,0, 0, False, 1
106,0, 0, False, 1
107,0, 0, False, 1
108,0, 0, False, 1
109,0, 0, False, 1
110,0, 0, False, 1
111,0, 0, False, 1
112,0, 0, False, 1
113,0, 0, False, 1
114,0, 0, False, 1
115,0, 0, False, 1
116,0, 0, False, 1
117,0, 0, False, 1
118,0, 0, False, 1
119,0, 0, False, 1
120,0, 0, False, 1
121,0, 0, False, 1
122,0, 0, False, 1
123,0, 0, False, 1
124,0, 0, False, 1
125,0, 0, False, 1
126,0, 0, False, 1
127,0, 0, False, 1
128,0, 0, False, 1
129,0, 0, False, 1
130,0, 0, False, 1
131,0, 0, False, 1
132,0, 0, False, 1
133,0, 0, False, 1
134,0, 0, False, 1
135,0, 0, False, 1
136,0, 0, False, 1
137,0, 0, False, 1
138,0, 0, False, 1
139,0, 0, False, 1
140,0, 0, False, 1
141,0, 0, False, 1
142,0, 0, False, 1
143,0, 0, False, 1
144,0, 0, False, 1
145,0, 0, False, 1
146,0, 0, False, 1
147,0, 0, False, 1
148,0, 0, False, 1
149,0, 0, False, 1
150,0, 0, False, 1
151,0, 0, False, 1
152,0, 0, False, 1
153,0, 0, False, 1
154,0, 0, False, 1
155,0, 0, False, 1
156,0, 0, False, 1
157,0, 0, False, 1
158,0, 0, False, 1
159,0, 0, False, 1
160,0, 0, False, 1
161,0, 0, False, 1
162,0, 0, False, 1
163,0, 0, False, 1
164,0, 0, False, 1
165,0, 0, False, 1
166,0, 0, False, 1
167,0, 0, False, 1
168,0, 0, False, 1
169,0, 0, False, 1
170,0, 0, False, 1
171,0, 0, False, 1
172,0, 0, False, 1
173,0, 0, False, 1
174,0, 0, False, 1
175,0, 0, False, 1
176,0, 0, False, 1
177,0, 0, False, 1
178,0, 0, False, 1
179,0, 0, False, 1
180,0, 0, False, 1
181,0, 0, False, 1
182,0, 0, False, 1
183,0, 0, False, 1
184,0, 0, False, 1
185,0, 0, False, 1
186,0, 0, False, 1
187,0, 0, False, 1
188,0, 0, False, 1
189,0, 0, False, 1
190,0, 0, False, 1
191,0, 0, False, 1
192,0, 0, False, 1
193,0, 0, False, 1
194,0, 0, False, 1
195,0, 0, False, 1
196,0, 0, False, 1
197,0, 0, False, 1
198,0, 0, False, 1
199,0, 0, False, 1
200,0, 0, False, 1
201,0, 0, False, 1
202,0, 0, False, 1
203,0, 0, False, 1
204,0, 0, False, 1
205,0, 0, False, 1
206,0, 0, False, 1
207,0, 0, False, 1
208,0, 0, False, 1
209,0, 0, False, 1
210,0, 0, False, 1
211,0, 0, False, 1
212,0, 0, False, 1
213,0, 0, False, 1
214,0, 0, False, 1
215,0, 0, False, 1
216,0, 0, False, 1
217,0, 0, False, 1
218,0, 0, False, 1
219,0, 0, False, 1
220,0, 0, False, 1
221,0, 0, False, 1
222,0, 0, False, 1
223,0, 0, False, 1
224,0, 0, False, 1
225,0, 0, False, 1
226,0, 0, False, 1
227,0, 0, False, 1
228,0, 0, False, 1
229,0, 0, False, 1
230,0, 0, False, 1
231,0, 0, False, 1
232,0, 0, False, 1
233,0, 0, False, 1
234,0, 0, False, 1
235,0, 0, False, 1
236,0, 0, False, 1
237,0, 0, False, 1
238,0, 0, False, 1
239,0, 0, False, 1
240,0, 0, False, 1
241,0, 0, False, 1
242,0, 0, False, 1
243,0, 0, False, 1
244,0, 0, False, 1
245,0, 0, False, 1
246,0, 0, False, 1
247,0, 0, False, 1
248,0, 0, False, 1
249,0, 0, False, 1
250,0, 0, False, 1
251,0, 0, False, 1
252,0, 0, False, 1
253,0, 0, False, 1
254,0, 0, False, 1
255,0, 0, False, 1
256,0, 0, False, 1
257,0, 0, False, 1
258,0, 0, False, 1
259,0, 0, False, 1
260,0, 0, False, 1
261,0, 0, False, 1
262,0, 0, False, 1
263,0, 0, False, 1
264,0, 0, False, 1
265,0, 0, False, 1
266,0, 0, False, 1
267,0, 0, False, 1
268,0, 0, False, 1
269,0, 0, False, 1
270,0, 0, False, 1
271,0, 0, False, 1
272,0, 0, False, 1
273,0, 0, False, 1
274,0, 0, False, 1
275,0, 0, False, 1
276,0, 0, False, 1
277,0, 0, False, 1
278,0, 0, False, 1
279,0, 0, False, 1
280,0, 0, False, 1
281,0, 0, False, 1
282,0, 0, False, 1
283,0, 0, False, 1
284,0, 0, False, 1
285,0, 0, False, 1
286,0, 0, False, 1
287,0, 0, False, 1
288,0, 0, False, 1
289,0, 0, False, 1
290,0, 0, False, 1
291,0, 0, False, 1
292,0, 0, False, 1
293,0, 0, False, 1
294,0, 0, False, 1
295,0, 0, False, 1
296,0, 0, False, 1
297,0, 0, False, 1
298,0, 0, False, 1
299,0, 0, False, 1
300,0, 0, False, 1
301,0, 0, False, 1
302,0, 0, False, 1
303,0, 0, False, 1
304,0, 0, False, 1
305,0, 0, False, 1
306,0, 0, False, 1
307,0, 0, False, 1
308,0, 0, False, 1
309,0, 0, False, 1
310,0, 0, False, 1
311,0, 0, False, 1
312,0, 0, False, 1
313,0, 0, False, 1
314,0, 0, False, 1
315,0, 0, False, 1
316,0, 0, False, 1
317,0, 0, False, 1
318,0, 0, False, 1
319,0, 0, False, 1
320,0, 0, False, 1
321,0, 0, False, 1
322,0, 0, False, 1
323,0, 0, False, 1
324,0, 0, False, 1
325,0, 0, False, 1
326,0, 0, False, 1
327,0, 0, False, 1
328,0, 0, False, 1
329,0, 0, False, 1
330,0, 0, False, 1
331,0, 0, False, 1
332,0, 0, False, 1
333,0, 0, False, 1
334,0, 0, False, 1
335,0, 0, False, 1
336,0, 0, False, 1
337,0, 0, False, 1
338,0, 0, False, 1
339,0, 0, False, 1
340,0, 0, False, 1
341,0, 0, False, 1
342,0, 0, False, 1
343,0, 0, False, 1
344,0, 0, False, 1
345,0, 0, False, 1
346,0, 0, False, 1
347,0, 0, False, 1
348,0, 0, False, 1
349,0, 0, False, 1
350,0, 0, False, 1
351,0, 0, False, 1
352,0, 0, False, 1
353,0, 0, False, 1
354,0, 0, False, 1
355,0, 0, False, 1
356,0, 0, False, 1
357,0, 0, False, 1
358,0, 0, False, 1
359,0, 0, False, 1
360,0, 0, False, 1
361,0, 0, False, 1
362,0, 0, False, 1
363,0, 0, False, 1
364,0, 0, False, 1
365,0, 0, False, 1
366,0, 0, False, 1
367,0, 0, False, 1
368,0, 0, False, 1
369,0, 0, False, 1
370,0, 0, False, 1
371,0, 0, False, 1
372,0, 0, False, 1
373,0, 0, False, 1
374,0, 0, False, 1
375,0, 0, False, 1
376,0, 0, False, 1
377,0, 0, False, 1
378,0, 0, False, 1
379,0, 0, False, 1
380,0, 0, False, 1
381,0, 0, False, 1
382,0, 0, False, 1
383,0, 0, False, 1
384,0, 0, False, 1
385,0, 0, False, 1
386,0, 0, False, 1
387,0, 0, False, 1
388,0, 0, False, 1
389,0, 0, False, 1
390,0, 0, False, 1
391,0, 0, False, 1
392,0, 0, False, 1
393,0, 0, False, 1
394,0, 0, False, 1
395,0, 0, False, 1
396,0, 0, False, 1
397,0, 0, False, 1
398,0, 0, False, 1
399,0, 0, False, 1
400,0, 0, False, 1
401,0, 0, False, 1
402,0, 0, False, 1
403,0, 0, False, 1
404,0, 0, False, 1
405,5, 5, False, 1
406,0, 5, False, 1
407,0, 5, False, 1
408,0, 5, False, 1
409,0, 5, False, 1
410,0, 5, False, 1
411,0, 5, False, 1
412,0, 5, False, 1
413,0, 5, False, 1
414,0, 5, False, 1
415,0, 5, False, 1
416,0, 5, False, 1
417,0, 5, False, 1
418,0, 5, False, 1
419,0, 5, False, 1
420,0, 5, False, 1
421,0, 5, False, 1
422,0, 5, False, 1
423,0, 5, False, 1
424,0, 5, False, 1
425,0, 5, False, 1
426,0, 5, False, 1
427,0, 5, False, 1
428,0, 5, False, 1
429,0, 5, False, 1
430,0, 5, False, 1
431,0, 5, False, 1
432,0, 5, False, 1
433,0, 5, False, 1
434,0, 5, False, 1
435,0, 5, False, 1
436,0, 5, False, 1
437,0, 5, False, 1
438,0, 5, False, 1
439,10, 15, False, 1
440,0, 15, False, 1
441,0, 15, False, 1
442,0, 15, False, 1
443,0, 15, False, 1
444,0, 15, False, 1
445,0, 15, False, 1
446,0, 15, False, 1
447,0, 15, False, 1
448,0, 15, False, 1
449,0, 15, False, 1
450,0, 15, False, 1
451,0, 15, False, 1
452,0, 15, False, 1
453,0, 15, False, 1
454,0, 15, False, 1
455,0, 15, False, 1
456,0, 15, False, 1
457,0, 15, False, 1
458,0, 15, False, 1
459,0, 15, False, 1
460,0, 15, False, 1
461,0, 15, False, 1
462,0, 15, False, 1
463,0, 15, False, 1
464,0, 15, False, 1
465,0, 15, False, 1
466,0, 15, False, 1
467,0, 15, False, 1
468,0, 15, False, 1
469,0, 15, False, 1
470,0, 15, False, 0
471,0, 15, False, 0
472,0, 15, False, 0
473,0, 15, False, 0
474,0, 15, False, 0
475,0, 15, False, 3
476,0, 15, False, 3
477,0, 15, False, 3
478,0, 15, False, 3
479,0, 15, False, 3
480,0, 15, False, 3
481,0, 15, False, 3
482,0, 15, False, 3
483,0, 15, False, 3
484,0, 15, False, 3
485,15, 30, False, 3
486,0, 30, False, 3
487,0, 30, False, 3
488,0, 30, False, 3
489,0, 30, False, 3
490,0, 30, False, 3
491,0, 30, False, 3
492,0, 30, False, 3
493,0, 30, False, 3
494,0, 30, False, 3
495,0, 30, False, 3
496,0, 30, False, 3
497,0, 30, False, 3
498,0, 30, False, 0
499,0, 30, False, 0
500,0, 30, False, 0
501,0, 30, False, 0
502,0, 30, False, 0
503,0, 30, False, 0
504,0, 30, False, 0
505,0, 30, False, 0
506,0, 30, False, 0
507,0, 30, False, 0
508,0, 30, False, 0
509,0, 30, False, 0
510,0, 30, False, 0
511,0, 30, False, 0
512,0, 30, False, 3
513,0, 30, False, 3
514,0, 30, False, 3
515,0, 30, False, 3
516,0, 30, False, 3
517,0, 30, False, 3
518,0, 30, False, 3
519,0, 30, False, 3
520,0, 30, False, 3
521,0, 30, False, 3
522,0, 30, False, 3
523,0, 30, False, 3
524,0, 30, False, 3
525,0, 30, False, 3
526,0, 30, False, 3
527,0, 30, False, 3
528,0, 30, False, 3
529,0, 30, False, 3
530,0, 30, False, 3
531,0, 30, False, 3
532,0, 30, False, 3
533,0, 30, False, 11
534,0, 30, False, 11
535,0, 30, False, 11
536,0, 30, False, 1
537,0, 30, False, 1
538,0, 30, False, 1
539,0, 30, False, 1
540,0, 30, False, 1
541,0, 30, False, 1
542,0, 30, False, 1
543,0, 30, False, 1
544,0, 30, False, 1
545,0, 30, False, 1
546,0, 30, False, 1
547,0, 30, False, 1
548,0, 30, False, 1
549,0, 30, False, 1
550,0, 30, False, 1
551,0, 30, False, 1
552,0, 30, False, 1
553,0, 30, False, 1
554,0, 30, False, 1
555,0, 30, False, 1
556,0, 30, False, 1
557,0, 30, False, 1
558,0, 30, False, 1
559,0, 30, False, 1
560,0, 30, False, 1
561,0, 30, False, 1
562,0, 30, False, 1
563,0, 30, False, 1
564,0, 30, False, 1
565,0, 30, False, 1
566,0, 30, False, 1
567,0, 30, False, 1
568,0, 30, False, 1
569,0, 30, False, 1
570,0, 30, False, 1
571,0, 30, False, 1
572,0, 30, False, 1
573,0, 30, False, 1
574,0, 30, False, 1
575,0, 30, False, 1
576,0, 30, False, 1
577,0, 30, False, 1
578,0, 30, False, 1
579,0, 30, False, 1
580,0, 30, False, 1
581,0, 30, False, 1
582,0, 30, False, 1
583,0, 30, False, 1
584,0, 30, False, 1
585,0, 30, False, 1
586,0, 30, False, 1
587,0, 30, False, 1
588,0, 30, False, 1
589,0, 30, False, 1
590,0, 30, False, 1
591,0, 30, False, 1
592,0, 30, False, 1
593,0, 30, False, 1
594,0, 30, False, 1
595,0, 30, False, 1
596,0, 30, False, 1
597,0, 30, False, 1
598,0, 30, False, 1
599,0, 30, False, 1
600,0, 30, False, 1
601,0, 30, False, 1
602,0, 30, False, 1
603,0, 30, False, 1
604,0, 30, False, 1
605,0, 30, False, 1
606,0, 30, False, 1
607,0, 30, False, 1
608,0, 30, False, 1
609,30, 60, False, 1
610,0, 60, False, 1
611,0, 60, False, 1
612,0, 60, False, 1
613,0, 60, False, 1
614,0, 60, False, 1
615,0, 60, False, 1
616,0, 60, False, 1
617,0, 60, False, 1
618,0, 60, False, 1
619,0, 60, False, 1
620,0, 60, False, 1
621,0, 60, False, 1
622,0, 60, False, 1
623,0, 60, False, 1
624,0, 60, False, 1
625,0, 60, False, 1
626,0, 60, False, 1
627,0, 60, False, 1
628,0, 60, False, 0
629,0, 60, False, 0
630,0, 60, False, 0
631,0, 60, False, 0
632,0, 60, False, 3
633,0, 60, False, 3
634,0, 60, False, 3
635,0, 60, False, 3
636,0, 60, False, 3
637,0, 60, False, 3
638,0, 60, False, 3
639,0, 60, False, 3
640,0, 60, False, 3
641,0, 60, False, 3
642,0, 60, False, 3
643,0, 60, False, 3
644,0, 60, False, 3
645,10, 70, False, 3
646,0, 70, False, 3
647,0, 70, False, 0
648,0, 70, False, 0
649,0, 70, False, 0
650,0, 70, False, 0
651,0, 70, False, 0
652,0, 70, False, 0
653,0, 70, False, 0
654,0, 70, False, 0
655,0, 70, False, 0
656,0, 70, False, 0
657,0, 70, False, 0
658,0, 70, False, 0
659,0, 70, False, 0
660,0, 70, False, 0
661,0, 70, False, 0
662,0, 70, False, 0
663,0, 70, False, 0
664,0, 70, False, 0
665,0, 70, False, 0
666,0, 70, False, 0
667,0, 70, False, 0
668,0, 70, False, 0
669,0, 70, False, 0
670,0, 70, False, 0
671,0, 70, False, 0
672,0, 70, False, 1
673,0, 70, False, 1
674,0, 70, False, 1
675,0, 70, False, 1
676,0, 70, False, 1
677,0, 70, False, 1
678,0, 70, False, 1
679,0, 70, False, 1
680,0, 70, False, 1
681,0, 70, False, 1
682,0, 70, False, 1
683,0, 70, False, 1
684,0, 70, False, 1
685,0, 70, False, 1
686,0, 70, False, 1
687,0, 70, False, 1
688,0, 70, False, 1
689,0, 70, False, 1
690,0, 70, False, 1
691,0, 70, False, 1
692,0, 70, False, 1
693,0, 70, False, 1
694,0, 70, False, 1
695,0, 70, False, 1
696,0, 70, False, 1
697,0, 70, False, 1
698,0, 70, False, 1
699,0, 70, False, 1
700,0, 70, False, 1
701,0, 70, False, 1
702,0, 70, False, 1
703,0, 70, False, 1
704,0, 70, False, 1
705,0, 70, False, 1
706,0, 70, False, 1
707,0, 70, False, 1
708,0, 70, False, 1
709,0, 70, False, 1
710,0, 70, False, 1
711,0, 70, False, 1
712,0, 70, False, 1
713,0, 70, False, 1
714,0, 70, False, 1
715,0, 70, False, 1
716,0, 70, False, 1
717,0, 70, False, 1
718,0, 70, False, 1
719,0, 70, False, 1
720,0, 70, False, 1
721,0, 70, False, 1
722,0, 70, False, 1
723,0, 70, False, 1
724,0, 70, False, 1
725,0, 70, False, 1
726,0, 70, False, 1
727,0, 70, False, 1
728,0, 70, False, 1
729,0, 70, False, 1
730,0, 70, False, 1
731,0, 70, False, 1
732,0, 70, False, 1
733,0, 70, False, 1
734,0, 70, False, 1
735,0, 70, False, 1
736,0, 70, False, 1
737,0, 70, False, 1
738,0, 70, False, 1
739,0, 70, False, 1
740,0, 70, False, 1
741,0, 70, False, 1
742,0, 70, False, 1
743,0, 70, False, 1
744,0, 70, False, 1
745,0, 70, False, 1
746,0, 70, False, 1
747,0, 70, False, 1
748,0, 70, False, 1
749,0, 70, False, 1
750,0, 70, False, 1
751,0, 70, False, 1
752,0, 70, False, 1
753,0, 70, False, 1
754,0, 70, False, 1
755,0, 70, False, 1
756,0, 70, False, 1
757,0, 70, False, 1
758,0, 70, False, 1
759,0, 70, False, 1
760,0, 70, False, 1
761,0, 70, False, 1
762,0, 70, False, 1
763,0, 70, False, 1
764,0, 70, False, 1
765,0, 70, False, 1
766,0, 70, False, 1
767,0, 70, False, 1
768,0, 70, False, 1
769,0, 70, False, 1
770,0, 70, False, 1
771,0, 70, False, 1
772,0, 70, False, 1
773,0, 70, False, 1
774,0, 70, False, 1
775,0, 70, False, 1
776,0, 70, False, 1
777,0, 70, False, 1
778,0, 70, False, 1
779,0, 70, False, 1
780,0, 70, False, 1
781,0, 70, False, 1
782,0, 70, False, 1
783,0, 70, False, 1
784,0, 70, False, 1
785,0, 70, False, 1
786,0, 70, False, 1
787,0, 70, False, 1
788,0, 70, False, 1
789,0, 70, False, 1
790,0, 70, False, 1
791,0, 70, False, 1
792,0, 70, False, 1
793,0, 70, False, 1
794,0, 70, False, 1
795,0, 70, False, 1
796,0, 70, False, 1
797,0, 70, False, 1
798,0, 70, False, 1
799,0, 70, False, 1
800,0, 70, False, 1
801,0, 70, False, 1
802,0, 70, False, 1
803,0, 70, False, 1
804,0, 70, False, 1
805,0, 70, False, 1
806,0, 70, False, 1
807,0, 70, False, 1
808,0, 70, False, 1
809,0, 70, False, 1
810,0, 70, False, 1
811,0, 70, False, 1
812,0, 70, False, 1
813,0, 70, False, 1
814,0, 70, False, 1
815,0, 70, False, 1
816,0, 70, False, 1
817,0, 70, False, 1
818,0, 70, False, 1
819,0, 70, False, 1
820,0, 70, False, 1
821,0, 70, False, 1
822,0, 70, False, 1
823,0, 70, False, 1
824,0, 70, False, 1
825,0, 70, False, 1
826,0, 70, False, 1
827,0, 70, False, 1
828,0, 70, False, 1
829,0, 70, False, 1
830,0, 70, False, 1
831,0, 70, False, 1
832,0, 70, False, 1
833,0, 70, False, 1
834,0, 70, False, 1
835,0, 70, False, 1
836,0, 70, False, 1
837,0, 70, False, 1
838,0, 70, False, 1
839,0, 70, False, 1
840,0, 70, False, 1
841,0, 70, False, 1
842,0, 70, False, 1
843,0, 70, False, 1
844,0, 70, False, 1
845,0, 70, False, 1
846,0, 70, False, 1
847,0, 70, False, 1
848,0, 70, False, 1
849,0, 70, False, 1
850,0, 70, False, 1
851,0, 70, False, 1
852,0, 70, False, 1
853,0, 70, False, 1
854,0, 70, False, 1
855,0, 70, False, 1
856,0, 70, False, 1
857,0, 70, False, 1
858,0, 70, False, 1
859,0, 70, False, 1
860,0, 70, False, 1
861,0, 70, False, 1
862,0, 70, False, 1
863,0, 70, False, 1
864,0, 70, False, 1
865,0, 70, False, 1
866,0, 70, False, 1
867,5, 75, False, 1
868,0, 75, False, 1
869,0, 75, False, 1
870,0, 75, False, 1
871,0, 75, False, 1
872,0, 75, False, 1
873,0, 75, False, 1
874,0, 75, False, 1
875,0, 75, False, 1
876,0, 75, False, 1
877,0, 75, False, 1
878,0, 75, False, 1
879,0, 75, False, 1
880,0, 75, False, 1
881,0, 75, False, 1
882,0, 75, False, 1
883,0, 75, False, 1
884,0, 75, False, 1
885,0, 75, False, 1
886,0, 75, False, 1
887,0, 75, False, 1
888,0, 75, False, 1
889,0, 75, False, 1
890,0, 75, False, 1
891,0, 75, False, 1
892,0, 75, False, 1
893,0, 75, False, 1
894,0, 75, False, 1
895,0, 75, False, 1
896,0, 75, False, 1
897,0, 75, False, 1
898,0, 75, False, 1
899,0, 75, False, 1
900,0, 75, False, 1
901,0, 75, False, 1
902,0, 75, False, 1
903,0, 75, False, 1
904,0, 75, False, 1
905,0, 75, False, 1
906,0, 75, False, 1
907,0, 75, False, 1
908,0, 75, False, 1
909,0, 75, False, 1
910,0, 75, False, 1
911,15, 90, False, 1
912,0, 90, False, 1
913,0, 90, False, 1
914,0, 90, False, 1
915,0, 90, False, 1
916,0, 90, False, 1
917,0, 90, False, 1
918,0, 90, False, 1
919,0, 90, False, 1
920,0, 90, False, 1
921,0, 90, False, 1
922,0, 90, False, 1
923,0, 90, False, 1
924,0, 90, False, 1
925,0, 90, False, 1
926,0, 90, False, 1
927,0, 90, False, 1
928,0, 90, False, 1
929,0, 90, False, 1
930,0, 90, False, 1
931,0, 90, False, 1
932,0, 90, False, 1
933,0, 90, False, 1
934,0, 90, False, 1
935,0, 90, False, 0
936,0, 90, False, 0
937,0, 90, False, 0
938,0, 90, False, 0
939,0, 90, False, 0
940,0, 90, False, 0
941,0, 90, False, 0
942,0, 90, False, 0
943,0, 90, False, 0
944,0, 90, False, 3
945,0, 90, False, 3
946,0, 90, False, 3
947,0, 90, False, 3
948,0, 90, False, 3
949,0, 90, False, 3
950,0, 90, False, 3
951,0, 90, False, 3
952,0, 90, False, 3
953,0, 90, False, 3
954,0, 90, False, 3
955,0, 90, False, 3
956,0, 90, False, 3
957,0, 90, False, 3
958,0, 90, False, 3
959,0, 90, False, 3
960,0, 90, False, 3
961,20, 110, False, 3
962,0, 110, False, 3
963,0, 110, False, 3
964,0, 110, False, 3
965,0, 110, False, 3
966,0, 110, False, 3
967,0, 110, False, 3
968,0, 110, False, 3
969,0, 110, False, 3
970,0, 110, False, 3
971,0, 110, False, 3
972,0, 110, False, 3
973,0, 110, False, 3
974,0, 110, False, 3
975,0, 110, False, 3
976,0, 110, False, 3
977,0, 110, False, 3
978,0, 110, False, 3
979,0, 110, False, 3
980,0, 110, False, 3
981,0, 110, False, 3
982,0, 110, False, 3
983,0, 110, False, 3
984,0, 110, False, 3
985,0, 110, False, 3
986,0, 110, False, 3
987,0, 110, False, 3
988,0, 110, False, 0
989,0, 110, False, 1
990,0, 110, False, 1
991,0, 110, False, 1
992,0, 110, False, 1
993,0, 110, False, 1
994,0, 110, False, 1
995,0, 110, False, 1
996,0, 110, False, 1
997,0, 110, False, 1
998,0, 110, False, 1
999,0, 110, False, 1
1000,0, 110, False, 1
1001,0, 110, False, 1
1002,0, 110, False, 1
1003,0, 110, False, 1
1004,0, 110, False, 1
1005,0, 110, False, 1
1006,0, 110, False, 1
1007,0, 110, False, 1
1008,0, 110, False, 1
1009,0, 110, False, 1
1010,0, 110, False, 1
1011,0, 110, False, 1
1012,0, 110, False, 1
1013,0, 110, False, 1
1014,0, 110, False, 1
1015,0, 110, False, 1
1016,0, 110, False, 1
1017,0, 110, False, 1
1018,0, 110, False, 1
1019,0, 110, False, 1
1020,0, 110, False, 1
1021,0, 110, False, 1
1022,0, 110, False, 1
1023,0, 110, False, 1
1024,0, 110, False, 1
1025,0, 110, False, 1
1026,0, 110, False, 1
1027,0, 110, False, 1
1028,0, 110, False, 1
1029,0, 110, False, 1
1030,0, 110, False, 1
1031,0, 110, False, 1
1032,0, 110, False, 1
1033,0, 110, False, 1
1034,0, 110, False, 1
1035,0, 110, False, 1
1036,0, 110, False, 1
1037,0, 110, False, 1
1038,0, 110, False, 1
1039,0, 110, False, 1
1040,0, 110, False, 1
1041,0, 110, False, 1
1042,0, 110, False, 1
1043,0, 110, False, 1
1044,0, 110, False, 1
1045,0, 110, False, 1
1046,0, 110, False, 1
1047,0, 110, False, 1
1048,0, 110, False, 1
1049,0, 110, False, 1
1050,0, 110, False, 1
1051,0, 110, False, 1
1052,0, 110, False, 1
1053,0, 110, False, 1
1054,0, 110, False, 1
1055,0, 110, False, 1
1056,0, 110, False, 1
1057,0, 110, False, 1
1058,0, 110, False, 1
1059,0, 110, False, 1
1060,0, 110, False, 1
1061,0, 110, False, 1
1062,0, 110, False, 1
1063,0, 110, False, 1
1064,0, 110, False, 1
1065,0, 110, False, 1
1066,0, 110, False, 1
1067,0, 110, False, 1
1068,0, 110, False, 1
1069,0, 110, False, 1
1070,0, 110, False, 1
1071,0, 110, False, 1
1072,0, 110, False, 1
1073,0, 110, False, 1
1074,0, 110, False, 1
1075,0, 110, False, 1
1076,0, 110, False, 1
1077,0, 110, False, 1
1078,0, 110, False, 1
1079,0, 110, False, 1
1080,0, 110, False, 1
1081,0, 110, False, 1
1082,0, 110, False, 1
1083,0, 110, False, 1
1084,0, 110, False, 1
1085,0, 110, False, 1
1086,0, 110, False, 1
1087,0, 110, False, 1
1088,0, 110, False, 1
1089,0, 110, False, 1
1090,0, 110, False, 1
1091,0, 110, False, 1
1092,0, 110, False, 1
1093,0, 110, False, 1
1094,0, 110, False, 1
1095,0, 110, False, 1
1096,0, 110, False, 1
1097,0, 110, False, 1
1098,0, 110, False, 1
1099,0, 110, False, 1
1100,0, 110, False, 1
1101,0, 110, False, 1
1102,0, 110, False, 1
1103,0, 110, False, 1
1104,0, 110, False, 1
1105,0, 110, False, 1
1106,0, 110, False, 1
1107,0, 110, False, 1
1108,0, 110, False, 1
1109,0, 110, False, 1
1110,0, 110, False, 1
1111,0, 110, False, 1
1112,0, 110, False, 1
1113,0, 110, False, 1
1114,0, 110, False, 1
1115,0, 110, False, 1
1116,0, 110, False, 1
1117,0, 110, False, 1
1118,0, 110, False, 1
1119,0, 110, False, 1
1120,0, 110, False, 1
1121,0, 110, False, 1
1122,0, 110, False, 1
1123,0, 110, False, 1
1124,0, 110, False, 1
1125,0, 110, False, 1
1126,0, 110, False, 1
1127,0, 110, False, 1
1128,0, 110, False, 1
1129,0, 110, False, 1
1130,0, 110, False, 1
1131,0, 110, False, 1
1132,0, 110, False, 1
1133,0, 110, False, 1
1134,0, 110, False, 1
1135,0, 110, False, 1
1136,0, 110, False, 1
1137,0, 110, False, 1
1138,0, 110, False, 1
1139,0, 110, False, 1
1140,0, 110, False, 1
1141,0, 110, False, 1
1142,0, 110, False, 1
1143,0, 110, False, 1
1144,0, 110, False, 1
1145,0, 110, False, 1
1146,0, 110, False, 1
1147,0, 110, False, 1
1148,0, 110, False, 1
1149,0, 110, False, 1
1150,0, 110, False, 1
1151,0, 110, False, 1
1152,0, 110, False, 1
1153,0, 110, False, 1
1154,0, 110, False, 1
1155,0, 110, False, 1
1156,0, 110, False, 1
1157,0, 110, False, 1
1158,0, 110, False, 1
1159,0, 110, False, 1
1160,0, 110, False, 1
1161,0, 110, False, 1
1162,0, 110, False, 1
1163,0, 110, False, 1
1164,0, 110, False, 1
1165,0, 110, False, 1
1166,0, 110, False, 1
1167,0, 110, False, 1
1168,0, 110, False, 1
1169,0, 110, False, 1
1170,0, 110, False, 1
1171,0, 110, False, 1
1172,0, 110, False, 1
1173,0, 110, False, 1
1174,0, 110, False, 1
1175,0, 110, False, 1
1176,0, 110, False, 1
1177,0, 110, False, 1
1178,0, 110, False, 1
1179,0, 110, False, 1
1180,0, 110, False, 1
1181,5, 115, False, 1
1182,0, 115, False, 1
1183,0, 115, False, 1
1184,0, 115, False, 1
1185,0, 115, False, 1
1186,0, 115, False, 1
1187,0, 115, False, 1
1188,0, 115, False, 1
1189,0, 115, False, 1
1190,0, 115, False, 1
1191,0, 115, False, 1
1192,0, 115, False, 1
1193,0, 115, False, 1
1194,0, 115, False, 1
1195,0, 115, False, 1
1196,0, 115, False, 1
1197,0, 115, False, 1
1198,0, 115, False, 1
1199,0, 115, False, 1
1200,0, 115, False, 1
1201,0, 115, False, 1
1202,0, 115, False, 1
1203,0, 115, False, 1
1204,0, 115, False, 1
1205,0, 115, False, 1
1206,0, 115, False, 1
1207,0, 115, False, 1
1208,0, 115, False, 1
1209,0, 115, False, 1
1210,0, 115, False, 1
1211,10, 125, False, 1
1212,0, 125, False, 1
1213,0, 125, False, 1
1214,0, 125, False, 1
1215,0, 125, False, 1
1216,0, 125, False, 1
1217,0, 125, False, 1
1218,0, 125, False, 1
1219,0, 125, False, 1
1220,0, 125, False, 1
1221,0, 125, False, 1
1222,0, 125, False, 1
1223,0, 125, False, 1
1224,0, 125, False, 1
1225,0, 125, False, 1
1226,0, 125, False, 1
1227,0, 125, False, 1
1228,0, 125, False, 1
1229,0, 125, False, 1
1230,0, 125, False, 1
1231,0, 125, False, 1
1232,0, 125, False, 1
1233,0, 125, False, 1
1234,0, 125, False, 1
1235,0, 125, False, 1
1236,0, 125, False, 1
1237,0, 125, False, 1
1238,0, 125, False, 1
1239,0, 125, False, 1
1240,0, 125, False, 1
1241,0, 125, False, 1
1242,0, 125, False, 1
1243,0, 125, False, 1
1244,0, 125, False, 1
1245,0, 125, False, 1
1246,0, 125, False, 1
1247,0, 125, False, 1
1248,0, 125, False, 1
1249,0, 125, False, 1
1250,0, 125, False, 1
1251,15, 140, False, 1
1252,0, 140, False, 1
1253,0, 140, False, 1
1254,0, 140, False, 1
1255,0, 140, False, 1
1256,0, 140, False, 1
1257,0, 140, False, 1
1258,0, 140, False, 1
1259,0, 140, False, 1
1260,0, 140, False, 1
1261,0, 140, False, 1
1262,0, 140, False, 1
1263,0, 140, False, 1
1264,0, 140, False, 1
1265,0, 140, False, 1
1266,0, 140, False, 1
1267,0, 140, False, 1
1268,0, 140, False, 1
1269,0, 140, False, 1
1270,0, 140, False, 1
1271,0, 140, False, 1
1272,0, 140, False, 1
1273,0, 140, False, 1
1274,0, 140, False, 1
1275,0, 140, False, 1
1276,0, 140, False, 1
1277,0, 140, False, 1
1278,0, 140, False, 1
1279,0, 140, False, 1
1280,0, 140, False, 1
1281,0, 140, False, 1
1282,0, 140, False, 1
1283,0, 140, False, 1
1284,0, 140, False, 1
1285,0, 140, False, 1
1286,0, 140, False, 1
1287,0, 140, False, 1
1288,0, 140, False, 1
1289,0, 140, False, 1
1290,0, 140, False, 1
1291,0, 140, False, 1
1292,0, 140, False, 1
1293,0, 140, False, 1
1294,0, 140, False, 1
1295,0, 140, False, 1
1296,0, 140, False, 1
1297,0, 140, False, 1
1298,0, 140, False, 1
1299,0, 140, False, 1
1300,0, 140, False, 1
1301,20, 160, False, 1
1302,0, 160, False, 1
1303,0, 160, False, 1
1304,0, 160, False, 1
1305,0, 160, False, 0
1306,0, 160, False, 0
1307,0, 160, False, 0
1308,0, 160, False, 0
1309,0, 160, False, 0
1310,0, 160, False, 0
1311,0, 160, False, 4
1312,0, 160, False, 4
1313,0, 160, False, 4
1314,0, 160, False, 4
1315,0, 160, False, 4
1316,0, 160, False, 4
1317,0, 160, False, 4
1318,0, 160, False, 4
1319,0, 160, False, 4
1320,0, 160, False, 4
1321,0, 160, False, 4
1322,0, 160, False, 4
1323,0, 160, False, 4
1324,0, 160, False, 4
1325,0, 160, False, 4
1326,0, 160, False, 4
1327,0, 160, False, 4
1328,0, 160, False, 4
1329,0, 160, False, 4
1330,0, 160, False, 4
1331,0, 160, False, 4
1332,0, 160, False, 4
1333,0, 160, False, 4
1334,0, 160, False, 4
1335,0, 160, False, 4
1336,0, 160, False, 4
1337,0, 160, False, 4
1338,0, 160, False, 0
1339,0, 160, False, 0
1340,0, 160, False, 0
1341,0, 160, False, 0
1342,0, 160, False, 0
1343,0, 160, False, 0
1344,0, 160, False, 0
1345,0, 160, False, 0
1346,0, 160, False, 0
1347,0, 160, False, 0
1348,0, 160, False, 0
1349,0, 160, False, 0
1350,0, 160, False, 0
1351,0, 160, False, 0
1352,0, 160, False, 0
1353,0, 160, False, 0
1354,0, 160, False, 0
1355,0, 160, False, 0
1356,0, 160, False, 0
1357,25, 185, False, 0
1358,0, 185, False, 0
1359,0, 185, False, 0
1360,0, 185, False, 0
1361,0, 185, False, 0
1362,0, 185, False, 0
1363,0, 185, False, 0
1364,0, 185, False, 0
1365,0, 185, False, 0
1366,0, 185, False, 0
1367,0, 185, False, 0
1368,0, 185, False, 0
1369,0, 185, False, 0
1370,0, 185, False, 0
1371,0, 185, False, 0
1372,0, 185, False, 0
1373,0, 185, False, 0
1374,0, 185, False, 0
1375,0, 185, False, 0
1376,0, 185, False, 0
1377,0, 185, False, 0
1378,0, 185, False, 0
1379,0, 185, False, 0
1380,0, 185, False, 0
1381,0, 185, False, 0
1382,0, 185, False, 0
1383,0, 185, False, 0
1384,0, 185, False, 0
1385,0, 185, False, 0
1386,0, 185, False, 0
1387,0, 185, False, 0
1388,0, 185, False, 0
1389,0, 185, False, 0
1390,0, 185, False, 0
1391,0, 185, False, 0
1392,0, 185, False, 0
1393,0, 185, False, 0
1394,0, 185, False, 0
1395,0, 185, False, 0
1396,0, 185, False, 0
1397,0, 185, False, 0
1398,0, 185, False, 0
1399,0, 185, False, 0
1400,0, 185, False, 0
1401,0, 185, False, 0
1402,0, 185, False, 0
1403,0, 185, False, 0
1404,0, 185, False, 0
1405,0, 185, False, 0
1406,0, 185, False, 0
1407,0, 185, False, 0
1408,0, 185, False, 0
1409,0, 185, False, 0
1410,0, 185, False, 0
1411,0, 185, False, 0
1412,0, 185, False, 0
1413,0, 185, False, 0
1414,0, 185, False, 1
1415,0, 185, False, 1
1416,0, 185, False, 1
1417,0, 185, False, 1
1418,0, 185, False, 1
1419,0, 185, False, 1
1420,0, 185, False, 1
1421,0, 185, False, 1
1422,0, 185, False, 1
1423,0, 185, False, 1
1424,0, 185, False, 1
1425,0, 185, False, 1
1426,0, 185, False, 1
1427,0, 185, False, 1
1428,0, 185, False, 1
1429,0, 185, False, 1
1430,0, 185, False, 1
1431,0, 185, False, 1
1432,0, 185, False, 1
1433,0, 185, False, 1
1434,0, 185, False, 1
1435,0, 185, False, 1
1436,0, 185, False, 1
1437,0, 185, False, 1
1438,0, 185, False, 1
1439,0, 185, False, 1
1440,0, 185, False, 0
1441,0, 185, False, 0
1442,0, 185, False, 0
1443,0, 185, False, 0
1444,0, 185, False, 0
1445,0, 185, False, 4
1446,0, 185, False, 4
1447,0, 185, False, 4
1448,0, 185, False, 4
1449,0, 185, False, 4
1450,0, 185, False, 4
1451,0, 185, False, 4
1452,0, 185, False, 4
1453,0, 185, False, 4
1454,0, 185, False, 4
1455,0, 185, False, 4
1456,0, 185, False, 4
1457,0, 185, False, 4
1458,0, 185, False, 4
1459,0, 185, False, 4
1460,0, 185, False, 4
1461,0, 185, False, 4
1462,0, 185, False, 4
1463,0, 185, False, 4
1464,0, 185, False, 0
1465,0, 185, False, 0
1466,0, 185, False, 0
1467,0, 185, False, 0
1468,0, 185, False, 0
1469,0, 185, False, 0
1470,0, 185, False, 0
1471,0, 185, False, 0
1472,0, 185, False, 0
1473,0, 185, False, 0
1474,0, 185, False, 0
1475,0, 185, False, 1
1476,0, 185, False, 1
1477,0, 185, False, 1
1478,0, 185, False, 1
1479,0, 185, False, 1
1480,0, 185, False, 1
1481,0, 185, False, 1
1482,0, 185, False, 1
1483,0, 185, False, 1
1484,0, 185, False, 1
1485,0, 185, False, 1
1486,0, 185, False, 1
1487,0, 185, False, 1
1488,0, 185, False, 1
1489,0, 185, False, 1
1490,0, 185, False, 1
1491,0, 185, False, 1
1492,0, 185, False, 1
1493,0, 185, False, 1
1494,0, 185, False, 1
1495,0, 185, False, 1
1496,0, 185, False, 1
1497,5, 190, False, 1
1498,0, 190, False, 1
1499,0, 190, False, 1
1500,0, 190, False, 1
1501,0, 190, False, 1
1502,0, 190, False, 1
1503,0, 190, False, 1
1504,0, 190, False, 1
1505,0, 190, False, 1
1506,0, 190, False, 1
1507,0, 190, False, 1
1508,0, 190, False, 1
1509,0, 190, False, 1
1510,0, 190, False, 1
1511,0, 190, False, 1
1512,0, 190, False, 1
1513,0, 190, False, 1
1514,0, 190, False, 1
1515,0, 190, False, 1
1516,0, 190, False, 1
1517,0, 190, False, 1
1518,0, 190, False, 1
1519,0, 190, False, 1
1520,0, 190, False, 1
1521,0, 190, False, 1
1522,0, 190, False, 1
1523,0, 190, False, 1
1524,0, 190, False, 1
1525,0, 190, False, 1
1526,0, 190, False, 1
1527,10, 200, False, 1
1528,0, 200, False, 1
1529,0, 200, False, 1
1530,0, 200, False, 1
1531,0, 200, False, 1
1532,0, 200, False, 1
1533,0, 200, False, 1
1534,0, 200, False, 1
1535,0, 200, False, 1
1536,0, 200, False, 1
1537,0, 200, False, 1
1538,0, 200, False, 1
1539,0, 200, False, 1
1540,0, 200, False, 1
1541,0, 200, False, 1
1542,0, 200, False, 1
1543,0, 200, False, 1
1544,0, 200, False, 1
1545,0, 200, False, 1
1546,0, 200, False, 1
1547,0, 200, False, 1
1548,0, 200, False, 1
1549,0, 200, False, 1
1550,0, 200, False, 1
1551,0, 200, False, 1
1552,0, 200, False, 0
1553,0, 200, False, 0
1554,0, 200, False, 3
1555,0, 200, False, 3
1556,0, 200, False, 3
1557,0, 200, False, 3
1558,0, 200, False, 3
1559,0, 200, False, 3
1560,0, 200, False, 3
1561,0, 200, False, 3
1562,0, 200, False, 3
1563,0, 200, False, 3
1564,0, 200, False, 3
1565,15, 215, False, 3
1566,0, 215, False, 3
1567,0, 215, False, 3
1568,0, 215, False, 3
1569,0, 215, False, 3
1570,0, 215, False, 3
1571,0, 215, False, 3
1572,0, 215, False, 3
1573,0, 215, False, 3
1574,0, 215, False, 3
1575,0, 215, False, 3
1576,0, 215, False, 3
1577,0, 215, False, 3
1578,0, 215, False, 3
1579,0, 215, False, 3
1580,0, 215, False, 3
1581,0, 215, False, 3
1582,0, 215, False, 3
1583,0, 215, False, 3
1584,0, 215, False, 3
1585,0, 215, False, 3
1586,0, 215, False, 3
1587,0, 215, False, 3
1588,0, 215, False, 3
1589,0, 215, False, 3
1590,0, 215, False, 3
1591,0, 215, False, 3
1592,0, 215, False, 3
1593,0, 215, False, 3
1594,0, 215, False, 3
1595,0, 215, False, 3
1596,0, 215, False, 3
1597,0, 215, False, 3
1598,0, 215, False, 0
1599,0, 215, False, 1
1600,0, 215, False, 1
1601,0, 215, False, 1
1602,0, 215, False, 1
1603,0, 215, False, 1
1604,0, 215, False, 1
1605,0, 215, False, 1
1606,0, 215, False, 1
1607,0, 215, False, 1
1608,0, 215, False, 1
1609,0, 215, False, 1
1610,0, 215, False, 1
1611,0, 215, False, 1
1612,0, 215, False, 1
1613,0, 215, False, 1
1614,0, 215, False, 1
1615,0, 215, False, 1
1616,0, 215, False, 1
1617,0, 215, False, 1
1618,0, 215, False, 1
1619,0, 215, False, 1
1620,0, 215, False, 1
1621,5, 220, False, 1
1622,0, 220, False, 1
1623,0, 220, False, 1
1624,0, 220, False, 1
1625,0, 220, False, 1
1626,0, 220, False, 1
1627,0, 220, False, 1
1628,0, 220, False, 1
1629,0, 220, False, 1
1630,0, 220, False, 1
1631,0, 220, False, 1
1632,0, 220, False, 1
1633,0, 220, False, 1
1634,0, 220, False, 1
1635,0, 220, False, 1
1636,0, 220, False, 1
1637,0, 220, False, 1
1638,0, 220, False, 1
1639,0, 220, False, 1
1640,0, 220, False, 1
1641,0, 220, False, 1
1642,0, 220, False, 1
1643,0, 220, False, 1
1644,0, 220, False, 1
1645,10, 230, False, 1
1646,0, 230, False, 1
1647,0, 230, False, 1
1648,0, 230, False, 1
1649,0, 230, False, 1
1650,0, 230, False, 1
1651,0, 230, False, 1
1652,0, 230, False, 1
1653,0, 230, False, 1
1654,0, 230, False, 1
1655,0, 230, False, 1
1656,0, 230, False, 1
1657,0, 230, False, 1
1658,0, 230, False, 1
1659,0, 230, False, 1
1660,0, 230, False, 1
1661,0, 230, False, 1
1662,0, 230, False, 1
1663,0, 230, False, 1
1664,0, 230, False, 1
1665,0, 230, False, 1
1666,0, 230, False, 0
1667,0, 230, False, 4
1668,0, 230, False, 4
1669,0, 230, False, 4
1670,0, 230, False, 4
1671,0, 230, False, 4
1672,0, 230, False, 4
1673,0, 230, False, 4
1674,0, 230, False, 4
1675,0, 230, False, 4
1676,0, 230, False, 4
1677,0, 230, False, 4
1678,0, 230, False, 4
1679,15, 245, False, 4
1680,0, 245, False, 4
1681,0, 245, False, 4
1682,0, 245, False, 4
1683,0, 245, False, 4
1684,0, 245, False, 4
1685,0, 245, False, 4
1686,0, 245, False, 4
1687,0, 245, False, 4
1688,0, 245, False, 4
1689,0, 245, False, 4
1690,0, 245, False, 4
1691,0, 245, False, 4
1692,0, 245, False, 4
1693,0, 245, False, 4
1694,0, 245, False, 4
1695,0, 245, False, 4
1696,0, 245, False, 4
1697,0, 245, False, 4
1698,0, 245, False, 4
1699,0, 245, False, 4
1700,0, 245, False, 4
1701,0, 245, False, 4
1702,0, 245, False, 4
1703,0, 245, False, 4
1704,0, 245, False, 4
1705,0, 245, False, 4
1706,0, 245, False, 4
1707,0, 245, False, 4
1708,0, 245, False, 4
1709,0, 245, False, 4
1710,0, 245, False, 4
1711,0, 245, False, 4
1712,0, 245, False, 4
1713,0, 245, False, 0
1714,0, 245, False, 0
1715,0, 245, False, 1
1716,0, 245, False, 1
1717,0, 245, False, 1
1718,0, 245, False, 1
1719,0, 245, False, 1
1720,0, 245, False, 1
1721,0, 245, False, 1
1722,0, 245, False, 1
1723,0, 245, False, 1
1724,0, 245, False, 1
1725,0, 245, False, 1
1726,0, 245, False, 1
1727,0, 245, False, 1
1728,0, 245, False, 1
1729,0, 245, False, 1
1730,0, 245, False, 1
1731,0, 245, False, 1
1732,0, 245, False, 1
1733,0, 245, False, 1
1734,0, 245, False, 1
1735,0, 245, False, 1
1736,0, 245, False, 1
1737,0, 245, False, 1
1738,0, 245, False, 1
1739,0, 245, False, 1
1740,0, 245, False, 1
1741,0, 245, False, 1
1742,0, 245, False, 1
1743,0, 245, False, 1
1744,0, 245, False, 1
1745,0, 245, False, 1
1746,0, 245, False, 1
1747,0, 245, False, 1
1748,0, 245, False, 1
1749,0, 245, False, 1
1750,0, 245, False, 1
1751,0, 245, False, 1
1752,0, 245, False, 1
1753,0, 245, False, 1
1754,0, 245, False, 1
1755,0, 245, False, 1
1756,0, 245, False, 1
1757,20, 265, False, 1
1758,0, 265, False, 1
1759,0, 265, False, 1
1760,0, 265, False, 1
1761,0, 265, False, 1
1762,0, 265, False, 1
1763,0, 265, False, 1
1764,0, 265, False, 1
1765,0, 265, False, 1
1766,0, 265, False, 1
1767,0, 265, False, 1
1768,0, 265, False, 1
1769,0, 265, False, 1
1770,0, 265, False, 1
1771,0, 265, False, 1
1772,0, 265, False, 1
1773,0, 265, False, 1
1774,0, 265, False, 1
1775,0, 265, False, 1
1776,0, 265, False, 1
1777,0, 265, False, 1
1778,0, 265, False, 1
1779,0, 265, False, 1
1780,0, 265, False, 1
1781,0, 265, False, 1
1782,0, 265, False, 1
1783,0, 265, False, 1
1784,0, 265, False, 1
1785,0, 265, False, 1
1786,0, 265, False, 1
1787,0, 265, False, 1
1788,0, 265, False, 1
1789,0, 265, False, 1
1790,0, 265, False, 1
1791,0, 265, False, 1
1792,0, 265, False, 1
1793,0, 265, False, 1
1794,0, 265, False, 1
1795,0, 265, False, 1
1796,0, 265, False, 1
1797,0, 265, False, 1
1798,0, 265, False, 1
1799,0, 265, False, 1
1800,0, 265, False, 1
1801,0, 265, False, 1
1802,0, 265, False, 1
1803,0, 265, False, 1
1804,0, 265, False, 1
1805,0, 265, False, 1
1806,0, 265, False, 1
1807,0, 265, False, 1
1808,0, 265, False, 1
1809,0, 265, False, 1
1810,0, 265, False, 1
1811,0, 265, False, 1
1812,0, 265, False, 1
1813,0, 265, False, 1
1814,0, 265, False, 1
1815,0, 265, False, 1
1816,0, 265, False, 1
1817,0, 265, False, 1
1818,0, 265, False, 1
1819,0, 265, False, 1
1820,0, 265, False, 1
1821,0, 265, False, 1
1822,0, 265, False, 1
1823,0, 265, False, 1
1824,0, 265, False, 1
1825,0, 265, False, 1
1826,0, 265, False, 1
1827,0, 265, False, 1
1828,0, 265, False, 1
1829,0, 265, False, 1
1830,0, 265, False, 1
1831,0, 265, False, 1
1832,0, 265, False, 1
1833,0, 265, False, 1
1834,0, 265, False, 1
1835,0, 265, False, 1
1836,0, 265, False, 1
1837,0, 265, False, 1
1838,0, 265, False, 1
1839,0, 265, False, 1
1840,0, 265, False, 1
1841,0, 265, False, 1
1842,0, 265, False, 1
1843,0, 265, False, 1
1844,0, 265, False, 1
1845,0, 265, False, 1
1846,0, 265, False, 1
1847,0, 265, False, 1
1848,0, 265, False, 1
1849,0, 265, False, 1
1850,0, 265, False, 1
1851,0, 265, False, 1
1852,0, 265, False, 1
1853,0, 265, False, 1
1854,0, 265, False, 1
1855,0, 265, False, 1
1856,0, 265, False, 1
1857,0, 265, False, 1
1858,0, 265, False, 1
1859,0, 265, False, 1
1860,0, 265, False, 4
1861,0, 265, False, 4
1862,0, 265, False, 4
1863,0, 265, False, 4
1864,0, 265, False, 4
1865,0, 265, False, 4
1866,0, 265, False, 4
1867,0, 265, False, 4
1868,0, 265, False, 4
1869,0, 265, False, 4
1870,0, 265, False, 0
1871,0, 265, False, 0
1872,0, 265, False, 0
1873,0, 265, False, 0
1874,0, 265, False, 0
1875,0, 265, False, 0
1876,0, 265, False, 0
1877,0, 265, False, 0
1878,0, 265, False, 0
1879,0, 265, False, 0
1880,0, 265, False, 0
1881,0, 265, False, 0
1882,0, 265, False, 0
1883,0, 265, False, 0
1884,0, 265, False, 0
1885,0, 265, False, 0
1886,0, 265, False, 0
1887,0, 265, False, 0
1888,0, 265, False, 0
1889,0, 265, False, 0
1890,0, 265, False, 0
1891,0, 265, False, 0
1892,0, 265, False, 0
1893,25, 290, False, 0
1894,0, 290, False, 0
1895,0, 290, False, 0
1896,0, 290, False, 1
1897,0, 290, False, 1
1898,0, 290, False, 1
1899,0, 290, False, 1
1900,0, 290, False, 1
1901,0, 290, False, 1
1902,0, 290, False, 1
1903,0, 290, False, 1
1904,0, 290, False, 1
1905,0, 290, False, 1
1906,0, 290, False, 1
1907,0, 290, False, 1
1908,0, 290, False, 1
1909,0, 290, False, 1
1910,0, 290, False, 1
1911,0, 290, False, 1
1912,0, 290, False, 1
1913,0, 290, False, 1
1914,0, 290, False, 1
1915,0, 290, False, 1
1916,0, 290, False, 1
1917,0, 290, False, 1
1918,0, 290, False, 1
1919,0, 290, False, 1
1920,0, 290, False, 1
1921,0, 290, False, 1
1922,0, 290, False, 1
1923,0, 290, False, 1
1924,0, 290, False, 1
1925,0, 290, False, 1
1926,0, 290, False, 1
1927,0, 290, False, 1
1928,0, 290, False, 1
1929,0, 290, False, 1
1930,0, 290, False, 1
1931,0, 290, False, 1
1932,0, 290, False, 1
1933,0, 290, False, 1
1934,0, 290, False, 12
1935,0, 290, False, 12
1936,0, 290, False, 12
1937,0, 290, False, 12
1938,0, 290, False, 12
1939,0, 290, False, 1
1940,0, 290, False, 1
1941,0, 290, False, 1
1942,0, 290, False, 1
1943,0, 290, False, 1
1944,0, 290, False, 1
1945,0, 290, False, 1
1946,0, 290, False, 1
1947,0, 290, False, 1
1948,0, 290, False, 1
1949,0, 290, False, 1
1950,0, 290, False, 1
1951,0, 290, False, 1
1952,0, 290, False, 1
1953,0, 290, False, 1
1954,0, 290, False, 1
1955,0, 290, False, 1
1956,0, 290, False, 1
1957,0, 290, False, 1
1958,0, 290, False, 1
1959,0, 290, False, 1
1960,0, 290, False, 1
1961,0, 290, False, 1
1962,0, 290, False, 1
1963,0, 290, False, 1
1964,0, 290, False, 1
1965,0, 290, False, 1
1966,0, 290, False, 1
1967,0, 290, False, 1
1968,0, 290, False, 1
1969,0, 290, False, 1
1970,0, 290, False, 1
1971,0, 290, False, 1
1972,0, 290, False, 1
1973,0, 290, False, 12
1974,0, 290, False, 12
1975,0, 290, False, 12
1976,0, 290, False, 4
1977,0, 290, False, 4
1978,0, 290, False, 4
1979,0, 290, False, 4
1980,0, 290, False, 4
1981,0, 290, False, 4
1982,0, 290, False, 4
1983,0, 290, False, 4
1984,0, 290, False, 4
1985,0, 290, False, 4
1986,0, 290, False, 4
1987,0, 290, False, 4
1988,0, 290, False, 4
1989,0, 290, False, 4
1990,0, 290, False, 4
1991,0, 290, False, 4
1992,0, 290, False, 4
1993,0, 290, False, 4
1994,0, 290, False, 4
1995,0, 290, False, 4
1996,0, 290, False, 4
1997,0, 290, False, 4
1998,0, 290, False, 4
1999,0, 290, False, 4
2000,0, 290, False, 4
2001,0, 290, False, 4
2002,0, 290, False, 4
2003,0, 290, False, 4
2004,0, 290, False, 4
2005,0, 290, False, 12
2006,0, 290, False, 12
2007,0, 290, False, 12
2008,0, 290, False, 12
2009,0, 290, False, 1
2010,0, 290, False, 1
2011,0, 290, False, 1
2012,0, 290, False, 1
2013,0, 290, False, 1
2014,0, 290, False, 1
2015,0, 290, False, 1
2016,0, 290, False, 0
2017,0, 290, False, 0
2018,0, 290, False, 0
2019,0, 290, False, 0
2020,0, 290, False, 0
2021,0, 290, False, 0
2022,0, 290, False, 0
2023,0, 290, False, 0
2024,0, 290, False, 0
2025,0, 290, False, 1
2026,0, 290, False, 1
2027,0, 290, False, 1
2028,0, 290, False, 1
2029,0, 290, False, 1
2030,0, 290, False, 1
2031,0, 290, False, 0
2032,0, 290, False, 0
2033,0, 290, False, 0
2034,0, 290, False, 0
2035,0, 290, False, 0
2036,0, 290, False, 0
2037,0, 290, False, 0
2038,0, 290, False, 0
2039,0, 290, False, 1
2040,0, 290, False, 1
2041,0, 290, False, 1
2042,0, 290, False, 1
2043,20, 310, False, 1
2044,0, 310, False, 1
2045,0, 310, False, 0
2046,0, 310, False, 0
2047,0, 310, False, 0
2048,0, 310, False, 0
2049,0, 310, False, 0
2050,0, 310, False, 0
2051,0, 310, False, 0
2052,0, 310, False, 0
2053,0, 310, False, 1
2054,0, 310, False, 1
2055,0, 310, False, 1
2056,0, 310, False, 1
2057,0, 310, False, 0
2058,0, 310, False, 0
2059,0, 310, False, 0
2060,0, 310, False, 0
2061,0, 310, False, 0
2062,0, 310, False, 0
2063,0, 310, False, 0
2064,0, 310, False, 1
2065,0, 310, False, 1
2066,0, 310, False, 1
2067,0, 310, False, 1
2068,0, 310, False, 0
2069,0, 310, False, 0
2070,0, 310, False, 0
2071,0, 310, False, 0
2072,0, 310, False, 0
2073,0, 310, False, 0
2074,0, 310, False, 0
2075,0, 310, False, 0
2076,0, 310, False, 0
2077,0, 310, False, 0
2078,0, 310, False, 0
2079,0, 310, False, 0
2080,0, 310, False, 1
2081,0, 310, False, 1
2082,0, 310, False, 1
2083,0, 310, False, 0
2084,0, 310, False, 0
2085,0, 310, False, 0
2086,0, 310, False, 0
2087,0, 310, False, 0
2088,0, 310, False, 0
2089,0, 310, False, 0
2090,0, 310, False, 0
2091,25, 335, False, 0
2092,0, 335, False, 0
2093,0, 335, False, 1
2094,0, 335, False, 1
2095,0, 335, False, 1
2096,0, 335, False, 0
2097,0, 335, False, 0
2098,0, 335, False, 0
2099,0, 335, False, 0
2100,0, 335, False, 0
2101,0, 335, False, 0
2102,0, 335, False, 0
2103,0, 335, False, 0
2104,0, 335, False, 0
2105,0, 335, False, 0
2106,0, 335, False, 1
2107,0, 335, False, 1
2108,0, 335, False, 1
2109,0, 335, False, 0
2110,0, 335, False, 0
2111,0, 335, False, 0
2112,0, 335, False, 0
2113,0, 335, False, 0
2114,0, 335, False, 0
2115,0, 335, False, 0
2116,0, 335, False, 0
2117,0, 335, False, 0
2118,0, 335, False, 0
2119,0, 335, False, 0
2120,0, 335, False, 0
2121,0, 335, False, 0
2122,0, 335, False, 3
2123,0, 335, False, 3
2124,0, 335, False, 3
2125,0, 335, False, 3
2126,0, 335, False, 3
2127,0, 335, False, 3
2128,0, 335, False, 3
2129,0, 335, False, 3
2130,0, 335, False, 3
2131,0, 335, False, 3
2132,0, 335, False, 3
2133,0, 335, False, 3
2134,0, 335, False, 3
2135,0, 335, False, 3
2136,0, 335, False, 3
2137,0, 335, False, 3
2138,0, 335, False, 3
2139,0, 335, False, 3
2140,0, 335, False, 3
2141,0, 335, False, 3
2142,0, 335, False, 3
2143,0, 335, False, 3
2144,0, 335, False, 3
2145,0, 335, False, 3
2146,0, 335, False, 3
2147,0, 335, False, 3
2148,0, 335, False, 3
2149,0, 335, False, 3
2150,0, 335, False, 3
2151,0, 335, False, 1
2152,0, 335, False, 1
2153,0, 335, False, 1
2154,0, 335, False, 1
2155,0, 335, False, 1
2156,0, 335, False, 1
2157,0, 335, False, 1
2158,0, 335, False, 1
2159,0, 335, False, 1
2160,0, 335, False, 1
2161,0, 335, False, 1
2162,0, 335, False, 1
2163,0, 335, False, 1
2164,0, 335, False, 1
2165,0, 335, False, 1
2166,0, 335, False, 1
2167,0, 335, False, 1
2168,0, 335, False, 1
2169,0, 335, False, 1
2170,0, 335, False, 1
2171,0, 335, False, 1
2172,0, 335, False, 1
2173,0, 335, False, 1
2174,0, 335, False, 1
2175,0, 335, False, 1
2176,0, 335, False, 1
2177,0, 335, False, 1
2178,0, 335, False, 1
2179,0, 335, False, 1
2180,0, 335, False, 1
2181,0, 335, False, 1
2182,0, 335, False, 1
2183,0, 335, False, 1
2184,0, 335, False, 1
2185,0, 335, False, 1
2186,0, 335, False, 11
2187,0, 335, False, 11
2188,0, 335, False, 3
2189,0, 335, False, 3
2190,0, 335, False, 3
2191,0, 335, False, 3
2192,0, 335, False, 0
2193,0, 335, False, 0
2194,0, 335, False, 0
2195,0, 335, False, 0
2196,0, 335, False, 1
2197,0, 335, False, 1
2198,0, 335, False, 1
2199,0, 335, False, 1
2200,0, 335, False, 1
2201,0, 335, False, 1
2202,0, 335, False, 0
2203,0, 335, False, 0
2204,0, 335, False, 0
2205,0, 335, False, 0
2206,0, 335, False, 0
2207,0, 335, False, 0
2208,0, 335, False, 0
2209,0, 335, False, 0
2210,0, 335, False, 0
2211,0, 335, False, 0
2212,0, 335, False, 0
2213,0, 335, False, 0
2214,0, 335, False, 0
2215,0, 335, False, 0
2216,0, 335, False, 0
2217,0, 335, False, 0
2218,0, 335, False, 0
2219,0, 335, False, 0
2220,0, 335, False, 1
2221,0, 335, False, 1
2222,0, 335, False, 1
2223,0, 335, False, 1
2224,0, 335, False, 1
2225,25, 360, False, 1
2226,0, 360, False, 1
2227,0, 360, False, 1
2228,0, 360, False, 0
2229,0, 360, False, 0
2230,0, 360, False, 0
2231,0, 360, False, 0
2232,0, 360, False, 0
2233,0, 360, False, 0
2234,0, 360, False, 0
2235,0, 360, False, 0
2236,0, 360, False, 1
2237,0, 360, False, 1
2238,0, 360, False, 1
2239,0, 360, False, 1
2240,0, 360, False, 1
2241,0, 360, False, 1
2242,0, 360, False, 0
2243,0, 360, False, 0
2244,0, 360, False, 0
2245,0, 360, False, 0
2246,0, 360, False, 0
2247,0, 360, False, 0
2248,0, 360, False, 0
2249,0, 360, False, 0
2250,0, 360, False, 0
2251,0, 360, False, 0
2252,0, 360, False, 0
2253,0, 360, False, 0
2254,0, 360, False, 0
2255,0, 360, False, 0
2256,0, 360, False, 0
2257,0, 360, False, 0
2258,0, 360, False, 0
2259,0, 360, False, 0
2260,0, 360, False, 0
2261,0, 360, False, 0
2262,0, 360, False, 0
2263,0, 360, False, 0
2264,0, 360, False, 0
2265,0, 360, False, 0
2266,0, 360, False, 0
2267,0, 360, False, 0
2268,0, 360, False, 0
2269,0, 360, False, 0
2270,0, 360, False, 0
2271,0, 360, False, 0
2272,0, 360, False, 0
2273,0, 360, False, 0
2274,0, 360, False, 0
2275,0, 360, False, 1
2276,0, 360, False, 1
2277,30, 390, False, 1
2278,0, 390, False, 1
2279,0, 390, False, 11
2280,0, 390, False, 11
2281,0, 390, False, 11
2282,0, 390, False, 3
2283,0, 390, False, 3
2284,0, 390, False, 3
2285,0, 390, False, 3
2286,0, 390, False, 3
2287,0, 390, False, 3
2288,0, 390, False, 3
2289,0, 390, False, 3
2290,0, 390, False, 3
2291,0, 390, False, 3
2292,0, 390, False, 3
2293,0, 390, False, 3
2294,0, 390, False, 3
2295,0, 390, False, 3
2296,0, 390, False, 0
2297,0, 390, False, 0
2298,0, 390, False, 0
2299,0, 390, False, 0
2300,0, 390, False, 0
2301,0, 390, False, 0
2302,0, 390, False, 0
2303,0, 390, False, 0
2304,0, 390, False, 0
2305,0, 390, False, 0
2306,0, 390, False, 0
2307,0, 390, False, 0
2308,0, 390, False, 0
2309,0, 390, False, 3
2310,0, 390, False, 3
2311,0, 390, False, 3
2312,0, 390, False, 3
2313,0, 390, False, 3
2314,0, 390, False, 3
2315,0, 390, False, 3
2316,0, 390, False, 3
2317,0, 390, False, 3
2318,0, 390, False, 3
2319,0, 390, False, 3
2320,0, 390, False, 3
2321,0, 390, False, 3
2322,0, 390, False, 3
2323,0, 390, False, 3
2324,0, 390, False, 3
2325,0, 390, False, 3
2326,0, 390, False, 3
2327,0, 390, False, 3
2328,0, 390, False, 3
2329,0, 390, False, 3
2330,0, 390, False, 3
2331,0, 390, False, 3
2332,0, 390, False, 3
2333,0, 390, False, 3
2334,0, 390, False, 3
2335,0, 390, False, 3
2336,0, 390, False, 3
2337,0, 390, False, 3
2338,0, 390, False, 3
2339,0, 390, False, 3
2340,0, 390, False, 3
2341,0, 390, False, 3
2342,0, 390, False, 3
2343,0, 390, False, 3
2344,0, 390, False, 3
2345,0, 390, False, 3
2346,0, 390, False, 3
2347,0, 390, False, 3
2348,0, 390, False, 3
2349,0, 390, False, 3
2350,0, 390, False, 11
2351,0, 390, False, 11
2352,0, 390, False, 11
2353,0, 390, False, 11
2354,0, 390, False, 11
2355,0, 390, False, 11
2356,0, 390, False, 11
2357,0, 390, False, 11
2358,0, 390, False, 11
2359,0, 390, False, 3
2360,0, 390, False, 3
2361,0, 390, False, 3
2362,0, 390, False, 3
2363,0, 390, False, 3
2364,0, 390, False, 3
2365,0, 390, False, 3
2366,0, 390, False, 3
2367,0, 390, False, 3
2368,0, 390, False, 3
2369,0, 390, False, 3
2370,0, 390, False, 3
2371,0, 390, False, 3
2372,0, 390, False, 3
2373,0, 390, False, 0
2374,0, 390, False, 0
2375,0, 390, False, 0
2376,0, 390, False, 0
2377,0, 390, False, 0
2378,0, 390, False, 0
2379,0, 390, False, 0
2380,0, 390, False, 0
2381,0, 390, False, 0
2382,0, 390, False, 0
2383,0, 390, False, 0
2384,0, 390, False, 1
2385,0, 390, False, 1
2386,0, 390, False, 1
2387,0, 390, False, 1
2388,0, 390, False, 1
2389,0, 390, False, 1
2390,0, 390, False, 11
2391,0, 390, False, 11
2392,0, 390, False, 11
2393,0, 390, False, 3
2394,0, 390, False, 3
2395,0, 390, False, 3
2396,0, 390, False, 3
2397,0, 390, False, 3
2398,0, 390, False, 3
2399,0, 390, False, 3
2400,0, 390, False, 3
2401,0, 390, False, 3
2402,0, 390, False, 3
2403,0, 390, False, 3
2404,0, 390, False, 0
2405,0, 390, False, 0
2406,0, 390, False, 0
2407,0, 390, False, 0
2408,0, 390, False, 0
2409,0, 390, False, 0
2410,0, 390, False, 0
2411,0, 390, False, 0
2412,0, 390, False, 0
2413,0, 390, False, 0
2414,0, 390, False, 0
2415,0, 390, False, 3
2416,0, 390, False, 3
2417,0, 390, False, 3
2418,0, 390, False, 3
2419,0, 390, False, 3
2420,0, 390, False, 3
2421,0, 390, False, 3
2422,0, 390, False, 3
2423,0, 390, False, 3
2424,0, 390, False, 3
2425,0, 390, False, 3
2426,0, 390, False, 0
2427,0, 390, False, 0
2428,0, 390, False, 0
2429,0, 390, False, 1
2430,0, 390, False, 1
2431,0, 390, False, 1
2432,0, 390, False, 1
2433,0, 390, False, 1
2434,0, 390, False, 0
2435,0, 390, False, 0
2436,0, 390, False, 0
2437,0, 390, False, 0
2438,0, 390, False, 0
2439,0, 390, False, 0
2440,0, 390, False, 0
2441,0, 390, False, 0
2442,0, 390, False, 0
2443,0, 390, False, 0
2444,0, 390, False, 0
2445,0, 390, False, 0
2446,0, 390, False, 0
2447,0, 390, False, 0
2448,0, 390, False, 1
2449,0, 390, False, 1
2450,0, 390, False, 1
2451,0, 390, False, 1
2452,0, 390, False, 1
2453,0, 390, False, 1
2454,0, 390, False, 1
2455,0, 390, False, 0
2456,0, 390, False, 0
2457,0, 390, False, 0
2458,0, 390, False, 1
2459,0, 390, False, 1
2460,0, 390, False, 1
2461,0, 390, False, 1
2462,0, 390, False, 0
2463,0, 390, False, 0
2464,0, 390, False, 0
2465,0, 390, False, 0
2466,0, 390, False, 0
2467,0, 390, False, 0
2468,0, 390, False, 0
2469,0, 390, False, 0
2470,0, 390, False, 1
2471,0, 390, False, 1
2472,0, 390, False, 1
2473,0, 390, False, 1
2474,0, 390, False, 1
2475,0, 390, False, 1
2476,0, 390, False, 1
2477,0, 390, False, 1
2478,0, 390, False, 1
2479,0, 390, False, 1
2480,0, 390, False, 1
2481,0, 390, False, 1
2482,0, 390, False, 1
2483,0, 390, False, 1
2484,0, 390, False, 1
2485,0, 390, False, 1
2486,0, 390, False, 1
2487,0, 390, False, 1
2488,0, 390, False, 1
2489,0, 390, False, 1
2490,0, 390, False, 1
2491,0, 390, False, 1
2492,0, 390, False, 1
2493,0, 390, False, 1
2494,0, 390, False, 1
2495,0, 390, False, 1
2496,0, 390, False, 0
2497,0, 390, False, 0
2498,0, 390, False, 0
2499,0, 390, False, 0
2500,0, 390, False, 0
2501,20, 410, False, 0
2502,0, 410, False, 0
2503,0, 410, False, 0
2504,0, 410, False, 0
2505,0, 410, False, 0
2506,0, 410, False, 0
2507,0, 410, False, 0
2508,0, 410, False, 0
2509,0, 410, False, 0
2510,0, 410, False, 0
2511,0, 410, False, 0
2512,0, 410, False, 0
2513,0, 410, False, 0
2514,0, 410, False, 0
2515,0, 410, False, 0
2516,0, 410, False, 3
2517,0, 410, False, 3
2518,0, 410, False, 3
2519,0, 410, False, 3
2520,0, 410, False, 3
2521,0, 410, False, 3
2522,0, 410, False, 3
2523,0, 410, False, 3
2524,0, 410, False, 0
2525,0, 410, False, 1
2526,0, 410, False, 1
2527,0, 410, False, 1
2528,0, 410, False, 1
2529,0, 410, False, 1
2530,0, 410, False, 1
2531,0, 410, False, 1
2532,0, 410, False, 1
2533,0, 410, False, 1
2534,0, 410, False, 1
2535,0, 410, False, 1
2536,0, 410, False, 1
2537,0, 410, False, 1
2538,0, 410, False, 1
2539,0, 410, True, 1
