db traj id : 2098
frame,reward,score,terminal, action
0,0, 0, False, 0
1,0, 0, False, 0
2,0, 0, False, 0
3,0, 0, False, 0
4,0, 0, False, 0
5,0, 0, False, 0
6,0, 0, False, 0
7,0, 0, False, 0
8,0, 0, False, 0
9,0, 0, False, 0
10,0, 0, False, 0
11,0, 0, False, 0
12,0, 0, False, 0
13,0, 0, False, 0
14,0, 0, False, 0
15,0, 0, False, 0
16,0, 0, False, 0
17,0, 0, False, 0
18,0, 0, False, 0
19,0, 0, False, 0
20,0, 0, False, 0
21,0, 0, False, 0
22,0, 0, False, 0
23,0, 0, False, 0
24,0, 0, False, 0
25,0, 0, False, 0
26,0, 0, False, 0
27,0, 0, False, 0
28,0, 0, False, 0
29,0, 0, False, 0
30,0, 0, False, 0
31,0, 0, False, 0
32,0, 0, False, 0
33,0, 0, False, 0
34,0, 0, False, 0
35,0, 0, False, 1
36,0, 0, False, 1
37,0, 0, False, 1
38,0, 0, False, 1
39,0, 0, False, 1
40,0, 0, False, 1
41,0, 0, False, 1
42,0, 0, False, 1
43,0, 0, False, 1
44,0, 0, False, 1
45,0, 0, False, 0
46,0, 0, False, 0
47,0, 0, False, 0
48,0, 0, False, 0
49,0, 0, False, 0
50,0, 0, False, 0
51,0, 0, False, 0
52,0, 0, False, 0
53,0, 0, False, 0
54,0, 0, False, 0
55,0, 0, False, 0
56,0, 0, False, 0
57,0, 0, False, 0
58,0, 0, False, 0
59,0, 0, False, 0
60,0, 0, False, 0
61,0, 0, False, 0
62,0, 0, False, 0
63,0, 0, False, 1
64,0, 0, False, 1
65,0, 0, False, 1
66,0, 0, False, 1
67,0, 0, False, 1
68,0, 0, False, 1
69,0, 0, False, 1
70,0, 0, False, 0
71,0, 0, False, 0
72,0, 0, False, 0
73,0, 0, False, 0
74,0, 0, False, 0
75,0, 0, False, 0
76,0, 0, False, 0
77,0, 0, False, 4
78,0, 0, False, 4
79,0, 0, False, 4
80,0, 0, False, 4
81,0, 0, False, 4
82,0, 0, False, 4
83,0, 0, False, 4
84,0, 0, False, 4
85,0, 0, False, 4
86,0, 0, False, 4
87,0, 0, False, 0
88,0, 0, False, 0
89,0, 0, False, 0
90,0, 0, False, 0
91,0, 0, False, 0
92,0, 0, False, 0
93,0, 0, False, 0
94,0, 0, False, 0
95,0, 0, False, 0
96,0, 0, False, 0
97,0, 0, False, 0
98,0, 0, False, 0
99,0, 0, False, 0
100,0, 0, False, 0
101,0, 0, False, 0
102,0, 0, False, 0
103,0, 0, False, 0
104,0, 0, False, 0
105,0, 0, False, 0
106,0, 0, False, 0
107,0, 0, False, 0
108,0, 0, False, 0
109,0, 0, False, 0
110,0, 0, False, 0
111,0, 0, False, 0
112,0, 0, False, 0
113,0, 0, False, 0
114,0, 0, False, 0
115,0, 0, False, 0
116,0, 0, False, 0
117,0, 0, False, 0
118,0, 0, False, 0
119,0, 0, False, 0
120,0, 0, False, 0
121,0, 0, False, 0
122,0, 0, False, 0
123,0, 0, False, 0
124,0, 0, False, 0
125,0, 0, False, 0
126,0, 0, False, 0
127,0, 0, False, 0
128,0, 0, False, 0
129,0, 0, False, 0
130,0, 0, False, 0
131,0, 0, False, 0
132,0, 0, False, 0
133,0, 0, False, 0
134,0, 0, False, 0
135,0, 0, False, 0
136,0, 0, False, 0
137,0, 0, False, 0
138,0, 0, False, 0
139,0, 0, False, 0
140,0, 0, False, 0
141,0, 0, False, 0
142,0, 0, False, 0
143,0, 0, False, 0
144,0, 0, False, 0
145,0, 0, False, 0
146,0, 0, False, 0
147,0, 0, False, 0
148,0, 0, False, 0
149,0, 0, False, 0
150,0, 0, False, 3
151,0, 0, False, 3
152,0, 0, False, 3
153,0, 0, False, 3
154,0, 0, False, 3
155,0, 0, False, 3
156,0, 0, False, 3
157,0, 0, False, 3
158,0, 0, False, 3
159,0, 0, False, 3
160,0, 0, False, 3
161,0, 0, False, 3
162,0, 0, False, 3
163,0, 0, False, 3
164,0, 0, False, 3
165,0, 0, False, 3
166,0, 0, False, 3
167,0, 0, False, 3
168,0, 0, False, 3
169,0, 0, False, 3
170,0, 0, False, 3
171,0, 0, False, 3
172,0, 0, False, 0
173,0, 0, False, 0
174,0, 0, False, 0
175,0, 0, False, 0
176,0, 0, False, 0
177,0, 0, False, 0
178,0, 0, False, 0
179,0, 0, False, 0
180,0, 0, False, 0
181,0, 0, False, 0
182,0, 0, False, 0
183,0, 0, False, 0
184,0, 0, False, 3
185,0, 0, False, 3
186,0, 0, False, 3
187,0, 0, False, 3
188,0, 0, False, 3
189,0, 0, False, 3
190,0, 0, False, 3
191,0, 0, False, 3
192,0, 0, False, 3
193,0, 0, False, 3
194,0, 0, False, 3
195,0, 0, False, 3
196,0, 0, False, 3
197,0, 0, False, 1
198,0, 0, False, 1
199,0, 0, False, 1
200,0, 0, False, 1
201,0, 0, False, 1
202,0, 0, False, 1
203,0, 0, False, 1
204,0, 0, False, 1
205,0, 0, False, 1
206,0, 0, False, 0
207,0, 0, False, 0
208,0, 0, False, 0
209,0, 0, False, 0
210,0, 0, False, 0
211,0, 0, False, 0
212,0, 0, False, 0
213,0, 0, False, 0
214,0, 0, False, 0
215,0, 0, False, 0
216,0, 0, False, 0
217,0, 0, False, 0
218,0, 0, False, 0
219,0, 0, False, 0
220,0, 0, False, 0
221,0, 0, False, 3
222,0, 0, False, 3
223,0, 0, False, 3
224,0, 0, False, 3
225,0, 0, False, 3
226,0, 0, False, 3
227,0, 0, False, 3
228,0, 0, False, 3
229,0, 0, False, 3
230,0, 0, False, 11
231,0, 0, False, 11
232,0, 0, False, 11
233,0, 0, False, 1
234,0, 0, False, 1
235,0, 0, False, 1
236,0, 0, False, 1
237,0, 0, False, 0
238,0, 0, False, 0
239,0, 0, False, 0
240,0, 0, False, 0
241,0, 0, False, 0
242,0, 0, False, 0
243,0, 0, False, 0
244,0, 0, False, 0
245,0, 0, False, 0
246,0, 0, False, 0
247,0, 0, False, 1
248,0, 0, False, 1
249,0, 0, False, 1
250,0, 0, False, 1
251,0, 0, False, 1
252,0, 0, False, 1
253,0, 0, False, 1
254,0, 0, False, 1
255,0, 0, False, 1
256,0, 0, False, 0
257,0, 0, False, 0
258,0, 0, False, 0
259,0, 0, False, 0
260,0, 0, False, 0
261,0, 0, False, 0
262,0, 0, False, 0
263,0, 0, False, 0
264,0, 0, False, 0
265,0, 0, False, 1
266,0, 0, False, 1
267,0, 0, False, 1
268,0, 0, False, 1
269,0, 0, False, 1
270,0, 0, False, 1
271,0, 0, False, 0
272,0, 0, False, 0
273,0, 0, False, 0
274,0, 0, False, 3
275,0, 0, False, 3
276,0, 0, False, 3
277,0, 0, False, 3
278,0, 0, False, 3
279,0, 0, False, 3
280,0, 0, False, 3
281,0, 0, False, 3
282,0, 0, False, 3
283,0, 0, False, 3
284,0, 0, False, 3
285,0, 0, False, 11
286,0, 0, False, 11
287,0, 0, False, 11
288,0, 0, False, 1
289,0, 0, False, 1
290,0, 0, False, 1
291,0, 0, False, 1
292,0, 0, False, 1
293,0, 0, False, 1
294,0, 0, False, 1
295,0, 0, False, 1
296,0, 0, False, 1
297,0, 0, False, 1
298,0, 0, False, 1
299,0, 0, False, 1
300,0, 0, False, 1
301,0, 0, False, 1
302,0, 0, False, 1
303,0, 0, False, 1
304,0, 0, False, 1
305,0, 0, False, 1
306,0, 0, False, 1
307,0, 0, False, 1
308,0, 0, False, 1
309,0, 0, False, 1
310,0, 0, False, 1
311,0, 0, False, 1
312,0, 0, False, 1
313,0, 0, False, 1
314,0, 0, False, 1
315,0, 0, False, 1
316,0, 0, False, 1
317,0, 0, False, 1
318,0, 0, False, 1
319,0, 0, False, 1
320,0, 0, False, 1
321,0, 0, False, 1
322,10, 10, False, 1
323,0, 10, False, 12
324,0, 10, False, 12
325,0, 10, False, 12
326,0, 10, False, 12
327,0, 10, False, 12
328,0, 10, False, 12
329,0, 10, False, 1
330,0, 10, False, 1
331,0, 10, False, 1
332,0, 10, False, 1
333,0, 10, False, 1
334,0, 10, False, 1
335,0, 10, False, 1
336,0, 10, False, 1
337,0, 10, False, 11
338,0, 10, False, 11
339,0, 10, False, 11
340,0, 10, False, 11
341,0, 10, False, 11
342,0, 10, False, 11
343,0, 10, False, 11
344,0, 10, False, 11
345,0, 10, False, 11
346,0, 10, False, 11
347,0, 10, False, 11
348,0, 10, False, 11
349,0, 10, False, 11
350,0, 10, False, 11
351,0, 10, False, 11
352,0, 10, False, 11
353,0, 10, False, 11
354,0, 10, False, 11
355,0, 10, False, 11
356,0, 10, False, 1
357,0, 10, False, 1
358,0, 10, False, 1
359,0, 10, False, 1
360,0, 10, False, 1
361,0, 10, False, 1
362,0, 10, False, 1
363,0, 10, False, 1
364,0, 10, False, 1
365,0, 10, False, 1
366,15, 25, False, 1
367,0, 25, False, 1
368,0, 25, False, 1
369,0, 25, False, 1
370,0, 25, False, 1
371,0, 25, False, 1
372,0, 25, False, 1
373,0, 25, False, 1
374,0, 25, False, 1
375,0, 25, False, 1
376,0, 25, False, 12
377,0, 25, False, 12
378,0, 25, False, 12
379,0, 25, False, 12
380,0, 25, False, 12
381,0, 25, False, 12
382,0, 25, False, 12
383,0, 25, False, 12
384,0, 25, False, 12
385,0, 25, False, 12
386,0, 25, False, 12
387,0, 25, False, 12
388,0, 25, False, 12
389,0, 25, False, 12
390,0, 25, False, 12
391,0, 25, False, 12
392,0, 25, False, 1
393,0, 25, False, 1
394,0, 25, False, 1
395,0, 25, False, 1
396,0, 25, False, 1
397,0, 25, False, 1
398,0, 25, False, 1
399,0, 25, False, 1
400,0, 25, False, 1
401,0, 25, False, 1
402,0, 25, False, 1
403,0, 25, False, 1
404,0, 25, False, 1
405,0, 25, False, 1
406,0, 25, False, 1
407,0, 25, False, 1
408,0, 25, False, 1
409,0, 25, False, 1
410,5, 30, False, 1
411,0, 30, False, 1
412,0, 30, False, 1
413,0, 30, False, 1
414,0, 30, False, 1
415,0, 30, False, 1
416,0, 30, False, 1
417,0, 30, False, 1
418,0, 30, False, 1
419,0, 30, False, 1
420,0, 30, False, 1
421,0, 30, False, 1
422,0, 30, False, 1
423,0, 30, False, 1
424,0, 30, False, 1
425,0, 30, False, 1
426,0, 30, False, 1
427,0, 30, False, 1
428,0, 30, False, 1
429,0, 30, False, 1
430,0, 30, False, 1
431,0, 30, False, 1
432,0, 30, False, 1
433,0, 30, False, 1
434,0, 30, False, 1
435,0, 30, False, 1
436,0, 30, False, 1
437,0, 30, False, 1
438,0, 30, False, 1
439,0, 30, False, 1
440,0, 30, False, 1
441,0, 30, False, 1
442,0, 30, False, 1
443,0, 30, False, 1
444,0, 30, False, 1
445,0, 30, False, 1
446,0, 30, False, 1
447,0, 30, False, 1
448,0, 30, False, 1
449,0, 30, False, 1
450,0, 30, False, 1
451,0, 30, False, 1
452,0, 30, False, 1
453,0, 30, False, 1
454,0, 30, False, 1
455,0, 30, False, 1
456,0, 30, False, 1
457,0, 30, False, 1
458,0, 30, False, 1
459,0, 30, False, 1
460,0, 30, False, 1
461,0, 30, False, 1
462,20, 50, False, 1
463,0, 50, False, 1
464,0, 50, False, 1
465,0, 50, False, 1
466,0, 50, False, 1
467,0, 50, False, 1
468,0, 50, False, 1
469,0, 50, False, 1
470,0, 50, False, 1
471,0, 50, False, 1
472,0, 50, False, 1
473,0, 50, False, 1
474,0, 50, False, 1
475,0, 50, False, 1
476,0, 50, False, 12
477,0, 50, False, 12
478,0, 50, False, 12
479,0, 50, False, 12
480,0, 50, False, 12
481,0, 50, False, 12
482,0, 50, False, 12
483,0, 50, False, 12
484,0, 50, False, 12
485,0, 50, False, 12
486,0, 50, False, 12
487,0, 50, False, 12
488,0, 50, False, 12
489,0, 50, False, 1
490,0, 50, False, 1
491,0, 50, False, 1
492,0, 50, False, 1
493,0, 50, False, 1
494,0, 50, False, 1
495,0, 50, False, 1
496,0, 50, False, 1
497,0, 50, False, 1
498,0, 50, False, 1
499,0, 50, False, 1
500,0, 50, False, 1
501,0, 50, False, 1
502,0, 50, False, 1
503,0, 50, False, 1
504,0, 50, False, 1
505,0, 50, False, 1
506,0, 50, False, 1
507,0, 50, False, 1
508,0, 50, False, 1
509,0, 50, False, 1
510,0, 50, False, 1
511,0, 50, False, 1
512,0, 50, False, 1
513,0, 50, False, 1
514,0, 50, False, 1
515,0, 50, False, 1
516,0, 50, False, 1
517,0, 50, False, 1
518,0, 50, False, 1
519,0, 50, False, 12
520,0, 50, False, 12
521,0, 50, False, 12
522,0, 50, False, 12
523,0, 50, False, 12
524,0, 50, False, 12
525,0, 50, False, 12
526,25, 75, False, 12
527,0, 75, False, 12
528,0, 75, False, 1
529,0, 75, False, 1
530,0, 75, False, 1
531,0, 75, False, 1
532,0, 75, False, 1
533,0, 75, False, 1
534,0, 75, False, 1
535,0, 75, False, 1
536,0, 75, False, 1
537,0, 75, False, 1
538,0, 75, False, 1
539,0, 75, False, 1
540,0, 75, False, 1
541,0, 75, False, 1
542,0, 75, False, 1
543,0, 75, False, 1
544,0, 75, False, 1
545,0, 75, False, 1
546,0, 75, False, 1
547,0, 75, False, 1
548,0, 75, False, 1
549,0, 75, False, 1
550,0, 75, False, 1
551,0, 75, False, 1
552,5, 80, False, 1
553,0, 80, False, 1
554,0, 80, False, 1
555,0, 80, False, 1
556,0, 80, False, 1
557,0, 80, False, 1
558,0, 80, False, 1
559,0, 80, False, 1
560,0, 80, False, 1
561,0, 80, False, 1
562,0, 80, False, 1
563,0, 80, False, 1
564,0, 80, False, 1
565,0, 80, False, 1
566,0, 80, False, 1
567,0, 80, False, 1
568,0, 80, False, 1
569,0, 80, False, 1
570,0, 80, False, 1
571,0, 80, False, 1
572,0, 80, False, 1
573,0, 80, False, 1
574,0, 80, False, 1
575,0, 80, False, 1
576,0, 80, False, 1
577,0, 80, False, 1
578,0, 80, False, 1
579,0, 80, False, 1
580,0, 80, False, 1
581,0, 80, False, 1
582,0, 80, False, 1
583,0, 80, False, 1
584,0, 80, False, 1
585,0, 80, False, 1
586,0, 80, False, 1
587,0, 80, False, 1
588,10, 90, False, 1
589,0, 90, False, 1
590,0, 90, False, 1
591,0, 90, False, 1
592,0, 90, False, 1
593,0, 90, False, 1
594,0, 90, False, 1
595,0, 90, False, 1
596,0, 90, False, 1
597,0, 90, False, 1
598,0, 90, False, 1
599,0, 90, False, 1
600,0, 90, False, 1
601,0, 90, False, 1
602,0, 90, False, 1
603,0, 90, False, 1
604,0, 90, False, 1
605,0, 90, False, 1
606,0, 90, False, 1
607,0, 90, False, 1
608,0, 90, False, 1
609,0, 90, False, 1
610,0, 90, False, 1
611,0, 90, False, 1
612,0, 90, False, 1
613,0, 90, False, 1
614,0, 90, False, 1
615,0, 90, False, 1
616,0, 90, False, 1
617,0, 90, False, 1
618,0, 90, False, 1
619,0, 90, False, 1
620,0, 90, False, 1
621,0, 90, False, 1
622,0, 90, False, 1
623,0, 90, False, 1
624,0, 90, False, 1
625,0, 90, False, 1
626,0, 90, False, 1
627,0, 90, False, 1
628,0, 90, False, 1
629,0, 90, False, 1
630,0, 90, False, 1
631,0, 90, False, 1
632,15, 105, False, 1
633,0, 105, False, 1
634,0, 105, False, 1
635,0, 105, False, 1
636,0, 105, False, 1
637,0, 105, False, 1
638,0, 105, False, 1
639,0, 105, False, 1
640,0, 105, False, 1
641,0, 105, False, 1
642,0, 105, False, 1
643,0, 105, False, 1
644,0, 105, False, 1
645,0, 105, False, 1
646,0, 105, False, 1
647,0, 105, False, 1
648,0, 105, False, 1
649,0, 105, False, 1
650,0, 105, False, 1
651,0, 105, False, 1
652,0, 105, False, 1
653,0, 105, False, 1
654,0, 105, False, 1
655,0, 105, False, 1
656,0, 105, False, 1
657,0, 105, False, 1
658,0, 105, False, 1
659,0, 105, False, 1
660,0, 105, False, 1
661,0, 105, False, 11
662,0, 105, False, 11
663,0, 105, False, 11
664,0, 105, False, 11
665,0, 105, False, 11
666,0, 105, False, 1
667,0, 105, False, 1
668,0, 105, False, 1
669,0, 105, False, 1
670,0, 105, False, 1
671,0, 105, False, 1
672,0, 105, False, 1
673,0, 105, False, 1
674,0, 105, False, 1
675,0, 105, False, 1
676,0, 105, False, 1
677,0, 105, False, 1
678,0, 105, False, 1
679,0, 105, False, 1
680,0, 105, False, 1
681,0, 105, False, 1
682,0, 105, False, 1
683,0, 105, False, 1
684,20, 125, False, 1
685,0, 125, False, 1
686,0, 125, False, 1
687,0, 125, False, 1
688,0, 125, False, 1
689,0, 125, False, 1
690,0, 125, False, 1
691,0, 125, False, 1
692,0, 125, False, 1
693,0, 125, False, 1
694,0, 125, False, 1
695,0, 125, False, 1
696,0, 125, False, 1
697,0, 125, False, 1
698,0, 125, False, 1
699,0, 125, False, 1
700,0, 125, False, 1
701,0, 125, False, 1
702,0, 125, False, 1
703,0, 125, False, 1
704,0, 125, False, 1
705,0, 125, False, 1
706,0, 125, False, 1
707,0, 125, False, 1
708,0, 125, False, 1
709,0, 125, False, 1
710,0, 125, False, 1
711,0, 125, False, 1
712,0, 125, False, 1
713,0, 125, False, 1
714,0, 125, False, 1
715,0, 125, False, 1
716,0, 125, False, 1
717,0, 125, False, 1
718,0, 125, False, 1
719,0, 125, False, 1
720,0, 125, False, 1
721,0, 125, False, 1
722,0, 125, False, 1
723,0, 125, False, 1
724,0, 125, False, 1
725,0, 125, False, 1
726,0, 125, False, 1
727,0, 125, False, 1
728,0, 125, False, 1
729,0, 125, False, 1
730,0, 125, False, 1
731,0, 125, False, 1
732,0, 125, False, 1
733,0, 125, False, 1
734,0, 125, False, 1
735,0, 125, False, 1
736,0, 125, False, 1
737,0, 125, False, 1
738,0, 125, False, 1
739,0, 125, False, 1
740,0, 125, False, 1
741,0, 125, False, 1
742,0, 125, False, 1
743,0, 125, False, 1
744,0, 125, False, 1
745,0, 125, False, 1
746,25, 150, False, 1
747,0, 150, False, 1
748,0, 150, False, 1
749,0, 150, False, 1
750,0, 150, False, 1
751,0, 150, False, 1
752,0, 150, False, 1
753,0, 150, False, 1
754,0, 150, False, 1
755,0, 150, False, 1
756,0, 150, False, 1
757,0, 150, False, 1
758,0, 150, False, 1
759,0, 150, False, 1
760,0, 150, False, 1
761,0, 150, False, 1
762,0, 150, False, 1
763,0, 150, False, 1
764,0, 150, False, 1
765,0, 150, False, 1
766,0, 150, False, 11
767,0, 150, False, 11
768,0, 150, False, 11
769,0, 150, False, 11
770,0, 150, False, 11
771,0, 150, False, 1
772,0, 150, False, 1
773,0, 150, False, 1
774,0, 150, False, 1
775,0, 150, False, 1
776,0, 150, False, 1
777,0, 150, False, 1
778,0, 150, False, 1
779,0, 150, False, 1
780,0, 150, False, 1
781,0, 150, False, 1
782,0, 150, False, 1
783,0, 150, False, 1
784,0, 150, False, 1
785,0, 150, False, 1
786,0, 150, False, 1
787,0, 150, False, 1
788,0, 150, False, 1
789,0, 150, False, 1
790,0, 150, False, 1
791,0, 150, False, 1
792,0, 150, False, 1
793,0, 150, False, 1
794,0, 150, False, 1
795,0, 150, False, 1
796,0, 150, False, 1
797,0, 150, False, 1
798,0, 150, False, 1
799,0, 150, False, 1
800,0, 150, False, 1
801,0, 150, False, 1
802,0, 150, False, 1
803,0, 150, False, 1
804,0, 150, False, 1
805,0, 150, False, 11
806,0, 150, False, 11
807,0, 150, False, 11
808,0, 150, False, 11
809,0, 150, False, 11
810,0, 150, False, 11
811,0, 150, False, 11
812,0, 150, False, 1
813,0, 150, False, 1
814,0, 150, False, 1
815,0, 150, False, 1
816,0, 150, False, 1
817,0, 150, False, 1
818,0, 150, False, 1
819,0, 150, False, 1
820,0, 150, False, 1
821,0, 150, False, 1
822,0, 150, False, 1
823,0, 150, False, 1
824,0, 150, False, 1
825,0, 150, False, 1
826,0, 150, False, 1
827,0, 150, False, 1
828,0, 150, False, 1
829,0, 150, False, 1
830,0, 150, False, 1
831,0, 150, False, 1
832,0, 150, False, 1
833,0, 150, False, 1
834,0, 150, False, 1
835,0, 150, False, 1
836,0, 150, False, 11
837,0, 150, False, 11
838,0, 150, False, 11
839,0, 150, False, 11
840,0, 150, False, 11
841,0, 150, False, 11
842,0, 150, False, 11
843,0, 150, False, 11
844,0, 150, False, 11
845,0, 150, False, 11
846,0, 150, False, 11
847,0, 150, False, 11
848,0, 150, False, 11
849,0, 150, False, 11
850,0, 150, False, 11
851,0, 150, False, 11
852,0, 150, False, 11
853,0, 150, False, 11
854,0, 150, False, 1
855,0, 150, False, 1
856,0, 150, False, 1
857,0, 150, False, 1
858,0, 150, False, 1
859,0, 150, False, 1
860,0, 150, False, 1
861,0, 150, False, 1
862,0, 150, False, 1
863,0, 150, False, 1
864,0, 150, False, 1
865,0, 150, False, 1
866,0, 150, False, 1
867,0, 150, False, 1
868,0, 150, False, 1
869,0, 150, False, 1
870,0, 150, False, 1
871,0, 150, False, 1
872,0, 150, False, 0
873,0, 150, False, 0
874,0, 150, False, 0
875,0, 150, False, 0
876,0, 150, False, 0
877,0, 150, False, 0
878,0, 150, False, 0
879,0, 150, False, 0
880,0, 150, False, 0
881,0, 150, False, 0
882,0, 150, False, 0
883,0, 150, False, 0
884,0, 150, False, 0
885,0, 150, False, 0
886,0, 150, False, 0
887,0, 150, False, 0
888,0, 150, False, 0
889,0, 150, False, 0
890,0, 150, False, 0
891,0, 150, False, 0
892,0, 150, False, 0
893,0, 150, False, 0
894,0, 150, False, 0
895,0, 150, False, 0
896,0, 150, False, 0
897,0, 150, False, 0
898,0, 150, False, 0
899,0, 150, False, 0
900,30, 180, False, 0
901,0, 180, False, 4
902,0, 180, False, 4
903,0, 180, False, 4
904,0, 180, False, 4
905,0, 180, False, 4
906,0, 180, False, 4
907,0, 180, False, 4
908,0, 180, False, 4
909,0, 180, False, 4
910,0, 180, False, 4
911,0, 180, False, 4
912,0, 180, False, 4
913,0, 180, False, 0
914,0, 180, False, 0
915,0, 180, False, 0
916,0, 180, False, 0
917,0, 180, False, 0
918,0, 180, False, 0
919,0, 180, False, 0
920,0, 180, False, 0
921,0, 180, False, 0
922,0, 180, False, 0
923,0, 180, False, 0
924,0, 180, False, 0
925,0, 180, False, 0
926,0, 180, False, 0
927,0, 180, False, 0
928,0, 180, False, 0
929,0, 180, False, 0
930,0, 180, False, 0
931,0, 180, False, 0
932,0, 180, False, 0
933,0, 180, False, 0
934,0, 180, False, 0
935,0, 180, False, 0
936,0, 180, False, 4
937,0, 180, False, 4
938,0, 180, False, 4
939,0, 180, False, 4
940,0, 180, False, 4
941,0, 180, False, 4
942,0, 180, False, 4
943,0, 180, False, 4
944,0, 180, False, 4
945,0, 180, False, 4
946,0, 180, False, 4
947,0, 180, False, 4
948,0, 180, False, 4
949,0, 180, False, 4
950,0, 180, False, 4
951,0, 180, False, 4
952,0, 180, False, 4
953,0, 180, False, 4
954,0, 180, False, 0
955,0, 180, False, 0
956,0, 180, False, 1
957,0, 180, False, 1
958,0, 180, False, 1
959,0, 180, False, 1
960,0, 180, False, 1
961,0, 180, False, 1
962,0, 180, False, 1
963,0, 180, False, 1
964,0, 180, False, 1
965,0, 180, False, 1
966,0, 180, False, 1
967,0, 180, False, 1
968,0, 180, False, 1
969,0, 180, False, 1
970,0, 180, False, 1
971,0, 180, False, 1
972,0, 180, False, 1
973,0, 180, False, 1
974,0, 180, False, 1
975,0, 180, False, 1
976,0, 180, False, 1
977,0, 180, False, 1
978,0, 180, False, 1
979,0, 180, False, 1
980,0, 180, False, 1
981,0, 180, False, 1
982,0, 180, False, 1
983,0, 180, False, 1
984,0, 180, False, 1
985,0, 180, False, 1
986,0, 180, False, 11
987,0, 180, False, 11
988,0, 180, False, 11
989,0, 180, False, 11
990,0, 180, False, 3
991,0, 180, False, 3
992,0, 180, False, 3
993,0, 180, False, 3
994,0, 180, False, 3
995,0, 180, False, 3
996,0, 180, False, 3
997,0, 180, False, 0
998,0, 180, False, 0
999,0, 180, False, 0
1000,0, 180, False, 0
1001,0, 180, False, 0
1002,0, 180, False, 0
1003,0, 180, False, 4
1004,0, 180, False, 4
1005,0, 180, False, 4
1006,0, 180, False, 4
1007,0, 180, False, 4
1008,0, 180, False, 4
1009,0, 180, False, 4
1010,0, 180, False, 4
1011,0, 180, False, 4
1012,0, 180, False, 4
1013,0, 180, False, 4
1014,0, 180, False, 4
1015,0, 180, False, 4
1016,0, 180, False, 4
1017,0, 180, False, 4
1018,0, 180, False, 4
1019,0, 180, False, 4
1020,0, 180, False, 4
1021,0, 180, False, 4
1022,0, 180, False, 4
1023,0, 180, False, 4
1024,0, 180, False, 4
1025,0, 180, False, 4
1026,0, 180, False, 4
1027,0, 180, False, 4
1028,0, 180, False, 4
1029,0, 180, False, 4
1030,0, 180, False, 4
1031,0, 180, False, 4
1032,0, 180, False, 4
1033,0, 180, False, 4
1034,0, 180, False, 4
1035,0, 180, False, 4
1036,0, 180, False, 4
1037,0, 180, False, 4
1038,0, 180, False, 4
1039,0, 180, False, 4
1040,0, 180, False, 4
1041,0, 180, False, 4
1042,0, 180, False, 4
1043,0, 180, False, 4
1044,0, 180, False, 4
1045,0, 180, False, 4
1046,0, 180, False, 4
1047,0, 180, False, 4
1048,0, 180, False, 4
1049,0, 180, False, 4
1050,0, 180, False, 4
1051,0, 180, False, 4
1052,0, 180, False, 0
1053,0, 180, False, 0
1054,0, 180, False, 0
1055,0, 180, False, 0
1056,0, 180, False, 1
1057,0, 180, False, 1
1058,0, 180, False, 1
1059,0, 180, False, 1
1060,0, 180, False, 1
1061,0, 180, False, 1
1062,0, 180, False, 1
1063,0, 180, False, 1
1064,0, 180, False, 1
1065,0, 180, False, 1
1066,0, 180, False, 1
1067,0, 180, False, 1
1068,0, 180, False, 1
1069,0, 180, False, 1
1070,0, 180, False, 1
1071,0, 180, False, 1
1072,0, 180, False, 1
1073,0, 180, False, 1
1074,0, 180, False, 1
1075,0, 180, False, 1
1076,0, 180, False, 1
1077,0, 180, False, 1
1078,0, 180, False, 1
1079,0, 180, False, 1
1080,0, 180, False, 1
1081,0, 180, False, 1
1082,0, 180, False, 1
1083,0, 180, False, 1
1084,0, 180, False, 1
1085,0, 180, False, 1
1086,0, 180, False, 1
1087,0, 180, False, 1
1088,0, 180, False, 1
1089,0, 180, False, 1
1090,0, 180, False, 1
1091,0, 180, False, 1
1092,0, 180, False, 1
1093,0, 180, False, 1
1094,0, 180, False, 1
1095,0, 180, False, 1
1096,0, 180, False, 1
1097,0, 180, False, 1
1098,0, 180, False, 1
1099,0, 180, False, 1
1100,0, 180, False, 1
1101,0, 180, False, 0
1102,0, 180, False, 0
1103,0, 180, False, 0
1104,0, 180, False, 0
1105,0, 180, False, 0
1106,0, 180, False, 0
1107,0, 180, False, 0
1108,0, 180, False, 0
1109,0, 180, False, 0
1110,0, 180, False, 0
1111,0, 180, False, 0
1112,0, 180, False, 0
1113,0, 180, False, 0
1114,0, 180, False, 0
1115,0, 180, False, 0
1116,0, 180, False, 0
1117,0, 180, False, 0
1118,0, 180, False, 0
1119,0, 180, False, 0
1120,0, 180, False, 0
1121,0, 180, False, 0
1122,0, 180, False, 0
1123,0, 180, False, 0
1124,0, 180, False, 0
1125,0, 180, False, 0
1126,0, 180, False, 0
1127,0, 180, False, 0
1128,0, 180, False, 0
1129,0, 180, False, 0
1130,0, 180, False, 0
1131,0, 180, False, 0
1132,0, 180, False, 0
1133,0, 180, False, 0
1134,0, 180, False, 0
1135,0, 180, False, 0
1136,0, 180, False, 0
1137,0, 180, False, 0
1138,0, 180, False, 0
1139,0, 180, False, 0
1140,0, 180, False, 0
1141,0, 180, False, 0
1142,0, 180, False, 0
1143,0, 180, False, 0
1144,0, 180, False, 0
1145,0, 180, False, 0
1146,0, 180, False, 0
1147,0, 180, False, 0
1148,0, 180, False, 0
1149,0, 180, False, 0
1150,0, 180, False, 0
1151,0, 180, False, 0
1152,0, 180, False, 0
1153,0, 180, False, 0
1154,0, 180, False, 0
1155,0, 180, False, 0
1156,0, 180, False, 0
1157,0, 180, False, 0
1158,0, 180, False, 0
1159,0, 180, False, 0
1160,0, 180, False, 0
1161,0, 180, False, 0
1162,0, 180, False, 0
1163,0, 180, False, 0
1164,0, 180, False, 0
1165,0, 180, False, 0
1166,0, 180, False, 0
1167,0, 180, False, 0
1168,0, 180, False, 0
1169,0, 180, False, 0
1170,0, 180, False, 0
1171,0, 180, False, 0
1172,0, 180, False, 0
1173,0, 180, False, 0
1174,0, 180, False, 0
1175,0, 180, False, 0
1176,0, 180, False, 0
1177,0, 180, False, 0
1178,0, 180, False, 0
1179,0, 180, False, 0
1180,0, 180, False, 0
1181,0, 180, False, 0
1182,0, 180, False, 0
1183,0, 180, False, 0
1184,0, 180, False, 0
1185,0, 180, False, 0
1186,0, 180, False, 0
1187,0, 180, False, 0
1188,0, 180, False, 0
1189,0, 180, False, 0
1190,0, 180, False, 0
1191,0, 180, False, 0
1192,0, 180, False, 0
1193,0, 180, False, 0
1194,0, 180, False, 0
1195,0, 180, False, 0
1196,0, 180, False, 0
1197,0, 180, False, 0
1198,0, 180, False, 0
1199,0, 180, False, 0
1200,0, 180, False, 0
1201,0, 180, False, 0
1202,0, 180, False, 0
1203,0, 180, False, 0
1204,0, 180, False, 0
1205,0, 180, False, 0
1206,0, 180, False, 0
1207,0, 180, False, 0
1208,0, 180, False, 0
1209,0, 180, False, 0
1210,0, 180, False, 0
1211,0, 180, False, 0
1212,0, 180, False, 0
1213,0, 180, False, 0
1214,0, 180, False, 0
1215,0, 180, False, 0
1216,0, 180, False, 0
1217,0, 180, False, 0
1218,0, 180, False, 0
1219,0, 180, False, 0
1220,0, 180, False, 0
1221,0, 180, False, 0
1222,0, 180, False, 0
1223,0, 180, False, 0
1224,0, 180, False, 0
1225,0, 180, False, 0
1226,0, 180, False, 0
1227,0, 180, False, 0
1228,0, 180, False, 0
1229,0, 180, False, 0
1230,0, 180, False, 0
1231,0, 180, False, 0
1232,0, 180, False, 0
1233,0, 180, False, 0
1234,0, 180, False, 0
1235,0, 180, False, 0
1236,0, 180, False, 0
1237,0, 180, False, 0
1238,0, 180, False, 0
1239,0, 180, False, 0
1240,0, 180, False, 0
1241,0, 180, False, 0
1242,0, 180, False, 0
1243,0, 180, False, 0
1244,0, 180, False, 0
1245,0, 180, False, 0
1246,0, 180, False, 0
1247,0, 180, False, 0
1248,0, 180, False, 0
1249,0, 180, False, 0
1250,0, 180, False, 0
1251,0, 180, False, 0
1252,0, 180, False, 0
1253,0, 180, False, 0
1254,0, 180, False, 0
1255,0, 180, False, 0
1256,0, 180, False, 0
1257,0, 180, False, 0
1258,0, 180, False, 0
1259,0, 180, False, 0
1260,0, 180, False, 0
1261,0, 180, False, 0
1262,0, 180, False, 0
1263,0, 180, False, 0
1264,0, 180, False, 0
1265,0, 180, False, 0
1266,0, 180, False, 0
1267,0, 180, False, 0
1268,0, 180, False, 0
1269,0, 180, False, 0
1270,0, 180, False, 0
1271,0, 180, False, 0
1272,0, 180, False, 0
1273,0, 180, False, 0
1274,0, 180, False, 0
1275,0, 180, False, 0
1276,0, 180, False, 0
1277,0, 180, False, 0
1278,0, 180, False, 0
1279,0, 180, False, 0
1280,0, 180, False, 0
1281,0, 180, False, 0
1282,0, 180, False, 0
1283,0, 180, False, 0
1284,0, 180, False, 0
1285,0, 180, False, 0
1286,0, 180, False, 0
1287,0, 180, False, 0
1288,0, 180, False, 0
1289,0, 180, False, 0
1290,0, 180, False, 0
1291,0, 180, False, 0
1292,0, 180, False, 0
1293,0, 180, False, 0
1294,0, 180, False, 0
1295,0, 180, False, 0
1296,0, 180, False, 0
1297,0, 180, False, 0
1298,0, 180, False, 0
1299,0, 180, False, 0
1300,0, 180, False, 0
1301,0, 180, False, 0
1302,0, 180, False, 0
1303,0, 180, False, 0
1304,0, 180, False, 0
1305,0, 180, False, 0
1306,0, 180, False, 0
1307,0, 180, False, 0
1308,0, 180, False, 0
1309,0, 180, False, 0
1310,0, 180, False, 0
1311,0, 180, False, 0
1312,0, 180, False, 0
1313,0, 180, False, 0
1314,0, 180, False, 0
1315,0, 180, False, 0
1316,0, 180, False, 0
1317,0, 180, False, 0
1318,0, 180, False, 0
1319,0, 180, False, 0
1320,0, 180, False, 0
1321,0, 180, False, 0
1322,0, 180, False, 0
1323,0, 180, False, 0
1324,0, 180, False, 0
1325,0, 180, False, 0
1326,0, 180, False, 0
1327,0, 180, False, 0
1328,0, 180, False, 0
1329,0, 180, False, 1
1330,0, 180, False, 1
1331,0, 180, False, 1
1332,0, 180, False, 1
1333,0, 180, False, 1
1334,0, 180, False, 1
1335,0, 180, False, 1
1336,0, 180, False, 1
1337,0, 180, False, 1
1338,0, 180, False, 1
1339,0, 180, False, 1
1340,0, 180, False, 1
1341,0, 180, False, 12
1342,0, 180, False, 12
1343,0, 180, False, 12
1344,0, 180, False, 12
1345,0, 180, False, 12
1346,0, 180, False, 12
1347,0, 180, False, 12
1348,5, 185, False, 12
1349,0, 185, False, 12
1350,0, 185, False, 12
1351,0, 185, False, 12
1352,0, 185, False, 12
1353,0, 185, False, 12
1354,0, 185, False, 1
1355,0, 185, False, 1
1356,0, 185, False, 1
1357,0, 185, False, 1
1358,0, 185, False, 1
1359,0, 185, False, 1
1360,0, 185, False, 1
1361,0, 185, False, 1
1362,0, 185, False, 1
1363,0, 185, False, 1
1364,0, 185, False, 1
1365,0, 185, False, 1
1366,0, 185, False, 1
1367,0, 185, False, 1
1368,0, 185, False, 1
1369,0, 185, False, 1
1370,0, 185, False, 1
1371,0, 185, False, 1
1372,0, 185, False, 1
1373,0, 185, False, 1
1374,0, 185, False, 1
1375,0, 185, False, 1
1376,0, 185, False, 1
1377,0, 185, False, 1
1378,10, 195, False, 1
1379,0, 195, False, 1
1380,0, 195, False, 1
1381,0, 195, False, 1
1382,0, 195, False, 1
1383,0, 195, False, 1
1384,0, 195, False, 1
1385,0, 195, False, 1
1386,0, 195, False, 1
1387,0, 195, False, 1
1388,0, 195, False, 1
1389,0, 195, False, 1
1390,0, 195, False, 1
1391,0, 195, False, 1
1392,0, 195, False, 1
1393,0, 195, False, 1
1394,0, 195, False, 1
1395,0, 195, False, 1
1396,0, 195, False, 1
1397,0, 195, False, 1
1398,0, 195, False, 1
1399,0, 195, False, 1
1400,0, 195, False, 1
1401,0, 195, False, 1
1402,0, 195, False, 1
1403,0, 195, False, 1
1404,0, 195, False, 1
1405,0, 195, False, 1
1406,0, 195, False, 1
1407,0, 195, False, 1
1408,0, 195, False, 12
1409,0, 195, False, 12
1410,0, 195, False, 12
1411,0, 195, False, 12
1412,0, 195, False, 12
1413,0, 195, False, 12
1414,0, 195, False, 1
1415,0, 195, False, 1
1416,0, 195, False, 1
1417,0, 195, False, 1
1418,15, 210, False, 1
1419,0, 210, False, 1
1420,0, 210, False, 1
1421,0, 210, False, 1
1422,0, 210, False, 1
1423,0, 210, False, 1
1424,0, 210, False, 1
1425,0, 210, False, 1
1426,0, 210, False, 1
1427,0, 210, False, 1
1428,0, 210, False, 1
1429,0, 210, False, 1
1430,0, 210, False, 1
1431,0, 210, False, 1
1432,0, 210, False, 1
1433,0, 210, False, 1
1434,0, 210, False, 1
1435,0, 210, False, 1
1436,0, 210, False, 1
1437,0, 210, False, 1
1438,0, 210, False, 1
1439,0, 210, False, 12
1440,0, 210, False, 12
1441,0, 210, False, 12
1442,0, 210, False, 12
1443,0, 210, False, 12
1444,0, 210, False, 12
1445,0, 210, False, 12
1446,0, 210, False, 12
1447,0, 210, False, 12
1448,0, 210, False, 12
1449,0, 210, False, 12
1450,0, 210, False, 1
1451,0, 210, False, 1
1452,0, 210, False, 1
1453,0, 210, False, 1
1454,0, 210, False, 1
1455,0, 210, False, 1
1456,0, 210, False, 1
1457,0, 210, False, 1
1458,0, 210, False, 1
1459,0, 210, False, 1
1460,0, 210, False, 1
1461,0, 210, False, 1
1462,0, 210, False, 1
1463,0, 210, False, 1
1464,0, 210, False, 1
1465,0, 210, False, 1
1466,20, 230, False, 1
1467,0, 230, False, 1
1468,0, 230, False, 1
1469,0, 230, False, 1
1470,0, 230, False, 12
1471,0, 230, False, 12
1472,0, 230, False, 12
1473,0, 230, False, 12
1474,0, 230, False, 12
1475,0, 230, False, 12
1476,0, 230, False, 4
1477,0, 230, False, 4
1478,0, 230, False, 4
1479,0, 230, False, 0
1480,0, 230, False, 0
1481,0, 230, False, 0
1482,0, 230, False, 0
1483,0, 230, False, 0
1484,0, 230, False, 0
1485,0, 230, False, 0
1486,0, 230, False, 0
1487,0, 230, False, 4
1488,0, 230, False, 4
1489,0, 230, False, 4
1490,0, 230, False, 4
1491,0, 230, False, 4
1492,0, 230, False, 4
1493,0, 230, False, 4
1494,0, 230, False, 4
1495,0, 230, False, 4
1496,0, 230, False, 4
1497,0, 230, False, 4
1498,0, 230, False, 4
1499,0, 230, False, 4
1500,0, 230, False, 4
1501,0, 230, False, 4
1502,0, 230, False, 4
1503,0, 230, False, 4
1504,0, 230, False, 4
1505,0, 230, False, 4
1506,0, 230, False, 4
1507,0, 230, False, 0
1508,0, 230, False, 0
1509,0, 230, False, 0
1510,0, 230, False, 0
1511,0, 230, False, 0
1512,0, 230, False, 1
1513,0, 230, False, 1
1514,0, 230, False, 1
1515,0, 230, False, 1
1516,0, 230, False, 1
1517,0, 230, False, 1
1518,0, 230, False, 1
1519,0, 230, False, 1
1520,0, 230, False, 1
1521,0, 230, False, 1
1522,0, 230, False, 1
1523,0, 230, False, 1
1524,0, 230, False, 1
1525,0, 230, False, 1
1526,0, 230, False, 12
1527,0, 230, False, 4
1528,0, 230, False, 4
1529,0, 230, False, 4
1530,0, 230, False, 4
1531,0, 230, False, 4
1532,0, 230, False, 4
1533,0, 230, False, 4
1534,0, 230, False, 0
1535,0, 230, False, 0
1536,0, 230, False, 3
1537,0, 230, False, 3
1538,0, 230, False, 3
1539,0, 230, False, 3
1540,0, 230, False, 3
1541,0, 230, False, 3
1542,0, 230, False, 3
1543,0, 230, False, 3
1544,0, 230, False, 3
1545,0, 230, False, 3
1546,0, 230, False, 3
1547,0, 230, False, 0
1548,0, 230, False, 0
1549,0, 230, False, 0
1550,0, 230, False, 0
1551,0, 230, False, 0
1552,0, 230, False, 0
1553,0, 230, False, 0
1554,0, 230, False, 0
1555,0, 230, False, 0
1556,0, 230, False, 0
1557,0, 230, False, 0
1558,0, 230, False, 0
1559,0, 230, False, 0
1560,0, 230, False, 0
1561,0, 230, False, 0
1562,0, 230, False, 0
1563,0, 230, False, 0
1564,0, 230, False, 0
1565,0, 230, False, 0
1566,0, 230, False, 0
1567,0, 230, False, 0
1568,0, 230, False, 0
1569,0, 230, False, 0
1570,0, 230, False, 0
1571,0, 230, False, 0
1572,0, 230, False, 0
1573,0, 230, False, 0
1574,0, 230, False, 0
1575,0, 230, False, 0
1576,0, 230, False, 0
1577,0, 230, False, 0
1578,0, 230, False, 0
1579,0, 230, False, 0
1580,0, 230, False, 0
1581,0, 230, False, 0
1582,0, 230, False, 0
1583,0, 230, False, 0
1584,0, 230, False, 0
1585,0, 230, False, 0
1586,0, 230, False, 0
1587,0, 230, False, 0
1588,0, 230, False, 0
1589,0, 230, False, 0
1590,0, 230, False, 0
1591,0, 230, False, 0
1592,0, 230, False, 0
1593,0, 230, False, 0
1594,0, 230, False, 0
1595,0, 230, False, 0
1596,0, 230, False, 0
1597,0, 230, False, 0
1598,0, 230, False, 0
1599,0, 230, False, 0
1600,0, 230, False, 0
1601,0, 230, False, 0
1602,0, 230, False, 0
1603,0, 230, False, 0
1604,0, 230, False, 0
1605,0, 230, False, 0
1606,0, 230, False, 0
1607,0, 230, False, 0
1608,0, 230, False, 0
1609,0, 230, False, 0
1610,0, 230, False, 0
1611,0, 230, False, 0
1612,0, 230, False, 0
1613,0, 230, False, 0
1614,0, 230, False, 0
1615,0, 230, False, 0
1616,0, 230, False, 0
1617,0, 230, False, 0
1618,0, 230, False, 0
1619,0, 230, False, 0
1620,0, 230, False, 0
1621,0, 230, False, 0
1622,0, 230, False, 0
1623,0, 230, False, 0
1624,0, 230, False, 0
1625,0, 230, False, 0
1626,0, 230, False, 0
1627,0, 230, False, 0
1628,0, 230, False, 0
1629,0, 230, False, 0
1630,0, 230, False, 0
1631,0, 230, False, 0
1632,0, 230, False, 0
1633,0, 230, False, 0
1634,0, 230, False, 0
1635,0, 230, False, 0
1636,0, 230, False, 0
1637,0, 230, False, 0
1638,0, 230, False, 0
1639,0, 230, False, 0
1640,0, 230, False, 0
1641,0, 230, False, 0
1642,0, 230, False, 0
1643,0, 230, False, 0
1644,0, 230, False, 0
1645,0, 230, False, 0
1646,0, 230, False, 0
1647,0, 230, False, 0
1648,0, 230, False, 0
1649,0, 230, False, 0
1650,0, 230, False, 0
1651,0, 230, False, 0
1652,0, 230, False, 0
1653,0, 230, False, 0
1654,0, 230, False, 0
1655,0, 230, False, 0
1656,0, 230, False, 0
1657,0, 230, False, 0
1658,0, 230, False, 0
1659,0, 230, False, 0
1660,0, 230, False, 4
1661,0, 230, False, 4
1662,0, 230, False, 4
1663,0, 230, False, 4
1664,0, 230, False, 4
1665,0, 230, False, 4
1666,0, 230, False, 4
1667,0, 230, False, 4
1668,0, 230, False, 4
1669,0, 230, False, 4
1670,0, 230, False, 4
1671,0, 230, False, 4
1672,0, 230, False, 4
1673,0, 230, False, 4
1674,0, 230, False, 4
1675,0, 230, False, 4
1676,0, 230, False, 4
1677,0, 230, False, 4
1678,0, 230, False, 4
1679,0, 230, False, 4
1680,0, 230, False, 4
1681,0, 230, False, 4
1682,0, 230, False, 0
1683,0, 230, False, 0
1684,0, 230, False, 0
1685,0, 230, False, 0
1686,0, 230, False, 3
1687,0, 230, False, 3
1688,0, 230, False, 3
1689,0, 230, False, 3
1690,0, 230, False, 3
1691,0, 230, False, 3
1692,0, 230, False, 3
1693,0, 230, False, 3
1694,0, 230, False, 3
1695,0, 230, False, 3
1696,0, 230, False, 3
1697,0, 230, False, 3
1698,0, 230, False, 3
1699,0, 230, False, 0
1700,0, 230, False, 0
1701,0, 230, False, 0
1702,0, 230, False, 0
1703,0, 230, False, 0
1704,0, 230, False, 0
1705,0, 230, False, 0
1706,0, 230, False, 0
1707,0, 230, False, 0
1708,0, 230, False, 0
1709,0, 230, False, 0
1710,0, 230, False, 0
1711,0, 230, False, 0
1712,0, 230, False, 0
1713,0, 230, False, 0
1714,0, 230, False, 0
1715,0, 230, False, 0
1716,0, 230, False, 0
1717,0, 230, False, 0
1718,0, 230, False, 0
1719,0, 230, False, 0
1720,0, 230, False, 3
1721,0, 230, False, 3
1722,0, 230, False, 3
1723,0, 230, False, 3
1724,0, 230, False, 3
1725,0, 230, False, 3
1726,0, 230, False, 3
1727,0, 230, False, 3
1728,0, 230, False, 3
1729,0, 230, False, 3
1730,0, 230, False, 3
1731,0, 230, False, 3
1732,0, 230, False, 0
1733,0, 230, False, 0
1734,0, 230, False, 0
1735,0, 230, False, 0
1736,0, 230, False, 0
1737,0, 230, False, 0
1738,0, 230, False, 0
1739,0, 230, False, 0
1740,0, 230, False, 0
1741,0, 230, False, 0
1742,0, 230, False, 0
1743,0, 230, False, 0
1744,0, 230, False, 0
1745,0, 230, False, 0
1746,0, 230, False, 0
1747,0, 230, False, 0
1748,0, 230, False, 0
1749,0, 230, False, 0
1750,0, 230, False, 3
1751,0, 230, False, 3
1752,0, 230, False, 3
1753,0, 230, False, 3
1754,0, 230, False, 3
1755,0, 230, False, 3
1756,0, 230, False, 3
1757,0, 230, False, 3
1758,0, 230, False, 3
1759,0, 230, False, 3
1760,0, 230, False, 3
1761,0, 230, False, 3
1762,0, 230, False, 3
1763,0, 230, False, 3
1764,0, 230, False, 3
1765,0, 230, False, 3
1766,0, 230, False, 3
1767,0, 230, False, 3
1768,0, 230, False, 3
1769,0, 230, False, 3
1770,0, 230, False, 3
1771,0, 230, False, 3
1772,0, 230, False, 3
1773,0, 230, False, 11
1774,0, 230, False, 11
1775,0, 230, False, 11
1776,0, 230, False, 11
1777,0, 230, False, 11
1778,0, 230, False, 11
1779,0, 230, False, 11
1780,0, 230, False, 1
1781,0, 230, False, 1
1782,0, 230, False, 1
1783,0, 230, False, 1
1784,0, 230, False, 1
1785,0, 230, False, 1
1786,0, 230, False, 1
1787,0, 230, False, 1
1788,0, 230, False, 1
1789,0, 230, False, 1
1790,0, 230, False, 1
1791,0, 230, False, 1
1792,0, 230, False, 1
1793,0, 230, False, 11
1794,0, 230, False, 11
1795,0, 230, False, 11
1796,0, 230, False, 11
1797,0, 230, False, 11
1798,0, 230, False, 11
1799,0, 230, False, 11
1800,0, 230, False, 11
1801,0, 230, False, 11
1802,0, 230, False, 11
1803,0, 230, False, 11
1804,0, 230, False, 11
1805,0, 230, False, 11
1806,0, 230, False, 11
1807,0, 230, False, 1
1808,0, 230, False, 1
1809,0, 230, False, 1
1810,0, 230, False, 1
1811,0, 230, False, 1
1812,0, 230, False, 1
1813,0, 230, False, 1
1814,0, 230, False, 1
1815,0, 230, False, 1
1816,0, 230, False, 1
1817,0, 230, False, 1
1818,0, 230, False, 1
1819,0, 230, False, 1
1820,0, 230, False, 1
1821,0, 230, False, 11
1822,0, 230, False, 11
1823,0, 230, False, 11
1824,0, 230, False, 11
1825,0, 230, False, 11
1826,0, 230, False, 11
1827,0, 230, False, 11
1828,0, 230, False, 11
1829,0, 230, False, 1
1830,0, 230, False, 1
1831,0, 230, False, 1
1832,0, 230, False, 1
1833,0, 230, False, 1
1834,0, 230, False, 1
1835,0, 230, False, 1
1836,0, 230, False, 1
1837,0, 230, False, 1
1838,0, 230, False, 1
1839,0, 230, False, 1
1840,0, 230, False, 1
1841,0, 230, False, 1
1842,0, 230, False, 1
1843,0, 230, False, 1
1844,0, 230, False, 1
1845,0, 230, False, 1
1846,0, 230, False, 1
1847,0, 230, False, 1
1848,0, 230, False, 1
1849,0, 230, False, 1
1850,0, 230, False, 1
1851,0, 230, False, 1
1852,0, 230, False, 11
1853,0, 230, False, 11
1854,0, 230, False, 11
1855,0, 230, False, 11
1856,0, 230, False, 11
1857,0, 230, False, 11
1858,0, 230, False, 11
1859,0, 230, False, 11
1860,0, 230, False, 11
1861,0, 230, False, 11
1862,0, 230, False, 11
1863,0, 230, False, 11
1864,0, 230, False, 1
1865,0, 230, False, 1
1866,0, 230, False, 1
1867,0, 230, False, 1
1868,0, 230, False, 1
1869,0, 230, False, 1
1870,0, 230, False, 1
1871,0, 230, False, 1
1872,0, 230, False, 1
1873,0, 230, False, 1
1874,0, 230, False, 11
1875,0, 230, False, 11
1876,0, 230, False, 11
1877,0, 230, False, 3
1878,0, 230, False, 3
1879,0, 230, False, 3
1880,0, 230, False, 3
1881,0, 230, False, 3
1882,0, 230, False, 3
1883,0, 230, False, 3
1884,0, 230, False, 3
1885,0, 230, False, 3
1886,0, 230, False, 3
1887,0, 230, False, 3
1888,0, 230, False, 3
1889,0, 230, False, 3
1890,0, 230, False, 3
1891,0, 230, False, 3
1892,0, 230, False, 3
1893,0, 230, False, 3
1894,0, 230, False, 3
1895,0, 230, False, 3
1896,0, 230, False, 3
1897,0, 230, False, 3
1898,0, 230, False, 3
1899,0, 230, False, 3
1900,0, 230, False, 3
1901,0, 230, False, 3
1902,0, 230, False, 3
1903,0, 230, False, 0
1904,0, 230, False, 0
1905,0, 230, False, 0
1906,0, 230, False, 0
1907,0, 230, False, 1
1908,0, 230, False, 1
1909,0, 230, False, 1
1910,0, 230, False, 1
1911,0, 230, False, 1
1912,0, 230, False, 1
1913,0, 230, False, 1
1914,0, 230, False, 1
1915,0, 230, False, 1
1916,30, 260, False, 1
1917,0, 260, False, 1
1918,0, 260, False, 1
1919,0, 260, False, 1
1920,0, 260, False, 1
1921,0, 260, False, 1
1922,0, 260, False, 1
1923,0, 260, False, 1
1924,0, 260, False, 1
1925,0, 260, False, 1
1926,0, 260, False, 1
1927,0, 260, False, 1
1928,0, 260, False, 1
1929,0, 260, False, 1
1930,0, 260, False, 1
1931,0, 260, False, 1
1932,5, 265, False, 1
1933,0, 265, False, 1
1934,0, 265, False, 1
1935,0, 265, False, 1
1936,0, 265, False, 1
1937,0, 265, False, 1
1938,0, 265, False, 1
1939,0, 265, False, 1
1940,0, 265, False, 1
1941,0, 265, False, 1
1942,0, 265, False, 1
1943,0, 265, False, 1
1944,0, 265, False, 1
1945,0, 265, False, 1
1946,0, 265, False, 1
1947,0, 265, False, 1
1948,0, 265, False, 1
1949,0, 265, False, 1
1950,0, 265, False, 11
1951,0, 265, False, 11
1952,0, 265, False, 11
1953,0, 265, False, 11
1954,0, 265, False, 11
1955,0, 265, False, 11
1956,10, 275, False, 11
1957,0, 275, False, 11
1958,0, 275, False, 11
1959,0, 275, False, 11
1960,0, 275, False, 11
1961,0, 275, False, 11
1962,0, 275, False, 11
1963,0, 275, False, 1
1964,0, 275, False, 1
1965,0, 275, False, 1
1966,0, 275, False, 1
1967,0, 275, False, 1
1968,0, 275, False, 1
1969,0, 275, False, 1
1970,0, 275, False, 1
1971,0, 275, False, 1
1972,0, 275, False, 1
1973,0, 275, False, 1
1974,0, 275, False, 1
1975,0, 275, False, 1
1976,0, 275, False, 1
1977,0, 275, False, 1
1978,0, 275, False, 11
1979,0, 275, False, 11
1980,0, 275, False, 11
1981,0, 275, False, 11
1982,0, 275, False, 11
1983,0, 275, False, 11
1984,0, 275, False, 11
1985,0, 275, False, 11
1986,0, 275, False, 11
1987,0, 275, False, 11
1988,0, 275, False, 11
1989,0, 275, False, 11
1990,15, 290, False, 11
1991,0, 290, False, 11
1992,0, 290, False, 11
1993,0, 290, False, 11
1994,0, 290, False, 11
1995,0, 290, False, 11
1996,0, 290, False, 11
1997,0, 290, False, 11
1998,0, 290, False, 11
1999,0, 290, False, 11
2000,0, 290, False, 11
2001,0, 290, False, 11
2002,0, 290, False, 11
2003,0, 290, False, 11
2004,0, 290, False, 11
2005,0, 290, False, 11
2006,0, 290, False, 11
2007,0, 290, False, 11
2008,0, 290, False, 11
2009,0, 290, False, 11
2010,0, 290, False, 11
2011,0, 290, False, 11
2012,0, 290, False, 11
2013,0, 290, False, 11
2014,0, 290, False, 3
2015,0, 290, False, 3
2016,0, 290, False, 3
2017,0, 290, False, 3
2018,0, 290, False, 3
2019,0, 290, False, 0
2020,0, 290, False, 0
2021,0, 290, False, 0
2022,0, 290, False, 0
2023,0, 290, False, 0
2024,0, 290, False, 0
2025,0, 290, False, 0
2026,0, 290, False, 0
2027,0, 290, False, 0
2028,0, 290, False, 0
2029,0, 290, False, 0
2030,0, 290, False, 0
2031,0, 290, False, 0
2032,0, 290, False, 0
2033,0, 290, False, 0
2034,0, 290, False, 0
2035,0, 290, False, 0
2036,0, 290, False, 0
2037,0, 290, False, 0
2038,0, 290, False, 0
2039,0, 290, False, 0
2040,0, 290, False, 0
2041,0, 290, False, 0
2042,0, 290, False, 0
2043,0, 290, False, 0
2044,0, 290, False, 0
2045,0, 290, False, 0
2046,0, 290, False, 0
2047,0, 290, False, 0
2048,0, 290, False, 0
2049,0, 290, False, 0
2050,0, 290, False, 0
2051,0, 290, False, 0
2052,0, 290, False, 0
2053,0, 290, False, 0
2054,0, 290, False, 0
2055,0, 290, False, 0
2056,0, 290, False, 0
2057,0, 290, False, 0
2058,0, 290, False, 0
2059,0, 290, False, 0
2060,0, 290, False, 0
2061,0, 290, False, 0
2062,0, 290, False, 0
2063,0, 290, False, 0
2064,0, 290, False, 0
2065,0, 290, False, 0
2066,0, 290, False, 0
2067,0, 290, False, 0
2068,0, 290, False, 0
2069,0, 290, False, 0
2070,0, 290, False, 0
2071,0, 290, False, 0
2072,0, 290, False, 3
2073,0, 290, False, 3
2074,0, 290, False, 3
2075,0, 290, False, 3
2076,0, 290, False, 3
2077,0, 290, False, 3
2078,0, 290, False, 3
2079,0, 290, False, 3
2080,0, 290, False, 3
2081,0, 290, False, 3
2082,0, 290, False, 3
2083,0, 290, False, 3
2084,0, 290, False, 3
2085,0, 290, False, 3
2086,0, 290, False, 3
2087,0, 290, False, 3
2088,0, 290, False, 3
2089,0, 290, False, 3
2090,0, 290, False, 3
2091,0, 290, False, 3
2092,0, 290, False, 3
2093,0, 290, False, 3
2094,0, 290, False, 3
2095,0, 290, False, 3
2096,0, 290, False, 3
2097,0, 290, False, 3
2098,0, 290, False, 0
2099,0, 290, False, 0
2100,0, 290, False, 0
2101,0, 290, False, 0
2102,0, 290, False, 0
2103,0, 290, False, 0
2104,0, 290, False, 0
2105,0, 290, False, 0
2106,0, 290, False, 0
2107,0, 290, False, 0
2108,0, 290, False, 0
2109,0, 290, False, 0
2110,0, 290, False, 0
2111,0, 290, False, 0
2112,0, 290, False, 0
2113,0, 290, False, 0
2114,0, 290, False, 0
2115,0, 290, False, 0
2116,0, 290, False, 0
2117,0, 290, False, 0
2118,0, 290, False, 0
2119,0, 290, False, 0
2120,0, 290, False, 0
2121,0, 290, False, 0
2122,0, 290, False, 0
2123,0, 290, False, 0
2124,0, 290, False, 0
2125,0, 290, False, 0
2126,0, 290, False, 0
2127,0, 290, False, 0
2128,0, 290, False, 0
2129,0, 290, False, 0
2130,0, 290, False, 0
2131,0, 290, False, 0
2132,0, 290, False, 0
2133,0, 290, False, 0
2134,0, 290, False, 0
2135,0, 290, False, 0
2136,0, 290, False, 0
2137,0, 290, False, 0
2138,0, 290, False, 0
2139,0, 290, False, 3
2140,0, 290, False, 3
2141,0, 290, False, 3
2142,0, 290, False, 3
2143,0, 290, False, 3
2144,0, 290, False, 3
2145,0, 290, False, 3
2146,0, 290, False, 3
2147,0, 290, False, 3
2148,0, 290, False, 3
2149,0, 290, False, 3
2150,0, 290, False, 3
2151,0, 290, False, 3
2152,0, 290, False, 3
2153,0, 290, False, 3
2154,0, 290, False, 3
2155,0, 290, False, 3
2156,0, 290, False, 3
2157,0, 290, False, 3
2158,0, 290, False, 3
2159,0, 290, False, 3
2160,0, 290, False, 3
2161,0, 290, False, 3
2162,0, 290, False, 3
2163,0, 290, False, 3
2164,0, 290, False, 3
2165,0, 290, False, 3
2166,0, 290, False, 3
2167,0, 290, False, 3
2168,0, 290, False, 3
2169,0, 290, False, 3
2170,0, 290, False, 3
2171,0, 290, False, 3
2172,0, 290, False, 3
2173,0, 290, False, 3
2174,0, 290, False, 3
2175,0, 290, False, 3
2176,0, 290, False, 3
2177,0, 290, False, 3
2178,0, 290, False, 3
2179,0, 290, False, 3
2180,0, 290, False, 3
2181,0, 290, False, 3
2182,0, 290, False, 3
2183,0, 290, False, 3
2184,0, 290, False, 3
2185,0, 290, False, 3
2186,0, 290, False, 3
2187,0, 290, False, 3
2188,0, 290, False, 3
2189,0, 290, False, 3
2190,0, 290, False, 3
2191,0, 290, False, 3
2192,0, 290, False, 3
2193,0, 290, False, 3
2194,0, 290, False, 3
2195,0, 290, False, 3
2196,0, 290, False, 3
2197,0, 290, False, 3
2198,0, 290, False, 3
2199,0, 290, False, 3
2200,0, 290, False, 3
2201,0, 290, False, 3
2202,0, 290, False, 3
2203,0, 290, False, 3
2204,0, 290, False, 3
2205,0, 290, False, 3
2206,0, 290, False, 3
2207,0, 290, False, 3
2208,0, 290, False, 3
2209,0, 290, False, 3
2210,0, 290, False, 3
2211,0, 290, False, 3
2212,0, 290, False, 3
2213,0, 290, False, 3
2214,0, 290, False, 3
2215,0, 290, False, 3
2216,0, 290, False, 3
2217,0, 290, False, 3
2218,0, 290, False, 3
2219,0, 290, False, 3
2220,0, 290, False, 3
2221,0, 290, False, 3
2222,0, 290, False, 3
2223,0, 290, False, 3
2224,0, 290, False, 3
2225,0, 290, False, 3
2226,0, 290, False, 3
2227,0, 290, False, 3
2228,0, 290, False, 3
2229,0, 290, False, 3
2230,0, 290, False, 3
2231,0, 290, False, 3
2232,0, 290, False, 3
2233,0, 290, False, 3
2234,0, 290, False, 3
2235,0, 290, False, 3
2236,0, 290, False, 3
2237,0, 290, False, 3
2238,0, 290, False, 3
2239,0, 290, False, 3
2240,0, 290, False, 3
2241,0, 290, False, 3
2242,0, 290, False, 3
2243,0, 290, False, 3
2244,0, 290, False, 3
2245,0, 290, False, 3
2246,0, 290, False, 3
2247,0, 290, False, 3
2248,0, 290, False, 3
2249,0, 290, False, 3
2250,0, 290, False, 3
2251,0, 290, False, 3
2252,0, 290, False, 3
2253,0, 290, False, 3
2254,0, 290, False, 3
2255,0, 290, False, 3
2256,0, 290, False, 3
2257,0, 290, False, 3
2258,0, 290, False, 3
2259,0, 290, False, 3
2260,0, 290, False, 3
2261,0, 290, False, 3
2262,0, 290, False, 3
2263,0, 290, False, 3
2264,0, 290, False, 3
2265,0, 290, False, 3
2266,0, 290, False, 3
2267,0, 290, False, 3
2268,0, 290, False, 3
2269,0, 290, False, 3
2270,0, 290, False, 3
2271,0, 290, False, 3
2272,0, 290, False, 3
2273,0, 290, False, 3
2274,0, 290, False, 3
2275,0, 290, False, 3
2276,0, 290, False, 3
2277,0, 290, False, 3
2278,0, 290, False, 3
2279,0, 290, False, 3
2280,0, 290, False, 3
2281,0, 290, False, 3
2282,0, 290, False, 3
2283,0, 290, False, 3
2284,0, 290, False, 3
2285,0, 290, False, 3
2286,0, 290, False, 3
2287,0, 290, False, 3
2288,0, 290, False, 3
2289,0, 290, False, 3
2290,0, 290, False, 3
2291,0, 290, False, 3
2292,0, 290, False, 3
2293,0, 290, False, 3
2294,0, 290, False, 3
2295,0, 290, False, 3
2296,0, 290, False, 3
2297,0, 290, False, 3
2298,0, 290, False, 3
2299,0, 290, False, 3
2300,0, 290, False, 3
2301,0, 290, False, 3
2302,0, 290, False, 3
2303,0, 290, False, 3
2304,0, 290, False, 3
2305,0, 290, False, 3
2306,0, 290, False, 3
2307,0, 290, False, 3
2308,0, 290, False, 3
2309,0, 290, False, 3
2310,0, 290, False, 3
2311,0, 290, False, 3
2312,0, 290, False, 3
2313,0, 290, False, 3
2314,0, 290, False, 3
2315,0, 290, False, 3
2316,0, 290, False, 3
2317,0, 290, False, 3
2318,0, 290, False, 0
2319,0, 290, False, 0
2320,0, 290, False, 0
2321,0, 290, False, 1
2322,0, 290, False, 1
2323,0, 290, False, 1
2324,0, 290, False, 1
2325,0, 290, False, 1
2326,0, 290, False, 1
2327,0, 290, False, 1
2328,0, 290, False, 1
2329,0, 290, False, 1
2330,0, 290, False, 1
2331,0, 290, False, 1
2332,5, 295, False, 1
2333,0, 295, False, 1
2334,0, 295, False, 1
2335,0, 295, False, 1
2336,0, 295, False, 1
2337,0, 295, False, 1
2338,0, 295, False, 1
2339,0, 295, False, 1
2340,0, 295, False, 1
2341,0, 295, False, 1
2342,0, 295, False, 1
2343,0, 295, False, 1
2344,0, 295, False, 1
2345,0, 295, False, 1
2346,0, 295, False, 1
2347,0, 295, False, 1
2348,0, 295, False, 1
2349,0, 295, False, 1
2350,0, 295, False, 1
2351,0, 295, False, 1
2352,10, 305, False, 1
2353,0, 305, False, 1
2354,0, 305, False, 1
2355,0, 305, False, 1
2356,0, 305, False, 1
2357,0, 305, False, 1
2358,0, 305, False, 1
2359,0, 305, False, 1
2360,0, 305, False, 1
2361,0, 305, False, 1
2362,0, 305, False, 1
2363,0, 305, False, 1
2364,0, 305, False, 1
2365,0, 305, False, 1
2366,0, 305, False, 1
2367,0, 305, False, 1
2368,0, 305, False, 1
2369,0, 305, False, 1
2370,0, 305, False, 1
2371,0, 305, False, 1
2372,0, 305, False, 1
2373,0, 305, False, 1
2374,0, 305, False, 1
2375,0, 305, False, 1
2376,0, 305, False, 1
2377,0, 305, False, 1
2378,0, 305, False, 1
2379,0, 305, False, 1
2380,0, 305, False, 1
2381,0, 305, False, 1
2382,15, 320, False, 1
2383,0, 320, False, 1
2384,0, 320, False, 1
2385,0, 320, False, 1
2386,0, 320, False, 1
2387,0, 320, False, 1
2388,0, 320, False, 1
2389,0, 320, False, 1
2390,0, 320, False, 1
2391,0, 320, False, 1
2392,0, 320, False, 1
2393,0, 320, False, 1
2394,0, 320, False, 1
2395,0, 320, False, 1
2396,0, 320, False, 1
2397,0, 320, False, 1
2398,0, 320, False, 1
2399,0, 320, False, 1
2400,0, 320, False, 1
2401,0, 320, False, 1
2402,0, 320, False, 1
2403,0, 320, False, 1
2404,0, 320, False, 1
2405,0, 320, False, 1
2406,0, 320, False, 1
2407,0, 320, False, 1
2408,0, 320, False, 1
2409,0, 320, False, 1
2410,0, 320, False, 1
2411,0, 320, False, 1
2412,0, 320, False, 1
2413,0, 320, False, 1
2414,0, 320, False, 1
2415,0, 320, False, 1
2416,0, 320, False, 1
2417,0, 320, False, 1
2418,0, 320, False, 1
2419,0, 320, False, 1
2420,0, 320, False, 1
2421,0, 320, False, 1
2422,0, 320, False, 1
2423,0, 320, False, 1
2424,0, 320, False, 1
2425,0, 320, False, 1
2426,0, 320, False, 1
2427,0, 320, False, 1
2428,0, 320, False, 1
2429,0, 320, False, 1
2430,0, 320, False, 1
2431,0, 320, False, 1
2432,0, 320, False, 1
2433,0, 320, False, 1
2434,0, 320, False, 11
2435,0, 320, False, 11
2436,0, 320, False, 11
2437,0, 320, False, 11
2438,0, 320, False, 11
2439,0, 320, False, 11
2440,0, 320, False, 11
2441,0, 320, False, 11
2442,0, 320, False, 11
2443,0, 320, False, 11
2444,0, 320, False, 11
2445,0, 320, False, 11
2446,0, 320, False, 11
2447,0, 320, False, 1
2448,0, 320, False, 1
2449,0, 320, False, 1
2450,0, 320, False, 1
2451,0, 320, False, 1
2452,0, 320, False, 1
2453,0, 320, False, 1
2454,0, 320, False, 1
2455,0, 320, False, 1
2456,0, 320, False, 1
2457,0, 320, False, 1
2458,0, 320, False, 1
2459,0, 320, False, 1
2460,0, 320, False, 1
2461,0, 320, False, 1
2462,0, 320, False, 1
2463,0, 320, False, 1
2464,0, 320, False, 1
2465,0, 320, False, 1
2466,0, 320, False, 1
2467,0, 320, False, 1
2468,0, 320, False, 1
2469,0, 320, False, 1
2470,0, 320, False, 1
2471,0, 320, False, 1
2472,0, 320, False, 1
2473,0, 320, False, 1
2474,0, 320, False, 1
2475,0, 320, False, 1
2476,5, 325, False, 1
2477,0, 325, False, 1
2478,0, 325, False, 1
2479,0, 325, False, 1
2480,0, 325, False, 1
2481,0, 325, False, 1
2482,0, 325, False, 1
2483,0, 325, False, 1
2484,0, 325, False, 1
2485,0, 325, False, 1
2486,0, 325, False, 1
2487,0, 325, False, 1
2488,0, 325, False, 1
2489,0, 325, False, 1
2490,0, 325, False, 1
2491,0, 325, False, 1
2492,0, 325, False, 1
2493,0, 325, False, 1
2494,0, 325, False, 1
2495,0, 325, False, 1
2496,10, 335, False, 1
2497,0, 335, False, 1
2498,0, 335, False, 1
2499,0, 335, False, 1
2500,0, 335, False, 1
2501,0, 335, False, 1
2502,0, 335, False, 1
2503,0, 335, False, 12
2504,0, 335, False, 12
2505,0, 335, False, 12
2506,0, 335, False, 12
2507,0, 335, False, 12
2508,0, 335, False, 12
2509,0, 335, False, 12
2510,0, 335, False, 1
2511,0, 335, False, 1
2512,0, 335, False, 1
2513,0, 335, False, 1
2514,0, 335, False, 1
2515,0, 335, False, 1
2516,0, 335, False, 1
2517,0, 335, False, 1
2518,0, 335, False, 1
2519,0, 335, False, 1
2520,0, 335, False, 1
2521,0, 335, False, 1
2522,0, 335, False, 1
2523,0, 335, False, 1
2524,0, 335, False, 1
2525,0, 335, False, 1
2526,0, 335, False, 1
2527,0, 335, False, 1
2528,0, 335, False, 1
2529,0, 335, False, 1
2530,0, 335, False, 1
2531,0, 335, False, 1
2532,0, 335, False, 1
2533,0, 335, False, 1
2534,0, 335, False, 1
2535,0, 335, False, 1
2536,0, 335, False, 1
2537,0, 335, False, 1
2538,0, 335, False, 1
2539,0, 335, False, 1
2540,0, 335, False, 12
2541,0, 335, False, 12
2542,0, 335, False, 12
2543,0, 335, False, 12
2544,0, 335, False, 12
2545,0, 335, False, 12
2546,0, 335, False, 12
2547,0, 335, False, 12
2548,0, 335, False, 12
2549,0, 335, False, 1
2550,0, 335, False, 1
2551,0, 335, False, 1
2552,0, 335, False, 1
2553,0, 335, False, 1
2554,0, 335, False, 1
2555,0, 335, False, 1
2556,0, 335, False, 1
2557,0, 335, False, 1
2558,0, 335, False, 1
2559,0, 335, False, 1
2560,0, 335, False, 1
2561,0, 335, False, 1
2562,0, 335, False, 1
2563,0, 335, False, 1
2564,0, 335, False, 1
2565,0, 335, False, 1
2566,0, 335, False, 1
2567,0, 335, False, 1
2568,0, 335, False, 1
2569,0, 335, False, 1
2570,0, 335, False, 1
2571,0, 335, False, 1
2572,0, 335, False, 1
2573,0, 335, False, 1
2574,0, 335, False, 1
2575,0, 335, False, 1
2576,0, 335, False, 1
2577,0, 335, False, 12
2578,0, 335, False, 12
2579,0, 335, False, 12
2580,0, 335, False, 12
2581,0, 335, False, 12
2582,0, 335, False, 12
2583,0, 335, False, 12
2584,0, 335, False, 12
2585,0, 335, False, 12
2586,0, 335, False, 12
2587,0, 335, False, 12
2588,0, 335, False, 12
2589,0, 335, False, 12
2590,0, 335, False, 12
2591,0, 335, False, 1
2592,0, 335, False, 1
2593,0, 335, False, 1
2594,0, 335, False, 1
2595,0, 335, False, 1
2596,0, 335, False, 1
2597,0, 335, False, 1
2598,0, 335, False, 1
2599,0, 335, False, 1
2600,0, 335, False, 1
2601,0, 335, False, 1
2602,0, 335, False, 1
2603,0, 335, False, 1
2604,15, 350, False, 1
2605,0, 350, False, 1
2606,0, 350, False, 1
2607,0, 350, False, 1
2608,0, 350, False, 1
2609,0, 350, False, 1
2610,0, 350, False, 1
2611,0, 350, False, 1
2612,0, 350, False, 1
2613,0, 350, False, 1
2614,0, 350, False, 1
2615,0, 350, False, 1
2616,0, 350, False, 1
2617,0, 350, False, 1
2618,0, 350, False, 1
2619,0, 350, False, 1
2620,0, 350, False, 1
2621,0, 350, False, 1
2622,0, 350, False, 1
2623,0, 350, False, 1
2624,0, 350, False, 1
2625,0, 350, False, 1
2626,0, 350, False, 1
2627,0, 350, False, 1
2628,0, 350, False, 1
2629,0, 350, False, 1
2630,0, 350, False, 1
2631,0, 350, False, 1
2632,0, 350, False, 1
2633,0, 350, False, 1
2634,0, 350, False, 1
2635,0, 350, False, 1
2636,20, 370, False, 1
2637,0, 370, False, 1
2638,0, 370, False, 1
2639,0, 370, False, 1
2640,0, 370, False, 1
2641,0, 370, False, 1
2642,0, 370, False, 1
2643,0, 370, False, 1
2644,0, 370, False, 1
2645,0, 370, False, 1
2646,0, 370, False, 1
2647,0, 370, False, 1
2648,0, 370, False, 1
2649,0, 370, False, 1
2650,0, 370, False, 1
2651,0, 370, False, 11
2652,0, 370, False, 11
2653,0, 370, False, 11
2654,0, 370, False, 11
2655,0, 370, False, 11
2656,0, 370, False, 11
2657,0, 370, False, 11
2658,0, 370, False, 11
2659,0, 370, False, 11
2660,0, 370, False, 11
2661,0, 370, False, 11
2662,0, 370, False, 11
2663,0, 370, False, 11
2664,0, 370, False, 1
2665,0, 370, False, 1
2666,0, 370, False, 1
2667,0, 370, False, 1
2668,0, 370, False, 1
2669,0, 370, False, 1
2670,0, 370, False, 1
2671,0, 370, False, 1
2672,0, 370, False, 1
2673,0, 370, False, 1
2674,0, 370, False, 1
2675,0, 370, False, 1
2676,0, 370, False, 1
2677,0, 370, False, 1
2678,25, 395, False, 1
2679,0, 395, False, 1
2680,0, 395, False, 1
2681,0, 395, False, 1
2682,0, 395, False, 1
2683,0, 395, False, 1
2684,0, 395, False, 1
2685,0, 395, False, 1
2686,0, 395, False, 1
2687,0, 395, False, 1
2688,0, 395, False, 1
2689,0, 395, False, 11
2690,0, 395, False, 11
2691,0, 395, False, 11
2692,0, 395, False, 11
2693,0, 395, False, 11
2694,0, 395, False, 11
2695,0, 395, False, 11
2696,0, 395, False, 11
2697,0, 395, False, 11
2698,0, 395, False, 11
2699,0, 395, False, 11
2700,0, 395, False, 11
2701,0, 395, False, 11
2702,0, 395, False, 11
2703,0, 395, False, 11
2704,0, 395, False, 11
2705,0, 395, False, 1
2706,0, 395, False, 1
2707,0, 395, False, 1
2708,0, 395, False, 1
2709,0, 395, False, 1
2710,0, 395, False, 1
2711,0, 395, False, 1
2712,0, 395, False, 1
2713,0, 395, False, 1
2714,0, 395, False, 1
2715,0, 395, False, 1
2716,0, 395, False, 1
2717,0, 395, False, 1
2718,0, 395, False, 1
2719,0, 395, False, 1
2720,0, 395, False, 1
2721,0, 395, False, 11
2722,0, 395, False, 11
2723,0, 395, False, 11
2724,0, 395, False, 11
2725,0, 395, False, 11
2726,0, 395, False, 1
2727,0, 395, False, 1
2728,30, 425, False, 1
2729,0, 425, False, 1
2730,0, 425, False, 1
2731,0, 425, False, 1
2732,0, 425, False, 1
2733,0, 425, False, 1
2734,0, 425, False, 1
2735,0, 425, False, 1
2736,0, 425, False, 11
2737,0, 425, False, 11
2738,0, 425, False, 11
2739,0, 425, False, 11
2740,0, 425, False, 11
2741,0, 425, False, 11
2742,0, 425, False, 11
2743,0, 425, False, 11
2744,0, 425, False, 11
2745,0, 425, False, 11
2746,0, 425, False, 11
2747,0, 425, False, 11
2748,0, 425, False, 11
2749,0, 425, False, 11
2750,0, 425, False, 11
2751,0, 425, False, 11
2752,0, 425, False, 11
2753,0, 425, False, 11
2754,0, 425, False, 11
2755,0, 425, False, 11
2756,0, 425, False, 11
2757,0, 425, False, 11
2758,0, 425, False, 11
2759,0, 425, False, 11
2760,0, 425, False, 11
2761,0, 425, False, 11
2762,0, 425, False, 11
2763,0, 425, False, 11
2764,0, 425, False, 11
2765,0, 425, False, 11
2766,0, 425, False, 11
2767,0, 425, False, 11
2768,0, 425, False, 11
2769,0, 425, False, 11
2770,0, 425, False, 11
2771,0, 425, False, 11
2772,0, 425, False, 11
2773,0, 425, False, 11
2774,0, 425, False, 11
2775,0, 425, False, 11
2776,0, 425, False, 11
2777,0, 425, False, 11
2778,0, 425, False, 11
2779,0, 425, False, 11
2780,0, 425, False, 11
2781,0, 425, False, 11
2782,0, 425, False, 11
2783,0, 425, False, 11
2784,0, 425, False, 11
2785,0, 425, False, 11
2786,0, 425, False, 11
2787,0, 425, False, 11
2788,0, 425, False, 11
2789,0, 425, False, 11
2790,0, 425, False, 11
2791,0, 425, False, 3
2792,0, 425, False, 3
2793,0, 425, False, 3
2794,0, 425, False, 3
2795,0, 425, False, 3
2796,0, 425, False, 3
2797,0, 425, False, 0
2798,0, 425, False, 0
2799,0, 425, False, 0
2800,0, 425, False, 0
2801,0, 425, False, 0
2802,0, 425, False, 0
2803,0, 425, False, 0
2804,0, 425, False, 3
2805,0, 425, False, 3
2806,0, 425, False, 3
2807,0, 425, False, 3
2808,0, 425, False, 3
2809,0, 425, False, 3
2810,0, 425, False, 3
2811,0, 425, False, 3
2812,0, 425, False, 3
2813,0, 425, False, 3
2814,0, 425, False, 3
2815,0, 425, False, 3
2816,0, 425, False, 3
2817,0, 425, False, 3
2818,0, 425, False, 3
2819,0, 425, False, 3
2820,0, 425, False, 3
2821,0, 425, False, 3
2822,0, 425, False, 0
2823,0, 425, False, 0
2824,0, 425, False, 0
2825,0, 425, False, 0
2826,0, 425, False, 0
2827,0, 425, False, 0
2828,0, 425, False, 0
2829,0, 425, False, 0
2830,0, 425, False, 0
2831,0, 425, False, 0
2832,0, 425, False, 4
2833,0, 425, False, 4
2834,0, 425, False, 4
2835,0, 425, False, 4
2836,0, 425, False, 4
2837,0, 425, False, 0
2838,0, 425, False, 0
2839,0, 425, False, 0
2840,0, 425, False, 0
2841,0, 425, False, 0
2842,0, 425, False, 0
2843,0, 425, False, 0
2844,0, 425, False, 0
2845,0, 425, False, 0
2846,0, 425, False, 0
2847,0, 425, False, 0
2848,0, 425, False, 0
2849,0, 425, False, 0
2850,0, 425, False, 0
2851,0, 425, False, 0
2852,0, 425, False, 0
2853,0, 425, False, 0
2854,0, 425, False, 0
2855,0, 425, False, 4
2856,0, 425, False, 4
2857,0, 425, False, 4
2858,0, 425, False, 4
2859,0, 425, False, 4
2860,0, 425, False, 4
2861,0, 425, False, 4
2862,0, 425, False, 4
2863,0, 425, False, 4
2864,0, 425, False, 4
2865,0, 425, False, 4
2866,0, 425, False, 4
2867,0, 425, False, 4
2868,0, 425, False, 4
2869,0, 425, False, 4
2870,0, 425, False, 12
2871,0, 425, False, 1
2872,0, 425, False, 1
2873,0, 425, False, 1
2874,0, 425, False, 1
2875,0, 425, False, 1
2876,0, 425, False, 1
2877,0, 425, False, 1
2878,0, 425, False, 1
2879,0, 425, False, 1
2880,0, 425, False, 1
2881,0, 425, False, 1
2882,0, 425, False, 1
2883,0, 425, False, 1
2884,0, 425, False, 1
2885,0, 425, False, 1
2886,0, 425, False, 1
2887,0, 425, False, 1
2888,0, 425, False, 1
2889,0, 425, False, 1
2890,0, 425, False, 1
2891,0, 425, False, 1
2892,0, 425, False, 12
2893,0, 425, False, 12
2894,0, 425, False, 12
2895,0, 425, False, 12
2896,0, 425, False, 12
2897,0, 425, False, 12
2898,0, 425, False, 12
2899,0, 425, False, 12
2900,0, 425, False, 12
2901,0, 425, False, 12
2902,0, 425, False, 12
2903,0, 425, False, 12
2904,0, 425, False, 12
2905,0, 425, False, 12
2906,0, 425, False, 12
2907,0, 425, False, 12
2908,0, 425, False, 12
2909,0, 425, False, 12
2910,0, 425, False, 12
2911,0, 425, False, 12
2912,0, 425, False, 12
2913,0, 425, False, 12
2914,0, 425, False, 12
2915,0, 425, False, 12
2916,0, 425, False, 12
2917,0, 425, False, 12
2918,0, 425, False, 12
2919,0, 425, False, 12
2920,0, 425, False, 12
2921,0, 425, False, 12
2922,0, 425, False, 12
2923,0, 425, False, 12
2924,0, 425, False, 12
2925,0, 425, False, 12
2926,0, 425, False, 12
2927,0, 425, False, 12
2928,0, 425, False, 12
2929,0, 425, False, 1
2930,0, 425, False, 1
2931,0, 425, False, 1
2932,0, 425, False, 1
2933,0, 425, False, 1
2934,0, 425, False, 1
2935,0, 425, False, 1
2936,0, 425, False, 1
2937,0, 425, False, 1
2938,0, 425, False, 1
2939,0, 425, False, 1
2940,0, 425, False, 1
2941,0, 425, False, 1
2942,0, 425, False, 1
2943,0, 425, False, 1
2944,0, 425, False, 1
2945,0, 425, False, 1
2946,0, 425, False, 1
2947,0, 425, False, 1
2948,0, 425, False, 1
2949,0, 425, False, 1
2950,0, 425, False, 1
2951,0, 425, False, 1
2952,0, 425, False, 1
2953,0, 425, False, 1
2954,0, 425, False, 1
2955,0, 425, False, 1
2956,0, 425, False, 1
2957,0, 425, False, 1
2958,0, 425, False, 1
2959,0, 425, False, 1
2960,0, 425, False, 1
2961,0, 425, False, 1
2962,0, 425, False, 1
2963,0, 425, False, 1
2964,0, 425, False, 1
2965,0, 425, False, 1
2966,0, 425, False, 12
2967,0, 425, False, 12
2968,0, 425, False, 12
2969,0, 425, False, 12
2970,0, 425, False, 12
2971,0, 425, False, 12
2972,0, 425, False, 12
2973,0, 425, False, 1
2974,0, 425, False, 1
2975,0, 425, False, 1
2976,0, 425, False, 1
2977,0, 425, False, 1
2978,0, 425, False, 1
2979,0, 425, False, 1
2980,0, 425, False, 1
2981,0, 425, False, 1
2982,20, 445, False, 1
2983,0, 445, False, 1
2984,0, 445, False, 1
2985,0, 445, False, 1
2986,0, 445, False, 1
2987,0, 445, False, 1
2988,0, 445, False, 1
2989,0, 445, False, 1
2990,0, 445, False, 1
2991,0, 445, False, 1
2992,0, 445, False, 1
2993,0, 445, False, 1
2994,0, 445, False, 1
2995,0, 445, False, 1
2996,0, 445, False, 1
2997,0, 445, False, 1
2998,0, 445, False, 1
2999,0, 445, False, 1
3000,0, 445, False, 1
3001,0, 445, False, 1
3002,0, 445, False, 1
3003,0, 445, False, 1
3004,0, 445, False, 1
3005,0, 445, False, 1
3006,0, 445, False, 1
3007,0, 445, False, 1
3008,0, 445, False, 1
3009,0, 445, False, 1
3010,0, 445, False, 1
3011,0, 445, False, 1
3012,0, 445, False, 1
3013,0, 445, False, 1
3014,0, 445, False, 1
3015,0, 445, False, 1
3016,0, 445, False, 12
3017,0, 445, False, 12
3018,25, 470, False, 12
3019,0, 470, False, 12
3020,0, 470, False, 12
3021,0, 470, False, 12
3022,0, 470, False, 12
3023,0, 470, False, 12
3024,0, 470, False, 12
3025,0, 470, False, 12
3026,0, 470, False, 12
3027,0, 470, False, 12
3028,0, 470, False, 12
3029,0, 470, False, 12
3030,0, 470, False, 1
3031,0, 470, False, 1
3032,0, 470, False, 1
3033,0, 470, False, 1
3034,0, 470, False, 1
3035,0, 470, False, 1
3036,0, 470, False, 1
3037,0, 470, False, 1
3038,0, 470, False, 1
3039,0, 470, False, 1
3040,0, 470, False, 1
3041,0, 470, False, 1
3042,0, 470, False, 1
3043,0, 470, False, 1
3044,0, 470, False, 1
3045,0, 470, False, 1
3046,0, 470, False, 1
3047,0, 470, False, 1
3048,0, 470, False, 1
3049,0, 470, False, 1
3050,0, 470, False, 1
3051,0, 470, False, 1
3052,0, 470, False, 1
3053,0, 470, False, 1
3054,0, 470, False, 1
3055,0, 470, False, 1
3056,0, 470, False, 1
3057,0, 470, False, 1
3058,0, 470, False, 1
3059,0, 470, False, 1
3060,0, 470, False, 1
3061,0, 470, False, 1
3062,0, 470, False, 1
3063,0, 470, False, 1
3064,0, 470, False, 1
3065,0, 470, False, 1
3066,0, 470, False, 1
3067,0, 470, False, 1
3068,0, 470, False, 1
3069,0, 470, False, 1
3070,0, 470, False, 12
3071,0, 470, False, 12
3072,0, 470, False, 12
3073,0, 470, False, 12
3074,0, 470, False, 12
3075,0, 470, False, 12
3076,0, 470, False, 12
3077,0, 470, False, 12
3078,0, 470, False, 12
3079,0, 470, False, 12
3080,0, 470, False, 12
3081,0, 470, False, 12
3082,0, 470, False, 12
3083,0, 470, False, 12
3084,0, 470, False, 12
3085,0, 470, False, 12
3086,0, 470, False, 12
3087,0, 470, False, 12
3088,0, 470, False, 12
3089,0, 470, False, 1
3090,0, 470, False, 1
3091,0, 470, False, 1
3092,0, 470, False, 1
3093,0, 470, False, 1
3094,0, 470, False, 1
3095,0, 470, False, 1
3096,0, 470, False, 1
3097,0, 470, False, 1
3098,0, 470, False, 1
3099,0, 470, False, 1
3100,0, 470, False, 1
3101,0, 470, False, 1
3102,0, 470, False, 1
3103,0, 470, False, 1
3104,0, 470, False, 1
3105,0, 470, False, 1
3106,0, 470, False, 1
3107,0, 470, False, 1
3108,0, 470, False, 1
3109,0, 470, False, 1
3110,0, 470, False, 1
3111,0, 470, False, 1
3112,0, 470, False, 1
3113,0, 470, False, 11
3114,0, 470, False, 11
3115,0, 470, False, 11
3116,0, 470, False, 11
3117,0, 470, False, 11
3118,0, 470, False, 11
3119,0, 470, False, 11
3120,0, 470, False, 11
3121,0, 470, False, 11
3122,0, 470, False, 11
3123,0, 470, False, 11
3124,0, 470, False, 11
3125,0, 470, False, 11
3126,0, 470, False, 11
3127,0, 470, False, 11
3128,0, 470, False, 1
3129,0, 470, False, 1
3130,0, 470, False, 1
3131,0, 470, False, 1
3132,0, 470, False, 1
3133,0, 470, False, 1
3134,0, 470, False, 1
3135,0, 470, False, 1
3136,0, 470, False, 1
3137,0, 470, False, 1
3138,0, 470, False, 1
3139,0, 470, False, 1
3140,0, 470, False, 11
3141,0, 470, False, 11
3142,0, 470, False, 11
3143,0, 470, False, 11
3144,0, 470, False, 11
3145,0, 470, False, 11
3146,0, 470, False, 11
3147,0, 470, False, 11
3148,0, 470, False, 11
3149,0, 470, False, 11
3150,0, 470, False, 11
3151,0, 470, False, 11
3152,0, 470, False, 11
3153,0, 470, False, 11
3154,0, 470, False, 11
3155,0, 470, False, 11
3156,0, 470, False, 11
3157,0, 470, False, 11
3158,0, 470, False, 11
3159,0, 470, False, 11
3160,0, 470, False, 11
3161,0, 470, False, 11
3162,0, 470, False, 11
3163,0, 470, False, 11
3164,0, 470, False, 11
3165,0, 470, False, 11
3166,0, 470, False, 11
3167,0, 470, False, 11
3168,0, 470, False, 11
3169,0, 470, False, 11
3170,0, 470, False, 11
3171,0, 470, False, 11
3172,0, 470, False, 11
3173,0, 470, False, 11
3174,0, 470, False, 11
3175,0, 470, False, 11
3176,0, 470, False, 11
3177,0, 470, False, 11
3178,0, 470, False, 11
3179,0, 470, False, 11
3180,0, 470, False, 11
3181,0, 470, False, 11
3182,0, 470, False, 11
3183,0, 470, False, 11
3184,0, 470, False, 11
3185,0, 470, False, 11
3186,0, 470, False, 11
3187,0, 470, False, 1
3188,0, 470, False, 1
3189,0, 470, False, 1
3190,0, 470, False, 1
3191,0, 470, False, 1
3192,0, 470, False, 1
3193,0, 470, False, 1
3194,0, 470, False, 1
3195,0, 470, False, 1
3196,0, 470, False, 1
3197,0, 470, False, 1
3198,0, 470, False, 1
3199,0, 470, False, 1
3200,0, 470, False, 1
3201,0, 470, False, 1
3202,0, 470, False, 1
3203,0, 470, False, 1
3204,0, 470, False, 1
3205,0, 470, False, 1
3206,0, 470, False, 1
3207,0, 470, False, 1
3208,0, 470, False, 1
3209,0, 470, False, 1
3210,0, 470, False, 1
3211,0, 470, False, 1
3212,0, 470, False, 1
3213,0, 470, False, 1
3214,0, 470, False, 11
3215,0, 470, False, 11
3216,0, 470, False, 1
3217,0, 470, False, 1
3218,0, 470, False, 1
3219,0, 470, False, 1
3220,0, 470, False, 1
3221,0, 470, False, 1
3222,30, 500, False, 1
3223,0, 500, False, 1
3224,0, 500, False, 1
3225,0, 500, False, 0
3226,0, 500, False, 0
3227,0, 500, False, 0
3228,0, 500, False, 0
3229,0, 500, False, 0
3230,0, 500, False, 0
3231,0, 500, False, 0
3232,0, 500, False, 0
3233,0, 500, False, 0
3234,0, 500, False, 0
3235,0, 500, False, 0
3236,0, 500, False, 0
3237,0, 500, False, 0
3238,0, 500, False, 0
3239,0, 500, False, 0
3240,0, 500, False, 0
3241,0, 500, False, 0
3242,0, 500, False, 0
3243,0, 500, False, 0
3244,0, 500, False, 0
3245,0, 500, False, 0
3246,0, 500, False, 0
3247,0, 500, False, 0
3248,0, 500, False, 0
3249,0, 500, False, 0
3250,0, 500, False, 0
3251,0, 500, False, 0
3252,0, 500, False, 0
3253,0, 500, False, 0
3254,0, 500, False, 0
3255,0, 500, False, 0
3256,0, 500, False, 0
3257,0, 500, False, 0
3258,0, 500, False, 0
3259,0, 500, False, 0
3260,0, 500, False, 0
3261,0, 500, False, 0
3262,0, 500, False, 0
3263,0, 500, False, 0
3264,0, 500, False, 0
3265,0, 500, False, 0
3266,0, 500, False, 0
3267,0, 500, False, 0
3268,0, 500, False, 0
3269,0, 500, False, 0
3270,0, 500, False, 0
3271,0, 500, False, 0
3272,0, 500, False, 0
3273,0, 500, False, 0
3274,0, 500, False, 0
3275,0, 500, False, 0
3276,0, 500, False, 0
3277,0, 500, False, 0
3278,0, 500, False, 0
3279,0, 500, False, 0
3280,0, 500, False, 0
3281,0, 500, False, 0
3282,0, 500, False, 0
3283,0, 500, False, 4
3284,0, 500, False, 4
3285,0, 500, False, 4
3286,0, 500, False, 4
3287,0, 500, False, 4
3288,0, 500, False, 4
3289,0, 500, False, 4
3290,0, 500, False, 4
3291,0, 500, False, 0
3292,0, 500, False, 0
3293,0, 500, False, 0
3294,0, 500, False, 0
3295,0, 500, False, 0
3296,0, 500, False, 0
3297,0, 500, False, 0
3298,0, 500, False, 0
3299,0, 500, False, 1
3300,0, 500, False, 1
3301,0, 500, False, 1
3302,0, 500, False, 1
3303,0, 500, False, 1
3304,0, 500, False, 1
3305,0, 500, False, 1
3306,0, 500, False, 1
3307,0, 500, False, 1
3308,0, 500, False, 1
3309,0, 500, False, 1
3310,0, 500, False, 1
3311,0, 500, False, 1
3312,0, 500, False, 0
3313,0, 500, False, 0
3314,0, 500, False, 0
3315,0, 500, False, 0
3316,0, 500, False, 0
3317,0, 500, False, 0
3318,0, 500, False, 0
3319,0, 500, False, 0
3320,0, 500, False, 0
3321,0, 500, False, 0
3322,0, 500, False, 0
3323,0, 500, False, 0
3324,0, 500, False, 0
3325,0, 500, False, 0
3326,0, 500, False, 0
3327,0, 500, False, 0
3328,0, 500, False, 0
3329,0, 500, False, 0
3330,0, 500, False, 0
3331,0, 500, False, 0
3332,0, 500, False, 0
3333,0, 500, False, 0
3334,0, 500, False, 0
3335,0, 500, False, 0
3336,0, 500, False, 0
3337,0, 500, False, 0
3338,0, 500, False, 0
3339,0, 500, False, 0
3340,0, 500, False, 0
3341,0, 500, False, 0
3342,0, 500, False, 0
3343,0, 500, False, 0
3344,0, 500, False, 0
3345,0, 500, False, 0
3346,0, 500, False, 0
3347,0, 500, False, 0
3348,0, 500, False, 0
3349,0, 500, False, 0
3350,0, 500, False, 0
3351,0, 500, False, 0
3352,0, 500, False, 0
3353,0, 500, False, 0
3354,0, 500, False, 0
3355,0, 500, False, 0
3356,0, 500, False, 0
3357,0, 500, False, 0
3358,0, 500, False, 0
3359,0, 500, False, 0
3360,0, 500, False, 0
3361,0, 500, False, 0
3362,0, 500, False, 0
3363,0, 500, False, 0
3364,0, 500, False, 0
3365,0, 500, False, 0
3366,0, 500, False, 0
3367,0, 500, False, 0
3368,0, 500, False, 0
3369,0, 500, False, 0
3370,0, 500, False, 0
3371,0, 500, False, 0
3372,0, 500, False, 0
3373,0, 500, False, 0
3374,0, 500, False, 0
3375,0, 500, False, 0
3376,0, 500, False, 0
3377,0, 500, False, 0
3378,0, 500, False, 0
3379,0, 500, False, 0
3380,0, 500, False, 0
3381,0, 500, False, 0
3382,0, 500, False, 0
3383,0, 500, False, 0
3384,200, 700, False, 0
3385,0, 700, False, 0
3386,0, 700, False, 0
3387,0, 700, False, 0
3388,0, 700, False, 0
3389,0, 700, False, 0
3390,0, 700, False, 0
3391,0, 700, False, 0
3392,0, 700, False, 0
3393,0, 700, False, 0
3394,0, 700, False, 0
3395,0, 700, False, 0
3396,0, 700, False, 0
3397,0, 700, False, 0
3398,0, 700, False, 0
3399,0, 700, False, 0
3400,0, 700, False, 0
3401,0, 700, False, 0
3402,0, 700, False, 0
3403,0, 700, False, 0
3404,0, 700, False, 0
3405,0, 700, False, 0
3406,0, 700, False, 0
3407,0, 700, False, 0
3408,0, 700, False, 0
3409,0, 700, False, 0
3410,0, 700, False, 0
3411,0, 700, False, 3
3412,0, 700, False, 3
3413,0, 700, False, 3
3414,0, 700, False, 3
3415,0, 700, False, 3
3416,0, 700, False, 3
3417,0, 700, False, 3
3418,0, 700, False, 3
3419,0, 700, False, 3
3420,0, 700, False, 3
3421,0, 700, False, 3
3422,0, 700, False, 3
3423,0, 700, False, 0
3424,0, 700, False, 0
3425,0, 700, False, 0
3426,0, 700, False, 0
3427,0, 700, False, 0
3428,0, 700, False, 0
3429,0, 700, False, 0
3430,0, 700, False, 0
3431,0, 700, False, 0
3432,0, 700, False, 0
3433,0, 700, False, 0
3434,0, 700, False, 0
3435,0, 700, False, 0
3436,0, 700, False, 0
3437,0, 700, False, 0
3438,0, 700, False, 0
3439,0, 700, False, 0
3440,0, 700, False, 0
3441,0, 700, False, 0
3442,0, 700, False, 0
3443,0, 700, False, 0
3444,0, 700, False, 0
3445,0, 700, False, 0
3446,0, 700, False, 4
3447,0, 700, False, 4
3448,0, 700, False, 4
3449,0, 700, False, 4
3450,0, 700, False, 4
3451,0, 700, False, 4
3452,0, 700, False, 4
3453,0, 700, False, 4
3454,0, 700, False, 4
3455,0, 700, False, 4
3456,0, 700, False, 4
3457,0, 700, False, 4
3458,0, 700, False, 4
3459,0, 700, False, 4
3460,0, 700, False, 4
3461,0, 700, False, 4
3462,0, 700, False, 4
3463,0, 700, False, 4
3464,0, 700, False, 4
3465,0, 700, False, 4
3466,0, 700, False, 4
3467,0, 700, False, 4
3468,0, 700, False, 4
3469,0, 700, False, 4
3470,0, 700, False, 4
3471,0, 700, False, 4
3472,0, 700, False, 4
3473,0, 700, False, 4
3474,0, 700, False, 4
3475,0, 700, False, 4
3476,0, 700, False, 4
3477,0, 700, False, 4
3478,0, 700, False, 4
3479,0, 700, False, 4
3480,0, 700, False, 4
3481,0, 700, False, 4
3482,0, 700, False, 4
3483,0, 700, False, 4
3484,0, 700, False, 4
3485,0, 700, False, 4
3486,0, 700, False, 4
3487,0, 700, False, 4
3488,0, 700, False, 4
3489,0, 700, False, 4
3490,0, 700, False, 4
3491,0, 700, False, 4
3492,0, 700, False, 4
3493,0, 700, False, 4
3494,0, 700, False, 4
3495,0, 700, False, 4
3496,0, 700, False, 4
3497,0, 700, False, 4
3498,0, 700, False, 4
3499,0, 700, False, 4
3500,0, 700, False, 4
3501,0, 700, False, 4
3502,0, 700, False, 4
3503,0, 700, False, 4
3504,0, 700, False, 4
3505,0, 700, False, 4
3506,0, 700, False, 4
3507,0, 700, False, 4
3508,0, 700, False, 4
3509,0, 700, False, 4
3510,0, 700, False, 4
3511,0, 700, False, 4
3512,0, 700, False, 4
3513,0, 700, False, 4
3514,0, 700, False, 4
3515,0, 700, False, 4
3516,0, 700, False, 4
3517,0, 700, False, 4
3518,0, 700, False, 4
3519,0, 700, False, 0
3520,0, 700, False, 0
3521,0, 700, False, 0
3522,0, 700, False, 0
3523,0, 700, False, 1
3524,0, 700, False, 1
3525,0, 700, False, 1
3526,0, 700, False, 1
3527,0, 700, False, 1
3528,0, 700, False, 1
3529,0, 700, False, 1
3530,0, 700, False, 1
3531,0, 700, False, 1
3532,0, 700, False, 1
3533,0, 700, False, 1
3534,0, 700, False, 1
3535,0, 700, False, 1
3536,0, 700, False, 1
3537,0, 700, False, 1
3538,0, 700, False, 1
3539,0, 700, False, 1
3540,0, 700, False, 1
3541,0, 700, False, 1
3542,0, 700, False, 1
3543,0, 700, False, 1
3544,0, 700, False, 1
3545,0, 700, False, 12
3546,0, 700, False, 12
3547,0, 700, False, 12
3548,0, 700, False, 4
3549,0, 700, False, 4
3550,0, 700, False, 4
3551,0, 700, False, 4
3552,0, 700, False, 4
3553,0, 700, False, 4
3554,0, 700, False, 4
3555,0, 700, False, 4
3556,0, 700, False, 4
3557,0, 700, False, 0
3558,0, 700, False, 0
3559,0, 700, False, 0
3560,0, 700, False, 0
3561,0, 700, False, 0
3562,0, 700, False, 0
3563,0, 700, False, 0
3564,0, 700, False, 0
3565,0, 700, False, 0
3566,0, 700, False, 0
3567,0, 700, False, 0
3568,0, 700, False, 0
3569,0, 700, False, 0
3570,0, 700, False, 0
3571,0, 700, False, 0
3572,0, 700, False, 0
3573,0, 700, False, 0
3574,0, 700, False, 0
3575,0, 700, False, 0
3576,0, 700, False, 0
3577,0, 700, False, 0
3578,0, 700, False, 0
3579,0, 700, False, 0
3580,0, 700, False, 4
3581,0, 700, False, 4
3582,0, 700, False, 4
3583,0, 700, False, 4
3584,0, 700, False, 4
3585,0, 700, False, 4
3586,0, 700, False, 4
3587,0, 700, False, 4
3588,0, 700, False, 4
3589,0, 700, False, 4
3590,0, 700, False, 4
3591,0, 700, False, 4
3592,0, 700, False, 4
3593,0, 700, False, 4
3594,0, 700, False, 4
3595,0, 700, False, 4
3596,0, 700, False, 4
3597,0, 700, False, 4
3598,0, 700, False, 4
3599,0, 700, False, 4
3600,0, 700, False, 0
3601,0, 700, False, 0
3602,0, 700, False, 0
3603,0, 700, False, 0
3604,0, 700, False, 0
3605,0, 700, False, 0
3606,0, 700, False, 0
3607,0, 700, False, 0
3608,0, 700, False, 0
3609,0, 700, False, 0
3610,0, 700, False, 0
3611,0, 700, False, 0
3612,0, 700, False, 0
3613,0, 700, False, 3
3614,0, 700, False, 3
3615,0, 700, False, 3
3616,0, 700, False, 3
3617,0, 700, False, 3
3618,0, 700, False, 3
3619,0, 700, False, 3
3620,0, 700, False, 3
3621,0, 700, False, 3
3622,0, 700, False, 0
3623,0, 700, False, 0
3624,0, 700, False, 0
3625,0, 700, False, 0
3626,0, 700, False, 0
3627,0, 700, False, 0
3628,0, 700, False, 0
3629,0, 700, False, 0
3630,0, 700, False, 0
3631,0, 700, False, 0
3632,0, 700, False, 0
3633,0, 700, False, 0
3634,0, 700, False, 0
3635,0, 700, False, 0
3636,0, 700, False, 0
3637,0, 700, False, 0
3638,0, 700, False, 0
3639,0, 700, False, 0
3640,0, 700, False, 0
3641,0, 700, False, 0
3642,0, 700, False, 0
3643,0, 700, False, 0
3644,0, 700, False, 0
3645,0, 700, False, 0
3646,0, 700, False, 0
3647,0, 700, False, 0
3648,0, 700, False, 0
3649,0, 700, False, 0
3650,0, 700, False, 0
3651,0, 700, False, 0
3652,0, 700, False, 0
3653,0, 700, False, 0
3654,0, 700, False, 0
3655,0, 700, False, 0
3656,0, 700, False, 0
3657,0, 700, False, 0
3658,0, 700, False, 0
3659,0, 700, False, 0
3660,0, 700, False, 0
3661,0, 700, False, 0
3662,0, 700, False, 0
3663,0, 700, False, 0
3664,0, 700, False, 0
3665,0, 700, False, 0
3666,0, 700, False, 0
3667,0, 700, False, 0
3668,0, 700, False, 0
3669,0, 700, False, 0
3670,0, 700, False, 0
3671,0, 700, False, 0
3672,0, 700, False, 0
3673,0, 700, False, 0
3674,0, 700, False, 0
3675,0, 700, False, 0
3676,0, 700, False, 0
3677,0, 700, False, 0
3678,0, 700, False, 0
3679,0, 700, False, 0
3680,0, 700, False, 0
3681,0, 700, False, 0
3682,0, 700, False, 0
3683,0, 700, False, 0
3684,0, 700, False, 0
3685,0, 700, False, 0
3686,0, 700, False, 0
3687,0, 700, False, 0
3688,0, 700, False, 0
3689,0, 700, False, 0
3690,0, 700, False, 0
3691,0, 700, False, 0
3692,0, 700, False, 0
3693,0, 700, False, 0
3694,0, 700, False, 0
3695,0, 700, False, 0
3696,0, 700, False, 0
3697,0, 700, False, 0
3698,0, 700, False, 0
3699,0, 700, False, 0
3700,0, 700, False, 0
3701,0, 700, False, 0
3702,0, 700, False, 0
3703,0, 700, False, 0
3704,0, 700, False, 0
3705,0, 700, False, 0
3706,0, 700, False, 0
3707,0, 700, False, 0
3708,0, 700, False, 0
3709,0, 700, False, 0
3710,0, 700, False, 0
3711,0, 700, False, 0
3712,0, 700, False, 0
3713,0, 700, False, 0
3714,0, 700, False, 0
3715,0, 700, False, 0
3716,0, 700, False, 0
3717,0, 700, False, 0
3718,0, 700, False, 0
3719,0, 700, False, 0
3720,0, 700, False, 0
3721,0, 700, False, 0
3722,0, 700, False, 0
3723,0, 700, False, 0
3724,0, 700, False, 0
3725,0, 700, False, 0
3726,0, 700, False, 0
3727,0, 700, False, 0
3728,0, 700, False, 0
3729,0, 700, False, 0
3730,0, 700, False, 0
3731,0, 700, False, 0
3732,0, 700, False, 0
3733,0, 700, True, 0
