db traj id : 2176
frame,reward,score,terminal, action
0,0, 0, False, 0
1,0, 0, False, 0
2,0, 0, False, 0
3,0, 0, False, 0
4,0, 0, False, 0
5,0, 0, False, 0
6,0, 0, False, 0
7,0, 0, False, 0
8,0, 0, False, 0
9,0, 0, False, 0
10,0, 0, False, 0
11,0, 0, False, 0
12,0, 0, False, 0
13,0, 0, False, 0
14,0, 0, False, 0
15,0, 0, False, 0
16,0, 0, False, 0
17,0, 0, False, 0
18,0, 0, False, 0
19,0, 0, False, 0
20,0, 0, False, 0
21,0, 0, False, 0
22,0, 0, False, 0
23,0, 0, False, 0
24,0, 0, False, 0
25,0, 0, False, 0
26,0, 0, False, 0
27,0, 0, False, 0
28,0, 0, False, 0
29,0, 0, False, 0
30,0, 0, False, 0
31,0, 0, False, 0
32,0, 0, False, 0
33,0, 0, False, 0
34,0, 0, False, 0
35,0, 0, False, 0
36,0, 0, False, 0
37,0, 0, False, 0
38,0, 0, False, 0
39,0, 0, False, 0
40,0, 0, False, 0
41,0, 0, False, 0
42,0, 0, False, 0
43,0, 0, False, 0
44,0, 0, False, 0
45,0, 0, False, 0
46,0, 0, False, 0
47,0, 0, False, 0
48,0, 0, False, 0
49,0, 0, False, 0
50,0, 0, False, 0
51,0, 0, False, 0
52,0, 0, False, 0
53,0, 0, False, 0
54,0, 0, False, 3
55,0, 0, False, 3
56,0, 0, False, 3
57,0, 0, False, 3
58,0, 0, False, 3
59,0, 0, False, 3
60,0, 0, False, 3
61,0, 0, False, 3
62,0, 0, False, 3
63,0, 0, False, 3
64,0, 0, False, 3
65,0, 0, False, 3
66,0, 0, False, 3
67,0, 0, False, 3
68,0, 0, False, 3
69,0, 0, False, 3
70,0, 0, False, 3
71,0, 0, False, 3
72,0, 0, False, 3
73,0, 0, False, 3
74,0, 0, False, 3
75,0, 0, False, 3
76,0, 0, False, 3
77,0, 0, False, 3
78,0, 0, False, 3
79,0, 0, False, 3
80,0, 0, False, 3
81,0, 0, False, 3
82,0, 0, False, 3
83,0, 0, False, 3
84,0, 0, False, 3
85,0, 0, False, 3
86,0, 0, False, 3
87,0, 0, False, 3
88,0, 0, False, 3
89,0, 0, False, 3
90,0, 0, False, 3
91,0, 0, False, 3
92,0, 0, False, 3
93,0, 0, False, 3
94,0, 0, False, 3
95,0, 0, False, 3
96,0, 0, False, 3
97,0, 0, False, 3
98,0, 0, False, 3
99,0, 0, False, 3
100,0, 0, False, 3
101,0, 0, False, 3
102,0, 0, False, 3
103,0, 0, False, 3
104,0, 0, False, 3
105,0, 0, False, 3
106,0, 0, False, 3
107,0, 0, False, 3
108,0, 0, False, 3
109,0, 0, False, 3
110,0, 0, False, 3
111,0, 0, False, 3
112,0, 0, False, 3
113,0, 0, False, 3
114,0, 0, False, 3
115,0, 0, False, 3
116,0, 0, False, 3
117,0, 0, False, 3
118,0, 0, False, 3
119,0, 0, False, 3
120,0, 0, False, 3
121,0, 0, False, 3
122,0, 0, False, 3
123,0, 0, False, 3
124,0, 0, False, 3
125,0, 0, False, 3
126,0, 0, False, 3
127,0, 0, False, 3
128,0, 0, False, 3
129,0, 0, False, 3
130,0, 0, False, 3
131,0, 0, False, 3
132,0, 0, False, 3
133,0, 0, False, 3
134,0, 0, False, 3
135,0, 0, False, 3
136,0, 0, False, 3
137,0, 0, False, 3
138,0, 0, False, 3
139,0, 0, False, 3
140,0, 0, False, 3
141,0, 0, False, 3
142,0, 0, False, 3
143,0, 0, False, 3
144,0, 0, False, 3
145,0, 0, False, 3
146,0, 0, False, 3
147,0, 0, False, 3
148,0, 0, False, 3
149,0, 0, False, 3
150,0, 0, False, 3
151,0, 0, False, 3
152,0, 0, False, 6
153,0, 0, False, 6
154,0, 0, False, 6
155,0, 0, False, 6
156,0, 0, False, 6
157,0, 0, False, 6
158,0, 0, False, 6
159,0, 0, False, 6
160,0, 0, False, 6
161,0, 0, False, 6
162,0, 0, False, 6
163,0, 0, False, 6
164,0, 0, False, 6
165,0, 0, False, 6
166,0, 0, False, 3
167,0, 0, False, 3
168,0, 0, False, 3
169,0, 0, False, 3
170,0, 0, False, 3
171,0, 0, False, 3
172,0, 0, False, 3
173,0, 0, False, 3
174,0, 0, False, 3
175,0, 0, False, 6
176,0, 0, False, 6
177,0, 0, False, 6
178,0, 0, False, 6
179,0, 0, False, 6
180,0, 0, False, 6
181,0, 0, False, 6
182,0, 0, False, 6
183,0, 0, False, 3
184,0, 0, False, 3
185,0, 0, False, 3
186,0, 0, False, 3
187,0, 0, False, 3
188,0, 0, False, 3
189,0, 0, False, 3
190,0, 0, False, 3
191,0, 0, False, 3
192,0, 0, False, 3
193,0, 0, False, 3
194,0, 0, False, 3
195,0, 0, False, 3
196,0, 0, False, 3
197,0, 0, False, 0
198,0, 0, False, 0
199,0, 0, False, 1
200,0, 0, False, 1
201,0, 0, False, 1
202,0, 0, False, 1
203,0, 0, False, 1
204,0, 0, False, 1
205,0, 0, False, 1
206,0, 0, False, 0
207,0, 0, False, 0
208,0, 0, False, 0
209,0, 0, False, 0
210,0, 0, False, 0
211,0, 0, False, 1
212,0, 0, False, 1
213,0, 0, False, 1
214,0, 0, False, 1
215,0, 0, False, 11
216,0, 0, False, 11
217,0, 0, False, 3
218,0, 0, False, 3
219,0, 0, False, 3
220,0, 0, False, 3
221,0, 0, False, 3
222,0, 0, False, 3
223,0, 0, False, 3
224,0, 0, False, 3
225,0, 0, False, 3
226,0, 0, False, 3
227,0, 0, False, 3
228,0, 0, False, 3
229,0, 0, False, 3
230,0, 0, False, 3
231,0, 0, False, 3
232,0, 0, False, 3
233,0, 0, False, 3
234,0, 0, False, 3
235,0, 0, False, 3
236,0, 0, False, 3
237,0, 0, False, 3
238,0, 0, False, 3
239,0, 0, False, 3
240,0, 0, False, 3
241,0, 0, False, 3
242,0, 0, False, 3
243,0, 0, False, 3
244,0, 0, False, 3
245,0, 0, False, 3
246,0, 0, False, 3
247,0, 0, False, 3
248,0, 0, False, 3
249,0, 0, False, 3
250,0, 0, False, 3
251,0, 0, False, 3
252,0, 0, False, 3
253,0, 0, False, 3
254,0, 0, False, 11
255,0, 0, False, 11
256,0, 0, False, 11
257,0, 0, False, 11
258,0, 0, False, 11
259,0, 0, False, 11
260,0, 0, False, 11
261,0, 0, False, 3
262,0, 0, False, 3
263,0, 0, False, 3
264,0, 0, False, 3
265,0, 0, False, 3
266,0, 0, False, 3
267,0, 0, False, 11
268,0, 0, False, 11
269,0, 0, False, 11
270,0, 0, False, 11
271,0, 0, False, 3
272,0, 0, False, 3
273,0, 0, False, 3
274,0, 0, False, 3
275,0, 0, False, 3
276,0, 0, False, 3
277,0, 0, False, 3
278,0, 0, False, 11
279,0, 0, False, 11
280,0, 0, False, 11
281,0, 0, False, 3
282,0, 0, False, 3
283,0, 0, False, 3
284,0, 0, False, 3
285,0, 0, False, 3
286,0, 0, False, 3
287,0, 0, False, 3
288,0, 0, False, 3
289,0, 0, False, 0
290,0, 0, False, 0
291,0, 0, False, 0
292,0, 0, False, 0
293,0, 0, False, 0
294,0, 0, False, 0
295,0, 0, False, 0
296,0, 0, False, 0
297,0, 0, False, 4
298,0, 0, False, 4
299,0, 0, False, 4
300,0, 0, False, 4
301,0, 0, False, 4
302,0, 0, False, 4
303,0, 0, False, 4
304,0, 0, False, 4
305,0, 0, False, 4
306,0, 0, False, 4
307,0, 0, False, 4
308,0, 0, False, 4
309,0, 0, False, 4
310,0, 0, False, 4
311,0, 0, False, 4
312,0, 0, False, 4
313,0, 0, False, 0
314,0, 0, False, 0
315,0, 0, False, 0
316,0, 0, False, 0
317,0, 0, False, 0
318,0, 0, False, 0
319,0, 0, False, 0
320,0, 0, False, 0
321,0, 0, False, 1
322,0, 0, False, 1
323,0, 0, False, 1
324,0, 0, False, 1
325,0, 0, False, 1
326,0, 0, False, 1
327,0, 0, False, 0
328,0, 0, False, 0
329,0, 0, False, 0
330,0, 0, False, 0
331,0, 0, False, 0
332,0, 0, False, 1
333,0, 0, False, 1
334,0, 0, False, 1
335,0, 0, False, 1
336,0, 0, False, 0
337,0, 0, False, 0
338,0, 0, False, 0
339,0, 0, False, 0
340,0, 0, False, 0
341,0, 0, False, 1
342,0, 0, False, 1
343,0, 0, False, 1
344,0, 0, False, 1
345,0, 0, False, 1
346,0, 0, False, 1
347,0, 0, False, 0
348,0, 0, False, 0
349,0, 0, False, 0
350,0, 0, False, 0
351,0, 0, False, 0
352,0, 0, False, 0
353,0, 0, False, 1
354,0, 0, False, 1
355,0, 0, False, 1
356,0, 0, False, 1
357,0, 0, False, 1
358,0, 0, False, 0
359,0, 0, False, 0
360,0, 0, False, 0
361,0, 0, False, 0
362,0, 0, False, 1
363,0, 0, False, 1
364,0, 0, False, 1
365,0, 0, False, 1
366,0, 0, False, 1
367,0, 0, False, 1
368,0, 0, False, 0
369,0, 0, False, 0
370,0, 0, False, 0
371,0, 0, False, 0
372,0, 0, False, 0
373,0, 0, False, 0
374,0, 0, False, 1
375,0, 0, False, 1
376,0, 0, False, 1
377,0, 0, False, 1
378,0, 0, False, 1
379,0, 0, False, 1
380,0, 0, False, 1
381,0, 0, False, 0
382,0, 0, False, 0
383,0, 0, False, 0
384,0, 0, False, 0
385,25, 25, False, 0
386,0, 25, False, 0
387,0, 25, False, 0
388,0, 25, False, 0
389,0, 25, False, 0
390,0, 25, False, 0
391,0, 25, False, 0
392,0, 25, False, 0
393,0, 25, False, 0
394,0, 25, False, 0
395,0, 25, False, 0
396,0, 25, False, 0
397,0, 25, False, 0
398,0, 25, False, 0
399,0, 25, False, 0
400,0, 25, False, 1
401,0, 25, False, 1
402,0, 25, False, 1
403,0, 25, False, 1
404,0, 25, False, 1
405,0, 25, False, 1
406,0, 25, False, 1
407,0, 25, False, 1
408,0, 25, False, 0
409,0, 25, False, 0
410,0, 25, False, 0
411,0, 25, False, 0
412,0, 25, False, 0
413,0, 25, False, 0
414,0, 25, False, 0
415,0, 25, False, 0
416,0, 25, False, 0
417,0, 25, False, 0
418,0, 25, False, 0
419,0, 25, False, 0
420,0, 25, False, 0
421,0, 25, False, 0
422,0, 25, False, 0
423,0, 25, False, 0
424,0, 25, False, 0
425,0, 25, False, 0
426,0, 25, False, 0
427,5, 30, False, 0
428,0, 30, False, 1
429,0, 30, False, 1
430,0, 30, False, 1
431,0, 30, False, 1
432,0, 30, False, 1
433,0, 30, False, 1
434,0, 30, False, 1
435,0, 30, False, 0
436,0, 30, False, 0
437,0, 30, False, 0
438,0, 30, False, 0
439,0, 30, False, 0
440,0, 30, False, 0
441,0, 30, False, 0
442,0, 30, False, 0
443,0, 30, False, 0
444,0, 30, False, 0
445,0, 30, False, 0
446,0, 30, False, 0
447,0, 30, False, 0
448,0, 30, False, 0
449,0, 30, False, 0
450,0, 30, False, 0
451,0, 30, False, 0
452,0, 30, False, 0
453,0, 30, False, 0
454,0, 30, False, 0
455,0, 30, False, 0
456,0, 30, False, 0
457,0, 30, False, 0
458,0, 30, False, 0
459,0, 30, False, 0
460,0, 30, False, 0
461,10, 40, False, 0
462,0, 40, False, 0
463,0, 40, False, 0
464,0, 40, False, 0
465,0, 40, False, 0
466,0, 40, False, 0
467,0, 40, False, 0
468,0, 40, False, 0
469,0, 40, False, 0
470,0, 40, False, 0
471,0, 40, False, 0
472,0, 40, False, 0
473,0, 40, False, 0
474,0, 40, False, 0
475,0, 40, False, 0
476,0, 40, False, 0
477,0, 40, False, 0
478,0, 40, False, 0
479,0, 40, False, 0
480,0, 40, False, 1
481,0, 40, False, 1
482,0, 40, False, 1
483,0, 40, False, 1
484,0, 40, False, 1
485,0, 40, False, 1
486,0, 40, False, 1
487,0, 40, False, 0
488,0, 40, False, 0
489,0, 40, False, 0
490,0, 40, False, 0
491,0, 40, False, 0
492,0, 40, False, 0
493,0, 40, False, 0
494,0, 40, False, 0
495,0, 40, False, 0
496,0, 40, False, 0
497,0, 40, False, 0
498,0, 40, False, 0
499,0, 40, False, 0
500,0, 40, False, 0
501,0, 40, False, 0
502,0, 40, False, 0
503,0, 40, False, 0
504,0, 40, False, 0
505,0, 40, False, 0
506,0, 40, False, 0
507,0, 40, False, 0
508,0, 40, False, 0
509,0, 40, False, 0
510,0, 40, False, 0
511,0, 40, False, 0
512,0, 40, False, 0
513,0, 40, False, 0
514,0, 40, False, 0
515,0, 40, False, 0
516,0, 40, False, 0
517,0, 40, False, 0
518,0, 40, False, 0
519,0, 40, False, 0
520,0, 40, False, 0
521,0, 40, False, 0
522,0, 40, False, 0
523,15, 55, False, 0
524,0, 55, False, 0
525,0, 55, False, 0
526,0, 55, False, 0
527,0, 55, False, 0
528,0, 55, False, 1
529,0, 55, False, 1
530,0, 55, False, 1
531,0, 55, False, 1
532,0, 55, False, 1
533,0, 55, False, 1
534,0, 55, False, 1
535,0, 55, False, 1
536,0, 55, False, 1
537,0, 55, False, 1
538,0, 55, False, 1
539,0, 55, False, 1
540,0, 55, False, 0
541,0, 55, False, 0
542,0, 55, False, 0
543,0, 55, False, 0
544,0, 55, False, 0
545,0, 55, False, 0
546,0, 55, False, 0
547,0, 55, False, 0
548,0, 55, False, 0
549,0, 55, False, 0
550,0, 55, False, 0
551,0, 55, False, 0
552,0, 55, False, 0
553,0, 55, False, 0
554,0, 55, False, 0
555,0, 55, False, 0
556,0, 55, False, 0
557,0, 55, False, 0
558,0, 55, False, 0
559,0, 55, False, 0
560,0, 55, False, 0
561,0, 55, False, 0
562,0, 55, False, 0
563,0, 55, False, 0
564,0, 55, False, 0
565,0, 55, False, 0
566,0, 55, False, 0
567,0, 55, False, 0
568,0, 55, False, 0
569,0, 55, False, 0
570,0, 55, False, 0
571,0, 55, False, 0
572,0, 55, False, 0
573,0, 55, False, 0
574,0, 55, False, 0
575,0, 55, False, 0
576,0, 55, False, 0
577,0, 55, False, 0
578,0, 55, False, 0
579,20, 75, False, 0
580,0, 75, False, 0
581,0, 75, False, 0
582,0, 75, False, 0
583,0, 75, False, 0
584,0, 75, False, 0
585,0, 75, False, 0
586,0, 75, False, 0
587,0, 75, False, 0
588,0, 75, False, 0
589,0, 75, False, 0
590,0, 75, False, 0
591,0, 75, False, 0
592,0, 75, False, 1
593,0, 75, False, 1
594,0, 75, False, 1
595,0, 75, False, 1
596,0, 75, False, 0
597,0, 75, False, 0
598,0, 75, False, 0
599,0, 75, False, 0
600,0, 75, False, 0
601,0, 75, False, 4
602,0, 75, False, 4
603,0, 75, False, 4
604,0, 75, False, 4
605,0, 75, False, 4
606,0, 75, False, 4
607,0, 75, False, 4
608,0, 75, False, 4
609,0, 75, False, 4
610,0, 75, False, 4
611,0, 75, False, 4
612,0, 75, False, 4
613,0, 75, False, 4
614,0, 75, False, 4
615,0, 75, False, 4
616,0, 75, False, 4
617,0, 75, False, 4
618,0, 75, False, 4
619,0, 75, False, 0
620,0, 75, False, 0
621,0, 75, False, 0
622,0, 75, False, 0
623,0, 75, False, 0
624,0, 75, False, 0
625,0, 75, False, 0
626,0, 75, False, 0
627,0, 75, False, 0
628,0, 75, False, 0
629,0, 75, False, 0
630,0, 75, False, 0
631,0, 75, False, 0
632,0, 75, False, 1
633,0, 75, False, 1
634,0, 75, False, 1
635,0, 75, False, 1
636,0, 75, False, 1
637,0, 75, False, 1
638,0, 75, False, 1
639,0, 75, False, 0
640,0, 75, False, 0
641,0, 75, False, 0
642,0, 75, False, 0
643,0, 75, False, 0
644,0, 75, False, 0
645,0, 75, False, 0
646,0, 75, False, 0
647,0, 75, False, 0
648,0, 75, False, 0
649,0, 75, False, 0
650,0, 75, False, 0
651,0, 75, False, 0
652,0, 75, False, 0
653,0, 75, False, 0
654,0, 75, False, 0
655,0, 75, False, 0
656,0, 75, False, 0
657,0, 75, False, 0
658,0, 75, False, 0
659,0, 75, False, 0
660,0, 75, False, 0
661,0, 75, False, 0
662,0, 75, False, 0
663,0, 75, False, 1
664,0, 75, False, 1
665,0, 75, False, 1
666,0, 75, False, 1
667,0, 75, False, 1
668,0, 75, False, 1
669,0, 75, False, 0
670,0, 75, False, 0
671,0, 75, False, 0
672,0, 75, False, 0
673,0, 75, False, 0
674,0, 75, False, 0
675,0, 75, False, 0
676,0, 75, False, 0
677,0, 75, False, 1
678,0, 75, False, 1
679,0, 75, False, 1
680,0, 75, False, 1
681,0, 75, False, 1
682,0, 75, False, 0
683,0, 75, False, 0
684,0, 75, False, 0
685,0, 75, False, 0
686,0, 75, False, 0
687,0, 75, False, 0
688,0, 75, False, 0
689,0, 75, False, 0
690,0, 75, False, 0
691,0, 75, False, 0
692,0, 75, False, 0
693,0, 75, False, 0
694,0, 75, False, 0
695,0, 75, False, 0
696,0, 75, False, 0
697,0, 75, False, 0
698,0, 75, False, 0
699,0, 75, False, 0
700,0, 75, False, 0
701,0, 75, False, 0
702,0, 75, False, 0
703,5, 80, False, 0
704,0, 80, False, 0
705,0, 80, False, 0
706,0, 80, False, 0
707,0, 80, False, 0
708,0, 80, False, 0
709,0, 80, False, 0
710,0, 80, False, 0
711,0, 80, False, 0
712,0, 80, False, 4
713,0, 80, False, 4
714,0, 80, False, 4
715,0, 80, False, 4
716,0, 80, False, 4
717,0, 80, False, 4
718,0, 80, False, 4
719,0, 80, False, 4
720,0, 80, False, 4
721,0, 80, False, 4
722,0, 80, False, 4
723,0, 80, False, 4
724,0, 80, False, 4
725,0, 80, False, 4
726,0, 80, False, 4
727,0, 80, False, 4
728,0, 80, False, 4
729,0, 80, False, 4
730,0, 80, False, 0
731,0, 80, False, 0
732,0, 80, False, 0
733,0, 80, False, 0
734,0, 80, False, 0
735,0, 80, False, 0
736,0, 80, False, 0
737,0, 80, False, 0
738,0, 80, False, 0
739,0, 80, False, 0
740,0, 80, False, 0
741,0, 80, False, 0
742,0, 80, False, 0
743,0, 80, False, 0
744,0, 80, False, 0
745,0, 80, False, 0
746,0, 80, False, 0
747,0, 80, False, 0
748,0, 80, False, 0
749,0, 80, False, 0
750,0, 80, False, 0
751,0, 80, False, 0
752,0, 80, False, 0
753,0, 80, False, 0
754,0, 80, False, 0
755,0, 80, False, 0
756,0, 80, False, 0
757,0, 80, False, 0
758,0, 80, False, 0
759,0, 80, False, 0
760,0, 80, False, 0
761,0, 80, False, 0
762,0, 80, False, 0
763,0, 80, False, 1
764,0, 80, False, 1
765,0, 80, False, 1
766,0, 80, False, 1
767,0, 80, False, 1
768,0, 80, False, 0
769,0, 80, False, 0
770,0, 80, False, 0
771,0, 80, False, 0
772,0, 80, False, 0
773,0, 80, False, 0
774,0, 80, False, 0
775,0, 80, False, 0
776,0, 80, False, 0
777,0, 80, False, 0
778,0, 80, False, 0
779,0, 80, False, 0
780,0, 80, False, 0
781,0, 80, False, 0
782,0, 80, False, 0
783,0, 80, False, 0
784,0, 80, False, 0
785,0, 80, False, 0
786,0, 80, False, 0
787,0, 80, False, 0
788,0, 80, False, 0
789,0, 80, False, 0
790,0, 80, False, 0
791,0, 80, False, 0
792,0, 80, False, 0
793,0, 80, False, 0
794,0, 80, False, 0
795,0, 80, False, 0
796,0, 80, False, 0
797,0, 80, False, 0
798,0, 80, False, 0
799,0, 80, False, 0
800,0, 80, False, 0
801,0, 80, False, 0
802,0, 80, False, 4
803,0, 80, False, 4
804,0, 80, False, 4
805,0, 80, False, 4
806,0, 80, False, 4
807,0, 80, False, 4
808,0, 80, False, 0
809,0, 80, False, 0
810,0, 80, False, 1
811,0, 80, False, 1
812,0, 80, False, 1
813,0, 80, False, 1
814,0, 80, False, 0
815,0, 80, False, 0
816,0, 80, False, 0
817,0, 80, False, 0
818,0, 80, False, 0
819,0, 80, False, 0
820,0, 80, False, 0
821,0, 80, False, 0
822,0, 80, False, 0
823,0, 80, False, 0
824,0, 80, False, 0
825,0, 80, False, 0
826,0, 80, False, 0
827,0, 80, False, 0
828,0, 80, False, 0
829,0, 80, False, 0
830,0, 80, False, 0
831,0, 80, False, 0
832,0, 80, False, 0
833,0, 80, False, 0
834,0, 80, False, 0
835,0, 80, False, 0
836,0, 80, False, 0
837,30, 110, False, 0
838,0, 110, False, 0
839,0, 110, False, 0
840,0, 110, False, 0
841,0, 110, False, 0
842,0, 110, False, 0
843,0, 110, False, 0
844,0, 110, False, 0
845,0, 110, False, 0
846,0, 110, False, 3
847,0, 110, False, 3
848,0, 110, False, 3
849,0, 110, False, 3
850,0, 110, False, 3
851,0, 110, False, 3
852,0, 110, False, 3
853,0, 110, False, 3
854,0, 110, False, 3
855,0, 110, False, 3
856,0, 110, False, 0
857,0, 110, False, 0
858,0, 110, False, 0
859,0, 110, False, 0
860,0, 110, False, 0
861,0, 110, False, 0
862,0, 110, False, 0
863,0, 110, False, 0
864,0, 110, False, 0
865,0, 110, False, 0
866,0, 110, False, 0
867,0, 110, False, 0
868,0, 110, False, 1
869,0, 110, False, 1
870,0, 110, False, 1
871,0, 110, False, 1
872,0, 110, False, 1
873,0, 110, False, 1
874,0, 110, False, 1
875,0, 110, False, 0
876,0, 110, False, 0
877,0, 110, False, 0
878,0, 110, False, 0
879,0, 110, False, 0
880,0, 110, False, 0
881,0, 110, False, 0
882,0, 110, False, 0
883,0, 110, False, 0
884,0, 110, False, 0
885,0, 110, False, 0
886,0, 110, False, 0
887,0, 110, False, 0
888,0, 110, False, 0
889,0, 110, False, 0
890,0, 110, False, 0
891,0, 110, False, 0
892,0, 110, False, 0
893,0, 110, False, 0
894,0, 110, False, 0
895,0, 110, False, 0
896,0, 110, False, 0
897,5, 115, False, 0
898,0, 115, False, 0
899,0, 115, False, 0
900,0, 115, False, 0
901,0, 115, False, 0
902,0, 115, False, 0
903,0, 115, False, 0
904,0, 115, False, 0
905,0, 115, False, 0
906,0, 115, False, 0
907,0, 115, False, 0
908,0, 115, False, 1
909,0, 115, False, 1
910,0, 115, False, 1
911,0, 115, False, 1
912,0, 115, False, 1
913,0, 115, False, 1
914,0, 115, False, 0
915,0, 115, False, 0
916,0, 115, False, 0
917,0, 115, False, 0
918,0, 115, False, 0
919,0, 115, False, 0
920,0, 115, False, 0
921,0, 115, False, 0
922,0, 115, False, 0
923,0, 115, False, 0
924,0, 115, False, 0
925,0, 115, False, 0
926,0, 115, False, 0
927,0, 115, False, 0
928,0, 115, False, 0
929,0, 115, False, 0
930,0, 115, False, 0
931,0, 115, False, 0
932,0, 115, False, 0
933,0, 115, False, 0
934,0, 115, False, 0
935,0, 115, False, 0
936,0, 115, False, 0
937,0, 115, False, 0
938,0, 115, False, 0
939,0, 115, False, 0
940,0, 115, False, 0
941,10, 125, False, 0
942,0, 125, False, 0
943,0, 125, False, 0
944,0, 125, False, 0
945,0, 125, False, 0
946,0, 125, False, 0
947,0, 125, False, 0
948,0, 125, False, 0
949,0, 125, False, 0
950,0, 125, False, 0
951,0, 125, False, 0
952,0, 125, False, 0
953,0, 125, False, 4
954,0, 125, False, 4
955,0, 125, False, 4
956,0, 125, False, 4
957,0, 125, False, 4
958,0, 125, False, 4
959,0, 125, False, 4
960,0, 125, False, 4
961,0, 125, False, 4
962,0, 125, False, 4
963,0, 125, False, 4
964,0, 125, False, 4
965,0, 125, False, 4
966,0, 125, False, 4
967,0, 125, False, 4
968,0, 125, False, 4
969,0, 125, False, 4
970,0, 125, False, 4
971,0, 125, False, 4
972,0, 125, False, 4
973,0, 125, False, 4
974,0, 125, False, 4
975,0, 125, False, 4
976,0, 125, False, 4
977,0, 125, False, 4
978,0, 125, False, 4
979,0, 125, False, 4
980,0, 125, False, 4
981,0, 125, False, 4
982,0, 125, False, 4
983,0, 125, False, 4
984,0, 125, False, 4
985,0, 125, False, 0
986,0, 125, False, 0
987,0, 125, False, 0
988,0, 125, False, 0
989,0, 125, False, 0
990,0, 125, False, 0
991,0, 125, False, 0
992,0, 125, False, 1
993,0, 125, False, 1
994,0, 125, False, 1
995,0, 125, False, 1
996,0, 125, False, 1
997,0, 125, False, 1
998,0, 125, False, 0
999,0, 125, False, 0
1000,0, 125, False, 0
1001,0, 125, False, 0
1002,0, 125, False, 0
1003,0, 125, False, 0
1004,0, 125, False, 1
1005,0, 125, False, 1
1006,0, 125, False, 1
1007,0, 125, False, 1
1008,0, 125, False, 1
1009,0, 125, False, 0
1010,0, 125, False, 0
1011,0, 125, False, 0
1012,0, 125, False, 0
1013,5, 130, False, 0
1014,0, 130, False, 0
1015,0, 130, False, 0
1016,0, 130, False, 1
1017,0, 130, False, 1
1018,0, 130, False, 1
1019,0, 130, False, 1
1020,0, 130, False, 1
1021,0, 130, False, 1
1022,0, 130, False, 1
1023,0, 130, False, 0
1024,0, 130, False, 0
1025,0, 130, False, 0
1026,0, 130, False, 0
1027,0, 130, False, 0
1028,0, 130, False, 0
1029,0, 130, False, 0
1030,0, 130, False, 0
1031,0, 130, False, 0
1032,0, 130, False, 0
1033,0, 130, False, 0
1034,0, 130, False, 0
1035,0, 130, False, 0
1036,0, 130, False, 0
1037,0, 130, False, 0
1038,0, 130, False, 0
1039,0, 130, False, 0
1040,0, 130, False, 0
1041,0, 130, False, 4
1042,0, 130, False, 4
1043,0, 130, False, 4
1044,0, 130, False, 4
1045,0, 130, False, 4
1046,0, 130, False, 4
1047,10, 140, False, 4
1048,0, 140, False, 4
1049,0, 140, False, 4
1050,0, 140, False, 4
1051,0, 140, False, 4
1052,0, 140, False, 4
1053,0, 140, False, 4
1054,0, 140, False, 4
1055,0, 140, False, 4
1056,0, 140, False, 4
1057,0, 140, False, 4
1058,0, 140, False, 4
1059,0, 140, False, 4
1060,0, 140, False, 4
1061,0, 140, False, 4
1062,0, 140, False, 4
1063,0, 140, False, 4
1064,0, 140, False, 4
1065,0, 140, False, 4
1066,0, 140, False, 4
1067,0, 140, False, 4
1068,0, 140, False, 4
1069,0, 140, False, 4
1070,0, 140, False, 4
1071,0, 140, False, 4
1072,0, 140, False, 4
1073,0, 140, False, 4
1074,0, 140, False, 4
1075,0, 140, False, 4
1076,0, 140, False, 4
1077,0, 140, False, 4
1078,0, 140, False, 0
1079,0, 140, False, 0
1080,0, 140, False, 0
1081,0, 140, False, 0
1082,0, 140, False, 0
1083,0, 140, False, 0
1084,0, 140, False, 0
1085,0, 140, False, 0
1086,0, 140, False, 1
1087,0, 140, False, 1
1088,0, 140, False, 1
1089,0, 140, False, 1
1090,0, 140, False, 1
1091,0, 140, False, 0
1092,0, 140, False, 0
1093,0, 140, False, 0
1094,0, 140, False, 0
1095,0, 140, False, 0
1096,0, 140, False, 0
1097,0, 140, False, 1
1098,0, 140, False, 1
1099,0, 140, False, 1
1100,0, 140, False, 0
1101,0, 140, False, 0
1102,0, 140, False, 0
1103,0, 140, False, 0
1104,0, 140, False, 0
1105,0, 140, False, 0
1106,0, 140, False, 0
1107,5, 145, False, 0
1108,0, 145, False, 0
1109,0, 145, False, 0
1110,0, 145, False, 0
1111,0, 145, False, 0
1112,0, 145, False, 0
1113,0, 145, False, 0
1114,0, 145, False, 0
1115,0, 145, False, 0
1116,0, 145, False, 0
1117,0, 145, False, 0
1118,0, 145, False, 0
1119,0, 145, False, 0
1120,0, 145, False, 0
1121,0, 145, False, 0
1122,0, 145, False, 1
1123,0, 145, False, 1
1124,0, 145, False, 1
1125,0, 145, False, 1
1126,0, 145, False, 0
1127,0, 145, False, 0
1128,0, 145, False, 0
1129,0, 145, False, 0
1130,0, 145, False, 0
1131,0, 145, False, 0
1132,0, 145, False, 0
1133,0, 145, False, 0
1134,0, 145, False, 0
1135,0, 145, False, 0
1136,0, 145, False, 0
1137,0, 145, False, 0
1138,0, 145, False, 0
1139,0, 145, False, 0
1140,0, 145, False, 0
1141,0, 145, False, 0
1142,0, 145, False, 0
1143,0, 145, False, 0
1144,0, 145, False, 0
1145,0, 145, False, 0
1146,0, 145, False, 0
1147,0, 145, False, 0
1148,0, 145, False, 0
1149,0, 145, False, 3
1150,0, 145, False, 3
1151,10, 155, False, 3
1152,0, 155, False, 3
1153,0, 155, False, 3
1154,0, 155, False, 3
1155,0, 155, False, 3
1156,0, 155, False, 3
1157,0, 155, False, 3
1158,0, 155, False, 3
1159,0, 155, False, 3
1160,0, 155, False, 3
1161,0, 155, False, 3
1162,0, 155, False, 3
1163,0, 155, False, 3
1164,0, 155, False, 3
1165,0, 155, False, 3
1166,0, 155, False, 3
1167,0, 155, False, 3
1168,0, 155, False, 3
1169,0, 155, False, 3
1170,0, 155, False, 3
1171,0, 155, False, 3
1172,0, 155, False, 3
1173,0, 155, False, 3
1174,0, 155, False, 3
1175,0, 155, False, 3
1176,0, 155, False, 3
1177,0, 155, False, 3
1178,0, 155, False, 3
1179,0, 155, False, 3
1180,0, 155, False, 3
1181,0, 155, False, 3
1182,0, 155, False, 3
1183,0, 155, False, 3
1184,0, 155, False, 3
1185,0, 155, False, 3
1186,0, 155, False, 3
1187,0, 155, False, 3
1188,0, 155, False, 3
1189,0, 155, False, 3
1190,0, 155, False, 3
1191,0, 155, False, 3
1192,0, 155, False, 3
1193,0, 155, False, 3
1194,0, 155, False, 3
1195,0, 155, False, 3
1196,0, 155, False, 3
1197,0, 155, False, 3
1198,0, 155, False, 3
1199,0, 155, False, 3
1200,0, 155, False, 3
1201,0, 155, False, 3
1202,0, 155, False, 3
1203,0, 155, False, 3
1204,0, 155, False, 3
1205,0, 155, False, 3
1206,0, 155, False, 3
1207,0, 155, False, 3
1208,0, 155, False, 3
1209,0, 155, False, 3
1210,0, 155, False, 3
1211,0, 155, False, 3
1212,0, 155, False, 3
1213,0, 155, False, 3
1214,0, 155, False, 3
1215,0, 155, False, 3
1216,0, 155, False, 3
1217,0, 155, False, 3
1218,0, 155, False, 3
1219,0, 155, False, 3
1220,0, 155, False, 3
1221,0, 155, False, 3
1222,0, 155, False, 3
1223,0, 155, False, 3
1224,0, 155, False, 3
1225,0, 155, False, 3
1226,0, 155, False, 3
1227,0, 155, False, 3
1228,0, 155, False, 3
1229,0, 155, False, 3
1230,0, 155, False, 3
1231,0, 155, False, 3
1232,0, 155, False, 3
1233,0, 155, False, 3
1234,0, 155, False, 3
1235,0, 155, False, 3
1236,0, 155, False, 3
1237,0, 155, False, 3
1238,0, 155, False, 3
1239,0, 155, False, 3
1240,0, 155, False, 3
1241,0, 155, False, 3
1242,0, 155, False, 3
1243,0, 155, False, 3
1244,0, 155, False, 3
1245,0, 155, False, 3
1246,0, 155, False, 3
1247,0, 155, False, 3
1248,0, 155, False, 3
1249,0, 155, False, 3
1250,0, 155, False, 3
1251,0, 155, False, 3
1252,0, 155, False, 3
1253,0, 155, False, 3
1254,0, 155, False, 3
1255,0, 155, False, 3
1256,0, 155, False, 3
1257,0, 155, False, 3
1258,0, 155, False, 3
1259,0, 155, False, 3
1260,0, 155, False, 3
1261,0, 155, False, 3
1262,0, 155, False, 3
1263,0, 155, False, 3
1264,0, 155, False, 3
1265,0, 155, False, 3
1266,0, 155, False, 3
1267,0, 155, False, 3
1268,0, 155, False, 3
1269,0, 155, False, 3
1270,0, 155, False, 3
1271,0, 155, False, 3
1272,0, 155, False, 3
1273,0, 155, False, 3
1274,0, 155, False, 3
1275,0, 155, False, 3
1276,0, 155, False, 3
1277,0, 155, False, 3
1278,0, 155, False, 3
1279,0, 155, False, 3
1280,0, 155, False, 0
1281,0, 155, False, 0
1282,0, 155, False, 0
1283,0, 155, False, 0
1284,0, 155, False, 0
1285,0, 155, False, 0
1286,0, 155, False, 0
1287,0, 155, False, 0
1288,0, 155, False, 0
1289,0, 155, False, 0
1290,0, 155, False, 0
1291,0, 155, False, 0
1292,0, 155, False, 1
1293,0, 155, False, 1
1294,0, 155, False, 1
1295,0, 155, False, 1
1296,0, 155, False, 1
1297,0, 155, False, 1
1298,0, 155, False, 0
1299,0, 155, False, 0
1300,0, 155, False, 0
1301,0, 155, False, 0
1302,0, 155, False, 0
1303,0, 155, False, 0
1304,0, 155, False, 0
1305,0, 155, False, 0
1306,0, 155, False, 0
1307,0, 155, False, 0
1308,0, 155, False, 0
1309,0, 155, False, 0
1310,0, 155, False, 0
1311,0, 155, False, 0
1312,0, 155, False, 0
1313,0, 155, False, 0
1314,0, 155, False, 0
1315,0, 155, False, 0
1316,0, 155, False, 0
1317,0, 155, False, 0
1318,0, 155, False, 0
1319,0, 155, False, 0
1320,0, 155, False, 0
1321,0, 155, False, 0
1322,0, 155, False, 1
1323,0, 155, False, 1
1324,0, 155, False, 1
1325,0, 155, False, 1
1326,0, 155, False, 1
1327,0, 155, False, 1
1328,0, 155, False, 1
1329,0, 155, False, 0
1330,0, 155, False, 0
1331,0, 155, False, 0
1332,0, 155, False, 0
1333,0, 155, False, 0
1334,0, 155, False, 0
1335,0, 155, False, 0
1336,0, 155, False, 1
1337,0, 155, False, 1
1338,0, 155, False, 1
1339,0, 155, False, 1
1340,0, 155, False, 0
1341,0, 155, False, 3
1342,0, 155, False, 3
1343,0, 155, False, 3
1344,0, 155, False, 3
1345,0, 155, False, 3
1346,0, 155, False, 3
1347,0, 155, False, 3
1348,0, 155, False, 3
1349,25, 180, False, 3
1350,0, 180, False, 0
1351,0, 180, False, 0
1352,0, 180, False, 0
1353,0, 180, False, 0
1354,0, 180, False, 0
1355,0, 180, False, 1
1356,0, 180, False, 1
1357,0, 180, False, 1
1358,0, 180, False, 1
1359,0, 180, False, 0
1360,0, 180, False, 0
1361,0, 180, False, 0
1362,0, 180, False, 0
1363,0, 180, False, 0
1364,0, 180, False, 0
1365,0, 180, False, 0
1366,0, 180, False, 1
1367,0, 180, False, 1
1368,0, 180, False, 1
1369,0, 180, False, 1
1370,0, 180, False, 1
1371,0, 180, False, 0
1372,0, 180, False, 0
1373,0, 180, False, 0
1374,0, 180, False, 0
1375,5, 185, False, 0
1376,0, 185, False, 0
1377,0, 185, False, 0
1378,0, 185, False, 0
1379,0, 185, False, 0
1380,0, 185, False, 0
1381,0, 185, False, 0
1382,0, 185, False, 0
1383,0, 185, False, 0
1384,0, 185, False, 0
1385,0, 185, False, 4
1386,0, 185, False, 4
1387,0, 185, False, 4
1388,0, 185, False, 4
1389,0, 185, False, 4
1390,0, 185, False, 4
1391,0, 185, False, 4
1392,0, 185, False, 4
1393,0, 185, False, 4
1394,0, 185, False, 4
1395,0, 185, False, 4
1396,0, 185, False, 4
1397,0, 185, False, 4
1398,0, 185, False, 4
1399,0, 185, False, 4
1400,0, 185, False, 4
1401,0, 185, False, 4
1402,0, 185, False, 4
1403,0, 185, False, 4
1404,0, 185, False, 4
1405,0, 185, False, 4
1406,0, 185, False, 4
1407,0, 185, False, 4
1408,0, 185, False, 0
1409,0, 185, False, 0
1410,0, 185, False, 0
1411,0, 185, False, 0
1412,0, 185, False, 0
1413,0, 185, False, 0
1414,0, 185, False, 0
1415,0, 185, False, 0
1416,0, 185, False, 0
1417,0, 185, False, 0
1418,0, 185, False, 0
1419,0, 185, False, 0
1420,0, 185, False, 0
1421,0, 185, False, 0
1422,0, 185, False, 0
1423,0, 185, False, 0
1424,0, 185, False, 0
1425,0, 185, False, 3
1426,0, 185, False, 3
1427,0, 185, False, 3
1428,0, 185, False, 3
1429,0, 185, False, 3
1430,0, 185, False, 3
1431,0, 185, False, 3
1432,0, 185, False, 3
1433,0, 185, False, 3
1434,0, 185, False, 3
1435,0, 185, False, 3
1436,0, 185, False, 3
1437,0, 185, False, 3
1438,0, 185, False, 3
1439,0, 185, False, 3
1440,0, 185, False, 0
1441,0, 185, False, 0
1442,0, 185, False, 0
1443,0, 185, False, 0
1444,0, 185, False, 0
1445,0, 185, False, 0
1446,0, 185, False, 0
1447,0, 185, False, 0
1448,0, 185, False, 0
1449,0, 185, False, 0
1450,0, 185, False, 0
1451,0, 185, False, 0
1452,0, 185, False, 0
1453,0, 185, False, 0
1454,0, 185, False, 0
1455,0, 185, False, 0
1456,0, 185, False, 0
1457,0, 185, False, 0
1458,0, 185, False, 0
1459,0, 185, False, 0
1460,0, 185, False, 0
1461,0, 185, False, 0
1462,0, 185, False, 0
1463,0, 185, False, 4
1464,0, 185, False, 4
1465,0, 185, False, 4
1466,0, 185, False, 4
1467,0, 185, False, 4
1468,0, 185, False, 4
1469,0, 185, False, 4
1470,0, 185, False, 4
1471,0, 185, False, 4
1472,0, 185, False, 4
1473,0, 185, False, 4
1474,0, 185, False, 4
1475,0, 185, False, 4
1476,0, 185, False, 4
1477,0, 185, False, 4
1478,0, 185, False, 4
1479,0, 185, False, 4
1480,0, 185, False, 4
1481,0, 185, False, 4
1482,0, 185, False, 4
1483,0, 185, False, 4
1484,0, 185, False, 4
1485,0, 185, False, 4
1486,0, 185, False, 0
1487,0, 185, False, 0
1488,0, 185, False, 0
1489,0, 185, False, 0
1490,0, 185, False, 0
1491,0, 185, False, 0
1492,0, 185, False, 0
1493,0, 185, False, 0
1494,0, 185, False, 0
1495,0, 185, False, 0
1496,0, 185, False, 0
1497,0, 185, False, 0
1498,0, 185, False, 0
1499,0, 185, False, 1
1500,0, 185, False, 1
1501,0, 185, False, 1
1502,0, 185, False, 1
1503,0, 185, False, 0
1504,0, 185, False, 0
1505,0, 185, False, 0
1506,0, 185, False, 0
1507,0, 185, False, 0
1508,0, 185, False, 0
1509,0, 185, False, 0
1510,0, 185, False, 0
1511,0, 185, False, 0
1512,0, 185, False, 0
1513,0, 185, False, 0
1514,0, 185, False, 0
1515,0, 185, False, 0
1516,0, 185, False, 0
1517,0, 185, False, 0
1518,0, 185, False, 0
1519,0, 185, False, 0
1520,0, 185, False, 0
1521,0, 185, False, 0
1522,0, 185, False, 0
1523,0, 185, False, 1
1524,0, 185, False, 1
1525,0, 185, False, 1
1526,0, 185, False, 1
1527,0, 185, False, 1
1528,0, 185, False, 1
1529,10, 195, False, 0
1530,0, 195, False, 0
1531,0, 195, False, 0
1532,0, 195, False, 0
1533,0, 195, False, 0
1534,0, 195, False, 0
1535,0, 195, False, 0
1536,0, 195, False, 0
1537,0, 195, False, 0
1538,0, 195, False, 0
1539,0, 195, False, 0
1540,0, 195, False, 3
1541,0, 195, False, 3
1542,0, 195, False, 3
1543,0, 195, False, 3
1544,0, 195, False, 3
1545,0, 195, False, 3
1546,0, 195, False, 3
1547,0, 195, False, 3
1548,0, 195, False, 3
1549,0, 195, False, 3
1550,0, 195, False, 3
1551,0, 195, False, 3
1552,0, 195, False, 3
1553,0, 195, False, 3
1554,0, 195, False, 3
1555,0, 195, False, 3
1556,0, 195, False, 0
1557,0, 195, False, 0
1558,0, 195, False, 0
1559,0, 195, False, 0
1560,0, 195, False, 0
1561,0, 195, False, 0
1562,0, 195, False, 0
1563,0, 195, False, 0
1564,0, 195, False, 0
1565,0, 195, False, 0
1566,0, 195, False, 0
1567,0, 195, False, 0
1568,0, 195, False, 0
1569,0, 195, False, 0
1570,0, 195, False, 0
1571,0, 195, False, 0
1572,0, 195, False, 0
1573,0, 195, False, 0
1574,0, 195, False, 0
1575,0, 195, False, 0
1576,0, 195, False, 0
1577,0, 195, False, 0
1578,0, 195, False, 0
1579,0, 195, False, 0
1580,0, 195, False, 4
1581,0, 195, False, 4
1582,0, 195, False, 4
1583,0, 195, False, 4
1584,0, 195, False, 4
1585,0, 195, False, 4
1586,0, 195, False, 4
1587,0, 195, False, 4
1588,0, 195, False, 4
1589,0, 195, False, 4
1590,0, 195, False, 4
1591,0, 195, False, 4
1592,0, 195, False, 4
1593,0, 195, False, 4
1594,0, 195, False, 4
1595,0, 195, False, 4
1596,0, 195, False, 4
1597,0, 195, False, 4
1598,0, 195, False, 4
1599,0, 195, False, 4
1600,0, 195, False, 4
1601,0, 195, False, 4
1602,0, 195, False, 4
1603,0, 195, False, 4
1604,0, 195, False, 4
1605,0, 195, False, 4
1606,0, 195, False, 4
1607,0, 195, False, 4
1608,0, 195, False, 4
1609,0, 195, False, 4
1610,0, 195, False, 4
1611,0, 195, False, 4
1612,0, 195, False, 4
1613,0, 195, False, 4
1614,0, 195, False, 4
1615,0, 195, False, 4
1616,0, 195, False, 4
1617,0, 195, False, 4
1618,0, 195, False, 4
1619,0, 195, False, 4
1620,0, 195, False, 4
1621,0, 195, False, 4
1622,0, 195, False, 4
1623,0, 195, False, 4
1624,0, 195, False, 0
1625,0, 195, False, 0
1626,0, 195, False, 0
1627,0, 195, False, 0
1628,0, 195, False, 0
1629,0, 195, False, 0
1630,0, 195, False, 0
1631,0, 195, False, 0
1632,0, 195, False, 0
1633,0, 195, False, 0
1634,0, 195, False, 0
1635,0, 195, False, 0
1636,0, 195, False, 0
1637,0, 195, False, 0
1638,0, 195, False, 1
1639,0, 195, False, 1
1640,0, 195, False, 1
1641,0, 195, False, 1
1642,0, 195, False, 1
1643,0, 195, False, 1
1644,0, 195, False, 0
1645,0, 195, False, 0
1646,0, 195, False, 0
1647,0, 195, False, 0
1648,0, 195, False, 0
1649,0, 195, False, 0
1650,0, 195, False, 0
1651,0, 195, False, 1
1652,0, 195, False, 1
1653,0, 195, False, 0
1654,0, 195, False, 0
1655,0, 195, False, 0
1656,0, 195, False, 0
1657,0, 195, False, 0
1658,0, 195, False, 0
1659,0, 195, False, 0
1660,0, 195, False, 0
1661,0, 195, False, 0
1662,0, 195, False, 0
1663,0, 195, False, 0
1664,0, 195, False, 0
1665,0, 195, False, 0
1666,0, 195, False, 0
1667,0, 195, False, 0
1668,0, 195, False, 0
1669,0, 195, False, 0
1670,0, 195, False, 0
1671,0, 195, False, 0
1672,0, 195, False, 0
1673,0, 195, False, 0
1674,0, 195, False, 0
1675,0, 195, False, 0
1676,0, 195, False, 0
1677,0, 195, False, 0
1678,0, 195, False, 0
1679,0, 195, False, 0
1680,0, 195, False, 0
1681,0, 195, False, 0
1682,0, 195, False, 0
1683,0, 195, False, 0
1684,0, 195, False, 0
1685,0, 195, False, 0
1686,0, 195, False, 0
1687,0, 195, False, 0
1688,0, 195, False, 0
1689,0, 195, False, 0
1690,0, 195, False, 0
1691,0, 195, False, 0
1692,0, 195, False, 0
1693,0, 195, False, 0
1694,0, 195, False, 0
1695,0, 195, False, 0
1696,0, 195, False, 0
1697,0, 195, False, 0
1698,0, 195, False, 0
1699,0, 195, False, 0
1700,0, 195, False, 0
1701,0, 195, False, 0
1702,0, 195, False, 0
1703,0, 195, False, 0
1704,0, 195, False, 0
1705,0, 195, False, 0
1706,0, 195, False, 0
1707,0, 195, False, 0
1708,0, 195, False, 0
1709,0, 195, False, 0
1710,0, 195, False, 0
1711,0, 195, False, 0
1712,0, 195, False, 0
1713,0, 195, False, 0
1714,0, 195, False, 0
1715,0, 195, False, 0
1716,0, 195, False, 0
1717,0, 195, False, 0
1718,0, 195, False, 0
1719,0, 195, False, 0
1720,0, 195, False, 0
1721,0, 195, False, 0
1722,0, 195, False, 0
1723,0, 195, False, 0
1724,0, 195, False, 0
1725,0, 195, False, 0
1726,0, 195, False, 0
1727,0, 195, False, 0
1728,0, 195, False, 0
1729,0, 195, False, 0
1730,0, 195, False, 0
1731,0, 195, False, 0
1732,0, 195, False, 0
1733,0, 195, False, 0
1734,0, 195, False, 0
1735,0, 195, False, 0
1736,0, 195, False, 0
1737,0, 195, False, 0
1738,0, 195, False, 0
1739,0, 195, False, 0
1740,0, 195, False, 0
1741,0, 195, False, 0
1742,0, 195, False, 0
1743,0, 195, False, 0
1744,0, 195, False, 0
1745,0, 195, False, 0
1746,0, 195, False, 0
1747,0, 195, False, 0
1748,0, 195, False, 0
1749,0, 195, False, 0
1750,0, 195, False, 0
1751,0, 195, False, 0
1752,0, 195, False, 0
1753,0, 195, False, 0
1754,0, 195, False, 0
1755,0, 195, False, 0
1756,0, 195, False, 0
1757,0, 195, False, 0
1758,0, 195, False, 0
1759,0, 195, False, 0
1760,0, 195, False, 0
1761,0, 195, False, 0
1762,0, 195, False, 0
1763,0, 195, False, 0
1764,0, 195, False, 0
1765,0, 195, False, 0
1766,0, 195, False, 0
1767,0, 195, False, 0
1768,0, 195, False, 0
1769,0, 195, False, 0
1770,0, 195, False, 0
1771,0, 195, False, 0
1772,0, 195, False, 0
1773,0, 195, False, 0
1774,0, 195, False, 0
1775,0, 195, False, 0
1776,0, 195, False, 0
1777,0, 195, False, 0
1778,0, 195, False, 0
1779,0, 195, False, 0
1780,0, 195, False, 0
1781,0, 195, False, 0
1782,0, 195, False, 0
1783,0, 195, False, 0
1784,0, 195, False, 0
1785,0, 195, False, 0
1786,0, 195, False, 0
1787,0, 195, False, 0
1788,0, 195, False, 0
1789,0, 195, False, 0
1790,0, 195, False, 0
1791,0, 195, False, 0
1792,0, 195, False, 0
1793,0, 195, False, 0
1794,0, 195, False, 0
1795,0, 195, False, 0
1796,0, 195, False, 0
1797,0, 195, False, 0
1798,0, 195, False, 0
1799,0, 195, False, 0
1800,0, 195, False, 0
1801,0, 195, False, 0
1802,0, 195, False, 0
1803,0, 195, False, 0
1804,0, 195, False, 0
1805,0, 195, False, 0
1806,0, 195, False, 0
1807,0, 195, False, 0
1808,0, 195, False, 0
1809,0, 195, False, 0
1810,0, 195, False, 0
1811,0, 195, False, 0
1812,0, 195, False, 0
1813,0, 195, False, 0
1814,0, 195, False, 0
1815,0, 195, False, 0
1816,0, 195, False, 0
1817,0, 195, False, 0
1818,0, 195, False, 0
1819,0, 195, False, 0
1820,0, 195, False, 0
1821,0, 195, False, 0
1822,0, 195, False, 0
1823,0, 195, False, 0
1824,0, 195, False, 0
1825,0, 195, False, 0
1826,0, 195, False, 0
1827,0, 195, False, 0
1828,0, 195, False, 0
1829,0, 195, False, 0
1830,0, 195, False, 0
1831,0, 195, False, 0
1832,0, 195, False, 0
1833,0, 195, False, 0
1834,0, 195, False, 0
1835,0, 195, False, 0
1836,0, 195, False, 0
1837,0, 195, False, 0
1838,0, 195, False, 0
1839,0, 195, False, 3
1840,0, 195, False, 3
1841,0, 195, False, 3
1842,0, 195, False, 3
1843,0, 195, False, 3
1844,0, 195, False, 3
1845,0, 195, False, 3
1846,0, 195, False, 3
1847,0, 195, False, 3
1848,0, 195, False, 3
1849,0, 195, False, 3
1850,0, 195, False, 3
1851,0, 195, False, 3
1852,0, 195, False, 3
1853,0, 195, False, 3
1854,0, 195, False, 3
1855,0, 195, False, 3
1856,0, 195, False, 3
1857,0, 195, False, 3
1858,0, 195, False, 3
1859,0, 195, False, 3
1860,0, 195, False, 3
1861,0, 195, False, 3
1862,0, 195, False, 3
1863,0, 195, False, 3
1864,0, 195, False, 3
1865,0, 195, False, 3
1866,0, 195, False, 3
1867,0, 195, False, 3
1868,0, 195, False, 3
1869,0, 195, False, 3
1870,0, 195, False, 3
1871,0, 195, False, 3
1872,0, 195, False, 3
1873,0, 195, False, 3
1874,0, 195, False, 3
1875,0, 195, False, 3
1876,0, 195, False, 3
1877,0, 195, False, 3
1878,0, 195, False, 3
1879,0, 195, False, 3
1880,0, 195, False, 3
1881,0, 195, False, 3
1882,0, 195, False, 3
1883,0, 195, False, 3
1884,0, 195, False, 3
1885,0, 195, False, 3
1886,0, 195, False, 3
1887,0, 195, False, 0
1888,0, 195, False, 0
1889,0, 195, False, 0
1890,0, 195, False, 0
1891,0, 195, False, 0
1892,0, 195, False, 0
1893,0, 195, False, 0
1894,0, 195, False, 0
1895,0, 195, False, 0
1896,0, 195, False, 0
1897,0, 195, False, 0
1898,0, 195, False, 0
1899,0, 195, False, 3
1900,0, 195, False, 3
1901,0, 195, False, 3
1902,0, 195, False, 3
1903,0, 195, False, 3
1904,0, 195, False, 3
1905,0, 195, False, 3
1906,0, 195, False, 3
1907,0, 195, False, 3
1908,0, 195, False, 3
1909,0, 195, False, 3
1910,0, 195, False, 3
1911,0, 195, False, 3
1912,0, 195, False, 3
1913,0, 195, False, 3
1914,0, 195, False, 3
1915,0, 195, False, 3
1916,0, 195, False, 3
1917,0, 195, False, 3
1918,0, 195, False, 3
1919,0, 195, False, 3
1920,0, 195, False, 3
1921,0, 195, False, 3
1922,0, 195, False, 3
1923,0, 195, False, 3
1924,0, 195, False, 3
1925,0, 195, False, 3
1926,0, 195, False, 3
1927,0, 195, False, 3
1928,0, 195, False, 3
1929,0, 195, False, 3
1930,0, 195, False, 3
1931,0, 195, False, 3
1932,0, 195, False, 3
1933,0, 195, False, 3
1934,0, 195, False, 3
1935,0, 195, False, 3
1936,0, 195, False, 3
1937,0, 195, False, 3
1938,0, 195, False, 3
1939,0, 195, False, 3
1940,0, 195, False, 3
1941,0, 195, False, 3
1942,0, 195, False, 3
1943,0, 195, False, 3
1944,0, 195, False, 3
1945,0, 195, False, 3
1946,0, 195, False, 3
1947,0, 195, False, 3
1948,0, 195, False, 3
1949,0, 195, False, 3
1950,0, 195, False, 3
1951,0, 195, False, 3
1952,0, 195, False, 3
1953,0, 195, False, 3
1954,0, 195, False, 3
1955,0, 195, False, 3
1956,0, 195, False, 3
1957,0, 195, False, 3
1958,0, 195, False, 3
1959,0, 195, False, 3
1960,0, 195, False, 3
1961,0, 195, False, 3
1962,0, 195, False, 3
1963,0, 195, False, 3
1964,0, 195, False, 3
1965,0, 195, False, 3
1966,0, 195, False, 3
1967,0, 195, False, 3
1968,0, 195, False, 11
1969,0, 195, False, 11
1970,0, 195, False, 11
1971,0, 195, False, 11
1972,0, 195, False, 11
1973,0, 195, False, 11
1974,0, 195, False, 3
1975,0, 195, False, 3
1976,0, 195, False, 3
1977,0, 195, False, 3
1978,0, 195, False, 3
1979,0, 195, False, 3
1980,0, 195, False, 3
1981,0, 195, False, 3
1982,0, 195, False, 3
1983,0, 195, False, 3
1984,0, 195, False, 3
1985,0, 195, False, 3
1986,0, 195, False, 3
1987,0, 195, False, 3
1988,0, 195, False, 3
1989,0, 195, False, 3
1990,0, 195, False, 3
1991,0, 195, False, 3
1992,0, 195, False, 3
1993,10, 205, False, 3
1994,0, 205, False, 3
1995,0, 205, False, 3
1996,0, 205, False, 3
1997,0, 205, False, 3
1998,0, 205, False, 3
1999,0, 205, False, 3
2000,0, 205, False, 3
2001,0, 205, False, 0
2002,0, 205, False, 0
2003,0, 205, False, 0
2004,0, 205, False, 0
2005,0, 205, False, 0
2006,0, 205, False, 0
2007,0, 205, False, 0
2008,0, 205, False, 0
2009,0, 205, False, 0
2010,0, 205, False, 0
2011,0, 205, False, 0
2012,0, 205, False, 0
2013,0, 205, False, 0
2014,0, 205, False, 0
2015,0, 205, False, 0
2016,0, 205, False, 0
2017,0, 205, False, 0
2018,0, 205, False, 0
2019,0, 205, False, 0
2020,0, 205, False, 0
2021,0, 205, False, 0
2022,0, 205, False, 0
2023,0, 205, False, 0
2024,0, 205, False, 0
2025,0, 205, False, 0
2026,0, 205, False, 0
2027,0, 205, False, 0
2028,0, 205, False, 4
2029,0, 205, False, 4
2030,0, 205, False, 4
2031,0, 205, False, 4
2032,0, 205, False, 4
2033,0, 205, False, 4
2034,0, 205, False, 4
2035,0, 205, False, 4
2036,0, 205, False, 4
2037,0, 205, False, 4
2038,0, 205, False, 4
2039,0, 205, False, 4
2040,0, 205, False, 4
2041,0, 205, False, 4
2042,0, 205, False, 4
2043,0, 205, False, 4
2044,0, 205, False, 4
2045,0, 205, False, 4
2046,0, 205, False, 4
2047,0, 205, False, 4
2048,0, 205, False, 4
2049,0, 205, False, 4
2050,0, 205, False, 4
2051,0, 205, False, 4
2052,0, 205, False, 4
2053,0, 205, False, 4
2054,0, 205, False, 4
2055,0, 205, False, 4
2056,0, 205, False, 4
2057,0, 205, False, 4
2058,0, 205, False, 4
2059,0, 205, False, 4
2060,0, 205, False, 4
2061,0, 205, False, 4
2062,0, 205, False, 4
2063,0, 205, False, 4
2064,0, 205, False, 4
2065,0, 205, False, 4
2066,0, 205, False, 4
2067,0, 205, False, 4
2068,0, 205, False, 4
2069,0, 205, False, 4
2070,0, 205, False, 4
2071,0, 205, False, 12
2072,0, 205, False, 12
2073,0, 205, False, 12
2074,0, 205, False, 12
2075,0, 205, False, 12
2076,0, 205, False, 12
2077,0, 205, False, 4
2078,0, 205, False, 4
2079,0, 205, False, 4
2080,0, 205, False, 4
2081,0, 205, False, 4
2082,0, 205, False, 4
2083,0, 205, False, 4
2084,0, 205, False, 4
2085,0, 205, False, 4
2086,0, 205, False, 4
2087,0, 205, False, 4
2088,0, 205, False, 4
2089,0, 205, False, 4
2090,0, 205, False, 4
2091,0, 205, False, 4
2092,0, 205, False, 4
2093,0, 205, False, 4
2094,0, 205, False, 4
2095,0, 205, False, 4
2096,0, 205, False, 4
2097,0, 205, False, 4
2098,0, 205, False, 4
2099,15, 220, False, 4
2100,0, 220, False, 4
2101,0, 220, False, 4
2102,0, 220, False, 4
2103,0, 220, False, 4
2104,0, 220, False, 4
2105,0, 220, False, 4
2106,0, 220, False, 4
2107,0, 220, False, 4
2108,0, 220, False, 4
2109,0, 220, False, 4
2110,0, 220, False, 4
2111,0, 220, False, 0
2112,0, 220, False, 0
2113,0, 220, False, 0
2114,0, 220, False, 0
2115,0, 220, False, 0
2116,0, 220, False, 0
2117,0, 220, False, 0
2118,0, 220, False, 0
2119,0, 220, False, 0
2120,0, 220, False, 0
2121,0, 220, False, 0
2122,0, 220, False, 0
2123,0, 220, False, 0
2124,0, 220, False, 0
2125,0, 220, False, 0
2126,0, 220, False, 0
2127,0, 220, False, 0
2128,0, 220, False, 0
2129,0, 220, False, 0
2130,0, 220, False, 0
2131,0, 220, False, 0
2132,0, 220, False, 0
2133,0, 220, False, 1
2134,0, 220, False, 1
2135,0, 220, False, 1
2136,0, 220, False, 1
2137,0, 220, False, 1
2138,0, 220, False, 1
2139,0, 220, False, 1
2140,0, 220, False, 0
2141,0, 220, False, 0
2142,0, 220, False, 0
2143,0, 220, False, 0
2144,0, 220, False, 0
2145,0, 220, False, 0
2146,0, 220, False, 0
2147,0, 220, False, 0
2148,0, 220, False, 0
2149,0, 220, False, 0
2150,0, 220, False, 0
2151,0, 220, False, 0
2152,0, 220, False, 0
2153,0, 220, False, 0
2154,0, 220, False, 3
2155,0, 220, False, 3
2156,0, 220, False, 3
2157,0, 220, False, 3
2158,0, 220, False, 3
2159,0, 220, False, 3
2160,0, 220, False, 3
2161,0, 220, False, 3
2162,0, 220, False, 3
2163,15, 235, False, 3
2164,0, 235, False, 3
2165,0, 235, False, 3
2166,0, 235, False, 3
2167,0, 235, False, 0
2168,0, 235, False, 0
2169,0, 235, False, 0
2170,0, 235, False, 0
2171,0, 235, False, 0
2172,0, 235, False, 0
2173,0, 235, False, 3
2174,0, 235, False, 3
2175,0, 235, False, 3
2176,0, 235, False, 3
2177,0, 235, False, 0
2178,0, 235, False, 0
2179,0, 235, False, 0
2180,0, 235, False, 0
2181,0, 235, False, 0
2182,0, 235, False, 0
2183,0, 235, False, 0
2184,0, 235, False, 0
2185,0, 235, False, 0
2186,0, 235, False, 0
2187,0, 235, False, 0
2188,0, 235, False, 3
2189,0, 235, False, 3
2190,0, 235, False, 3
2191,0, 235, False, 3
2192,0, 235, False, 3
2193,0, 235, False, 3
2194,0, 235, False, 3
2195,0, 235, False, 3
2196,0, 235, False, 3
2197,0, 235, False, 3
2198,0, 235, False, 3
2199,0, 235, False, 3
2200,0, 235, False, 3
2201,0, 235, False, 3
2202,0, 235, False, 3
2203,0, 235, False, 3
2204,0, 235, False, 3
2205,0, 235, False, 3
2206,0, 235, False, 3
2207,0, 235, False, 3
2208,0, 235, False, 3
2209,0, 235, False, 3
2210,0, 235, False, 3
2211,0, 235, False, 3
2212,0, 235, False, 3
2213,0, 235, False, 3
2214,0, 235, False, 3
2215,0, 235, False, 3
2216,0, 235, False, 3
2217,0, 235, False, 3
2218,0, 235, False, 3
2219,0, 235, False, 3
2220,0, 235, False, 3
2221,0, 235, False, 3
2222,0, 235, False, 3
2223,0, 235, False, 3
2224,0, 235, False, 3
2225,0, 235, False, 3
2226,0, 235, False, 3
2227,0, 235, False, 3
2228,0, 235, False, 3
2229,0, 235, False, 3
2230,0, 235, False, 3
2231,0, 235, False, 3
2232,0, 235, False, 3
2233,0, 235, False, 3
2234,0, 235, False, 3
2235,0, 235, False, 3
2236,0, 235, False, 3
2237,0, 235, False, 3
2238,0, 235, False, 3
2239,0, 235, False, 3
2240,0, 235, False, 3
2241,0, 235, False, 3
2242,0, 235, False, 0
2243,0, 235, False, 0
2244,0, 235, False, 0
2245,0, 235, False, 0
2246,0, 235, False, 0
2247,0, 235, False, 0
2248,0, 235, False, 0
2249,0, 235, False, 0
2250,0, 235, False, 0
2251,0, 235, False, 1
2252,0, 235, False, 1
2253,0, 235, False, 1
2254,0, 235, False, 1
2255,0, 235, False, 1
2256,0, 235, False, 1
2257,0, 235, False, 0
2258,0, 235, False, 0
2259,0, 235, False, 0
2260,0, 235, False, 4
2261,0, 235, False, 4
2262,0, 235, False, 4
2263,0, 235, False, 4
2264,0, 235, False, 4
2265,0, 235, False, 4
2266,0, 235, False, 4
2267,0, 235, False, 4
2268,0, 235, False, 4
2269,0, 235, False, 4
2270,0, 235, False, 4
2271,0, 235, False, 0
2272,0, 235, False, 0
2273,0, 235, False, 0
2274,0, 235, False, 0
2275,0, 235, False, 0
2276,0, 235, False, 0
2277,0, 235, False, 0
2278,0, 235, False, 0
2279,0, 235, False, 0
2280,0, 235, False, 0
2281,0, 235, False, 0
2282,0, 235, False, 0
2283,0, 235, False, 1
2284,0, 235, False, 1
2285,0, 235, False, 1
2286,0, 235, False, 1
2287,0, 235, False, 1
2288,0, 235, False, 1
2289,0, 235, False, 1
2290,0, 235, False, 0
2291,0, 235, False, 0
2292,0, 235, False, 0
2293,0, 235, False, 0
2294,0, 235, False, 0
2295,0, 235, False, 0
2296,0, 235, False, 0
2297,0, 235, False, 0
2298,0, 235, False, 0
2299,0, 235, False, 0
2300,0, 235, False, 0
2301,0, 235, False, 4
2302,0, 235, False, 4
2303,0, 235, False, 4
2304,0, 235, False, 4
2305,0, 235, False, 4
2306,0, 235, False, 4
2307,0, 235, False, 4
2308,0, 235, False, 4
2309,0, 235, False, 4
2310,0, 235, False, 4
2311,0, 235, False, 4
2312,0, 235, False, 4
2313,0, 235, False, 4
2314,0, 235, False, 4
2315,0, 235, False, 4
2316,0, 235, False, 4
2317,0, 235, False, 4
2318,0, 235, False, 4
2319,20, 255, False, 4
2320,0, 255, False, 4
2321,0, 255, False, 4
2322,0, 255, False, 4
2323,0, 255, False, 4
2324,0, 255, False, 4
2325,0, 255, False, 4
2326,0, 255, False, 4
2327,0, 255, False, 4
2328,0, 255, False, 4
2329,0, 255, False, 4
2330,0, 255, False, 4
2331,0, 255, False, 4
2332,0, 255, False, 4
2333,0, 255, False, 4
2334,0, 255, False, 4
2335,0, 255, False, 4
2336,0, 255, False, 4
2337,0, 255, False, 4
2338,0, 255, False, 4
2339,0, 255, False, 4
2340,0, 255, False, 4
2341,0, 255, False, 0
2342,0, 255, False, 0
2343,0, 255, False, 0
2344,0, 255, False, 0
2345,0, 255, False, 0
2346,0, 255, False, 0
2347,0, 255, False, 0
2348,0, 255, False, 0
2349,0, 255, False, 0
2350,0, 255, False, 0
2351,0, 255, False, 0
2352,0, 255, False, 0
2353,0, 255, False, 0
2354,0, 255, False, 0
2355,0, 255, False, 0
2356,0, 255, False, 0
2357,0, 255, False, 0
2358,0, 255, False, 0
2359,0, 255, False, 0
2360,0, 255, False, 0
2361,0, 255, False, 3
2362,0, 255, False, 3
2363,0, 255, False, 3
2364,0, 255, False, 3
2365,0, 255, False, 3
2366,0, 255, False, 3
2367,0, 255, False, 3
2368,0, 255, False, 3
2369,0, 255, False, 3
2370,0, 255, False, 3
2371,0, 255, False, 3
2372,0, 255, False, 3
2373,0, 255, False, 3
2374,0, 255, False, 3
2375,0, 255, False, 3
2376,0, 255, False, 3
2377,0, 255, False, 3
2378,0, 255, False, 3
2379,0, 255, False, 3
2380,0, 255, False, 3
2381,0, 255, False, 3
2382,0, 255, False, 3
2383,0, 255, False, 3
2384,0, 255, False, 3
2385,0, 255, False, 3
2386,0, 255, False, 3
2387,0, 255, False, 3
2388,0, 255, False, 3
2389,0, 255, False, 3
2390,0, 255, False, 3
2391,0, 255, False, 3
2392,0, 255, False, 3
2393,0, 255, False, 3
2394,0, 255, False, 3
2395,0, 255, False, 3
2396,0, 255, False, 3
2397,0, 255, False, 3
2398,0, 255, False, 3
2399,0, 255, False, 3
2400,0, 255, False, 3
2401,0, 255, False, 3
2402,0, 255, False, 3
2403,0, 255, False, 3
2404,0, 255, False, 3
2405,0, 255, False, 3
2406,0, 255, False, 3
2407,0, 255, False, 3
2408,0, 255, False, 3
2409,0, 255, False, 3
2410,0, 255, False, 3
2411,0, 255, False, 3
2412,0, 255, False, 3
2413,0, 255, False, 3
2414,0, 255, False, 3
2415,0, 255, False, 3
2416,0, 255, False, 3
2417,0, 255, False, 3
2418,0, 255, False, 3
2419,0, 255, False, 3
2420,0, 255, False, 3
2421,0, 255, False, 3
2422,0, 255, False, 3
2423,0, 255, False, 3
2424,0, 255, False, 3
2425,0, 255, False, 3
2426,0, 255, False, 3
2427,0, 255, False, 3
2428,0, 255, False, 3
2429,0, 255, False, 3
2430,0, 255, False, 3
2431,0, 255, False, 3
2432,0, 255, False, 3
2433,0, 255, False, 3
2434,0, 255, False, 3
2435,0, 255, False, 0
2436,0, 255, False, 0
2437,0, 255, False, 0
2438,0, 255, False, 0
2439,0, 255, False, 0
2440,0, 255, False, 0
2441,0, 255, False, 1
2442,0, 255, False, 1
2443,0, 255, False, 1
2444,0, 255, False, 1
2445,0, 255, False, 1
2446,0, 255, False, 1
2447,0, 255, False, 1
2448,0, 255, False, 0
2449,0, 255, False, 0
2450,0, 255, False, 0
2451,0, 255, False, 0
2452,0, 255, False, 0
2453,0, 255, False, 0
2454,0, 255, False, 4
2455,0, 255, False, 4
2456,0, 255, False, 4
2457,0, 255, False, 4
2458,0, 255, False, 4
2459,0, 255, False, 4
2460,0, 255, False, 4
2461,0, 255, False, 4
2462,0, 255, False, 4
2463,0, 255, False, 4
2464,0, 255, False, 4
2465,15, 270, False, 4
2466,0, 270, False, 4
2467,0, 270, False, 4
2468,0, 270, False, 4
2469,0, 270, False, 4
2470,0, 270, False, 4
2471,0, 270, False, 4
2472,0, 270, False, 4
2473,0, 270, False, 4
2474,0, 270, False, 4
2475,0, 270, False, 4
2476,0, 270, False, 4
2477,0, 270, False, 4
2478,0, 270, False, 4
2479,0, 270, False, 4
2480,0, 270, False, 4
2481,0, 270, False, 4
2482,0, 270, False, 4
2483,0, 270, False, 4
2484,0, 270, False, 4
2485,0, 270, False, 4
2486,0, 270, False, 4
2487,0, 270, False, 4
2488,0, 270, False, 4
2489,0, 270, False, 4
2490,0, 270, False, 4
2491,0, 270, False, 4
2492,0, 270, False, 4
2493,0, 270, False, 4
2494,0, 270, False, 4
2495,0, 270, False, 4
2496,0, 270, False, 4
2497,0, 270, False, 4
2498,0, 270, False, 4
2499,0, 270, False, 4
2500,0, 270, False, 4
2501,0, 270, False, 4
2502,0, 270, False, 4
2503,0, 270, False, 4
2504,0, 270, False, 4
2505,0, 270, False, 4
2506,0, 270, False, 4
2507,0, 270, False, 4
2508,0, 270, False, 4
2509,0, 270, False, 4
2510,0, 270, False, 4
2511,0, 270, False, 4
2512,0, 270, False, 4
2513,0, 270, False, 4
2514,0, 270, False, 4
2515,0, 270, False, 4
2516,0, 270, False, 4
2517,0, 270, False, 4
2518,0, 270, False, 4
2519,0, 270, False, 4
2520,0, 270, False, 4
2521,0, 270, False, 4
2522,0, 270, False, 4
2523,0, 270, False, 4
2524,0, 270, False, 4
2525,0, 270, False, 4
2526,0, 270, False, 4
2527,0, 270, False, 4
2528,0, 270, False, 4
2529,0, 270, False, 4
2530,0, 270, False, 4
2531,0, 270, False, 4
2532,0, 270, False, 4
2533,0, 270, False, 4
2534,0, 270, False, 4
2535,0, 270, False, 4
2536,0, 270, False, 4
2537,0, 270, False, 4
2538,0, 270, False, 4
2539,0, 270, False, 4
2540,0, 270, False, 4
2541,0, 270, False, 4
2542,0, 270, False, 4
2543,0, 270, False, 4
2544,0, 270, False, 4
2545,0, 270, False, 4
2546,0, 270, False, 4
2547,0, 270, False, 4
2548,0, 270, False, 4
2549,0, 270, False, 4
2550,0, 270, False, 4
2551,0, 270, False, 4
2552,0, 270, False, 4
2553,0, 270, False, 4
2554,0, 270, False, 4
2555,0, 270, False, 4
2556,0, 270, False, 4
2557,0, 270, False, 4
2558,0, 270, False, 4
2559,0, 270, False, 4
2560,0, 270, False, 4
2561,0, 270, False, 4
2562,0, 270, False, 4
2563,0, 270, False, 4
2564,0, 270, False, 4
2565,0, 270, False, 12
2566,0, 270, False, 12
2567,0, 270, False, 12
2568,0, 270, False, 12
2569,0, 270, False, 12
2570,0, 270, False, 4
2571,0, 270, False, 4
2572,0, 270, False, 4
2573,0, 270, False, 4
2574,0, 270, False, 4
2575,0, 270, False, 4
2576,0, 270, False, 4
2577,0, 270, False, 4
2578,0, 270, False, 4
2579,0, 270, False, 4
2580,0, 270, False, 4
2581,0, 270, False, 4
2582,0, 270, False, 4
2583,0, 270, False, 4
2584,0, 270, False, 4
2585,0, 270, False, 12
2586,0, 270, False, 12
2587,0, 270, False, 12
2588,0, 270, False, 12
2589,15, 285, False, 12
2590,0, 285, False, 4
2591,0, 285, False, 4
2592,0, 285, False, 4
2593,0, 285, False, 4
2594,0, 285, False, 4
2595,0, 285, False, 4
2596,0, 285, False, 4
2597,0, 285, False, 4
2598,0, 285, False, 4
2599,0, 285, False, 4
2600,0, 285, False, 4
2601,0, 285, False, 4
2602,0, 285, False, 4
2603,0, 285, False, 4
2604,0, 285, False, 4
2605,0, 285, False, 4
2606,0, 285, False, 4
2607,0, 285, False, 4
2608,0, 285, False, 4
2609,0, 285, False, 4
2610,0, 285, False, 4
2611,0, 285, False, 4
2612,0, 285, False, 4
2613,0, 285, False, 4
2614,0, 285, False, 4
2615,0, 285, False, 4
2616,0, 285, False, 4
2617,0, 285, False, 4
2618,0, 285, False, 4
2619,0, 285, False, 4
2620,0, 285, False, 4
2621,0, 285, False, 4
2622,0, 285, False, 0
2623,0, 285, False, 0
2624,0, 285, False, 0
2625,0, 285, False, 0
2626,0, 285, False, 3
2627,0, 285, False, 3
2628,0, 285, False, 3
2629,0, 285, False, 3
2630,0, 285, False, 3
2631,0, 285, False, 3
2632,0, 285, False, 3
2633,0, 285, False, 3
2634,0, 285, False, 3
2635,0, 285, False, 3
2636,0, 285, False, 3
2637,0, 285, False, 3
2638,0, 285, False, 3
2639,0, 285, False, 3
2640,0, 285, False, 3
2641,0, 285, False, 3
2642,0, 285, False, 3
2643,0, 285, False, 3
2644,0, 285, False, 3
2645,0, 285, False, 3
2646,0, 285, False, 3
2647,0, 285, False, 3
2648,0, 285, False, 3
2649,0, 285, False, 3
2650,0, 285, False, 3
2651,0, 285, False, 3
2652,0, 285, False, 3
2653,0, 285, False, 3
2654,0, 285, False, 0
2655,0, 285, False, 1
2656,0, 285, False, 1
2657,0, 285, False, 1
2658,0, 285, False, 1
2659,0, 285, False, 1
2660,0, 285, False, 0
2661,0, 285, False, 0
2662,0, 285, False, 0
2663,0, 285, False, 0
2664,0, 285, False, 0
2665,0, 285, False, 0
2666,0, 285, False, 0
2667,0, 285, False, 0
2668,0, 285, False, 0
2669,0, 285, False, 0
2670,0, 285, False, 0
2671,0, 285, False, 0
2672,0, 285, False, 0
2673,0, 285, False, 0
2674,0, 285, False, 0
2675,0, 285, False, 0
2676,0, 285, False, 0
2677,15, 300, False, 0
2678,0, 300, False, 0
2679,0, 300, False, 0
2680,0, 300, False, 0
2681,0, 300, False, 0
2682,0, 300, False, 0
2683,0, 300, False, 0
2684,0, 300, False, 0
2685,0, 300, False, 0
2686,0, 300, False, 0
2687,0, 300, False, 0
2688,0, 300, False, 0
2689,0, 300, False, 0
2690,0, 300, False, 0
2691,0, 300, False, 0
2692,0, 300, False, 0
2693,0, 300, False, 0
2694,0, 300, False, 0
2695,0, 300, False, 0
2696,0, 300, False, 0
2697,0, 300, False, 0
2698,0, 300, False, 1
2699,0, 300, False, 1
2700,0, 300, False, 1
2701,0, 300, False, 1
2702,0, 300, False, 1
2703,0, 300, False, 1
2704,0, 300, False, 0
2705,0, 300, False, 0
2706,0, 300, False, 0
2707,0, 300, False, 0
2708,0, 300, False, 0
2709,0, 300, False, 1
2710,0, 300, False, 1
2711,0, 300, False, 1
2712,0, 300, False, 1
2713,0, 300, False, 1
2714,0, 300, False, 1
2715,0, 300, False, 1
2716,0, 300, False, 0
2717,0, 300, False, 0
2718,0, 300, False, 0
2719,0, 300, False, 0
2720,0, 300, False, 0
2721,0, 300, False, 0
2722,0, 300, False, 0
2723,0, 300, False, 0
2724,0, 300, False, 0
2725,0, 300, False, 1
2726,0, 300, False, 1
2727,0, 300, False, 1
2728,0, 300, False, 0
2729,0, 300, False, 0
2730,0, 300, False, 0
2731,0, 300, False, 0
2732,0, 300, False, 0
2733,0, 300, False, 0
2734,0, 300, False, 0
2735,0, 300, False, 0
2736,0, 300, False, 11
2737,0, 300, False, 11
2738,0, 300, False, 11
2739,0, 300, False, 11
2740,0, 300, False, 11
2741,0, 300, False, 3
2742,0, 300, False, 3
2743,0, 300, False, 3
2744,0, 300, False, 3
2745,0, 300, False, 3
2746,0, 300, False, 3
2747,0, 300, False, 11
2748,0, 300, False, 11
2749,0, 300, False, 11
2750,0, 300, False, 3
2751,0, 300, False, 0
2752,0, 300, False, 0
2753,0, 300, False, 0
2754,0, 300, False, 0
2755,0, 300, False, 0
2756,0, 300, False, 1
2757,0, 300, False, 1
2758,0, 300, False, 1
2759,0, 300, False, 1
2760,0, 300, False, 0
2761,0, 300, False, 0
2762,0, 300, False, 0
2763,0, 300, False, 0
2764,0, 300, False, 0
2765,0, 300, False, 0
2766,0, 300, False, 1
2767,0, 300, False, 1
2768,0, 300, False, 1
2769,0, 300, False, 0
2770,0, 300, False, 0
2771,0, 300, False, 0
2772,0, 300, False, 0
2773,0, 300, False, 0
2774,0, 300, False, 0
2775,0, 300, False, 0
2776,0, 300, False, 0
2777,0, 300, False, 1
2778,0, 300, False, 1
2779,0, 300, False, 1
2780,0, 300, False, 1
2781,0, 300, False, 0
2782,0, 300, False, 0
2783,0, 300, False, 0
2784,0, 300, False, 0
2785,0, 300, False, 0
2786,0, 300, False, 0
2787,0, 300, False, 0
2788,0, 300, False, 0
2789,0, 300, False, 0
2790,0, 300, False, 0
2791,0, 300, False, 0
2792,0, 300, False, 0
2793,0, 300, False, 0
2794,0, 300, False, 0
2795,0, 300, False, 0
2796,0, 300, False, 0
2797,0, 300, False, 0
2798,0, 300, False, 0
2799,0, 300, False, 0
2800,0, 300, False, 1
2801,0, 300, False, 1
2802,0, 300, False, 1
2803,0, 300, False, 1
2804,0, 300, False, 1
2805,0, 300, False, 1
2806,0, 300, False, 1
2807,0, 300, False, 1
2808,0, 300, False, 0
2809,0, 300, False, 0
2810,0, 300, False, 0
2811,0, 300, False, 0
2812,0, 300, False, 0
2813,0, 300, False, 0
2814,0, 300, False, 0
2815,0, 300, False, 0
2816,0, 300, False, 0
2817,0, 300, False, 0
2818,0, 300, False, 0
2819,0, 300, False, 0
2820,0, 300, False, 0
2821,0, 300, False, 0
2822,0, 300, False, 0
2823,0, 300, False, 0
2824,0, 300, False, 0
2825,0, 300, False, 0
2826,0, 300, False, 0
2827,0, 300, False, 0
2828,0, 300, False, 0
2829,0, 300, False, 0
2830,0, 300, False, 3
2831,0, 300, False, 3
2832,0, 300, False, 3
2833,0, 300, False, 3
2834,0, 300, False, 3
2835,0, 300, False, 3
2836,0, 300, False, 3
2837,0, 300, False, 0
2838,0, 300, False, 0
2839,0, 300, False, 0
2840,0, 300, False, 0
2841,0, 300, False, 0
2842,0, 300, False, 0
2843,0, 300, False, 0
2844,0, 300, False, 0
2845,0, 300, False, 0
2846,0, 300, False, 0
2847,0, 300, False, 0
2848,0, 300, False, 0
2849,0, 300, False, 0
2850,0, 300, False, 0
2851,0, 300, False, 0
2852,0, 300, False, 0
2853,0, 300, False, 0
2854,0, 300, False, 0
2855,0, 300, False, 0
2856,0, 300, False, 0
2857,0, 300, False, 0
2858,0, 300, False, 0
2859,0, 300, False, 0
2860,0, 300, False, 0
2861,0, 300, False, 0
2862,0, 300, False, 0
2863,0, 300, False, 1
2864,0, 300, False, 1
2865,0, 300, False, 1
2866,0, 300, False, 1
2867,0, 300, False, 1
2868,0, 300, False, 1
2869,0, 300, False, 1
2870,0, 300, False, 0
2871,0, 300, False, 0
2872,0, 300, False, 0
2873,0, 300, False, 0
2874,0, 300, False, 0
2875,0, 300, False, 0
2876,0, 300, False, 0
2877,0, 300, False, 0
2878,0, 300, False, 0
2879,0, 300, False, 0
2880,0, 300, False, 0
2881,0, 300, False, 0
2882,0, 300, False, 0
2883,0, 300, False, 0
2884,0, 300, False, 0
2885,0, 300, False, 1
2886,0, 300, False, 1
2887,0, 300, False, 1
2888,0, 300, False, 1
2889,0, 300, False, 1
2890,0, 300, False, 1
2891,0, 300, False, 1
2892,0, 300, False, 0
2893,0, 300, False, 0
2894,0, 300, False, 0
2895,0, 300, False, 0
2896,0, 300, False, 0
2897,0, 300, False, 0
2898,0, 300, False, 0
2899,0, 300, False, 0
2900,0, 300, False, 0
2901,0, 300, False, 0
2902,0, 300, False, 0
2903,0, 300, False, 0
2904,0, 300, False, 0
2905,0, 300, False, 0
2906,0, 300, False, 0
2907,0, 300, False, 0
2908,0, 300, False, 0
2909,0, 300, False, 0
2910,0, 300, False, 0
2911,0, 300, False, 0
2912,0, 300, False, 0
2913,20, 320, False, 0
2914,0, 320, False, 0
2915,0, 320, False, 0
2916,0, 320, False, 0
2917,0, 320, False, 0
2918,0, 320, False, 0
2919,0, 320, False, 0
2920,0, 320, False, 0
2921,0, 320, False, 0
2922,0, 320, False, 0
2923,0, 320, False, 0
2924,0, 320, False, 0
2925,0, 320, False, 0
2926,0, 320, False, 0
2927,0, 320, False, 0
2928,0, 320, False, 0
2929,0, 320, False, 0
2930,0, 320, False, 0
2931,0, 320, False, 0
2932,0, 320, False, 0
2933,0, 320, False, 0
2934,0, 320, False, 0
2935,0, 320, False, 0
2936,0, 320, False, 0
2937,0, 320, False, 0
2938,0, 320, False, 0
2939,0, 320, False, 0
2940,0, 320, False, 0
2941,0, 320, False, 0
2942,0, 320, False, 0
2943,0, 320, False, 0
2944,0, 320, False, 3
2945,0, 320, False, 3
2946,0, 320, False, 3
2947,0, 320, False, 3
2948,0, 320, False, 3
2949,0, 320, False, 3
2950,0, 320, False, 3
2951,0, 320, False, 3
2952,0, 320, False, 3
2953,0, 320, False, 0
2954,0, 320, False, 0
2955,0, 320, False, 0
2956,0, 320, False, 0
2957,0, 320, False, 0
2958,0, 320, False, 0
2959,0, 320, False, 3
2960,0, 320, False, 3
2961,0, 320, False, 3
2962,0, 320, False, 3
2963,0, 320, False, 3
2964,0, 320, False, 3
2965,0, 320, False, 3
2966,0, 320, False, 3
2967,0, 320, False, 3
2968,0, 320, False, 3
2969,0, 320, False, 3
2970,0, 320, False, 3
2971,0, 320, False, 3
2972,0, 320, False, 3
2973,0, 320, False, 3
2974,0, 320, False, 3
2975,0, 320, False, 3
2976,0, 320, False, 3
2977,0, 320, False, 3
2978,0, 320, False, 3
2979,0, 320, False, 3
2980,0, 320, False, 3
2981,0, 320, False, 3
2982,0, 320, False, 3
2983,0, 320, False, 3
2984,0, 320, False, 3
2985,0, 320, False, 3
2986,0, 320, False, 3
2987,0, 320, False, 3
2988,0, 320, False, 3
2989,0, 320, False, 3
2990,0, 320, False, 3
2991,0, 320, False, 3
2992,0, 320, False, 3
2993,0, 320, False, 3
2994,0, 320, False, 3
2995,0, 320, False, 3
2996,0, 320, False, 3
2997,0, 320, False, 3
2998,0, 320, False, 3
2999,0, 320, False, 3
3000,0, 320, False, 3
3001,0, 320, False, 3
3002,0, 320, False, 0
3003,0, 320, False, 0
3004,0, 320, False, 0
3005,0, 320, False, 0
3006,0, 320, False, 0
3007,0, 320, False, 1
3008,0, 320, False, 1
3009,0, 320, False, 1
3010,0, 320, False, 1
3011,0, 320, False, 1
3012,0, 320, False, 12
3013,0, 320, False, 4
3014,0, 320, False, 4
3015,0, 320, False, 4
3016,0, 320, False, 4
3017,0, 320, False, 4
3018,0, 320, False, 4
3019,0, 320, False, 4
3020,0, 320, False, 4
3021,0, 320, False, 4
3022,0, 320, False, 4
3023,0, 320, False, 4
3024,0, 320, False, 4
3025,0, 320, False, 4
3026,0, 320, False, 4
3027,0, 320, False, 4
3028,0, 320, False, 4
3029,0, 320, False, 4
3030,0, 320, False, 4
3031,0, 320, False, 4
3032,0, 320, False, 4
3033,0, 320, False, 4
3034,0, 320, False, 4
3035,0, 320, False, 4
3036,0, 320, False, 4
3037,0, 320, False, 4
3038,0, 320, False, 4
3039,0, 320, False, 4
3040,0, 320, False, 0
3041,0, 320, False, 0
3042,0, 320, False, 0
3043,0, 320, False, 0
3044,0, 320, False, 0
3045,25, 345, False, 0
3046,0, 345, False, 0
3047,0, 345, False, 0
3048,0, 345, False, 3
3049,0, 345, False, 3
3050,0, 345, False, 3
3051,0, 345, False, 3
3052,0, 345, False, 3
3053,0, 345, False, 3
3054,0, 345, False, 3
3055,0, 345, False, 3
3056,0, 345, False, 3
3057,0, 345, False, 3
3058,0, 345, False, 3
3059,0, 345, False, 3
3060,0, 345, False, 3
3061,0, 345, False, 3
3062,0, 345, False, 3
3063,0, 345, False, 3
3064,0, 345, False, 3
3065,0, 345, False, 3
3066,0, 345, False, 3
3067,0, 345, False, 3
3068,0, 345, False, 3
3069,0, 345, False, 3
3070,0, 345, False, 3
3071,0, 345, False, 3
3072,0, 345, False, 3
3073,0, 345, False, 0
3074,0, 345, False, 0
3075,0, 345, False, 0
3076,0, 345, False, 0
3077,0, 345, False, 0
3078,0, 345, False, 0
3079,0, 345, False, 0
3080,0, 345, False, 0
3081,0, 345, False, 1
3082,0, 345, False, 1
3083,0, 345, False, 1
3084,0, 345, False, 1
3085,0, 345, False, 1
3086,0, 345, False, 1
3087,0, 345, False, 1
3088,0, 345, False, 1
3089,0, 345, False, 1
3090,0, 345, False, 1
3091,0, 345, False, 0
3092,0, 345, False, 0
3093,0, 345, False, 0
3094,0, 345, False, 0
3095,0, 345, False, 0
3096,0, 345, False, 0
3097,0, 345, False, 0
3098,0, 345, False, 0
3099,0, 345, False, 0
3100,0, 345, False, 0
3101,0, 345, False, 0
3102,0, 345, False, 0
3103,0, 345, False, 0
3104,0, 345, False, 0
3105,20, 365, False, 0
3106,0, 365, False, 0
3107,0, 365, False, 4
3108,0, 365, False, 4
3109,0, 365, False, 4
3110,0, 365, False, 4
3111,0, 365, False, 4
3112,0, 365, False, 4
3113,0, 365, False, 4
3114,0, 365, False, 4
3115,0, 365, False, 4
3116,0, 365, False, 4
3117,0, 365, False, 4
3118,0, 365, False, 4
3119,0, 365, False, 4
3120,0, 365, False, 4
3121,0, 365, False, 4
3122,0, 365, False, 4
3123,0, 365, False, 4
3124,0, 365, False, 4
3125,0, 365, False, 4
3126,0, 365, False, 4
3127,0, 365, False, 4
3128,0, 365, False, 4
3129,0, 365, False, 4
3130,0, 365, False, 4
3131,0, 365, False, 4
3132,0, 365, False, 4
3133,0, 365, False, 4
3134,0, 365, False, 4
3135,0, 365, False, 4
3136,0, 365, False, 4
3137,0, 365, False, 4
3138,0, 365, False, 4
3139,0, 365, False, 4
3140,0, 365, False, 4
3141,0, 365, False, 4
3142,0, 365, False, 4
3143,0, 365, False, 4
3144,0, 365, False, 4
3145,0, 365, False, 4
3146,0, 365, False, 4
3147,0, 365, False, 4
3148,0, 365, False, 4
3149,0, 365, False, 0
3150,0, 365, False, 0
3151,0, 365, False, 0
3152,0, 365, False, 0
3153,0, 365, False, 0
3154,0, 365, False, 0
3155,0, 365, False, 1
3156,0, 365, False, 1
3157,0, 365, False, 1
3158,0, 365, False, 1
3159,0, 365, False, 1
3160,0, 365, False, 1
3161,0, 365, False, 1
3162,0, 365, False, 1
3163,0, 365, False, 1
3164,0, 365, False, 0
3165,0, 365, False, 0
3166,0, 365, False, 0
3167,0, 365, False, 0
3168,0, 365, False, 0
3169,0, 365, False, 0
3170,0, 365, False, 0
3171,0, 365, False, 0
3172,0, 365, False, 0
3173,0, 365, False, 0
3174,0, 365, False, 0
3175,0, 365, False, 0
3176,0, 365, False, 0
3177,0, 365, False, 0
3178,0, 365, False, 4
3179,20, 385, False, 4
3180,0, 385, False, 4
3181,0, 385, False, 4
3182,0, 385, False, 4
3183,0, 385, False, 4
3184,0, 385, False, 4
3185,0, 385, False, 4
3186,0, 385, False, 4
3187,0, 385, False, 4
3188,0, 385, False, 4
3189,0, 385, False, 4
3190,0, 385, False, 4
3191,0, 385, False, 4
3192,0, 385, False, 4
3193,0, 385, False, 4
3194,0, 385, False, 4
3195,0, 385, False, 4
3196,0, 385, False, 4
3197,0, 385, False, 4
3198,0, 385, False, 4
3199,0, 385, False, 4
3200,0, 385, False, 4
3201,0, 385, False, 4
3202,0, 385, False, 4
3203,0, 385, False, 4
3204,0, 385, False, 4
3205,0, 385, False, 0
3206,0, 385, False, 1
3207,0, 385, False, 1
3208,0, 385, False, 1
3209,0, 385, False, 1
3210,0, 385, False, 0
3211,0, 385, False, 0
3212,0, 385, False, 0
3213,0, 385, False, 0
3214,0, 385, False, 0
3215,0, 385, False, 0
3216,0, 385, False, 0
3217,0, 385, False, 1
3218,0, 385, False, 0
3219,0, 385, False, 0
3220,0, 385, False, 0
3221,0, 385, False, 0
3222,0, 385, False, 0
3223,0, 385, False, 0
3224,0, 385, False, 0
3225,20, 405, False, 0
3226,0, 405, False, 0
3227,0, 405, False, 0
3228,0, 405, False, 0
3229,0, 405, False, 4
3230,0, 405, False, 4
3231,0, 405, False, 4
3232,0, 405, False, 4
3233,0, 405, False, 4
3234,0, 405, False, 4
3235,0, 405, False, 4
3236,0, 405, False, 4
3237,0, 405, False, 4
3238,0, 405, False, 4
3239,0, 405, False, 4
3240,0, 405, False, 4
3241,0, 405, False, 4
3242,0, 405, False, 4
3243,0, 405, False, 4
3244,0, 405, False, 4
3245,0, 405, False, 4
3246,0, 405, False, 4
3247,0, 405, False, 4
3248,0, 405, False, 4
3249,0, 405, False, 4
3250,0, 405, False, 4
3251,0, 405, False, 4
3252,0, 405, False, 4
3253,0, 405, False, 4
3254,0, 405, False, 4
3255,0, 405, False, 0
3256,0, 405, False, 0
3257,0, 405, False, 0
3258,0, 405, False, 0
3259,0, 405, False, 0
3260,0, 405, False, 0
3261,0, 405, False, 0
3262,0, 405, False, 0
3263,0, 405, False, 0
3264,0, 405, False, 0
3265,0, 405, False, 0
3266,0, 405, False, 0
3267,0, 405, False, 0
3268,0, 405, False, 0
3269,0, 405, False, 0
3270,0, 405, False, 0
3271,0, 405, False, 0
3272,0, 405, False, 0
3273,0, 405, False, 0
3274,0, 405, False, 3
3275,0, 405, False, 3
3276,0, 405, False, 3
3277,0, 405, False, 3
3278,0, 405, False, 3
3279,0, 405, False, 3
3280,0, 405, False, 3
3281,0, 405, False, 3
3282,0, 405, False, 3
3283,0, 405, False, 3
3284,0, 405, False, 3
3285,0, 405, False, 3
3286,0, 405, False, 3
3287,0, 405, False, 3
3288,0, 405, False, 3
3289,0, 405, False, 3
3290,0, 405, False, 3
3291,0, 405, False, 3
3292,0, 405, False, 3
3293,0, 405, False, 3
3294,0, 405, False, 0
3295,0, 405, False, 0
3296,0, 405, False, 0
3297,0, 405, False, 0
3298,0, 405, False, 0
3299,0, 405, False, 0
3300,0, 405, False, 0
3301,0, 405, False, 0
3302,0, 405, False, 0
3303,0, 405, False, 0
3304,0, 405, False, 0
3305,0, 405, False, 0
3306,0, 405, False, 0
3307,0, 405, False, 4
3308,0, 405, False, 4
3309,0, 405, False, 4
3310,0, 405, False, 4
3311,0, 405, False, 4
3312,0, 405, False, 4
3313,0, 405, False, 4
3314,0, 405, False, 4
3315,0, 405, False, 4
3316,0, 405, False, 4
3317,0, 405, False, 4
3318,0, 405, False, 4
3319,0, 405, False, 4
3320,0, 405, False, 4
3321,0, 405, False, 4
3322,0, 405, False, 4
3323,0, 405, False, 4
3324,0, 405, False, 4
3325,0, 405, False, 4
3326,0, 405, False, 4
3327,0, 405, False, 4
3328,0, 405, False, 4
3329,0, 405, False, 4
3330,0, 405, False, 4
3331,0, 405, False, 4
3332,0, 405, False, 4
3333,0, 405, False, 4
3334,0, 405, False, 4
3335,0, 405, False, 0
3336,0, 405, False, 0
3337,0, 405, False, 0
3338,0, 405, False, 0
3339,0, 405, False, 0
3340,0, 405, False, 0
3341,0, 405, False, 0
3342,0, 405, False, 0
3343,0, 405, False, 0
3344,0, 405, False, 0
3345,0, 405, False, 0
3346,0, 405, False, 0
3347,0, 405, False, 0
3348,0, 405, False, 0
3349,0, 405, False, 0
3350,0, 405, False, 0
3351,0, 405, False, 0
3352,0, 405, False, 0
3353,0, 405, False, 0
3354,0, 405, False, 0
3355,0, 405, False, 0
3356,0, 405, False, 0
3357,0, 405, False, 0
3358,0, 405, False, 0
3359,0, 405, False, 0
3360,0, 405, False, 0
3361,0, 405, False, 0
3362,0, 405, False, 0
3363,0, 405, False, 0
3364,0, 405, False, 0
3365,0, 405, False, 0
3366,0, 405, False, 0
3367,0, 405, False, 0
3368,0, 405, False, 0
3369,0, 405, False, 0
3370,0, 405, False, 0
3371,0, 405, False, 0
3372,0, 405, False, 0
3373,0, 405, False, 0
3374,0, 405, False, 0
3375,0, 405, False, 0
3376,0, 405, False, 0
3377,0, 405, False, 0
3378,0, 405, False, 0
3379,0, 405, False, 0
3380,0, 405, False, 0
3381,0, 405, False, 0
3382,0, 405, False, 0
3383,0, 405, False, 0
3384,0, 405, False, 0
3385,0, 405, False, 0
3386,0, 405, False, 0
3387,0, 405, False, 0
3388,0, 405, False, 0
3389,0, 405, False, 0
3390,0, 405, False, 0
3391,0, 405, False, 0
3392,0, 405, False, 0
3393,0, 405, False, 0
3394,0, 405, False, 0
3395,0, 405, False, 0
3396,0, 405, False, 0
3397,0, 405, False, 0
3398,0, 405, False, 0
3399,0, 405, False, 0
3400,0, 405, False, 0
3401,0, 405, False, 0
3402,0, 405, False, 0
3403,0, 405, False, 0
3404,0, 405, False, 0
3405,0, 405, False, 0
3406,0, 405, False, 0
3407,0, 405, False, 0
3408,0, 405, False, 0
3409,0, 405, False, 0
3410,0, 405, False, 0
3411,0, 405, False, 0
3412,0, 405, False, 0
3413,0, 405, False, 0
3414,0, 405, False, 0
3415,0, 405, False, 0
3416,0, 405, False, 0
3417,0, 405, False, 0
3418,0, 405, False, 0
3419,0, 405, False, 0
3420,0, 405, False, 0
3421,0, 405, False, 0
3422,0, 405, False, 0
3423,0, 405, False, 0
3424,0, 405, False, 0
3425,0, 405, False, 0
3426,0, 405, False, 0
3427,0, 405, False, 0
3428,0, 405, False, 0
3429,0, 405, False, 0
3430,0, 405, False, 0
3431,0, 405, False, 0
3432,0, 405, False, 0
3433,0, 405, False, 0
3434,0, 405, False, 0
3435,0, 405, False, 0
3436,0, 405, False, 0
3437,0, 405, False, 0
3438,0, 405, False, 0
3439,0, 405, False, 0
3440,0, 405, False, 0
3441,0, 405, False, 0
3442,0, 405, False, 0
3443,0, 405, False, 0
3444,0, 405, False, 0
3445,0, 405, False, 0
3446,0, 405, False, 0
3447,0, 405, False, 0
3448,0, 405, False, 0
3449,0, 405, False, 0
3450,0, 405, False, 0
3451,0, 405, False, 0
3452,0, 405, False, 0
3453,0, 405, False, 0
3454,0, 405, False, 0
3455,0, 405, False, 0
3456,0, 405, False, 0
3457,0, 405, False, 0
3458,0, 405, False, 0
3459,0, 405, False, 0
3460,0, 405, False, 0
3461,0, 405, False, 0
3462,0, 405, False, 0
3463,0, 405, False, 0
3464,0, 405, False, 0
3465,0, 405, False, 0
3466,0, 405, False, 0
3467,0, 405, False, 0
3468,0, 405, False, 0
3469,0, 405, False, 0
3470,0, 405, False, 0
3471,0, 405, False, 0
3472,0, 405, False, 0
3473,0, 405, False, 0
3474,0, 405, False, 0
3475,0, 405, False, 0
3476,0, 405, False, 0
3477,0, 405, False, 0
3478,0, 405, False, 0
3479,0, 405, False, 0
3480,0, 405, False, 0
3481,0, 405, False, 0
3482,0, 405, False, 0
3483,0, 405, False, 0
3484,0, 405, False, 0
3485,0, 405, False, 0
3486,0, 405, False, 0
3487,0, 405, False, 0
3488,0, 405, False, 0
3489,0, 405, False, 0
3490,0, 405, False, 0
3491,0, 405, False, 0
3492,0, 405, False, 0
3493,0, 405, False, 0
3494,0, 405, False, 0
3495,0, 405, False, 0
3496,0, 405, False, 0
3497,0, 405, False, 0
3498,0, 405, False, 0
3499,0, 405, False, 0
3500,0, 405, False, 0
3501,0, 405, False, 0
3502,0, 405, False, 0
3503,0, 405, False, 0
3504,0, 405, False, 0
3505,0, 405, False, 0
3506,0, 405, False, 0
3507,0, 405, False, 0
3508,0, 405, False, 0
3509,0, 405, False, 0
3510,0, 405, False, 0
3511,0, 405, False, 0
3512,0, 405, False, 0
3513,0, 405, False, 0
3514,0, 405, False, 0
3515,0, 405, False, 0
3516,0, 405, False, 0
3517,0, 405, False, 0
3518,0, 405, False, 0
3519,0, 405, False, 0
3520,0, 405, False, 0
3521,0, 405, False, 0
3522,0, 405, False, 0
3523,0, 405, False, 0
3524,0, 405, False, 0
3525,0, 405, False, 0
3526,0, 405, False, 0
3527,0, 405, False, 0
3528,0, 405, False, 0
3529,0, 405, False, 0
3530,0, 405, False, 0
3531,0, 405, False, 1
3532,0, 405, False, 1
3533,0, 405, False, 1
3534,0, 405, False, 1
3535,0, 405, False, 1
3536,0, 405, False, 1
3537,0, 405, False, 1
3538,0, 405, False, 0
3539,0, 405, False, 0
3540,0, 405, False, 0
3541,0, 405, False, 0
3542,0, 405, False, 0
3543,0, 405, False, 0
3544,0, 405, False, 0
3545,0, 405, False, 0
3546,0, 405, False, 0
3547,0, 405, False, 0
3548,0, 405, False, 0
3549,0, 405, False, 0
3550,0, 405, False, 0
3551,0, 405, False, 0
3552,0, 405, False, 0
3553,0, 405, False, 0
3554,0, 405, False, 0
3555,0, 405, False, 0
3556,0, 405, False, 3
3557,0, 405, False, 3
3558,0, 405, False, 3
3559,25, 430, False, 3
3560,0, 430, False, 3
3561,0, 430, False, 3
3562,0, 430, False, 3
3563,0, 430, False, 3
3564,0, 430, False, 3
3565,0, 430, False, 3
3566,0, 430, False, 3
3567,0, 430, False, 3
3568,0, 430, False, 3
3569,0, 430, False, 3
3570,0, 430, False, 3
3571,0, 430, False, 3
3572,0, 430, False, 3
3573,0, 430, False, 3
3574,0, 430, False, 3
3575,0, 430, False, 3
3576,0, 430, False, 3
3577,0, 430, False, 3
3578,0, 430, False, 3
3579,0, 430, False, 3
3580,0, 430, False, 3
3581,0, 430, False, 0
3582,0, 430, False, 0
3583,0, 430, False, 0
3584,0, 430, False, 1
3585,0, 430, False, 1
3586,0, 430, False, 1
3587,0, 430, False, 1
3588,0, 430, False, 1
3589,0, 430, False, 1
3590,0, 430, False, 1
3591,0, 430, False, 0
3592,0, 430, False, 0
3593,0, 430, False, 1
3594,0, 430, False, 0
3595,0, 430, False, 0
3596,0, 430, False, 0
3597,0, 430, False, 0
3598,0, 430, False, 0
3599,0, 430, False, 0
3600,0, 430, False, 0
3601,0, 430, False, 0
3602,0, 430, False, 0
3603,0, 430, False, 0
3604,0, 430, False, 0
3605,0, 430, False, 0
3606,0, 430, False, 0
3607,0, 430, False, 0
3608,0, 430, False, 0
3609,0, 430, False, 0
3610,0, 430, False, 0
3611,0, 430, False, 0
3612,0, 430, False, 0
3613,0, 430, False, 0
3614,0, 430, False, 0
3615,0, 430, False, 0
3616,0, 430, False, 0
3617,0, 430, False, 0
3618,0, 430, False, 0
3619,0, 430, False, 0
3620,0, 430, False, 0
3621,0, 430, False, 0
3622,0, 430, False, 0
3623,0, 430, False, 0
3624,0, 430, False, 0
3625,0, 430, False, 0
3626,0, 430, False, 0
3627,0, 430, False, 0
3628,0, 430, False, 0
3629,0, 430, False, 0
3630,0, 430, False, 0
3631,0, 430, False, 0
3632,0, 430, False, 0
3633,0, 430, False, 0
3634,0, 430, False, 0
3635,0, 430, False, 0
3636,0, 430, False, 0
3637,0, 430, False, 0
3638,0, 430, False, 0
3639,0, 430, False, 0
3640,0, 430, False, 0
3641,0, 430, False, 0
3642,0, 430, False, 0
3643,0, 430, False, 0
3644,0, 430, False, 0
3645,0, 430, False, 0
3646,0, 430, False, 0
3647,0, 430, False, 0
3648,0, 430, False, 0
3649,0, 430, False, 1
3650,0, 430, False, 1
3651,0, 430, False, 0
3652,0, 430, False, 0
3653,0, 430, False, 0
3654,0, 430, False, 0
3655,0, 430, False, 0
3656,0, 430, False, 0
3657,0, 430, False, 0
3658,0, 430, False, 0
3659,0, 430, False, 3
3660,0, 430, False, 3
3661,0, 430, False, 3
3662,0, 430, False, 3
3663,0, 430, False, 3
3664,0, 430, False, 3
3665,0, 430, False, 3
3666,0, 430, False, 0
3667,0, 430, False, 0
3668,0, 430, False, 0
3669,0, 430, False, 0
3670,0, 430, False, 0
3671,0, 430, False, 0
3672,0, 430, False, 0
3673,0, 430, False, 0
3674,0, 430, False, 0
3675,0, 430, False, 0
3676,0, 430, False, 0
3677,0, 430, False, 0
3678,0, 430, False, 1
3679,0, 430, False, 1
3680,0, 430, False, 1
3681,0, 430, False, 0
3682,0, 430, False, 0
3683,0, 430, False, 0
3684,0, 430, False, 0
3685,0, 430, False, 0
3686,0, 430, False, 0
3687,0, 430, False, 0
3688,0, 430, False, 0
3689,0, 430, False, 0
3690,0, 430, False, 0
3691,0, 430, False, 0
3692,0, 430, False, 0
3693,0, 430, False, 0
3694,0, 430, False, 0
3695,0, 430, False, 0
3696,0, 430, False, 0
3697,0, 430, False, 0
3698,0, 430, False, 0
3699,25, 455, False, 0
3700,0, 455, False, 0
3701,0, 455, False, 0
3702,0, 455, False, 0
3703,0, 455, False, 0
3704,0, 455, False, 1
3705,0, 455, False, 1
3706,0, 455, False, 1
3707,0, 455, False, 1
3708,0, 455, False, 1
3709,0, 455, False, 1
3710,0, 455, False, 1
3711,0, 455, False, 0
3712,0, 455, False, 0
3713,0, 455, False, 0
3714,0, 455, False, 0
3715,0, 455, False, 0
3716,0, 455, False, 0
3717,0, 455, False, 0
3718,0, 455, False, 0
3719,0, 455, False, 0
3720,0, 455, False, 0
3721,0, 455, False, 0
3722,0, 455, False, 0
3723,0, 455, False, 0
3724,0, 455, False, 0
3725,0, 455, False, 0
3726,0, 455, False, 0
3727,0, 455, False, 0
3728,0, 455, False, 0
3729,0, 455, False, 0
3730,0, 455, False, 0
3731,0, 455, False, 0
3732,0, 455, False, 0
3733,0, 455, False, 0
3734,0, 455, False, 0
3735,0, 455, False, 0
3736,0, 455, False, 0
3737,0, 455, False, 0
3738,0, 455, False, 0
3739,0, 455, False, 0
3740,0, 455, False, 0
3741,0, 455, False, 0
3742,0, 455, False, 0
3743,0, 455, False, 0
3744,0, 455, False, 0
3745,0, 455, False, 0
3746,0, 455, False, 0
3747,0, 455, False, 0
3748,0, 455, False, 0
3749,0, 455, False, 0
3750,0, 455, False, 0
3751,0, 455, False, 0
3752,0, 455, False, 0
3753,0, 455, False, 0
3754,0, 455, False, 0
3755,0, 455, False, 0
3756,0, 455, False, 0
3757,0, 455, False, 0
3758,0, 455, False, 0
3759,0, 455, False, 0
3760,0, 455, False, 0
3761,0, 455, False, 0
3762,0, 455, False, 0
3763,0, 455, False, 0
3764,0, 455, False, 0
3765,0, 455, False, 0
3766,0, 455, False, 4
3767,0, 455, False, 4
3768,0, 455, False, 4
3769,0, 455, False, 4
3770,0, 455, False, 4
3771,0, 455, False, 4
3772,0, 455, False, 4
3773,0, 455, False, 4
3774,0, 455, False, 4
3775,0, 455, False, 4
3776,0, 455, False, 4
3777,0, 455, False, 4
3778,0, 455, False, 4
3779,0, 455, False, 4
3780,0, 455, False, 4
3781,0, 455, False, 4
3782,0, 455, False, 4
3783,0, 455, False, 0
3784,0, 455, False, 0
3785,0, 455, False, 0
3786,0, 455, False, 0
3787,0, 455, False, 0
3788,0, 455, False, 0
3789,0, 455, False, 0
3790,0, 455, False, 0
3791,0, 455, False, 0
3792,0, 455, False, 0
3793,0, 455, False, 0
3794,0, 455, False, 0
3795,0, 455, False, 0
3796,0, 455, False, 0
3797,0, 455, False, 0
3798,0, 455, False, 3
3799,0, 455, False, 3
3800,0, 455, False, 3
3801,0, 455, False, 3
3802,0, 455, False, 3
3803,0, 455, False, 3
3804,0, 455, False, 3
3805,0, 455, False, 3
3806,0, 455, False, 3
3807,0, 455, False, 3
3808,0, 455, False, 3
3809,0, 455, False, 3
3810,0, 455, False, 3
3811,0, 455, False, 3
3812,0, 455, False, 3
3813,0, 455, False, 3
3814,0, 455, False, 3
3815,0, 455, False, 3
3816,0, 455, False, 0
3817,0, 455, False, 0
3818,0, 455, False, 0
3819,0, 455, False, 1
3820,0, 455, False, 1
3821,0, 455, False, 1
3822,0, 455, False, 1
3823,0, 455, False, 1
3824,0, 455, False, 1
3825,0, 455, False, 1
3826,0, 455, False, 1
3827,0, 455, False, 1
3828,0, 455, False, 1
3829,0, 455, False, 0
3830,0, 455, False, 0
3831,0, 455, False, 0
3832,0, 455, False, 0
3833,0, 455, False, 0
3834,0, 455, False, 0
3835,0, 455, False, 0
3836,0, 455, False, 0
3837,0, 455, False, 0
3838,0, 455, False, 0
3839,0, 455, False, 0
3840,0, 455, False, 0
3841,0, 455, False, 0
3842,0, 455, False, 0
3843,0, 455, False, 0
3844,0, 455, False, 3
3845,30, 485, False, 3
3846,0, 485, False, 3
3847,0, 485, False, 3
3848,0, 485, False, 3
3849,0, 485, False, 3
3850,0, 485, False, 3
3851,0, 485, False, 3
3852,0, 485, False, 3
3853,0, 485, False, 3
3854,0, 485, False, 3
3855,0, 485, False, 3
3856,0, 485, False, 3
3857,0, 485, False, 3
3858,0, 485, False, 3
3859,0, 485, False, 3
3860,0, 485, False, 3
3861,0, 485, False, 3
3862,0, 485, False, 3
3863,0, 485, False, 3
3864,0, 485, False, 3
3865,0, 485, False, 3
3866,0, 485, False, 3
3867,0, 485, False, 3
3868,0, 485, False, 0
3869,0, 485, False, 0
3870,0, 485, False, 0
3871,0, 485, False, 0
3872,0, 485, False, 0
3873,0, 485, False, 1
3874,0, 485, False, 1
3875,0, 485, False, 1
3876,0, 485, False, 1
3877,0, 485, False, 1
3878,0, 485, False, 1
3879,0, 485, False, 0
3880,0, 485, False, 0
3881,0, 485, False, 0
3882,0, 485, False, 0
3883,0, 485, False, 0
3884,0, 485, False, 0
3885,0, 485, False, 0
3886,0, 485, False, 0
3887,0, 485, False, 0
3888,0, 485, False, 0
3889,0, 485, False, 0
3890,0, 485, False, 0
3891,25, 510, False, 0
3892,0, 510, False, 0
3893,0, 510, False, 0
3894,0, 510, False, 0
3895,0, 510, False, 0
3896,0, 510, False, 0
3897,0, 510, False, 0
3898,0, 510, False, 0
3899,0, 510, False, 0
3900,0, 510, False, 0
3901,0, 510, False, 0
3902,0, 510, False, 0
3903,0, 510, False, 0
3904,0, 510, False, 4
3905,0, 510, False, 4
3906,0, 510, False, 4
3907,0, 510, False, 4
3908,0, 510, False, 4
3909,0, 510, False, 4
3910,0, 510, False, 4
3911,0, 510, False, 4
3912,0, 510, False, 4
3913,0, 510, False, 4
3914,0, 510, False, 4
3915,0, 510, False, 4
3916,0, 510, False, 4
3917,0, 510, False, 4
3918,0, 510, False, 4
3919,0, 510, False, 4
3920,0, 510, False, 4
3921,0, 510, False, 4
3922,0, 510, False, 4
3923,0, 510, False, 4
3924,0, 510, False, 4
3925,0, 510, False, 4
3926,0, 510, False, 4
3927,0, 510, False, 0
3928,0, 510, False, 0
3929,0, 510, False, 0
3930,0, 510, False, 0
3931,0, 510, False, 0
3932,0, 510, False, 0
3933,0, 510, False, 0
3934,0, 510, False, 0
3935,0, 510, False, 0
3936,0, 510, False, 0
3937,0, 510, False, 0
3938,0, 510, False, 0
3939,0, 510, False, 0
3940,0, 510, False, 0
3941,0, 510, False, 0
3942,0, 510, False, 0
3943,0, 510, False, 0
3944,0, 510, False, 0
3945,0, 510, False, 0
3946,0, 510, False, 0
3947,0, 510, False, 0
3948,0, 510, False, 0
3949,0, 510, False, 0
3950,0, 510, False, 0
3951,0, 510, False, 0
3952,0, 510, False, 0
3953,0, 510, False, 0
3954,0, 510, False, 0
3955,0, 510, False, 0
3956,0, 510, False, 0
3957,0, 510, False, 0
3958,0, 510, False, 0
3959,0, 510, False, 0
3960,0, 510, False, 0
3961,0, 510, False, 0
3962,0, 510, False, 0
3963,0, 510, False, 0
3964,0, 510, False, 0
3965,0, 510, False, 0
3966,0, 510, False, 0
3967,0, 510, False, 0
3968,0, 510, False, 0
3969,0, 510, False, 0
3970,0, 510, False, 0
3971,0, 510, False, 0
3972,0, 510, False, 0
3973,0, 510, False, 0
3974,0, 510, False, 0
3975,0, 510, False, 0
3976,0, 510, False, 0
3977,0, 510, False, 0
3978,0, 510, False, 0
3979,0, 510, False, 0
3980,0, 510, False, 0
3981,0, 510, False, 0
3982,0, 510, False, 0
3983,0, 510, False, 0
3984,0, 510, False, 0
3985,0, 510, False, 0
3986,0, 510, False, 0
3987,0, 510, False, 0
3988,0, 510, False, 0
3989,0, 510, False, 0
3990,0, 510, False, 0
3991,0, 510, False, 0
3992,0, 510, False, 0
3993,0, 510, False, 0
3994,0, 510, False, 0
3995,0, 510, False, 0
3996,0, 510, False, 0
3997,0, 510, False, 0
3998,0, 510, False, 0
3999,0, 510, False, 0
4000,0, 510, False, 0
4001,0, 510, False, 0
4002,0, 510, False, 0
4003,0, 510, False, 0
4004,0, 510, False, 0
4005,0, 510, False, 0
4006,0, 510, False, 0
4007,0, 510, False, 0
4008,0, 510, False, 0
4009,0, 510, False, 0
4010,0, 510, False, 0
4011,0, 510, False, 0
4012,0, 510, False, 0
4013,0, 510, False, 0
4014,0, 510, False, 0
4015,0, 510, False, 0
4016,0, 510, False, 0
4017,0, 510, False, 0
4018,0, 510, False, 0
4019,0, 510, False, 0
4020,0, 510, False, 0
4021,0, 510, False, 0
4022,0, 510, False, 0
4023,0, 510, False, 0
4024,0, 510, False, 0
4025,0, 510, False, 0
4026,0, 510, False, 0
4027,0, 510, False, 0
4028,0, 510, False, 0
4029,0, 510, False, 0
4030,0, 510, False, 0
4031,0, 510, False, 0
4032,0, 510, False, 0
4033,0, 510, False, 0
4034,0, 510, True, 0
