db traj id : 2180
frame,reward,score,terminal, action
0,0, 0, False, 0
1,0, 0, False, 0
2,0, 0, False, 0
3,0, 0, False, 0
4,0, 0, False, 0
5,0, 0, False, 0
6,0, 0, False, 0
7,0, 0, False, 0
8,0, 0, False, 0
9,0, 0, False, 0
10,0, 0, False, 0
11,0, 0, False, 0
12,0, 0, False, 0
13,0, 0, False, 0
14,0, 0, False, 0
15,0, 0, False, 0
16,0, 0, False, 0
17,0, 0, False, 0
18,0, 0, False, 0
19,0, 0, False, 0
20,0, 0, False, 0
21,0, 0, False, 0
22,0, 0, False, 0
23,0, 0, False, 0
24,0, 0, False, 0
25,0, 0, False, 0
26,0, 0, False, 0
27,0, 0, False, 0
28,0, 0, False, 0
29,0, 0, False, 0
30,0, 0, False, 0
31,0, 0, False, 0
32,0, 0, False, 0
33,0, 0, False, 0
34,0, 0, False, 0
35,0, 0, False, 0
36,0, 0, False, 0
37,0, 0, False, 0
38,0, 0, False, 0
39,0, 0, False, 0
40,0, 0, False, 0
41,0, 0, False, 0
42,0, 0, False, 0
43,0, 0, False, 0
44,0, 0, False, 0
45,0, 0, False, 0
46,0, 0, False, 0
47,0, 0, False, 0
48,0, 0, False, 0
49,0, 0, False, 0
50,0, 0, False, 0
51,0, 0, False, 0
52,0, 0, False, 0
53,0, 0, False, 0
54,0, 0, False, 0
55,0, 0, False, 0
56,0, 0, False, 0
57,0, 0, False, 0
58,0, 0, False, 0
59,0, 0, False, 0
60,0, 0, False, 0
61,0, 0, False, 0
62,0, 0, False, 0
63,0, 0, False, 0
64,0, 0, False, 0
65,0, 0, False, 0
66,0, 0, False, 0
67,0, 0, False, 0
68,0, 0, False, 0
69,0, 0, False, 0
70,0, 0, False, 0
71,0, 0, False, 0
72,0, 0, False, 4
73,0, 0, False, 4
74,0, 0, False, 4
75,0, 0, False, 4
76,0, 0, False, 4
77,0, 0, False, 4
78,0, 0, False, 4
79,0, 0, False, 4
80,0, 0, False, 4
81,0, 0, False, 4
82,0, 0, False, 4
83,0, 0, False, 4
84,0, 0, False, 4
85,0, 0, False, 4
86,0, 0, False, 4
87,0, 0, False, 4
88,0, 0, False, 4
89,0, 0, False, 4
90,0, 0, False, 4
91,0, 0, False, 0
92,0, 0, False, 0
93,0, 0, False, 0
94,0, 0, False, 0
95,0, 0, False, 0
96,0, 0, False, 0
97,0, 0, False, 0
98,0, 0, False, 0
99,0, 0, False, 0
100,0, 0, False, 0
101,0, 0, False, 0
102,0, 0, False, 0
103,0, 0, False, 0
104,0, 0, False, 0
105,0, 0, False, 0
106,0, 0, False, 0
107,0, 0, False, 0
108,0, 0, False, 0
109,0, 0, False, 0
110,0, 0, False, 0
111,0, 0, False, 0
112,0, 0, False, 0
113,0, 0, False, 0
114,0, 0, False, 0
115,0, 0, False, 0
116,0, 0, False, 0
117,0, 0, False, 0
118,0, 0, False, 0
119,0, 0, False, 0
120,0, 0, False, 0
121,0, 0, False, 0
122,0, 0, False, 0
123,0, 0, False, 0
124,0, 0, False, 0
125,0, 0, False, 0
126,0, 0, False, 0
127,0, 0, False, 0
128,0, 0, False, 0
129,0, 0, False, 0
130,0, 0, False, 0
131,0, 0, False, 0
132,0, 0, False, 0
133,0, 0, False, 0
134,0, 0, False, 0
135,0, 0, False, 0
136,0, 0, False, 0
137,0, 0, False, 0
138,0, 0, False, 0
139,0, 0, False, 0
140,0, 0, False, 0
141,0, 0, False, 0
142,0, 0, False, 3
143,0, 0, False, 3
144,0, 0, False, 3
145,0, 0, False, 3
146,0, 0, False, 3
147,0, 0, False, 3
148,0, 0, False, 3
149,0, 0, False, 3
150,0, 0, False, 3
151,0, 0, False, 3
152,0, 0, False, 3
153,0, 0, False, 3
154,0, 0, False, 3
155,0, 0, False, 3
156,0, 0, False, 3
157,0, 0, False, 3
158,0, 0, False, 3
159,0, 0, False, 3
160,0, 0, False, 3
161,0, 0, False, 3
162,0, 0, False, 3
163,0, 0, False, 3
164,0, 0, False, 3
165,0, 0, False, 3
166,0, 0, False, 3
167,0, 0, False, 3
168,0, 0, False, 3
169,0, 0, False, 3
170,0, 0, False, 3
171,0, 0, False, 3
172,0, 0, False, 3
173,0, 0, False, 3
174,0, 0, False, 3
175,0, 0, False, 3
176,0, 0, False, 3
177,0, 0, False, 3
178,0, 0, False, 3
179,0, 0, False, 3
180,0, 0, False, 3
181,0, 0, False, 3
182,0, 0, False, 3
183,0, 0, False, 3
184,0, 0, False, 0
185,0, 0, False, 0
186,0, 0, False, 0
187,0, 0, False, 1
188,0, 0, False, 1
189,0, 0, False, 1
190,0, 0, False, 1
191,0, 0, False, 1
192,0, 0, False, 0
193,0, 0, False, 0
194,0, 0, False, 0
195,0, 0, False, 0
196,0, 0, False, 0
197,0, 0, False, 0
198,0, 0, False, 0
199,0, 0, False, 0
200,0, 0, False, 0
201,0, 0, False, 0
202,0, 0, False, 0
203,0, 0, False, 0
204,0, 0, False, 0
205,0, 0, False, 0
206,0, 0, False, 0
207,0, 0, False, 0
208,0, 0, False, 0
209,0, 0, False, 0
210,0, 0, False, 0
211,0, 0, False, 0
212,5, 5, False, 0
213,0, 5, False, 0
214,0, 5, False, 3
215,0, 5, False, 3
216,0, 5, False, 3
217,0, 5, False, 3
218,0, 5, False, 3
219,0, 5, False, 3
220,0, 5, False, 3
221,0, 5, False, 3
222,0, 5, False, 3
223,0, 5, False, 3
224,0, 5, False, 3
225,0, 5, False, 3
226,0, 5, False, 3
227,0, 5, False, 3
228,0, 5, False, 3
229,0, 5, False, 0
230,0, 5, False, 0
231,0, 5, False, 0
232,0, 5, False, 0
233,0, 5, False, 0
234,0, 5, False, 0
235,0, 5, False, 0
236,0, 5, False, 1
237,0, 5, False, 1
238,0, 5, False, 1
239,0, 5, False, 1
240,0, 5, False, 1
241,0, 5, False, 1
242,0, 5, False, 0
243,0, 5, False, 0
244,0, 5, False, 0
245,0, 5, False, 0
246,0, 5, False, 0
247,0, 5, False, 0
248,0, 5, False, 0
249,0, 5, False, 0
250,0, 5, False, 0
251,0, 5, False, 0
252,0, 5, False, 0
253,0, 5, False, 0
254,0, 5, False, 0
255,0, 5, False, 0
256,0, 5, False, 0
257,0, 5, False, 0
258,0, 5, False, 0
259,0, 5, False, 0
260,0, 5, False, 0
261,0, 5, False, 0
262,0, 5, False, 0
263,0, 5, False, 0
264,0, 5, False, 0
265,0, 5, False, 0
266,0, 5, False, 3
267,0, 5, False, 3
268,0, 5, False, 3
269,0, 5, False, 3
270,0, 5, False, 3
271,0, 5, False, 3
272,0, 5, False, 3
273,0, 5, False, 3
274,0, 5, False, 3
275,0, 5, False, 3
276,0, 5, False, 3
277,0, 5, False, 3
278,0, 5, False, 3
279,0, 5, False, 3
280,0, 5, False, 3
281,0, 5, False, 3
282,0, 5, False, 3
283,0, 5, False, 3
284,0, 5, False, 3
285,0, 5, False, 3
286,0, 5, False, 3
287,0, 5, False, 3
288,0, 5, False, 3
289,0, 5, False, 3
290,20, 25, False, 3
291,0, 25, False, 3
292,0, 25, False, 3
293,0, 25, False, 3
294,0, 25, False, 3
295,0, 25, False, 3
296,0, 25, False, 3
297,0, 25, False, 3
298,0, 25, False, 3
299,0, 25, False, 3
300,0, 25, False, 3
301,0, 25, False, 3
302,0, 25, False, 3
303,0, 25, False, 3
304,0, 25, False, 3
305,0, 25, False, 3
306,0, 25, False, 3
307,0, 25, False, 3
308,0, 25, False, 3
309,0, 25, False, 3
310,0, 25, False, 3
311,0, 25, False, 3
312,0, 25, False, 3
313,0, 25, False, 3
314,0, 25, False, 3
315,0, 25, False, 0
316,0, 25, False, 0
317,0, 25, False, 1
318,0, 25, False, 1
319,0, 25, False, 1
320,0, 25, False, 1
321,0, 25, False, 0
322,0, 25, False, 0
323,0, 25, False, 0
324,0, 25, False, 0
325,0, 25, False, 0
326,0, 25, False, 0
327,0, 25, False, 0
328,0, 25, False, 0
329,0, 25, False, 0
330,0, 25, False, 0
331,0, 25, False, 0
332,0, 25, False, 0
333,0, 25, False, 0
334,0, 25, False, 0
335,0, 25, False, 0
336,0, 25, False, 3
337,0, 25, False, 3
338,0, 25, False, 3
339,0, 25, False, 3
340,0, 25, False, 3
341,0, 25, False, 3
342,0, 25, False, 3
343,0, 25, False, 3
344,0, 25, False, 3
345,0, 25, False, 3
346,0, 25, False, 3
347,0, 25, False, 3
348,0, 25, False, 3
349,0, 25, False, 3
350,0, 25, False, 3
351,0, 25, False, 3
352,0, 25, False, 3
353,0, 25, False, 3
354,0, 25, False, 3
355,0, 25, False, 3
356,0, 25, False, 0
357,0, 25, False, 0
358,0, 25, False, 0
359,0, 25, False, 4
360,0, 25, False, 4
361,0, 25, False, 4
362,0, 25, False, 4
363,0, 25, False, 4
364,0, 25, False, 4
365,0, 25, False, 4
366,0, 25, False, 4
367,0, 25, False, 4
368,0, 25, False, 4
369,0, 25, False, 4
370,0, 25, False, 4
371,0, 25, False, 4
372,0, 25, False, 4
373,0, 25, False, 4
374,0, 25, False, 4
375,0, 25, False, 4
376,0, 25, False, 4
377,0, 25, False, 4
378,0, 25, False, 4
379,0, 25, False, 4
380,0, 25, False, 4
381,0, 25, False, 4
382,0, 25, False, 4
383,0, 25, False, 4
384,0, 25, False, 4
385,0, 25, False, 4
386,0, 25, False, 0
387,0, 25, False, 0
388,0, 25, False, 0
389,0, 25, False, 0
390,0, 25, False, 0
391,0, 25, False, 0
392,0, 25, False, 0
393,0, 25, False, 0
394,0, 25, False, 0
395,0, 25, False, 0
396,0, 25, False, 0
397,0, 25, False, 0
398,0, 25, False, 1
399,0, 25, False, 1
400,0, 25, False, 1
401,0, 25, False, 1
402,0, 25, False, 1
403,0, 25, False, 1
404,0, 25, False, 0
405,0, 25, False, 0
406,0, 25, False, 0
407,0, 25, False, 0
408,0, 25, False, 0
409,0, 25, False, 0
410,0, 25, False, 0
411,0, 25, False, 0
412,0, 25, False, 0
413,0, 25, False, 0
414,0, 25, False, 0
415,0, 25, False, 0
416,0, 25, False, 0
417,0, 25, False, 0
418,0, 25, False, 0
419,0, 25, False, 0
420,0, 25, False, 0
421,0, 25, False, 0
422,0, 25, False, 0
423,0, 25, False, 0
424,0, 25, False, 0
425,0, 25, False, 0
426,0, 25, False, 0
427,0, 25, False, 0
428,0, 25, False, 0
429,0, 25, False, 0
430,0, 25, False, 0
431,0, 25, False, 0
432,0, 25, False, 1
433,0, 25, False, 1
434,0, 25, False, 1
435,0, 25, False, 1
436,0, 25, False, 1
437,0, 25, False, 1
438,0, 25, False, 1
439,0, 25, False, 0
440,0, 25, False, 0
441,0, 25, False, 0
442,0, 25, False, 0
443,0, 25, False, 0
444,0, 25, False, 0
445,0, 25, False, 0
446,0, 25, False, 0
447,0, 25, False, 0
448,0, 25, False, 1
449,0, 25, False, 4
450,0, 25, False, 4
451,0, 25, False, 4
452,0, 25, False, 4
453,0, 25, False, 4
454,0, 25, False, 4
455,0, 25, False, 0
456,0, 25, False, 0
457,0, 25, False, 0
458,0, 25, False, 0
459,0, 25, False, 1
460,0, 25, False, 1
461,0, 25, False, 1
462,0, 25, False, 1
463,0, 25, False, 0
464,0, 25, False, 0
465,0, 25, False, 0
466,0, 25, False, 0
467,0, 25, False, 0
468,0, 25, False, 0
469,0, 25, False, 0
470,0, 25, False, 0
471,0, 25, False, 1
472,0, 25, False, 1
473,0, 25, False, 1
474,0, 25, False, 1
475,0, 25, False, 0
476,0, 25, False, 0
477,0, 25, False, 0
478,0, 25, False, 0
479,0, 25, False, 0
480,0, 25, False, 0
481,0, 25, False, 0
482,0, 25, False, 1
483,0, 25, False, 1
484,0, 25, False, 1
485,0, 25, False, 1
486,0, 25, False, 1
487,0, 25, False, 0
488,0, 25, False, 0
489,0, 25, False, 0
490,0, 25, False, 0
491,0, 25, False, 0
492,0, 25, False, 0
493,0, 25, False, 0
494,0, 25, False, 0
495,0, 25, False, 1
496,0, 25, False, 1
497,0, 25, False, 1
498,0, 25, False, 1
499,0, 25, False, 1
500,0, 25, False, 1
501,0, 25, False, 1
502,0, 25, False, 0
503,0, 25, False, 0
504,0, 25, False, 0
505,0, 25, False, 0
506,0, 25, False, 0
507,0, 25, False, 0
508,0, 25, False, 0
509,0, 25, False, 0
510,5, 30, False, 0
511,0, 30, False, 0
512,0, 30, False, 0
513,0, 30, False, 0
514,0, 30, False, 0
515,0, 30, False, 0
516,0, 30, False, 0
517,0, 30, False, 0
518,0, 30, False, 0
519,0, 30, False, 0
520,0, 30, False, 0
521,0, 30, False, 1
522,0, 30, False, 1
523,0, 30, False, 1
524,0, 30, False, 1
525,0, 30, False, 1
526,0, 30, False, 0
527,0, 30, False, 0
528,0, 30, False, 0
529,0, 30, False, 0
530,0, 30, False, 0
531,0, 30, False, 0
532,0, 30, False, 0
533,0, 30, False, 0
534,0, 30, False, 0
535,0, 30, False, 0
536,0, 30, False, 0
537,0, 30, False, 0
538,0, 30, False, 1
539,0, 30, False, 1
540,0, 30, False, 1
541,0, 30, False, 1
542,0, 30, False, 1
543,0, 30, False, 1
544,0, 30, False, 0
545,0, 30, False, 0
546,0, 30, False, 0
547,0, 30, False, 0
548,0, 30, False, 0
549,0, 30, False, 0
550,0, 30, False, 0
551,0, 30, False, 0
552,0, 30, False, 1
553,0, 30, False, 1
554,10, 40, False, 1
555,0, 40, False, 0
556,0, 40, False, 0
557,0, 40, False, 0
558,0, 40, False, 0
559,0, 40, False, 0
560,0, 40, False, 4
561,0, 40, False, 4
562,0, 40, False, 4
563,0, 40, False, 4
564,0, 40, False, 4
565,0, 40, False, 4
566,0, 40, False, 4
567,0, 40, False, 4
568,0, 40, False, 4
569,0, 40, False, 4
570,0, 40, False, 4
571,0, 40, False, 4
572,0, 40, False, 4
573,0, 40, False, 4
574,0, 40, False, 0
575,0, 40, False, 0
576,0, 40, False, 0
577,0, 40, False, 0
578,0, 40, False, 0
579,0, 40, False, 0
580,0, 40, False, 0
581,0, 40, False, 0
582,0, 40, False, 0
583,0, 40, False, 0
584,0, 40, False, 0
585,0, 40, False, 0
586,0, 40, False, 0
587,0, 40, False, 0
588,0, 40, False, 0
589,0, 40, False, 0
590,0, 40, False, 0
591,0, 40, False, 0
592,0, 40, False, 0
593,0, 40, False, 0
594,0, 40, False, 0
595,0, 40, False, 0
596,0, 40, False, 0
597,0, 40, False, 0
598,0, 40, False, 0
599,0, 40, False, 0
600,0, 40, False, 0
601,0, 40, False, 0
602,0, 40, False, 0
603,0, 40, False, 0
604,0, 40, False, 0
605,0, 40, False, 0
606,0, 40, False, 0
607,0, 40, False, 0
608,0, 40, False, 0
609,0, 40, False, 0
610,0, 40, False, 0
611,0, 40, False, 0
612,0, 40, False, 0
613,0, 40, False, 0
614,0, 40, False, 0
615,0, 40, False, 0
616,0, 40, False, 0
617,0, 40, False, 0
618,0, 40, False, 0
619,0, 40, False, 0
620,0, 40, False, 0
621,0, 40, False, 0
622,0, 40, False, 0
623,0, 40, False, 0
624,0, 40, False, 0
625,0, 40, False, 0
626,0, 40, False, 0
627,0, 40, False, 0
628,0, 40, False, 0
629,0, 40, False, 0
630,0, 40, False, 0
631,0, 40, False, 0
632,0, 40, False, 0
633,0, 40, False, 0
634,0, 40, False, 0
635,0, 40, False, 4
636,0, 40, False, 4
637,0, 40, False, 4
638,0, 40, False, 4
639,0, 40, False, 4
640,0, 40, False, 4
641,0, 40, False, 4
642,0, 40, False, 4
643,0, 40, False, 4
644,0, 40, False, 4
645,0, 40, False, 4
646,0, 40, False, 4
647,0, 40, False, 4
648,0, 40, False, 4
649,0, 40, False, 4
650,0, 40, False, 4
651,0, 40, False, 4
652,0, 40, False, 4
653,0, 40, False, 4
654,0, 40, False, 4
655,0, 40, False, 4
656,0, 40, False, 4
657,0, 40, False, 4
658,0, 40, False, 4
659,0, 40, False, 4
660,0, 40, False, 4
661,0, 40, False, 4
662,0, 40, False, 4
663,0, 40, False, 4
664,0, 40, False, 4
665,0, 40, False, 4
666,0, 40, False, 4
667,0, 40, False, 4
668,0, 40, False, 4
669,0, 40, False, 4
670,0, 40, False, 4
671,0, 40, False, 4
672,0, 40, False, 4
673,0, 40, False, 0
674,0, 40, False, 0
675,0, 40, False, 0
676,0, 40, False, 1
677,0, 40, False, 1
678,0, 40, False, 1
679,0, 40, False, 1
680,0, 40, False, 0
681,0, 40, False, 0
682,0, 40, False, 0
683,0, 40, False, 0
684,0, 40, False, 0
685,0, 40, False, 0
686,0, 40, False, 1
687,0, 40, False, 1
688,0, 40, False, 1
689,0, 40, False, 1
690,0, 40, False, 1
691,0, 40, False, 0
692,0, 40, False, 0
693,0, 40, False, 0
694,0, 40, False, 0
695,0, 40, False, 0
696,0, 40, False, 0
697,0, 40, False, 0
698,0, 40, False, 0
699,0, 40, False, 0
700,0, 40, False, 0
701,0, 40, False, 0
702,5, 45, False, 0
703,0, 45, False, 0
704,0, 45, False, 0
705,0, 45, False, 0
706,0, 45, False, 0
707,0, 45, False, 0
708,0, 45, False, 0
709,0, 45, False, 3
710,0, 45, False, 3
711,0, 45, False, 3
712,0, 45, False, 3
713,0, 45, False, 3
714,0, 45, False, 3
715,0, 45, False, 3
716,0, 45, False, 3
717,0, 45, False, 3
718,0, 45, False, 3
719,0, 45, False, 3
720,0, 45, False, 3
721,0, 45, False, 3
722,0, 45, False, 3
723,0, 45, False, 3
724,0, 45, False, 3
725,0, 45, False, 3
726,0, 45, False, 3
727,0, 45, False, 3
728,0, 45, False, 0
729,0, 45, False, 0
730,0, 45, False, 0
731,0, 45, False, 0
732,0, 45, False, 0
733,0, 45, False, 0
734,0, 45, False, 0
735,0, 45, False, 0
736,0, 45, False, 4
737,0, 45, False, 4
738,0, 45, False, 4
739,0, 45, False, 4
740,0, 45, False, 4
741,0, 45, False, 4
742,0, 45, False, 4
743,0, 45, False, 4
744,0, 45, False, 4
745,0, 45, False, 4
746,0, 45, False, 4
747,0, 45, False, 4
748,0, 45, False, 4
749,0, 45, False, 4
750,0, 45, False, 4
751,0, 45, False, 4
752,0, 45, False, 4
753,0, 45, False, 4
754,0, 45, False, 4
755,0, 45, False, 4
756,0, 45, False, 4
757,0, 45, False, 4
758,0, 45, False, 0
759,0, 45, False, 0
760,0, 45, False, 0
761,0, 45, False, 0
762,0, 45, False, 0
763,0, 45, False, 1
764,0, 45, False, 1
765,0, 45, False, 1
766,0, 45, False, 0
767,0, 45, False, 0
768,0, 45, False, 0
769,0, 45, False, 0
770,0, 45, False, 0
771,0, 45, False, 0
772,0, 45, False, 0
773,0, 45, False, 0
774,0, 45, False, 0
775,0, 45, False, 0
776,0, 45, False, 1
777,0, 45, False, 0
778,0, 45, False, 0
779,0, 45, False, 0
780,0, 45, False, 0
781,0, 45, False, 0
782,0, 45, False, 0
783,0, 45, False, 0
784,0, 45, False, 0
785,0, 45, False, 0
786,0, 45, False, 0
787,0, 45, False, 0
788,0, 45, False, 0
789,0, 45, False, 3
790,0, 45, False, 3
791,0, 45, False, 3
792,0, 45, False, 3
793,0, 45, False, 3
794,0, 45, False, 3
795,0, 45, False, 3
796,0, 45, False, 3
797,0, 45, False, 0
798,0, 45, False, 0
799,0, 45, False, 0
800,0, 45, False, 0
801,0, 45, False, 0
802,0, 45, False, 0
803,0, 45, False, 0
804,0, 45, False, 0
805,0, 45, False, 0
806,0, 45, False, 0
807,0, 45, False, 0
808,0, 45, False, 0
809,0, 45, False, 0
810,0, 45, False, 0
811,0, 45, False, 1
812,0, 45, False, 1
813,0, 45, False, 1
814,0, 45, False, 1
815,0, 45, False, 0
816,0, 45, False, 0
817,0, 45, False, 0
818,0, 45, False, 0
819,0, 45, False, 3
820,0, 45, False, 3
821,0, 45, False, 3
822,0, 45, False, 3
823,0, 45, False, 3
824,0, 45, False, 3
825,0, 45, False, 3
826,0, 45, False, 3
827,0, 45, False, 0
828,0, 45, False, 0
829,0, 45, False, 0
830,0, 45, False, 0
831,0, 45, False, 1
832,0, 45, False, 1
833,0, 45, False, 1
834,0, 45, False, 1
835,0, 45, False, 1
836,0, 45, False, 0
837,0, 45, False, 0
838,0, 45, False, 0
839,0, 45, False, 0
840,0, 45, False, 0
841,0, 45, False, 0
842,0, 45, False, 0
843,0, 45, False, 1
844,0, 45, False, 1
845,0, 45, False, 1
846,0, 45, False, 1
847,0, 45, False, 1
848,0, 45, False, 1
849,0, 45, False, 1
850,0, 45, False, 0
851,0, 45, False, 0
852,0, 45, False, 0
853,0, 45, False, 0
854,0, 45, False, 0
855,0, 45, False, 0
856,0, 45, False, 0
857,0, 45, False, 1
858,0, 45, False, 1
859,0, 45, False, 1
860,0, 45, False, 1
861,0, 45, False, 1
862,0, 45, False, 1
863,0, 45, False, 1
864,0, 45, False, 0
865,0, 45, False, 0
866,0, 45, False, 0
867,0, 45, False, 0
868,0, 45, False, 0
869,0, 45, False, 0
870,0, 45, False, 0
871,0, 45, False, 1
872,0, 45, False, 1
873,0, 45, False, 1
874,0, 45, False, 1
875,0, 45, False, 1
876,0, 45, False, 0
877,0, 45, False, 0
878,0, 45, False, 0
879,0, 45, False, 0
880,0, 45, False, 0
881,0, 45, False, 0
882,10, 55, False, 0
883,0, 55, False, 0
884,0, 55, False, 0
885,0, 55, False, 1
886,0, 55, False, 1
887,0, 55, False, 1
888,0, 55, False, 1
889,0, 55, False, 1
890,0, 55, False, 1
891,0, 55, False, 0
892,0, 55, False, 0
893,0, 55, False, 0
894,0, 55, False, 0
895,0, 55, False, 0
896,0, 55, False, 0
897,0, 55, False, 0
898,0, 55, False, 1
899,0, 55, False, 1
900,0, 55, False, 1
901,0, 55, False, 1
902,0, 55, False, 1
903,0, 55, False, 0
904,0, 55, False, 0
905,0, 55, False, 0
906,0, 55, False, 0
907,0, 55, False, 0
908,0, 55, False, 0
909,0, 55, False, 0
910,0, 55, False, 0
911,0, 55, False, 0
912,0, 55, False, 1
913,0, 55, False, 1
914,0, 55, False, 1
915,0, 55, False, 1
916,0, 55, False, 1
917,0, 55, False, 1
918,0, 55, False, 0
919,0, 55, False, 0
920,0, 55, False, 0
921,0, 55, False, 0
922,0, 55, False, 0
923,0, 55, False, 0
924,0, 55, False, 0
925,0, 55, False, 1
926,0, 55, False, 1
927,0, 55, False, 1
928,15, 70, False, 1
929,0, 70, False, 1
930,0, 70, False, 1
931,0, 70, False, 0
932,0, 70, False, 0
933,0, 70, False, 0
934,0, 70, False, 0
935,0, 70, False, 0
936,0, 70, False, 0
937,0, 70, False, 0
938,0, 70, False, 0
939,0, 70, False, 0
940,0, 70, False, 0
941,0, 70, False, 0
942,0, 70, False, 0
943,0, 70, False, 0
944,0, 70, False, 0
945,0, 70, False, 0
946,0, 70, False, 0
947,0, 70, False, 4
948,0, 70, False, 4
949,0, 70, False, 4
950,0, 70, False, 4
951,0, 70, False, 4
952,0, 70, False, 4
953,0, 70, False, 4
954,0, 70, False, 4
955,0, 70, False, 4
956,0, 70, False, 4
957,0, 70, False, 4
958,0, 70, False, 4
959,0, 70, False, 4
960,0, 70, False, 4
961,0, 70, False, 4
962,0, 70, False, 4
963,0, 70, False, 4
964,0, 70, False, 4
965,0, 70, False, 4
966,0, 70, False, 4
967,0, 70, False, 4
968,0, 70, False, 4
969,0, 70, False, 4
970,0, 70, False, 0
971,0, 70, False, 0
972,0, 70, False, 0
973,0, 70, False, 0
974,0, 70, False, 0
975,0, 70, False, 0
976,20, 90, False, 0
977,0, 90, False, 0
978,0, 90, False, 0
979,0, 90, False, 0
980,0, 90, False, 0
981,0, 90, False, 0
982,0, 90, False, 1
983,0, 90, False, 1
984,0, 90, False, 1
985,0, 90, False, 1
986,0, 90, False, 1
987,0, 90, False, 0
988,0, 90, False, 0
989,0, 90, False, 0
990,0, 90, False, 0
991,0, 90, False, 0
992,0, 90, False, 0
993,0, 90, False, 0
994,0, 90, False, 0
995,0, 90, False, 0
996,0, 90, False, 0
997,0, 90, False, 0
998,0, 90, False, 0
999,0, 90, False, 0
1000,0, 90, False, 4
1001,0, 90, False, 4
1002,0, 90, False, 4
1003,0, 90, False, 4
1004,0, 90, False, 4
1005,0, 90, False, 4
1006,5, 95, False, 12
1007,0, 95, False, 12
1008,0, 95, False, 12
1009,0, 95, False, 12
1010,0, 95, False, 12
1011,0, 95, False, 4
1012,0, 95, False, 4
1013,0, 95, False, 0
1014,0, 95, False, 0
1015,0, 95, False, 0
1016,0, 95, False, 0
1017,0, 95, False, 0
1018,0, 95, False, 0
1019,0, 95, False, 0
1020,0, 95, False, 0
1021,0, 95, False, 0
1022,0, 95, False, 0
1023,0, 95, False, 0
1024,0, 95, False, 0
1025,0, 95, False, 0
1026,0, 95, False, 0
1027,0, 95, False, 0
1028,0, 95, False, 1
1029,0, 95, False, 1
1030,0, 95, False, 1
1031,0, 95, False, 1
1032,0, 95, False, 1
1033,0, 95, False, 1
1034,0, 95, False, 0
1035,0, 95, False, 0
1036,10, 105, False, 0
1037,0, 105, False, 0
1038,0, 105, False, 0
1039,0, 105, False, 0
1040,0, 105, False, 0
1041,0, 105, False, 0
1042,0, 105, False, 0
1043,0, 105, False, 0
1044,0, 105, False, 0
1045,0, 105, False, 0
1046,0, 105, False, 0
1047,0, 105, False, 0
1048,0, 105, False, 0
1049,0, 105, False, 1
1050,0, 105, False, 1
1051,0, 105, False, 1
1052,0, 105, False, 1
1053,0, 105, False, 1
1054,0, 105, False, 1
1055,0, 105, False, 1
1056,0, 105, False, 0
1057,0, 105, False, 0
1058,0, 105, False, 0
1059,0, 105, False, 0
1060,0, 105, False, 0
1061,0, 105, False, 0
1062,0, 105, False, 0
1063,0, 105, False, 0
1064,0, 105, False, 0
1065,0, 105, False, 0
1066,0, 105, False, 0
1067,0, 105, False, 0
1068,0, 105, False, 1
1069,0, 105, False, 1
1070,0, 105, False, 1
1071,0, 105, False, 1
1072,0, 105, False, 1
1073,0, 105, False, 0
1074,0, 105, False, 0
1075,0, 105, False, 0
1076,0, 105, False, 0
1077,0, 105, False, 0
1078,0, 105, False, 0
1079,0, 105, False, 0
1080,0, 105, False, 0
1081,0, 105, False, 1
1082,0, 105, False, 1
1083,0, 105, False, 1
1084,0, 105, False, 1
1085,0, 105, False, 0
1086,0, 105, False, 0
1087,0, 105, False, 0
1088,0, 105, False, 0
1089,0, 105, False, 0
1090,0, 105, False, 0
1091,0, 105, False, 0
1092,0, 105, False, 0
1093,0, 105, False, 1
1094,0, 105, False, 1
1095,0, 105, False, 1
1096,0, 105, False, 1
1097,0, 105, False, 1
1098,0, 105, False, 1
1099,0, 105, False, 0
1100,0, 105, False, 0
1101,0, 105, False, 0
1102,0, 105, False, 0
1103,0, 105, False, 0
1104,0, 105, False, 0
1105,0, 105, False, 1
1106,0, 105, False, 1
1107,0, 105, False, 1
1108,0, 105, False, 1
1109,0, 105, False, 1
1110,0, 105, False, 0
1111,0, 105, False, 0
1112,0, 105, False, 0
1113,0, 105, False, 0
1114,0, 105, False, 0
1115,0, 105, False, 0
1116,0, 105, False, 1
1117,0, 105, False, 1
1118,0, 105, False, 1
1119,0, 105, False, 1
1120,0, 105, False, 1
1121,0, 105, False, 1
1122,0, 105, False, 0
1123,0, 105, False, 0
1124,0, 105, False, 0
1125,0, 105, False, 0
1126,0, 105, False, 0
1127,0, 105, False, 0
1128,0, 105, False, 1
1129,0, 105, False, 1
1130,0, 105, False, 1
1131,0, 105, False, 1
1132,0, 105, False, 1
1133,0, 105, False, 0
1134,0, 105, False, 0
1135,0, 105, False, 0
1136,0, 105, False, 0
1137,0, 105, False, 0
1138,0, 105, False, 0
1139,0, 105, False, 1
1140,0, 105, False, 1
1141,0, 105, False, 1
1142,0, 105, False, 1
1143,0, 105, False, 1
1144,0, 105, False, 1
1145,0, 105, False, 0
1146,15, 120, False, 0
1147,0, 120, False, 0
1148,0, 120, False, 0
1149,0, 120, False, 0
1150,0, 120, False, 0
1151,0, 120, False, 1
1152,0, 120, False, 1
1153,0, 120, False, 1
1154,0, 120, False, 1
1155,0, 120, False, 1
1156,0, 120, False, 1
1157,0, 120, False, 0
1158,0, 120, False, 0
1159,0, 120, False, 0
1160,0, 120, False, 0
1161,0, 120, False, 0
1162,0, 120, False, 0
1163,0, 120, False, 1
1164,0, 120, False, 1
1165,0, 120, False, 1
1166,0, 120, False, 1
1167,0, 120, False, 1
1168,0, 120, False, 1
1169,0, 120, False, 0
1170,0, 120, False, 0
1171,0, 120, False, 0
1172,0, 120, False, 0
1173,0, 120, False, 0
1174,0, 120, False, 0
1175,0, 120, False, 0
1176,0, 120, False, 0
1177,0, 120, False, 1
1178,0, 120, False, 1
1179,0, 120, False, 1
1180,0, 120, False, 1
1181,0, 120, False, 1
1182,0, 120, False, 1
1183,0, 120, False, 1
1184,0, 120, False, 1
1185,0, 120, False, 0
1186,0, 120, False, 0
1187,0, 120, False, 0
1188,0, 120, False, 0
1189,0, 120, False, 0
1190,0, 120, False, 0
1191,0, 120, False, 0
1192,0, 120, False, 0
1193,0, 120, False, 0
1194,0, 120, False, 1
1195,0, 120, False, 1
1196,0, 120, False, 1
1197,0, 120, False, 1
1198,20, 140, False, 1
1199,0, 140, False, 1
1200,0, 140, False, 0
1201,0, 140, False, 0
1202,0, 140, False, 0
1203,0, 140, False, 0
1204,0, 140, False, 0
1205,0, 140, False, 0
1206,0, 140, False, 0
1207,0, 140, False, 0
1208,0, 140, False, 0
1209,0, 140, False, 0
1210,0, 140, False, 0
1211,0, 140, False, 1
1212,0, 140, False, 1
1213,0, 140, False, 1
1214,0, 140, False, 1
1215,0, 140, False, 1
1216,0, 140, False, 1
1217,0, 140, False, 0
1218,0, 140, False, 0
1219,0, 140, False, 0
1220,0, 140, False, 0
1221,0, 140, False, 0
1222,0, 140, False, 0
1223,0, 140, False, 1
1224,0, 140, False, 1
1225,0, 140, False, 1
1226,0, 140, False, 1
1227,0, 140, False, 0
1228,0, 140, False, 0
1229,0, 140, False, 0
1230,0, 140, False, 0
1231,0, 140, False, 0
1232,0, 140, False, 0
1233,0, 140, False, 0
1234,0, 140, False, 0
1235,0, 140, False, 0
1236,0, 140, False, 1
1237,0, 140, False, 1
1238,0, 140, False, 1
1239,0, 140, False, 1
1240,0, 140, False, 1
1241,0, 140, False, 0
1242,0, 140, False, 0
1243,0, 140, False, 0
1244,0, 140, False, 0
1245,0, 140, False, 0
1246,0, 140, False, 0
1247,0, 140, False, 0
1248,0, 140, False, 0
1249,0, 140, False, 0
1250,0, 140, False, 0
1251,0, 140, False, 0
1252,0, 140, False, 0
1253,0, 140, False, 0
1254,0, 140, False, 0
1255,0, 140, False, 0
1256,0, 140, False, 0
1257,0, 140, False, 0
1258,0, 140, False, 0
1259,0, 140, False, 0
1260,0, 140, False, 0
1261,0, 140, False, 0
1262,0, 140, False, 0
1263,0, 140, False, 0
1264,0, 140, False, 0
1265,0, 140, False, 0
1266,0, 140, False, 0
1267,0, 140, False, 0
1268,0, 140, False, 0
1269,0, 140, False, 0
1270,0, 140, False, 3
1271,0, 140, False, 3
1272,0, 140, False, 3
1273,0, 140, False, 3
1274,0, 140, False, 3
1275,0, 140, False, 3
1276,0, 140, False, 3
1277,0, 140, False, 3
1278,0, 140, False, 3
1279,0, 140, False, 3
1280,0, 140, False, 3
1281,0, 140, False, 0
1282,0, 140, False, 0
1283,0, 140, False, 0
1284,0, 140, False, 0
1285,0, 140, False, 0
1286,0, 140, False, 0
1287,0, 140, False, 1
1288,0, 140, False, 1
1289,0, 140, False, 1
1290,0, 140, False, 1
1291,0, 140, False, 0
1292,0, 140, False, 0
1293,0, 140, False, 0
1294,0, 140, False, 0
1295,0, 140, False, 0
1296,0, 140, False, 0
1297,0, 140, False, 0
1298,0, 140, False, 1
1299,0, 140, False, 1
1300,0, 140, False, 1
1301,0, 140, False, 1
1302,0, 140, False, 1
1303,0, 140, False, 1
1304,0, 140, False, 0
1305,0, 140, False, 0
1306,0, 140, False, 0
1307,0, 140, False, 0
1308,0, 140, False, 0
1309,0, 140, False, 0
1310,0, 140, False, 0
1311,0, 140, False, 0
1312,0, 140, False, 1
1313,0, 140, False, 1
1314,0, 140, False, 1
1315,0, 140, False, 1
1316,0, 140, False, 1
1317,0, 140, False, 0
1318,0, 140, False, 0
1319,0, 140, False, 0
1320,0, 140, False, 0
1321,0, 140, False, 0
1322,0, 140, False, 0
1323,0, 140, False, 0
1324,0, 140, False, 0
1325,0, 140, False, 0
1326,0, 140, False, 1
1327,0, 140, False, 1
1328,0, 140, False, 1
1329,0, 140, False, 1
1330,0, 140, False, 1
1331,0, 140, False, 1
1332,0, 140, False, 1
1333,0, 140, False, 1
1334,0, 140, False, 0
1335,0, 140, False, 0
1336,0, 140, False, 0
1337,0, 140, False, 0
1338,0, 140, False, 0
1339,0, 140, False, 0
1340,0, 140, False, 0
1341,0, 140, False, 1
1342,25, 165, False, 1
1343,0, 165, False, 1
1344,0, 165, False, 1
1345,0, 165, False, 1
1346,0, 165, False, 1
1347,0, 165, False, 0
1348,0, 165, False, 0
1349,0, 165, False, 0
1350,0, 165, False, 0
1351,0, 165, False, 1
1352,0, 165, False, 1
1353,0, 165, False, 1
1354,0, 165, False, 1
1355,0, 165, False, 1
1356,0, 165, False, 0
1357,0, 165, False, 3
1358,0, 165, False, 3
1359,0, 165, False, 3
1360,0, 165, False, 3
1361,0, 165, False, 3
1362,0, 165, False, 3
1363,0, 165, False, 3
1364,0, 165, False, 3
1365,0, 165, False, 3
1366,0, 165, False, 3
1367,0, 165, False, 3
1368,0, 165, False, 3
1369,0, 165, False, 3
1370,0, 165, False, 3
1371,0, 165, False, 3
1372,0, 165, False, 3
1373,0, 165, False, 3
1374,0, 165, False, 3
1375,0, 165, False, 3
1376,0, 165, False, 3
1377,0, 165, False, 3
1378,0, 165, False, 3
1379,0, 165, False, 3
1380,0, 165, False, 3
1381,0, 165, False, 3
1382,0, 165, False, 3
1383,0, 165, False, 3
1384,0, 165, False, 3
1385,0, 165, False, 3
1386,0, 165, False, 3
1387,0, 165, False, 3
1388,0, 165, False, 3
1389,0, 165, False, 3
1390,0, 165, False, 3
1391,0, 165, False, 3
1392,0, 165, False, 3
1393,0, 165, False, 3
1394,0, 165, False, 3
1395,0, 165, False, 0
1396,0, 165, False, 0
1397,0, 165, False, 0
1398,0, 165, False, 0
1399,0, 165, False, 0
1400,0, 165, False, 0
1401,0, 165, False, 0
1402,0, 165, False, 0
1403,0, 165, False, 0
1404,0, 165, False, 0
1405,0, 165, False, 0
1406,0, 165, False, 0
1407,0, 165, False, 0
1408,30, 195, False, 1
1409,0, 195, False, 1
1410,0, 195, False, 1
1411,0, 195, False, 1
1412,0, 195, False, 1
1413,0, 195, False, 1
1414,0, 195, False, 0
1415,0, 195, False, 0
1416,0, 195, False, 0
1417,0, 195, False, 0
1418,0, 195, False, 0
1419,0, 195, False, 0
1420,0, 195, False, 0
1421,0, 195, False, 0
1422,0, 195, False, 0
1423,0, 195, False, 1
1424,0, 195, False, 1
1425,0, 195, False, 1
1426,0, 195, False, 1
1427,0, 195, False, 1
1428,0, 195, False, 1
1429,0, 195, False, 1
1430,0, 195, False, 0
1431,0, 195, False, 0
1432,0, 195, False, 0
1433,0, 195, False, 0
1434,0, 195, False, 0
1435,0, 195, False, 1
1436,0, 195, False, 1
1437,0, 195, False, 1
1438,10, 205, False, 1
1439,0, 205, False, 1
1440,0, 205, False, 0
1441,0, 205, False, 0
1442,0, 205, False, 0
1443,0, 205, False, 0
1444,0, 205, False, 0
1445,0, 205, False, 0
1446,0, 205, False, 1
1447,0, 205, False, 1
1448,0, 205, False, 1
1449,0, 205, False, 1
1450,0, 205, False, 1
1451,0, 205, False, 1
1452,0, 205, False, 0
1453,0, 205, False, 0
1454,0, 205, False, 0
1455,0, 205, False, 0
1456,0, 205, False, 0
1457,0, 205, False, 1
1458,0, 205, False, 1
1459,0, 205, False, 1
1460,0, 205, False, 1
1461,0, 205, False, 1
1462,0, 205, False, 1
1463,0, 205, False, 0
1464,0, 205, False, 0
1465,0, 205, False, 0
1466,0, 205, False, 0
1467,0, 205, False, 0
1468,0, 205, False, 0
1469,0, 205, False, 0
1470,0, 205, False, 0
1471,0, 205, False, 1
1472,0, 205, False, 1
1473,0, 205, False, 1
1474,0, 205, False, 1
1475,0, 205, False, 1
1476,0, 205, False, 1
1477,0, 205, False, 0
1478,0, 205, False, 0
1479,0, 205, False, 0
1480,0, 205, False, 0
1481,0, 205, False, 0
1482,0, 205, False, 0
1483,0, 205, False, 0
1484,0, 205, False, 0
1485,0, 205, False, 0
1486,0, 205, False, 0
1487,0, 205, False, 0
1488,0, 205, False, 0
1489,0, 205, False, 3
1490,0, 205, False, 3
1491,0, 205, False, 3
1492,0, 205, False, 3
1493,0, 205, False, 3
1494,0, 205, False, 3
1495,0, 205, False, 3
1496,0, 205, False, 3
1497,0, 205, False, 3
1498,0, 205, False, 3
1499,0, 205, False, 3
1500,0, 205, False, 3
1501,0, 205, False, 3
1502,0, 205, False, 3
1503,0, 205, False, 3
1504,0, 205, False, 3
1505,0, 205, False, 3
1506,0, 205, False, 3
1507,0, 205, False, 3
1508,0, 205, False, 3
1509,0, 205, False, 3
1510,0, 205, False, 3
1511,0, 205, False, 3
1512,0, 205, False, 3
1513,0, 205, False, 3
1514,0, 205, False, 3
1515,0, 205, False, 3
1516,0, 205, False, 3
1517,0, 205, False, 3
1518,0, 205, False, 3
1519,0, 205, False, 3
1520,0, 205, False, 3
1521,0, 205, False, 3
1522,0, 205, False, 3
1523,0, 205, False, 3
1524,0, 205, False, 3
1525,0, 205, False, 3
1526,0, 205, False, 3
1527,0, 205, False, 3
1528,0, 205, False, 3
1529,0, 205, False, 3
1530,0, 205, False, 3
1531,0, 205, False, 0
1532,0, 205, False, 1
1533,0, 205, False, 1
1534,0, 205, False, 1
1535,0, 205, False, 1
1536,0, 205, False, 1
1537,0, 205, False, 0
1538,0, 205, False, 0
1539,0, 205, False, 0
1540,0, 205, False, 0
1541,0, 205, False, 0
1542,0, 205, False, 0
1543,0, 205, False, 1
1544,0, 205, False, 1
1545,0, 205, False, 1
1546,0, 205, False, 1
1547,0, 205, False, 1
1548,0, 205, False, 1
1549,0, 205, False, 0
1550,0, 205, False, 0
1551,0, 205, False, 0
1552,0, 205, False, 0
1553,0, 205, False, 0
1554,5, 210, False, 0
1555,0, 210, False, 0
1556,0, 210, False, 1
1557,0, 210, False, 11
1558,0, 210, False, 11
1559,0, 210, False, 11
1560,0, 210, False, 11
1561,0, 210, False, 3
1562,0, 210, False, 3
1563,0, 210, False, 3
1564,0, 210, False, 3
1565,0, 210, False, 3
1566,0, 210, False, 3
1567,0, 210, False, 3
1568,0, 210, False, 3
1569,0, 210, False, 3
1570,0, 210, False, 3
1571,0, 210, False, 3
1572,0, 210, False, 3
1573,0, 210, False, 3
1574,0, 210, False, 3
1575,0, 210, False, 3
1576,0, 210, False, 3
1577,0, 210, False, 3
1578,0, 210, False, 0
1579,0, 210, False, 0
1580,0, 210, False, 0
1581,0, 210, False, 1
1582,0, 210, False, 1
1583,0, 210, False, 1
1584,0, 210, False, 1
1585,0, 210, False, 1
1586,0, 210, False, 0
1587,0, 210, False, 0
1588,0, 210, False, 0
1589,0, 210, False, 0
1590,0, 210, False, 0
1591,0, 210, False, 0
1592,0, 210, False, 0
1593,0, 210, False, 0
1594,0, 210, False, 0
1595,0, 210, False, 0
1596,0, 210, False, 0
1597,0, 210, False, 1
1598,0, 210, False, 1
1599,0, 210, False, 1
1600,0, 210, False, 1
1601,0, 210, False, 1
1602,20, 230, False, 1
1603,0, 230, False, 0
1604,0, 230, False, 0
1605,0, 230, False, 0
1606,0, 230, False, 0
1607,0, 230, False, 0
1608,0, 230, False, 0
1609,0, 230, False, 0
1610,0, 230, False, 0
1611,0, 230, False, 1
1612,0, 230, False, 1
1613,0, 230, False, 1
1614,0, 230, False, 1
1615,0, 230, False, 1
1616,0, 230, False, 0
1617,0, 230, False, 0
1618,0, 230, False, 0
1619,0, 230, False, 0
1620,0, 230, False, 0
1621,0, 230, False, 0
1622,0, 230, False, 0
1623,0, 230, False, 0
1624,0, 230, False, 1
1625,0, 230, False, 1
1626,0, 230, False, 1
1627,0, 230, False, 1
1628,0, 230, False, 1
1629,0, 230, False, 1
1630,0, 230, False, 0
1631,0, 230, False, 0
1632,0, 230, False, 0
1633,0, 230, False, 0
1634,0, 230, False, 0
1635,0, 230, False, 0
1636,0, 230, False, 0
1637,0, 230, False, 0
1638,0, 230, False, 0
1639,0, 230, False, 0
1640,0, 230, False, 0
1641,0, 230, False, 0
1642,0, 230, False, 0
1643,0, 230, False, 0
1644,0, 230, False, 1
1645,0, 230, False, 1
1646,0, 230, False, 1
1647,0, 230, False, 1
1648,0, 230, False, 1
1649,0, 230, False, 1
1650,0, 230, False, 0
1651,0, 230, False, 0
1652,0, 230, False, 0
1653,0, 230, False, 0
1654,0, 230, False, 0
1655,0, 230, False, 0
1656,0, 230, False, 0
1657,0, 230, False, 0
1658,0, 230, False, 0
1659,0, 230, False, 0
1660,0, 230, False, 0
1661,0, 230, False, 0
1662,0, 230, False, 0
1663,0, 230, False, 1
1664,0, 230, False, 1
1665,0, 230, False, 1
1666,0, 230, False, 1
1667,0, 230, False, 1
1668,0, 230, False, 0
1669,0, 230, False, 0
1670,0, 230, False, 0
1671,0, 230, False, 0
1672,0, 230, False, 0
1673,0, 230, False, 0
1674,0, 230, False, 0
1675,0, 230, False, 0
1676,0, 230, False, 0
1677,0, 230, False, 0
1678,0, 230, False, 0
1679,0, 230, False, 0
1680,0, 230, False, 0
1681,0, 230, False, 0
1682,0, 230, False, 0
1683,0, 230, False, 1
1684,0, 230, False, 1
1685,0, 230, False, 1
1686,0, 230, False, 1
1687,0, 230, False, 1
1688,0, 230, False, 0
1689,0, 230, False, 0
1690,0, 230, False, 0
1691,0, 230, False, 0
1692,0, 230, False, 0
1693,0, 230, False, 0
1694,0, 230, False, 0
1695,0, 230, False, 0
1696,0, 230, False, 1
1697,0, 230, False, 1
1698,0, 230, False, 1
1699,0, 230, False, 1
1700,0, 230, False, 1
1701,0, 230, False, 1
1702,0, 230, False, 0
1703,0, 230, False, 0
1704,0, 230, False, 0
1705,0, 230, False, 0
1706,0, 230, False, 0
1707,0, 230, False, 0
1708,0, 230, False, 1
1709,0, 230, False, 1
1710,0, 230, False, 1
1711,0, 230, False, 1
1712,0, 230, False, 1
1713,0, 230, False, 1
1714,0, 230, False, 0
1715,0, 230, False, 0
1716,0, 230, False, 0
1717,0, 230, False, 0
1718,0, 230, False, 0
1719,0, 230, False, 0
1720,10, 240, False, 0
1721,0, 240, False, 1
1722,0, 240, False, 1
1723,0, 240, False, 1
1724,0, 240, False, 1
1725,0, 240, False, 1
1726,0, 240, False, 0
1727,0, 240, False, 0
1728,0, 240, False, 0
1729,0, 240, False, 0
1730,0, 240, False, 0
1731,0, 240, False, 0
1732,0, 240, False, 1
1733,0, 240, False, 1
1734,0, 240, False, 1
1735,0, 240, False, 1
1736,0, 240, False, 1
1737,0, 240, False, 0
1738,0, 240, False, 0
1739,0, 240, False, 0
1740,0, 240, False, 0
1741,0, 240, False, 0
1742,0, 240, False, 0
1743,0, 240, False, 0
1744,0, 240, False, 1
1745,0, 240, False, 1
1746,0, 240, False, 1
1747,0, 240, False, 1
1748,0, 240, False, 0
1749,0, 240, False, 0
1750,0, 240, False, 0
1751,0, 240, False, 0
1752,0, 240, False, 0
1753,0, 240, False, 0
1754,15, 255, False, 1
1755,0, 255, False, 1
1756,0, 255, False, 1
1757,0, 255, False, 1
1758,0, 255, False, 1
1759,0, 255, False, 0
1760,0, 255, False, 0
1761,0, 255, False, 0
1762,0, 255, False, 0
1763,0, 255, False, 0
1764,0, 255, False, 0
1765,0, 255, False, 1
1766,0, 255, False, 1
1767,0, 255, False, 1
1768,0, 255, False, 1
1769,0, 255, False, 1
1770,0, 255, False, 0
1771,0, 255, False, 0
1772,0, 255, False, 0
1773,0, 255, False, 0
1774,0, 255, False, 0
1775,0, 255, False, 0
1776,0, 255, False, 0
1777,0, 255, False, 0
1778,0, 255, False, 1
1779,0, 255, False, 1
1780,0, 255, False, 1
1781,0, 255, False, 1
1782,0, 255, False, 1
1783,0, 255, False, 1
1784,0, 255, False, 0
1785,0, 255, False, 0
1786,0, 255, False, 0
1787,0, 255, False, 0
1788,0, 255, False, 0
1789,0, 255, False, 0
1790,0, 255, False, 0
1791,0, 255, False, 0
1792,0, 255, False, 1
1793,0, 255, False, 1
1794,0, 255, False, 1
1795,0, 255, False, 1
1796,0, 255, False, 1
1797,0, 255, False, 1
1798,0, 255, False, 0
1799,0, 255, False, 0
1800,0, 255, False, 0
1801,0, 255, False, 0
1802,0, 255, False, 0
1803,0, 255, False, 0
1804,0, 255, False, 0
1805,0, 255, False, 1
1806,0, 255, False, 1
1807,0, 255, False, 1
1808,0, 255, False, 1
1809,0, 255, False, 1
1810,0, 255, False, 1
1811,0, 255, False, 0
1812,0, 255, False, 0
1813,0, 255, False, 0
1814,0, 255, False, 0
1815,0, 255, False, 0
1816,0, 255, False, 0
1817,0, 255, False, 0
1818,0, 255, False, 0
1819,0, 255, False, 0
1820,0, 255, False, 0
1821,0, 255, False, 0
1822,0, 255, False, 4
1823,0, 255, False, 4
1824,0, 255, False, 4
1825,0, 255, False, 4
1826,0, 255, False, 4
1827,0, 255, False, 4
1828,0, 255, False, 4
1829,0, 255, False, 0
1830,0, 255, False, 0
1831,0, 255, False, 0
1832,0, 255, False, 0
1833,0, 255, False, 0
1834,0, 255, False, 0
1835,0, 255, False, 0
1836,0, 255, False, 1
1837,0, 255, False, 1
1838,0, 255, False, 1
1839,0, 255, False, 1
1840,0, 255, False, 1
1841,0, 255, False, 0
1842,0, 255, False, 0
1843,0, 255, False, 0
1844,0, 255, False, 0
1845,0, 255, False, 0
1846,0, 255, False, 0
1847,0, 255, False, 0
1848,0, 255, False, 0
1849,0, 255, False, 0
1850,0, 255, False, 1
1851,0, 255, False, 1
1852,0, 255, False, 1
1853,0, 255, False, 1
1854,0, 255, False, 0
1855,0, 255, False, 0
1856,0, 255, False, 0
1857,0, 255, False, 0
1858,0, 255, False, 0
1859,0, 255, False, 0
1860,0, 255, False, 0
1861,0, 255, False, 1
1862,0, 255, False, 1
1863,0, 255, False, 1
1864,0, 255, False, 1
1865,0, 255, False, 1
1866,0, 255, False, 0
1867,0, 255, False, 0
1868,0, 255, False, 0
1869,0, 255, False, 0
1870,0, 255, False, 0
1871,0, 255, False, 0
1872,15, 270, False, 1
1873,0, 270, False, 1
1874,0, 270, False, 1
1875,0, 270, False, 1
1876,0, 270, False, 1
1877,0, 270, False, 0
1878,0, 270, False, 0
1879,0, 270, False, 4
1880,0, 270, False, 4
1881,0, 270, False, 4
1882,0, 270, False, 4
1883,0, 270, False, 4
1884,0, 270, False, 4
1885,0, 270, False, 4
1886,0, 270, False, 4
1887,0, 270, False, 4
1888,0, 270, False, 4
1889,0, 270, False, 4
1890,0, 270, False, 0
1891,0, 270, False, 0
1892,0, 270, False, 0
1893,0, 270, False, 0
1894,0, 270, False, 0
1895,0, 270, False, 0
1896,0, 270, False, 0
1897,0, 270, False, 1
1898,0, 270, False, 1
1899,0, 270, False, 1
1900,0, 270, False, 1
1901,0, 270, False, 1
1902,0, 270, False, 0
1903,0, 270, False, 0
1904,0, 270, False, 0
1905,0, 270, False, 0
1906,0, 270, False, 0
1907,0, 270, False, 0
1908,0, 270, False, 0
1909,0, 270, False, 0
1910,20, 290, False, 0
1911,0, 290, False, 0
1912,0, 290, False, 1
1913,0, 290, False, 1
1914,0, 290, False, 1
1915,0, 290, False, 1
1916,0, 290, False, 1
1917,0, 290, False, 1
1918,0, 290, False, 0
1919,0, 290, False, 0
1920,0, 290, False, 0
1921,0, 290, False, 0
1922,0, 290, False, 0
1923,0, 290, False, 0
1924,0, 290, False, 0
1925,0, 290, False, 0
1926,0, 290, False, 0
1927,0, 290, False, 1
1928,0, 290, False, 1
1929,0, 290, False, 1
1930,0, 290, False, 1
1931,0, 290, False, 1
1932,0, 290, False, 0
1933,0, 290, False, 0
1934,0, 290, False, 0
1935,0, 290, False, 0
1936,0, 290, False, 0
1937,0, 290, False, 0
1938,0, 290, False, 0
1939,0, 290, False, 0
1940,0, 290, False, 0
1941,0, 290, False, 1
1942,0, 290, False, 1
1943,0, 290, False, 1
1944,0, 290, False, 1
1945,0, 290, False, 1
1946,0, 290, False, 1
1947,0, 290, False, 0
1948,0, 290, False, 0
1949,0, 290, False, 0
1950,0, 290, False, 0
1951,0, 290, False, 0
1952,0, 290, False, 0
1953,0, 290, False, 0
1954,0, 290, False, 0
1955,0, 290, False, 1
1956,0, 290, False, 1
1957,0, 290, False, 1
1958,25, 315, False, 1
1959,0, 315, False, 1
1960,0, 315, False, 1
1961,0, 315, False, 0
1962,0, 315, False, 0
1963,0, 315, False, 0
1964,0, 315, False, 0
1965,0, 315, False, 0
1966,0, 315, False, 0
1967,0, 315, False, 0
1968,0, 315, False, 0
1969,0, 315, False, 0
1970,0, 315, False, 0
1971,0, 315, False, 0
1972,0, 315, False, 0
1973,0, 315, False, 0
1974,0, 315, False, 0
1975,0, 315, False, 1
1976,0, 315, False, 1
1977,0, 315, False, 1
1978,0, 315, False, 1
1979,0, 315, False, 1
1980,0, 315, False, 1
1981,0, 315, False, 1
1982,0, 315, False, 0
1983,0, 315, False, 0
1984,0, 315, False, 0
1985,0, 315, False, 0
1986,0, 315, False, 0
1987,0, 315, False, 0
1988,0, 315, False, 0
1989,0, 315, False, 0
1990,0, 315, False, 0
1991,0, 315, False, 0
1992,0, 315, False, 0
1993,0, 315, False, 1
1994,0, 315, False, 1
1995,0, 315, False, 1
1996,0, 315, False, 1
1997,0, 315, False, 1
1998,0, 315, False, 1
1999,0, 315, False, 1
2000,0, 315, False, 0
2001,0, 315, False, 0
2002,0, 315, False, 0
2003,0, 315, False, 0
2004,0, 315, False, 0
2005,0, 315, False, 0
2006,0, 315, False, 0
2007,0, 315, False, 3
2008,0, 315, False, 3
2009,0, 315, False, 3
2010,0, 315, False, 3
2011,0, 315, False, 3
2012,0, 315, False, 3
2013,0, 315, False, 3
2014,0, 315, False, 3
2015,0, 315, False, 0
2016,0, 315, False, 0
2017,0, 315, False, 0
2018,0, 315, False, 0
2019,0, 315, False, 0
2020,0, 315, False, 0
2021,0, 315, False, 0
2022,0, 315, False, 0
2023,0, 315, False, 0
2024,0, 315, False, 0
2025,0, 315, False, 0
2026,0, 315, False, 0
2027,0, 315, False, 0
2028,0, 315, False, 0
2029,0, 315, False, 0
2030,0, 315, False, 1
2031,0, 315, False, 1
2032,0, 315, False, 1
2033,0, 315, False, 1
2034,0, 315, False, 1
2035,0, 315, False, 0
2036,0, 315, False, 0
2037,0, 315, False, 0
2038,0, 315, False, 0
2039,0, 315, False, 0
2040,0, 315, False, 0
2041,0, 315, False, 0
2042,0, 315, False, 0
2043,0, 315, False, 0
2044,0, 315, False, 3
2045,0, 315, False, 3
2046,0, 315, False, 3
2047,0, 315, False, 3
2048,0, 315, False, 3
2049,0, 315, False, 3
2050,0, 315, False, 3
2051,0, 315, False, 3
2052,0, 315, False, 0
2053,0, 315, False, 0
2054,0, 315, False, 0
2055,0, 315, False, 0
2056,0, 315, False, 0
2057,0, 315, False, 1
2058,0, 315, False, 1
2059,0, 315, False, 1
2060,0, 315, False, 1
2061,0, 315, False, 1
2062,0, 315, False, 1
2063,0, 315, False, 0
2064,0, 315, False, 0
2065,0, 315, False, 0
2066,0, 315, False, 0
2067,0, 315, False, 0
2068,0, 315, False, 0
2069,0, 315, False, 0
2070,0, 315, False, 0
2071,0, 315, False, 0
2072,0, 315, False, 1
2073,0, 315, False, 1
2074,0, 315, False, 1
2075,0, 315, False, 1
2076,0, 315, False, 1
2077,0, 315, False, 1
2078,0, 315, False, 0
2079,0, 315, False, 0
2080,0, 315, False, 0
2081,0, 315, False, 0
2082,0, 315, False, 0
2083,0, 315, False, 0
2084,0, 315, False, 0
2085,0, 315, False, 1
2086,0, 315, False, 1
2087,0, 315, False, 1
2088,0, 315, False, 1
2089,0, 315, False, 1
2090,0, 315, False, 1
2091,0, 315, False, 0
2092,0, 315, False, 0
2093,0, 315, False, 0
2094,0, 315, False, 0
2095,0, 315, False, 0
2096,0, 315, False, 0
2097,0, 315, False, 0
2098,0, 315, False, 3
2099,0, 315, False, 3
2100,0, 315, False, 3
2101,0, 315, False, 3
2102,0, 315, False, 3
2103,0, 315, False, 3
2104,0, 315, False, 3
2105,0, 315, False, 3
2106,0, 315, False, 3
2107,0, 315, False, 3
2108,0, 315, False, 0
2109,0, 315, False, 0
2110,0, 315, False, 0
2111,0, 315, False, 0
2112,0, 315, False, 0
2113,0, 315, False, 1
2114,0, 315, False, 1
2115,0, 315, False, 1
2116,0, 315, False, 1
2117,0, 315, False, 0
2118,0, 315, False, 0
2119,0, 315, False, 0
2120,0, 315, False, 0
2121,0, 315, False, 0
2122,0, 315, False, 0
2123,0, 315, False, 0
2124,0, 315, False, 0
2125,0, 315, False, 1
2126,0, 315, False, 1
2127,0, 315, False, 1
2128,0, 315, False, 1
2129,0, 315, False, 1
2130,0, 315, False, 0
2131,0, 315, False, 0
2132,0, 315, False, 0
2133,0, 315, False, 0
2134,0, 315, False, 0
2135,0, 315, False, 0
2136,0, 315, False, 0
2137,0, 315, False, 0
2138,0, 315, False, 0
2139,0, 315, False, 1
2140,0, 315, False, 1
2141,0, 315, False, 1
2142,0, 315, False, 1
2143,0, 315, False, 1
2144,0, 315, False, 1
2145,0, 315, False, 0
2146,0, 315, False, 0
2147,0, 315, False, 0
2148,0, 315, False, 0
2149,0, 315, False, 0
2150,5, 320, False, 0
2151,0, 320, False, 1
2152,0, 320, False, 1
2153,0, 320, False, 1
2154,0, 320, False, 12
2155,0, 320, False, 12
2156,0, 320, False, 12
2157,0, 320, False, 4
2158,0, 320, False, 4
2159,0, 320, False, 4
2160,0, 320, False, 4
2161,0, 320, False, 4
2162,0, 320, False, 4
2163,0, 320, False, 4
2164,0, 320, False, 4
2165,0, 320, False, 4
2166,0, 320, False, 4
2167,0, 320, False, 4
2168,0, 320, False, 4
2169,0, 320, False, 4
2170,10, 330, False, 4
2171,0, 330, False, 12
2172,0, 330, False, 12
2173,0, 330, False, 1
2174,0, 330, False, 1
2175,0, 330, False, 1
2176,0, 330, False, 0
2177,0, 330, False, 0
2178,0, 330, False, 0
2179,0, 330, False, 0
2180,0, 330, False, 0
2181,0, 330, False, 0
2182,0, 330, False, 0
2183,0, 330, False, 0
2184,0, 330, False, 0
2185,0, 330, False, 0
2186,0, 330, False, 0
2187,0, 330, False, 1
2188,0, 330, False, 1
2189,0, 330, False, 1
2190,0, 330, False, 1
2191,0, 330, False, 1
2192,0, 330, False, 0
2193,0, 330, False, 0
2194,0, 330, False, 0
2195,0, 330, False, 0
2196,0, 330, False, 0
2197,0, 330, False, 0
2198,0, 330, False, 0
2199,0, 330, False, 0
2200,0, 330, False, 0
2201,0, 330, False, 0
2202,0, 330, False, 3
2203,0, 330, False, 3
2204,0, 330, False, 3
2205,0, 330, False, 3
2206,0, 330, False, 3
2207,0, 330, False, 3
2208,0, 330, False, 3
2209,0, 330, False, 3
2210,0, 330, False, 3
2211,0, 330, False, 3
2212,0, 330, False, 3
2213,0, 330, False, 3
2214,0, 330, False, 0
2215,0, 330, False, 0
2216,0, 330, False, 0
2217,0, 330, False, 0
2218,0, 330, False, 11
2219,0, 330, False, 11
2220,0, 330, False, 11
2221,0, 330, False, 11
2222,0, 330, False, 3
2223,0, 330, False, 3
2224,0, 330, False, 3
2225,0, 330, False, 3
2226,0, 330, False, 3
2227,0, 330, False, 3
2228,0, 330, False, 3
2229,0, 330, False, 3
2230,0, 330, False, 3
2231,0, 330, False, 3
2232,0, 330, False, 3
2233,0, 330, False, 3
2234,0, 330, False, 3
2235,0, 330, False, 3
2236,0, 330, False, 3
2237,0, 330, False, 3
2238,0, 330, False, 3
2239,0, 330, False, 3
2240,0, 330, False, 3
2241,0, 330, False, 3
2242,0, 330, False, 3
2243,0, 330, False, 3
2244,0, 330, False, 3
2245,0, 330, False, 0
2246,0, 330, False, 1
2247,0, 330, False, 1
2248,0, 330, False, 1
2249,0, 330, False, 1
2250,0, 330, False, 1
2251,0, 330, False, 0
2252,0, 330, False, 0
2253,0, 330, False, 0
2254,0, 330, False, 0
2255,0, 330, False, 0
2256,0, 330, False, 0
2257,0, 330, False, 0
2258,0, 330, False, 0
2259,0, 330, False, 0
2260,0, 330, False, 0
2261,0, 330, False, 1
2262,0, 330, False, 1
2263,0, 330, False, 1
2264,0, 330, False, 1
2265,0, 330, False, 1
2266,0, 330, False, 1
2267,0, 330, False, 0
2268,0, 330, False, 0
2269,0, 330, False, 0
2270,0, 330, False, 0
2271,0, 330, False, 0
2272,0, 330, False, 0
2273,0, 330, False, 0
2274,0, 330, False, 1
2275,0, 330, False, 1
2276,0, 330, False, 1
2277,0, 330, False, 1
2278,0, 330, False, 1
2279,0, 330, False, 0
2280,0, 330, False, 0
2281,0, 330, False, 0
2282,0, 330, False, 0
2283,0, 330, False, 0
2284,15, 345, False, 0
2285,0, 345, False, 0
2286,0, 345, False, 1
2287,0, 345, False, 1
2288,0, 345, False, 1
2289,0, 345, False, 1
2290,0, 345, False, 1
2291,0, 345, False, 3
2292,0, 345, False, 3
2293,0, 345, False, 3
2294,0, 345, False, 3
2295,0, 345, False, 3
2296,0, 345, False, 3
2297,0, 345, False, 3
2298,0, 345, False, 3
2299,0, 345, False, 3
2300,0, 345, False, 3
2301,0, 345, False, 3
2302,0, 345, False, 11
2303,0, 345, False, 1
2304,0, 345, False, 1
2305,0, 345, False, 11
2306,0, 345, False, 11
2307,0, 345, False, 3
2308,0, 345, False, 3
2309,0, 345, False, 3
2310,0, 345, False, 3
2311,0, 345, False, 0
2312,0, 345, False, 0
2313,0, 345, False, 0
2314,0, 345, False, 0
2315,0, 345, False, 0
2316,0, 345, False, 1
2317,0, 345, False, 1
2318,0, 345, False, 1
2319,0, 345, False, 1
2320,20, 365, False, 1
2321,0, 365, False, 0
2322,0, 365, False, 0
2323,0, 365, False, 0
2324,0, 365, False, 0
2325,0, 365, False, 0
2326,0, 365, False, 0
2327,0, 365, False, 0
2328,0, 365, False, 1
2329,0, 365, False, 11
2330,0, 365, False, 11
2331,0, 365, False, 11
2332,0, 365, False, 11
2333,0, 365, False, 3
2334,0, 365, False, 3
2335,0, 365, False, 3
2336,0, 365, False, 0
2337,0, 365, False, 0
2338,0, 365, False, 0
2339,0, 365, False, 0
2340,0, 365, False, 0
2341,0, 365, False, 0
2342,0, 365, False, 0
2343,0, 365, False, 0
2344,0, 365, False, 1
2345,0, 365, False, 1
2346,0, 365, False, 12
2347,0, 365, False, 12
2348,0, 365, False, 12
2349,0, 365, False, 4
2350,0, 365, False, 4
2351,0, 365, False, 4
2352,0, 365, False, 4
2353,0, 365, False, 4
2354,0, 365, False, 4
2355,0, 365, False, 4
2356,0, 365, False, 4
2357,0, 365, False, 4
2358,0, 365, False, 4
2359,0, 365, False, 4
2360,0, 365, False, 4
2361,0, 365, False, 4
2362,0, 365, False, 4
2363,0, 365, False, 4
2364,0, 365, False, 4
2365,0, 365, False, 4
2366,0, 365, False, 4
2367,0, 365, False, 4
2368,0, 365, False, 4
2369,0, 365, False, 4
2370,0, 365, False, 4
2371,0, 365, False, 4
2372,25, 390, False, 4
2373,0, 390, False, 4
2374,0, 390, False, 4
2375,0, 390, False, 4
2376,0, 390, False, 0
2377,0, 390, False, 0
2378,0, 390, False, 1
2379,0, 390, False, 1
2380,0, 390, False, 1
2381,0, 390, False, 1
2382,0, 390, False, 0
2383,0, 390, False, 0
2384,0, 390, False, 0
2385,0, 390, False, 0
2386,0, 390, False, 0
2387,0, 390, False, 0
2388,0, 390, False, 0
2389,0, 390, False, 0
2390,0, 390, False, 0
2391,0, 390, False, 0
2392,0, 390, False, 1
2393,0, 390, False, 1
2394,0, 390, False, 1
2395,0, 390, False, 1
2396,0, 390, False, 1
2397,0, 390, False, 0
2398,0, 390, False, 0
2399,0, 390, False, 0
2400,0, 390, False, 0
2401,0, 390, False, 3
2402,0, 390, False, 3
2403,0, 390, False, 3
2404,0, 390, False, 3
2405,0, 390, False, 3
2406,0, 390, False, 3
2407,0, 390, False, 11
2408,0, 390, False, 11
2409,0, 390, False, 11
2410,0, 390, False, 11
2411,0, 390, False, 3
2412,0, 390, False, 3
2413,0, 390, False, 3
2414,0, 390, False, 3
2415,0, 390, False, 3
2416,0, 390, False, 3
2417,0, 390, False, 3
2418,0, 390, False, 3
2419,0, 390, False, 3
2420,0, 390, False, 3
2421,0, 390, False, 3
2422,0, 390, False, 0
2423,0, 390, False, 0
2424,0, 390, False, 0
2425,0, 390, False, 1
2426,0, 390, False, 1
2427,0, 390, False, 1
2428,0, 390, False, 1
2429,0, 390, False, 1
2430,0, 390, False, 1
2431,0, 390, False, 0
2432,0, 390, False, 0
2433,0, 390, False, 0
2434,0, 390, False, 0
2435,0, 390, False, 0
2436,0, 390, False, 0
2437,0, 390, False, 0
2438,0, 390, False, 0
2439,0, 390, False, 0
2440,0, 390, False, 0
2441,0, 390, False, 0
2442,0, 390, False, 3
2443,0, 390, False, 3
2444,0, 390, False, 3
2445,0, 390, False, 3
2446,0, 390, False, 3
2447,0, 390, False, 11
2448,0, 390, False, 1
2449,0, 390, False, 1
2450,0, 390, False, 1
2451,0, 390, False, 1
2452,0, 390, False, 0
2453,0, 390, False, 0
2454,0, 390, False, 0
2455,0, 390, False, 0
2456,0, 390, False, 0
2457,0, 390, False, 0
2458,0, 390, False, 4
2459,0, 390, False, 4
2460,0, 390, False, 4
2461,0, 390, False, 4
2462,0, 390, False, 4
2463,0, 390, False, 4
2464,0, 390, False, 4
2465,0, 390, False, 4
2466,0, 390, False, 4
2467,0, 390, False, 4
2468,0, 390, False, 4
2469,0, 390, False, 4
2470,0, 390, False, 0
2471,0, 390, False, 0
2472,0, 390, False, 0
2473,0, 390, False, 0
2474,0, 390, False, 0
2475,0, 390, False, 0
2476,0, 390, False, 0
2477,0, 390, False, 0
2478,0, 390, False, 0
2479,0, 390, False, 0
2480,0, 390, False, 0
2481,0, 390, False, 0
2482,0, 390, False, 0
2483,0, 390, False, 0
2484,0, 390, False, 0
2485,0, 390, False, 0
2486,0, 390, False, 0
2487,0, 390, False, 0
2488,0, 390, False, 0
2489,0, 390, False, 0
2490,0, 390, False, 0
2491,0, 390, False, 0
2492,0, 390, False, 0
2493,0, 390, False, 0
2494,0, 390, False, 0
2495,0, 390, False, 0
2496,0, 390, False, 0
2497,0, 390, False, 0
2498,0, 390, False, 0
2499,0, 390, False, 0
2500,0, 390, False, 0
2501,0, 390, False, 0
2502,0, 390, False, 0
2503,0, 390, False, 0
2504,0, 390, False, 0
2505,0, 390, False, 0
2506,0, 390, False, 0
2507,0, 390, False, 0
2508,0, 390, False, 0
2509,0, 390, False, 0
2510,0, 390, False, 0
2511,0, 390, False, 0
2512,0, 390, False, 0
2513,0, 390, False, 0
2514,0, 390, False, 0
2515,0, 390, False, 0
2516,0, 390, False, 0
2517,0, 390, False, 0
2518,0, 390, False, 0
2519,0, 390, False, 0
2520,0, 390, False, 0
2521,0, 390, False, 0
2522,0, 390, False, 0
2523,0, 390, False, 0
2524,0, 390, False, 0
2525,0, 390, False, 0
2526,0, 390, False, 4
2527,0, 390, False, 4
2528,0, 390, False, 4
2529,0, 390, False, 4
2530,0, 390, False, 4
2531,0, 390, False, 4
2532,0, 390, False, 4
2533,0, 390, False, 4
2534,0, 390, False, 4
2535,0, 390, False, 4
2536,0, 390, False, 4
2537,0, 390, False, 4
2538,0, 390, False, 4
2539,0, 390, False, 4
2540,0, 390, False, 4
2541,0, 390, False, 4
2542,0, 390, False, 4
2543,0, 390, False, 4
2544,0, 390, False, 4
2545,0, 390, False, 4
2546,0, 390, False, 4
2547,0, 390, False, 4
2548,0, 390, False, 4
2549,0, 390, False, 4
2550,0, 390, False, 4
2551,0, 390, False, 4
2552,0, 390, False, 4
2553,0, 390, False, 4
2554,0, 390, False, 4
2555,0, 390, False, 4
2556,0, 390, False, 4
2557,0, 390, False, 4
2558,0, 390, False, 4
2559,0, 390, False, 4
2560,0, 390, False, 4
2561,0, 390, False, 4
2562,0, 390, False, 4
2563,0, 390, False, 4
2564,0, 390, False, 4
2565,0, 390, False, 4
2566,0, 390, False, 4
2567,0, 390, False, 4
2568,0, 390, False, 4
2569,0, 390, False, 4
2570,0, 390, False, 4
2571,0, 390, False, 4
2572,0, 390, False, 4
2573,0, 390, False, 4
2574,0, 390, False, 4
2575,0, 390, False, 4
2576,0, 390, False, 4
2577,0, 390, False, 4
2578,0, 390, False, 4
2579,0, 390, False, 4
2580,0, 390, False, 4
2581,0, 390, False, 4
2582,0, 390, False, 4
2583,0, 390, False, 4
2584,0, 390, False, 4
2585,0, 390, False, 4
2586,0, 390, False, 4
2587,0, 390, False, 4
2588,0, 390, False, 4
2589,0, 390, False, 4
2590,0, 390, False, 4
2591,0, 390, False, 4
2592,0, 390, False, 4
2593,0, 390, False, 4
2594,0, 390, False, 4
2595,0, 390, False, 4
2596,0, 390, False, 12
2597,0, 390, False, 12
2598,0, 390, False, 12
2599,0, 390, False, 4
2600,0, 390, False, 4
2601,0, 390, False, 4
2602,0, 390, False, 4
2603,0, 390, False, 4
2604,0, 390, False, 4
2605,0, 390, False, 4
2606,0, 390, False, 4
2607,0, 390, False, 12
2608,0, 390, False, 12
2609,0, 390, False, 12
2610,0, 390, False, 12
2611,0, 390, False, 1
2612,0, 390, False, 0
2613,0, 390, False, 0
2614,15, 405, False, 0
2615,0, 405, False, 0
2616,0, 405, False, 0
2617,0, 405, False, 3
2618,0, 405, False, 3
2619,0, 405, False, 3
2620,0, 405, False, 3
2621,0, 405, False, 3
2622,0, 405, False, 3
2623,0, 405, False, 3
2624,0, 405, False, 3
2625,0, 405, False, 3
2626,0, 405, False, 3
2627,0, 405, False, 3
2628,0, 405, False, 3
2629,0, 405, False, 3
2630,0, 405, False, 3
2631,0, 405, False, 3
2632,0, 405, False, 3
2633,0, 405, False, 3
2634,0, 405, False, 3
2635,0, 405, False, 3
2636,0, 405, False, 3
2637,0, 405, False, 3
2638,0, 405, False, 3
2639,0, 405, False, 3
2640,0, 405, False, 3
2641,0, 405, False, 0
2642,0, 405, False, 0
2643,0, 405, False, 0
2644,0, 405, False, 1
2645,0, 405, False, 1
2646,0, 405, False, 1
2647,0, 405, False, 0
2648,0, 405, False, 0
2649,0, 405, False, 0
2650,0, 405, False, 0
2651,0, 405, False, 0
2652,0, 405, False, 0
2653,0, 405, False, 0
2654,0, 405, False, 0
2655,0, 405, False, 0
2656,0, 405, False, 0
2657,0, 405, False, 0
2658,0, 405, False, 4
2659,0, 405, False, 4
2660,0, 405, False, 4
2661,0, 405, False, 4
2662,0, 405, False, 4
2663,0, 405, False, 0
2664,0, 405, False, 0
2665,0, 405, False, 0
2666,0, 405, False, 0
2667,0, 405, False, 0
2668,0, 405, False, 0
2669,0, 405, False, 0
2670,0, 405, False, 0
2671,0, 405, False, 0
2672,0, 405, False, 0
2673,0, 405, False, 0
2674,0, 405, False, 0
2675,0, 405, False, 0
2676,0, 405, False, 0
2677,0, 405, False, 0
2678,0, 405, False, 0
2679,0, 405, False, 0
2680,0, 405, False, 0
2681,0, 405, False, 0
2682,0, 405, False, 0
2683,0, 405, False, 0
2684,0, 405, False, 1
2685,0, 405, False, 1
2686,0, 405, False, 1
2687,0, 405, False, 1
2688,0, 405, False, 0
2689,0, 405, False, 0
2690,30, 435, False, 0
2691,0, 435, False, 0
2692,0, 435, False, 0
2693,0, 435, False, 0
2694,0, 435, False, 3
2695,0, 435, False, 3
2696,0, 435, False, 3
2697,0, 435, False, 3
2698,0, 435, False, 3
2699,0, 435, False, 3
2700,0, 435, False, 3
2701,0, 435, False, 3
2702,0, 435, False, 3
2703,0, 435, False, 3
2704,0, 435, False, 3
2705,0, 435, False, 3
2706,0, 435, False, 3
2707,0, 435, False, 3
2708,0, 435, False, 3
2709,0, 435, False, 3
2710,0, 435, False, 3
2711,0, 435, False, 3
2712,0, 435, False, 3
2713,0, 435, False, 3
2714,0, 435, False, 3
2715,0, 435, False, 3
2716,0, 435, False, 3
2717,0, 435, False, 3
2718,0, 435, False, 3
2719,0, 435, False, 3
2720,0, 435, False, 0
2721,0, 435, False, 0
2722,0, 435, False, 0
2723,0, 435, False, 1
2724,0, 435, False, 1
2725,0, 435, False, 1
2726,0, 435, False, 1
2727,0, 435, False, 0
2728,0, 435, False, 0
2729,0, 435, False, 0
2730,0, 435, False, 0
2731,0, 435, False, 0
2732,0, 435, False, 0
2733,0, 435, False, 0
2734,0, 435, False, 0
2735,0, 435, False, 1
2736,0, 435, False, 1
2737,0, 435, False, 1
2738,0, 435, False, 1
2739,0, 435, False, 1
2740,0, 435, False, 0
2741,0, 435, False, 0
2742,0, 435, False, 0
2743,0, 435, False, 0
2744,0, 435, False, 0
2745,0, 435, False, 0
2746,0, 435, False, 0
2747,0, 435, False, 0
2748,0, 435, False, 0
2749,0, 435, False, 1
2750,0, 435, False, 1
2751,0, 435, False, 1
2752,0, 435, False, 1
2753,0, 435, False, 1
2754,25, 460, False, 1
2755,0, 460, False, 1
2756,0, 460, False, 0
2757,0, 460, False, 0
2758,0, 460, False, 0
2759,0, 460, False, 0
2760,0, 460, False, 0
2761,0, 460, False, 0
2762,0, 460, False, 0
2763,0, 460, False, 1
2764,0, 460, False, 1
2765,0, 460, False, 1
2766,0, 460, False, 1
2767,0, 460, False, 1
2768,0, 460, False, 1
2769,0, 460, False, 0
2770,0, 460, False, 0
2771,0, 460, False, 0
2772,0, 460, False, 0
2773,0, 460, False, 0
2774,0, 460, False, 3
2775,0, 460, False, 3
2776,0, 460, False, 11
2777,0, 460, False, 11
2778,0, 460, False, 11
2779,0, 460, False, 11
2780,0, 460, False, 3
2781,0, 460, False, 3
2782,0, 460, False, 3
2783,0, 460, False, 3
2784,0, 460, False, 3
2785,0, 460, False, 3
2786,0, 460, False, 3
2787,0, 460, False, 3
2788,0, 460, False, 3
2789,0, 460, False, 3
2790,0, 460, False, 3
2791,0, 460, False, 3
2792,0, 460, False, 3
2793,0, 460, False, 3
2794,0, 460, False, 3
2795,0, 460, False, 3
2796,0, 460, False, 3
2797,0, 460, False, 0
2798,0, 460, False, 0
2799,0, 460, False, 0
2800,0, 460, False, 0
2801,0, 460, False, 0
2802,0, 460, False, 4
2803,0, 460, False, 4
2804,0, 460, False, 4
2805,0, 460, False, 4
2806,0, 460, False, 4
2807,0, 460, False, 4
2808,0, 460, False, 4
2809,0, 460, False, 4
2810,0, 460, False, 4
2811,0, 460, False, 4
2812,0, 460, False, 4
2813,0, 460, False, 4
2814,0, 460, False, 4
2815,0, 460, False, 4
2816,0, 460, False, 4
2817,0, 460, False, 4
2818,0, 460, False, 4
2819,0, 460, False, 4
2820,0, 460, False, 4
2821,0, 460, False, 4
2822,0, 460, False, 4
2823,0, 460, False, 4
2824,0, 460, False, 4
2825,0, 460, False, 4
2826,0, 460, False, 4
2827,0, 460, False, 4
2828,0, 460, False, 4
2829,0, 460, False, 4
2830,0, 460, False, 4
2831,0, 460, False, 4
2832,0, 460, False, 4
2833,0, 460, False, 4
2834,0, 460, False, 4
2835,0, 460, False, 4
2836,0, 460, False, 4
2837,0, 460, False, 4
2838,0, 460, False, 4
2839,0, 460, False, 4
2840,0, 460, False, 0
2841,0, 460, False, 0
2842,0, 460, False, 1
2843,0, 460, False, 1
2844,0, 460, False, 1
2845,0, 460, False, 1
2846,0, 460, False, 0
2847,0, 460, False, 0
2848,0, 460, False, 0
2849,0, 460, False, 0
2850,0, 460, False, 0
2851,0, 460, False, 0
2852,0, 460, False, 0
2853,0, 460, False, 1
2854,0, 460, False, 1
2855,0, 460, False, 1
2856,0, 460, False, 1
2857,0, 460, False, 1
2858,0, 460, False, 0
2859,0, 460, False, 0
2860,0, 460, False, 0
2861,0, 460, False, 0
2862,0, 460, False, 0
2863,0, 460, False, 0
2864,0, 460, False, 0
2865,0, 460, False, 0
2866,0, 460, False, 0
2867,0, 460, False, 1
2868,0, 460, False, 1
2869,0, 460, False, 11
2870,0, 460, False, 11
2871,0, 460, False, 3
2872,0, 460, False, 3
2873,0, 460, False, 3
2874,25, 485, False, 3
2875,0, 485, False, 3
2876,0, 485, False, 3
2877,0, 485, False, 3
2878,0, 485, False, 3
2879,0, 485, False, 3
2880,0, 485, False, 3
2881,0, 485, False, 3
2882,0, 485, False, 3
2883,0, 485, False, 3
2884,0, 485, False, 3
2885,0, 485, False, 3
2886,0, 485, False, 3
2887,0, 485, False, 3
2888,0, 485, False, 0
2889,0, 485, False, 0
2890,0, 485, False, 0
2891,0, 485, False, 0
2892,0, 485, False, 0
2893,0, 485, False, 0
2894,0, 485, False, 0
2895,0, 485, False, 0
2896,0, 485, False, 0
2897,0, 485, False, 4
2898,0, 485, False, 4
2899,0, 485, False, 4
2900,0, 485, False, 4
2901,0, 485, False, 4
2902,0, 485, False, 4
2903,0, 485, False, 4
2904,0, 485, False, 4
2905,0, 485, False, 4
2906,0, 485, False, 4
2907,0, 485, False, 4
2908,0, 485, False, 4
2909,0, 485, False, 4
2910,0, 485, False, 4
2911,0, 485, False, 4
2912,0, 485, False, 4
2913,0, 485, False, 4
2914,0, 485, False, 4
2915,0, 485, False, 4
2916,0, 485, False, 4
2917,0, 485, False, 4
2918,0, 485, False, 4
2919,0, 485, False, 4
2920,0, 485, False, 4
2921,0, 485, False, 4
2922,0, 485, False, 4
2923,0, 485, False, 4
2924,0, 485, False, 4
2925,0, 485, False, 4
2926,0, 485, False, 4
2927,0, 485, False, 4
2928,0, 485, False, 4
2929,0, 485, False, 4
2930,0, 485, False, 4
2931,0, 485, False, 4
2932,0, 485, False, 4
2933,0, 485, False, 4
2934,0, 485, False, 4
2935,0, 485, False, 4
2936,0, 485, False, 4
2937,0, 485, False, 4
2938,0, 485, False, 4
2939,0, 485, False, 4
2940,0, 485, False, 4
2941,0, 485, False, 4
2942,0, 485, False, 4
2943,0, 485, False, 4
2944,0, 485, False, 4
2945,0, 485, False, 4
2946,0, 485, False, 4
2947,0, 485, False, 4
2948,0, 485, False, 4
2949,0, 485, False, 4
2950,0, 485, False, 4
2951,0, 485, False, 4
2952,0, 485, False, 4
2953,0, 485, False, 4
2954,0, 485, False, 4
2955,0, 485, False, 0
2956,0, 485, False, 0
2957,0, 485, False, 0
2958,0, 485, False, 0
2959,0, 485, False, 11
2960,0, 485, False, 11
2961,0, 485, False, 11
2962,0, 485, False, 1
2963,0, 485, False, 1
2964,0, 485, False, 1
2965,0, 485, False, 0
2966,0, 485, False, 0
2967,0, 485, False, 0
2968,0, 485, False, 0
2969,0, 485, False, 0
2970,0, 485, False, 0
2971,0, 485, False, 0
2972,0, 485, False, 0
2973,0, 485, False, 0
2974,0, 485, False, 0
2975,0, 485, False, 0
2976,0, 485, False, 0
2977,0, 485, False, 0
2978,0, 485, False, 0
2979,0, 485, False, 0
2980,0, 485, False, 0
2981,0, 485, False, 0
2982,0, 485, False, 0
2983,0, 485, False, 0
2984,0, 485, False, 0
2985,0, 485, False, 0
2986,0, 485, False, 0
2987,0, 485, False, 0
2988,0, 485, False, 0
2989,0, 485, False, 0
2990,0, 485, False, 0
2991,0, 485, False, 0
2992,0, 485, False, 0
2993,0, 485, False, 0
2994,30, 515, False, 0
2995,0, 515, False, 0
2996,0, 515, False, 0
2997,0, 515, False, 3
2998,0, 515, False, 3
2999,0, 515, False, 3
3000,0, 515, False, 3
3001,0, 515, False, 3
3002,0, 515, False, 3
3003,0, 515, False, 3
3004,0, 515, False, 3
3005,0, 515, False, 3
3006,0, 515, False, 3
3007,0, 515, False, 3
3008,0, 515, False, 3
3009,0, 515, False, 3
3010,0, 515, False, 3
3011,0, 515, False, 3
3012,0, 515, False, 3
3013,0, 515, False, 3
3014,0, 515, False, 3
3015,0, 515, False, 3
3016,0, 515, False, 3
3017,0, 515, False, 3
3018,0, 515, False, 3
3019,0, 515, False, 3
3020,0, 515, False, 3
3021,0, 515, False, 3
3022,0, 515, False, 3
3023,0, 515, False, 3
3024,0, 515, False, 0
3025,0, 515, False, 0
3026,0, 515, False, 1
3027,0, 515, False, 1
3028,0, 515, False, 1
3029,0, 515, False, 1
3030,0, 515, False, 1
3031,0, 515, False, 0
3032,0, 515, False, 0
3033,0, 515, False, 0
3034,0, 515, False, 0
3035,0, 515, False, 0
3036,0, 515, False, 0
3037,0, 515, False, 0
3038,0, 515, False, 0
3039,0, 515, False, 0
3040,0, 515, False, 0
3041,0, 515, False, 0
3042,0, 515, False, 0
3043,0, 515, False, 0
3044,0, 515, False, 0
3045,0, 515, False, 3
3046,0, 515, False, 3
3047,0, 515, False, 3
3048,0, 515, False, 3
3049,0, 515, False, 3
3050,0, 515, False, 3
3051,0, 515, False, 3
3052,0, 515, False, 3
3053,0, 515, False, 3
3054,0, 515, False, 3
3055,0, 515, False, 0
3056,0, 515, False, 0
3057,0, 515, False, 0
3058,0, 515, False, 3
3059,0, 515, False, 3
3060,0, 515, False, 3
3061,0, 515, False, 3
3062,0, 515, False, 3
3063,0, 515, False, 3
3064,0, 515, False, 0
3065,0, 515, False, 0
3066,0, 515, False, 0
3067,0, 515, False, 4
3068,0, 515, False, 4
3069,0, 515, False, 4
3070,0, 515, False, 4
3071,0, 515, False, 4
3072,0, 515, False, 4
3073,0, 515, False, 4
3074,0, 515, False, 4
3075,0, 515, False, 4
3076,0, 515, False, 4
3077,0, 515, False, 4
3078,0, 515, False, 4
3079,0, 515, False, 4
3080,0, 515, False, 4
3081,0, 515, False, 4
3082,0, 515, False, 4
3083,0, 515, False, 4
3084,0, 515, False, 4
3085,0, 515, False, 4
3086,0, 515, False, 4
3087,0, 515, False, 4
3088,0, 515, False, 4
3089,0, 515, False, 4
3090,0, 515, False, 4
3091,0, 515, False, 4
3092,0, 515, False, 4
3093,0, 515, False, 4
3094,0, 515, False, 4
3095,0, 515, False, 4
3096,0, 515, False, 4
3097,0, 515, False, 4
3098,0, 515, False, 4
3099,0, 515, False, 4
3100,0, 515, False, 4
3101,0, 515, False, 4
3102,0, 515, False, 4
3103,0, 515, False, 4
3104,0, 515, False, 4
3105,0, 515, False, 4
3106,0, 515, False, 4
3107,0, 515, False, 4
3108,0, 515, False, 4
3109,0, 515, False, 4
3110,0, 515, False, 4
3111,0, 515, False, 4
3112,0, 515, False, 4
3113,0, 515, False, 4
3114,0, 515, False, 4
3115,0, 515, False, 4
3116,0, 515, False, 4
3117,0, 515, False, 4
3118,0, 515, False, 4
3119,0, 515, False, 0
3120,0, 515, False, 0
3121,0, 515, False, 0
3122,0, 515, False, 0
3123,0, 515, False, 1
3124,0, 515, False, 1
3125,0, 515, False, 1
3126,0, 515, False, 1
3127,0, 515, False, 1
3128,0, 515, False, 0
3129,0, 515, False, 0
3130,0, 515, False, 0
3131,0, 515, False, 0
3132,0, 515, False, 0
3133,0, 515, False, 0
3134,0, 515, False, 0
3135,0, 515, False, 0
3136,0, 515, False, 0
3137,0, 515, False, 0
3138,0, 515, False, 0
3139,0, 515, False, 0
3140,0, 515, False, 0
3141,0, 515, False, 0
3142,0, 515, False, 0
3143,0, 515, False, 0
3144,0, 515, False, 0
3145,0, 515, False, 0
3146,0, 515, False, 0
3147,0, 515, False, 0
3148,0, 515, False, 1
3149,0, 515, False, 1
3150,0, 515, False, 1
3151,0, 515, False, 1
3152,0, 515, False, 0
3153,0, 515, False, 0
3154,0, 515, False, 0
3155,0, 515, False, 0
3156,0, 515, False, 0
3157,0, 515, False, 0
3158,0, 515, False, 0
3159,0, 515, False, 0
3160,0, 515, False, 1
3161,0, 515, False, 1
3162,0, 515, False, 1
3163,0, 515, False, 0
3164,0, 515, False, 0
3165,0, 515, False, 0
3166,0, 515, False, 0
3167,0, 515, False, 0
3168,0, 515, False, 0
3169,0, 515, False, 0
3170,0, 515, False, 0
3171,0, 515, False, 4
3172,0, 515, False, 4
3173,0, 515, False, 4
3174,0, 515, False, 4
3175,0, 515, False, 4
3176,0, 515, False, 4
3177,0, 515, False, 4
3178,0, 515, False, 4
3179,0, 515, False, 4
3180,0, 515, False, 4
3181,0, 515, False, 4
3182,0, 515, False, 4
3183,0, 515, False, 4
3184,0, 515, False, 4
3185,0, 515, False, 4
3186,0, 515, False, 4
3187,0, 515, False, 4
3188,0, 515, False, 4
3189,0, 515, False, 4
3190,0, 515, False, 4
3191,0, 515, False, 4
3192,0, 515, False, 4
3193,0, 515, False, 4
3194,0, 515, False, 4
3195,0, 515, False, 4
3196,0, 515, False, 4
3197,0, 515, False, 4
3198,0, 515, False, 4
3199,0, 515, False, 4
3200,0, 515, False, 4
3201,0, 515, False, 4
3202,0, 515, False, 4
3203,0, 515, False, 4
3204,0, 515, False, 4
3205,0, 515, False, 4
3206,0, 515, False, 4
3207,0, 515, False, 4
3208,0, 515, False, 4
3209,0, 515, False, 4
3210,0, 515, False, 4
3211,0, 515, False, 4
3212,0, 515, False, 4
3213,0, 515, False, 4
3214,0, 515, False, 4
3215,0, 515, False, 4
3216,0, 515, False, 4
3217,0, 515, False, 4
3218,0, 515, False, 4
3219,0, 515, False, 4
3220,0, 515, False, 4
3221,0, 515, False, 4
3222,0, 515, False, 4
3223,0, 515, False, 12
3224,0, 515, False, 1
3225,0, 515, False, 1
3226,0, 515, False, 1
3227,0, 515, False, 1
3228,0, 515, False, 0
3229,0, 515, False, 0
3230,0, 515, False, 0
3231,0, 515, False, 0
3232,0, 515, False, 0
3233,0, 515, False, 1
3234,0, 515, False, 1
3235,0, 515, False, 1
3236,0, 515, False, 1
3237,0, 515, False, 1
3238,0, 515, False, 0
3239,0, 515, False, 0
3240,0, 515, False, 0
3241,0, 515, False, 0
3242,0, 515, False, 0
3243,0, 515, False, 0
3244,0, 515, False, 3
3245,0, 515, False, 3
3246,0, 515, False, 3
3247,0, 515, False, 3
3248,0, 515, False, 3
3249,0, 515, False, 3
3250,0, 515, False, 3
3251,0, 515, False, 3
3252,0, 515, False, 3
3253,0, 515, False, 3
3254,0, 515, False, 3
3255,0, 515, False, 3
3256,0, 515, False, 3
3257,0, 515, False, 3
3258,0, 515, False, 3
3259,0, 515, False, 3
3260,0, 515, False, 3
3261,0, 515, False, 3
3262,0, 515, False, 3
3263,0, 515, False, 3
3264,0, 515, False, 3
3265,0, 515, False, 3
3266,0, 515, False, 3
3267,0, 515, False, 3
3268,0, 515, False, 3
3269,0, 515, False, 3
3270,0, 515, False, 3
3271,0, 515, False, 3
3272,0, 515, False, 0
3273,0, 515, False, 3
3274,0, 515, False, 3
3275,0, 515, False, 3
3276,0, 515, False, 3
3277,0, 515, False, 3
3278,0, 515, False, 3
3279,0, 515, False, 3
3280,0, 515, False, 3
3281,0, 515, False, 3
3282,0, 515, False, 3
3283,0, 515, False, 3
3284,0, 515, False, 3
3285,0, 515, False, 3
3286,0, 515, False, 3
3287,0, 515, False, 3
3288,0, 515, False, 3
3289,0, 515, False, 3
3290,0, 515, False, 3
3291,0, 515, False, 0
3292,0, 515, False, 0
3293,0, 515, False, 0
3294,0, 515, False, 4
3295,0, 515, False, 4
3296,0, 515, False, 4
3297,0, 515, False, 4
3298,0, 515, False, 4
3299,0, 515, False, 4
3300,0, 515, False, 4
3301,0, 515, False, 4
3302,0, 515, False, 4
3303,0, 515, False, 4
3304,0, 515, False, 4
3305,0, 515, False, 4
3306,0, 515, False, 4
3307,0, 515, False, 4
3308,0, 515, False, 4
3309,0, 515, False, 4
3310,0, 515, False, 4
3311,0, 515, False, 4
3312,0, 515, False, 4
3313,0, 515, False, 4
3314,0, 515, False, 4
3315,0, 515, False, 4
3316,0, 515, False, 4
3317,0, 515, False, 4
3318,0, 515, False, 4
3319,0, 515, False, 4
3320,0, 515, False, 4
3321,0, 515, False, 4
3322,0, 515, False, 4
3323,0, 515, False, 4
3324,0, 515, False, 4
3325,0, 515, False, 4
3326,0, 515, False, 4
3327,0, 515, False, 4
3328,0, 515, False, 4
3329,0, 515, False, 0
3330,0, 515, False, 0
3331,0, 515, False, 0
3332,0, 515, False, 0
3333,0, 515, False, 0
3334,0, 515, False, 1
3335,0, 515, False, 1
3336,0, 515, False, 1
3337,0, 515, False, 1
3338,0, 515, False, 1
3339,0, 515, False, 0
3340,0, 515, False, 0
3341,0, 515, False, 0
3342,0, 515, False, 0
3343,0, 515, False, 0
3344,0, 515, False, 0
3345,0, 515, False, 1
3346,0, 515, False, 1
3347,0, 515, False, 1
3348,25, 540, False, 1
3349,0, 540, False, 1
3350,0, 540, False, 0
3351,0, 540, False, 0
3352,0, 540, False, 0
3353,0, 540, False, 0
3354,0, 540, False, 0
3355,0, 540, False, 1
3356,0, 540, False, 1
3357,0, 540, False, 1
3358,0, 540, False, 1
3359,0, 540, False, 1
3360,0, 540, False, 0
3361,0, 540, False, 0
3362,0, 540, False, 0
3363,0, 540, False, 0
3364,0, 540, False, 0
3365,0, 540, False, 0
3366,0, 540, False, 1
3367,0, 540, False, 1
3368,0, 540, False, 1
3369,0, 540, False, 1
3370,0, 540, False, 1
3371,0, 540, False, 0
3372,0, 540, False, 0
3373,0, 540, False, 3
3374,0, 540, False, 3
3375,0, 540, False, 3
3376,0, 540, False, 3
3377,0, 540, False, 3
3378,0, 540, False, 3
3379,0, 540, False, 3
3380,0, 540, False, 3
3381,0, 540, False, 3
3382,0, 540, False, 3
3383,0, 540, False, 3
3384,0, 540, False, 3
3385,0, 540, False, 3
3386,0, 540, False, 3
3387,0, 540, False, 3
3388,0, 540, False, 3
3389,0, 540, False, 3
3390,0, 540, False, 3
3391,0, 540, False, 3
3392,0, 540, False, 3
3393,0, 540, False, 3
3394,0, 540, False, 3
3395,0, 540, False, 3
3396,0, 540, False, 3
3397,0, 540, False, 3
3398,0, 540, False, 3
3399,0, 540, False, 3
3400,0, 540, False, 3
3401,0, 540, False, 3
3402,0, 540, False, 3
3403,0, 540, False, 3
3404,0, 540, False, 3
3405,0, 540, False, 0
3406,0, 540, False, 0
3407,0, 540, False, 0
3408,0, 540, False, 0
3409,0, 540, False, 0
3410,0, 540, False, 0
3411,0, 540, False, 0
3412,0, 540, False, 0
3413,0, 540, False, 0
3414,0, 540, False, 0
3415,0, 540, False, 0
3416,0, 540, False, 0
3417,0, 540, False, 0
3418,0, 540, False, 0
3419,0, 540, False, 0
3420,0, 540, False, 0
3421,0, 540, False, 0
3422,0, 540, False, 0
3423,0, 540, False, 0
3424,0, 540, False, 0
3425,0, 540, False, 0
3426,0, 540, False, 0
3427,0, 540, False, 0
3428,0, 540, False, 0
3429,0, 540, False, 0
3430,0, 540, False, 0
3431,0, 540, False, 0
3432,0, 540, False, 0
3433,0, 540, False, 0
3434,0, 540, False, 0
3435,0, 540, False, 0
3436,0, 540, False, 0
3437,0, 540, False, 0
3438,0, 540, False, 0
3439,0, 540, False, 0
3440,0, 540, False, 0
3441,0, 540, False, 0
3442,0, 540, False, 0
3443,0, 540, False, 0
3444,0, 540, False, 0
3445,0, 540, False, 0
3446,0, 540, False, 0
3447,0, 540, False, 0
3448,0, 540, False, 0
3449,0, 540, False, 0
3450,0, 540, False, 0
3451,0, 540, False, 0
3452,0, 540, False, 0
3453,0, 540, False, 0
3454,0, 540, False, 0
3455,0, 540, False, 0
3456,0, 540, False, 0
3457,0, 540, False, 0
3458,0, 540, False, 0
3459,0, 540, False, 0
3460,0, 540, False, 0
3461,0, 540, False, 0
3462,0, 540, False, 0
3463,0, 540, False, 0
3464,0, 540, False, 0
3465,0, 540, False, 0
3466,0, 540, False, 0
3467,0, 540, False, 0
3468,0, 540, False, 0
3469,0, 540, False, 0
3470,0, 540, False, 0
3471,0, 540, False, 0
3472,0, 540, False, 0
3473,0, 540, False, 0
3474,0, 540, False, 0
3475,0, 540, False, 0
3476,0, 540, False, 0
3477,0, 540, False, 0
3478,0, 540, False, 0
3479,0, 540, False, 0
3480,0, 540, False, 0
3481,0, 540, False, 0
3482,0, 540, False, 0
3483,0, 540, False, 0
3484,0, 540, False, 0
3485,0, 540, False, 0
3486,0, 540, False, 0
3487,0, 540, False, 0
3488,0, 540, False, 0
3489,0, 540, False, 0
3490,0, 540, False, 0
3491,0, 540, False, 0
3492,0, 540, False, 0
3493,0, 540, False, 0
3494,0, 540, False, 0
3495,0, 540, False, 0
3496,0, 540, False, 0
3497,0, 540, False, 0
3498,0, 540, False, 0
3499,0, 540, False, 0
3500,0, 540, False, 0
3501,0, 540, False, 0
3502,0, 540, False, 0
3503,0, 540, False, 0
3504,0, 540, False, 0
3505,0, 540, False, 0
3506,0, 540, False, 0
3507,0, 540, False, 0
3508,0, 540, False, 0
3509,0, 540, False, 0
3510,0, 540, False, 0
3511,0, 540, False, 0
3512,0, 540, False, 0
3513,0, 540, False, 0
3514,0, 540, False, 0
3515,0, 540, False, 0
3516,0, 540, False, 0
3517,0, 540, False, 0
3518,0, 540, False, 0
3519,0, 540, False, 0
3520,0, 540, False, 0
3521,0, 540, False, 0
3522,0, 540, False, 0
3523,0, 540, False, 0
3524,0, 540, False, 4
3525,0, 540, False, 4
3526,0, 540, False, 4
3527,0, 540, False, 4
3528,0, 540, False, 0
3529,0, 540, False, 0
3530,0, 540, False, 0
3531,0, 540, False, 0
3532,0, 540, False, 0
3533,0, 540, False, 0
3534,0, 540, False, 0
3535,0, 540, False, 3
3536,0, 540, False, 3
3537,0, 540, False, 3
3538,0, 540, False, 3
3539,0, 540, False, 3
3540,0, 540, False, 0
3541,0, 540, False, 0
3542,0, 540, False, 0
3543,0, 540, False, 0
3544,0, 540, False, 0
3545,0, 540, False, 0
3546,0, 540, False, 0
3547,0, 540, False, 0
3548,0, 540, False, 0
3549,0, 540, False, 0
3550,0, 540, False, 3
3551,0, 540, False, 3
3552,0, 540, False, 3
3553,0, 540, False, 3
3554,0, 540, False, 3
3555,0, 540, False, 0
3556,0, 540, False, 0
3557,0, 540, False, 0
3558,0, 540, False, 0
3559,0, 540, False, 0
3560,0, 540, False, 0
3561,0, 540, False, 0
3562,0, 540, False, 0
3563,0, 540, False, 0
3564,0, 540, False, 0
3565,0, 540, False, 0
3566,0, 540, False, 0
3567,0, 540, False, 0
3568,0, 540, False, 0
3569,0, 540, False, 0
3570,0, 540, False, 0
3571,0, 540, False, 0
3572,0, 540, False, 0
3573,0, 540, False, 0
3574,0, 540, False, 3
3575,0, 540, False, 3
3576,0, 540, False, 3
3577,0, 540, False, 3
3578,0, 540, False, 0
3579,0, 540, False, 0
3580,0, 540, False, 0
3581,0, 540, False, 0
3582,0, 540, False, 0
3583,0, 540, False, 0
3584,0, 540, False, 0
3585,0, 540, False, 3
3586,0, 540, False, 3
3587,0, 540, False, 0
3588,0, 540, False, 0
3589,0, 540, False, 0
3590,0, 540, False, 1
3591,0, 540, False, 1
3592,0, 540, False, 1
3593,0, 540, False, 1
3594,0, 540, False, 1
3595,0, 540, False, 0
3596,0, 540, False, 0
3597,0, 540, False, 0
3598,0, 540, False, 0
3599,0, 540, False, 0
3600,0, 540, False, 0
3601,0, 540, False, 0
3602,0, 540, False, 0
3603,0, 540, False, 1
3604,0, 540, False, 1
3605,0, 540, False, 1
3606,0, 540, False, 1
3607,0, 540, False, 1
3608,0, 540, False, 1
3609,0, 540, False, 0
3610,0, 540, False, 0
3611,0, 540, False, 0
3612,0, 540, False, 0
3613,0, 540, False, 0
3614,0, 540, False, 0
3615,0, 540, False, 0
3616,0, 540, False, 0
3617,0, 540, False, 0
3618,0, 540, False, 0
3619,0, 540, False, 0
3620,0, 540, False, 0
3621,0, 540, False, 0
3622,0, 540, False, 0
3623,0, 540, False, 0
3624,0, 540, False, 0
3625,0, 540, False, 0
3626,0, 540, False, 0
3627,0, 540, False, 0
3628,0, 540, False, 0
3629,0, 540, False, 0
3630,0, 540, False, 0
3631,0, 540, False, 0
3632,0, 540, False, 0
3633,0, 540, False, 3
3634,0, 540, False, 3
3635,0, 540, False, 3
3636,0, 540, False, 3
3637,0, 540, False, 3
3638,0, 540, False, 3
3639,0, 540, False, 3
3640,0, 540, False, 3
3641,0, 540, False, 3
3642,0, 540, False, 3
3643,0, 540, False, 3
3644,0, 540, False, 3
3645,0, 540, False, 3
3646,0, 540, False, 3
3647,0, 540, False, 3
3648,0, 540, False, 3
3649,0, 540, False, 3
3650,0, 540, False, 3
3651,0, 540, False, 3
3652,0, 540, False, 3
3653,0, 540, False, 3
3654,0, 540, False, 3
3655,0, 540, False, 3
3656,0, 540, False, 3
3657,0, 540, False, 3
3658,0, 540, False, 0
3659,0, 540, False, 0
3660,0, 540, False, 0
3661,0, 540, False, 0
3662,0, 540, False, 0
3663,0, 540, False, 0
3664,0, 540, False, 0
3665,0, 540, False, 0
3666,0, 540, False, 0
3667,0, 540, False, 4
3668,0, 540, False, 4
3669,0, 540, False, 4
3670,0, 540, False, 4
3671,0, 540, False, 4
3672,0, 540, False, 4
3673,0, 540, False, 4
3674,0, 540, False, 4
3675,0, 540, False, 4
3676,0, 540, False, 4
3677,0, 540, False, 0
3678,0, 540, False, 0
3679,0, 540, False, 0
3680,0, 540, False, 0
3681,0, 540, False, 0
3682,0, 540, False, 0
3683,0, 540, False, 1
3684,0, 540, False, 1
3685,0, 540, False, 1
3686,0, 540, False, 1
3687,0, 540, False, 1
3688,0, 540, False, 1
3689,0, 540, False, 0
3690,0, 540, False, 0
3691,0, 540, False, 0
3692,30, 570, False, 0
3693,0, 570, False, 0
3694,0, 570, False, 0
3695,0, 570, False, 1
3696,0, 570, False, 1
3697,0, 570, False, 1
3698,0, 570, False, 1
3699,0, 570, False, 1
3700,0, 570, False, 0
3701,0, 570, False, 0
3702,0, 570, False, 0
3703,0, 570, False, 3
3704,0, 570, False, 3
3705,0, 570, False, 3
3706,0, 570, False, 3
3707,0, 570, False, 3
3708,0, 570, False, 3
3709,0, 570, False, 3
3710,0, 570, False, 3
3711,0, 570, False, 3
3712,0, 570, False, 3
3713,0, 570, False, 3
3714,0, 570, False, 3
3715,0, 570, False, 3
3716,0, 570, False, 3
3717,0, 570, False, 3
3718,0, 570, False, 3
3719,0, 570, False, 3
3720,0, 570, False, 3
3721,0, 570, False, 3
3722,0, 570, False, 3
3723,0, 570, False, 3
3724,0, 570, False, 3
3725,0, 570, False, 3
3726,0, 570, False, 3
3727,0, 570, False, 3
3728,0, 570, False, 3
3729,0, 570, False, 3
3730,0, 570, False, 3
3731,0, 570, False, 3
3732,0, 570, False, 3
3733,0, 570, False, 3
3734,0, 570, False, 3
3735,0, 570, False, 3
3736,0, 570, False, 3
3737,0, 570, False, 3
3738,0, 570, False, 3
3739,0, 570, False, 3
3740,0, 570, False, 3
3741,0, 570, False, 3
3742,0, 570, False, 3
3743,0, 570, False, 3
3744,0, 570, False, 3
3745,0, 570, False, 3
3746,0, 570, False, 3
3747,0, 570, False, 3
3748,0, 570, False, 3
3749,0, 570, False, 3
3750,0, 570, False, 3
3751,0, 570, False, 3
3752,0, 570, False, 3
3753,0, 570, False, 3
3754,0, 570, False, 3
3755,0, 570, False, 3
3756,0, 570, False, 3
3757,0, 570, False, 3
3758,0, 570, False, 3
3759,0, 570, False, 3
3760,0, 570, False, 0
3761,0, 570, False, 0
3762,0, 570, False, 1
3763,0, 570, False, 1
3764,0, 570, False, 1
3765,0, 570, False, 1
3766,0, 570, False, 0
3767,0, 570, False, 0
3768,0, 570, False, 0
3769,0, 570, False, 0
3770,0, 570, False, 0
3771,0, 570, False, 1
3772,0, 570, False, 1
3773,0, 570, False, 1
3774,0, 570, False, 1
3775,0, 570, False, 1
3776,0, 570, False, 0
3777,0, 570, False, 0
3778,0, 570, False, 0
3779,0, 570, False, 0
3780,0, 570, False, 0
3781,0, 570, False, 1
3782,0, 570, False, 1
3783,0, 570, False, 1
3784,0, 570, False, 1
3785,0, 570, False, 1
3786,0, 570, False, 1
3787,0, 570, False, 0
3788,0, 570, False, 0
3789,0, 570, False, 0
3790,0, 570, False, 0
3791,0, 570, False, 1
3792,0, 570, False, 1
3793,0, 570, False, 1
3794,0, 570, False, 1
3795,0, 570, False, 1
3796,0, 570, False, 1
3797,0, 570, False, 0
3798,0, 570, False, 0
3799,0, 570, False, 0
3800,0, 570, False, 0
3801,0, 570, False, 0
3802,0, 570, False, 1
3803,0, 570, False, 1
3804,0, 570, False, 1
3805,0, 570, False, 1
3806,0, 570, False, 1
3807,0, 570, False, 0
3808,0, 570, False, 0
3809,0, 570, False, 0
3810,0, 570, False, 0
3811,0, 570, False, 0
3812,0, 570, False, 1
3813,0, 570, False, 1
3814,0, 570, False, 1
3815,0, 570, False, 1
3816,0, 570, False, 1
3817,0, 570, False, 0
3818,0, 570, False, 0
3819,0, 570, False, 0
3820,0, 570, False, 0
3821,0, 570, False, 0
3822,0, 570, False, 0
3823,0, 570, False, 1
3824,0, 570, False, 1
3825,0, 570, False, 11
3826,0, 570, False, 11
3827,0, 570, False, 11
3828,0, 570, False, 11
3829,0, 570, False, 3
3830,0, 570, False, 3
3831,0, 570, False, 3
3832,0, 570, False, 3
3833,0, 570, False, 3
3834,0, 570, False, 3
3835,0, 570, False, 3
3836,0, 570, False, 3
3837,0, 570, False, 3
3838,0, 570, False, 0
3839,0, 570, False, 0
3840,0, 570, False, 0
3841,0, 570, False, 0
3842,0, 570, False, 4
3843,0, 570, False, 4
3844,0, 570, False, 4
3845,0, 570, False, 4
3846,0, 570, False, 4
3847,0, 570, False, 4
3848,0, 570, False, 4
3849,0, 570, False, 4
3850,0, 570, False, 4
3851,0, 570, False, 4
3852,0, 570, False, 4
3853,0, 570, False, 4
3854,0, 570, False, 4
3855,0, 570, False, 4
3856,0, 570, False, 4
3857,0, 570, False, 4
3858,0, 570, False, 4
3859,0, 570, True, 4
