db traj id : 2188
frame,reward,score,terminal, action
0,0, 0, False, 0
1,0, 0, False, 0
2,0, 0, False, 0
3,0, 0, False, 0
4,0, 0, False, 0
5,0, 0, False, 0
6,0, 0, False, 0
7,0, 0, False, 0
8,0, 0, False, 0
9,0, 0, False, 0
10,0, 0, False, 0
11,0, 0, False, 0
12,0, 0, False, 0
13,0, 0, False, 0
14,0, 0, False, 0
15,0, 0, False, 0
16,0, 0, False, 0
17,0, 0, False, 0
18,0, 0, False, 0
19,0, 0, False, 0
20,0, 0, False, 0
21,0, 0, False, 0
22,0, 0, False, 0
23,0, 0, False, 0
24,0, 0, False, 0
25,0, 0, False, 0
26,0, 0, False, 0
27,0, 0, False, 4
28,0, 0, False, 4
29,0, 0, False, 4
30,0, 0, False, 4
31,0, 0, False, 4
32,0, 0, False, 4
33,0, 0, False, 4
34,0, 0, False, 4
35,0, 0, False, 4
36,0, 0, False, 4
37,0, 0, False, 4
38,0, 0, False, 4
39,0, 0, False, 0
40,0, 0, False, 0
41,0, 0, False, 0
42,0, 0, False, 0
43,0, 0, False, 0
44,0, 0, False, 0
45,0, 0, False, 0
46,0, 0, False, 0
47,0, 0, False, 0
48,0, 0, False, 0
49,0, 0, False, 0
50,0, 0, False, 3
51,0, 0, False, 3
52,0, 0, False, 3
53,0, 0, False, 3
54,0, 0, False, 3
55,0, 0, False, 3
56,0, 0, False, 3
57,0, 0, False, 3
58,0, 0, False, 3
59,0, 0, False, 3
60,0, 0, False, 3
61,0, 0, False, 3
62,0, 0, False, 3
63,0, 0, False, 3
64,0, 0, False, 3
65,0, 0, False, 0
66,0, 0, False, 0
67,0, 0, False, 0
68,0, 0, False, 0
69,0, 0, False, 0
70,0, 0, False, 0
71,0, 0, False, 0
72,0, 0, False, 0
73,0, 0, False, 0
74,0, 0, False, 0
75,0, 0, False, 0
76,0, 0, False, 0
77,0, 0, False, 0
78,0, 0, False, 0
79,0, 0, False, 0
80,0, 0, False, 0
81,0, 0, False, 0
82,0, 0, False, 0
83,0, 0, False, 0
84,0, 0, False, 0
85,0, 0, False, 0
86,0, 0, False, 0
87,0, 0, False, 0
88,0, 0, False, 0
89,0, 0, False, 0
90,0, 0, False, 0
91,0, 0, False, 0
92,0, 0, False, 0
93,0, 0, False, 0
94,0, 0, False, 0
95,0, 0, False, 0
96,0, 0, False, 0
97,0, 0, False, 0
98,0, 0, False, 0
99,0, 0, False, 0
100,0, 0, False, 0
101,0, 0, False, 0
102,0, 0, False, 0
103,0, 0, False, 0
104,0, 0, False, 0
105,0, 0, False, 0
106,0, 0, False, 0
107,0, 0, False, 0
108,0, 0, False, 0
109,0, 0, False, 0
110,0, 0, False, 0
111,0, 0, False, 0
112,0, 0, False, 0
113,0, 0, False, 0
114,0, 0, False, 0
115,0, 0, False, 0
116,0, 0, False, 0
117,0, 0, False, 0
118,0, 0, False, 0
119,0, 0, False, 0
120,0, 0, False, 0
121,0, 0, False, 0
122,0, 0, False, 0
123,0, 0, False, 0
124,0, 0, False, 0
125,0, 0, False, 0
126,0, 0, False, 0
127,0, 0, False, 0
128,0, 0, False, 0
129,0, 0, False, 0
130,0, 0, False, 0
131,0, 0, False, 0
132,0, 0, False, 0
133,0, 0, False, 0
134,0, 0, False, 0
135,0, 0, False, 0
136,0, 0, False, 0
137,0, 0, False, 0
138,0, 0, False, 0
139,0, 0, False, 0
140,0, 0, False, 0
141,0, 0, False, 0
142,0, 0, False, 0
143,0, 0, False, 0
144,0, 0, False, 0
145,0, 0, False, 0
146,0, 0, False, 0
147,0, 0, False, 0
148,0, 0, False, 0
149,0, 0, False, 0
150,0, 0, False, 0
151,0, 0, False, 0
152,0, 0, False, 0
153,0, 0, False, 0
154,0, 0, False, 0
155,0, 0, False, 0
156,0, 0, False, 0
157,0, 0, False, 0
158,0, 0, False, 0
159,0, 0, False, 0
160,0, 0, False, 0
161,0, 0, False, 0
162,0, 0, False, 0
163,0, 0, False, 0
164,0, 0, False, 0
165,0, 0, False, 3
166,0, 0, False, 3
167,0, 0, False, 3
168,0, 0, False, 3
169,0, 0, False, 3
170,0, 0, False, 3
171,0, 0, False, 3
172,0, 0, False, 3
173,0, 0, False, 3
174,0, 0, False, 3
175,0, 0, False, 3
176,0, 0, False, 3
177,0, 0, False, 3
178,0, 0, False, 3
179,0, 0, False, 3
180,0, 0, False, 3
181,0, 0, False, 3
182,0, 0, False, 3
183,0, 0, False, 0
184,0, 0, False, 0
185,0, 0, False, 0
186,0, 0, False, 0
187,0, 0, False, 0
188,0, 0, False, 0
189,0, 0, False, 0
190,0, 0, False, 0
191,0, 0, False, 0
192,0, 0, False, 3
193,0, 0, False, 3
194,0, 0, False, 3
195,0, 0, False, 3
196,0, 0, False, 3
197,0, 0, False, 0
198,0, 0, False, 0
199,0, 0, False, 0
200,0, 0, False, 0
201,0, 0, False, 0
202,0, 0, False, 0
203,0, 0, False, 0
204,0, 0, False, 0
205,0, 0, False, 0
206,0, 0, False, 0
207,0, 0, False, 0
208,0, 0, False, 0
209,0, 0, False, 0
210,0, 0, False, 0
211,0, 0, False, 0
212,0, 0, False, 0
213,0, 0, False, 0
214,0, 0, False, 0
215,0, 0, False, 0
216,0, 0, False, 0
217,0, 0, False, 0
218,0, 0, False, 3
219,0, 0, False, 3
220,0, 0, False, 3
221,0, 0, False, 3
222,0, 0, False, 3
223,0, 0, False, 3
224,0, 0, False, 3
225,0, 0, False, 3
226,0, 0, False, 3
227,0, 0, False, 3
228,0, 0, False, 3
229,0, 0, False, 3
230,0, 0, False, 3
231,0, 0, False, 3
232,0, 0, False, 3
233,0, 0, False, 0
234,0, 0, False, 1
235,0, 0, False, 1
236,0, 0, False, 1
237,0, 0, False, 1
238,0, 0, False, 1
239,0, 0, False, 1
240,0, 0, False, 1
241,0, 0, False, 1
242,0, 0, False, 1
243,0, 0, False, 1
244,0, 0, False, 1
245,0, 0, False, 1
246,0, 0, False, 1
247,0, 0, False, 1
248,0, 0, False, 1
249,0, 0, False, 1
250,0, 0, False, 1
251,0, 0, False, 1
252,0, 0, False, 1
253,0, 0, False, 1
254,0, 0, False, 1
255,0, 0, False, 1
256,0, 0, False, 12
257,0, 0, False, 12
258,0, 0, False, 12
259,0, 0, False, 12
260,0, 0, False, 12
261,0, 0, False, 12
262,0, 0, False, 12
263,0, 0, False, 12
264,0, 0, False, 12
265,0, 0, False, 12
266,0, 0, False, 4
267,0, 0, False, 4
268,0, 0, False, 0
269,0, 0, False, 0
270,0, 0, False, 0
271,0, 0, False, 0
272,0, 0, False, 0
273,0, 0, False, 0
274,0, 0, False, 0
275,0, 0, False, 0
276,0, 0, False, 0
277,0, 0, False, 0
278,0, 0, False, 0
279,0, 0, False, 0
280,0, 0, False, 0
281,0, 0, False, 0
282,0, 0, False, 0
283,0, 0, False, 0
284,0, 0, False, 0
285,0, 0, False, 0
286,0, 0, False, 0
287,0, 0, False, 0
288,0, 0, False, 0
289,0, 0, False, 0
290,0, 0, False, 3
291,0, 0, False, 3
292,0, 0, False, 3
293,0, 0, False, 3
294,0, 0, False, 3
295,0, 0, False, 3
296,0, 0, False, 3
297,0, 0, False, 3
298,0, 0, False, 3
299,0, 0, False, 0
300,0, 0, False, 0
301,0, 0, False, 1
302,0, 0, False, 1
303,0, 0, False, 1
304,0, 0, False, 1
305,0, 0, False, 1
306,0, 0, False, 1
307,0, 0, False, 1
308,0, 0, False, 1
309,0, 0, False, 1
310,0, 0, False, 1
311,0, 0, False, 1
312,0, 0, False, 1
313,0, 0, False, 1
314,0, 0, False, 1
315,0, 0, False, 1
316,0, 0, False, 0
317,0, 0, False, 0
318,0, 0, False, 0
319,0, 0, False, 0
320,0, 0, False, 0
321,0, 0, False, 3
322,0, 0, False, 3
323,0, 0, False, 3
324,0, 0, False, 3
325,0, 0, False, 3
326,0, 0, False, 3
327,0, 0, False, 3
328,0, 0, False, 3
329,0, 0, False, 3
330,0, 0, False, 3
331,0, 0, False, 0
332,0, 0, False, 1
333,0, 0, False, 1
334,0, 0, False, 1
335,0, 0, False, 1
336,0, 0, False, 1
337,0, 0, False, 1
338,0, 0, False, 1
339,0, 0, False, 1
340,0, 0, False, 0
341,0, 0, False, 0
342,0, 0, False, 0
343,0, 0, False, 0
344,0, 0, False, 0
345,0, 0, False, 0
346,0, 0, False, 3
347,0, 0, False, 3
348,0, 0, False, 3
349,0, 0, False, 3
350,0, 0, False, 3
351,0, 0, False, 3
352,0, 0, False, 3
353,0, 0, False, 11
354,0, 0, False, 11
355,0, 0, False, 11
356,0, 0, False, 1
357,0, 0, False, 1
358,5, 5, False, 1
359,0, 5, False, 1
360,0, 5, False, 1
361,0, 5, False, 1
362,0, 5, False, 1
363,0, 5, False, 1
364,0, 5, False, 0
365,0, 5, False, 0
366,0, 5, False, 0
367,0, 5, False, 0
368,0, 5, False, 0
369,0, 5, False, 0
370,0, 5, False, 0
371,0, 5, False, 0
372,0, 5, False, 0
373,0, 5, False, 0
374,0, 5, False, 0
375,0, 5, False, 0
376,0, 5, False, 0
377,0, 5, False, 0
378,0, 5, False, 0
379,0, 5, False, 0
380,0, 5, False, 0
381,0, 5, False, 0
382,0, 5, False, 0
383,0, 5, False, 0
384,0, 5, False, 0
385,0, 5, False, 0
386,0, 5, False, 0
387,0, 5, False, 0
388,0, 5, False, 0
389,0, 5, False, 0
390,0, 5, False, 0
391,0, 5, False, 0
392,10, 15, False, 1
393,0, 15, False, 1
394,0, 15, False, 1
395,0, 15, False, 1
396,0, 15, False, 1
397,0, 15, False, 1
398,0, 15, False, 1
399,0, 15, False, 1
400,0, 15, False, 1
401,0, 15, False, 1
402,0, 15, False, 0
403,0, 15, False, 0
404,0, 15, False, 4
405,0, 15, False, 4
406,0, 15, False, 4
407,0, 15, False, 0
408,0, 15, False, 0
409,0, 15, False, 0
410,0, 15, False, 0
411,0, 15, False, 0
412,0, 15, False, 0
413,0, 15, False, 0
414,0, 15, False, 0
415,0, 15, False, 1
416,0, 15, False, 1
417,0, 15, False, 1
418,0, 15, False, 1
419,0, 15, False, 1
420,0, 15, False, 1
421,0, 15, False, 1
422,0, 15, False, 1
423,0, 15, False, 1
424,0, 15, False, 1
425,0, 15, False, 1
426,0, 15, False, 1
427,0, 15, False, 0
428,0, 15, False, 0
429,0, 15, False, 0
430,0, 15, False, 0
431,0, 15, False, 0
432,0, 15, False, 0
433,0, 15, False, 0
434,0, 15, False, 0
435,0, 15, False, 0
436,0, 15, False, 0
437,0, 15, False, 0
438,15, 30, False, 0
439,0, 30, False, 0
440,0, 30, False, 3
441,0, 30, False, 3
442,0, 30, False, 3
443,0, 30, False, 3
444,0, 30, False, 3
445,0, 30, False, 3
446,0, 30, False, 3
447,0, 30, False, 3
448,0, 30, False, 3
449,0, 30, False, 3
450,0, 30, False, 0
451,0, 30, False, 1
452,0, 30, False, 1
453,0, 30, False, 1
454,0, 30, False, 1
455,0, 30, False, 1
456,0, 30, False, 1
457,0, 30, False, 1
458,0, 30, False, 1
459,0, 30, False, 0
460,0, 30, False, 0
461,0, 30, False, 0
462,0, 30, False, 0
463,0, 30, False, 0
464,0, 30, False, 0
465,0, 30, False, 0
466,0, 30, False, 0
467,0, 30, False, 0
468,0, 30, False, 0
469,0, 30, False, 0
470,0, 30, False, 0
471,0, 30, False, 0
472,0, 30, False, 0
473,0, 30, False, 0
474,0, 30, False, 0
475,0, 30, False, 0
476,0, 30, False, 0
477,0, 30, False, 0
478,0, 30, False, 0
479,0, 30, False, 1
480,0, 30, False, 1
481,0, 30, False, 1
482,0, 30, False, 11
483,0, 30, False, 11
484,0, 30, False, 11
485,0, 30, False, 11
486,0, 30, False, 3
487,0, 30, False, 0
488,0, 30, False, 0
489,0, 30, False, 0
490,0, 30, False, 0
491,0, 30, False, 0
492,0, 30, False, 0
493,0, 30, False, 0
494,0, 30, False, 0
495,0, 30, False, 0
496,0, 30, False, 0
497,0, 30, False, 0
498,0, 30, False, 0
499,0, 30, False, 0
500,0, 30, False, 0
501,0, 30, False, 0
502,0, 30, False, 0
503,0, 30, False, 0
504,20, 50, False, 0
505,0, 50, False, 0
506,0, 50, False, 0
507,0, 50, False, 0
508,0, 50, False, 0
509,0, 50, False, 0
510,0, 50, False, 0
511,0, 50, False, 0
512,0, 50, False, 0
513,0, 50, False, 0
514,0, 50, False, 0
515,0, 50, False, 3
516,0, 50, False, 3
517,0, 50, False, 3
518,0, 50, False, 3
519,0, 50, False, 3
520,0, 50, False, 3
521,0, 50, False, 3
522,0, 50, False, 0
523,0, 50, False, 0
524,0, 50, False, 0
525,0, 50, False, 0
526,0, 50, False, 0
527,0, 50, False, 0
528,0, 50, False, 0
529,0, 50, False, 0
530,0, 50, False, 0
531,0, 50, False, 0
532,0, 50, False, 0
533,0, 50, False, 0
534,0, 50, False, 0
535,0, 50, False, 0
536,0, 50, False, 0
537,0, 50, False, 4
538,0, 50, False, 4
539,0, 50, False, 4
540,0, 50, False, 4
541,0, 50, False, 4
542,0, 50, False, 4
543,0, 50, False, 4
544,0, 50, False, 4
545,0, 50, False, 4
546,0, 50, False, 4
547,0, 50, False, 0
548,0, 50, False, 0
549,0, 50, False, 0
550,0, 50, False, 0
551,0, 50, False, 0
552,0, 50, False, 0
553,0, 50, False, 1
554,0, 50, False, 1
555,0, 50, False, 1
556,0, 50, False, 1
557,0, 50, False, 1
558,0, 50, False, 1
559,0, 50, False, 1
560,0, 50, False, 1
561,0, 50, False, 1
562,0, 50, False, 1
563,0, 50, False, 0
564,0, 50, False, 0
565,0, 50, False, 0
566,0, 50, False, 0
567,0, 50, False, 3
568,0, 50, False, 3
569,0, 50, False, 3
570,0, 50, False, 3
571,0, 50, False, 3
572,0, 50, False, 3
573,0, 50, False, 3
574,0, 50, False, 3
575,0, 50, False, 3
576,0, 50, False, 3
577,0, 50, False, 3
578,0, 50, False, 3
579,0, 50, False, 3
580,0, 50, False, 3
581,0, 50, False, 3
582,0, 50, False, 3
583,0, 50, False, 3
584,0, 50, False, 3
585,0, 50, False, 3
586,0, 50, False, 3
587,0, 50, False, 3
588,0, 50, False, 3
589,0, 50, False, 0
590,0, 50, False, 0
591,0, 50, False, 0
592,0, 50, False, 0
593,0, 50, False, 0
594,0, 50, False, 0
595,0, 50, False, 0
596,0, 50, False, 0
597,0, 50, False, 0
598,0, 50, False, 0
599,0, 50, False, 0
600,0, 50, False, 0
601,0, 50, False, 0
602,0, 50, False, 0
603,0, 50, False, 0
604,0, 50, False, 0
605,0, 50, False, 0
606,0, 50, False, 0
607,0, 50, False, 0
608,0, 50, False, 0
609,0, 50, False, 0
610,0, 50, False, 0
611,0, 50, False, 0
612,0, 50, False, 0
613,0, 50, False, 0
614,0, 50, False, 0
615,0, 50, False, 0
616,25, 75, False, 0
617,0, 75, False, 0
618,0, 75, False, 0
619,0, 75, False, 0
620,0, 75, False, 0
621,0, 75, False, 0
622,0, 75, False, 0
623,0, 75, False, 0
624,0, 75, False, 0
625,0, 75, False, 0
626,0, 75, False, 0
627,0, 75, False, 0
628,0, 75, False, 0
629,0, 75, False, 0
630,0, 75, False, 0
631,0, 75, False, 0
632,0, 75, False, 0
633,0, 75, False, 0
634,0, 75, False, 0
635,0, 75, False, 0
636,0, 75, False, 3
637,0, 75, False, 3
638,0, 75, False, 3
639,0, 75, False, 3
640,0, 75, False, 3
641,0, 75, False, 3
642,0, 75, False, 0
643,0, 75, False, 0
644,0, 75, False, 0
645,0, 75, False, 0
646,0, 75, False, 0
647,0, 75, False, 0
648,0, 75, False, 0
649,0, 75, False, 0
650,0, 75, False, 0
651,0, 75, False, 0
652,0, 75, False, 0
653,0, 75, False, 0
654,0, 75, False, 0
655,0, 75, False, 0
656,0, 75, False, 0
657,0, 75, False, 0
658,0, 75, False, 0
659,0, 75, False, 0
660,0, 75, False, 0
661,0, 75, False, 0
662,0, 75, False, 0
663,0, 75, False, 0
664,0, 75, False, 0
665,0, 75, False, 1
666,0, 75, False, 1
667,0, 75, False, 1
668,0, 75, False, 1
669,0, 75, False, 1
670,0, 75, False, 1
671,0, 75, False, 1
672,0, 75, False, 1
673,0, 75, False, 1
674,0, 75, False, 1
675,0, 75, False, 1
676,0, 75, False, 0
677,0, 75, False, 0
678,0, 75, False, 0
679,0, 75, False, 3
680,0, 75, False, 3
681,0, 75, False, 3
682,0, 75, False, 3
683,0, 75, False, 3
684,0, 75, False, 3
685,0, 75, False, 3
686,0, 75, False, 3
687,0, 75, False, 3
688,0, 75, False, 3
689,0, 75, False, 3
690,0, 75, False, 3
691,0, 75, False, 3
692,0, 75, False, 3
693,0, 75, False, 3
694,0, 75, False, 3
695,0, 75, False, 3
696,0, 75, False, 3
697,0, 75, False, 3
698,0, 75, False, 3
699,0, 75, False, 0
700,0, 75, False, 0
701,0, 75, False, 0
702,0, 75, False, 1
703,0, 75, False, 1
704,0, 75, False, 1
705,0, 75, False, 1
706,0, 75, False, 1
707,0, 75, False, 1
708,0, 75, False, 1
709,0, 75, False, 1
710,0, 75, False, 1
711,0, 75, False, 1
712,0, 75, False, 0
713,0, 75, False, 0
714,0, 75, False, 0
715,0, 75, False, 0
716,0, 75, False, 0
717,0, 75, False, 0
718,0, 75, False, 0
719,0, 75, False, 0
720,0, 75, False, 0
721,0, 75, False, 0
722,0, 75, False, 0
723,0, 75, False, 0
724,0, 75, False, 1
725,0, 75, False, 1
726,0, 75, False, 1
727,0, 75, False, 1
728,0, 75, False, 1
729,0, 75, False, 1
730,0, 75, False, 1
731,0, 75, False, 1
732,0, 75, False, 1
733,0, 75, False, 0
734,0, 75, False, 0
735,0, 75, False, 0
736,0, 75, False, 0
737,0, 75, False, 0
738,0, 75, False, 0
739,0, 75, False, 0
740,0, 75, False, 0
741,0, 75, False, 0
742,0, 75, False, 1
743,0, 75, False, 1
744,0, 75, False, 1
745,0, 75, False, 1
746,0, 75, False, 1
747,0, 75, False, 1
748,0, 75, False, 1
749,0, 75, False, 1
750,0, 75, False, 1
751,0, 75, False, 1
752,0, 75, False, 1
753,0, 75, False, 1
754,0, 75, False, 0
755,0, 75, False, 0
756,0, 75, False, 0
757,0, 75, False, 0
758,0, 75, False, 0
759,0, 75, False, 0
760,0, 75, False, 0
761,0, 75, False, 0
762,0, 75, False, 0
763,0, 75, False, 0
764,0, 75, False, 0
765,0, 75, False, 0
766,0, 75, False, 0
767,0, 75, False, 0
768,0, 75, False, 0
769,0, 75, False, 1
770,0, 75, False, 1
771,0, 75, False, 1
772,0, 75, False, 1
773,0, 75, False, 1
774,5, 80, False, 1
775,0, 80, False, 1
776,0, 80, False, 1
777,0, 80, False, 1
778,0, 80, False, 0
779,0, 80, False, 0
780,0, 80, False, 0
781,0, 80, False, 0
782,0, 80, False, 0
783,0, 80, False, 0
784,0, 80, False, 0
785,0, 80, False, 0
786,0, 80, False, 0
787,0, 80, False, 0
788,0, 80, False, 0
789,0, 80, False, 1
790,0, 80, False, 1
791,0, 80, False, 1
792,0, 80, False, 1
793,0, 80, False, 1
794,0, 80, False, 1
795,0, 80, False, 1
796,0, 80, False, 1
797,0, 80, False, 1
798,0, 80, False, 0
799,0, 80, False, 0
800,0, 80, False, 0
801,0, 80, False, 0
802,0, 80, False, 0
803,0, 80, False, 0
804,0, 80, False, 0
805,0, 80, False, 0
806,0, 80, False, 0
807,0, 80, False, 0
808,10, 90, False, 0
809,0, 90, False, 1
810,0, 90, False, 1
811,0, 90, False, 1
812,0, 90, False, 1
813,0, 90, False, 1
814,0, 90, False, 1
815,0, 90, False, 1
816,0, 90, False, 1
817,0, 90, False, 1
818,0, 90, False, 1
819,0, 90, False, 0
820,0, 90, False, 0
821,0, 90, False, 0
822,0, 90, False, 0
823,0, 90, False, 0
824,0, 90, False, 0
825,0, 90, False, 0
826,0, 90, False, 0
827,0, 90, False, 0
828,0, 90, False, 0
829,0, 90, False, 0
830,0, 90, False, 1
831,0, 90, False, 1
832,0, 90, False, 1
833,0, 90, False, 1
834,0, 90, False, 1
835,0, 90, False, 1
836,0, 90, False, 1
837,0, 90, False, 1
838,0, 90, False, 1
839,0, 90, False, 0
840,0, 90, False, 0
841,0, 90, False, 0
842,0, 90, False, 0
843,0, 90, False, 0
844,0, 90, False, 0
845,0, 90, False, 0
846,0, 90, False, 0
847,0, 90, False, 0
848,0, 90, False, 0
849,0, 90, False, 0
850,0, 90, False, 0
851,0, 90, False, 0
852,15, 105, False, 0
853,0, 105, False, 0
854,0, 105, False, 1
855,0, 105, False, 1
856,0, 105, False, 11
857,0, 105, False, 11
858,0, 105, False, 11
859,0, 105, False, 11
860,0, 105, False, 11
861,0, 105, False, 11
862,0, 105, False, 3
863,0, 105, False, 3
864,0, 105, False, 3
865,0, 105, False, 3
866,0, 105, False, 0
867,0, 105, False, 0
868,0, 105, False, 0
869,0, 105, False, 0
870,0, 105, False, 0
871,0, 105, False, 0
872,0, 105, False, 1
873,0, 105, False, 1
874,0, 105, False, 1
875,0, 105, False, 1
876,0, 105, False, 1
877,0, 105, False, 1
878,0, 105, False, 1
879,0, 105, False, 0
880,0, 105, False, 0
881,0, 105, False, 0
882,0, 105, False, 0
883,0, 105, False, 0
884,0, 105, False, 0
885,0, 105, False, 1
886,0, 105, False, 1
887,0, 105, False, 1
888,0, 105, False, 1
889,0, 105, False, 1
890,0, 105, False, 1
891,0, 105, False, 1
892,0, 105, False, 1
893,0, 105, False, 0
894,0, 105, False, 0
895,0, 105, False, 0
896,0, 105, False, 0
897,0, 105, False, 0
898,0, 105, False, 0
899,0, 105, False, 0
900,0, 105, False, 0
901,0, 105, False, 3
902,0, 105, False, 3
903,0, 105, False, 3
904,0, 105, False, 3
905,0, 105, False, 3
906,0, 105, False, 3
907,0, 105, False, 0
908,20, 125, False, 1
909,0, 125, False, 1
910,0, 125, False, 1
911,0, 125, False, 1
912,0, 125, False, 1
913,0, 125, False, 1
914,0, 125, False, 1
915,0, 125, False, 0
916,0, 125, False, 0
917,0, 125, False, 0
918,0, 125, False, 0
919,0, 125, False, 0
920,0, 125, False, 0
921,0, 125, False, 0
922,0, 125, False, 1
923,0, 125, False, 1
924,0, 125, False, 1
925,0, 125, False, 1
926,0, 125, False, 1
927,0, 125, False, 1
928,0, 125, False, 1
929,0, 125, False, 0
930,0, 125, False, 0
931,0, 125, False, 0
932,0, 125, False, 0
933,0, 125, False, 0
934,0, 125, False, 0
935,0, 125, False, 0
936,0, 125, False, 0
937,0, 125, False, 0
938,0, 125, False, 0
939,0, 125, False, 0
940,0, 125, False, 0
941,0, 125, False, 0
942,0, 125, False, 0
943,0, 125, False, 0
944,0, 125, False, 0
945,0, 125, False, 0
946,0, 125, False, 0
947,0, 125, False, 0
948,0, 125, False, 0
949,0, 125, False, 0
950,0, 125, False, 0
951,0, 125, False, 0
952,0, 125, False, 0
953,0, 125, False, 0
954,0, 125, False, 0
955,0, 125, False, 0
956,0, 125, False, 1
957,0, 125, False, 1
958,0, 125, False, 1
959,0, 125, False, 1
960,0, 125, False, 1
961,0, 125, False, 11
962,0, 125, False, 11
963,0, 125, False, 11
964,25, 150, False, 3
965,0, 150, False, 3
966,0, 150, False, 3
967,0, 150, False, 3
968,0, 150, False, 0
969,0, 150, False, 0
970,0, 150, False, 0
971,0, 150, False, 0
972,0, 150, False, 0
973,0, 150, False, 0
974,0, 150, False, 0
975,0, 150, False, 1
976,0, 150, False, 1
977,0, 150, False, 1
978,0, 150, False, 1
979,0, 150, False, 1
980,0, 150, False, 1
981,0, 150, False, 1
982,0, 150, False, 1
983,0, 150, False, 1
984,0, 150, False, 1
985,0, 150, False, 0
986,0, 150, False, 0
987,0, 150, False, 0
988,0, 150, False, 0
989,0, 150, False, 0
990,0, 150, False, 0
991,0, 150, False, 0
992,0, 150, False, 0
993,0, 150, False, 0
994,0, 150, False, 0
995,0, 150, False, 0
996,0, 150, False, 0
997,0, 150, False, 0
998,0, 150, False, 0
999,0, 150, False, 0
1000,0, 150, False, 0
1001,0, 150, False, 0
1002,0, 150, False, 0
1003,0, 150, False, 0
1004,0, 150, False, 0
1005,0, 150, False, 0
1006,0, 150, False, 0
1007,0, 150, False, 0
1008,0, 150, False, 0
1009,0, 150, False, 0
1010,0, 150, False, 0
1011,0, 150, False, 0
1012,0, 150, False, 0
1013,0, 150, False, 0
1014,0, 150, False, 0
1015,0, 150, False, 0
1016,0, 150, False, 0
1017,0, 150, False, 0
1018,0, 150, False, 0
1019,0, 150, False, 0
1020,0, 150, False, 0
1021,0, 150, False, 0
1022,0, 150, False, 0
1023,0, 150, False, 0
1024,0, 150, False, 0
1025,0, 150, False, 0
1026,0, 150, False, 4
1027,0, 150, False, 4
1028,0, 150, False, 4
1029,0, 150, False, 4
1030,0, 150, False, 4
1031,0, 150, False, 4
1032,0, 150, False, 4
1033,0, 150, False, 4
1034,0, 150, False, 0
1035,0, 150, False, 0
1036,0, 150, False, 1
1037,0, 150, False, 1
1038,0, 150, False, 1
1039,0, 150, False, 1
1040,0, 150, False, 1
1041,0, 150, False, 1
1042,0, 150, False, 1
1043,0, 150, False, 1
1044,0, 150, False, 1
1045,0, 150, False, 1
1046,0, 150, False, 0
1047,0, 150, False, 0
1048,0, 150, False, 0
1049,0, 150, False, 0
1050,0, 150, False, 0
1051,0, 150, False, 0
1052,0, 150, False, 0
1053,0, 150, False, 0
1054,0, 150, False, 0
1055,0, 150, False, 0
1056,0, 150, False, 0
1057,0, 150, False, 0
1058,0, 150, False, 0
1059,0, 150, False, 0
1060,0, 150, False, 0
1061,0, 150, False, 4
1062,0, 150, False, 4
1063,0, 150, False, 4
1064,0, 150, False, 4
1065,0, 150, False, 4
1066,0, 150, False, 4
1067,0, 150, False, 4
1068,0, 150, False, 4
1069,0, 150, False, 0
1070,0, 150, False, 0
1071,0, 150, False, 0
1072,0, 150, False, 0
1073,0, 150, False, 0
1074,0, 150, False, 1
1075,0, 150, False, 1
1076,0, 150, False, 1
1077,0, 150, False, 1
1078,0, 150, False, 1
1079,0, 150, False, 1
1080,0, 150, False, 1
1081,0, 150, False, 1
1082,0, 150, False, 12
1083,0, 150, False, 12
1084,0, 150, False, 4
1085,0, 150, False, 4
1086,0, 150, False, 4
1087,0, 150, False, 4
1088,0, 150, False, 4
1089,0, 150, False, 4
1090,0, 150, False, 4
1091,0, 150, False, 4
1092,0, 150, False, 0
1093,0, 150, False, 0
1094,0, 150, False, 0
1095,0, 150, False, 1
1096,0, 150, False, 1
1097,0, 150, False, 1
1098,0, 150, False, 1
1099,0, 150, False, 1
1100,0, 150, False, 1
1101,0, 150, False, 1
1102,0, 150, False, 1
1103,0, 150, False, 0
1104,0, 150, False, 0
1105,0, 150, False, 0
1106,0, 150, False, 0
1107,0, 150, False, 0
1108,0, 150, False, 0
1109,0, 150, False, 0
1110,0, 150, False, 0
1111,0, 150, False, 0
1112,0, 150, False, 0
1113,0, 150, False, 0
1114,0, 150, False, 0
1115,0, 150, False, 0
1116,0, 150, False, 0
1117,0, 150, False, 0
1118,0, 150, False, 0
1119,0, 150, False, 0
1120,0, 150, False, 0
1121,0, 150, False, 1
1122,0, 150, False, 1
1123,0, 150, False, 1
1124,0, 150, False, 1
1125,0, 150, False, 1
1126,0, 150, False, 1
1127,0, 150, False, 1
1128,0, 150, False, 1
1129,0, 150, False, 1
1130,0, 150, False, 1
1131,0, 150, False, 1
1132,0, 150, False, 0
1133,0, 150, False, 0
1134,0, 150, False, 0
1135,0, 150, False, 0
1136,0, 150, False, 0
1137,0, 150, False, 0
1138,0, 150, False, 0
1139,0, 150, False, 0
1140,0, 150, False, 0
1141,0, 150, False, 0
1142,0, 150, False, 0
1143,0, 150, False, 1
1144,0, 150, False, 1
1145,0, 150, False, 1
1146,0, 150, False, 1
1147,0, 150, False, 1
1148,0, 150, False, 1
1149,0, 150, False, 1
1150,0, 150, False, 1
1151,0, 150, False, 1
1152,0, 150, False, 0
1153,0, 150, False, 0
1154,0, 150, False, 0
1155,0, 150, False, 0
1156,0, 150, False, 0
1157,0, 150, False, 4
1158,0, 150, False, 4
1159,0, 150, False, 4
1160,0, 150, False, 4
1161,0, 150, False, 4
1162,0, 150, False, 4
1163,0, 150, False, 4
1164,0, 150, False, 4
1165,0, 150, False, 4
1166,0, 150, False, 4
1167,0, 150, False, 4
1168,0, 150, False, 4
1169,0, 150, False, 4
1170,0, 150, False, 4
1171,0, 150, False, 4
1172,0, 150, False, 4
1173,0, 150, False, 4
1174,0, 150, False, 4
1175,0, 150, False, 4
1176,0, 150, False, 4
1177,0, 150, False, 4
1178,0, 150, False, 4
1179,0, 150, False, 4
1180,0, 150, False, 4
1181,0, 150, False, 4
1182,0, 150, False, 4
1183,0, 150, False, 4
1184,0, 150, False, 4
1185,0, 150, False, 4
1186,30, 180, False, 4
1187,0, 180, False, 4
1188,0, 180, False, 4
1189,0, 180, False, 4
1190,0, 180, False, 0
1191,0, 180, False, 0
1192,0, 180, False, 0
1193,0, 180, False, 0
1194,0, 180, False, 0
1195,0, 180, False, 0
1196,0, 180, False, 0
1197,0, 180, False, 0
1198,0, 180, False, 0
1199,0, 180, False, 0
1200,0, 180, False, 0
1201,0, 180, False, 4
1202,0, 180, False, 4
1203,0, 180, False, 4
1204,0, 180, False, 4
1205,0, 180, False, 4
1206,0, 180, False, 4
1207,0, 180, False, 4
1208,0, 180, False, 4
1209,0, 180, False, 4
1210,0, 180, False, 4
1211,0, 180, False, 4
1212,0, 180, False, 4
1213,0, 180, False, 0
1214,0, 180, False, 0
1215,0, 180, False, 0
1216,0, 180, False, 0
1217,0, 180, False, 0
1218,0, 180, False, 0
1219,0, 180, False, 0
1220,0, 180, False, 0
1221,0, 180, False, 0
1222,0, 180, False, 0
1223,0, 180, False, 0
1224,0, 180, False, 0
1225,0, 180, False, 0
1226,0, 180, False, 0
1227,0, 180, False, 0
1228,0, 180, False, 0
1229,0, 180, False, 0
1230,0, 180, False, 0
1231,0, 180, False, 1
1232,0, 180, False, 1
1233,0, 180, False, 1
1234,0, 180, False, 1
1235,0, 180, False, 1
1236,0, 180, False, 1
1237,0, 180, False, 1
1238,0, 180, False, 1
1239,0, 180, False, 1
1240,0, 180, False, 1
1241,0, 180, False, 1
1242,0, 180, False, 0
1243,0, 180, False, 0
1244,0, 180, False, 0
1245,0, 180, False, 0
1246,0, 180, False, 0
1247,0, 180, False, 0
1248,0, 180, False, 0
1249,0, 180, False, 0
1250,0, 180, False, 0
1251,0, 180, False, 0
1252,0, 180, False, 0
1253,0, 180, False, 0
1254,0, 180, False, 0
1255,0, 180, False, 0
1256,0, 180, False, 0
1257,0, 180, False, 0
1258,0, 180, False, 0
1259,0, 180, False, 4
1260,0, 180, False, 4
1261,0, 180, False, 4
1262,0, 180, False, 4
1263,0, 180, False, 4
1264,0, 180, False, 4
1265,0, 180, False, 4
1266,0, 180, False, 4
1267,0, 180, False, 4
1268,0, 180, False, 4
1269,0, 180, False, 4
1270,0, 180, False, 4
1271,0, 180, False, 4
1272,0, 180, False, 4
1273,0, 180, False, 4
1274,0, 180, False, 4
1275,0, 180, False, 4
1276,0, 180, False, 4
1277,0, 180, False, 4
1278,0, 180, False, 4
1279,0, 180, False, 4
1280,0, 180, False, 4
1281,0, 180, False, 4
1282,0, 180, False, 0
1283,0, 180, False, 0
1284,0, 180, False, 0
1285,0, 180, False, 0
1286,0, 180, False, 0
1287,0, 180, False, 0
1288,0, 180, False, 0
1289,0, 180, False, 0
1290,0, 180, False, 0
1291,0, 180, False, 0
1292,0, 180, False, 0
1293,0, 180, False, 0
1294,0, 180, False, 0
1295,0, 180, False, 0
1296,30, 210, False, 0
1297,0, 210, False, 0
1298,0, 210, False, 0
1299,0, 210, False, 0
1300,0, 210, False, 0
1301,0, 210, False, 0
1302,0, 210, False, 0
1303,0, 210, False, 0
1304,0, 210, False, 0
1305,0, 210, False, 0
1306,0, 210, False, 0
1307,0, 210, False, 0
1308,0, 210, False, 0
1309,0, 210, False, 0
1310,0, 210, False, 0
1311,0, 210, False, 0
1312,0, 210, False, 4
1313,0, 210, False, 4
1314,0, 210, False, 4
1315,0, 210, False, 4
1316,0, 210, False, 4
1317,0, 210, False, 0
1318,0, 210, False, 0
1319,0, 210, False, 0
1320,0, 210, False, 0
1321,0, 210, False, 0
1322,0, 210, False, 0
1323,0, 210, False, 1
1324,0, 210, False, 1
1325,0, 210, False, 1
1326,0, 210, False, 1
1327,0, 210, False, 1
1328,0, 210, False, 1
1329,0, 210, False, 1
1330,0, 210, False, 1
1331,0, 210, False, 1
1332,0, 210, False, 0
1333,0, 210, False, 0
1334,0, 210, False, 0
1335,0, 210, False, 0
1336,0, 210, False, 0
1337,0, 210, False, 0
1338,0, 210, False, 0
1339,0, 210, False, 0
1340,0, 210, False, 0
1341,0, 210, False, 0
1342,5, 215, False, 0
1343,0, 215, False, 0
1344,0, 215, False, 0
1345,0, 215, False, 0
1346,0, 215, False, 0
1347,0, 215, False, 0
1348,0, 215, False, 0
1349,0, 215, False, 0
1350,0, 215, False, 0
1351,0, 215, False, 4
1352,0, 215, False, 4
1353,0, 215, False, 4
1354,0, 215, False, 4
1355,0, 215, False, 4
1356,0, 215, False, 4
1357,0, 215, False, 4
1358,0, 215, False, 4
1359,0, 215, False, 4
1360,0, 215, False, 4
1361,0, 215, False, 4
1362,0, 215, False, 4
1363,0, 215, False, 4
1364,0, 215, False, 0
1365,0, 215, False, 0
1366,0, 215, False, 0
1367,0, 215, False, 0
1368,0, 215, False, 0
1369,0, 215, False, 0
1370,0, 215, False, 0
1371,0, 215, False, 0
1372,0, 215, False, 0
1373,0, 215, False, 0
1374,0, 215, False, 0
1375,0, 215, False, 0
1376,0, 215, False, 0
1377,0, 215, False, 0
1378,0, 215, False, 0
1379,0, 215, False, 3
1380,0, 215, False, 3
1381,0, 215, False, 3
1382,0, 215, False, 3
1383,0, 215, False, 3
1384,0, 215, False, 3
1385,0, 215, False, 3
1386,0, 215, False, 3
1387,0, 215, False, 3
1388,0, 215, False, 3
1389,0, 215, False, 0
1390,0, 215, False, 0
1391,0, 215, False, 0
1392,0, 215, False, 0
1393,0, 215, False, 0
1394,0, 215, False, 0
1395,0, 215, False, 0
1396,0, 215, False, 0
1397,0, 215, False, 1
1398,0, 215, False, 1
1399,0, 215, False, 1
1400,0, 215, False, 1
1401,0, 215, False, 1
1402,0, 215, False, 1
1403,0, 215, False, 1
1404,0, 215, False, 1
1405,0, 215, False, 1
1406,0, 215, False, 1
1407,0, 215, False, 1
1408,0, 215, False, 0
1409,0, 215, False, 0
1410,0, 215, False, 0
1411,0, 215, False, 0
1412,0, 215, False, 0
1413,0, 215, False, 4
1414,0, 215, False, 4
1415,0, 215, False, 4
1416,0, 215, False, 4
1417,0, 215, False, 4
1418,0, 215, False, 4
1419,0, 215, False, 4
1420,0, 215, False, 0
1421,0, 215, False, 0
1422,0, 215, False, 0
1423,0, 215, False, 0
1424,0, 215, False, 0
1425,0, 215, False, 0
1426,10, 225, False, 0
1427,0, 225, False, 0
1428,0, 225, False, 0
1429,0, 225, False, 0
1430,0, 225, False, 0
1431,0, 225, False, 0
1432,0, 225, False, 0
1433,0, 225, False, 0
1434,0, 225, False, 0
1435,0, 225, False, 0
1436,0, 225, False, 0
1437,0, 225, False, 0
1438,0, 225, False, 0
1439,0, 225, False, 0
1440,0, 225, False, 0
1441,0, 225, False, 0
1442,0, 225, False, 0
1443,0, 225, False, 0
1444,0, 225, False, 0
1445,0, 225, False, 0
1446,0, 225, False, 0
1447,0, 225, False, 0
1448,0, 225, False, 0
1449,0, 225, False, 0
1450,0, 225, False, 0
1451,0, 225, False, 0
1452,0, 225, False, 0
1453,0, 225, False, 0
1454,0, 225, False, 0
1455,0, 225, False, 0
1456,0, 225, False, 0
1457,0, 225, False, 0
1458,0, 225, False, 0
1459,0, 225, False, 1
1460,0, 225, False, 1
1461,0, 225, False, 1
1462,0, 225, False, 1
1463,0, 225, False, 1
1464,0, 225, False, 1
1465,0, 225, False, 1
1466,0, 225, False, 1
1467,0, 225, False, 1
1468,0, 225, False, 1
1469,0, 225, False, 4
1470,0, 225, False, 4
1471,0, 225, False, 4
1472,0, 225, False, 4
1473,0, 225, False, 4
1474,0, 225, False, 4
1475,0, 225, False, 4
1476,0, 225, False, 4
1477,0, 225, False, 4
1478,0, 225, False, 4
1479,0, 225, False, 4
1480,0, 225, False, 4
1481,0, 225, False, 4
1482,0, 225, False, 4
1483,0, 225, False, 4
1484,0, 225, False, 4
1485,0, 225, False, 4
1486,0, 225, False, 4
1487,0, 225, False, 4
1488,0, 225, False, 0
1489,0, 225, False, 0
1490,0, 225, False, 0
1491,0, 225, False, 0
1492,0, 225, False, 0
1493,0, 225, False, 0
1494,0, 225, False, 0
1495,0, 225, False, 0
1496,0, 225, False, 0
1497,0, 225, False, 0
1498,15, 240, False, 0
1499,0, 240, False, 0
1500,0, 240, False, 0
1501,0, 240, False, 0
1502,0, 240, False, 0
1503,0, 240, False, 0
1504,0, 240, False, 3
1505,0, 240, False, 3
1506,0, 240, False, 3
1507,0, 240, False, 3
1508,0, 240, False, 3
1509,0, 240, False, 3
1510,0, 240, False, 3
1511,0, 240, False, 3
1512,0, 240, False, 3
1513,0, 240, False, 3
1514,0, 240, False, 3
1515,0, 240, False, 3
1516,0, 240, False, 3
1517,0, 240, False, 3
1518,0, 240, False, 3
1519,0, 240, False, 3
1520,0, 240, False, 0
1521,0, 240, False, 0
1522,0, 240, False, 0
1523,0, 240, False, 0
1524,0, 240, False, 0
1525,0, 240, False, 0
1526,0, 240, False, 0
1527,0, 240, False, 0
1528,0, 240, False, 0
1529,0, 240, False, 0
1530,0, 240, False, 0
1531,0, 240, False, 0
1532,0, 240, False, 3
1533,0, 240, False, 3
1534,0, 240, False, 3
1535,0, 240, False, 3
1536,0, 240, False, 3
1537,0, 240, False, 0
1538,0, 240, False, 0
1539,0, 240, False, 0
1540,0, 240, False, 0
1541,0, 240, False, 0
1542,0, 240, False, 0
1543,0, 240, False, 0
1544,0, 240, False, 1
1545,0, 240, False, 1
1546,0, 240, False, 1
1547,0, 240, False, 1
1548,0, 240, False, 1
1549,0, 240, False, 1
1550,0, 240, False, 1
1551,0, 240, False, 1
1552,0, 240, False, 0
1553,0, 240, False, 0
1554,0, 240, False, 0
1555,0, 240, False, 0
1556,0, 240, False, 0
1557,0, 240, False, 0
1558,0, 240, False, 0
1559,0, 240, False, 0
1560,0, 240, False, 0
1561,0, 240, False, 0
1562,0, 240, False, 0
1563,0, 240, False, 0
1564,0, 240, False, 3
1565,0, 240, False, 3
1566,0, 240, False, 3
1567,0, 240, False, 3
1568,0, 240, False, 3
1569,0, 240, False, 3
1570,0, 240, False, 3
1571,0, 240, False, 3
1572,0, 240, False, 3
1573,0, 240, False, 3
1574,0, 240, False, 3
1575,0, 240, False, 3
1576,0, 240, False, 3
1577,0, 240, False, 3
1578,0, 240, False, 3
1579,0, 240, False, 3
1580,0, 240, False, 3
1581,0, 240, False, 3
1582,0, 240, False, 3
1583,0, 240, False, 3
1584,0, 240, False, 0
1585,0, 240, False, 0
1586,0, 240, False, 0
1587,0, 240, False, 0
1588,0, 240, False, 0
1589,0, 240, False, 0
1590,0, 240, False, 0
1591,0, 240, False, 0
1592,0, 240, False, 0
1593,0, 240, False, 0
1594,0, 240, False, 0
1595,0, 240, False, 0
1596,0, 240, False, 0
1597,0, 240, False, 0
1598,0, 240, False, 0
1599,0, 240, False, 0
1600,0, 240, False, 0
1601,0, 240, False, 0
1602,0, 240, False, 0
1603,0, 240, False, 0
1604,0, 240, False, 0
1605,0, 240, False, 0
1606,0, 240, False, 0
1607,0, 240, False, 0
1608,0, 240, False, 0
1609,0, 240, False, 0
1610,0, 240, False, 0
1611,0, 240, False, 0
1612,0, 240, False, 0
1613,0, 240, False, 0
1614,0, 240, False, 0
1615,0, 240, False, 0
1616,0, 240, False, 0
1617,0, 240, False, 0
1618,0, 240, False, 0
1619,0, 240, False, 0
1620,0, 240, False, 0
1621,0, 240, False, 0
1622,0, 240, False, 0
1623,0, 240, False, 0
1624,0, 240, False, 0
1625,0, 240, False, 0
1626,0, 240, False, 0
1627,0, 240, False, 0
1628,0, 240, False, 4
1629,0, 240, False, 4
1630,0, 240, False, 4
1631,0, 240, False, 4
1632,0, 240, False, 4
1633,0, 240, False, 4
1634,0, 240, False, 4
1635,0, 240, False, 4
1636,0, 240, False, 4
1637,0, 240, False, 0
1638,0, 240, False, 0
1639,0, 240, False, 0
1640,0, 240, False, 0
1641,0, 240, False, 0
1642,0, 240, False, 0
1643,0, 240, False, 0
1644,0, 240, False, 0
1645,0, 240, False, 0
1646,0, 240, False, 0
1647,0, 240, False, 0
1648,0, 240, False, 0
1649,0, 240, False, 0
1650,0, 240, False, 0
1651,0, 240, False, 0
1652,0, 240, False, 0
1653,0, 240, False, 0
1654,0, 240, False, 0
1655,0, 240, False, 0
1656,0, 240, False, 0
1657,0, 240, False, 0
1658,0, 240, False, 4
1659,0, 240, False, 4
1660,0, 240, False, 4
1661,0, 240, False, 4
1662,0, 240, False, 4
1663,0, 240, False, 4
1664,0, 240, False, 4
1665,0, 240, False, 4
1666,0, 240, False, 4
1667,0, 240, False, 4
1668,0, 240, False, 4
1669,0, 240, False, 4
1670,0, 240, False, 4
1671,0, 240, False, 0
1672,0, 240, False, 0
1673,0, 240, False, 0
1674,0, 240, False, 0
1675,0, 240, False, 0
1676,0, 240, False, 0
1677,0, 240, False, 0
1678,0, 240, False, 0
1679,0, 240, False, 0
1680,0, 240, False, 0
1681,0, 240, False, 0
1682,0, 240, False, 0
1683,0, 240, False, 0
1684,0, 240, False, 0
1685,0, 240, False, 0
1686,0, 240, False, 0
1687,0, 240, False, 0
1688,0, 240, False, 0
1689,0, 240, False, 0
1690,0, 240, False, 0
1691,0, 240, False, 0
1692,0, 240, False, 0
1693,0, 240, False, 0
1694,0, 240, False, 0
1695,0, 240, False, 0
1696,0, 240, False, 0
1697,0, 240, False, 0
1698,0, 240, False, 0
1699,0, 240, False, 0
1700,0, 240, False, 0
1701,0, 240, False, 0
1702,0, 240, False, 0
1703,0, 240, False, 0
1704,0, 240, False, 0
1705,0, 240, False, 0
1706,0, 240, False, 0
1707,0, 240, False, 0
1708,0, 240, False, 0
1709,0, 240, False, 0
1710,0, 240, False, 0
1711,0, 240, False, 0
1712,0, 240, False, 4
1713,0, 240, False, 4
1714,0, 240, False, 4
1715,0, 240, False, 4
1716,0, 240, False, 4
1717,0, 240, False, 4
1718,0, 240, False, 4
1719,0, 240, False, 0
1720,0, 240, False, 0
1721,0, 240, False, 0
1722,0, 240, False, 0
1723,0, 240, False, 0
1724,0, 240, False, 0
1725,0, 240, False, 3
1726,0, 240, False, 3
1727,0, 240, False, 3
1728,0, 240, False, 3
1729,0, 240, False, 3
1730,0, 240, False, 0
1731,0, 240, False, 0
1732,0, 240, False, 0
1733,0, 240, False, 0
1734,0, 240, False, 0
1735,0, 240, False, 0
1736,0, 240, False, 0
1737,0, 240, False, 0
1738,0, 240, False, 0
1739,0, 240, False, 4
1740,0, 240, False, 4
1741,0, 240, False, 4
1742,0, 240, False, 4
1743,0, 240, False, 4
1744,0, 240, False, 4
1745,0, 240, False, 4
1746,0, 240, False, 4
1747,0, 240, False, 4
1748,0, 240, False, 4
1749,0, 240, False, 4
1750,0, 240, False, 4
1751,0, 240, False, 4
1752,0, 240, False, 4
1753,0, 240, False, 4
1754,0, 240, False, 4
1755,0, 240, False, 4
1756,0, 240, False, 4
1757,0, 240, False, 4
1758,0, 240, False, 4
1759,0, 240, False, 4
1760,0, 240, False, 4
1761,0, 240, False, 0
1762,0, 240, False, 0
1763,0, 240, False, 0
1764,0, 240, False, 0
1765,0, 240, False, 0
1766,0, 240, False, 1
1767,0, 240, False, 1
1768,0, 240, False, 1
1769,0, 240, False, 1
1770,0, 240, False, 1
1771,0, 240, False, 1
1772,0, 240, False, 1
1773,0, 240, False, 1
1774,0, 240, False, 1
1775,0, 240, False, 1
1776,0, 240, False, 1
1777,0, 240, False, 0
1778,0, 240, False, 0
1779,0, 240, False, 0
1780,0, 240, False, 0
1781,0, 240, False, 0
1782,5, 245, False, 0
1783,0, 245, False, 0
1784,0, 245, False, 0
1785,0, 245, False, 0
1786,0, 245, False, 0
1787,0, 245, False, 0
1788,0, 245, False, 0
1789,0, 245, False, 0
1790,0, 245, False, 0
1791,0, 245, False, 0
1792,0, 245, False, 0
1793,0, 245, False, 0
1794,0, 245, False, 0
1795,0, 245, False, 0
1796,0, 245, False, 0
1797,0, 245, False, 0
1798,0, 245, False, 0
1799,0, 245, False, 0
1800,0, 245, False, 1
1801,0, 245, False, 1
1802,0, 245, False, 1
1803,0, 245, False, 11
1804,0, 245, False, 3
1805,0, 245, False, 3
1806,0, 245, False, 3
1807,0, 245, False, 3
1808,0, 245, False, 3
1809,0, 245, False, 3
1810,0, 245, False, 3
1811,0, 245, False, 3
1812,0, 245, False, 3
1813,0, 245, False, 3
1814,0, 245, False, 3
1815,0, 245, False, 3
1816,0, 245, False, 3
1817,0, 245, False, 3
1818,0, 245, False, 3
1819,0, 245, False, 3
1820,0, 245, False, 3
1821,0, 245, False, 3
1822,0, 245, False, 3
1823,0, 245, False, 3
1824,10, 255, False, 3
1825,0, 255, False, 3
1826,0, 255, False, 3
1827,0, 255, False, 3
1828,0, 255, False, 3
1829,0, 255, False, 3
1830,0, 255, False, 3
1831,0, 255, False, 3
1832,0, 255, False, 3
1833,0, 255, False, 0
1834,0, 255, False, 0
1835,0, 255, False, 0
1836,0, 255, False, 0
1837,0, 255, False, 0
1838,0, 255, False, 0
1839,0, 255, False, 0
1840,0, 255, False, 0
1841,0, 255, False, 0
1842,0, 255, False, 0
1843,0, 255, False, 0
1844,0, 255, False, 0
1845,0, 255, False, 0
1846,0, 255, False, 0
1847,0, 255, False, 0
1848,0, 255, False, 0
1849,0, 255, False, 0
1850,0, 255, False, 0
1851,0, 255, False, 0
1852,0, 255, False, 0
1853,0, 255, False, 0
1854,0, 255, False, 0
1855,0, 255, False, 0
1856,0, 255, False, 0
1857,0, 255, False, 0
1858,0, 255, False, 0
1859,0, 255, False, 0
1860,0, 255, False, 0
1861,0, 255, False, 0
1862,0, 255, False, 0
1863,0, 255, False, 0
1864,0, 255, False, 0
1865,0, 255, False, 0
1866,0, 255, False, 0
1867,0, 255, False, 0
1868,0, 255, False, 0
1869,0, 255, False, 0
1870,0, 255, False, 0
1871,0, 255, False, 0
1872,0, 255, False, 0
1873,0, 255, False, 0
1874,0, 255, False, 0
1875,0, 255, False, 0
1876,0, 255, False, 0
1877,0, 255, False, 0
1878,0, 255, False, 3
1879,0, 255, False, 3
1880,0, 255, False, 3
1881,0, 255, False, 3
1882,0, 255, False, 3
1883,0, 255, False, 3
1884,0, 255, False, 3
1885,0, 255, False, 3
1886,0, 255, False, 3
1887,0, 255, False, 3
1888,0, 255, False, 3
1889,0, 255, False, 0
1890,0, 255, False, 0
1891,0, 255, False, 0
1892,0, 255, False, 0
1893,0, 255, False, 0
1894,0, 255, False, 0
1895,0, 255, False, 0
1896,0, 255, False, 0
1897,0, 255, False, 0
1898,0, 255, False, 0
1899,0, 255, False, 0
1900,0, 255, False, 0
1901,0, 255, False, 0
1902,0, 255, False, 0
1903,0, 255, False, 0
1904,0, 255, False, 0
1905,0, 255, False, 0
1906,0, 255, False, 0
1907,0, 255, False, 0
1908,0, 255, False, 0
1909,0, 255, False, 0
1910,0, 255, False, 0
1911,0, 255, False, 0
1912,0, 255, False, 0
1913,0, 255, False, 0
1914,0, 255, False, 0
1915,0, 255, False, 0
1916,0, 255, False, 0
1917,0, 255, False, 0
1918,0, 255, False, 0
1919,0, 255, False, 0
1920,0, 255, False, 0
1921,0, 255, False, 0
1922,0, 255, False, 0
1923,0, 255, False, 0
1924,0, 255, False, 0
1925,0, 255, False, 0
1926,0, 255, False, 0
1927,0, 255, False, 0
1928,0, 255, False, 0
1929,0, 255, False, 0
1930,0, 255, False, 0
1931,0, 255, False, 0
1932,0, 255, False, 0
1933,0, 255, False, 0
1934,0, 255, False, 0
1935,0, 255, False, 0
1936,0, 255, False, 0
1937,0, 255, False, 0
1938,0, 255, False, 0
1939,0, 255, False, 0
1940,0, 255, False, 0
1941,0, 255, False, 0
1942,0, 255, False, 0
1943,0, 255, False, 0
1944,0, 255, False, 0
1945,0, 255, False, 0
1946,0, 255, False, 0
1947,0, 255, False, 0
1948,0, 255, False, 0
1949,0, 255, False, 0
1950,0, 255, False, 0
1951,0, 255, False, 0
1952,0, 255, False, 0
1953,0, 255, False, 0
1954,0, 255, False, 0
1955,0, 255, False, 0
1956,0, 255, False, 4
1957,0, 255, False, 4
1958,0, 255, False, 4
1959,0, 255, False, 4
1960,0, 255, False, 0
1961,0, 255, False, 0
1962,0, 255, False, 0
1963,0, 255, False, 0
1964,0, 255, False, 0
1965,0, 255, False, 0
1966,0, 255, False, 0
1967,0, 255, False, 0
1968,0, 255, False, 0
1969,0, 255, False, 0
1970,0, 255, False, 0
1971,0, 255, False, 0
1972,0, 255, False, 0
1973,0, 255, False, 0
1974,0, 255, False, 0
1975,0, 255, False, 0
1976,0, 255, False, 0
1977,0, 255, False, 0
1978,0, 255, False, 0
1979,0, 255, False, 0
1980,0, 255, False, 0
1981,0, 255, False, 0
1982,0, 255, False, 0
1983,0, 255, False, 0
1984,0, 255, False, 0
1985,0, 255, False, 0
1986,0, 255, False, 0
1987,0, 255, False, 0
1988,0, 255, False, 0
1989,0, 255, False, 0
1990,0, 255, False, 0
1991,0, 255, False, 0
1992,0, 255, False, 0
1993,0, 255, False, 0
1994,0, 255, False, 0
1995,0, 255, False, 0
1996,0, 255, False, 0
1997,0, 255, False, 0
1998,0, 255, False, 0
1999,0, 255, False, 0
2000,0, 255, False, 0
2001,0, 255, False, 0
2002,0, 255, False, 0
2003,0, 255, False, 0
2004,0, 255, False, 0
2005,0, 255, False, 4
2006,0, 255, False, 4
2007,0, 255, False, 4
2008,0, 255, False, 4
2009,0, 255, False, 4
2010,0, 255, False, 4
2011,0, 255, False, 4
2012,0, 255, False, 4
2013,0, 255, False, 4
2014,0, 255, False, 0
2015,0, 255, False, 0
2016,0, 255, False, 0
2017,0, 255, False, 0
2018,0, 255, False, 0
2019,0, 255, False, 0
2020,0, 255, False, 0
2021,0, 255, False, 0
2022,0, 255, False, 0
2023,0, 255, False, 0
2024,0, 255, False, 0
2025,0, 255, False, 0
2026,0, 255, False, 0
2027,0, 255, False, 0
2028,0, 255, False, 0
2029,0, 255, False, 0
2030,0, 255, False, 0
2031,0, 255, False, 0
2032,0, 255, False, 0
2033,0, 255, False, 0
2034,0, 255, False, 0
2035,0, 255, False, 0
2036,0, 255, False, 0
2037,0, 255, False, 0
2038,0, 255, False, 0
2039,0, 255, False, 0
2040,0, 255, False, 0
2041,0, 255, False, 0
2042,0, 255, False, 0
2043,0, 255, False, 0
2044,0, 255, False, 0
2045,0, 255, False, 0
2046,0, 255, False, 0
2047,0, 255, False, 0
2048,0, 255, False, 0
2049,0, 255, False, 0
2050,0, 255, False, 0
2051,0, 255, False, 0
2052,0, 255, False, 3
2053,0, 255, False, 3
2054,0, 255, False, 3
2055,0, 255, False, 3
2056,0, 255, False, 3
2057,0, 255, False, 3
2058,0, 255, False, 3
2059,0, 255, False, 3
2060,0, 255, False, 3
2061,0, 255, False, 3
2062,0, 255, False, 3
2063,0, 255, False, 3
2064,0, 255, False, 3
2065,0, 255, False, 3
2066,0, 255, False, 3
2067,0, 255, False, 3
2068,0, 255, False, 3
2069,0, 255, False, 3
2070,0, 255, False, 3
2071,0, 255, False, 0
2072,0, 255, False, 0
2073,0, 255, False, 0
2074,0, 255, False, 0
2075,0, 255, False, 0
2076,0, 255, False, 0
2077,0, 255, False, 0
2078,0, 255, False, 0
2079,0, 255, False, 0
2080,0, 255, False, 0
2081,0, 255, False, 3
2082,0, 255, False, 3
2083,0, 255, False, 3
2084,0, 255, False, 3
2085,0, 255, False, 3
2086,0, 255, False, 3
2087,0, 255, False, 3
2088,0, 255, False, 3
2089,0, 255, False, 3
2090,0, 255, False, 3
2091,0, 255, False, 3
2092,0, 255, False, 3
2093,0, 255, False, 3
2094,0, 255, False, 0
2095,0, 255, False, 0
2096,0, 255, False, 0
2097,0, 255, False, 0
2098,0, 255, False, 0
2099,0, 255, False, 0
2100,0, 255, False, 0
2101,0, 255, False, 0
2102,0, 255, False, 0
2103,0, 255, False, 0
2104,0, 255, False, 1
2105,0, 255, False, 1
2106,0, 255, False, 1
2107,0, 255, False, 1
2108,0, 255, False, 1
2109,0, 255, False, 1
2110,0, 255, False, 1
2111,0, 255, False, 1
2112,0, 255, False, 1
2113,0, 255, False, 1
2114,0, 255, False, 0
2115,0, 255, False, 0
2116,0, 255, False, 0
2117,0, 255, False, 0
2118,0, 255, False, 0
2119,0, 255, False, 0
2120,0, 255, False, 0
2121,0, 255, False, 0
2122,0, 255, False, 0
2123,0, 255, False, 0
2124,0, 255, False, 0
2125,0, 255, False, 0
2126,0, 255, False, 0
2127,0, 255, False, 0
2128,0, 255, False, 0
2129,0, 255, False, 0
2130,0, 255, False, 0
2131,0, 255, False, 0
2132,15, 270, False, 0
2133,0, 270, False, 0
2134,0, 270, False, 0
2135,0, 270, False, 0
2136,0, 270, False, 0
2137,0, 270, False, 0
2138,0, 270, False, 0
2139,0, 270, False, 0
2140,0, 270, False, 0
2141,0, 270, False, 0
2142,0, 270, False, 4
2143,0, 270, False, 4
2144,0, 270, False, 4
2145,0, 270, False, 4
2146,0, 270, False, 4
2147,0, 270, False, 4
2148,0, 270, False, 4
2149,0, 270, False, 4
2150,0, 270, False, 4
2151,0, 270, False, 4
2152,0, 270, False, 4
2153,0, 270, False, 4
2154,0, 270, False, 0
2155,0, 270, False, 0
2156,0, 270, False, 0
2157,0, 270, False, 0
2158,0, 270, False, 0
2159,0, 270, False, 0
2160,0, 270, False, 0
2161,0, 270, False, 0
2162,0, 270, False, 1
2163,0, 270, False, 1
2164,0, 270, False, 1
2165,0, 270, False, 1
2166,0, 270, False, 1
2167,0, 270, False, 1
2168,0, 270, False, 1
2169,0, 270, False, 1
2170,0, 270, False, 1
2171,0, 270, False, 1
2172,0, 270, False, 0
2173,0, 270, False, 0
2174,0, 270, False, 0
2175,0, 270, False, 0
2176,0, 270, False, 0
2177,0, 270, False, 0
2178,0, 270, False, 0
2179,0, 270, False, 0
2180,0, 270, False, 0
2181,0, 270, False, 0
2182,0, 270, False, 0
2183,0, 270, False, 0
2184,0, 270, False, 0
2185,0, 270, False, 0
2186,0, 270, False, 0
2187,0, 270, False, 4
2188,0, 270, False, 4
2189,0, 270, False, 4
2190,0, 270, False, 4
2191,0, 270, False, 4
2192,0, 270, False, 4
2193,0, 270, False, 4
2194,0, 270, False, 4
2195,0, 270, False, 4
2196,0, 270, False, 4
2197,0, 270, False, 4
2198,0, 270, False, 4
2199,0, 270, False, 4
2200,20, 290, False, 4
2201,0, 290, False, 4
2202,0, 290, False, 0
2203,0, 290, False, 0
2204,0, 290, False, 0
2205,0, 290, False, 0
2206,0, 290, False, 0
2207,0, 290, False, 0
2208,0, 290, False, 0
2209,0, 290, False, 0
2210,0, 290, False, 0
2211,0, 290, False, 0
2212,0, 290, False, 0
2213,0, 290, False, 0
2214,0, 290, False, 0
2215,0, 290, False, 0
2216,0, 290, False, 0
2217,0, 290, False, 0
2218,0, 290, False, 0
2219,0, 290, False, 0
2220,0, 290, False, 0
2221,0, 290, False, 0
2222,0, 290, False, 0
2223,0, 290, False, 0
2224,0, 290, False, 0
2225,0, 290, False, 0
2226,0, 290, False, 1
2227,0, 290, False, 1
2228,0, 290, False, 1
2229,0, 290, False, 1
2230,0, 290, False, 1
2231,0, 290, False, 1
2232,0, 290, False, 1
2233,0, 290, False, 1
2234,0, 290, False, 1
2235,0, 290, False, 1
2236,0, 290, False, 0
2237,0, 290, False, 0
2238,0, 290, False, 0
2239,0, 290, False, 0
2240,0, 290, False, 0
2241,0, 290, False, 0
2242,0, 290, False, 0
2243,0, 290, False, 0
2244,0, 290, False, 0
2245,0, 290, False, 0
2246,0, 290, False, 0
2247,0, 290, False, 0
2248,0, 290, False, 4
2249,0, 290, False, 4
2250,0, 290, False, 4
2251,0, 290, False, 4
2252,0, 290, False, 4
2253,0, 290, False, 4
2254,0, 290, False, 4
2255,0, 290, False, 4
2256,0, 290, False, 4
2257,0, 290, False, 4
2258,0, 290, False, 4
2259,0, 290, False, 4
2260,0, 290, False, 4
2261,0, 290, False, 4
2262,0, 290, False, 0
2263,0, 290, False, 0
2264,0, 290, False, 0
2265,0, 290, False, 0
2266,0, 290, False, 0
2267,0, 290, False, 0
2268,0, 290, False, 0
2269,0, 290, False, 0
2270,0, 290, False, 0
2271,0, 290, False, 0
2272,0, 290, False, 0
2273,0, 290, False, 0
2274,0, 290, False, 0
2275,0, 290, False, 0
2276,0, 290, False, 0
2277,0, 290, False, 0
2278,0, 290, False, 0
2279,0, 290, False, 0
2280,0, 290, False, 0
2281,0, 290, False, 0
2282,0, 290, False, 0
2283,0, 290, False, 0
2284,0, 290, False, 0
2285,0, 290, False, 0
2286,0, 290, False, 0
2287,0, 290, False, 0
2288,0, 290, False, 0
2289,0, 290, False, 0
2290,0, 290, False, 0
2291,0, 290, False, 0
2292,0, 290, False, 0
2293,0, 290, False, 0
2294,0, 290, False, 0
2295,0, 290, False, 0
2296,0, 290, False, 0
2297,0, 290, False, 0
2298,0, 290, False, 4
2299,0, 290, False, 4
2300,0, 290, False, 4
2301,0, 290, False, 4
2302,0, 290, False, 4
2303,0, 290, False, 4
2304,0, 290, False, 4
2305,0, 290, False, 4
2306,0, 290, False, 4
2307,0, 290, False, 4
2308,0, 290, False, 0
2309,0, 290, False, 1
2310,0, 290, False, 1
2311,0, 290, False, 1
2312,0, 290, False, 1
2313,0, 290, False, 1
2314,0, 290, False, 1
2315,0, 290, False, 1
2316,0, 290, False, 1
2317,0, 290, False, 1
2318,0, 290, False, 1
2319,0, 290, False, 1
2320,0, 290, False, 1
2321,0, 290, False, 0
2322,0, 290, False, 0
2323,0, 290, False, 0
2324,0, 290, False, 0
2325,0, 290, False, 0
2326,0, 290, False, 0
2327,0, 290, False, 0
2328,0, 290, False, 0
2329,0, 290, False, 4
2330,0, 290, False, 4
2331,0, 290, False, 4
2332,0, 290, False, 4
2333,0, 290, False, 4
2334,0, 290, False, 4
2335,0, 290, False, 4
2336,0, 290, False, 4
2337,0, 290, False, 4
2338,0, 290, False, 4
2339,0, 290, False, 4
2340,0, 290, False, 4
2341,0, 290, False, 4
2342,0, 290, False, 4
2343,0, 290, False, 4
2344,0, 290, False, 4
2345,0, 290, False, 4
2346,0, 290, False, 4
2347,0, 290, False, 4
2348,0, 290, False, 4
2349,0, 290, False, 0
2350,0, 290, False, 0
2351,0, 290, False, 0
2352,0, 290, False, 0
2353,0, 290, False, 0
2354,0, 290, False, 0
2355,0, 290, False, 0
2356,0, 290, False, 0
2357,0, 290, False, 0
2358,0, 290, False, 0
2359,0, 290, False, 0
2360,0, 290, False, 0
2361,0, 290, False, 0
2362,0, 290, False, 0
2363,0, 290, False, 0
2364,0, 290, False, 0
2365,0, 290, False, 0
2366,0, 290, False, 0
2367,0, 290, False, 0
2368,0, 290, False, 4
2369,0, 290, False, 4
2370,0, 290, False, 4
2371,0, 290, False, 4
2372,0, 290, False, 4
2373,0, 290, False, 4
2374,0, 290, False, 4
2375,0, 290, False, 4
2376,0, 290, False, 4
2377,0, 290, False, 4
2378,0, 290, False, 0
2379,0, 290, False, 0
2380,0, 290, False, 3
2381,0, 290, False, 3
2382,0, 290, False, 3
2383,0, 290, False, 3
2384,0, 290, False, 3
2385,0, 290, False, 3
2386,0, 290, False, 3
2387,0, 290, False, 3
2388,0, 290, False, 3
2389,0, 290, False, 3
2390,0, 290, False, 0
2391,0, 290, False, 0
2392,0, 290, False, 0
2393,0, 290, False, 0
2394,0, 290, False, 0
2395,0, 290, False, 4
2396,0, 290, False, 4
2397,0, 290, False, 4
2398,0, 290, False, 4
2399,0, 290, False, 4
2400,0, 290, False, 4
2401,0, 290, False, 4
2402,0, 290, False, 4
2403,0, 290, False, 4
2404,0, 290, False, 4
2405,0, 290, False, 4
2406,0, 290, False, 4
2407,0, 290, False, 4
2408,0, 290, False, 0
2409,0, 290, False, 0
2410,0, 290, False, 0
2411,0, 290, False, 0
2412,0, 290, False, 0
2413,0, 290, False, 0
2414,0, 290, False, 0
2415,0, 290, False, 0
2416,0, 290, False, 0
2417,0, 290, False, 0
2418,0, 290, False, 1
2419,0, 290, False, 1
2420,0, 290, False, 11
2421,0, 290, False, 11
2422,0, 290, False, 11
2423,0, 290, False, 11
2424,0, 290, False, 11
2425,0, 290, False, 11
2426,0, 290, False, 3
2427,0, 290, False, 3
2428,0, 290, False, 3
2429,0, 290, False, 3
2430,0, 290, False, 0
2431,0, 290, False, 0
2432,0, 290, False, 0
2433,0, 290, False, 1
2434,0, 290, False, 1
2435,0, 290, False, 1
2436,0, 290, False, 1
2437,0, 290, False, 1
2438,0, 290, False, 1
2439,0, 290, False, 1
2440,0, 290, False, 1
2441,0, 290, False, 1
2442,0, 290, False, 1
2443,0, 290, False, 0
2444,0, 290, False, 0
2445,0, 290, False, 0
2446,0, 290, False, 0
2447,0, 290, False, 0
2448,0, 290, False, 0
2449,0, 290, False, 0
2450,0, 290, False, 0
2451,0, 290, False, 0
2452,0, 290, False, 3
2453,0, 290, False, 3
2454,0, 290, False, 3
2455,0, 290, False, 3
2456,0, 290, False, 3
2457,0, 290, False, 3
2458,0, 290, False, 3
2459,0, 290, False, 3
2460,0, 290, False, 3
2461,0, 290, False, 3
2462,0, 290, False, 3
2463,0, 290, False, 3
2464,0, 290, False, 3
2465,0, 290, False, 3
2466,0, 290, False, 0
2467,0, 290, False, 0
2468,0, 290, False, 0
2469,0, 290, False, 0
2470,0, 290, False, 1
2471,0, 290, False, 1
2472,0, 290, False, 1
2473,0, 290, False, 1
2474,0, 290, False, 1
2475,0, 290, False, 1
2476,0, 290, False, 1
2477,0, 290, False, 1
2478,0, 290, False, 1
2479,0, 290, False, 0
2480,0, 290, False, 0
2481,0, 290, False, 0
2482,0, 290, False, 0
2483,0, 290, False, 0
2484,0, 290, False, 0
2485,0, 290, False, 0
2486,0, 290, False, 0
2487,0, 290, False, 0
2488,0, 290, False, 0
2489,0, 290, False, 0
2490,0, 290, False, 0
2491,0, 290, False, 0
2492,0, 290, False, 0
2493,0, 290, False, 0
2494,0, 290, False, 0
2495,0, 290, False, 0
2496,0, 290, False, 1
2497,0, 290, False, 1
2498,0, 290, False, 1
2499,0, 290, False, 1
2500,0, 290, False, 1
2501,0, 290, False, 1
2502,0, 290, False, 1
2503,0, 290, False, 1
2504,0, 290, False, 1
2505,0, 290, False, 1
2506,0, 290, False, 0
2507,0, 290, False, 0
2508,0, 290, False, 0
2509,0, 290, False, 0
2510,0, 290, False, 3
2511,0, 290, False, 3
2512,0, 290, False, 3
2513,0, 290, False, 3
2514,0, 290, False, 3
2515,0, 290, False, 3
2516,0, 290, False, 3
2517,0, 290, False, 3
2518,0, 290, False, 3
2519,0, 290, False, 3
2520,0, 290, False, 3
2521,0, 290, False, 3
2522,0, 290, False, 3
2523,0, 290, False, 0
2524,0, 290, False, 0
2525,0, 290, False, 0
2526,0, 290, False, 0
2527,0, 290, False, 0
2528,0, 290, False, 1
2529,0, 290, False, 1
2530,0, 290, False, 1
2531,0, 290, False, 1
2532,0, 290, False, 1
2533,0, 290, False, 1
2534,0, 290, False, 1
2535,0, 290, False, 1
2536,20, 310, False, 1
2537,0, 310, False, 0
2538,0, 310, False, 0
2539,0, 310, False, 0
2540,0, 310, False, 0
2541,0, 310, False, 0
2542,0, 310, False, 0
2543,0, 310, False, 0
2544,0, 310, False, 0
2545,0, 310, False, 0
2546,0, 310, False, 0
2547,0, 310, False, 0
2548,0, 310, False, 0
2549,0, 310, False, 0
2550,0, 310, False, 0
2551,0, 310, False, 0
2552,0, 310, False, 0
2553,0, 310, False, 3
2554,0, 310, False, 3
2555,0, 310, False, 3
2556,0, 310, False, 3
2557,0, 310, False, 3
2558,0, 310, False, 3
2559,0, 310, False, 3
2560,0, 310, False, 3
2561,0, 310, False, 0
2562,0, 310, False, 0
2563,0, 310, False, 0
2564,0, 310, False, 0
2565,0, 310, False, 1
2566,0, 310, False, 1
2567,0, 310, False, 1
2568,0, 310, False, 1
2569,0, 310, False, 1
2570,0, 310, False, 1
2571,0, 310, False, 1
2572,0, 310, False, 1
2573,0, 310, False, 1
2574,0, 310, False, 1
2575,0, 310, False, 0
2576,0, 310, False, 0
2577,0, 310, False, 0
2578,0, 310, False, 0
2579,0, 310, False, 0
2580,0, 310, False, 0
2581,0, 310, False, 0
2582,0, 310, False, 0
2583,0, 310, False, 0
2584,0, 310, False, 0
2585,0, 310, False, 0
2586,0, 310, False, 0
2587,0, 310, False, 0
2588,0, 310, False, 0
2589,0, 310, False, 0
2590,0, 310, False, 0
2591,0, 310, False, 0
2592,0, 310, False, 0
2593,0, 310, False, 0
2594,0, 310, False, 0
2595,0, 310, False, 0
2596,0, 310, False, 0
2597,0, 310, False, 0
2598,0, 310, False, 0
2599,0, 310, False, 0
2600,0, 310, False, 0
2601,0, 310, False, 0
2602,0, 310, False, 0
2603,0, 310, False, 0
2604,0, 310, False, 0
2605,0, 310, False, 0
2606,25, 335, False, 0
2607,0, 335, False, 0
2608,0, 335, False, 0
2609,0, 335, False, 0
2610,0, 335, False, 0
2611,0, 335, False, 0
2612,0, 335, False, 0
2613,0, 335, False, 0
2614,0, 335, False, 0
2615,0, 335, False, 0
2616,0, 335, False, 0
2617,0, 335, False, 0
2618,0, 335, False, 3
2619,0, 335, False, 3
2620,0, 335, False, 3
2621,0, 335, False, 3
2622,0, 335, False, 3
2623,0, 335, False, 3
2624,0, 335, False, 3
2625,0, 335, False, 3
2626,0, 335, False, 11
2627,0, 335, False, 11
2628,0, 335, False, 1
2629,0, 335, False, 1
2630,0, 335, False, 1
2631,0, 335, False, 1
2632,0, 335, False, 1
2633,0, 335, False, 1
2634,0, 335, False, 1
2635,0, 335, False, 0
2636,0, 335, False, 0
2637,0, 335, False, 0
2638,0, 335, False, 0
2639,0, 335, False, 0
2640,0, 335, False, 0
2641,0, 335, False, 0
2642,0, 335, False, 0
2643,0, 335, False, 0
2644,0, 335, False, 0
2645,0, 335, False, 0
2646,0, 335, False, 0
2647,0, 335, False, 0
2648,0, 335, False, 0
2649,0, 335, False, 0
2650,0, 335, False, 0
2651,0, 335, False, 0
2652,0, 335, False, 0
2653,0, 335, False, 0
2654,0, 335, False, 0
2655,0, 335, False, 0
2656,0, 335, False, 3
2657,0, 335, False, 3
2658,0, 335, False, 3
2659,0, 335, False, 3
2660,0, 335, False, 3
2661,0, 335, False, 3
2662,0, 335, False, 3
2663,0, 335, False, 3
2664,0, 335, False, 3
2665,0, 335, False, 3
2666,0, 335, False, 3
2667,0, 335, False, 3
2668,0, 335, False, 3
2669,0, 335, False, 3
2670,0, 335, False, 3
2671,0, 335, False, 0
2672,0, 335, False, 0
2673,0, 335, False, 0
2674,0, 335, False, 0
2675,0, 335, False, 0
2676,0, 335, False, 0
2677,0, 335, False, 0
2678,30, 365, False, 0
2679,0, 365, False, 0
2680,0, 365, False, 0
2681,0, 365, False, 0
2682,0, 365, False, 0
2683,0, 365, False, 0
2684,0, 365, False, 0
2685,0, 365, False, 0
2686,0, 365, False, 0
2687,0, 365, False, 0
2688,0, 365, False, 0
2689,0, 365, False, 0
2690,0, 365, False, 0
2691,0, 365, False, 0
2692,0, 365, False, 4
2693,0, 365, False, 4
2694,0, 365, False, 4
2695,0, 365, False, 4
2696,0, 365, False, 4
2697,0, 365, False, 4
2698,0, 365, False, 4
2699,0, 365, False, 4
2700,0, 365, False, 4
2701,0, 365, True, 4
