db traj id : 2426
frame,reward,score,terminal, action
0,0, 0, False, 0
1,0, 0, False, 0
2,0, 0, False, 0
3,0, 0, False, 0
4,0, 0, False, 0
5,0, 0, False, 0
6,0, 0, False, 0
7,0, 0, False, 0
8,0, 0, False, 0
9,0, 0, False, 0
10,0, 0, False, 0
11,0, 0, False, 0
12,0, 0, False, 0
13,0, 0, False, 0
14,0, 0, False, 0
15,0, 0, False, 0
16,0, 0, False, 0
17,0, 0, False, 0
18,0, 0, False, 0
19,0, 0, False, 0
20,0, 0, False, 0
21,0, 0, False, 0
22,0, 0, False, 0
23,0, 0, False, 0
24,0, 0, False, 0
25,0, 0, False, 0
26,0, 0, False, 0
27,0, 0, False, 0
28,0, 0, False, 0
29,0, 0, False, 0
30,0, 0, False, 0
31,0, 0, False, 0
32,0, 0, False, 0
33,0, 0, False, 0
34,0, 0, False, 0
35,0, 0, False, 0
36,0, 0, False, 0
37,0, 0, False, 0
38,0, 0, False, 0
39,0, 0, False, 0
40,0, 0, False, 0
41,0, 0, False, 0
42,0, 0, False, 0
43,0, 0, False, 0
44,0, 0, False, 0
45,0, 0, False, 0
46,0, 0, False, 0
47,0, 0, False, 0
48,0, 0, False, 0
49,0, 0, False, 0
50,0, 0, False, 0
51,0, 0, False, 0
52,0, 0, False, 0
53,0, 0, False, 0
54,0, 0, False, 0
55,0, 0, False, 0
56,0, 0, False, 0
57,0, 0, False, 0
58,0, 0, False, 0
59,0, 0, False, 0
60,0, 0, False, 0
61,0, 0, False, 3
62,0, 0, False, 3
63,0, 0, False, 3
64,0, 0, False, 3
65,0, 0, False, 3
66,0, 0, False, 3
67,0, 0, False, 3
68,0, 0, False, 3
69,0, 0, False, 3
70,0, 0, False, 3
71,0, 0, False, 3
72,0, 0, False, 3
73,0, 0, False, 3
74,0, 0, False, 3
75,0, 0, False, 3
76,0, 0, False, 3
77,0, 0, False, 3
78,0, 0, False, 3
79,0, 0, False, 3
80,0, 0, False, 3
81,0, 0, False, 3
82,0, 0, False, 3
83,0, 0, False, 3
84,0, 0, False, 3
85,0, 0, False, 0
86,0, 0, False, 0
87,0, 0, False, 0
88,0, 0, False, 0
89,0, 0, False, 0
90,0, 0, False, 0
91,0, 0, False, 0
92,0, 0, False, 0
93,0, 0, False, 0
94,0, 0, False, 0
95,0, 0, False, 0
96,0, 0, False, 0
97,0, 0, False, 0
98,0, 0, False, 0
99,0, 0, False, 0
100,0, 0, False, 0
101,0, 0, False, 0
102,0, 0, False, 0
103,0, 0, False, 0
104,0, 0, False, 0
105,0, 0, False, 0
106,0, 0, False, 3
107,0, 0, False, 3
108,0, 0, False, 3
109,0, 0, False, 3
110,0, 0, False, 3
111,0, 0, False, 3
112,0, 0, False, 3
113,0, 0, False, 3
114,0, 0, False, 3
115,0, 0, False, 3
116,0, 0, False, 3
117,0, 0, False, 3
118,0, 0, False, 3
119,0, 0, False, 3
120,0, 0, False, 3
121,0, 0, False, 3
122,0, 0, False, 3
123,0, 0, False, 3
124,0, 0, False, 3
125,0, 0, False, 3
126,0, 0, False, 3
127,0, 0, False, 3
128,0, 0, False, 3
129,0, 0, False, 3
130,0, 0, False, 3
131,0, 0, False, 3
132,0, 0, False, 3
133,0, 0, False, 3
134,0, 0, False, 3
135,0, 0, False, 3
136,0, 0, False, 3
137,0, 0, False, 3
138,0, 0, False, 0
139,0, 0, False, 0
140,0, 0, False, 0
141,0, 0, False, 0
142,0, 0, False, 0
143,0, 0, False, 0
144,0, 0, False, 0
145,0, 0, False, 0
146,0, 0, False, 0
147,0, 0, False, 0
148,0, 0, False, 0
149,0, 0, False, 0
150,0, 0, False, 3
151,0, 0, False, 3
152,0, 0, False, 3
153,0, 0, False, 3
154,0, 0, False, 3
155,0, 0, False, 3
156,0, 0, False, 3
157,0, 0, False, 3
158,0, 0, False, 3
159,0, 0, False, 3
160,0, 0, False, 3
161,0, 0, False, 3
162,0, 0, False, 3
163,0, 0, False, 3
164,0, 0, False, 3
165,0, 0, False, 3
166,0, 0, False, 3
167,0, 0, False, 3
168,0, 0, False, 3
169,0, 0, False, 3
170,0, 0, False, 3
171,0, 0, False, 3
172,0, 0, False, 3
173,0, 0, False, 3
174,0, 0, False, 3
175,0, 0, False, 3
176,0, 0, False, 3
177,0, 0, False, 3
178,0, 0, False, 3
179,0, 0, False, 3
180,0, 0, False, 3
181,0, 0, False, 3
182,0, 0, False, 3
183,0, 0, False, 3
184,0, 0, False, 3
185,0, 0, False, 3
186,0, 0, False, 3
187,0, 0, False, 3
188,0, 0, False, 3
189,0, 0, False, 3
190,0, 0, False, 0
191,0, 0, False, 1
192,0, 0, False, 1
193,0, 0, False, 1
194,0, 0, False, 1
195,0, 0, False, 1
196,0, 0, False, 1
197,0, 0, False, 1
198,0, 0, False, 1
199,0, 0, False, 1
200,0, 0, False, 1
201,0, 0, False, 1
202,0, 0, False, 1
203,0, 0, False, 1
204,0, 0, False, 1
205,0, 0, False, 1
206,0, 0, False, 1
207,0, 0, False, 0
208,0, 0, False, 0
209,0, 0, False, 0
210,0, 0, False, 0
211,0, 0, False, 0
212,0, 0, False, 0
213,0, 0, False, 0
214,0, 0, False, 0
215,0, 0, False, 0
216,5, 5, False, 0
217,0, 5, False, 0
218,0, 5, False, 0
219,0, 5, False, 0
220,0, 5, False, 0
221,0, 5, False, 0
222,0, 5, False, 0
223,0, 5, False, 0
224,0, 5, False, 0
225,0, 5, False, 3
226,0, 5, False, 3
227,0, 5, False, 3
228,0, 5, False, 3
229,0, 5, False, 3
230,0, 5, False, 3
231,0, 5, False, 3
232,0, 5, False, 3
233,0, 5, False, 3
234,0, 5, False, 3
235,0, 5, False, 3
236,0, 5, False, 3
237,0, 5, False, 3
238,0, 5, False, 3
239,0, 5, False, 3
240,0, 5, False, 3
241,0, 5, False, 3
242,0, 5, False, 3
243,0, 5, False, 3
244,0, 5, False, 3
245,0, 5, False, 3
246,0, 5, False, 3
247,0, 5, False, 3
248,0, 5, False, 3
249,0, 5, False, 3
250,0, 5, False, 3
251,0, 5, False, 3
252,0, 5, False, 3
253,0, 5, False, 3
254,0, 5, False, 3
255,0, 5, False, 3
256,0, 5, False, 3
257,0, 5, False, 3
258,0, 5, False, 3
259,0, 5, False, 3
260,0, 5, False, 3
261,0, 5, False, 3
262,0, 5, False, 3
263,0, 5, False, 3
264,0, 5, False, 3
265,0, 5, False, 3
266,0, 5, False, 3
267,0, 5, False, 3
268,0, 5, False, 3
269,0, 5, False, 3
270,0, 5, False, 3
271,0, 5, False, 3
272,0, 5, False, 3
273,0, 5, False, 3
274,0, 5, False, 3
275,0, 5, False, 3
276,0, 5, False, 3
277,0, 5, False, 3
278,0, 5, False, 3
279,0, 5, False, 3
280,0, 5, False, 3
281,0, 5, False, 0
282,0, 5, False, 0
283,0, 5, False, 0
284,0, 5, False, 0
285,0, 5, False, 0
286,0, 5, False, 0
287,0, 5, False, 0
288,0, 5, False, 1
289,0, 5, False, 1
290,0, 5, False, 1
291,0, 5, False, 1
292,0, 5, False, 1
293,0, 5, False, 1
294,0, 5, False, 1
295,0, 5, False, 1
296,0, 5, False, 0
297,0, 5, False, 0
298,0, 5, False, 0
299,0, 5, False, 0
300,0, 5, False, 0
301,0, 5, False, 0
302,0, 5, False, 0
303,0, 5, False, 0
304,0, 5, False, 0
305,0, 5, False, 0
306,0, 5, False, 0
307,0, 5, False, 0
308,0, 5, False, 0
309,0, 5, False, 0
310,0, 5, False, 0
311,0, 5, False, 0
312,0, 5, False, 0
313,0, 5, False, 0
314,0, 5, False, 0
315,0, 5, False, 0
316,0, 5, False, 0
317,0, 5, False, 0
318,0, 5, False, 0
319,0, 5, False, 0
320,0, 5, False, 0
321,0, 5, False, 0
322,0, 5, False, 0
323,0, 5, False, 0
324,0, 5, False, 0
325,0, 5, False, 0
326,0, 5, False, 0
327,0, 5, False, 0
328,0, 5, False, 0
329,0, 5, False, 0
330,0, 5, False, 4
331,0, 5, False, 4
332,0, 5, False, 4
333,0, 5, False, 4
334,0, 5, False, 4
335,0, 5, False, 4
336,0, 5, False, 0
337,0, 5, False, 0
338,0, 5, False, 0
339,0, 5, False, 0
340,0, 5, False, 0
341,0, 5, False, 0
342,0, 5, False, 0
343,0, 5, False, 0
344,0, 5, False, 0
345,0, 5, False, 0
346,0, 5, False, 0
347,0, 5, False, 0
348,0, 5, False, 0
349,0, 5, False, 0
350,0, 5, False, 0
351,0, 5, False, 0
352,0, 5, False, 0
353,0, 5, False, 1
354,0, 5, False, 1
355,0, 5, False, 1
356,0, 5, False, 1
357,0, 5, False, 1
358,0, 5, False, 1
359,0, 5, False, 1
360,0, 5, False, 1
361,0, 5, False, 1
362,0, 5, False, 1
363,0, 5, False, 0
364,0, 5, False, 0
365,0, 5, False, 0
366,0, 5, False, 0
367,0, 5, False, 0
368,0, 5, False, 0
369,0, 5, False, 0
370,0, 5, False, 0
371,0, 5, False, 0
372,0, 5, False, 0
373,0, 5, False, 0
374,0, 5, False, 0
375,0, 5, False, 0
376,0, 5, False, 0
377,0, 5, False, 0
378,0, 5, False, 1
379,0, 5, False, 1
380,0, 5, False, 1
381,0, 5, False, 1
382,0, 5, False, 1
383,0, 5, False, 1
384,0, 5, False, 1
385,0, 5, False, 1
386,0, 5, False, 0
387,0, 5, False, 0
388,0, 5, False, 0
389,0, 5, False, 0
390,0, 5, False, 0
391,0, 5, False, 0
392,0, 5, False, 0
393,0, 5, False, 0
394,0, 5, False, 1
395,0, 5, False, 1
396,0, 5, False, 1
397,0, 5, False, 1
398,0, 5, False, 1
399,0, 5, False, 1
400,0, 5, False, 1
401,0, 5, False, 1
402,0, 5, False, 0
403,0, 5, False, 0
404,0, 5, False, 0
405,0, 5, False, 0
406,0, 5, False, 0
407,0, 5, False, 0
408,0, 5, False, 0
409,0, 5, False, 0
410,0, 5, False, 0
411,0, 5, False, 0
412,0, 5, False, 0
413,0, 5, False, 0
414,0, 5, False, 0
415,0, 5, False, 0
416,0, 5, False, 0
417,0, 5, False, 0
418,0, 5, False, 0
419,0, 5, False, 0
420,0, 5, False, 0
421,0, 5, False, 0
422,0, 5, False, 0
423,0, 5, False, 0
424,0, 5, False, 0
425,0, 5, False, 3
426,0, 5, False, 3
427,0, 5, False, 3
428,0, 5, False, 3
429,0, 5, False, 3
430,0, 5, False, 3
431,0, 5, False, 3
432,0, 5, False, 3
433,0, 5, False, 3
434,0, 5, False, 3
435,0, 5, False, 3
436,0, 5, False, 3
437,0, 5, False, 3
438,0, 5, False, 3
439,0, 5, False, 3
440,0, 5, False, 3
441,0, 5, False, 3
442,0, 5, False, 3
443,0, 5, False, 3
444,0, 5, False, 3
445,0, 5, False, 3
446,0, 5, False, 3
447,0, 5, False, 3
448,0, 5, False, 3
449,0, 5, False, 0
450,0, 5, False, 0
451,0, 5, False, 0
452,30, 35, False, 0
453,0, 35, False, 0
454,0, 35, False, 0
455,0, 35, False, 0
456,0, 35, False, 0
457,0, 35, False, 0
458,0, 35, False, 0
459,0, 35, False, 0
460,0, 35, False, 0
461,0, 35, False, 0
462,0, 35, False, 0
463,0, 35, False, 0
464,0, 35, False, 4
465,0, 35, False, 4
466,0, 35, False, 4
467,0, 35, False, 4
468,0, 35, False, 4
469,0, 35, False, 4
470,0, 35, False, 4
471,0, 35, False, 4
472,0, 35, False, 4
473,0, 35, False, 4
474,0, 35, False, 4
475,0, 35, False, 4
476,0, 35, False, 4
477,0, 35, False, 4
478,0, 35, False, 4
479,0, 35, False, 4
480,0, 35, False, 4
481,0, 35, False, 4
482,0, 35, False, 0
483,0, 35, False, 0
484,0, 35, False, 0
485,0, 35, False, 0
486,0, 35, False, 0
487,0, 35, False, 0
488,0, 35, False, 0
489,0, 35, False, 0
490,0, 35, False, 0
491,0, 35, False, 0
492,0, 35, False, 0
493,0, 35, False, 0
494,0, 35, False, 0
495,0, 35, False, 1
496,0, 35, False, 1
497,0, 35, False, 1
498,0, 35, False, 1
499,0, 35, False, 1
500,0, 35, False, 1
501,0, 35, False, 1
502,0, 35, False, 1
503,0, 35, False, 0
504,0, 35, False, 0
505,0, 35, False, 0
506,0, 35, False, 0
507,0, 35, False, 0
508,0, 35, False, 0
509,0, 35, False, 0
510,0, 35, False, 0
511,0, 35, False, 0
512,0, 35, False, 0
513,0, 35, False, 0
514,0, 35, False, 0
515,0, 35, False, 0
516,0, 35, False, 0
517,0, 35, False, 0
518,0, 35, False, 0
519,0, 35, False, 0
520,0, 35, False, 0
521,0, 35, False, 0
522,0, 35, False, 0
523,0, 35, False, 0
524,0, 35, False, 0
525,0, 35, False, 0
526,0, 35, False, 0
527,0, 35, False, 0
528,0, 35, False, 0
529,0, 35, False, 0
530,0, 35, False, 0
531,0, 35, False, 0
532,0, 35, False, 0
533,0, 35, False, 0
534,0, 35, False, 0
535,0, 35, False, 0
536,0, 35, False, 0
537,0, 35, False, 0
538,0, 35, False, 0
539,0, 35, False, 0
540,0, 35, False, 0
541,0, 35, False, 0
542,0, 35, False, 0
543,0, 35, False, 0
544,0, 35, False, 0
545,0, 35, False, 0
546,20, 55, False, 0
547,0, 55, False, 0
548,0, 55, False, 0
549,0, 55, False, 0
550,0, 55, False, 0
551,0, 55, False, 0
552,0, 55, False, 0
553,0, 55, False, 0
554,0, 55, False, 0
555,0, 55, False, 0
556,0, 55, False, 0
557,0, 55, False, 0
558,0, 55, False, 0
559,0, 55, False, 0
560,0, 55, False, 0
561,0, 55, False, 0
562,0, 55, False, 0
563,0, 55, False, 0
564,0, 55, False, 0
565,0, 55, False, 3
566,0, 55, False, 3
567,0, 55, False, 3
568,0, 55, False, 3
569,0, 55, False, 3
570,0, 55, False, 3
571,0, 55, False, 3
572,0, 55, False, 3
573,0, 55, False, 3
574,0, 55, False, 3
575,0, 55, False, 3
576,0, 55, False, 0
577,0, 55, False, 0
578,0, 55, False, 0
579,0, 55, False, 0
580,0, 55, False, 0
581,0, 55, False, 0
582,0, 55, False, 0
583,0, 55, False, 0
584,0, 55, False, 0
585,0, 55, False, 0
586,0, 55, False, 0
587,0, 55, False, 0
588,0, 55, False, 0
589,0, 55, False, 0
590,0, 55, False, 0
591,0, 55, False, 0
592,0, 55, False, 0
593,0, 55, False, 0
594,0, 55, False, 0
595,0, 55, False, 0
596,0, 55, False, 0
597,0, 55, False, 4
598,0, 55, False, 4
599,0, 55, False, 1
600,0, 55, False, 1
601,0, 55, False, 1
602,0, 55, False, 1
603,0, 55, False, 1
604,0, 55, False, 1
605,0, 55, False, 1
606,0, 55, False, 1
607,0, 55, False, 0
608,0, 55, False, 0
609,0, 55, False, 0
610,0, 55, False, 0
611,0, 55, False, 0
612,0, 55, False, 0
613,0, 55, False, 0
614,0, 55, False, 0
615,0, 55, False, 0
616,0, 55, False, 0
617,0, 55, False, 0
618,0, 55, False, 0
619,0, 55, False, 0
620,0, 55, False, 0
621,0, 55, False, 0
622,0, 55, False, 0
623,0, 55, False, 0
624,0, 55, False, 0
625,0, 55, False, 0
626,0, 55, False, 0
627,0, 55, False, 0
628,0, 55, False, 4
629,0, 55, False, 4
630,0, 55, False, 4
631,0, 55, False, 4
632,0, 55, False, 0
633,0, 55, False, 0
634,0, 55, False, 0
635,0, 55, False, 0
636,0, 55, False, 3
637,0, 55, False, 3
638,0, 55, False, 3
639,0, 55, False, 3
640,0, 55, False, 3
641,0, 55, False, 3
642,0, 55, False, 3
643,0, 55, False, 3
644,0, 55, False, 3
645,0, 55, False, 3
646,0, 55, False, 3
647,0, 55, False, 3
648,0, 55, False, 3
649,0, 55, False, 3
650,0, 55, False, 3
651,0, 55, False, 3
652,0, 55, False, 3
653,0, 55, False, 3
654,0, 55, False, 3
655,0, 55, False, 3
656,0, 55, False, 3
657,0, 55, False, 3
658,0, 55, False, 3
659,0, 55, False, 3
660,0, 55, False, 0
661,0, 55, False, 0
662,0, 55, False, 0
663,0, 55, False, 0
664,0, 55, False, 0
665,0, 55, False, 0
666,0, 55, False, 0
667,0, 55, False, 0
668,0, 55, False, 3
669,0, 55, False, 3
670,0, 55, False, 3
671,0, 55, False, 3
672,0, 55, False, 3
673,0, 55, False, 3
674,0, 55, False, 3
675,0, 55, False, 3
676,0, 55, False, 3
677,0, 55, False, 3
678,0, 55, False, 3
679,0, 55, False, 3
680,0, 55, False, 3
681,0, 55, False, 3
682,0, 55, False, 3
683,0, 55, False, 3
684,0, 55, False, 3
685,0, 55, False, 3
686,0, 55, False, 3
687,0, 55, False, 3
688,0, 55, False, 3
689,0, 55, False, 3
690,0, 55, False, 3
691,0, 55, False, 3
692,0, 55, False, 3
693,0, 55, False, 3
694,0, 55, False, 3
695,0, 55, False, 3
696,0, 55, False, 3
697,0, 55, False, 3
698,0, 55, False, 3
699,0, 55, False, 3
700,0, 55, False, 0
701,0, 55, False, 1
702,0, 55, False, 1
703,0, 55, False, 1
704,0, 55, False, 1
705,0, 55, False, 1
706,0, 55, False, 1
707,0, 55, False, 1
708,0, 55, False, 1
709,0, 55, False, 1
710,0, 55, False, 1
711,0, 55, False, 0
712,0, 55, False, 0
713,0, 55, False, 0
714,0, 55, False, 0
715,0, 55, False, 0
716,0, 55, False, 0
717,0, 55, False, 0
718,0, 55, False, 0
719,0, 55, False, 3
720,0, 55, False, 3
721,0, 55, False, 3
722,0, 55, False, 3
723,0, 55, False, 3
724,0, 55, False, 3
725,0, 55, False, 3
726,0, 55, False, 3
727,0, 55, False, 3
728,0, 55, False, 3
729,0, 55, False, 4
730,0, 55, False, 4
731,0, 55, False, 4
732,0, 55, False, 4
733,0, 55, False, 4
734,0, 55, False, 4
735,0, 55, False, 4
736,0, 55, False, 4
737,0, 55, False, 4
738,0, 55, False, 4
739,0, 55, False, 4
740,0, 55, False, 4
741,0, 55, False, 4
742,0, 55, False, 4
743,0, 55, False, 4
744,0, 55, False, 4
745,0, 55, False, 4
746,0, 55, False, 4
747,0, 55, False, 4
748,0, 55, False, 4
749,0, 55, False, 4
750,0, 55, False, 4
751,0, 55, False, 4
752,0, 55, False, 4
753,0, 55, False, 4
754,0, 55, False, 4
755,0, 55, False, 4
756,0, 55, False, 4
757,0, 55, False, 0
758,0, 55, False, 0
759,0, 55, False, 0
760,0, 55, False, 0
761,0, 55, False, 0
762,0, 55, False, 0
763,0, 55, False, 0
764,0, 55, False, 0
765,0, 55, False, 0
766,0, 55, False, 0
767,0, 55, False, 0
768,0, 55, False, 0
769,0, 55, False, 0
770,0, 55, False, 0
771,0, 55, False, 0
772,0, 55, False, 0
773,0, 55, False, 0
774,0, 55, False, 0
775,0, 55, False, 0
776,0, 55, False, 0
777,0, 55, False, 0
778,0, 55, False, 0
779,0, 55, False, 0
780,0, 55, False, 0
781,0, 55, False, 0
782,0, 55, False, 0
783,0, 55, False, 0
784,0, 55, False, 0
785,0, 55, False, 0
786,0, 55, False, 0
787,0, 55, False, 0
788,0, 55, False, 4
789,0, 55, False, 4
790,0, 55, False, 4
791,0, 55, False, 4
792,0, 55, False, 4
793,0, 55, False, 4
794,0, 55, False, 4
795,0, 55, False, 4
796,0, 55, False, 4
797,0, 55, False, 4
798,0, 55, False, 0
799,0, 55, False, 0
800,0, 55, False, 0
801,0, 55, False, 0
802,0, 55, False, 0
803,0, 55, False, 0
804,0, 55, False, 1
805,0, 55, False, 1
806,0, 55, False, 1
807,0, 55, False, 1
808,0, 55, False, 1
809,0, 55, False, 1
810,0, 55, False, 1
811,0, 55, False, 1
812,0, 55, False, 1
813,0, 55, False, 1
814,0, 55, False, 0
815,0, 55, False, 0
816,0, 55, False, 4
817,0, 55, False, 4
818,0, 55, False, 4
819,0, 55, False, 4
820,0, 55, False, 4
821,0, 55, False, 4
822,0, 55, False, 4
823,0, 55, False, 4
824,0, 55, False, 4
825,0, 55, False, 4
826,0, 55, False, 4
827,0, 55, False, 4
828,0, 55, False, 4
829,0, 55, False, 4
830,0, 55, False, 0
831,0, 55, False, 0
832,0, 55, False, 3
833,0, 55, False, 3
834,0, 55, False, 3
835,0, 55, False, 3
836,0, 55, False, 3
837,0, 55, False, 3
838,0, 55, False, 3
839,0, 55, False, 3
840,0, 55, False, 3
841,0, 55, False, 3
842,0, 55, False, 3
843,0, 55, False, 3
844,0, 55, False, 3
845,0, 55, False, 3
846,0, 55, False, 3
847,0, 55, False, 3
848,0, 55, False, 3
849,0, 55, False, 3
850,0, 55, False, 3
851,0, 55, False, 3
852,0, 55, False, 3
853,0, 55, False, 3
854,0, 55, False, 3
855,0, 55, False, 3
856,0, 55, False, 3
857,0, 55, False, 3
858,0, 55, False, 3
859,0, 55, False, 3
860,0, 55, False, 3
861,0, 55, False, 3
862,0, 55, False, 3
863,0, 55, False, 3
864,0, 55, False, 3
865,0, 55, False, 3
866,25, 80, False, 3
867,0, 80, False, 3
868,0, 80, False, 3
869,0, 80, False, 0
870,0, 80, False, 0
871,0, 80, False, 0
872,0, 80, False, 0
873,0, 80, False, 0
874,0, 80, False, 0
875,0, 80, False, 0
876,0, 80, False, 0
877,0, 80, False, 0
878,0, 80, False, 0
879,0, 80, False, 0
880,0, 80, False, 0
881,0, 80, False, 3
882,0, 80, False, 3
883,0, 80, False, 3
884,0, 80, False, 3
885,0, 80, False, 3
886,0, 80, False, 3
887,0, 80, False, 3
888,0, 80, False, 3
889,0, 80, False, 0
890,0, 80, False, 0
891,0, 80, False, 0
892,0, 80, False, 0
893,0, 80, False, 0
894,0, 80, False, 0
895,0, 80, False, 3
896,0, 80, False, 3
897,0, 80, False, 3
898,0, 80, False, 3
899,0, 80, False, 3
900,0, 80, False, 3
901,0, 80, False, 0
902,0, 80, False, 0
903,0, 80, False, 0
904,0, 80, False, 0
905,0, 80, False, 0
906,0, 80, False, 0
907,0, 80, False, 0
908,0, 80, False, 1
909,0, 80, False, 1
910,0, 80, False, 1
911,0, 80, False, 1
912,0, 80, False, 1
913,0, 80, False, 1
914,0, 80, False, 1
915,0, 80, False, 1
916,0, 80, False, 0
917,0, 80, False, 0
918,0, 80, False, 0
919,0, 80, False, 0
920,0, 80, False, 0
921,0, 80, False, 0
922,0, 80, False, 0
923,0, 80, False, 0
924,0, 80, False, 0
925,0, 80, False, 0
926,0, 80, False, 0
927,0, 80, False, 0
928,0, 80, False, 0
929,0, 80, False, 0
930,0, 80, False, 0
931,0, 80, False, 0
932,0, 80, False, 0
933,0, 80, False, 0
934,0, 80, False, 0
935,0, 80, False, 0
936,0, 80, False, 0
937,0, 80, False, 0
938,0, 80, False, 0
939,0, 80, False, 0
940,0, 80, False, 0
941,0, 80, False, 0
942,0, 80, False, 0
943,0, 80, False, 0
944,0, 80, False, 0
945,0, 80, False, 0
946,0, 80, False, 0
947,0, 80, False, 0
948,0, 80, False, 0
949,0, 80, False, 0
950,0, 80, False, 0
951,0, 80, False, 0
952,0, 80, False, 0
953,0, 80, False, 0
954,0, 80, False, 0
955,0, 80, False, 0
956,0, 80, False, 0
957,0, 80, False, 0
958,0, 80, False, 0
959,0, 80, False, 0
960,0, 80, False, 0
961,0, 80, False, 0
962,0, 80, False, 0
963,0, 80, False, 0
964,0, 80, False, 0
965,0, 80, False, 0
966,25, 105, False, 0
967,0, 105, False, 0
968,0, 105, False, 0
969,0, 105, False, 0
970,0, 105, False, 0
971,0, 105, False, 0
972,0, 105, False, 0
973,0, 105, False, 0
974,0, 105, False, 1
975,0, 105, False, 1
976,0, 105, False, 1
977,0, 105, False, 1
978,0, 105, False, 1
979,0, 105, False, 1
980,0, 105, False, 1
981,0, 105, False, 1
982,0, 105, False, 0
983,0, 105, False, 0
984,0, 105, False, 0
985,0, 105, False, 0
986,0, 105, False, 0
987,0, 105, False, 0
988,0, 105, False, 0
989,0, 105, False, 0
990,0, 105, False, 0
991,0, 105, False, 0
992,0, 105, False, 0
993,0, 105, False, 0
994,0, 105, False, 0
995,0, 105, False, 0
996,0, 105, False, 0
997,0, 105, False, 0
998,0, 105, False, 0
999,0, 105, False, 0
1000,0, 105, False, 0
1001,0, 105, False, 0
1002,0, 105, False, 0
1003,0, 105, False, 0
1004,0, 105, False, 0
1005,0, 105, False, 0
1006,0, 105, False, 0
1007,0, 105, False, 0
1008,0, 105, False, 0
1009,0, 105, False, 0
1010,0, 105, False, 0
1011,0, 105, False, 3
1012,0, 105, False, 3
1013,0, 105, False, 3
1014,0, 105, False, 3
1015,0, 105, False, 3
1016,0, 105, False, 3
1017,0, 105, False, 3
1018,0, 105, False, 3
1019,0, 105, False, 3
1020,0, 105, False, 3
1021,0, 105, False, 3
1022,0, 105, False, 3
1023,0, 105, False, 3
1024,0, 105, False, 3
1025,0, 105, False, 3
1026,0, 105, False, 0
1027,0, 105, False, 0
1028,0, 105, False, 0
1029,0, 105, False, 0
1030,0, 105, False, 0
1031,0, 105, False, 0
1032,0, 105, False, 0
1033,0, 105, False, 0
1034,0, 105, False, 0
1035,0, 105, False, 0
1036,0, 105, False, 3
1037,0, 105, False, 3
1038,0, 105, False, 3
1039,0, 105, False, 3
1040,0, 105, False, 3
1041,0, 105, False, 3
1042,0, 105, False, 3
1043,0, 105, False, 3
1044,0, 105, False, 3
1045,0, 105, False, 3
1046,0, 105, False, 3
1047,0, 105, False, 3
1048,0, 105, False, 3
1049,0, 105, False, 3
1050,0, 105, False, 0
1051,0, 105, False, 0
1052,0, 105, False, 0
1053,0, 105, False, 0
1054,0, 105, False, 0
1055,0, 105, False, 0
1056,0, 105, False, 0
1057,0, 105, False, 0
1058,0, 105, False, 0
1059,0, 105, False, 0
1060,0, 105, False, 0
1061,0, 105, False, 0
1062,0, 105, False, 0
1063,0, 105, False, 0
1064,0, 105, False, 0
1065,0, 105, False, 0
1066,0, 105, False, 0
1067,0, 105, False, 0
1068,0, 105, False, 0
1069,0, 105, False, 0
1070,0, 105, False, 0
1071,0, 105, False, 0
1072,0, 105, False, 0
1073,0, 105, False, 0
1074,0, 105, False, 0
1075,0, 105, False, 0
1076,0, 105, False, 0
1077,0, 105, False, 0
1078,0, 105, False, 0
1079,0, 105, False, 0
1080,0, 105, False, 0
1081,0, 105, False, 0
1082,0, 105, False, 0
1083,0, 105, False, 0
1084,0, 105, False, 0
1085,0, 105, False, 0
1086,0, 105, False, 0
1087,0, 105, False, 0
1088,0, 105, False, 0
1089,0, 105, False, 0
1090,0, 105, False, 0
1091,0, 105, False, 0
1092,0, 105, False, 0
1093,0, 105, False, 0
1094,0, 105, False, 0
1095,0, 105, False, 0
1096,0, 105, False, 0
1097,0, 105, False, 0
1098,0, 105, False, 0
1099,0, 105, False, 0
1100,0, 105, False, 0
1101,0, 105, False, 0
1102,0, 105, False, 0
1103,0, 105, False, 0
1104,0, 105, False, 0
1105,0, 105, False, 0
1106,0, 105, False, 0
1107,0, 105, False, 0
1108,0, 105, False, 0
1109,0, 105, False, 0
1110,0, 105, False, 0
1111,0, 105, False, 0
1112,0, 105, False, 0
1113,0, 105, False, 4
1114,0, 105, False, 4
1115,0, 105, False, 4
1116,0, 105, False, 4
1117,0, 105, False, 4
1118,0, 105, False, 4
1119,0, 105, False, 4
1120,0, 105, False, 4
1121,0, 105, False, 4
1122,0, 105, False, 4
1123,0, 105, False, 4
1124,0, 105, False, 4
1125,0, 105, False, 4
1126,0, 105, False, 4
1127,0, 105, False, 4
1128,0, 105, False, 4
1129,0, 105, False, 4
1130,0, 105, False, 4
1131,0, 105, False, 4
1132,0, 105, False, 4
1133,0, 105, False, 4
1134,0, 105, False, 4
1135,0, 105, False, 4
1136,0, 105, False, 4
1137,0, 105, False, 4
1138,0, 105, False, 4
1139,0, 105, False, 4
1140,0, 105, False, 4
1141,0, 105, False, 4
1142,0, 105, False, 4
1143,0, 105, False, 4
1144,0, 105, False, 4
1145,0, 105, False, 4
1146,0, 105, False, 4
1147,0, 105, False, 4
1148,0, 105, False, 4
1149,0, 105, False, 0
1150,0, 105, False, 0
1151,0, 105, False, 0
1152,0, 105, False, 0
1153,0, 105, False, 0
1154,0, 105, False, 0
1155,0, 105, False, 0
1156,0, 105, False, 0
1157,0, 105, False, 0
1158,0, 105, False, 0
1159,0, 105, False, 0
1160,0, 105, False, 0
1161,0, 105, False, 0
1162,0, 105, False, 0
1163,0, 105, False, 0
1164,0, 105, False, 0
1165,0, 105, False, 0
1166,0, 105, False, 0
1167,0, 105, False, 0
1168,0, 105, False, 0
1169,0, 105, False, 0
1170,0, 105, False, 0
1171,0, 105, False, 0
1172,0, 105, False, 0
1173,0, 105, False, 0
1174,0, 105, False, 0
1175,0, 105, False, 0
1176,0, 105, False, 0
1177,0, 105, False, 0
1178,0, 105, False, 0
1179,0, 105, False, 0
1180,0, 105, False, 0
1181,0, 105, False, 0
1182,0, 105, False, 0
1183,0, 105, False, 0
1184,0, 105, False, 0
1185,0, 105, False, 0
1186,0, 105, False, 0
1187,0, 105, False, 0
1188,0, 105, False, 0
1189,0, 105, False, 0
1190,0, 105, False, 0
1191,0, 105, False, 0
1192,0, 105, False, 0
1193,0, 105, False, 0
1194,0, 105, False, 0
1195,0, 105, False, 0
1196,0, 105, False, 0
1197,0, 105, False, 0
1198,0, 105, False, 0
1199,0, 105, False, 0
1200,0, 105, False, 0
1201,0, 105, False, 0
1202,0, 105, False, 0
1203,0, 105, False, 0
1204,0, 105, False, 0
1205,0, 105, False, 0
1206,0, 105, False, 0
1207,0, 105, False, 0
1208,0, 105, False, 0
1209,0, 105, False, 0
1210,0, 105, False, 0
1211,0, 105, False, 3
1212,0, 105, False, 3
1213,0, 105, False, 3
1214,0, 105, False, 3
1215,0, 105, False, 3
1216,0, 105, False, 3
1217,0, 105, False, 3
1218,0, 105, False, 3
1219,0, 105, False, 3
1220,0, 105, False, 3
1221,0, 105, False, 3
1222,0, 105, False, 3
1223,0, 105, False, 3
1224,0, 105, False, 3
1225,0, 105, False, 3
1226,0, 105, False, 3
1227,0, 105, False, 3
1228,0, 105, False, 3
1229,0, 105, False, 3
1230,0, 105, False, 3
1231,0, 105, False, 3
1232,0, 105, False, 3
1233,0, 105, False, 3
1234,0, 105, False, 3
1235,0, 105, False, 3
1236,0, 105, False, 3
1237,0, 105, False, 3
1238,0, 105, False, 3
1239,0, 105, False, 3
1240,0, 105, False, 3
1241,0, 105, False, 3
1242,0, 105, False, 3
1243,0, 105, False, 3
1244,0, 105, False, 3
1245,0, 105, False, 3
1246,0, 105, False, 3
1247,0, 105, False, 3
1248,0, 105, False, 3
1249,0, 105, False, 3
1250,0, 105, False, 3
1251,0, 105, False, 3
1252,0, 105, False, 3
1253,0, 105, False, 3
1254,0, 105, False, 3
1255,0, 105, False, 3
1256,0, 105, False, 3
1257,0, 105, False, 3
1258,0, 105, False, 3
1259,0, 105, False, 3
1260,0, 105, False, 3
1261,0, 105, False, 11
1262,0, 105, False, 11
1263,0, 105, False, 11
1264,0, 105, False, 11
1265,0, 105, False, 11
1266,0, 105, False, 11
1267,0, 105, False, 11
1268,0, 105, False, 11
1269,0, 105, False, 11
1270,0, 105, False, 11
1271,0, 105, False, 3
1272,0, 105, False, 3
1273,0, 105, False, 3
1274,0, 105, False, 3
1275,0, 105, False, 3
1276,0, 105, False, 3
1277,0, 105, False, 3
1278,0, 105, False, 3
1279,0, 105, False, 3
1280,0, 105, False, 3
1281,0, 105, False, 3
1282,0, 105, False, 3
1283,0, 105, False, 3
1284,0, 105, False, 3
1285,0, 105, False, 3
1286,0, 105, False, 3
1287,0, 105, False, 3
1288,0, 105, False, 3
1289,0, 105, False, 3
1290,0, 105, False, 3
1291,0, 105, False, 3
1292,0, 105, False, 11
1293,0, 105, False, 11
1294,0, 105, False, 11
1295,0, 105, False, 11
1296,0, 105, False, 11
1297,0, 105, False, 11
1298,0, 105, False, 11
1299,0, 105, False, 11
1300,0, 105, False, 3
1301,0, 105, False, 3
1302,0, 105, False, 3
1303,0, 105, False, 3
1304,0, 105, False, 3
1305,0, 105, False, 11
1306,0, 105, False, 11
1307,0, 105, False, 11
1308,0, 105, False, 11
1309,0, 105, False, 11
1310,0, 105, False, 11
1311,0, 105, False, 11
1312,0, 105, False, 11
1313,0, 105, False, 11
1314,0, 105, False, 11
1315,0, 105, False, 3
1316,0, 105, False, 3
1317,0, 105, False, 3
1318,0, 105, False, 3
1319,0, 105, False, 3
1320,0, 105, False, 3
1321,0, 105, False, 3
1322,0, 105, False, 3
1323,0, 105, False, 3
1324,0, 105, False, 3
1325,0, 105, False, 3
1326,0, 105, False, 3
1327,0, 105, False, 3
1328,0, 105, False, 3
1329,0, 105, False, 3
1330,0, 105, False, 3
1331,0, 105, False, 3
1332,0, 105, False, 3
1333,0, 105, False, 3
1334,0, 105, False, 11
1335,0, 105, False, 11
1336,0, 105, False, 11
1337,0, 105, False, 11
1338,0, 105, False, 11
1339,0, 105, False, 11
1340,0, 105, False, 11
1341,0, 105, False, 11
1342,0, 105, False, 11
1343,0, 105, False, 11
1344,0, 105, False, 3
1345,0, 105, False, 3
1346,0, 105, False, 3
1347,0, 105, False, 3
1348,0, 105, False, 3
1349,0, 105, False, 3
1350,0, 105, False, 3
1351,0, 105, False, 3
1352,0, 105, False, 3
1353,0, 105, False, 3
1354,0, 105, False, 3
1355,0, 105, False, 3
1356,0, 105, False, 3
1357,0, 105, False, 3
1358,0, 105, False, 3
1359,0, 105, False, 3
1360,0, 105, False, 3
1361,0, 105, False, 3
1362,0, 105, False, 3
1363,0, 105, False, 3
1364,0, 105, False, 3
1365,0, 105, False, 3
1366,0, 105, False, 3
1367,0, 105, False, 3
1368,0, 105, False, 3
1369,0, 105, False, 3
1370,0, 105, False, 3
1371,0, 105, False, 3
1372,0, 105, False, 3
1373,0, 105, False, 3
1374,0, 105, False, 3
1375,0, 105, False, 3
1376,0, 105, False, 3
1377,0, 105, False, 3
1378,0, 105, False, 3
1379,0, 105, False, 3
1380,0, 105, False, 3
1381,0, 105, False, 3
1382,0, 105, False, 3
1383,0, 105, False, 3
1384,0, 105, False, 11
1385,0, 105, False, 11
1386,0, 105, False, 11
1387,0, 105, False, 11
1388,0, 105, False, 11
1389,0, 105, False, 11
1390,0, 105, False, 11
1391,0, 105, False, 11
1392,0, 105, False, 11
1393,0, 105, False, 3
1394,0, 105, False, 3
1395,0, 105, False, 3
1396,0, 105, False, 3
1397,0, 105, False, 3
1398,0, 105, False, 3
1399,0, 105, False, 3
1400,0, 105, False, 3
1401,0, 105, False, 3
1402,0, 105, False, 3
1403,0, 105, False, 0
1404,0, 105, False, 0
1405,0, 105, False, 0
1406,0, 105, False, 0
1407,0, 105, False, 4
1408,0, 105, False, 4
1409,0, 105, False, 4
1410,0, 105, False, 4
1411,0, 105, False, 4
1412,0, 105, False, 4
1413,0, 105, False, 4
1414,0, 105, False, 4
1415,0, 105, False, 4
1416,10, 115, False, 4
1417,0, 115, False, 4
1418,0, 115, False, 4
1419,0, 115, False, 4
1420,0, 115, False, 4
1421,0, 115, False, 4
1422,0, 115, False, 4
1423,0, 115, False, 4
1424,0, 115, False, 4
1425,0, 115, False, 4
1426,0, 115, False, 4
1427,0, 115, False, 4
1428,0, 115, False, 4
1429,0, 115, False, 4
1430,0, 115, False, 4
1431,0, 115, False, 4
1432,0, 115, False, 4
1433,0, 115, False, 4
1434,0, 115, False, 4
1435,0, 115, False, 4
1436,0, 115, False, 4
1437,0, 115, False, 4
1438,0, 115, False, 0
1439,0, 115, False, 0
1440,0, 115, False, 0
1441,0, 115, False, 0
1442,0, 115, False, 0
1443,0, 115, False, 0
1444,0, 115, False, 0
1445,0, 115, False, 0
1446,0, 115, False, 0
1447,0, 115, False, 0
1448,0, 115, False, 0
1449,0, 115, False, 0
1450,0, 115, False, 0
1451,0, 115, False, 0
1452,0, 115, False, 0
1453,0, 115, False, 0
1454,0, 115, False, 4
1455,0, 115, False, 4
1456,0, 115, False, 4
1457,0, 115, False, 4
1458,0, 115, False, 4
1459,0, 115, False, 4
1460,0, 115, False, 4
1461,0, 115, False, 4
1462,0, 115, False, 4
1463,0, 115, False, 4
1464,0, 115, False, 4
1465,0, 115, False, 4
1466,0, 115, False, 4
1467,0, 115, False, 4
1468,0, 115, False, 12
1469,0, 115, False, 12
1470,0, 115, False, 12
1471,0, 115, False, 12
1472,0, 115, False, 12
1473,0, 115, False, 12
1474,0, 115, False, 1
1475,0, 115, False, 1
1476,0, 115, False, 0
1477,0, 115, False, 0
1478,0, 115, False, 0
1479,0, 115, False, 0
1480,0, 115, False, 0
1481,0, 115, False, 0
1482,0, 115, False, 0
1483,0, 115, False, 0
1484,0, 115, False, 0
1485,0, 115, False, 0
1486,0, 115, False, 0
1487,0, 115, False, 0
1488,0, 115, False, 0
1489,0, 115, False, 0
1490,0, 115, False, 0
1491,0, 115, False, 0
1492,0, 115, False, 0
1493,0, 115, False, 0
1494,0, 115, False, 0
1495,0, 115, False, 3
1496,0, 115, False, 3
1497,0, 115, False, 3
1498,0, 115, False, 3
1499,0, 115, False, 3
1500,0, 115, False, 3
1501,0, 115, False, 3
1502,0, 115, False, 3
1503,0, 115, False, 3
1504,0, 115, False, 3
1505,0, 115, False, 3
1506,0, 115, False, 3
1507,0, 115, False, 3
1508,0, 115, False, 3
1509,0, 115, False, 3
1510,0, 115, False, 3
1511,0, 115, False, 3
1512,0, 115, False, 3
1513,0, 115, False, 3
1514,0, 115, False, 3
1515,0, 115, False, 3
1516,0, 115, False, 3
1517,0, 115, False, 3
1518,0, 115, False, 3
1519,0, 115, False, 3
1520,0, 115, False, 3
1521,0, 115, False, 3
1522,0, 115, False, 3
1523,0, 115, False, 3
1524,0, 115, False, 3
1525,0, 115, False, 3
1526,0, 115, False, 3
1527,0, 115, False, 3
1528,0, 115, False, 3
1529,0, 115, False, 3
1530,0, 115, False, 3
1531,0, 115, False, 3
1532,0, 115, False, 3
1533,0, 115, False, 3
1534,0, 115, False, 3
1535,0, 115, False, 3
1536,0, 115, False, 3
1537,0, 115, False, 3
1538,0, 115, False, 3
1539,0, 115, False, 3
1540,0, 115, False, 3
1541,0, 115, False, 3
1542,0, 115, False, 3
1543,0, 115, False, 3
1544,0, 115, False, 0
1545,0, 115, False, 1
1546,0, 115, False, 1
1547,0, 115, False, 1
1548,0, 115, False, 1
1549,0, 115, False, 1
1550,0, 115, False, 1
1551,0, 115, False, 0
1552,0, 115, False, 0
1553,0, 115, False, 0
1554,0, 115, False, 0
1555,0, 115, False, 0
1556,0, 115, False, 0
1557,0, 115, False, 0
1558,0, 115, False, 0
1559,0, 115, False, 0
1560,0, 115, False, 0
1561,0, 115, False, 0
1562,0, 115, False, 0
1563,0, 115, False, 0
1564,0, 115, False, 0
1565,0, 115, False, 0
1566,0, 115, False, 0
1567,0, 115, False, 0
1568,0, 115, False, 0
1569,0, 115, False, 0
1570,0, 115, False, 0
1571,0, 115, False, 0
1572,0, 115, False, 0
1573,0, 115, False, 0
1574,0, 115, False, 0
1575,0, 115, False, 0
1576,0, 115, False, 0
1577,0, 115, False, 0
1578,0, 115, False, 0
1579,0, 115, False, 0
1580,0, 115, False, 12
1581,0, 115, False, 12
1582,0, 115, False, 12
1583,0, 115, False, 12
1584,0, 115, False, 12
1585,0, 115, False, 12
1586,0, 115, False, 4
1587,0, 115, False, 4
1588,0, 115, False, 4
1589,0, 115, False, 4
1590,0, 115, False, 4
1591,0, 115, False, 4
1592,0, 115, False, 4
1593,0, 115, False, 4
1594,0, 115, False, 4
1595,0, 115, False, 4
1596,0, 115, False, 4
1597,0, 115, False, 4
1598,0, 115, False, 4
1599,0, 115, False, 4
1600,5, 120, False, 4
1601,0, 120, False, 4
1602,0, 120, False, 4
1603,0, 120, False, 4
1604,0, 120, False, 4
1605,0, 120, False, 4
1606,0, 120, False, 4
1607,0, 120, False, 4
1608,0, 120, False, 4
1609,0, 120, False, 4
1610,0, 120, False, 4
1611,0, 120, False, 4
1612,0, 120, False, 4
1613,0, 120, False, 4
1614,0, 120, False, 4
1615,0, 120, False, 4
1616,0, 120, False, 4
1617,0, 120, False, 4
1618,0, 120, False, 4
1619,0, 120, False, 4
1620,0, 120, False, 0
1621,0, 120, False, 0
1622,0, 120, False, 0
1623,0, 120, False, 0
1624,0, 120, False, 0
1625,0, 120, False, 0
1626,0, 120, False, 0
1627,0, 120, False, 0
1628,0, 120, False, 0
1629,0, 120, False, 0
1630,0, 120, False, 0
1631,0, 120, False, 0
1632,0, 120, False, 0
1633,0, 120, False, 0
1634,0, 120, False, 0
1635,0, 120, False, 0
1636,0, 120, False, 0
1637,0, 120, False, 0
1638,0, 120, False, 1
1639,0, 120, False, 1
1640,0, 120, False, 1
1641,0, 120, False, 1
1642,0, 120, False, 1
1643,0, 120, False, 1
1644,0, 120, False, 1
1645,0, 120, False, 1
1646,0, 120, False, 1
1647,0, 120, False, 1
1648,0, 120, False, 0
1649,0, 120, False, 0
1650,0, 120, False, 0
1651,0, 120, False, 0
1652,0, 120, False, 0
1653,0, 120, False, 0
1654,0, 120, False, 0
1655,0, 120, False, 0
1656,0, 120, False, 0
1657,0, 120, False, 0
1658,0, 120, False, 0
1659,0, 120, False, 0
1660,5, 125, False, 0
1661,0, 125, False, 0
1662,0, 125, False, 0
1663,0, 125, False, 0
1664,0, 125, False, 0
1665,0, 125, False, 0
1666,0, 125, False, 0
1667,0, 125, False, 0
1668,0, 125, False, 0
1669,0, 125, False, 0
1670,0, 125, False, 0
1671,0, 125, False, 0
1672,0, 125, False, 0
1673,0, 125, False, 0
1674,0, 125, False, 0
1675,0, 125, False, 0
1676,0, 125, False, 0
1677,0, 125, False, 0
1678,0, 125, False, 0
1679,0, 125, False, 0
1680,0, 125, False, 0
1681,0, 125, False, 0
1682,0, 125, False, 4
1683,0, 125, False, 4
1684,0, 125, False, 4
1685,0, 125, False, 4
1686,0, 125, False, 4
1687,0, 125, False, 4
1688,0, 125, False, 4
1689,0, 125, False, 4
1690,0, 125, False, 4
1691,0, 125, False, 4
1692,0, 125, False, 4
1693,0, 125, False, 4
1694,0, 125, False, 4
1695,0, 125, False, 4
1696,0, 125, False, 4
1697,0, 125, False, 4
1698,0, 125, False, 4
1699,0, 125, False, 4
1700,0, 125, False, 4
1701,0, 125, False, 4
1702,0, 125, False, 0
1703,0, 125, False, 0
1704,0, 125, False, 0
1705,0, 125, False, 0
1706,0, 125, False, 0
1707,0, 125, False, 0
1708,0, 125, False, 1
1709,0, 125, False, 1
1710,0, 125, False, 1
1711,0, 125, False, 1
1712,0, 125, False, 1
1713,0, 125, False, 1
1714,0, 125, False, 1
1715,0, 125, False, 1
1716,0, 125, False, 0
1717,0, 125, False, 0
1718,0, 125, False, 0
1719,0, 125, False, 0
1720,0, 125, False, 0
1721,0, 125, False, 0
1722,0, 125, False, 0
1723,0, 125, False, 0
1724,0, 125, False, 0
1725,0, 125, False, 0
1726,0, 125, False, 0
1727,0, 125, False, 0
1728,0, 125, False, 0
1729,0, 125, False, 0
1730,0, 125, False, 0
1731,0, 125, False, 0
1732,0, 125, False, 0
1733,0, 125, False, 0
1734,0, 125, False, 0
1735,0, 125, False, 0
1736,0, 125, False, 0
1737,0, 125, False, 0
1738,0, 125, False, 0
1739,0, 125, False, 0
1740,0, 125, False, 0
1741,0, 125, False, 0
1742,0, 125, False, 0
1743,0, 125, False, 0
1744,0, 125, False, 0
1745,0, 125, False, 0
1746,0, 125, False, 0
1747,0, 125, False, 0
1748,0, 125, False, 0
1749,0, 125, False, 0
1750,0, 125, False, 0
1751,0, 125, False, 0
1752,0, 125, False, 0
1753,0, 125, False, 0
1754,0, 125, False, 0
1755,0, 125, False, 0
1756,0, 125, False, 0
1757,0, 125, False, 0
1758,0, 125, False, 0
1759,0, 125, False, 0
1760,0, 125, False, 0
1761,0, 125, False, 0
1762,0, 125, False, 0
1763,0, 125, False, 0
1764,0, 125, False, 0
1765,0, 125, False, 0
1766,0, 125, False, 0
1767,0, 125, False, 0
1768,0, 125, False, 0
1769,0, 125, False, 0
1770,0, 125, False, 0
1771,0, 125, False, 0
1772,0, 125, False, 0
1773,0, 125, False, 0
1774,0, 125, False, 0
1775,0, 125, False, 0
1776,0, 125, False, 0
1777,0, 125, False, 0
1778,0, 125, False, 0
1779,0, 125, False, 0
1780,0, 125, False, 0
1781,0, 125, False, 0
1782,0, 125, False, 0
1783,0, 125, False, 4
1784,0, 125, False, 4
1785,0, 125, False, 4
1786,0, 125, False, 4
1787,0, 125, False, 4
1788,0, 125, False, 4
1789,0, 125, False, 4
1790,0, 125, False, 4
1791,0, 125, False, 0
1792,0, 125, False, 0
1793,0, 125, False, 4
1794,0, 125, False, 4
1795,0, 125, False, 4
1796,0, 125, False, 4
1797,0, 125, False, 4
1798,0, 125, False, 4
1799,0, 125, False, 4
1800,0, 125, False, 4
1801,0, 125, False, 4
1802,0, 125, False, 4
1803,0, 125, False, 4
1804,0, 125, False, 4
1805,0, 125, False, 4
1806,0, 125, False, 4
1807,0, 125, False, 4
1808,0, 125, False, 4
1809,0, 125, False, 4
1810,0, 125, False, 4
1811,0, 125, False, 4
1812,0, 125, False, 4
1813,0, 125, False, 4
1814,0, 125, False, 4
1815,0, 125, False, 4
1816,0, 125, False, 4
1817,0, 125, False, 4
1818,0, 125, False, 4
1819,0, 125, False, 4
1820,0, 125, False, 4
1821,0, 125, False, 4
1822,0, 125, False, 4
1823,0, 125, False, 4
1824,0, 125, False, 4
1825,0, 125, False, 4
1826,0, 125, False, 4
1827,0, 125, False, 4
1828,0, 125, False, 4
1829,0, 125, False, 4
1830,0, 125, False, 4
1831,0, 125, False, 4
1832,0, 125, False, 4
1833,0, 125, False, 4
1834,0, 125, False, 4
1835,0, 125, False, 4
1836,0, 125, False, 4
1837,0, 125, False, 4
1838,0, 125, False, 4
1839,0, 125, False, 4
1840,0, 125, False, 4
1841,0, 125, False, 4
1842,0, 125, False, 4
1843,0, 125, False, 4
1844,0, 125, False, 4
1845,0, 125, False, 4
1846,0, 125, False, 4
1847,0, 125, False, 4
1848,0, 125, False, 4
1849,0, 125, False, 4
1850,0, 125, False, 4
1851,0, 125, False, 4
1852,0, 125, False, 4
1853,0, 125, False, 4
1854,0, 125, False, 4
1855,0, 125, False, 4
1856,0, 125, False, 4
1857,0, 125, False, 4
1858,0, 125, False, 4
1859,0, 125, False, 4
1860,0, 125, False, 4
1861,0, 125, False, 4
1862,0, 125, False, 4
1863,0, 125, False, 4
1864,0, 125, False, 4
1865,0, 125, False, 4
1866,0, 125, False, 4
1867,0, 125, False, 4
1868,0, 125, False, 4
1869,0, 125, False, 4
1870,0, 125, False, 4
1871,0, 125, False, 4
1872,0, 125, False, 4
1873,0, 125, False, 4
1874,0, 125, False, 4
1875,0, 125, False, 4
1876,0, 125, False, 4
1877,0, 125, False, 4
1878,0, 125, False, 4
1879,0, 125, False, 4
1880,0, 125, False, 4
1881,0, 125, False, 4
1882,0, 125, False, 4
1883,0, 125, False, 4
1884,0, 125, False, 4
1885,0, 125, False, 4
1886,0, 125, False, 4
1887,0, 125, False, 4
1888,0, 125, False, 4
1889,0, 125, False, 4
1890,0, 125, False, 4
1891,0, 125, False, 4
1892,0, 125, False, 4
1893,0, 125, False, 4
1894,0, 125, False, 4
1895,0, 125, False, 4
1896,0, 125, False, 4
1897,0, 125, False, 4
1898,0, 125, False, 4
1899,0, 125, False, 4
1900,0, 125, False, 4
1901,0, 125, False, 4
1902,0, 125, False, 12
1903,0, 125, False, 1
1904,0, 125, False, 1
1905,0, 125, False, 1
1906,0, 125, False, 1
1907,0, 125, False, 1
1908,0, 125, False, 1
1909,0, 125, False, 1
1910,0, 125, False, 1
1911,0, 125, False, 0
1912,0, 125, False, 0
1913,0, 125, False, 0
1914,0, 125, False, 0
1915,0, 125, False, 0
1916,0, 125, False, 0
1917,0, 125, False, 0
1918,0, 125, False, 0
1919,0, 125, False, 0
1920,0, 125, False, 0
1921,0, 125, False, 0
1922,0, 125, False, 0
1923,0, 125, False, 0
1924,0, 125, False, 0
1925,0, 125, False, 0
1926,0, 125, False, 0
1927,0, 125, False, 0
1928,0, 125, False, 0
1929,0, 125, False, 0
1930,0, 125, False, 0
1931,0, 125, False, 0
1932,0, 125, False, 0
1933,0, 125, False, 0
1934,0, 125, False, 0
1935,0, 125, False, 0
1936,0, 125, False, 0
1937,0, 125, False, 0
1938,0, 125, False, 0
1939,0, 125, False, 0
1940,0, 125, False, 0
1941,0, 125, False, 0
1942,0, 125, False, 0
1943,0, 125, False, 0
1944,0, 125, False, 0
1945,0, 125, False, 0
1946,0, 125, False, 0
1947,0, 125, False, 0
1948,0, 125, False, 0
1949,0, 125, False, 0
1950,0, 125, False, 0
1951,0, 125, False, 0
1952,0, 125, False, 0
1953,0, 125, False, 0
1954,0, 125, False, 0
1955,0, 125, False, 0
1956,0, 125, False, 0
1957,0, 125, False, 0
1958,0, 125, False, 0
1959,0, 125, False, 0
1960,0, 125, False, 0
1961,0, 125, False, 0
1962,0, 125, False, 0
1963,0, 125, False, 0
1964,0, 125, False, 0
1965,0, 125, False, 0
1966,0, 125, False, 0
1967,0, 125, False, 0
1968,0, 125, False, 0
1969,0, 125, False, 0
1970,0, 125, False, 0
1971,0, 125, False, 0
1972,0, 125, False, 0
1973,0, 125, False, 0
1974,0, 125, False, 4
1975,0, 125, False, 4
1976,0, 125, False, 4
1977,0, 125, False, 4
1978,0, 125, False, 4
1979,0, 125, False, 4
1980,0, 125, False, 4
1981,0, 125, False, 4
1982,0, 125, False, 4
1983,0, 125, False, 4
1984,0, 125, False, 4
1985,0, 125, False, 4
1986,0, 125, False, 0
1987,0, 125, False, 0
1988,0, 125, False, 0
1989,0, 125, False, 0
1990,0, 125, False, 0
1991,0, 125, False, 0
1992,0, 125, False, 4
1993,0, 125, False, 4
1994,0, 125, False, 4
1995,0, 125, False, 4
1996,0, 125, False, 4
1997,0, 125, False, 4
1998,0, 125, False, 4
1999,0, 125, False, 4
2000,0, 125, False, 4
2001,0, 125, False, 4
2002,0, 125, False, 4
2003,0, 125, False, 4
2004,0, 125, False, 4
2005,0, 125, False, 4
2006,0, 125, False, 4
2007,0, 125, False, 4
2008,0, 125, False, 4
2009,0, 125, False, 4
2010,0, 125, False, 4
2011,0, 125, False, 4
2012,0, 125, False, 4
2013,0, 125, False, 4
2014,0, 125, False, 4
2015,0, 125, False, 4
2016,0, 125, False, 4
2017,0, 125, False, 4
2018,0, 125, False, 4
2019,0, 125, False, 4
2020,0, 125, False, 4
2021,0, 125, False, 4
2022,0, 125, False, 4
2023,0, 125, False, 4
2024,0, 125, False, 4
2025,0, 125, False, 4
2026,0, 125, False, 4
2027,0, 125, False, 4
2028,0, 125, False, 4
2029,0, 125, False, 4
2030,0, 125, False, 0
2031,0, 125, False, 0
2032,0, 125, False, 0
2033,0, 125, False, 0
2034,0, 125, False, 0
2035,0, 125, False, 0
2036,0, 125, False, 0
2037,0, 125, False, 3
2038,0, 125, False, 3
2039,0, 125, False, 3
2040,0, 125, False, 3
2041,0, 125, False, 3
2042,0, 125, False, 3
2043,0, 125, False, 3
2044,0, 125, False, 3
2045,0, 125, False, 3
2046,0, 125, False, 3
2047,0, 125, False, 3
2048,0, 125, False, 3
2049,0, 125, False, 3
2050,0, 125, False, 3
2051,0, 125, False, 3
2052,0, 125, False, 3
2053,0, 125, False, 3
2054,0, 125, False, 3
2055,0, 125, False, 3
2056,0, 125, False, 3
2057,0, 125, False, 3
2058,0, 125, False, 3
2059,0, 125, False, 3
2060,0, 125, False, 3
2061,0, 125, False, 3
2062,0, 125, False, 3
2063,0, 125, False, 3
2064,0, 125, False, 3
2065,0, 125, False, 3
2066,0, 125, False, 3
2067,0, 125, False, 3
2068,0, 125, False, 3
2069,0, 125, False, 0
2070,0, 125, False, 0
2071,0, 125, False, 0
2072,0, 125, False, 0
2073,0, 125, False, 0
2074,0, 125, False, 0
2075,0, 125, False, 0
2076,0, 125, False, 0
2077,0, 125, False, 0
2078,0, 125, False, 0
2079,0, 125, False, 0
2080,0, 125, False, 0
2081,0, 125, False, 0
2082,0, 125, False, 0
2083,0, 125, False, 0
2084,0, 125, False, 0
2085,0, 125, False, 0
2086,0, 125, False, 1
2087,0, 125, False, 1
2088,0, 125, False, 1
2089,0, 125, False, 1
2090,0, 125, False, 1
2091,0, 125, False, 1
2092,0, 125, False, 1
2093,0, 125, False, 1
2094,0, 125, False, 0
2095,0, 125, False, 0
2096,0, 125, False, 0
2097,0, 125, False, 0
2098,0, 125, False, 0
2099,0, 125, False, 0
2100,0, 125, False, 0
2101,0, 125, False, 0
2102,0, 125, False, 0
2103,0, 125, False, 0
2104,0, 125, False, 0
2105,0, 125, False, 0
2106,0, 125, False, 0
2107,0, 125, False, 0
2108,0, 125, False, 0
2109,0, 125, False, 0
2110,0, 125, False, 0
2111,0, 125, False, 0
2112,0, 125, False, 0
2113,0, 125, False, 0
2114,0, 125, False, 0
2115,0, 125, False, 0
2116,0, 125, False, 0
2117,0, 125, False, 0
2118,0, 125, False, 0
2119,0, 125, False, 0
2120,0, 125, False, 0
2121,0, 125, False, 0
2122,0, 125, False, 0
2123,0, 125, False, 0
2124,0, 125, False, 0
2125,0, 125, False, 0
2126,0, 125, False, 0
2127,0, 125, False, 3
2128,0, 125, False, 3
2129,0, 125, False, 3
2130,0, 125, False, 3
2131,0, 125, False, 3
2132,0, 125, False, 3
2133,0, 125, False, 3
2134,0, 125, False, 3
2135,0, 125, False, 3
2136,0, 125, False, 3
2137,0, 125, False, 3
2138,0, 125, False, 3
2139,0, 125, False, 3
2140,0, 125, False, 3
2141,0, 125, False, 3
2142,0, 125, False, 3
2143,0, 125, False, 3
2144,0, 125, False, 3
2145,0, 125, False, 3
2146,0, 125, False, 3
2147,0, 125, False, 3
2148,0, 125, False, 3
2149,0, 125, False, 3
2150,0, 125, False, 3
2151,0, 125, False, 0
2152,0, 125, False, 0
2153,0, 125, False, 0
2154,0, 125, False, 0
2155,0, 125, False, 0
2156,0, 125, False, 0
2157,0, 125, False, 1
2158,0, 125, False, 1
2159,0, 125, False, 1
2160,0, 125, False, 1
2161,0, 125, False, 1
2162,0, 125, False, 1
2163,0, 125, False, 1
2164,0, 125, False, 1
2165,0, 125, False, 1
2166,0, 125, False, 0
2167,0, 125, False, 0
2168,0, 125, False, 0
2169,0, 125, False, 0
2170,0, 125, False, 0
2171,0, 125, False, 0
2172,0, 125, False, 0
2173,0, 125, False, 0
2174,0, 125, False, 0
2175,0, 125, False, 0
2176,0, 125, False, 0
2177,0, 125, False, 0
2178,0, 125, False, 0
2179,0, 125, False, 0
2180,0, 125, False, 0
2181,0, 125, False, 0
2182,0, 125, False, 0
2183,0, 125, False, 1
2184,0, 125, False, 1
2185,0, 125, False, 1
2186,0, 125, False, 1
2187,0, 125, False, 1
2188,0, 125, False, 1
2189,0, 125, False, 1
2190,0, 125, False, 1
2191,0, 125, False, 0
2192,0, 125, False, 0
2193,0, 125, False, 0
2194,0, 125, False, 0
2195,0, 125, False, 0
2196,0, 125, False, 0
2197,0, 125, False, 0
2198,0, 125, False, 0
2199,0, 125, False, 0
2200,0, 125, False, 0
2201,0, 125, False, 0
2202,0, 125, False, 0
2203,0, 125, False, 0
2204,0, 125, False, 0
2205,0, 125, False, 0
2206,10, 135, False, 0
2207,0, 135, False, 0
2208,0, 135, False, 0
2209,0, 135, False, 0
2210,0, 135, False, 0
2211,0, 135, False, 0
2212,0, 135, False, 0
2213,0, 135, False, 0
2214,0, 135, False, 0
2215,0, 135, False, 0
2216,0, 135, False, 0
2217,0, 135, False, 0
2218,0, 135, False, 4
2219,0, 135, False, 4
2220,0, 135, False, 4
2221,0, 135, False, 4
2222,0, 135, False, 4
2223,0, 135, False, 4
2224,0, 135, False, 4
2225,0, 135, False, 4
2226,0, 135, False, 4
2227,0, 135, False, 4
2228,0, 135, False, 4
2229,0, 135, False, 4
2230,0, 135, False, 4
2231,0, 135, False, 0
2232,0, 135, False, 0
2233,0, 135, False, 0
2234,0, 135, False, 0
2235,0, 135, False, 0
2236,0, 135, False, 0
2237,0, 135, False, 1
2238,0, 135, False, 1
2239,0, 135, False, 1
2240,0, 135, False, 1
2241,0, 135, False, 1
2242,0, 135, False, 1
2243,0, 135, False, 1
2244,0, 135, False, 1
2245,0, 135, False, 1
2246,0, 135, False, 1
2247,0, 135, False, 1
2248,0, 135, False, 1
2249,0, 135, False, 0
2250,0, 135, False, 0
2251,0, 135, False, 0
2252,0, 135, False, 0
2253,0, 135, False, 0
2254,0, 135, False, 0
2255,0, 135, False, 0
2256,0, 135, False, 0
2257,0, 135, False, 0
2258,0, 135, False, 0
2259,0, 135, False, 0
2260,0, 135, False, 0
2261,0, 135, False, 0
2262,0, 135, False, 0
2263,0, 135, False, 0
2264,0, 135, False, 4
2265,0, 135, False, 4
2266,0, 135, False, 4
2267,0, 135, False, 4
2268,0, 135, False, 4
2269,0, 135, False, 4
2270,0, 135, False, 4
2271,0, 135, False, 4
2272,0, 135, False, 4
2273,0, 135, False, 4
2274,0, 135, False, 0
2275,0, 135, False, 0
2276,0, 135, False, 0
2277,0, 135, False, 0
2278,0, 135, False, 0
2279,0, 135, False, 0
2280,0, 135, False, 0
2281,0, 135, False, 0
2282,0, 135, False, 0
2283,0, 135, False, 0
2284,0, 135, False, 0
2285,0, 135, False, 0
2286,0, 135, False, 0
2287,0, 135, False, 0
2288,0, 135, False, 0
2289,0, 135, False, 0
2290,0, 135, False, 0
2291,0, 135, False, 0
2292,0, 135, False, 0
2293,0, 135, False, 0
2294,0, 135, False, 0
2295,0, 135, False, 0
2296,0, 135, False, 0
2297,0, 135, False, 0
2298,0, 135, False, 0
2299,0, 135, False, 0
2300,0, 135, False, 0
2301,0, 135, False, 0
2302,0, 135, False, 0
2303,0, 135, False, 0
2304,0, 135, False, 0
2305,0, 135, False, 0
2306,0, 135, False, 0
2307,0, 135, False, 0
2308,0, 135, False, 0
2309,0, 135, False, 0
2310,0, 135, False, 0
2311,0, 135, False, 0
2312,0, 135, False, 0
2313,0, 135, False, 0
2314,0, 135, False, 0
2315,0, 135, False, 0
2316,0, 135, False, 0
2317,0, 135, False, 0
2318,0, 135, False, 0
2319,0, 135, False, 0
2320,0, 135, False, 0
2321,0, 135, False, 0
2322,0, 135, False, 0
2323,0, 135, False, 0
2324,0, 135, False, 1
2325,0, 135, False, 1
2326,0, 135, False, 1
2327,0, 135, False, 1
2328,0, 135, False, 1
2329,0, 135, False, 1
2330,0, 135, False, 1
2331,0, 135, False, 1
2332,0, 135, False, 0
2333,0, 135, False, 0
2334,0, 135, False, 0
2335,0, 135, False, 0
2336,0, 135, False, 0
2337,0, 135, False, 0
2338,0, 135, False, 0
2339,0, 135, False, 0
2340,0, 135, False, 0
2341,0, 135, False, 0
2342,5, 140, False, 0
2343,0, 140, False, 0
2344,0, 140, False, 0
2345,0, 140, False, 0
2346,0, 140, False, 0
2347,0, 140, False, 0
2348,0, 140, False, 0
2349,0, 140, False, 0
2350,0, 140, False, 0
2351,0, 140, False, 0
2352,0, 140, False, 0
2353,0, 140, False, 0
2354,0, 140, False, 0
2355,0, 140, False, 0
2356,0, 140, False, 0
2357,0, 140, False, 0
2358,0, 140, False, 0
2359,0, 140, False, 0
2360,0, 140, False, 1
2361,0, 140, False, 1
2362,0, 140, False, 1
2363,0, 140, False, 1
2364,0, 140, False, 1
2365,0, 140, False, 1
2366,0, 140, False, 1
2367,0, 140, False, 1
2368,0, 140, False, 0
2369,0, 140, False, 0
2370,0, 140, False, 0
2371,0, 140, False, 0
2372,0, 140, False, 0
2373,0, 140, False, 0
2374,0, 140, False, 0
2375,0, 140, False, 0
2376,0, 140, False, 0
2377,0, 140, False, 0
2378,0, 140, False, 0
2379,0, 140, False, 0
2380,0, 140, False, 0
2381,0, 140, False, 0
2382,0, 140, False, 0
2383,0, 140, False, 0
2384,10, 150, False, 0
2385,0, 150, False, 0
2386,0, 150, False, 0
2387,0, 150, False, 0
2388,0, 150, False, 0
2389,0, 150, False, 0
2390,0, 150, False, 0
2391,0, 150, False, 0
2392,0, 150, False, 0
2393,0, 150, False, 0
2394,0, 150, False, 0
2395,0, 150, False, 0
2396,0, 150, False, 0
2397,0, 150, False, 0
2398,0, 150, False, 0
2399,0, 150, False, 0
2400,0, 150, False, 0
2401,0, 150, False, 0
2402,0, 150, False, 0
2403,0, 150, False, 0
2404,0, 150, False, 1
2405,0, 150, False, 1
2406,0, 150, False, 1
2407,0, 150, False, 1
2408,0, 150, False, 1
2409,0, 150, False, 1
2410,0, 150, False, 1
2411,0, 150, False, 1
2412,0, 150, False, 0
2413,0, 150, False, 0
2414,0, 150, False, 0
2415,0, 150, False, 0
2416,0, 150, False, 0
2417,0, 150, False, 0
2418,0, 150, False, 0
2419,0, 150, False, 0
2420,0, 150, False, 0
2421,0, 150, False, 0
2422,0, 150, False, 0
2423,0, 150, False, 0
2424,0, 150, False, 0
2425,0, 150, False, 0
2426,0, 150, False, 0
2427,0, 150, False, 0
2428,0, 150, False, 0
2429,0, 150, False, 0
2430,0, 150, False, 0
2431,0, 150, False, 0
2432,0, 150, False, 0
2433,0, 150, False, 0
2434,0, 150, False, 0
2435,0, 150, False, 0
2436,0, 150, False, 0
2437,0, 150, False, 0
2438,15, 165, False, 0
2439,0, 165, False, 0
2440,0, 165, False, 0
2441,0, 165, False, 0
2442,0, 165, False, 0
2443,0, 165, False, 0
2444,0, 165, False, 0
2445,0, 165, False, 0
2446,0, 165, False, 0
2447,0, 165, False, 1
2448,0, 165, False, 1
2449,0, 165, False, 1
2450,0, 165, False, 1
2451,0, 165, False, 1
2452,0, 165, False, 1
2453,0, 165, False, 1
2454,0, 165, False, 1
2455,0, 165, False, 1
2456,0, 165, False, 0
2457,0, 165, False, 0
2458,0, 165, False, 0
2459,0, 165, False, 0
2460,0, 165, False, 0
2461,0, 165, False, 0
2462,0, 165, False, 0
2463,0, 165, False, 0
2464,0, 165, False, 0
2465,0, 165, False, 0
2466,0, 165, False, 0
2467,0, 165, False, 0
2468,0, 165, False, 0
2469,0, 165, False, 0
2470,0, 165, False, 0
2471,0, 165, False, 0
2472,0, 165, False, 0
2473,0, 165, False, 0
2474,0, 165, False, 0
2475,0, 165, False, 0
2476,0, 165, False, 0
2477,0, 165, False, 0
2478,0, 165, False, 0
2479,0, 165, False, 0
2480,0, 165, False, 0
2481,0, 165, False, 0
2482,0, 165, False, 0
2483,0, 165, False, 0
2484,0, 165, False, 0
2485,0, 165, False, 0
2486,0, 165, False, 0
2487,0, 165, False, 0
2488,20, 185, False, 0
2489,0, 185, False, 1
2490,0, 185, False, 1
2491,0, 185, False, 1
2492,0, 185, False, 1
2493,0, 185, False, 1
2494,0, 185, False, 1
2495,0, 185, False, 1
2496,0, 185, False, 1
2497,0, 185, False, 0
2498,0, 185, False, 0
2499,0, 185, False, 0
2500,0, 185, False, 0
2501,0, 185, False, 0
2502,0, 185, False, 0
2503,0, 185, False, 0
2504,0, 185, False, 0
2505,0, 185, False, 0
2506,0, 185, False, 0
2507,0, 185, False, 0
2508,0, 185, False, 0
2509,0, 185, False, 0
2510,0, 185, False, 0
2511,0, 185, False, 0
2512,0, 185, False, 0
2513,0, 185, False, 0
2514,0, 185, False, 0
2515,0, 185, False, 0
2516,0, 185, False, 0
2517,0, 185, False, 0
2518,0, 185, False, 0
2519,0, 185, False, 0
2520,0, 185, False, 0
2521,0, 185, False, 0
2522,0, 185, False, 0
2523,0, 185, False, 0
2524,0, 185, False, 0
2525,0, 185, False, 0
2526,0, 185, False, 0
2527,0, 185, False, 0
2528,0, 185, False, 0
2529,0, 185, False, 0
2530,0, 185, False, 0
2531,0, 185, False, 0
2532,0, 185, False, 0
2533,0, 185, False, 0
2534,0, 185, False, 0
2535,0, 185, False, 0
2536,0, 185, False, 0
2537,0, 185, False, 0
2538,0, 185, False, 0
2539,0, 185, False, 0
2540,0, 185, False, 1
2541,0, 185, False, 1
2542,25, 210, False, 1
2543,0, 210, False, 1
2544,0, 210, False, 1
2545,0, 210, False, 1
2546,0, 210, False, 1
2547,0, 210, False, 1
2548,0, 210, False, 0
2549,0, 210, False, 0
2550,0, 210, False, 0
2551,0, 210, False, 0
2552,0, 210, False, 0
2553,0, 210, False, 0
2554,0, 210, False, 0
2555,0, 210, False, 0
2556,0, 210, False, 0
2557,0, 210, False, 0
2558,0, 210, False, 0
2559,0, 210, False, 0
2560,0, 210, False, 0
2561,0, 210, False, 0
2562,0, 210, False, 0
2563,0, 210, False, 0
2564,0, 210, False, 0
2565,0, 210, False, 0
2566,0, 210, False, 0
2567,0, 210, False, 0
2568,0, 210, False, 0
2569,0, 210, False, 0
2570,0, 210, False, 0
2571,0, 210, False, 0
2572,0, 210, False, 0
2573,0, 210, False, 0
2574,0, 210, False, 0
2575,0, 210, False, 0
2576,0, 210, False, 0
2577,0, 210, False, 0
2578,0, 210, False, 0
2579,0, 210, False, 0
2580,0, 210, False, 0
2581,0, 210, False, 0
2582,0, 210, False, 0
2583,0, 210, False, 0
2584,0, 210, False, 0
2585,0, 210, False, 0
2586,0, 210, False, 0
2587,0, 210, False, 0
2588,0, 210, False, 0
2589,0, 210, False, 0
2590,0, 210, False, 0
2591,0, 210, False, 0
2592,0, 210, False, 0
2593,0, 210, False, 0
2594,0, 210, False, 0
2595,0, 210, False, 0
2596,0, 210, False, 0
2597,0, 210, False, 0
2598,0, 210, False, 0
2599,0, 210, False, 0
2600,0, 210, False, 0
2601,0, 210, False, 0
2602,0, 210, False, 0
2603,0, 210, False, 0
2604,0, 210, False, 0
2605,0, 210, False, 0
2606,0, 210, False, 0
2607,0, 210, False, 0
2608,0, 210, False, 0
2609,0, 210, False, 0
2610,0, 210, False, 0
2611,0, 210, False, 0
2612,0, 210, False, 0
2613,0, 210, False, 0
2614,0, 210, False, 3
2615,0, 210, False, 3
2616,0, 210, False, 3
2617,0, 210, False, 3
2618,0, 210, False, 3
2619,0, 210, False, 3
2620,0, 210, False, 3
2621,0, 210, False, 3
2622,0, 210, False, 3
2623,0, 210, False, 3
2624,0, 210, False, 3
2625,0, 210, False, 3
2626,0, 210, False, 3
2627,0, 210, False, 3
2628,0, 210, False, 3
2629,0, 210, False, 3
2630,0, 210, False, 3
2631,0, 210, False, 3
2632,0, 210, False, 3
2633,0, 210, False, 3
2634,0, 210, False, 3
2635,0, 210, False, 3
2636,0, 210, False, 3
2637,0, 210, False, 3
2638,0, 210, False, 3
2639,0, 210, False, 3
2640,0, 210, False, 3
2641,0, 210, False, 3
2642,0, 210, False, 3
2643,0, 210, False, 3
2644,0, 210, False, 3
2645,0, 210, False, 3
2646,0, 210, False, 3
2647,0, 210, False, 3
2648,0, 210, False, 3
2649,0, 210, False, 3
2650,0, 210, False, 3
2651,0, 210, False, 3
2652,0, 210, False, 3
2653,0, 210, False, 3
2654,0, 210, False, 3
2655,0, 210, False, 3
2656,0, 210, False, 3
2657,0, 210, False, 3
2658,0, 210, False, 3
2659,0, 210, False, 3
2660,0, 210, False, 3
2661,0, 210, False, 3
2662,0, 210, False, 3
2663,0, 210, False, 3
2664,0, 210, False, 3
2665,0, 210, False, 3
2666,0, 210, False, 3
2667,0, 210, False, 3
2668,0, 210, False, 3
2669,0, 210, False, 3
2670,0, 210, False, 3
2671,0, 210, False, 3
2672,0, 210, False, 3
2673,0, 210, False, 3
2674,0, 210, False, 0
2675,0, 210, False, 0
2676,0, 210, False, 0
2677,0, 210, False, 0
2678,0, 210, False, 0
2679,0, 210, False, 0
2680,0, 210, False, 4
2681,0, 210, False, 4
2682,0, 210, False, 4
2683,0, 210, False, 4
2684,0, 210, False, 0
2685,0, 210, False, 0
2686,0, 210, False, 0
2687,0, 210, False, 0
2688,0, 210, False, 0
2689,0, 210, False, 0
2690,0, 210, False, 0
2691,0, 210, False, 0
2692,0, 210, False, 0
2693,0, 210, False, 0
2694,0, 210, False, 0
2695,0, 210, False, 0
2696,0, 210, False, 0
2697,0, 210, False, 3
2698,0, 210, False, 3
2699,0, 210, False, 3
2700,0, 210, False, 3
2701,0, 210, False, 3
2702,0, 210, False, 3
2703,0, 210, False, 3
2704,0, 210, False, 3
2705,0, 210, False, 3
2706,0, 210, False, 3
2707,0, 210, False, 3
2708,0, 210, False, 3
2709,0, 210, False, 3
2710,0, 210, False, 3
2711,0, 210, False, 3
2712,0, 210, False, 3
2713,0, 210, False, 3
2714,0, 210, False, 3
2715,0, 210, False, 3
2716,0, 210, False, 3
2717,0, 210, False, 3
2718,0, 210, False, 3
2719,0, 210, False, 3
2720,0, 210, False, 3
2721,0, 210, False, 3
2722,0, 210, False, 3
2723,0, 210, False, 3
2724,0, 210, False, 3
2725,0, 210, False, 3
2726,0, 210, False, 3
2727,0, 210, False, 1
2728,0, 210, False, 1
2729,0, 210, False, 1
2730,0, 210, False, 1
2731,0, 210, False, 1
2732,0, 210, False, 1
2733,0, 210, False, 1
2734,0, 210, False, 1
2735,0, 210, False, 0
2736,0, 210, False, 0
2737,0, 210, False, 0
2738,0, 210, False, 0
2739,0, 210, False, 0
2740,0, 210, False, 0
2741,0, 210, False, 0
2742,0, 210, False, 0
2743,0, 210, False, 0
2744,5, 215, False, 0
2745,0, 215, False, 0
2746,0, 215, False, 0
2747,0, 215, False, 0
2748,0, 215, False, 0
2749,0, 215, False, 0
2750,0, 215, False, 0
2751,0, 215, False, 0
2752,0, 215, False, 0
2753,0, 215, False, 0
2754,0, 215, False, 0
2755,0, 215, False, 0
2756,0, 215, False, 0
2757,0, 215, False, 0
2758,0, 215, False, 0
2759,0, 215, False, 0
2760,0, 215, False, 0
2761,0, 215, False, 0
2762,0, 215, False, 1
2763,0, 215, False, 1
2764,0, 215, False, 1
2765,0, 215, False, 1
2766,0, 215, False, 1
2767,0, 215, False, 1
2768,0, 215, False, 1
2769,0, 215, False, 1
2770,0, 215, False, 0
2771,0, 215, False, 0
2772,0, 215, False, 0
2773,0, 215, False, 0
2774,0, 215, False, 0
2775,0, 215, False, 0
2776,0, 215, False, 0
2777,0, 215, False, 0
2778,0, 215, False, 0
2779,0, 215, False, 0
2780,0, 215, False, 0
2781,0, 215, False, 0
2782,0, 215, False, 0
2783,0, 215, False, 0
2784,0, 215, False, 0
2785,0, 215, False, 0
2786,10, 225, False, 0
2787,0, 225, False, 0
2788,0, 225, False, 0
2789,0, 225, False, 0
2790,0, 225, False, 0
2791,0, 225, False, 0
2792,0, 225, False, 0
2793,0, 225, False, 0
2794,0, 225, False, 0
2795,0, 225, False, 0
2796,0, 225, False, 0
2797,0, 225, False, 0
2798,0, 225, False, 0
2799,0, 225, False, 0
2800,0, 225, False, 0
2801,0, 225, False, 0
2802,0, 225, False, 0
2803,0, 225, False, 0
2804,0, 225, False, 0
2805,0, 225, False, 0
2806,0, 225, False, 0
2807,0, 225, False, 0
2808,0, 225, False, 0
2809,0, 225, False, 0
2810,0, 225, False, 1
2811,0, 225, False, 1
2812,0, 225, False, 1
2813,0, 225, False, 1
2814,0, 225, False, 1
2815,0, 225, False, 1
2816,0, 225, False, 1
2817,0, 225, False, 1
2818,0, 225, False, 0
2819,0, 225, False, 0
2820,0, 225, False, 0
2821,0, 225, False, 0
2822,0, 225, False, 0
2823,0, 225, False, 0
2824,0, 225, False, 0
2825,0, 225, False, 0
2826,0, 225, False, 0
2827,0, 225, False, 0
2828,0, 225, False, 0
2829,0, 225, False, 0
2830,0, 225, False, 0
2831,0, 225, False, 0
2832,0, 225, False, 0
2833,0, 225, False, 0
2834,0, 225, False, 0
2835,0, 225, False, 0
2836,0, 225, False, 0
2837,0, 225, False, 0
2838,15, 240, False, 0
2839,0, 240, False, 0
2840,0, 240, False, 0
2841,0, 240, False, 0
2842,0, 240, False, 0
2843,0, 240, False, 0
2844,0, 240, False, 0
2845,0, 240, False, 0
2846,0, 240, False, 0
2847,0, 240, False, 0
2848,0, 240, False, 0
2849,0, 240, False, 0
2850,0, 240, False, 0
2851,0, 240, False, 0
2852,0, 240, False, 0
2853,0, 240, False, 0
2854,0, 240, False, 0
2855,0, 240, False, 4
2856,0, 240, False, 4
2857,0, 240, False, 4
2858,0, 240, False, 4
2859,0, 240, False, 4
2860,0, 240, False, 4
2861,0, 240, False, 4
2862,0, 240, False, 4
2863,0, 240, False, 4
2864,0, 240, False, 4
2865,0, 240, False, 4
2866,0, 240, False, 4
2867,0, 240, False, 4
2868,0, 240, False, 4
2869,0, 240, False, 4
2870,0, 240, False, 4
2871,0, 240, False, 4
2872,0, 240, False, 4
2873,0, 240, False, 4
2874,0, 240, False, 4
2875,0, 240, False, 4
2876,0, 240, False, 4
2877,0, 240, False, 4
2878,0, 240, False, 4
2879,0, 240, False, 4
2880,0, 240, False, 4
2881,0, 240, False, 4
2882,0, 240, False, 4
2883,0, 240, False, 4
2884,0, 240, False, 4
2885,0, 240, False, 4
2886,0, 240, False, 4
2887,0, 240, False, 0
2888,0, 240, False, 0
2889,0, 240, False, 0
2890,0, 240, False, 0
2891,0, 240, False, 0
2892,0, 240, False, 0
2893,0, 240, False, 0
2894,0, 240, False, 0
2895,0, 240, False, 0
2896,0, 240, False, 0
2897,0, 240, False, 0
2898,0, 240, False, 0
2899,0, 240, False, 0
2900,0, 240, False, 0
2901,0, 240, False, 0
2902,0, 240, False, 0
2903,0, 240, False, 0
2904,0, 240, False, 0
2905,0, 240, False, 0
2906,0, 240, False, 0
2907,0, 240, False, 0
2908,0, 240, False, 0
2909,0, 240, False, 4
2910,0, 240, False, 4
2911,0, 240, False, 4
2912,0, 240, False, 4
2913,0, 240, False, 4
2914,0, 240, False, 4
2915,0, 240, False, 4
2916,0, 240, False, 4
2917,0, 240, False, 4
2918,0, 240, False, 4
2919,0, 240, False, 4
2920,0, 240, False, 4
2921,0, 240, False, 4
2922,0, 240, False, 4
2923,0, 240, False, 4
2924,0, 240, False, 4
2925,0, 240, False, 4
2926,0, 240, False, 4
2927,0, 240, False, 4
2928,0, 240, False, 4
2929,0, 240, False, 4
2930,0, 240, False, 4
2931,0, 240, False, 4
2932,0, 240, False, 4
2933,0, 240, False, 4
2934,0, 240, False, 4
2935,0, 240, False, 4
2936,0, 240, False, 4
2937,0, 240, False, 4
2938,0, 240, False, 4
2939,0, 240, False, 4
2940,0, 240, False, 4
2941,0, 240, False, 4
2942,0, 240, False, 4
2943,0, 240, False, 4
2944,0, 240, False, 4
2945,0, 240, False, 4
2946,0, 240, False, 4
2947,0, 240, False, 4
2948,0, 240, False, 4
2949,0, 240, False, 4
2950,0, 240, False, 4
2951,0, 240, False, 4
2952,0, 240, False, 4
2953,0, 240, False, 4
2954,0, 240, False, 4
2955,0, 240, False, 4
2956,0, 240, False, 4
2957,0, 240, False, 4
2958,0, 240, False, 4
2959,0, 240, False, 4
2960,0, 240, False, 4
2961,0, 240, False, 4
2962,0, 240, False, 4
2963,0, 240, False, 4
2964,0, 240, False, 4
2965,0, 240, False, 4
2966,0, 240, False, 4
2967,0, 240, False, 4
2968,0, 240, False, 4
2969,0, 240, False, 4
2970,0, 240, False, 4
2971,0, 240, False, 4
2972,0, 240, False, 4
2973,0, 240, False, 4
2974,0, 240, False, 4
2975,0, 240, False, 4
2976,0, 240, False, 4
2977,0, 240, False, 4
2978,0, 240, False, 4
2979,0, 240, False, 4
2980,0, 240, False, 4
2981,0, 240, False, 4
2982,0, 240, False, 4
2983,0, 240, False, 4
2984,0, 240, False, 4
2985,0, 240, False, 4
2986,0, 240, False, 4
2987,0, 240, False, 4
2988,0, 240, False, 4
2989,0, 240, False, 4
2990,0, 240, False, 4
2991,0, 240, False, 4
2992,0, 240, False, 4
2993,0, 240, False, 4
2994,0, 240, False, 4
2995,0, 240, False, 4
2996,0, 240, False, 4
2997,0, 240, False, 4
2998,0, 240, False, 4
2999,0, 240, False, 4
3000,0, 240, False, 0
3001,0, 240, False, 1
3002,0, 240, False, 1
3003,0, 240, False, 1
3004,0, 240, False, 1
3005,0, 240, False, 1
3006,0, 240, False, 1
3007,0, 240, False, 1
3008,0, 240, False, 1
3009,0, 240, False, 0
3010,5, 245, False, 0
3011,0, 245, False, 0
3012,0, 245, False, 0
3013,0, 245, False, 0
3014,0, 245, False, 0
3015,0, 245, False, 0
3016,0, 245, False, 0
3017,0, 245, False, 0
3018,0, 245, False, 0
3019,0, 245, False, 0
3020,0, 245, False, 0
3021,0, 245, False, 0
3022,0, 245, False, 0
3023,0, 245, False, 0
3024,0, 245, False, 0
3025,0, 245, False, 0
3026,0, 245, False, 0
3027,0, 245, False, 1
3028,0, 245, False, 1
3029,0, 245, False, 1
3030,0, 245, False, 1
3031,0, 245, False, 1
3032,0, 245, False, 1
3033,0, 245, False, 1
3034,0, 245, False, 0
3035,0, 245, False, 0
3036,0, 245, False, 0
3037,0, 245, False, 0
3038,0, 245, False, 4
3039,0, 245, False, 4
3040,0, 245, False, 4
3041,0, 245, False, 4
3042,0, 245, False, 4
3043,0, 245, False, 4
3044,0, 245, False, 4
3045,0, 245, False, 4
3046,0, 245, False, 4
3047,0, 245, False, 4
3048,0, 245, False, 4
3049,0, 245, False, 4
3050,0, 245, False, 4
3051,0, 245, False, 4
3052,0, 245, False, 4
3053,0, 245, False, 4
3054,0, 245, False, 0
3055,0, 245, False, 0
3056,0, 245, False, 0
3057,0, 245, False, 0
3058,0, 245, False, 0
3059,0, 245, False, 0
3060,0, 245, False, 0
3061,0, 245, False, 0
3062,0, 245, False, 0
3063,0, 245, False, 0
3064,0, 245, False, 0
3065,0, 245, False, 0
3066,0, 245, False, 0
3067,0, 245, False, 0
3068,0, 245, False, 0
3069,0, 245, False, 0
3070,0, 245, False, 0
3071,0, 245, False, 0
3072,0, 245, False, 0
3073,0, 245, False, 0
3074,0, 245, False, 0
3075,0, 245, False, 4
3076,0, 245, False, 4
3077,0, 245, False, 4
3078,0, 245, False, 4
3079,0, 245, False, 4
3080,0, 245, False, 4
3081,0, 245, False, 4
3082,0, 245, False, 4
3083,0, 245, False, 4
3084,0, 245, False, 4
3085,0, 245, False, 4
3086,0, 245, False, 4
3087,0, 245, False, 4
3088,0, 245, False, 4
3089,0, 245, False, 4
3090,0, 245, False, 4
3091,0, 245, False, 4
3092,0, 245, False, 4
3093,0, 245, False, 4
3094,0, 245, False, 4
3095,0, 245, False, 4
3096,0, 245, False, 4
3097,0, 245, False, 4
3098,0, 245, False, 4
3099,0, 245, False, 4
3100,0, 245, False, 4
3101,0, 245, False, 4
3102,0, 245, False, 4
3103,0, 245, False, 0
3104,0, 245, False, 0
3105,0, 245, False, 1
3106,0, 245, False, 1
3107,0, 245, False, 1
3108,0, 245, False, 1
3109,0, 245, False, 1
3110,0, 245, False, 1
3111,0, 245, False, 1
3112,0, 245, False, 1
3113,0, 245, False, 0
3114,0, 245, False, 0
3115,0, 245, False, 0
3116,0, 245, False, 0
3117,0, 245, False, 0
3118,0, 245, False, 0
3119,0, 245, False, 3
3120,0, 245, False, 3
3121,0, 245, False, 3
3122,0, 245, False, 3
3123,0, 245, False, 3
3124,0, 245, False, 3
3125,0, 245, False, 3
3126,0, 245, False, 3
3127,0, 245, False, 3
3128,0, 245, False, 3
3129,0, 245, False, 3
3130,0, 245, False, 3
3131,0, 245, False, 3
3132,0, 245, False, 3
3133,0, 245, False, 3
3134,0, 245, False, 3
3135,0, 245, False, 3
3136,0, 245, False, 3
3137,0, 245, False, 3
3138,0, 245, False, 3
3139,0, 245, False, 3
3140,0, 245, False, 3
3141,0, 245, False, 3
3142,0, 245, False, 3
3143,0, 245, False, 3
3144,0, 245, False, 3
3145,0, 245, False, 3
3146,0, 245, False, 3
3147,0, 245, False, 3
3148,0, 245, False, 3
3149,0, 245, False, 3
3150,0, 245, False, 3
3151,0, 245, False, 3
3152,0, 245, False, 3
3153,0, 245, False, 3
3154,0, 245, False, 3
3155,0, 245, False, 3
3156,0, 245, False, 3
3157,0, 245, False, 3
3158,0, 245, False, 3
3159,0, 245, False, 3
3160,0, 245, False, 3
3161,0, 245, False, 3
3162,0, 245, False, 3
3163,0, 245, False, 3
3164,0, 245, False, 3
3165,0, 245, False, 3
3166,0, 245, False, 3
3167,0, 245, False, 3
3168,0, 245, False, 3
3169,0, 245, False, 3
3170,0, 245, False, 3
3171,0, 245, False, 3
3172,0, 245, False, 3
3173,0, 245, False, 3
3174,0, 245, False, 3
3175,0, 245, False, 3
3176,0, 245, False, 3
3177,0, 245, False, 3
3178,0, 245, False, 3
3179,0, 245, False, 3
3180,0, 245, False, 3
3181,0, 245, False, 3
3182,0, 245, False, 3
3183,0, 245, False, 3
3184,0, 245, False, 3
3185,0, 245, False, 3
3186,0, 245, False, 3
3187,0, 245, False, 3
3188,0, 245, False, 3
3189,0, 245, False, 3
3190,0, 245, False, 3
3191,0, 245, False, 3
3192,0, 245, False, 3
3193,0, 245, False, 3
3194,0, 245, False, 3
3195,0, 245, False, 3
3196,0, 245, False, 3
3197,0, 245, False, 3
3198,0, 245, False, 3
3199,0, 245, False, 3
3200,0, 245, False, 3
3201,0, 245, False, 3
3202,0, 245, False, 3
3203,0, 245, False, 3
3204,0, 245, False, 3
3205,0, 245, False, 3
3206,0, 245, False, 3
3207,0, 245, False, 3
3208,0, 245, False, 3
3209,0, 245, False, 3
3210,0, 245, False, 3
3211,0, 245, False, 3
3212,0, 245, False, 3
3213,0, 245, False, 3
3214,0, 245, False, 3
3215,0, 245, False, 3
3216,0, 245, False, 3
3217,0, 245, False, 3
3218,0, 245, False, 3
3219,0, 245, False, 3
3220,0, 245, False, 3
3221,0, 245, False, 3
3222,0, 245, False, 3
3223,0, 245, False, 3
3224,0, 245, False, 3
3225,0, 245, False, 3
3226,0, 245, False, 3
3227,0, 245, False, 3
3228,0, 245, False, 3
3229,0, 245, False, 3
3230,0, 245, False, 3
3231,0, 245, False, 3
3232,0, 245, False, 3
3233,0, 245, False, 3
3234,0, 245, False, 3
3235,0, 245, False, 3
3236,0, 245, False, 3
3237,0, 245, False, 3
3238,0, 245, False, 3
3239,0, 245, False, 3
3240,0, 245, False, 3
3241,0, 245, False, 3
3242,0, 245, False, 3
3243,0, 245, False, 3
3244,0, 245, False, 3
3245,0, 245, False, 3
3246,0, 245, False, 3
3247,0, 245, False, 3
3248,0, 245, False, 3
3249,0, 245, False, 3
3250,0, 245, False, 3
3251,0, 245, False, 3
3252,0, 245, False, 3
3253,0, 245, False, 3
3254,0, 245, False, 3
3255,0, 245, False, 3
3256,0, 245, False, 3
3257,0, 245, False, 3
3258,0, 245, False, 3
3259,0, 245, False, 3
3260,0, 245, False, 3
3261,0, 245, False, 3
3262,0, 245, False, 11
3263,0, 245, False, 11
3264,0, 245, False, 11
3265,0, 245, False, 11
3266,0, 245, False, 11
3267,0, 245, False, 11
3268,0, 245, False, 11
3269,0, 245, False, 11
3270,0, 245, False, 3
3271,0, 245, False, 3
3272,0, 245, False, 3
3273,0, 245, False, 3
3274,0, 245, False, 3
3275,0, 245, False, 3
3276,0, 245, False, 3
3277,0, 245, False, 3
3278,0, 245, False, 0
3279,0, 245, False, 0
3280,0, 245, False, 0
3281,0, 245, False, 0
3282,0, 245, False, 0
3283,0, 245, False, 0
3284,0, 245, False, 0
3285,0, 245, False, 0
3286,0, 245, False, 0
3287,0, 245, False, 0
3288,0, 245, False, 0
3289,0, 245, False, 0
3290,0, 245, False, 0
3291,0, 245, False, 0
3292,0, 245, False, 0
3293,0, 245, False, 0
3294,20, 265, False, 0
3295,0, 265, False, 0
3296,0, 265, False, 0
3297,0, 265, False, 0
3298,0, 265, False, 0
3299,0, 265, False, 0
3300,0, 265, False, 0
3301,0, 265, False, 0
3302,0, 265, False, 0
3303,0, 265, False, 0
3304,0, 265, False, 0
3305,0, 265, False, 0
3306,0, 265, False, 0
3307,0, 265, False, 0
3308,0, 265, False, 0
3309,0, 265, False, 0
3310,0, 265, False, 0
3311,0, 265, False, 0
3312,0, 265, False, 4
3313,0, 265, False, 4
3314,0, 265, False, 4
3315,0, 265, False, 4
3316,0, 265, False, 0
3317,0, 265, False, 0
3318,0, 265, False, 0
3319,0, 265, False, 0
3320,0, 265, False, 0
3321,0, 265, False, 0
3322,0, 265, False, 0
3323,0, 265, False, 0
3324,0, 265, False, 0
3325,0, 265, False, 0
3326,0, 265, False, 0
3327,0, 265, False, 0
3328,0, 265, False, 0
3329,0, 265, False, 0
3330,0, 265, False, 0
3331,0, 265, False, 0
3332,0, 265, False, 0
3333,0, 265, False, 0
3334,0, 265, False, 0
3335,0, 265, False, 0
3336,0, 265, False, 0
3337,0, 265, False, 1
3338,0, 265, False, 1
3339,0, 265, False, 1
3340,0, 265, False, 1
3341,0, 265, False, 1
3342,0, 265, False, 1
3343,0, 265, False, 0
3344,0, 265, False, 0
3345,0, 265, False, 0
3346,0, 265, False, 0
3347,0, 265, False, 0
3348,0, 265, False, 0
3349,0, 265, False, 0
3350,0, 265, False, 0
3351,0, 265, False, 0
3352,10, 275, False, 0
3353,0, 275, False, 3
3354,0, 275, False, 3
3355,0, 275, False, 3
3356,0, 275, False, 3
3357,0, 275, False, 3
3358,0, 275, False, 3
3359,0, 275, False, 3
3360,0, 275, False, 3
3361,0, 275, False, 3
3362,0, 275, False, 3
3363,0, 275, False, 3
3364,0, 275, False, 3
3365,0, 275, False, 3
3366,0, 275, False, 3
3367,0, 275, False, 3
3368,0, 275, False, 3
3369,0, 275, False, 3
3370,0, 275, False, 3
3371,0, 275, False, 3
3372,0, 275, False, 3
3373,0, 275, False, 3
3374,0, 275, False, 3
3375,0, 275, False, 3
3376,0, 275, False, 3
3377,0, 275, False, 3
3378,0, 275, False, 3
3379,0, 275, False, 3
3380,0, 275, False, 3
3381,0, 275, False, 3
3382,0, 275, False, 3
3383,0, 275, False, 3
3384,0, 275, False, 3
3385,0, 275, False, 3
3386,0, 275, False, 3
3387,0, 275, False, 3
3388,0, 275, False, 3
3389,0, 275, False, 3
3390,0, 275, False, 3
3391,0, 275, False, 1
3392,0, 275, False, 1
3393,0, 275, False, 1
3394,0, 275, False, 1
3395,0, 275, False, 1
3396,0, 275, False, 1
3397,0, 275, False, 4
3398,0, 275, False, 4
3399,0, 275, False, 4
3400,0, 275, False, 4
3401,0, 275, False, 4
3402,0, 275, False, 4
3403,0, 275, False, 4
3404,0, 275, False, 4
3405,0, 275, False, 4
3406,0, 275, False, 4
3407,0, 275, False, 4
3408,15, 290, False, 4
3409,0, 290, False, 4
3410,0, 290, False, 4
3411,0, 290, False, 4
3412,0, 290, False, 4
3413,0, 290, False, 4
3414,0, 290, False, 4
3415,0, 290, False, 4
3416,0, 290, False, 4
3417,0, 290, False, 4
3418,0, 290, False, 4
3419,0, 290, False, 4
3420,0, 290, False, 4
3421,0, 290, False, 4
3422,0, 290, False, 4
3423,0, 290, False, 4
3424,0, 290, False, 4
3425,0, 290, False, 4
3426,0, 290, False, 4
3427,0, 290, False, 4
3428,0, 290, False, 4
3429,0, 290, False, 4
3430,0, 290, False, 4
3431,0, 290, False, 4
3432,0, 290, False, 4
3433,0, 290, False, 4
3434,0, 290, False, 4
3435,0, 290, False, 4
3436,0, 290, False, 4
3437,0, 290, False, 4
3438,0, 290, False, 4
3439,0, 290, False, 4
3440,0, 290, False, 4
3441,0, 290, False, 4
3442,0, 290, False, 4
3443,0, 290, False, 4
3444,0, 290, False, 4
3445,0, 290, False, 4
3446,0, 290, False, 4
3447,0, 290, False, 4
3448,0, 290, False, 4
3449,0, 290, False, 4
3450,0, 290, False, 4
3451,0, 290, False, 4
3452,0, 290, False, 4
3453,0, 290, False, 4
3454,0, 290, False, 4
3455,0, 290, False, 4
3456,0, 290, False, 4
3457,0, 290, False, 4
3458,0, 290, False, 4
3459,0, 290, False, 4
3460,0, 290, False, 4
3461,0, 290, False, 4
3462,0, 290, False, 4
3463,0, 290, False, 4
3464,0, 290, False, 4
3465,0, 290, False, 4
3466,0, 290, False, 4
3467,0, 290, False, 4
3468,0, 290, False, 4
3469,0, 290, False, 4
3470,0, 290, False, 4
3471,0, 290, False, 4
3472,0, 290, False, 4
3473,0, 290, False, 4
3474,0, 290, False, 4
3475,0, 290, False, 4
3476,0, 290, False, 4
3477,0, 290, False, 4
3478,0, 290, False, 4
3479,0, 290, False, 4
3480,0, 290, False, 4
3481,0, 290, False, 4
3482,0, 290, False, 4
3483,0, 290, False, 4
3484,0, 290, False, 4
3485,0, 290, False, 4
3486,0, 290, False, 4
3487,0, 290, False, 4
3488,0, 290, False, 4
3489,0, 290, False, 4
3490,0, 290, False, 4
3491,0, 290, False, 4
3492,0, 290, False, 4
3493,0, 290, False, 4
3494,0, 290, False, 4
3495,0, 290, False, 4
3496,0, 290, False, 4
3497,0, 290, False, 12
3498,0, 290, False, 12
3499,0, 290, False, 12
3500,0, 290, False, 12
3501,0, 290, False, 12
3502,0, 290, False, 12
3503,0, 290, False, 12
3504,0, 290, False, 12
3505,0, 290, False, 4
3506,0, 290, False, 4
3507,0, 290, False, 4
3508,0, 290, False, 4
3509,0, 290, False, 4
3510,0, 290, False, 4
3511,0, 290, False, 4
3512,0, 290, False, 4
3513,0, 290, False, 4
3514,0, 290, False, 4
3515,0, 290, False, 4
3516,0, 290, False, 4
3517,0, 290, False, 4
3518,0, 290, False, 4
3519,0, 290, False, 4
3520,0, 290, False, 4
3521,0, 290, False, 4
3522,0, 290, False, 4
3523,0, 290, False, 4
3524,0, 290, False, 4
3525,0, 290, False, 4
3526,0, 290, False, 4
3527,0, 290, False, 4
3528,20, 310, False, 4
3529,0, 310, False, 4
3530,0, 310, False, 4
3531,0, 310, False, 4
3532,0, 310, False, 4
3533,0, 310, False, 4
3534,0, 310, False, 4
3535,0, 310, False, 4
3536,0, 310, False, 4
3537,0, 310, False, 4
3538,0, 310, False, 4
3539,0, 310, False, 4
3540,0, 310, False, 4
3541,0, 310, False, 4
3542,0, 310, False, 4
3543,0, 310, False, 4
3544,0, 310, False, 4
3545,0, 310, False, 4
3546,0, 310, False, 4
3547,0, 310, False, 4
3548,0, 310, False, 4
3549,0, 310, False, 4
3550,0, 310, False, 4
3551,0, 310, False, 4
3552,0, 310, False, 4
3553,0, 310, False, 4
3554,0, 310, False, 4
3555,0, 310, False, 4
3556,0, 310, False, 4
3557,0, 310, False, 12
3558,0, 310, False, 12
3559,0, 310, False, 12
3560,0, 310, False, 12
3561,0, 310, False, 12
3562,0, 310, False, 12
3563,0, 310, False, 12
3564,0, 310, False, 12
3565,0, 310, False, 4
3566,10, 320, False, 4
3567,0, 320, False, 4
3568,0, 320, False, 4
3569,0, 320, False, 4
3570,0, 320, False, 4
3571,0, 320, False, 4
3572,0, 320, False, 4
3573,0, 320, False, 4
3574,0, 320, False, 4
3575,0, 320, False, 4
3576,0, 320, False, 4
3577,0, 320, False, 4
3578,0, 320, False, 4
3579,0, 320, False, 4
3580,0, 320, False, 4
3581,0, 320, False, 4
3582,0, 320, False, 4
3583,0, 320, False, 4
3584,0, 320, False, 4
3585,0, 320, False, 4
3586,0, 320, False, 4
3587,0, 320, False, 4
3588,0, 320, False, 4
3589,0, 320, False, 4
3590,0, 320, False, 4
3591,0, 320, False, 4
3592,0, 320, False, 4
3593,0, 320, False, 4
3594,0, 320, False, 4
3595,0, 320, False, 4
3596,0, 320, False, 4
3597,0, 320, False, 4
3598,0, 320, False, 0
3599,0, 320, False, 0
3600,0, 320, False, 0
3601,0, 320, False, 0
3602,0, 320, False, 0
3603,0, 320, False, 0
3604,0, 320, False, 0
3605,0, 320, False, 0
3606,0, 320, False, 0
3607,0, 320, False, 0
3608,0, 320, False, 0
3609,0, 320, False, 0
3610,0, 320, False, 0
3611,0, 320, False, 0
3612,0, 320, False, 0
3613,0, 320, False, 0
3614,0, 320, False, 0
3615,0, 320, False, 0
3616,0, 320, False, 0
3617,0, 320, False, 0
3618,0, 320, False, 0
3619,0, 320, False, 0
3620,0, 320, False, 0
3621,0, 320, False, 0
3622,0, 320, False, 0
3623,0, 320, False, 0
3624,0, 320, False, 0
3625,0, 320, False, 0
3626,0, 320, False, 0
3627,0, 320, False, 0
3628,0, 320, False, 0
3629,0, 320, False, 0
3630,0, 320, False, 0
3631,0, 320, False, 0
3632,0, 320, False, 0
3633,0, 320, False, 0
3634,0, 320, False, 0
3635,0, 320, False, 0
3636,0, 320, False, 0
3637,0, 320, False, 0
3638,0, 320, False, 0
3639,0, 320, False, 0
3640,0, 320, False, 0
3641,0, 320, False, 0
3642,0, 320, False, 0
3643,0, 320, False, 0
3644,0, 320, False, 0
3645,0, 320, False, 0
3646,0, 320, False, 0
3647,0, 320, False, 0
3648,0, 320, False, 0
3649,0, 320, False, 0
3650,0, 320, False, 0
3651,0, 320, False, 0
3652,0, 320, False, 0
3653,0, 320, False, 0
3654,0, 320, False, 0
3655,0, 320, False, 0
3656,0, 320, False, 0
3657,0, 320, False, 0
3658,0, 320, False, 0
3659,0, 320, False, 0
3660,0, 320, False, 0
3661,0, 320, False, 0
3662,0, 320, False, 0
3663,0, 320, False, 0
3664,0, 320, False, 0
3665,0, 320, False, 0
3666,0, 320, False, 0
3667,0, 320, False, 0
3668,0, 320, False, 0
3669,0, 320, False, 0
3670,0, 320, False, 0
3671,0, 320, False, 0
3672,0, 320, False, 0
3673,0, 320, False, 0
3674,0, 320, False, 0
3675,0, 320, False, 0
3676,0, 320, False, 0
3677,0, 320, False, 0
3678,0, 320, False, 0
3679,0, 320, False, 0
3680,0, 320, False, 0
3681,0, 320, False, 0
3682,0, 320, False, 0
3683,0, 320, False, 0
3684,0, 320, False, 0
3685,0, 320, False, 0
3686,0, 320, False, 0
3687,0, 320, False, 0
3688,0, 320, False, 0
3689,0, 320, False, 0
3690,0, 320, False, 0
3691,0, 320, False, 0
3692,0, 320, False, 0
3693,0, 320, False, 0
3694,0, 320, False, 0
3695,0, 320, False, 0
3696,0, 320, False, 0
3697,0, 320, False, 0
3698,0, 320, False, 0
3699,0, 320, False, 0
3700,0, 320, False, 0
3701,0, 320, False, 0
3702,0, 320, False, 0
3703,0, 320, False, 0
3704,0, 320, False, 0
3705,0, 320, False, 0
3706,0, 320, False, 0
3707,0, 320, False, 0
3708,0, 320, False, 0
3709,0, 320, False, 0
3710,0, 320, False, 0
3711,0, 320, False, 0
3712,0, 320, False, 0
3713,0, 320, False, 0
3714,0, 320, False, 0
3715,0, 320, False, 0
3716,0, 320, False, 0
3717,0, 320, False, 0
3718,0, 320, False, 0
3719,0, 320, False, 0
3720,0, 320, False, 0
3721,0, 320, False, 0
3722,0, 320, False, 0
3723,0, 320, False, 0
3724,0, 320, False, 0
3725,0, 320, False, 0
3726,0, 320, False, 0
3727,0, 320, False, 0
3728,0, 320, False, 0
3729,0, 320, False, 0
3730,0, 320, False, 0
3731,0, 320, False, 0
3732,0, 320, False, 0
3733,0, 320, False, 4
3734,0, 320, False, 4
3735,0, 320, False, 4
3736,0, 320, False, 4
3737,0, 320, False, 4
3738,0, 320, False, 4
3739,0, 320, False, 4
3740,0, 320, False, 4
3741,0, 320, False, 4
3742,0, 320, False, 4
3743,0, 320, False, 4
3744,0, 320, False, 4
3745,0, 320, False, 4
3746,0, 320, False, 4
3747,0, 320, False, 0
3748,0, 320, False, 0
3749,0, 320, False, 0
3750,0, 320, False, 0
3751,0, 320, False, 0
3752,0, 320, False, 0
3753,0, 320, False, 0
3754,0, 320, False, 0
3755,0, 320, False, 0
3756,0, 320, False, 0
3757,0, 320, False, 0
3758,0, 320, False, 0
3759,0, 320, False, 0
3760,0, 320, False, 0
3761,0, 320, False, 0
3762,0, 320, False, 0
3763,0, 320, False, 0
3764,0, 320, False, 1
3765,0, 320, False, 1
3766,0, 320, False, 1
3767,0, 320, False, 1
3768,0, 320, False, 1
3769,0, 320, False, 1
3770,0, 320, False, 1
3771,0, 320, False, 1
3772,0, 320, False, 1
3773,0, 320, False, 1
3774,0, 320, False, 0
3775,0, 320, False, 0
3776,0, 320, False, 0
3777,0, 320, False, 0
3778,0, 320, False, 0
3779,0, 320, False, 0
3780,0, 320, False, 0
3781,0, 320, False, 1
3782,0, 320, False, 1
3783,0, 320, False, 1
3784,0, 320, False, 1
3785,0, 320, False, 1
3786,15, 335, False, 1
3787,0, 335, False, 1
3788,0, 335, False, 1
3789,0, 335, False, 0
3790,0, 335, False, 0
3791,0, 335, False, 0
3792,0, 335, False, 0
3793,0, 335, False, 0
3794,0, 335, False, 0
3795,0, 335, False, 0
3796,0, 335, False, 0
3797,0, 335, False, 0
3798,0, 335, False, 0
3799,0, 335, False, 0
3800,0, 335, False, 0
3801,0, 335, False, 0
3802,0, 335, False, 0
3803,0, 335, False, 1
3804,0, 335, False, 1
3805,0, 335, False, 12
3806,0, 335, False, 12
3807,0, 335, False, 12
3808,0, 335, False, 12
3809,0, 335, False, 12
3810,0, 335, False, 12
3811,0, 335, False, 4
3812,0, 335, False, 4
3813,0, 335, False, 4
3814,0, 335, False, 4
3815,0, 335, False, 4
3816,0, 335, False, 4
3817,0, 335, False, 4
3818,0, 335, False, 4
3819,0, 335, False, 4
3820,0, 335, False, 4
3821,0, 335, False, 4
3822,0, 335, False, 12
3823,0, 335, False, 12
3824,0, 335, False, 12
3825,0, 335, False, 12
3826,0, 335, False, 12
3827,0, 335, False, 12
3828,0, 335, False, 12
3829,0, 335, False, 12
3830,0, 335, False, 12
3831,0, 335, False, 12
3832,0, 335, False, 4
3833,0, 335, False, 4
3834,0, 335, False, 4
3835,0, 335, False, 4
3836,0, 335, False, 4
3837,0, 335, False, 4
3838,0, 335, False, 4
3839,0, 335, False, 1
3840,0, 335, False, 1
3841,0, 335, False, 1
3842,0, 335, False, 1
3843,0, 335, False, 1
3844,0, 335, False, 1
3845,0, 335, False, 1
3846,0, 335, False, 1
3847,0, 335, False, 0
3848,0, 335, False, 0
3849,0, 335, False, 0
3850,0, 335, False, 0
3851,0, 335, False, 3
3852,0, 335, False, 3
3853,0, 335, False, 3
3854,0, 335, False, 3
3855,0, 335, False, 3
3856,0, 335, False, 3
3857,0, 335, False, 0
3858,0, 335, False, 0
3859,0, 335, False, 0
3860,0, 335, False, 0
3861,0, 335, False, 0
3862,0, 335, False, 0
3863,0, 335, False, 0
3864,0, 335, False, 0
3865,0, 335, False, 0
3866,0, 335, False, 0
3867,0, 335, False, 0
3868,0, 335, False, 0
3869,0, 335, False, 0
3870,0, 335, False, 0
3871,0, 335, False, 0
3872,0, 335, False, 0
3873,0, 335, False, 0
3874,0, 335, False, 0
3875,0, 335, False, 0
3876,0, 335, False, 0
3877,0, 335, False, 0
3878,0, 335, False, 0
3879,0, 335, False, 0
3880,0, 335, False, 0
3881,0, 335, False, 0
3882,0, 335, False, 0
3883,0, 335, False, 0
3884,0, 335, False, 3
3885,0, 335, False, 3
3886,0, 335, False, 3
3887,0, 335, False, 3
3888,0, 335, False, 3
3889,0, 335, False, 3
3890,0, 335, False, 3
3891,0, 335, False, 3
3892,0, 335, False, 3
3893,0, 335, False, 3
3894,0, 335, False, 3
3895,0, 335, False, 3
3896,0, 335, False, 3
3897,0, 335, False, 3
3898,0, 335, False, 3
3899,0, 335, False, 3
3900,0, 335, False, 3
3901,0, 335, False, 3
3902,0, 335, False, 3
3903,0, 335, False, 3
3904,0, 335, False, 3
3905,0, 335, False, 11
3906,0, 335, False, 11
3907,0, 335, False, 11
3908,0, 335, False, 11
3909,0, 335, False, 11
3910,0, 335, False, 11
3911,0, 335, False, 11
3912,0, 335, False, 11
3913,0, 335, False, 3
3914,0, 335, False, 3
3915,0, 335, False, 3
3916,0, 335, False, 3
3917,0, 335, False, 3
3918,0, 335, False, 3
3919,0, 335, False, 3
3920,0, 335, False, 3
3921,0, 335, False, 3
3922,0, 335, False, 3
3923,0, 335, False, 3
3924,0, 335, False, 3
3925,0, 335, False, 11
3926,0, 335, False, 11
3927,0, 335, False, 11
3928,0, 335, False, 11
3929,0, 335, False, 11
3930,0, 335, False, 11
3931,0, 335, False, 3
3932,0, 335, False, 3
3933,0, 335, False, 3
3934,0, 335, False, 3
3935,0, 335, False, 3
3936,0, 335, False, 3
3937,0, 335, False, 3
3938,0, 335, False, 3
3939,0, 335, False, 3
3940,0, 335, False, 3
3941,0, 335, False, 3
3942,0, 335, False, 3
3943,0, 335, False, 3
3944,0, 335, False, 3
3945,0, 335, False, 3
3946,0, 335, False, 3
3947,0, 335, False, 3
3948,0, 335, False, 3
3949,0, 335, False, 3
3950,0, 335, False, 3
3951,0, 335, False, 3
3952,0, 335, False, 0
3953,0, 335, False, 0
3954,0, 335, False, 0
3955,0, 335, False, 1
3956,0, 335, False, 1
3957,0, 335, False, 1
3958,0, 335, False, 1
3959,0, 335, False, 1
3960,0, 335, False, 1
3961,0, 335, False, 1
3962,0, 335, False, 1
3963,0, 335, False, 0
3964,0, 335, False, 0
3965,0, 335, False, 0
3966,0, 335, False, 0
3967,0, 335, False, 0
3968,0, 335, False, 0
3969,0, 335, False, 0
3970,0, 335, False, 0
3971,0, 335, False, 0
3972,0, 335, False, 0
3973,0, 335, False, 0
3974,0, 335, False, 0
3975,0, 335, False, 0
3976,0, 335, False, 0
3977,0, 335, False, 0
3978,0, 335, False, 0
3979,0, 335, False, 0
3980,0, 335, False, 0
3981,0, 335, False, 0
3982,0, 335, False, 0
3983,0, 335, False, 0
3984,0, 335, False, 0
3985,0, 335, False, 0
3986,0, 335, False, 0
3987,0, 335, False, 0
3988,0, 335, False, 0
3989,0, 335, False, 0
3990,0, 335, False, 1
3991,0, 335, False, 1
3992,0, 335, False, 1
3993,0, 335, False, 1
3994,0, 335, False, 1
3995,0, 335, False, 1
3996,0, 335, False, 1
3997,0, 335, False, 1
3998,0, 335, False, 1
3999,0, 335, False, 1
4000,0, 335, False, 1
4001,0, 335, False, 1
4002,0, 335, False, 1
4003,0, 335, False, 1
4004,0, 335, False, 1
4005,0, 335, False, 0
4006,0, 335, False, 0
4007,0, 335, False, 0
4008,0, 335, False, 0
4009,0, 335, False, 0
4010,0, 335, False, 0
4011,0, 335, False, 0
4012,0, 335, False, 0
4013,0, 335, False, 0
4014,0, 335, False, 0
4015,0, 335, False, 0
4016,0, 335, False, 0
4017,0, 335, False, 0
4018,0, 335, False, 0
4019,0, 335, False, 0
4020,0, 335, False, 1
4021,0, 335, False, 1
4022,0, 335, False, 1
4023,0, 335, False, 1
4024,0, 335, False, 1
4025,0, 335, False, 1
4026,0, 335, False, 1
4027,0, 335, False, 1
4028,0, 335, False, 1
4029,0, 335, False, 1
4030,0, 335, False, 1
4031,0, 335, False, 1
4032,0, 335, False, 1
4033,0, 335, False, 0
4034,0, 335, False, 0
4035,0, 335, False, 0
4036,0, 335, False, 0
4037,0, 335, False, 0
4038,0, 335, False, 0
4039,0, 335, False, 0
4040,0, 335, False, 0
4041,0, 335, False, 1
4042,0, 335, False, 1
4043,0, 335, False, 1
4044,0, 335, False, 1
4045,0, 335, False, 1
4046,0, 335, False, 1
4047,0, 335, False, 1
4048,0, 335, False, 1
4049,0, 335, False, 0
4050,0, 335, False, 0
4051,0, 335, False, 0
4052,0, 335, False, 1
4053,0, 335, False, 1
4054,0, 335, False, 1
4055,0, 335, False, 1
4056,0, 335, False, 11
4057,0, 335, False, 11
4058,0, 335, False, 11
4059,0, 335, False, 3
4060,0, 335, False, 3
4061,0, 335, False, 3
4062,0, 335, False, 3
4063,0, 335, False, 3
4064,0, 335, False, 3
4065,0, 335, False, 3
4066,0, 335, False, 3
4067,0, 335, False, 3
4068,0, 335, False, 3
4069,0, 335, False, 3
4070,0, 335, False, 3
4071,0, 335, False, 3
4072,0, 335, False, 3
4073,0, 335, False, 3
4074,0, 335, False, 3
4075,0, 335, False, 3
4076,0, 335, False, 3
4077,0, 335, False, 3
4078,0, 335, False, 3
4079,0, 335, False, 3
4080,0, 335, False, 3
4081,0, 335, False, 3
4082,0, 335, False, 3
4083,0, 335, False, 0
4084,0, 335, False, 0
4085,0, 335, False, 0
4086,0, 335, False, 0
4087,0, 335, False, 0
4088,0, 335, False, 0
4089,0, 335, False, 0
4090,0, 335, False, 4
4091,0, 335, False, 4
4092,0, 335, False, 4
4093,0, 335, False, 4
4094,0, 335, False, 4
4095,0, 335, False, 4
4096,0, 335, False, 4
4097,0, 335, False, 4
4098,0, 335, False, 4
4099,0, 335, False, 4
4100,0, 335, False, 4
4101,0, 335, False, 4
4102,0, 335, False, 4
4103,0, 335, False, 4
4104,0, 335, False, 4
4105,0, 335, False, 4
4106,0, 335, False, 4
4107,0, 335, False, 4
4108,0, 335, False, 4
4109,0, 335, False, 4
4110,0, 335, False, 0
4111,0, 335, False, 0
4112,0, 335, False, 0
4113,0, 335, False, 0
4114,0, 335, False, 0
4115,0, 335, False, 0
4116,0, 335, False, 1
4117,0, 335, False, 1
4118,0, 335, False, 1
4119,0, 335, False, 1
4120,0, 335, False, 1
4121,0, 335, False, 1
4122,0, 335, False, 1
4123,0, 335, False, 0
4124,0, 335, False, 0
4125,0, 335, False, 0
4126,0, 335, False, 0
4127,0, 335, False, 0
4128,0, 335, False, 0
4129,0, 335, False, 0
4130,15, 350, False, 0
4131,0, 350, False, 0
4132,0, 350, False, 0
4133,0, 350, False, 0
4134,0, 350, False, 0
4135,0, 350, False, 0
4136,0, 350, False, 0
4137,0, 350, False, 0
4138,0, 350, False, 0
4139,0, 350, False, 3
4140,0, 350, False, 3
4141,0, 350, False, 3
4142,0, 350, False, 3
4143,0, 350, False, 3
4144,0, 350, False, 3
4145,0, 350, False, 3
4146,0, 350, False, 3
4147,0, 350, False, 3
4148,0, 350, False, 3
4149,0, 350, False, 3
4150,0, 350, False, 3
4151,0, 350, False, 3
4152,0, 350, False, 3
4153,0, 350, False, 0
4154,0, 350, False, 0
4155,0, 350, False, 0
4156,0, 350, False, 0
4157,0, 350, False, 0
4158,0, 350, False, 0
4159,0, 350, False, 0
4160,0, 350, False, 0
4161,0, 350, False, 0
4162,0, 350, False, 0
4163,0, 350, False, 0
4164,0, 350, False, 0
4165,0, 350, False, 0
4166,0, 350, False, 0
4167,0, 350, False, 0
4168,0, 350, False, 0
4169,0, 350, False, 0
4170,0, 350, False, 0
4171,0, 350, False, 0
4172,0, 350, False, 0
4173,0, 350, False, 0
4174,0, 350, False, 3
4175,0, 350, False, 3
4176,0, 350, False, 3
4177,0, 350, False, 3
4178,0, 350, False, 3
4179,0, 350, False, 3
4180,0, 350, False, 3
4181,0, 350, False, 3
4182,0, 350, False, 3
4183,0, 350, False, 3
4184,0, 350, False, 3
4185,0, 350, False, 3
4186,0, 350, False, 3
4187,0, 350, False, 3
4188,0, 350, False, 3
4189,0, 350, False, 3
4190,0, 350, False, 3
4191,0, 350, False, 3
4192,0, 350, False, 3
4193,0, 350, False, 3
4194,0, 350, False, 3
4195,0, 350, False, 3
4196,0, 350, False, 3
4197,0, 350, False, 3
4198,0, 350, False, 3
4199,0, 350, False, 3
4200,0, 350, False, 3
4201,0, 350, False, 3
4202,0, 350, False, 3
4203,0, 350, False, 3
4204,0, 350, False, 3
4205,0, 350, False, 3
4206,0, 350, False, 3
4207,0, 350, False, 3
4208,0, 350, False, 3
4209,0, 350, False, 3
4210,0, 350, False, 3
4211,0, 350, False, 3
4212,0, 350, False, 3
4213,0, 350, False, 3
4214,0, 350, False, 3
4215,0, 350, False, 3
4216,0, 350, False, 3
4217,0, 350, False, 3
4218,0, 350, False, 3
4219,0, 350, False, 3
4220,0, 350, False, 3
4221,0, 350, False, 3
4222,0, 350, False, 3
4223,0, 350, False, 3
4224,0, 350, False, 3
4225,0, 350, False, 3
4226,0, 350, False, 3
4227,0, 350, False, 3
4228,0, 350, False, 3
4229,0, 350, False, 3
4230,0, 350, False, 3
4231,0, 350, False, 3
4232,0, 350, False, 3
4233,0, 350, False, 3
4234,0, 350, False, 3
4235,0, 350, False, 3
4236,0, 350, False, 3
4237,0, 350, False, 3
4238,0, 350, False, 3
4239,0, 350, False, 3
4240,0, 350, False, 3
4241,0, 350, False, 3
4242,0, 350, False, 3
4243,0, 350, False, 3
4244,0, 350, False, 3
4245,0, 350, False, 3
4246,0, 350, False, 3
4247,0, 350, False, 3
4248,0, 350, False, 3
4249,0, 350, False, 3
4250,0, 350, False, 3
4251,0, 350, False, 3
4252,0, 350, False, 3
4253,0, 350, False, 3
4254,0, 350, False, 3
4255,0, 350, False, 3
4256,0, 350, False, 0
4257,0, 350, False, 0
4258,0, 350, False, 1
4259,0, 350, False, 1
4260,0, 350, False, 1
4261,0, 350, False, 1
4262,0, 350, False, 1
4263,0, 350, False, 1
4264,0, 350, False, 1
4265,0, 350, False, 1
4266,0, 350, False, 0
4267,0, 350, False, 0
4268,0, 350, False, 3
4269,0, 350, False, 3
4270,0, 350, False, 3
4271,0, 350, False, 3
4272,0, 350, False, 3
4273,0, 350, False, 3
4274,0, 350, False, 3
4275,0, 350, False, 3
4276,0, 350, False, 3
4277,0, 350, False, 3
4278,0, 350, False, 3
4279,0, 350, False, 3
4280,0, 350, False, 3
4281,0, 350, False, 3
4282,0, 350, False, 3
4283,0, 350, False, 3
4284,0, 350, False, 3
4285,0, 350, False, 3
4286,0, 350, False, 3
4287,0, 350, False, 3
4288,0, 350, False, 3
4289,0, 350, False, 3
4290,0, 350, False, 3
4291,0, 350, False, 3
4292,0, 350, False, 3
4293,0, 350, False, 3
4294,0, 350, False, 3
4295,0, 350, False, 3
4296,0, 350, False, 3
4297,0, 350, False, 3
4298,0, 350, False, 3
4299,0, 350, False, 0
4300,0, 350, False, 0
4301,0, 350, False, 0
4302,0, 350, False, 0
4303,0, 350, False, 0
4304,0, 350, False, 0
4305,0, 350, False, 0
4306,0, 350, False, 0
4307,0, 350, False, 0
4308,0, 350, False, 0
4309,0, 350, False, 0
4310,0, 350, False, 0
4311,0, 350, False, 0
4312,0, 350, False, 0
4313,0, 350, False, 0
4314,0, 350, False, 0
4315,0, 350, False, 0
4316,0, 350, False, 0
4317,0, 350, False, 0
4318,0, 350, False, 0
4319,0, 350, False, 0
4320,0, 350, False, 0
4321,0, 350, False, 0
4322,0, 350, False, 0
4323,0, 350, False, 0
4324,0, 350, False, 0
4325,0, 350, False, 0
4326,0, 350, False, 0
4327,0, 350, False, 0
4328,0, 350, False, 0
4329,0, 350, False, 0
4330,0, 350, False, 0
4331,0, 350, False, 0
4332,0, 350, False, 0
4333,0, 350, False, 0
4334,0, 350, False, 0
4335,0, 350, False, 0
4336,0, 350, False, 0
4337,0, 350, False, 0
4338,0, 350, False, 0
4339,0, 350, False, 0
4340,0, 350, False, 0
4341,0, 350, False, 0
4342,0, 350, False, 0
4343,0, 350, False, 0
4344,0, 350, False, 0
4345,0, 350, False, 0
4346,0, 350, False, 0
4347,0, 350, False, 0
4348,0, 350, False, 0
4349,0, 350, False, 0
4350,0, 350, False, 0
4351,0, 350, False, 0
4352,0, 350, False, 0
4353,0, 350, False, 0
4354,0, 350, False, 0
4355,0, 350, False, 0
4356,0, 350, False, 0
4357,0, 350, False, 0
4358,0, 350, False, 0
4359,0, 350, False, 0
4360,0, 350, False, 0
4361,0, 350, False, 0
4362,0, 350, False, 0
4363,0, 350, False, 0
4364,0, 350, False, 0
4365,0, 350, False, 0
4366,0, 350, False, 0
4367,0, 350, False, 0
4368,0, 350, False, 0
4369,0, 350, False, 0
4370,0, 350, False, 0
4371,0, 350, False, 0
4372,0, 350, False, 0
4373,0, 350, False, 0
4374,0, 350, False, 0
4375,0, 350, False, 0
4376,0, 350, False, 0
4377,0, 350, False, 0
4378,0, 350, False, 0
4379,0, 350, False, 0
4380,0, 350, False, 0
4381,0, 350, False, 0
4382,0, 350, False, 0
4383,0, 350, False, 0
4384,0, 350, False, 0
4385,0, 350, False, 0
4386,0, 350, False, 0
4387,0, 350, False, 0
4388,0, 350, False, 0
4389,0, 350, False, 0
4390,0, 350, False, 0
4391,0, 350, False, 0
4392,0, 350, False, 0
4393,0, 350, False, 0
4394,0, 350, False, 0
4395,0, 350, False, 0
4396,0, 350, False, 0
4397,0, 350, False, 0
4398,0, 350, False, 0
4399,0, 350, False, 0
4400,0, 350, False, 0
4401,0, 350, True, 0
