db traj id : 2483
frame,reward,score,terminal, action
0,0, 0, False, 0
1,0, 0, False, 0
2,0, 0, False, 0
3,0, 0, False, 0
4,0, 0, False, 0
5,0, 0, False, 0
6,0, 0, False, 0
7,0, 0, False, 0
8,0, 0, False, 0
9,0, 0, False, 0
10,0, 0, False, 0
11,0, 0, False, 0
12,0, 0, False, 0
13,0, 0, False, 0
14,0, 0, False, 0
15,0, 0, False, 0
16,0, 0, False, 0
17,0, 0, False, 0
18,0, 0, False, 0
19,0, 0, False, 0
20,0, 0, False, 0
21,0, 0, False, 0
22,0, 0, False, 0
23,0, 0, False, 0
24,0, 0, False, 0
25,0, 0, False, 0
26,0, 0, False, 0
27,0, 0, False, 0
28,0, 0, False, 0
29,0, 0, False, 0
30,0, 0, False, 0
31,0, 0, False, 0
32,0, 0, False, 0
33,0, 0, False, 0
34,0, 0, False, 0
35,0, 0, False, 0
36,0, 0, False, 0
37,0, 0, False, 0
38,0, 0, False, 0
39,0, 0, False, 0
40,0, 0, False, 0
41,0, 0, False, 0
42,0, 0, False, 0
43,0, 0, False, 0
44,0, 0, False, 0
45,0, 0, False, 0
46,0, 0, False, 0
47,0, 0, False, 0
48,0, 0, False, 0
49,0, 0, False, 0
50,0, 0, False, 0
51,0, 0, False, 0
52,0, 0, False, 0
53,0, 0, False, 0
54,0, 0, False, 0
55,0, 0, False, 0
56,0, 0, False, 0
57,0, 0, False, 0
58,0, 0, False, 0
59,0, 0, False, 0
60,0, 0, False, 0
61,0, 0, False, 0
62,0, 0, False, 0
63,0, 0, False, 0
64,0, 0, False, 0
65,0, 0, False, 0
66,0, 0, False, 0
67,0, 0, False, 0
68,0, 0, False, 0
69,0, 0, False, 0
70,0, 0, False, 0
71,0, 0, False, 0
72,0, 0, False, 0
73,0, 0, False, 0
74,0, 0, False, 0
75,0, 0, False, 0
76,0, 0, False, 0
77,0, 0, False, 0
78,0, 0, False, 0
79,0, 0, False, 0
80,0, 0, False, 0
81,0, 0, False, 0
82,0, 0, False, 0
83,0, 0, False, 0
84,0, 0, False, 0
85,0, 0, False, 0
86,0, 0, False, 0
87,0, 0, False, 0
88,0, 0, False, 0
89,0, 0, False, 0
90,0, 0, False, 0
91,0, 0, False, 0
92,0, 0, False, 0
93,0, 0, False, 0
94,0, 0, False, 0
95,0, 0, False, 0
96,0, 0, False, 0
97,0, 0, False, 0
98,0, 0, False, 0
99,0, 0, False, 0
100,0, 0, False, 0
101,0, 0, False, 0
102,0, 0, False, 0
103,0, 0, False, 0
104,0, 0, False, 0
105,0, 0, False, 0
106,0, 0, False, 0
107,0, 0, False, 0
108,0, 0, False, 0
109,0, 0, False, 0
110,0, 0, False, 0
111,0, 0, False, 0
112,0, 0, False, 0
113,0, 0, False, 0
114,0, 0, False, 0
115,0, 0, False, 0
116,0, 0, False, 0
117,0, 0, False, 0
118,0, 0, False, 0
119,0, 0, False, 0
120,0, 0, False, 0
121,0, 0, False, 0
122,0, 0, False, 0
123,0, 0, False, 0
124,0, 0, False, 0
125,0, 0, False, 0
126,0, 0, False, 0
127,0, 0, False, 0
128,0, 0, False, 0
129,0, 0, False, 0
130,0, 0, False, 0
131,0, 0, False, 0
132,0, 0, False, 0
133,0, 0, False, 0
134,0, 0, False, 0
135,0, 0, False, 0
136,0, 0, False, 0
137,0, 0, False, 0
138,0, 0, False, 0
139,0, 0, False, 0
140,0, 0, False, 0
141,0, 0, False, 0
142,0, 0, False, 0
143,0, 0, False, 0
144,0, 0, False, 0
145,0, 0, False, 0
146,0, 0, False, 0
147,0, 0, False, 0
148,0, 0, False, 0
149,0, 0, False, 0
150,0, 0, False, 0
151,0, 0, False, 3
152,0, 0, False, 3
153,0, 0, False, 3
154,0, 0, False, 3
155,0, 0, False, 3
156,0, 0, False, 3
157,0, 0, False, 3
158,0, 0, False, 3
159,0, 0, False, 0
160,0, 0, False, 0
161,0, 0, False, 0
162,0, 0, False, 0
163,0, 0, False, 0
164,0, 0, False, 0
165,0, 0, False, 0
166,0, 0, False, 0
167,0, 0, False, 0
168,0, 0, False, 0
169,0, 0, False, 0
170,0, 0, False, 0
171,0, 0, False, 0
172,0, 0, False, 0
173,0, 0, False, 0
174,0, 0, False, 0
175,0, 0, False, 0
176,0, 0, False, 0
177,0, 0, False, 0
178,0, 0, False, 0
179,0, 0, False, 0
180,0, 0, False, 0
181,0, 0, False, 0
182,0, 0, False, 0
183,0, 0, False, 0
184,0, 0, False, 0
185,0, 0, False, 0
186,0, 0, False, 0
187,0, 0, False, 0
188,0, 0, False, 0
189,0, 0, False, 0
190,0, 0, False, 0
191,0, 0, False, 0
192,0, 0, False, 0
193,0, 0, False, 0
194,0, 0, False, 0
195,0, 0, False, 3
196,0, 0, False, 3
197,0, 0, False, 3
198,0, 0, False, 3
199,0, 0, False, 3
200,0, 0, False, 3
201,0, 0, False, 3
202,0, 0, False, 3
203,0, 0, False, 3
204,0, 0, False, 3
205,0, 0, False, 3
206,0, 0, False, 3
207,0, 0, False, 3
208,0, 0, False, 3
209,0, 0, False, 3
210,0, 0, False, 3
211,0, 0, False, 3
212,0, 0, False, 3
213,0, 0, False, 3
214,0, 0, False, 3
215,0, 0, False, 3
216,0, 0, False, 3
217,0, 0, False, 3
218,0, 0, False, 0
219,0, 0, False, 0
220,0, 0, False, 0
221,0, 0, False, 0
222,0, 0, False, 0
223,0, 0, False, 0
224,0, 0, False, 0
225,0, 0, False, 0
226,0, 0, False, 0
227,0, 0, False, 0
228,0, 0, False, 0
229,0, 0, False, 0
230,0, 0, False, 0
231,0, 0, False, 0
232,0, 0, False, 0
233,0, 0, False, 0
234,0, 0, False, 0
235,0, 0, False, 0
236,0, 0, False, 0
237,0, 0, False, 0
238,0, 0, False, 0
239,0, 0, False, 0
240,0, 0, False, 3
241,0, 0, False, 3
242,0, 0, False, 3
243,0, 0, False, 3
244,0, 0, False, 3
245,0, 0, False, 3
246,0, 0, False, 3
247,0, 0, False, 3
248,0, 0, False, 3
249,0, 0, False, 3
250,0, 0, False, 3
251,0, 0, False, 3
252,0, 0, False, 3
253,0, 0, False, 3
254,0, 0, False, 3
255,0, 0, False, 3
256,0, 0, False, 3
257,0, 0, False, 3
258,0, 0, False, 3
259,0, 0, False, 3
260,0, 0, False, 3
261,0, 0, False, 3
262,0, 0, False, 3
263,0, 0, False, 0
264,0, 0, False, 0
265,0, 0, False, 0
266,0, 0, False, 0
267,0, 0, False, 0
268,0, 0, False, 0
269,0, 0, False, 0
270,0, 0, False, 0
271,0, 0, False, 0
272,0, 0, False, 0
273,0, 0, False, 0
274,0, 0, False, 0
275,0, 0, False, 0
276,0, 0, False, 0
277,0, 0, False, 0
278,0, 0, False, 0
279,0, 0, False, 0
280,0, 0, False, 0
281,0, 0, False, 0
282,0, 0, False, 0
283,0, 0, False, 0
284,0, 0, False, 0
285,0, 0, False, 0
286,0, 0, False, 1
287,0, 0, False, 1
288,0, 0, False, 1
289,0, 0, False, 1
290,0, 0, False, 1
291,0, 0, False, 1
292,0, 0, False, 1
293,0, 0, False, 1
294,0, 0, False, 1
295,0, 0, False, 0
296,0, 0, False, 0
297,0, 0, False, 0
298,0, 0, False, 0
299,0, 0, False, 0
300,0, 0, False, 0
301,0, 0, False, 0
302,0, 0, False, 0
303,0, 0, False, 0
304,0, 0, False, 0
305,0, 0, False, 0
306,0, 0, False, 0
307,0, 0, False, 0
308,0, 0, False, 0
309,0, 0, False, 0
310,0, 0, False, 0
311,0, 0, False, 0
312,5, 5, False, 0
313,0, 5, False, 0
314,0, 5, False, 0
315,0, 5, False, 0
316,0, 5, False, 0
317,0, 5, False, 0
318,0, 5, False, 0
319,0, 5, False, 0
320,0, 5, False, 0
321,0, 5, False, 0
322,0, 5, False, 3
323,0, 5, False, 3
324,0, 5, False, 3
325,0, 5, False, 3
326,0, 5, False, 3
327,0, 5, False, 3
328,0, 5, False, 0
329,0, 5, False, 0
330,0, 5, False, 0
331,0, 5, False, 0
332,0, 5, False, 0
333,0, 5, False, 0
334,0, 5, False, 0
335,0, 5, False, 0
336,0, 5, False, 0
337,0, 5, False, 0
338,0, 5, False, 0
339,0, 5, False, 0
340,0, 5, False, 0
341,0, 5, False, 0
342,0, 5, False, 0
343,0, 5, False, 0
344,0, 5, False, 0
345,0, 5, False, 0
346,0, 5, False, 0
347,0, 5, False, 0
348,0, 5, False, 1
349,0, 5, False, 1
350,0, 5, False, 1
351,0, 5, False, 1
352,0, 5, False, 1
353,0, 5, False, 1
354,0, 5, False, 1
355,0, 5, False, 0
356,0, 5, False, 0
357,0, 5, False, 0
358,0, 5, False, 0
359,0, 5, False, 0
360,0, 5, False, 1
361,0, 5, False, 1
362,0, 5, False, 1
363,0, 5, False, 1
364,0, 5, False, 11
365,0, 5, False, 11
366,0, 5, False, 3
367,0, 5, False, 3
368,0, 5, False, 3
369,0, 5, False, 3
370,0, 5, False, 3
371,0, 5, False, 3
372,0, 5, False, 3
373,0, 5, False, 3
374,0, 5, False, 3
375,0, 5, False, 3
376,0, 5, False, 3
377,0, 5, False, 3
378,0, 5, False, 3
379,0, 5, False, 3
380,0, 5, False, 3
381,0, 5, False, 3
382,10, 15, False, 3
383,0, 15, False, 3
384,0, 15, False, 3
385,0, 15, False, 3
386,0, 15, False, 3
387,0, 15, False, 3
388,0, 15, False, 3
389,0, 15, False, 3
390,0, 15, False, 3
391,0, 15, False, 3
392,0, 15, False, 3
393,0, 15, False, 3
394,0, 15, False, 3
395,0, 15, False, 3
396,0, 15, False, 3
397,0, 15, False, 0
398,0, 15, False, 0
399,0, 15, False, 0
400,0, 15, False, 0
401,0, 15, False, 0
402,0, 15, False, 0
403,0, 15, False, 0
404,0, 15, False, 0
405,0, 15, False, 0
406,0, 15, False, 0
407,0, 15, False, 1
408,0, 15, False, 1
409,0, 15, False, 1
410,0, 15, False, 1
411,0, 15, False, 1
412,0, 15, False, 1
413,0, 15, False, 1
414,0, 15, False, 1
415,0, 15, False, 1
416,0, 15, False, 0
417,0, 15, False, 0
418,0, 15, False, 3
419,0, 15, False, 3
420,0, 15, False, 3
421,0, 15, False, 3
422,0, 15, False, 3
423,0, 15, False, 3
424,0, 15, False, 3
425,0, 15, False, 0
426,0, 15, False, 0
427,0, 15, False, 0
428,0, 15, False, 0
429,0, 15, False, 0
430,0, 15, False, 0
431,0, 15, False, 0
432,5, 20, False, 0
433,0, 20, False, 0
434,0, 20, False, 0
435,0, 20, False, 0
436,0, 20, False, 0
437,0, 20, False, 0
438,0, 20, False, 0
439,0, 20, False, 0
440,0, 20, False, 0
441,0, 20, False, 0
442,0, 20, False, 3
443,0, 20, False, 3
444,0, 20, False, 3
445,0, 20, False, 0
446,0, 20, False, 0
447,0, 20, False, 0
448,0, 20, False, 0
449,0, 20, False, 0
450,0, 20, False, 0
451,0, 20, False, 0
452,0, 20, False, 0
453,0, 20, False, 0
454,0, 20, False, 0
455,0, 20, False, 0
456,0, 20, False, 0
457,0, 20, False, 1
458,0, 20, False, 1
459,0, 20, False, 1
460,0, 20, False, 1
461,0, 20, False, 1
462,0, 20, False, 1
463,0, 20, False, 0
464,0, 20, False, 0
465,0, 20, False, 0
466,0, 20, False, 0
467,0, 20, False, 0
468,0, 20, False, 0
469,0, 20, False, 4
470,0, 20, False, 4
471,0, 20, False, 4
472,0, 20, False, 4
473,0, 20, False, 4
474,0, 20, False, 4
475,0, 20, False, 0
476,0, 20, False, 0
477,0, 20, False, 0
478,0, 20, False, 0
479,0, 20, False, 0
480,0, 20, False, 0
481,0, 20, False, 1
482,0, 20, False, 1
483,0, 20, False, 1
484,0, 20, False, 1
485,0, 20, False, 1
486,0, 20, False, 1
487,0, 20, False, 1
488,0, 20, False, 1
489,0, 20, False, 1
490,0, 20, False, 0
491,0, 20, False, 0
492,0, 20, False, 0
493,0, 20, False, 3
494,0, 20, False, 3
495,0, 20, False, 3
496,0, 20, False, 3
497,0, 20, False, 0
498,0, 20, False, 0
499,0, 20, False, 0
500,0, 20, False, 0
501,0, 20, False, 1
502,0, 20, False, 1
503,0, 20, False, 1
504,0, 20, False, 1
505,0, 20, False, 1
506,0, 20, False, 1
507,0, 20, False, 1
508,0, 20, False, 1
509,0, 20, False, 1
510,0, 20, False, 3
511,0, 20, False, 3
512,0, 20, False, 3
513,0, 20, False, 3
514,0, 20, False, 3
515,0, 20, False, 3
516,0, 20, False, 3
517,0, 20, False, 3
518,0, 20, False, 3
519,0, 20, False, 3
520,0, 20, False, 3
521,0, 20, False, 0
522,0, 20, False, 0
523,0, 20, False, 0
524,0, 20, False, 0
525,0, 20, False, 0
526,0, 20, False, 0
527,0, 20, False, 0
528,0, 20, False, 0
529,0, 20, False, 0
530,0, 20, False, 0
531,0, 20, False, 0
532,0, 20, False, 0
533,0, 20, False, 0
534,0, 20, False, 4
535,0, 20, False, 4
536,0, 20, False, 4
537,0, 20, False, 4
538,0, 20, False, 4
539,0, 20, False, 4
540,0, 20, False, 4
541,0, 20, False, 4
542,0, 20, False, 4
543,0, 20, False, 4
544,0, 20, False, 0
545,0, 20, False, 0
546,0, 20, False, 0
547,0, 20, False, 0
548,0, 20, False, 0
549,0, 20, False, 0
550,0, 20, False, 0
551,0, 20, False, 0
552,0, 20, False, 0
553,0, 20, False, 1
554,0, 20, False, 1
555,0, 20, False, 1
556,0, 20, False, 1
557,0, 20, False, 1
558,0, 20, False, 1
559,0, 20, False, 1
560,0, 20, False, 1
561,0, 20, False, 0
562,0, 20, False, 0
563,0, 20, False, 0
564,0, 20, False, 0
565,0, 20, False, 0
566,0, 20, False, 0
567,0, 20, False, 0
568,0, 20, False, 0
569,0, 20, False, 0
570,0, 20, False, 0
571,0, 20, False, 1
572,0, 20, False, 1
573,0, 20, False, 1
574,0, 20, False, 1
575,0, 20, False, 1
576,0, 20, False, 1
577,0, 20, False, 0
578,0, 20, False, 0
579,0, 20, False, 0
580,0, 20, False, 0
581,0, 20, False, 0
582,0, 20, False, 0
583,0, 20, False, 1
584,0, 20, False, 1
585,0, 20, False, 1
586,10, 30, False, 1
587,0, 30, False, 1
588,0, 30, False, 1
589,0, 30, False, 1
590,0, 30, False, 1
591,0, 30, False, 0
592,0, 30, False, 0
593,0, 30, False, 4
594,0, 30, False, 4
595,0, 30, False, 4
596,0, 30, False, 4
597,0, 30, False, 4
598,0, 30, False, 4
599,0, 30, False, 4
600,0, 30, False, 4
601,0, 30, False, 4
602,0, 30, False, 4
603,0, 30, False, 4
604,0, 30, False, 4
605,0, 30, False, 4
606,0, 30, False, 4
607,0, 30, False, 4
608,0, 30, False, 4
609,0, 30, False, 4
610,0, 30, False, 4
611,0, 30, False, 4
612,0, 30, False, 4
613,0, 30, False, 4
614,0, 30, False, 4
615,0, 30, False, 4
616,0, 30, False, 4
617,0, 30, False, 4
618,0, 30, False, 4
619,0, 30, False, 4
620,0, 30, False, 4
621,0, 30, False, 4
622,0, 30, False, 4
623,0, 30, False, 4
624,0, 30, False, 4
625,0, 30, False, 4
626,0, 30, False, 4
627,0, 30, False, 4
628,0, 30, False, 4
629,0, 30, False, 4
630,15, 45, False, 4
631,0, 45, False, 4
632,0, 45, False, 4
633,0, 45, False, 4
634,0, 45, False, 4
635,0, 45, False, 4
636,0, 45, False, 4
637,0, 45, False, 4
638,0, 45, False, 4
639,0, 45, False, 4
640,0, 45, False, 4
641,0, 45, False, 4
642,0, 45, False, 4
643,0, 45, False, 4
644,0, 45, False, 4
645,0, 45, False, 4
646,0, 45, False, 4
647,0, 45, False, 0
648,0, 45, False, 0
649,0, 45, False, 0
650,0, 45, False, 0
651,0, 45, False, 0
652,0, 45, False, 0
653,0, 45, False, 0
654,0, 45, False, 0
655,0, 45, False, 0
656,0, 45, False, 0
657,0, 45, False, 0
658,0, 45, False, 0
659,0, 45, False, 0
660,0, 45, False, 0
661,0, 45, False, 0
662,0, 45, False, 0
663,0, 45, False, 0
664,0, 45, False, 0
665,0, 45, False, 0
666,0, 45, False, 0
667,0, 45, False, 4
668,0, 45, False, 4
669,0, 45, False, 4
670,0, 45, False, 4
671,0, 45, False, 4
672,0, 45, False, 0
673,0, 45, False, 0
674,0, 45, False, 0
675,0, 45, False, 0
676,0, 45, False, 0
677,0, 45, False, 0
678,0, 45, False, 1
679,0, 45, False, 1
680,0, 45, False, 1
681,0, 45, False, 1
682,0, 45, False, 1
683,0, 45, False, 1
684,0, 45, False, 1
685,0, 45, False, 1
686,0, 45, False, 1
687,0, 45, False, 0
688,0, 45, False, 0
689,0, 45, False, 0
690,0, 45, False, 0
691,0, 45, False, 0
692,0, 45, False, 1
693,0, 45, False, 1
694,0, 45, False, 1
695,0, 45, False, 1
696,0, 45, False, 1
697,0, 45, False, 1
698,0, 45, False, 1
699,0, 45, False, 0
700,0, 45, False, 0
701,0, 45, False, 0
702,0, 45, False, 0
703,0, 45, False, 0
704,0, 45, False, 0
705,0, 45, False, 0
706,5, 50, False, 0
707,0, 50, False, 0
708,0, 50, False, 1
709,0, 50, False, 1
710,0, 50, False, 1
711,0, 50, False, 1
712,0, 50, False, 1
713,0, 50, False, 1
714,0, 50, False, 1
715,0, 50, False, 1
716,0, 50, False, 0
717,0, 50, False, 0
718,0, 50, False, 0
719,0, 50, False, 0
720,0, 50, False, 0
721,0, 50, False, 0
722,0, 50, False, 0
723,0, 50, False, 1
724,0, 50, False, 1
725,0, 50, False, 1
726,0, 50, False, 1
727,0, 50, False, 1
728,0, 50, False, 1
729,0, 50, False, 1
730,0, 50, False, 1
731,0, 50, False, 0
732,0, 50, False, 0
733,0, 50, False, 0
734,0, 50, False, 0
735,0, 50, False, 0
736,0, 50, False, 0
737,0, 50, False, 1
738,0, 50, False, 1
739,0, 50, False, 1
740,0, 50, False, 1
741,0, 50, False, 1
742,10, 60, False, 1
743,0, 60, False, 1
744,0, 60, False, 1
745,0, 60, False, 0
746,0, 60, False, 0
747,0, 60, False, 0
748,0, 60, False, 0
749,0, 60, False, 0
750,0, 60, False, 0
751,0, 60, False, 0
752,0, 60, False, 1
753,0, 60, False, 1
754,0, 60, False, 1
755,0, 60, False, 1
756,0, 60, False, 1
757,0, 60, False, 1
758,0, 60, False, 1
759,0, 60, False, 1
760,0, 60, False, 1
761,0, 60, False, 1
762,0, 60, False, 0
763,0, 60, False, 0
764,0, 60, False, 0
765,0, 60, False, 0
766,0, 60, False, 1
767,0, 60, False, 1
768,0, 60, False, 1
769,0, 60, False, 1
770,0, 60, False, 1
771,0, 60, False, 1
772,0, 60, False, 12
773,0, 60, False, 12
774,0, 60, False, 4
775,0, 60, False, 4
776,0, 60, False, 4
777,0, 60, False, 4
778,0, 60, False, 4
779,0, 60, False, 4
780,0, 60, False, 4
781,0, 60, False, 4
782,0, 60, False, 4
783,0, 60, False, 4
784,0, 60, False, 4
785,0, 60, False, 4
786,15, 75, False, 4
787,0, 75, False, 4
788,0, 75, False, 4
789,0, 75, False, 4
790,0, 75, False, 4
791,0, 75, False, 4
792,0, 75, False, 0
793,0, 75, False, 0
794,0, 75, False, 0
795,0, 75, False, 0
796,0, 75, False, 0
797,0, 75, False, 0
798,0, 75, False, 0
799,0, 75, False, 0
800,0, 75, False, 0
801,0, 75, False, 0
802,0, 75, False, 0
803,0, 75, False, 0
804,0, 75, False, 0
805,0, 75, False, 0
806,0, 75, False, 0
807,0, 75, False, 0
808,0, 75, False, 0
809,0, 75, False, 0
810,0, 75, False, 0
811,0, 75, False, 0
812,0, 75, False, 0
813,0, 75, False, 0
814,0, 75, False, 0
815,0, 75, False, 0
816,0, 75, False, 0
817,0, 75, False, 0
818,0, 75, False, 0
819,0, 75, False, 0
820,0, 75, False, 0
821,0, 75, False, 0
822,0, 75, False, 0
823,0, 75, False, 0
824,0, 75, False, 1
825,0, 75, False, 1
826,0, 75, False, 1
827,0, 75, False, 1
828,0, 75, False, 1
829,0, 75, False, 1
830,0, 75, False, 1
831,0, 75, False, 1
832,0, 75, False, 0
833,0, 75, False, 0
834,0, 75, False, 0
835,0, 75, False, 0
836,0, 75, False, 0
837,0, 75, False, 0
838,0, 75, False, 0
839,0, 75, False, 1
840,0, 75, False, 1
841,0, 75, False, 1
842,0, 75, False, 1
843,0, 75, False, 1
844,0, 75, False, 1
845,0, 75, False, 1
846,0, 75, False, 1
847,0, 75, False, 0
848,0, 75, False, 0
849,0, 75, False, 0
850,5, 80, False, 0
851,0, 80, False, 0
852,0, 80, False, 0
853,0, 80, False, 0
854,0, 80, False, 0
855,0, 80, False, 1
856,0, 80, False, 1
857,0, 80, False, 1
858,0, 80, False, 1
859,0, 80, False, 1
860,0, 80, False, 1
861,0, 80, False, 0
862,0, 80, False, 0
863,0, 80, False, 0
864,0, 80, False, 0
865,0, 80, False, 0
866,0, 80, False, 0
867,0, 80, False, 0
868,0, 80, False, 1
869,0, 80, False, 1
870,0, 80, False, 1
871,0, 80, False, 1
872,0, 80, False, 1
873,0, 80, False, 1
874,0, 80, False, 1
875,0, 80, False, 0
876,0, 80, False, 0
877,0, 80, False, 0
878,0, 80, False, 0
879,0, 80, False, 0
880,0, 80, False, 0
881,0, 80, False, 0
882,0, 80, False, 0
883,0, 80, False, 0
884,0, 80, False, 1
885,0, 80, False, 1
886,0, 80, False, 1
887,0, 80, False, 1
888,10, 90, False, 1
889,0, 90, False, 1
890,0, 90, False, 1
891,0, 90, False, 1
892,0, 90, False, 0
893,0, 90, False, 0
894,0, 90, False, 0
895,0, 90, False, 0
896,0, 90, False, 0
897,0, 90, False, 0
898,0, 90, False, 0
899,0, 90, False, 0
900,0, 90, False, 1
901,0, 90, False, 1
902,0, 90, False, 1
903,0, 90, False, 1
904,0, 90, False, 1
905,0, 90, False, 1
906,0, 90, False, 1
907,0, 90, False, 1
908,0, 90, False, 0
909,0, 90, False, 0
910,0, 90, False, 0
911,0, 90, False, 0
912,0, 90, False, 0
913,0, 90, False, 0
914,0, 90, False, 1
915,0, 90, False, 1
916,0, 90, False, 1
917,0, 90, False, 1
918,0, 90, False, 1
919,0, 90, False, 1
920,0, 90, False, 1
921,0, 90, False, 1
922,0, 90, False, 1
923,0, 90, False, 0
924,0, 90, False, 0
925,0, 90, False, 0
926,0, 90, False, 0
927,0, 90, False, 0
928,0, 90, False, 0
929,0, 90, False, 1
930,0, 90, False, 1
931,0, 90, False, 1
932,15, 105, False, 1
933,0, 105, False, 1
934,0, 105, False, 0
935,0, 105, False, 0
936,0, 105, False, 0
937,0, 105, False, 0
938,0, 105, False, 0
939,0, 105, False, 1
940,0, 105, False, 1
941,0, 105, False, 1
942,0, 105, False, 1
943,0, 105, False, 1
944,0, 105, False, 1
945,0, 105, False, 1
946,0, 105, False, 1
947,0, 105, False, 0
948,0, 105, False, 0
949,0, 105, False, 0
950,0, 105, False, 0
951,0, 105, False, 0
952,0, 105, False, 0
953,0, 105, False, 0
954,0, 105, False, 0
955,0, 105, False, 0
956,0, 105, False, 1
957,0, 105, False, 1
958,0, 105, False, 1
959,0, 105, False, 1
960,0, 105, False, 1
961,0, 105, False, 1
962,0, 105, False, 1
963,0, 105, False, 1
964,0, 105, False, 3
965,0, 105, False, 3
966,0, 105, False, 3
967,0, 105, False, 3
968,0, 105, False, 3
969,0, 105, False, 3
970,0, 105, False, 0
971,0, 105, False, 0
972,0, 105, False, 0
973,0, 105, False, 0
974,0, 105, False, 0
975,0, 105, False, 0
976,0, 105, False, 0
977,0, 105, False, 0
978,0, 105, False, 0
979,0, 105, False, 0
980,0, 105, False, 0
981,0, 105, False, 0
982,20, 125, False, 0
983,0, 125, False, 0
984,0, 125, False, 0
985,0, 125, False, 0
986,0, 125, False, 0
987,0, 125, False, 1
988,0, 125, False, 1
989,0, 125, False, 1
990,0, 125, False, 1
991,0, 125, False, 1
992,0, 125, False, 1
993,0, 125, False, 1
994,0, 125, False, 0
995,0, 125, False, 0
996,0, 125, False, 0
997,0, 125, False, 0
998,0, 125, False, 0
999,0, 125, False, 0
1000,0, 125, False, 0
1001,0, 125, False, 1
1002,0, 125, False, 1
1003,0, 125, False, 1
1004,0, 125, False, 1
1005,0, 125, False, 1
1006,0, 125, False, 1
1007,0, 125, False, 1
1008,0, 125, False, 0
1009,0, 125, False, 0
1010,0, 125, False, 0
1011,0, 125, False, 0
1012,0, 125, False, 0
1013,0, 125, False, 0
1014,0, 125, False, 0
1015,0, 125, False, 0
1016,0, 125, False, 0
1017,0, 125, False, 0
1018,0, 125, False, 0
1019,0, 125, False, 0
1020,0, 125, False, 0
1021,0, 125, False, 0
1022,0, 125, False, 0
1023,0, 125, False, 0
1024,0, 125, False, 0
1025,0, 125, False, 0
1026,0, 125, False, 0
1027,0, 125, False, 0
1028,0, 125, False, 0
1029,0, 125, False, 0
1030,0, 125, False, 0
1031,0, 125, False, 0
1032,0, 125, False, 0
1033,0, 125, False, 0
1034,0, 125, False, 0
1035,0, 125, False, 0
1036,0, 125, False, 0
1037,0, 125, False, 0
1038,0, 125, False, 0
1039,0, 125, False, 0
1040,0, 125, False, 0
1041,0, 125, False, 0
1042,0, 125, False, 0
1043,0, 125, False, 0
1044,0, 125, False, 0
1045,0, 125, False, 0
1046,0, 125, False, 0
1047,0, 125, False, 0
1048,0, 125, False, 0
1049,0, 125, False, 0
1050,0, 125, False, 0
1051,0, 125, False, 0
1052,0, 125, False, 0
1053,0, 125, False, 0
1054,0, 125, False, 0
1055,0, 125, False, 0
1056,0, 125, False, 0
1057,0, 125, False, 0
1058,0, 125, False, 0
1059,0, 125, False, 0
1060,0, 125, False, 4
1061,0, 125, False, 4
1062,0, 125, False, 4
1063,0, 125, False, 4
1064,0, 125, False, 4
1065,0, 125, False, 4
1066,0, 125, False, 4
1067,0, 125, False, 0
1068,0, 125, False, 0
1069,0, 125, False, 0
1070,0, 125, False, 0
1071,0, 125, False, 0
1072,0, 125, False, 0
1073,0, 125, False, 0
1074,0, 125, False, 0
1075,0, 125, False, 0
1076,0, 125, False, 0
1077,0, 125, False, 0
1078,0, 125, False, 0
1079,0, 125, False, 0
1080,0, 125, False, 0
1081,0, 125, False, 0
1082,0, 125, False, 0
1083,0, 125, False, 0
1084,0, 125, False, 0
1085,0, 125, False, 0
1086,0, 125, False, 0
1087,0, 125, False, 0
1088,0, 125, False, 3
1089,0, 125, False, 3
1090,0, 125, False, 3
1091,0, 125, False, 3
1092,0, 125, False, 3
1093,0, 125, False, 3
1094,0, 125, False, 3
1095,0, 125, False, 0
1096,0, 125, False, 0
1097,0, 125, False, 0
1098,0, 125, False, 0
1099,0, 125, False, 0
1100,0, 125, False, 0
1101,0, 125, False, 0
1102,0, 125, False, 0
1103,0, 125, False, 0
1104,0, 125, False, 0
1105,0, 125, False, 0
1106,0, 125, False, 0
1107,0, 125, False, 0
1108,0, 125, False, 0
1109,0, 125, False, 0
1110,0, 125, False, 0
1111,0, 125, False, 0
1112,0, 125, False, 0
1113,0, 125, False, 0
1114,0, 125, False, 0
1115,0, 125, False, 0
1116,0, 125, False, 0
1117,0, 125, False, 0
1118,0, 125, False, 0
1119,0, 125, False, 0
1120,0, 125, False, 0
1121,0, 125, False, 0
1122,0, 125, False, 0
1123,0, 125, False, 0
1124,0, 125, False, 0
1125,0, 125, False, 0
1126,0, 125, False, 3
1127,0, 125, False, 3
1128,0, 125, False, 3
1129,0, 125, False, 3
1130,0, 125, False, 3
1131,0, 125, False, 0
1132,0, 125, False, 0
1133,0, 125, False, 0
1134,0, 125, False, 0
1135,0, 125, False, 0
1136,0, 125, False, 0
1137,0, 125, False, 0
1138,0, 125, False, 0
1139,0, 125, False, 0
1140,0, 125, False, 0
1141,0, 125, False, 0
1142,0, 125, False, 0
1143,0, 125, False, 0
1144,0, 125, False, 0
1145,0, 125, False, 0
1146,0, 125, False, 0
1147,0, 125, False, 0
1148,0, 125, False, 0
1149,0, 125, False, 0
1150,0, 125, False, 0
1151,0, 125, False, 0
1152,0, 125, False, 0
1153,0, 125, False, 0
1154,0, 125, False, 0
1155,0, 125, False, 0
1156,0, 125, False, 0
1157,0, 125, False, 0
1158,0, 125, False, 3
1159,0, 125, False, 3
1160,0, 125, False, 3
1161,0, 125, False, 3
1162,0, 125, False, 3
1163,0, 125, False, 3
1164,0, 125, False, 0
1165,0, 125, False, 0
1166,0, 125, False, 0
1167,0, 125, False, 0
1168,0, 125, False, 1
1169,0, 125, False, 1
1170,0, 125, False, 1
1171,0, 125, False, 1
1172,0, 125, False, 1
1173,0, 125, False, 1
1174,0, 125, False, 1
1175,0, 125, False, 1
1176,0, 125, False, 0
1177,0, 125, False, 0
1178,0, 125, False, 0
1179,0, 125, False, 0
1180,0, 125, False, 1
1181,0, 125, False, 1
1182,0, 125, False, 1
1183,0, 125, False, 11
1184,0, 125, False, 11
1185,0, 125, False, 11
1186,0, 125, False, 11
1187,0, 125, False, 3
1188,0, 125, False, 3
1189,0, 125, False, 3
1190,0, 125, False, 3
1191,0, 125, False, 3
1192,0, 125, False, 3
1193,0, 125, False, 3
1194,0, 125, False, 3
1195,0, 125, False, 3
1196,0, 125, False, 3
1197,0, 125, False, 3
1198,0, 125, False, 3
1199,0, 125, False, 3
1200,0, 125, False, 3
1201,0, 125, False, 3
1202,0, 125, False, 3
1203,0, 125, False, 3
1204,0, 125, False, 3
1205,0, 125, False, 3
1206,0, 125, False, 3
1207,0, 125, False, 3
1208,0, 125, False, 3
1209,0, 125, False, 3
1210,0, 125, False, 3
1211,0, 125, False, 3
1212,0, 125, False, 3
1213,0, 125, False, 3
1214,0, 125, False, 3
1215,0, 125, False, 3
1216,20, 145, False, 3
1217,0, 145, False, 3
1218,0, 145, False, 3
1219,0, 145, False, 3
1220,0, 145, False, 3
1221,0, 145, False, 3
1222,0, 145, False, 3
1223,0, 145, False, 3
1224,0, 145, False, 3
1225,0, 145, False, 3
1226,0, 145, False, 3
1227,0, 145, False, 3
1228,0, 145, False, 3
1229,0, 145, False, 3
1230,0, 145, False, 3
1231,0, 145, False, 3
1232,0, 145, False, 3
1233,0, 145, False, 3
1234,0, 145, False, 3
1235,0, 145, False, 3
1236,0, 145, False, 3
1237,0, 145, False, 3
1238,0, 145, False, 3
1239,0, 145, False, 3
1240,0, 145, False, 0
1241,0, 145, False, 0
1242,0, 145, False, 0
1243,0, 145, False, 0
1244,0, 145, False, 0
1245,0, 145, False, 0
1246,0, 145, False, 0
1247,0, 145, False, 0
1248,0, 145, False, 0
1249,0, 145, False, 0
1250,0, 145, False, 0
1251,0, 145, False, 0
1252,0, 145, False, 0
1253,0, 145, False, 0
1254,0, 145, False, 0
1255,0, 145, False, 0
1256,0, 145, False, 0
1257,0, 145, False, 0
1258,0, 145, False, 0
1259,0, 145, False, 0
1260,0, 145, False, 0
1261,0, 145, False, 0
1262,0, 145, False, 3
1263,0, 145, False, 3
1264,0, 145, False, 3
1265,0, 145, False, 3
1266,0, 145, False, 3
1267,0, 145, False, 0
1268,0, 145, False, 0
1269,0, 145, False, 0
1270,0, 145, False, 0
1271,0, 145, False, 0
1272,0, 145, False, 1
1273,0, 145, False, 1
1274,0, 145, False, 1
1275,0, 145, False, 1
1276,0, 145, False, 1
1277,0, 145, False, 1
1278,0, 145, False, 0
1279,0, 145, False, 0
1280,0, 145, False, 0
1281,0, 145, False, 0
1282,0, 145, False, 0
1283,0, 145, False, 0
1284,0, 145, False, 0
1285,0, 145, False, 0
1286,0, 145, False, 0
1287,0, 145, False, 0
1288,0, 145, False, 0
1289,0, 145, False, 0
1290,0, 145, False, 0
1291,0, 145, False, 0
1292,0, 145, False, 0
1293,0, 145, False, 0
1294,0, 145, False, 0
1295,0, 145, False, 0
1296,0, 145, False, 0
1297,0, 145, False, 0
1298,0, 145, False, 0
1299,0, 145, False, 0
1300,0, 145, False, 0
1301,0, 145, False, 0
1302,0, 145, False, 0
1303,0, 145, False, 0
1304,0, 145, False, 0
1305,0, 145, False, 0
1306,0, 145, False, 0
1307,0, 145, False, 0
1308,0, 145, False, 0
1309,0, 145, False, 0
1310,0, 145, False, 0
1311,0, 145, False, 0
1312,0, 145, False, 0
1313,0, 145, False, 0
1314,0, 145, False, 0
1315,0, 145, False, 0
1316,0, 145, False, 0
1317,0, 145, False, 0
1318,0, 145, False, 0
1319,0, 145, False, 0
1320,20, 165, False, 0
1321,0, 165, False, 0
1322,0, 165, False, 3
1323,0, 165, False, 3
1324,0, 165, False, 3
1325,0, 165, False, 3
1326,0, 165, False, 3
1327,0, 165, False, 3
1328,0, 165, False, 3
1329,0, 165, False, 3
1330,0, 165, False, 3
1331,0, 165, False, 3
1332,0, 165, False, 3
1333,0, 165, False, 3
1334,0, 165, False, 3
1335,0, 165, False, 3
1336,0, 165, False, 3
1337,0, 165, False, 3
1338,0, 165, False, 0
1339,0, 165, False, 0
1340,0, 165, False, 0
1341,0, 165, False, 0
1342,0, 165, False, 0
1343,0, 165, False, 0
1344,0, 165, False, 0
1345,0, 165, False, 0
1346,0, 165, False, 0
1347,0, 165, False, 0
1348,0, 165, False, 3
1349,0, 165, False, 3
1350,0, 165, False, 3
1351,0, 165, False, 3
1352,0, 165, False, 3
1353,0, 165, False, 0
1354,0, 165, False, 0
1355,0, 165, False, 0
1356,0, 165, False, 0
1357,0, 165, False, 0
1358,0, 165, False, 0
1359,0, 165, False, 0
1360,0, 165, False, 0
1361,0, 165, False, 0
1362,0, 165, False, 0
1363,0, 165, False, 0
1364,0, 165, False, 0
1365,0, 165, False, 0
1366,0, 165, False, 0
1367,0, 165, False, 0
1368,0, 165, False, 1
1369,0, 165, False, 1
1370,0, 165, False, 1
1371,0, 165, False, 1
1372,0, 165, False, 1
1373,0, 165, False, 1
1374,0, 165, False, 1
1375,0, 165, False, 1
1376,0, 165, False, 1
1377,0, 165, False, 0
1378,0, 165, False, 0
1379,0, 165, False, 0
1380,0, 165, False, 0
1381,0, 165, False, 0
1382,0, 165, False, 0
1383,0, 165, False, 1
1384,0, 165, False, 1
1385,0, 165, False, 1
1386,0, 165, False, 1
1387,0, 165, False, 1
1388,5, 170, False, 1
1389,0, 170, False, 1
1390,0, 170, False, 1
1391,0, 170, False, 0
1392,0, 170, False, 0
1393,0, 170, False, 0
1394,0, 170, False, 0
1395,0, 170, False, 0
1396,0, 170, False, 0
1397,0, 170, False, 0
1398,0, 170, False, 0
1399,0, 170, False, 1
1400,0, 170, False, 1
1401,0, 170, False, 1
1402,0, 170, False, 1
1403,0, 170, False, 1
1404,0, 170, False, 1
1405,0, 170, False, 1
1406,0, 170, False, 0
1407,0, 170, False, 0
1408,0, 170, False, 0
1409,0, 170, False, 0
1410,0, 170, False, 0
1411,0, 170, False, 0
1412,0, 170, False, 0
1413,0, 170, False, 0
1414,0, 170, False, 1
1415,0, 170, False, 1
1416,0, 170, False, 1
1417,0, 170, False, 1
1418,10, 180, False, 1
1419,0, 180, False, 1
1420,0, 180, False, 1
1421,0, 180, False, 1
1422,0, 180, False, 0
1423,0, 180, False, 0
1424,0, 180, False, 0
1425,0, 180, False, 0
1426,0, 180, False, 0
1427,0, 180, False, 0
1428,0, 180, False, 0
1429,0, 180, False, 0
1430,0, 180, False, 0
1431,0, 180, False, 0
1432,0, 180, False, 0
1433,0, 180, False, 0
1434,0, 180, False, 0
1435,0, 180, False, 0
1436,0, 180, False, 0
1437,0, 180, False, 0
1438,0, 180, False, 0
1439,0, 180, False, 4
1440,0, 180, False, 4
1441,0, 180, False, 4
1442,0, 180, False, 4
1443,0, 180, False, 4
1444,0, 180, False, 4
1445,0, 180, False, 4
1446,0, 180, False, 4
1447,0, 180, False, 0
1448,0, 180, False, 0
1449,0, 180, False, 0
1450,0, 180, False, 0
1451,0, 180, False, 0
1452,0, 180, False, 0
1453,0, 180, False, 0
1454,0, 180, False, 0
1455,0, 180, False, 0
1456,0, 180, False, 0
1457,0, 180, False, 0
1458,0, 180, False, 0
1459,0, 180, False, 0
1460,0, 180, False, 0
1461,0, 180, False, 0
1462,0, 180, False, 0
1463,0, 180, False, 0
1464,0, 180, False, 0
1465,0, 180, False, 0
1466,0, 180, False, 0
1467,0, 180, False, 1
1468,0, 180, False, 1
1469,0, 180, False, 1
1470,0, 180, False, 1
1471,0, 180, False, 12
1472,0, 180, False, 12
1473,0, 180, False, 12
1474,0, 180, False, 12
1475,0, 180, False, 4
1476,0, 180, False, 4
1477,0, 180, False, 4
1478,0, 180, False, 4
1479,0, 180, False, 0
1480,0, 180, False, 0
1481,0, 180, False, 0
1482,0, 180, False, 0
1483,0, 180, False, 1
1484,0, 180, False, 1
1485,0, 180, False, 1
1486,0, 180, False, 1
1487,0, 180, False, 1
1488,0, 180, False, 12
1489,0, 180, False, 4
1490,0, 180, False, 4
1491,0, 180, False, 4
1492,0, 180, False, 4
1493,0, 180, False, 4
1494,0, 180, False, 4
1495,0, 180, False, 4
1496,0, 180, False, 4
1497,0, 180, False, 4
1498,0, 180, False, 12
1499,0, 180, False, 12
1500,0, 180, False, 12
1501,0, 180, False, 12
1502,0, 180, False, 12
1503,0, 180, False, 12
1504,0, 180, False, 12
1505,0, 180, False, 4
1506,0, 180, False, 4
1507,0, 180, False, 0
1508,0, 180, False, 4
1509,0, 180, False, 4
1510,0, 180, False, 12
1511,0, 180, False, 1
1512,0, 180, False, 1
1513,0, 180, False, 1
1514,0, 180, False, 1
1515,0, 180, False, 1
1516,0, 180, False, 1
1517,0, 180, False, 1
1518,0, 180, False, 0
1519,0, 180, False, 0
1520,0, 180, False, 0
1521,0, 180, False, 0
1522,0, 180, False, 0
1523,0, 180, False, 0
1524,0, 180, False, 0
1525,0, 180, False, 0
1526,0, 180, False, 0
1527,0, 180, False, 0
1528,0, 180, False, 0
1529,0, 180, False, 0
1530,0, 180, False, 0
1531,0, 180, False, 0
1532,0, 180, False, 0
1533,0, 180, False, 0
1534,0, 180, False, 0
1535,0, 180, False, 0
1536,0, 180, False, 0
1537,0, 180, False, 0
1538,0, 180, False, 0
1539,0, 180, False, 0
1540,0, 180, False, 0
1541,0, 180, False, 0
1542,15, 195, False, 0
1543,0, 195, False, 4
1544,0, 195, False, 4
1545,0, 195, False, 4
1546,0, 195, False, 4
1547,0, 195, False, 4
1548,0, 195, False, 4
1549,0, 195, False, 4
1550,0, 195, False, 4
1551,0, 195, False, 4
1552,0, 195, False, 4
1553,0, 195, False, 4
1554,0, 195, False, 4
1555,0, 195, False, 4
1556,0, 195, False, 4
1557,0, 195, False, 4
1558,0, 195, False, 4
1559,0, 195, False, 4
1560,0, 195, False, 4
1561,0, 195, False, 4
1562,0, 195, False, 4
1563,0, 195, False, 4
1564,0, 195, False, 4
1565,0, 195, False, 4
1566,0, 195, False, 4
1567,0, 195, False, 4
1568,0, 195, False, 4
1569,0, 195, False, 4
1570,0, 195, False, 4
1571,0, 195, False, 4
1572,0, 195, False, 4
1573,0, 195, False, 0
1574,0, 195, False, 0
1575,0, 195, False, 0
1576,0, 195, False, 0
1577,0, 195, False, 0
1578,0, 195, False, 0
1579,0, 195, False, 0
1580,0, 195, False, 0
1581,0, 195, False, 0
1582,0, 195, False, 0
1583,0, 195, False, 0
1584,0, 195, False, 0
1585,0, 195, False, 0
1586,0, 195, False, 0
1587,0, 195, False, 0
1588,0, 195, False, 0
1589,0, 195, False, 0
1590,0, 195, False, 0
1591,0, 195, False, 0
1592,0, 195, False, 0
1593,0, 195, False, 0
1594,0, 195, False, 0
1595,0, 195, False, 0
1596,0, 195, False, 0
1597,0, 195, False, 0
1598,0, 195, False, 0
1599,0, 195, False, 0
1600,0, 195, False, 0
1601,0, 195, False, 3
1602,0, 195, False, 3
1603,0, 195, False, 3
1604,0, 195, False, 3
1605,0, 195, False, 0
1606,0, 195, False, 0
1607,0, 195, False, 0
1608,0, 195, False, 0
1609,0, 195, False, 0
1610,0, 195, False, 0
1611,0, 195, False, 3
1612,0, 195, False, 3
1613,0, 195, False, 3
1614,0, 195, False, 3
1615,0, 195, False, 3
1616,0, 195, False, 3
1617,0, 195, False, 0
1618,0, 195, False, 0
1619,0, 195, False, 0
1620,0, 195, False, 0
1621,0, 195, False, 0
1622,0, 195, False, 0
1623,0, 195, False, 4
1624,0, 195, False, 4
1625,0, 195, False, 4
1626,0, 195, False, 4
1627,0, 195, False, 4
1628,0, 195, False, 4
1629,0, 195, False, 4
1630,0, 195, False, 4
1631,0, 195, False, 4
1632,0, 195, False, 4
1633,0, 195, False, 4
1634,0, 195, False, 4
1635,0, 195, False, 0
1636,0, 195, False, 0
1637,0, 195, False, 0
1638,0, 195, False, 3
1639,0, 195, False, 3
1640,0, 195, False, 3
1641,0, 195, False, 3
1642,0, 195, False, 3
1643,0, 195, False, 3
1644,0, 195, False, 3
1645,0, 195, False, 3
1646,0, 195, False, 3
1647,0, 195, False, 3
1648,0, 195, False, 3
1649,0, 195, False, 3
1650,0, 195, False, 3
1651,0, 195, False, 3
1652,0, 195, False, 3
1653,0, 195, False, 3
1654,0, 195, False, 3
1655,0, 195, False, 3
1656,0, 195, False, 3
1657,0, 195, False, 3
1658,0, 195, False, 3
1659,0, 195, False, 3
1660,0, 195, False, 3
1661,0, 195, False, 3
1662,0, 195, False, 3
1663,0, 195, False, 3
1664,0, 195, False, 3
1665,0, 195, False, 3
1666,0, 195, False, 3
1667,0, 195, False, 3
1668,0, 195, False, 3
1669,0, 195, False, 3
1670,0, 195, False, 3
1671,0, 195, False, 3
1672,0, 195, False, 3
1673,0, 195, False, 3
1674,0, 195, False, 3
1675,0, 195, False, 3
1676,0, 195, False, 3
1677,0, 195, False, 3
1678,0, 195, False, 3
1679,0, 195, False, 3
1680,0, 195, False, 3
1681,0, 195, False, 3
1682,0, 195, False, 3
1683,0, 195, False, 3
1684,0, 195, False, 3
1685,0, 195, False, 3
1686,0, 195, False, 3
1687,0, 195, False, 3
1688,0, 195, False, 3
1689,0, 195, False, 3
1690,0, 195, False, 3
1691,0, 195, False, 3
1692,0, 195, False, 3
1693,0, 195, False, 3
1694,0, 195, False, 3
1695,0, 195, False, 3
1696,0, 195, False, 3
1697,0, 195, False, 3
1698,0, 195, False, 3
1699,0, 195, False, 3
1700,0, 195, False, 3
1701,0, 195, False, 3
1702,0, 195, False, 3
1703,0, 195, False, 3
1704,0, 195, False, 3
1705,0, 195, False, 3
1706,0, 195, False, 3
1707,0, 195, False, 3
1708,0, 195, False, 3
1709,0, 195, False, 3
1710,0, 195, False, 3
1711,0, 195, False, 3
1712,0, 195, False, 3
1713,0, 195, False, 3
1714,0, 195, False, 3
1715,0, 195, False, 3
1716,0, 195, False, 3
1717,0, 195, False, 3
1718,0, 195, False, 3
1719,0, 195, False, 3
1720,0, 195, False, 3
1721,0, 195, False, 3
1722,0, 195, False, 3
1723,0, 195, False, 3
1724,0, 195, False, 3
1725,0, 195, False, 3
1726,0, 195, False, 3
1727,0, 195, False, 3
1728,0, 195, False, 3
1729,0, 195, False, 3
1730,0, 195, False, 3
1731,0, 195, False, 3
1732,0, 195, False, 3
1733,0, 195, False, 3
1734,0, 195, False, 3
1735,0, 195, False, 3
1736,0, 195, False, 3
1737,0, 195, False, 3
1738,0, 195, False, 3
1739,0, 195, False, 3
1740,0, 195, False, 3
1741,0, 195, False, 3
1742,0, 195, False, 3
1743,0, 195, False, 3
1744,0, 195, False, 3
1745,0, 195, False, 3
1746,0, 195, False, 3
1747,0, 195, False, 3
1748,0, 195, False, 3
1749,0, 195, False, 3
1750,0, 195, False, 3
1751,0, 195, False, 3
1752,0, 195, False, 3
1753,0, 195, False, 3
1754,0, 195, False, 3
1755,0, 195, False, 3
1756,0, 195, False, 3
1757,0, 195, False, 3
1758,0, 195, False, 3
1759,0, 195, False, 3
1760,0, 195, False, 3
1761,0, 195, False, 3
1762,0, 195, False, 3
1763,0, 195, False, 3
1764,0, 195, False, 3
1765,0, 195, False, 3
1766,0, 195, False, 3
1767,0, 195, False, 3
1768,0, 195, False, 3
1769,0, 195, False, 3
1770,0, 195, False, 3
1771,0, 195, False, 3
1772,0, 195, False, 3
1773,0, 195, False, 3
1774,0, 195, False, 3
1775,0, 195, False, 3
1776,0, 195, False, 3
1777,0, 195, False, 3
1778,0, 195, False, 3
1779,0, 195, False, 3
1780,0, 195, False, 3
1781,0, 195, False, 3
1782,0, 195, False, 3
1783,0, 195, False, 3
1784,0, 195, False, 3
1785,0, 195, False, 3
1786,0, 195, False, 3
1787,0, 195, False, 3
1788,0, 195, False, 3
1789,0, 195, False, 3
1790,0, 195, False, 0
1791,0, 195, False, 0
1792,0, 195, False, 0
1793,0, 195, False, 0
1794,0, 195, False, 0
1795,0, 195, False, 0
1796,0, 195, False, 0
1797,0, 195, False, 0
1798,0, 195, False, 1
1799,0, 195, False, 1
1800,0, 195, False, 1
1801,0, 195, False, 1
1802,0, 195, False, 1
1803,0, 195, False, 1
1804,0, 195, False, 1
1805,0, 195, False, 1
1806,0, 195, False, 1
1807,0, 195, False, 1
1808,0, 195, False, 0
1809,0, 195, False, 0
1810,0, 195, False, 0
1811,0, 195, False, 0
1812,0, 195, False, 0
1813,0, 195, False, 0
1814,0, 195, False, 0
1815,0, 195, False, 0
1816,0, 195, False, 0
1817,0, 195, False, 0
1818,0, 195, False, 0
1819,0, 195, False, 0
1820,0, 195, False, 0
1821,0, 195, False, 0
1822,0, 195, False, 0
1823,0, 195, False, 0
1824,0, 195, False, 0
1825,0, 195, False, 0
1826,0, 195, False, 0
1827,0, 195, False, 0
1828,0, 195, False, 0
1829,0, 195, False, 0
1830,0, 195, False, 0
1831,0, 195, False, 0
1832,0, 195, False, 0
1833,0, 195, False, 0
1834,0, 195, False, 0
1835,0, 195, False, 0
1836,0, 195, False, 0
1837,0, 195, False, 0
1838,0, 195, False, 0
1839,0, 195, False, 0
1840,0, 195, False, 0
1841,0, 195, False, 0
1842,20, 215, False, 0
1843,0, 215, False, 0
1844,0, 215, False, 0
1845,0, 215, False, 0
1846,0, 215, False, 0
1847,0, 215, False, 0
1848,0, 215, False, 0
1849,0, 215, False, 0
1850,0, 215, False, 0
1851,0, 215, False, 0
1852,0, 215, False, 0
1853,0, 215, False, 0
1854,0, 215, False, 0
1855,0, 215, False, 0
1856,0, 215, False, 0
1857,0, 215, False, 0
1858,0, 215, False, 0
1859,0, 215, False, 0
1860,0, 215, False, 0
1861,0, 215, False, 0
1862,0, 215, False, 0
1863,0, 215, False, 0
1864,0, 215, False, 0
1865,0, 215, False, 0
1866,0, 215, False, 0
1867,0, 215, False, 0
1868,0, 215, False, 0
1869,0, 215, False, 0
1870,0, 215, False, 0
1871,0, 215, False, 0
1872,0, 215, False, 0
1873,0, 215, False, 0
1874,0, 215, False, 0
1875,0, 215, False, 0
1876,0, 215, False, 0
1877,0, 215, False, 1
1878,0, 215, False, 1
1879,0, 215, False, 1
1880,0, 215, False, 1
1881,0, 215, False, 1
1882,0, 215, False, 1
1883,0, 215, False, 1
1884,0, 215, False, 1
1885,0, 215, False, 1
1886,0, 215, False, 1
1887,0, 215, False, 1
1888,0, 215, False, 0
1889,0, 215, False, 0
1890,0, 215, False, 0
1891,0, 215, False, 0
1892,0, 215, False, 0
1893,0, 215, False, 0
1894,0, 215, False, 0
1895,0, 215, False, 0
1896,0, 215, False, 0
1897,0, 215, False, 0
1898,0, 215, False, 0
1899,0, 215, False, 0
1900,0, 215, False, 0
1901,0, 215, False, 0
1902,0, 215, False, 0
1903,0, 215, False, 0
1904,0, 215, False, 0
1905,0, 215, False, 0
1906,0, 215, False, 0
1907,0, 215, False, 0
1908,0, 215, False, 0
1909,0, 215, False, 0
1910,0, 215, False, 0
1911,0, 215, False, 0
1912,0, 215, False, 0
1913,0, 215, False, 0
1914,0, 215, False, 0
1915,0, 215, False, 0
1916,0, 215, False, 0
1917,0, 215, False, 0
1918,0, 215, False, 0
1919,0, 215, False, 0
1920,0, 215, False, 0
1921,0, 215, False, 0
1922,0, 215, False, 0
1923,0, 215, False, 0
1924,0, 215, False, 0
1925,0, 215, False, 0
1926,0, 215, False, 0
1927,0, 215, False, 0
1928,0, 215, False, 0
1929,0, 215, False, 0
1930,0, 215, False, 0
1931,0, 215, False, 0
1932,0, 215, False, 0
1933,0, 215, False, 0
1934,0, 215, False, 0
1935,0, 215, False, 0
1936,0, 215, False, 0
1937,0, 215, False, 0
1938,0, 215, False, 0
1939,0, 215, False, 0
1940,0, 215, False, 0
1941,0, 215, False, 0
1942,0, 215, False, 0
1943,0, 215, False, 0
1944,0, 215, False, 0
1945,0, 215, False, 4
1946,0, 215, False, 4
1947,0, 215, False, 4
1948,0, 215, False, 4
1949,0, 215, False, 4
1950,0, 215, False, 4
1951,0, 215, False, 4
1952,0, 215, False, 4
1953,0, 215, False, 4
1954,0, 215, False, 4
1955,0, 215, False, 4
1956,0, 215, False, 4
1957,0, 215, False, 4
1958,0, 215, False, 4
1959,0, 215, False, 4
1960,0, 215, False, 4
1961,0, 215, False, 4
1962,0, 215, False, 4
1963,0, 215, False, 4
1964,0, 215, False, 4
1965,0, 215, False, 4
1966,0, 215, False, 4
1967,0, 215, False, 4
1968,0, 215, False, 4
1969,0, 215, False, 4
1970,0, 215, False, 0
1971,0, 215, False, 0
1972,0, 215, False, 0
1973,0, 215, False, 0
1974,0, 215, False, 0
1975,0, 215, False, 0
1976,0, 215, False, 0
1977,0, 215, False, 0
1978,0, 215, False, 0
1979,0, 215, False, 0
1980,0, 215, False, 0
1981,0, 215, False, 0
1982,0, 215, False, 0
1983,0, 215, False, 0
1984,0, 215, False, 3
1985,0, 215, False, 3
1986,0, 215, False, 3
1987,0, 215, False, 3
1988,0, 215, False, 3
1989,0, 215, False, 3
1990,0, 215, False, 3
1991,0, 215, False, 3
1992,0, 215, False, 3
1993,0, 215, False, 3
1994,0, 215, False, 3
1995,0, 215, False, 3
1996,0, 215, False, 3
1997,0, 215, False, 3
1998,0, 215, False, 3
1999,0, 215, False, 3
2000,0, 215, False, 3
2001,0, 215, False, 3
2002,0, 215, False, 3
2003,0, 215, False, 0
2004,0, 215, False, 0
2005,0, 215, False, 0
2006,0, 215, False, 1
2007,0, 215, False, 1
2008,0, 215, False, 1
2009,0, 215, False, 1
2010,0, 215, False, 1
2011,0, 215, False, 1
2012,0, 215, False, 1
2013,0, 215, False, 1
2014,0, 215, False, 1
2015,0, 215, False, 1
2016,0, 215, False, 0
2017,0, 215, False, 0
2018,5, 220, False, 0
2019,0, 220, False, 0
2020,0, 220, False, 0
2021,0, 220, False, 0
2022,0, 220, False, 0
2023,0, 220, False, 0
2024,0, 220, False, 0
2025,0, 220, False, 0
2026,0, 220, False, 0
2027,0, 220, False, 0
2028,0, 220, False, 0
2029,0, 220, False, 0
2030,0, 220, False, 0
2031,0, 220, False, 0
2032,0, 220, False, 0
2033,0, 220, False, 4
2034,0, 220, False, 4
2035,0, 220, False, 4
2036,0, 220, False, 4
2037,0, 220, False, 4
2038,0, 220, False, 4
2039,0, 220, False, 4
2040,0, 220, False, 0
2041,0, 220, False, 0
2042,0, 220, False, 0
2043,0, 220, False, 1
2044,0, 220, False, 1
2045,0, 220, False, 1
2046,0, 220, False, 1
2047,0, 220, False, 1
2048,0, 220, False, 1
2049,0, 220, False, 1
2050,0, 220, False, 1
2051,0, 220, False, 1
2052,0, 220, False, 1
2053,0, 220, False, 0
2054,0, 220, False, 0
2055,0, 220, False, 0
2056,0, 220, False, 0
2057,0, 220, False, 0
2058,0, 220, False, 0
2059,0, 220, False, 0
2060,0, 220, False, 0
2061,0, 220, False, 0
2062,10, 230, False, 4
2063,0, 230, False, 4
2064,0, 230, False, 4
2065,0, 230, False, 4
2066,0, 230, False, 4
2067,0, 230, False, 4
2068,0, 230, False, 4
2069,0, 230, False, 4
2070,0, 230, False, 4
2071,0, 230, False, 0
2072,0, 230, False, 0
2073,0, 230, False, 0
2074,0, 230, False, 0
2075,0, 230, False, 0
2076,0, 230, False, 0
2077,0, 230, False, 1
2078,0, 230, False, 1
2079,0, 230, False, 1
2080,0, 230, False, 1
2081,0, 230, False, 1
2082,0, 230, False, 1
2083,0, 230, False, 1
2084,0, 230, False, 1
2085,0, 230, False, 1
2086,0, 230, False, 0
2087,0, 230, False, 0
2088,0, 230, False, 0
2089,0, 230, False, 0
2090,0, 230, False, 0
2091,0, 230, False, 0
2092,0, 230, False, 0
2093,0, 230, False, 0
2094,0, 230, False, 0
2095,0, 230, False, 0
2096,0, 230, False, 0
2097,0, 230, False, 0
2098,0, 230, False, 0
2099,0, 230, False, 0
2100,0, 230, False, 0
2101,0, 230, False, 0
2102,0, 230, False, 0
2103,0, 230, False, 0
2104,0, 230, False, 0
2105,0, 230, False, 0
2106,15, 245, False, 0
2107,0, 245, False, 0
2108,0, 245, False, 0
2109,0, 245, False, 0
2110,0, 245, False, 0
2111,0, 245, False, 0
2112,0, 245, False, 0
2113,0, 245, False, 0
2114,0, 245, False, 0
2115,0, 245, False, 4
2116,0, 245, False, 4
2117,0, 245, False, 4
2118,0, 245, False, 4
2119,0, 245, False, 4
2120,0, 245, False, 4
2121,0, 245, False, 4
2122,0, 245, False, 1
2123,0, 245, False, 1
2124,0, 245, False, 1
2125,0, 245, False, 1
2126,0, 245, False, 1
2127,0, 245, False, 1
2128,0, 245, False, 0
2129,0, 245, False, 0
2130,0, 245, False, 0
2131,0, 245, False, 4
2132,0, 245, False, 4
2133,0, 245, False, 4
2134,0, 245, False, 4
2135,0, 245, False, 4
2136,0, 245, False, 4
2137,0, 245, False, 4
2138,0, 245, False, 4
2139,0, 245, False, 4
2140,0, 245, False, 4
2141,0, 245, False, 4
2142,0, 245, False, 4
2143,0, 245, False, 4
2144,0, 245, False, 4
2145,0, 245, False, 4
2146,0, 245, False, 4
2147,0, 245, False, 0
2148,0, 245, False, 0
2149,0, 245, False, 0
2150,0, 245, False, 0
2151,0, 245, False, 0
2152,0, 245, False, 0
2153,0, 245, False, 0
2154,20, 265, False, 0
2155,0, 265, False, 0
2156,0, 265, False, 0
2157,0, 265, False, 0
2158,0, 265, False, 0
2159,0, 265, False, 0
2160,0, 265, False, 0
2161,0, 265, False, 0
2162,0, 265, False, 0
2163,0, 265, False, 0
2164,0, 265, False, 0
2165,0, 265, False, 0
2166,0, 265, False, 0
2167,0, 265, False, 0
2168,0, 265, False, 0
2169,0, 265, False, 0
2170,0, 265, False, 0
2171,0, 265, False, 0
2172,0, 265, False, 0
2173,0, 265, False, 0
2174,0, 265, False, 0
2175,0, 265, False, 4
2176,0, 265, False, 4
2177,0, 265, False, 4
2178,0, 265, False, 4
2179,0, 265, False, 4
2180,0, 265, False, 4
2181,0, 265, False, 4
2182,0, 265, False, 4
2183,0, 265, False, 4
2184,0, 265, False, 4
2185,0, 265, False, 4
2186,0, 265, False, 4
2187,0, 265, False, 4
2188,0, 265, False, 4
2189,0, 265, False, 4
2190,0, 265, False, 4
2191,0, 265, False, 4
2192,0, 265, False, 4
2193,0, 265, False, 4
2194,0, 265, False, 4
2195,0, 265, False, 4
2196,0, 265, False, 4
2197,0, 265, False, 4
2198,0, 265, False, 4
2199,0, 265, False, 4
2200,0, 265, False, 4
2201,0, 265, False, 4
2202,0, 265, False, 4
2203,0, 265, False, 4
2204,0, 265, False, 4
2205,0, 265, False, 4
2206,0, 265, False, 4
2207,0, 265, False, 4
2208,0, 265, False, 4
2209,0, 265, False, 4
2210,0, 265, False, 4
2211,0, 265, False, 4
2212,0, 265, False, 4
2213,0, 265, False, 4
2214,0, 265, False, 4
2215,0, 265, False, 4
2216,0, 265, False, 4
2217,0, 265, False, 4
2218,0, 265, False, 4
2219,0, 265, False, 4
2220,0, 265, False, 4
2221,0, 265, False, 4
2222,0, 265, False, 4
2223,0, 265, False, 4
2224,0, 265, False, 4
2225,0, 265, False, 4
2226,0, 265, False, 4
2227,0, 265, False, 4
2228,0, 265, False, 4
2229,0, 265, False, 4
2230,0, 265, False, 4
2231,0, 265, False, 4
2232,0, 265, False, 4
2233,0, 265, False, 4
2234,0, 265, False, 4
2235,0, 265, False, 4
2236,0, 265, False, 4
2237,0, 265, False, 4
2238,0, 265, False, 0
2239,0, 265, False, 0
2240,0, 265, False, 0
2241,0, 265, False, 0
2242,0, 265, False, 0
2243,0, 265, False, 1
2244,0, 265, False, 1
2245,0, 265, False, 1
2246,0, 265, False, 1
2247,0, 265, False, 1
2248,0, 265, False, 1
2249,0, 265, False, 1
2250,0, 265, False, 1
2251,0, 265, False, 1
2252,0, 265, False, 1
2253,0, 265, False, 1
2254,0, 265, False, 1
2255,0, 265, False, 0
2256,0, 265, False, 0
2257,0, 265, False, 0
2258,0, 265, False, 0
2259,0, 265, False, 0
2260,0, 265, False, 0
2261,0, 265, False, 0
2262,0, 265, False, 0
2263,0, 265, False, 0
2264,0, 265, False, 0
2265,0, 265, False, 0
2266,15, 280, False, 0
2267,0, 280, False, 0
2268,0, 280, False, 0
2269,0, 280, False, 0
2270,0, 280, False, 0
2271,0, 280, False, 0
2272,0, 280, False, 0
2273,0, 280, False, 0
2274,0, 280, False, 0
2275,0, 280, False, 0
2276,0, 280, False, 0
2277,0, 280, False, 0
2278,0, 280, False, 0
2279,0, 280, False, 0
2280,0, 280, False, 0
2281,0, 280, False, 0
2282,0, 280, False, 0
2283,0, 280, False, 0
2284,0, 280, False, 0
2285,0, 280, False, 0
2286,0, 280, False, 0
2287,0, 280, False, 0
2288,0, 280, False, 0
2289,0, 280, False, 0
2290,0, 280, False, 0
2291,0, 280, False, 0
2292,0, 280, False, 0
2293,0, 280, False, 0
2294,0, 280, False, 0
2295,0, 280, False, 0
2296,0, 280, False, 0
2297,0, 280, False, 0
2298,0, 280, False, 0
2299,0, 280, False, 0
2300,0, 280, False, 0
2301,0, 280, False, 0
2302,0, 280, False, 0
2303,0, 280, False, 0
2304,0, 280, False, 0
2305,0, 280, False, 0
2306,0, 280, False, 0
2307,0, 280, False, 0
2308,0, 280, False, 0
2309,0, 280, False, 0
2310,0, 280, False, 0
2311,0, 280, False, 0
2312,0, 280, False, 0
2313,0, 280, False, 0
2314,0, 280, False, 0
2315,0, 280, False, 0
2316,0, 280, False, 0
2317,0, 280, False, 0
2318,0, 280, False, 0
2319,0, 280, False, 3
2320,0, 280, False, 3
2321,0, 280, False, 3
2322,0, 280, False, 3
2323,0, 280, False, 3
2324,0, 280, False, 3
2325,0, 280, False, 3
2326,0, 280, False, 3
2327,0, 280, False, 3
2328,0, 280, False, 3
2329,0, 280, False, 3
2330,0, 280, False, 3
2331,0, 280, False, 0
2332,0, 280, False, 0
2333,0, 280, False, 1
2334,0, 280, False, 1
2335,0, 280, False, 1
2336,0, 280, False, 1
2337,0, 280, False, 1
2338,0, 280, False, 1
2339,0, 280, False, 1
2340,0, 280, False, 1
2341,0, 280, False, 1
2342,0, 280, False, 1
2343,0, 280, False, 1
2344,0, 280, False, 0
2345,0, 280, False, 0
2346,0, 280, False, 0
2347,0, 280, False, 0
2348,0, 280, False, 0
2349,0, 280, False, 0
2350,0, 280, False, 0
2351,0, 280, False, 0
2352,0, 280, False, 0
2353,0, 280, False, 0
2354,0, 280, False, 0
2355,0, 280, False, 0
2356,0, 280, False, 0
2357,0, 280, False, 0
2358,0, 280, False, 0
2359,0, 280, False, 0
2360,0, 280, False, 0
2361,0, 280, False, 0
2362,0, 280, False, 0
2363,0, 280, False, 0
2364,20, 300, False, 0
2365,0, 300, False, 0
2366,0, 300, False, 0
2367,0, 300, False, 0
2368,0, 300, False, 0
2369,0, 300, False, 0
2370,0, 300, False, 0
2371,0, 300, False, 0
2372,0, 300, False, 0
2373,0, 300, False, 0
2374,0, 300, False, 0
2375,0, 300, False, 0
2376,0, 300, False, 3
2377,0, 300, False, 3
2378,0, 300, False, 3
2379,0, 300, False, 3
2380,0, 300, False, 3
2381,0, 300, False, 3
2382,0, 300, False, 3
2383,0, 300, False, 3
2384,0, 300, False, 0
2385,0, 300, False, 0
2386,0, 300, False, 0
2387,0, 300, False, 0
2388,0, 300, False, 1
2389,0, 300, False, 1
2390,0, 300, False, 1
2391,0, 300, False, 1
2392,0, 300, False, 1
2393,0, 300, False, 1
2394,0, 300, False, 11
2395,0, 300, False, 11
2396,0, 300, False, 11
2397,0, 300, False, 11
2398,0, 300, False, 3
2399,0, 300, False, 3
2400,0, 300, False, 3
2401,0, 300, False, 3
2402,0, 300, False, 3
2403,0, 300, False, 0
2404,0, 300, False, 0
2405,0, 300, False, 1
2406,0, 300, False, 1
2407,0, 300, False, 1
2408,0, 300, False, 1
2409,0, 300, False, 1
2410,0, 300, False, 1
2411,0, 300, False, 1
2412,0, 300, False, 1
2413,0, 300, False, 0
2414,0, 300, False, 0
2415,0, 300, False, 0
2416,0, 300, False, 0
2417,0, 300, False, 0
2418,0, 300, False, 0
2419,0, 300, False, 0
2420,0, 300, False, 0
2421,0, 300, False, 0
2422,0, 300, False, 0
2423,0, 300, False, 0
2424,0, 300, False, 0
2425,0, 300, False, 3
2426,0, 300, False, 3
2427,0, 300, False, 3
2428,0, 300, False, 3
2429,0, 300, False, 3
2430,0, 300, False, 3
2431,0, 300, False, 3
2432,0, 300, False, 3
2433,0, 300, False, 3
2434,0, 300, False, 3
2435,0, 300, False, 0
2436,0, 300, False, 0
2437,0, 300, False, 0
2438,0, 300, False, 0
2439,0, 300, False, 0
2440,0, 300, False, 0
2441,0, 300, False, 0
2442,0, 300, False, 0
2443,0, 300, False, 0
2444,0, 300, False, 0
2445,0, 300, False, 0
2446,0, 300, False, 0
2447,0, 300, False, 0
2448,0, 300, False, 0
2449,0, 300, False, 0
2450,0, 300, False, 0
2451,0, 300, False, 1
2452,0, 300, False, 1
2453,0, 300, False, 1
2454,0, 300, False, 1
2455,0, 300, False, 1
2456,0, 300, False, 1
2457,0, 300, False, 1
2458,0, 300, False, 1
2459,0, 300, False, 1
2460,0, 300, False, 1
2461,0, 300, False, 1
2462,0, 300, False, 1
2463,0, 300, False, 1
2464,0, 300, False, 0
2465,0, 300, False, 0
2466,0, 300, False, 0
2467,0, 300, False, 0
2468,0, 300, False, 0
2469,0, 300, False, 0
2470,0, 300, False, 0
2471,0, 300, False, 0
2472,0, 300, False, 0
2473,0, 300, False, 0
2474,0, 300, False, 0
2475,0, 300, False, 0
2476,0, 300, False, 0
2477,0, 300, False, 0
2478,0, 300, False, 0
2479,0, 300, False, 0
2480,0, 300, False, 0
2481,0, 300, False, 0
2482,0, 300, False, 3
2483,0, 300, False, 3
2484,0, 300, False, 3
2485,0, 300, False, 3
2486,0, 300, False, 3
2487,0, 300, False, 3
2488,0, 300, False, 3
2489,0, 300, False, 3
2490,0, 300, False, 3
2491,0, 300, False, 3
2492,0, 300, False, 3
2493,0, 300, False, 3
2494,0, 300, False, 0
2495,0, 300, False, 0
2496,0, 300, False, 0
2497,0, 300, False, 0
2498,0, 300, False, 0
2499,0, 300, False, 0
2500,0, 300, False, 1
2501,0, 300, False, 1
2502,0, 300, False, 1
2503,0, 300, False, 1
2504,0, 300, False, 1
2505,0, 300, False, 1
2506,0, 300, False, 1
2507,0, 300, False, 1
2508,0, 300, False, 1
2509,0, 300, False, 1
2510,0, 300, False, 0
2511,0, 300, False, 0
2512,0, 300, False, 0
2513,0, 300, False, 0
2514,0, 300, False, 0
2515,0, 300, False, 0
2516,0, 300, False, 0
2517,0, 300, False, 0
2518,0, 300, False, 0
2519,0, 300, False, 0
2520,0, 300, False, 0
2521,0, 300, False, 0
2522,0, 300, False, 0
2523,0, 300, False, 0
2524,0, 300, False, 0
2525,0, 300, False, 0
2526,0, 300, False, 0
2527,0, 300, False, 0
2528,0, 300, False, 0
2529,0, 300, False, 0
2530,0, 300, False, 0
2531,0, 300, False, 0
2532,0, 300, False, 0
2533,0, 300, False, 0
2534,0, 300, False, 0
2535,0, 300, False, 0
2536,25, 325, False, 0
2537,0, 325, False, 0
2538,0, 325, False, 0
2539,0, 325, False, 0
2540,0, 325, False, 0
2541,0, 325, False, 0
2542,0, 325, False, 0
2543,0, 325, False, 0
2544,0, 325, False, 0
2545,0, 325, False, 0
2546,0, 325, False, 0
2547,0, 325, False, 0
2548,0, 325, False, 3
2549,0, 325, False, 3
2550,0, 325, False, 3
2551,0, 325, False, 3
2552,0, 325, False, 3
2553,0, 325, False, 3
2554,0, 325, False, 3
2555,0, 325, False, 3
2556,0, 325, False, 3
2557,0, 325, False, 3
2558,0, 325, False, 3
2559,0, 325, False, 3
2560,0, 325, False, 0
2561,0, 325, False, 0
2562,0, 325, False, 0
2563,0, 325, False, 0
2564,0, 325, False, 0
2565,0, 325, False, 0
2566,0, 325, False, 0
2567,0, 325, False, 0
2568,0, 325, False, 0
2569,0, 325, False, 0
2570,0, 325, False, 0
2571,0, 325, False, 3
2572,0, 325, False, 3
2573,0, 325, False, 3
2574,0, 325, False, 3
2575,0, 325, False, 3
2576,0, 325, False, 3
2577,0, 325, False, 3
2578,0, 325, False, 0
2579,0, 325, False, 0
2580,0, 325, False, 0
2581,0, 325, False, 1
2582,0, 325, False, 1
2583,0, 325, False, 1
2584,0, 325, False, 1
2585,0, 325, False, 1
2586,0, 325, False, 1
2587,0, 325, False, 1
2588,0, 325, False, 1
2589,0, 325, False, 1
2590,0, 325, False, 1
2591,0, 325, False, 0
2592,0, 325, False, 0
2593,0, 325, False, 0
2594,0, 325, False, 0
2595,0, 325, False, 0
2596,0, 325, False, 0
2597,0, 325, False, 0
2598,0, 325, False, 0
2599,0, 325, False, 0
2600,0, 325, False, 0
2601,0, 325, False, 0
2602,0, 325, False, 0
2603,0, 325, False, 0
2604,0, 325, False, 0
2605,0, 325, False, 0
2606,0, 325, False, 0
2607,0, 325, False, 0
2608,0, 325, False, 0
2609,0, 325, False, 0
2610,0, 325, False, 0
2611,0, 325, False, 0
2612,0, 325, False, 0
2613,0, 325, False, 0
2614,0, 325, False, 0
2615,0, 325, False, 4
2616,0, 325, False, 4
2617,0, 325, False, 4
2618,0, 325, False, 4
2619,0, 325, False, 4
2620,25, 350, False, 4
2621,0, 350, False, 4
2622,0, 350, False, 4
2623,0, 350, False, 0
2624,0, 350, False, 0
2625,0, 350, False, 0
2626,0, 350, False, 0
2627,0, 350, False, 0
2628,0, 350, False, 0
2629,0, 350, False, 3
2630,0, 350, False, 3
2631,0, 350, False, 3
2632,0, 350, False, 3
2633,0, 350, False, 3
2634,0, 350, False, 3
2635,0, 350, False, 3
2636,0, 350, False, 3
2637,0, 350, False, 3
2638,0, 350, False, 3
2639,0, 350, False, 3
2640,0, 350, False, 3
2641,0, 350, False, 0
2642,0, 350, False, 0
2643,0, 350, False, 0
2644,0, 350, False, 0
2645,0, 350, False, 0
2646,0, 350, False, 0
2647,0, 350, False, 0
2648,0, 350, False, 0
2649,0, 350, False, 0
2650,0, 350, False, 0
2651,0, 350, False, 0
2652,0, 350, False, 0
2653,0, 350, False, 0
2654,0, 350, False, 0
2655,0, 350, False, 0
2656,0, 350, False, 0
2657,0, 350, False, 1
2658,0, 350, False, 1
2659,0, 350, False, 1
2660,0, 350, False, 1
2661,0, 350, False, 1
2662,0, 350, False, 1
2663,0, 350, False, 1
2664,0, 350, False, 1
2665,0, 350, False, 1
2666,0, 350, False, 0
2667,0, 350, False, 3
2668,0, 350, False, 3
2669,0, 350, False, 3
2670,0, 350, False, 3
2671,0, 350, False, 3
2672,0, 350, False, 3
2673,0, 350, False, 3
2674,0, 350, False, 3
2675,0, 350, False, 3
2676,0, 350, False, 3
2677,0, 350, False, 3
2678,0, 350, False, 3
2679,0, 350, False, 3
2680,0, 350, False, 3
2681,0, 350, False, 3
2682,0, 350, False, 3
2683,0, 350, False, 0
2684,0, 350, False, 0
2685,0, 350, False, 0
2686,0, 350, False, 0
2687,0, 350, False, 0
2688,0, 350, False, 0
2689,0, 350, False, 0
2690,0, 350, False, 0
2691,0, 350, False, 0
2692,0, 350, False, 0
2693,0, 350, False, 0
2694,0, 350, False, 0
2695,0, 350, False, 0
2696,25, 375, False, 0
2697,0, 375, False, 0
2698,0, 375, False, 0
2699,0, 375, False, 0
2700,0, 375, False, 0
2701,0, 375, False, 0
2702,0, 375, False, 0
2703,0, 375, False, 0
2704,0, 375, False, 0
2705,0, 375, False, 0
2706,0, 375, False, 0
2707,0, 375, False, 0
2708,0, 375, False, 0
2709,0, 375, False, 0
2710,0, 375, False, 0
2711,0, 375, False, 0
2712,0, 375, False, 0
2713,0, 375, False, 0
2714,0, 375, False, 0
2715,0, 375, False, 0
2716,0, 375, False, 0
2717,0, 375, False, 0
2718,0, 375, False, 0
2719,0, 375, False, 0
2720,0, 375, False, 4
2721,0, 375, False, 4
2722,0, 375, False, 4
2723,0, 375, False, 4
2724,0, 375, False, 4
2725,0, 375, False, 4
2726,0, 375, False, 4
2727,0, 375, False, 4
2728,0, 375, False, 4
2729,0, 375, False, 4
2730,0, 375, False, 4
2731,0, 375, False, 4
2732,0, 375, False, 4
2733,0, 375, False, 4
2734,0, 375, False, 4
2735,0, 375, False, 4
2736,0, 375, False, 4
2737,0, 375, False, 4
2738,0, 375, False, 4
2739,0, 375, False, 4
2740,0, 375, False, 4
2741,0, 375, False, 4
2742,0, 375, False, 4
2743,0, 375, False, 4
2744,0, 375, False, 4
2745,0, 375, False, 4
2746,0, 375, False, 4
2747,0, 375, False, 4
2748,0, 375, False, 4
2749,0, 375, False, 4
2750,0, 375, False, 4
2751,0, 375, False, 4
2752,0, 375, False, 4
2753,0, 375, False, 4
2754,0, 375, False, 4
2755,0, 375, False, 4
2756,0, 375, False, 4
2757,0, 375, False, 4
2758,0, 375, False, 4
2759,0, 375, False, 4
2760,0, 375, False, 4
2761,0, 375, False, 4
2762,0, 375, False, 4
2763,0, 375, False, 4
2764,0, 375, False, 4
2765,0, 375, False, 1
2766,0, 375, False, 1
2767,0, 375, False, 1
2768,0, 375, False, 1
2769,0, 375, False, 1
2770,0, 375, False, 12
2771,0, 375, False, 12
2772,0, 375, False, 4
2773,0, 375, False, 4
2774,0, 375, False, 4
2775,0, 375, False, 4
2776,0, 375, False, 0
2777,0, 375, False, 0
2778,0, 375, False, 0
2779,0, 375, False, 0
2780,0, 375, False, 0
2781,0, 375, False, 0
2782,0, 375, False, 0
2783,0, 375, False, 0
2784,0, 375, False, 0
2785,0, 375, False, 0
2786,0, 375, False, 0
2787,0, 375, False, 0
2788,0, 375, False, 0
2789,0, 375, False, 0
2790,0, 375, False, 0
2791,0, 375, False, 0
2792,0, 375, False, 0
2793,0, 375, False, 4
2794,0, 375, False, 4
2795,0, 375, False, 4
2796,0, 375, False, 4
2797,0, 375, False, 4
2798,0, 375, False, 4
2799,0, 375, False, 4
2800,0, 375, False, 4
2801,0, 375, False, 4
2802,0, 375, False, 4
2803,0, 375, False, 4
2804,0, 375, False, 4
2805,0, 375, False, 4
2806,0, 375, False, 4
2807,0, 375, False, 4
2808,0, 375, False, 4
2809,0, 375, False, 4
2810,0, 375, False, 4
2811,0, 375, False, 4
2812,0, 375, False, 4
2813,0, 375, False, 4
2814,0, 375, False, 4
2815,0, 375, False, 4
2816,0, 375, False, 4
2817,0, 375, False, 4
2818,0, 375, False, 4
2819,0, 375, False, 4
2820,0, 375, False, 4
2821,0, 375, False, 4
2822,0, 375, False, 4
2823,0, 375, False, 4
2824,0, 375, False, 4
2825,0, 375, False, 4
2826,0, 375, False, 4
2827,0, 375, False, 4
2828,0, 375, False, 4
2829,0, 375, False, 4
2830,0, 375, False, 4
2831,0, 375, False, 4
2832,0, 375, False, 4
2833,0, 375, False, 4
2834,0, 375, False, 4
2835,0, 375, False, 4
2836,0, 375, False, 4
2837,0, 375, False, 4
2838,0, 375, False, 4
2839,0, 375, False, 4
2840,0, 375, False, 4
2841,0, 375, False, 4
2842,0, 375, False, 4
2843,0, 375, False, 4
2844,0, 375, False, 4
2845,0, 375, False, 4
2846,0, 375, False, 4
2847,0, 375, False, 4
2848,0, 375, False, 4
2849,0, 375, False, 4
2850,0, 375, False, 4
2851,0, 375, False, 4
2852,0, 375, False, 4
2853,0, 375, False, 4
2854,0, 375, False, 4
2855,0, 375, False, 4
2856,0, 375, False, 4
2857,0, 375, False, 4
2858,0, 375, False, 4
2859,0, 375, False, 4
2860,0, 375, False, 4
2861,0, 375, False, 4
2862,0, 375, False, 4
2863,0, 375, False, 4
2864,0, 375, False, 4
2865,0, 375, False, 4
2866,0, 375, False, 4
2867,0, 375, False, 4
2868,0, 375, False, 4
2869,0, 375, False, 4
2870,0, 375, False, 4
2871,0, 375, False, 4
2872,0, 375, False, 4
2873,0, 375, False, 12
2874,0, 375, False, 12
2875,0, 375, False, 12
2876,0, 375, False, 12
2877,0, 375, False, 12
2878,0, 375, False, 12
2879,0, 375, False, 1
2880,0, 375, False, 1
2881,0, 375, False, 1
2882,0, 375, False, 1
2883,0, 375, False, 1
2884,0, 375, False, 0
2885,0, 375, False, 0
2886,0, 375, False, 0
2887,0, 375, False, 0
2888,0, 375, False, 0
2889,0, 375, False, 0
2890,0, 375, False, 0
2891,0, 375, False, 0
2892,0, 375, False, 0
2893,0, 375, False, 0
2894,0, 375, False, 0
2895,0, 375, False, 0
2896,0, 375, False, 0
2897,0, 375, False, 0
2898,0, 375, False, 0
2899,0, 375, False, 0
2900,0, 375, False, 0
2901,0, 375, False, 0
2902,0, 375, False, 0
2903,0, 375, False, 0
2904,0, 375, False, 0
2905,0, 375, False, 0
2906,0, 375, False, 0
2907,0, 375, False, 0
2908,0, 375, False, 0
2909,0, 375, False, 0
2910,0, 375, False, 0
2911,0, 375, False, 0
2912,0, 375, False, 0
2913,0, 375, False, 0
2914,0, 375, False, 0
2915,0, 375, False, 0
2916,0, 375, False, 0
2917,0, 375, False, 0
2918,0, 375, False, 0
2919,0, 375, False, 0
2920,0, 375, False, 0
2921,0, 375, False, 0
2922,0, 375, False, 0
2923,0, 375, False, 0
2924,0, 375, False, 0
2925,0, 375, False, 0
2926,0, 375, False, 0
2927,0, 375, False, 0
2928,0, 375, False, 0
2929,0, 375, False, 0
2930,0, 375, False, 0
2931,0, 375, False, 0
2932,0, 375, False, 0
2933,0, 375, False, 0
2934,0, 375, False, 0
2935,0, 375, False, 0
2936,0, 375, False, 0
2937,0, 375, False, 0
2938,0, 375, False, 0
2939,0, 375, False, 0
2940,0, 375, False, 0
2941,0, 375, False, 0
2942,0, 375, False, 0
2943,0, 375, False, 0
2944,0, 375, False, 0
2945,0, 375, False, 0
2946,0, 375, False, 0
2947,0, 375, False, 0
2948,0, 375, False, 0
2949,0, 375, False, 0
2950,0, 375, False, 0
2951,0, 375, False, 0
2952,0, 375, False, 0
2953,0, 375, False, 0
2954,0, 375, False, 0
2955,0, 375, False, 0
2956,0, 375, False, 0
2957,0, 375, False, 0
2958,0, 375, False, 0
2959,0, 375, False, 0
2960,0, 375, False, 0
2961,0, 375, False, 0
2962,0, 375, False, 0
2963,0, 375, False, 0
2964,0, 375, False, 0
2965,0, 375, False, 0
2966,0, 375, False, 0
2967,0, 375, False, 0
2968,0, 375, False, 0
2969,0, 375, False, 0
2970,0, 375, False, 0
2971,0, 375, False, 0
2972,0, 375, False, 0
2973,0, 375, False, 0
2974,0, 375, False, 0
2975,0, 375, False, 0
2976,0, 375, False, 0
2977,0, 375, False, 0
2978,0, 375, False, 0
2979,0, 375, False, 0
2980,0, 375, False, 0
2981,0, 375, False, 0
2982,0, 375, False, 0
2983,0, 375, False, 0
2984,0, 375, False, 3
2985,0, 375, False, 3
2986,0, 375, False, 3
2987,0, 375, False, 3
2988,0, 375, False, 3
2989,0, 375, False, 3
2990,0, 375, False, 3
2991,0, 375, False, 3
2992,0, 375, False, 3
2993,0, 375, False, 3
2994,0, 375, False, 3
2995,0, 375, False, 11
2996,0, 375, False, 11
2997,0, 375, False, 11
2998,0, 375, False, 1
2999,0, 375, False, 1
3000,0, 375, False, 1
3001,0, 375, False, 1
3002,0, 375, False, 1
3003,0, 375, False, 0
3004,0, 375, False, 0
3005,0, 375, False, 0
3006,0, 375, False, 0
3007,0, 375, False, 0
3008,0, 375, False, 0
3009,0, 375, False, 0
3010,0, 375, False, 0
3011,0, 375, False, 0
3012,0, 375, False, 0
3013,0, 375, False, 0
3014,0, 375, False, 0
3015,0, 375, False, 0
3016,0, 375, False, 0
3017,0, 375, False, 0
3018,0, 375, False, 0
3019,0, 375, False, 0
3020,0, 375, False, 0
3021,0, 375, False, 0
3022,0, 375, False, 0
3023,0, 375, False, 0
3024,0, 375, False, 0
3025,0, 375, False, 0
3026,0, 375, False, 0
3027,0, 375, False, 0
3028,25, 400, False, 0
3029,0, 400, False, 0
3030,0, 400, False, 0
3031,0, 400, False, 0
3032,0, 400, False, 0
3033,0, 400, False, 0
3034,0, 400, False, 3
3035,0, 400, False, 3
3036,0, 400, False, 3
3037,0, 400, False, 3
3038,0, 400, False, 3
3039,0, 400, False, 3
3040,0, 400, False, 3
3041,0, 400, False, 3
3042,0, 400, False, 3
3043,0, 400, False, 3
3044,0, 400, False, 3
3045,0, 400, False, 3
3046,0, 400, False, 3
3047,0, 400, False, 3
3048,0, 400, False, 3
3049,0, 400, False, 0
3050,0, 400, False, 0
3051,0, 400, False, 0
3052,0, 400, False, 0
3053,0, 400, False, 0
3054,0, 400, False, 0
3055,0, 400, False, 0
3056,0, 400, False, 0
3057,0, 400, False, 3
3058,0, 400, False, 3
3059,0, 400, False, 3
3060,0, 400, False, 3
3061,0, 400, False, 3
3062,0, 400, False, 3
3063,0, 400, False, 3
3064,0, 400, False, 3
3065,0, 400, False, 3
3066,0, 400, False, 3
3067,0, 400, False, 3
3068,0, 400, False, 3
3069,0, 400, False, 0
3070,0, 400, False, 0
3071,0, 400, False, 0
3072,0, 400, False, 0
3073,0, 400, False, 0
3074,0, 400, False, 0
3075,0, 400, False, 0
3076,0, 400, False, 0
3077,0, 400, False, 0
3078,0, 400, False, 0
3079,0, 400, False, 0
3080,0, 400, False, 0
3081,0, 400, False, 0
3082,0, 400, False, 0
3083,0, 400, False, 1
3084,0, 400, False, 1
3085,0, 400, False, 1
3086,0, 400, False, 1
3087,0, 400, False, 1
3088,0, 400, False, 1
3089,0, 400, False, 1
3090,0, 400, False, 1
3091,0, 400, False, 1
3092,0, 400, False, 0
3093,0, 400, False, 0
3094,0, 400, False, 0
3095,0, 400, False, 0
3096,0, 400, False, 0
3097,0, 400, False, 0
3098,0, 400, False, 0
3099,0, 400, False, 0
3100,0, 400, False, 0
3101,0, 400, False, 0
3102,0, 400, False, 0
3103,0, 400, False, 0
3104,0, 400, False, 0
3105,0, 400, False, 0
3106,0, 400, False, 0
3107,0, 400, False, 0
3108,25, 425, False, 0
3109,0, 425, False, 0
3110,0, 425, False, 0
3111,0, 425, False, 0
3112,0, 425, False, 0
3113,0, 425, False, 0
3114,0, 425, False, 0
3115,0, 425, False, 0
3116,0, 425, False, 0
3117,0, 425, False, 0
3118,0, 425, False, 0
3119,0, 425, False, 0
3120,0, 425, False, 0
3121,0, 425, False, 0
3122,0, 425, False, 0
3123,0, 425, False, 3
3124,0, 425, False, 3
3125,0, 425, False, 3
3126,0, 425, False, 3
3127,0, 425, False, 3
3128,0, 425, False, 3
3129,0, 425, False, 3
3130,0, 425, False, 3
3131,0, 425, False, 3
3132,0, 425, False, 3
3133,0, 425, False, 3
3134,0, 425, False, 0
3135,0, 425, False, 0
3136,0, 425, False, 0
3137,0, 425, False, 0
3138,0, 425, False, 0
3139,0, 425, False, 0
3140,0, 425, False, 0
3141,0, 425, False, 0
3142,0, 425, False, 0
3143,0, 425, False, 0
3144,0, 425, False, 0
3145,0, 425, False, 0
3146,0, 425, False, 0
3147,0, 425, False, 0
3148,0, 425, False, 0
3149,0, 425, False, 0
3150,0, 425, False, 1
3151,0, 425, False, 1
3152,0, 425, False, 1
3153,0, 425, False, 1
3154,0, 425, False, 1
3155,0, 425, False, 1
3156,0, 425, False, 1
3157,0, 425, False, 1
3158,0, 425, False, 1
3159,0, 425, False, 0
3160,0, 425, False, 0
3161,0, 425, False, 0
3162,0, 425, False, 0
3163,0, 425, False, 0
3164,0, 425, False, 0
3165,0, 425, False, 0
3166,0, 425, False, 0
3167,0, 425, False, 0
3168,0, 425, False, 0
3169,0, 425, False, 0
3170,0, 425, False, 0
3171,0, 425, False, 0
3172,0, 425, False, 0
3173,0, 425, False, 3
3174,0, 425, False, 3
3175,0, 425, False, 3
3176,0, 425, False, 3
3177,0, 425, False, 3
3178,0, 425, False, 3
3179,0, 425, False, 3
3180,0, 425, False, 3
3181,0, 425, False, 3
3182,0, 425, False, 3
3183,0, 425, False, 3
3184,0, 425, False, 3
3185,0, 425, False, 3
3186,0, 425, False, 3
3187,0, 425, False, 3
3188,0, 425, False, 3
3189,0, 425, False, 3
3190,0, 425, False, 0
3191,0, 425, False, 0
3192,0, 425, False, 0
3193,0, 425, False, 0
3194,0, 425, False, 0
3195,0, 425, False, 0
3196,0, 425, False, 0
3197,0, 425, False, 0
3198,0, 425, False, 0
3199,0, 425, False, 0
3200,0, 425, False, 0
3201,0, 425, False, 0
3202,0, 425, False, 0
3203,0, 425, False, 0
3204,0, 425, False, 0
3205,0, 425, False, 0
3206,0, 425, False, 0
3207,0, 425, False, 0
3208,0, 425, False, 0
3209,0, 425, False, 0
3210,0, 425, False, 0
3211,0, 425, False, 0
3212,0, 425, False, 0
3213,0, 425, False, 0
3214,0, 425, False, 0
3215,0, 425, False, 0
3216,0, 425, False, 0
3217,0, 425, False, 0
3218,0, 425, False, 3
3219,0, 425, False, 3
3220,0, 425, False, 3
3221,0, 425, False, 3
3222,0, 425, False, 3
3223,0, 425, False, 3
3224,0, 425, False, 3
3225,0, 425, False, 3
3226,0, 425, False, 3
3227,0, 425, False, 0
3228,0, 425, False, 0
3229,0, 425, False, 1
3230,0, 425, False, 1
3231,0, 425, False, 1
3232,0, 425, False, 1
3233,0, 425, False, 1
3234,0, 425, False, 1
3235,0, 425, False, 1
3236,0, 425, False, 1
3237,0, 425, False, 1
3238,0, 425, False, 1
3239,0, 425, False, 1
3240,0, 425, False, 0
3241,0, 425, False, 0
3242,0, 425, False, 0
3243,0, 425, False, 0
3244,0, 425, False, 0
3245,0, 425, False, 0
3246,0, 425, False, 0
3247,0, 425, False, 0
3248,0, 425, False, 0
3249,0, 425, False, 0
3250,0, 425, False, 0
3251,0, 425, False, 0
3252,0, 425, False, 0
3253,0, 425, False, 0
3254,0, 425, False, 0
3255,0, 425, False, 0
3256,0, 425, False, 0
3257,0, 425, False, 0
3258,0, 425, False, 0
3259,0, 425, False, 0
3260,0, 425, False, 4
3261,0, 425, False, 4
3262,0, 425, False, 4
3263,0, 425, False, 4
3264,0, 425, False, 4
3265,0, 425, False, 4
3266,0, 425, False, 4
3267,0, 425, False, 4
3268,30, 455, False, 4
3269,0, 455, False, 4
3270,0, 455, False, 4
3271,0, 455, False, 4
3272,0, 455, False, 4
3273,0, 455, False, 4
3274,0, 455, False, 4
3275,0, 455, False, 4
3276,0, 455, False, 4
3277,0, 455, False, 0
3278,0, 455, False, 0
3279,0, 455, False, 0
3280,0, 455, False, 0
3281,0, 455, False, 0
3282,0, 455, False, 0
3283,0, 455, False, 0
3284,0, 455, False, 0
3285,0, 455, False, 0
3286,0, 455, False, 0
3287,0, 455, False, 0
3288,0, 455, False, 0
3289,0, 455, False, 0
3290,0, 455, False, 0
3291,0, 455, False, 0
3292,0, 455, False, 0
3293,0, 455, False, 0
3294,0, 455, False, 0
3295,0, 455, False, 0
3296,0, 455, False, 0
3297,0, 455, False, 0
3298,0, 455, False, 0
3299,0, 455, False, 0
3300,0, 455, False, 0
3301,0, 455, False, 0
3302,0, 455, False, 0
3303,0, 455, False, 1
3304,0, 455, False, 1
3305,0, 455, False, 1
3306,0, 455, False, 1
3307,0, 455, False, 1
3308,0, 455, False, 1
3309,0, 455, False, 1
3310,0, 455, False, 1
3311,0, 455, False, 1
3312,0, 455, False, 1
3313,0, 455, False, 1
3314,0, 455, False, 0
3315,0, 455, False, 0
3316,0, 455, False, 0
3317,0, 455, False, 0
3318,0, 455, False, 0
3319,0, 455, False, 0
3320,0, 455, False, 0
3321,0, 455, False, 0
3322,0, 455, False, 3
3323,0, 455, False, 3
3324,0, 455, False, 3
3325,0, 455, False, 3
3326,25, 480, False, 3
3327,0, 480, False, 3
3328,0, 480, False, 3
3329,0, 480, False, 3
3330,0, 480, False, 3
3331,0, 480, False, 3
3332,0, 480, False, 3
3333,0, 480, False, 3
3334,0, 480, False, 3
3335,0, 480, False, 3
3336,0, 480, False, 3
3337,0, 480, False, 3
3338,0, 480, False, 3
3339,0, 480, False, 3
3340,0, 480, False, 3
3341,0, 480, False, 3
3342,0, 480, False, 3
3343,0, 480, False, 3
3344,0, 480, False, 3
3345,0, 480, False, 3
3346,0, 480, False, 3
3347,0, 480, False, 3
3348,0, 480, False, 0
3349,0, 480, False, 0
3350,0, 480, False, 0
3351,0, 480, False, 0
3352,0, 480, False, 0
3353,0, 480, False, 0
3354,0, 480, False, 0
3355,0, 480, False, 1
3356,0, 480, False, 1
3357,0, 480, False, 1
3358,0, 480, False, 1
3359,0, 480, False, 1
3360,0, 480, False, 1
3361,0, 480, False, 1
3362,0, 480, False, 1
3363,0, 480, False, 1
3364,0, 480, False, 0
3365,0, 480, False, 0
3366,0, 480, False, 0
3367,0, 480, False, 0
3368,0, 480, False, 0
3369,0, 480, False, 0
3370,0, 480, False, 0
3371,0, 480, False, 0
3372,0, 480, False, 0
3373,0, 480, False, 0
3374,0, 480, False, 0
3375,0, 480, False, 0
3376,0, 480, False, 0
3377,0, 480, False, 0
3378,0, 480, False, 0
3379,0, 480, False, 0
3380,30, 510, False, 0
3381,0, 510, False, 0
3382,0, 510, False, 0
3383,0, 510, False, 0
3384,0, 510, False, 0
3385,0, 510, False, 0
3386,0, 510, False, 0
3387,0, 510, False, 0
3388,0, 510, False, 0
3389,0, 510, False, 0
3390,0, 510, False, 0
3391,0, 510, False, 0
3392,0, 510, False, 0
3393,0, 510, False, 0
3394,0, 510, False, 4
3395,0, 510, False, 4
3396,0, 510, False, 4
3397,0, 510, False, 4
3398,0, 510, False, 4
3399,0, 510, False, 4
3400,0, 510, False, 4
3401,0, 510, False, 4
3402,0, 510, False, 4
3403,0, 510, False, 4
3404,0, 510, False, 4
3405,0, 510, False, 4
3406,0, 510, False, 4
3407,0, 510, False, 4
3408,0, 510, False, 4
3409,0, 510, False, 4
3410,0, 510, False, 4
3411,0, 510, False, 4
3412,0, 510, False, 4
3413,0, 510, False, 0
3414,0, 510, False, 0
3415,0, 510, False, 0
3416,0, 510, False, 0
3417,0, 510, False, 0
3418,0, 510, False, 3
3419,0, 510, False, 3
3420,0, 510, False, 3
3421,0, 510, False, 3
3422,0, 510, False, 3
3423,0, 510, False, 3
3424,0, 510, False, 3
3425,0, 510, False, 3
3426,0, 510, False, 3
3427,0, 510, False, 3
3428,0, 510, False, 3
3429,0, 510, False, 3
3430,0, 510, False, 3
3431,0, 510, False, 3
3432,0, 510, False, 3
3433,0, 510, False, 3
3434,0, 510, False, 3
3435,0, 510, False, 3
3436,0, 510, False, 3
3437,0, 510, False, 3
3438,0, 510, False, 3
3439,0, 510, False, 3
3440,0, 510, False, 3
3441,0, 510, False, 3
3442,0, 510, False, 3
3443,0, 510, False, 3
3444,0, 510, False, 3
3445,0, 510, False, 3
3446,0, 510, False, 3
3447,0, 510, False, 3
3448,0, 510, False, 3
3449,0, 510, False, 3
3450,0, 510, False, 3
3451,0, 510, False, 3
3452,0, 510, False, 3
3453,0, 510, False, 3
3454,0, 510, False, 3
3455,0, 510, False, 3
3456,0, 510, False, 0
3457,0, 510, False, 0
3458,0, 510, False, 0
3459,0, 510, False, 1
3460,0, 510, False, 1
3461,0, 510, False, 1
3462,0, 510, False, 1
3463,0, 510, False, 1
3464,0, 510, False, 1
3465,0, 510, False, 1
3466,0, 510, False, 1
3467,0, 510, False, 1
3468,0, 510, False, 0
3469,0, 510, False, 0
3470,0, 510, False, 0
3471,0, 510, False, 0
3472,0, 510, False, 0
3473,0, 510, False, 0
3474,0, 510, False, 0
3475,0, 510, False, 4
3476,0, 510, False, 4
3477,0, 510, False, 4
3478,0, 510, False, 4
3479,0, 510, False, 4
3480,0, 510, False, 4
3481,0, 510, False, 4
3482,0, 510, False, 4
3483,0, 510, False, 4
3484,30, 540, False, 4
3485,0, 540, False, 4
3486,0, 540, False, 4
3487,0, 540, False, 4
3488,0, 540, False, 0
3489,0, 540, False, 0
3490,0, 540, False, 0
3491,0, 540, False, 0
3492,0, 540, False, 0
3493,0, 540, False, 0
3494,0, 540, False, 0
3495,0, 540, False, 0
3496,0, 540, False, 3
3497,0, 540, False, 3
3498,0, 540, False, 3
3499,0, 540, False, 3
3500,0, 540, False, 3
3501,0, 540, False, 3
3502,0, 540, False, 3
3503,0, 540, False, 3
3504,0, 540, False, 3
3505,0, 540, False, 3
3506,0, 540, False, 3
3507,0, 540, False, 3
3508,0, 540, False, 3
3509,0, 540, False, 3
3510,0, 540, False, 3
3511,0, 540, False, 3
3512,0, 540, False, 3
3513,0, 540, False, 3
3514,0, 540, False, 3
3515,0, 540, False, 3
3516,0, 540, False, 3
3517,0, 540, False, 3
3518,0, 540, False, 3
3519,0, 540, False, 3
3520,0, 540, False, 3
3521,0, 540, False, 3
3522,0, 540, False, 3
3523,0, 540, False, 3
3524,0, 540, False, 3
3525,0, 540, False, 3
3526,0, 540, False, 3
3527,0, 540, False, 3
3528,0, 540, False, 3
3529,0, 540, False, 3
3530,0, 540, False, 3
3531,0, 540, False, 3
3532,0, 540, False, 3
3533,0, 540, False, 3
3534,0, 540, False, 3
3535,0, 540, False, 3
3536,0, 540, False, 3
3537,0, 540, False, 3
3538,0, 540, False, 3
3539,0, 540, False, 3
3540,0, 540, False, 3
3541,0, 540, False, 3
3542,0, 540, False, 3
3543,0, 540, False, 3
3544,0, 540, False, 3
3545,0, 540, False, 0
3546,0, 540, False, 0
3547,0, 540, False, 0
3548,0, 540, False, 0
3549,0, 540, False, 0
3550,0, 540, False, 0
3551,0, 540, False, 0
3552,0, 540, False, 0
3553,0, 540, False, 0
3554,0, 540, False, 4
3555,0, 540, False, 4
3556,0, 540, False, 4
3557,0, 540, False, 4
3558,0, 540, False, 4
3559,0, 540, False, 4
3560,0, 540, False, 4
3561,0, 540, False, 4
3562,0, 540, False, 4
3563,0, 540, False, 4
3564,0, 540, False, 4
3565,0, 540, False, 4
3566,0, 540, False, 4
3567,0, 540, False, 4
3568,0, 540, False, 4
3569,0, 540, False, 4
3570,0, 540, False, 4
3571,0, 540, False, 4
3572,0, 540, False, 4
3573,0, 540, False, 4
3574,0, 540, False, 4
3575,0, 540, False, 4
3576,0, 540, False, 4
3577,0, 540, False, 4
3578,0, 540, False, 4
3579,0, 540, False, 0
3580,0, 540, False, 0
3581,0, 540, False, 0
3582,0, 540, False, 0
3583,0, 540, False, 0
3584,0, 540, False, 0
3585,0, 540, False, 0
3586,0, 540, False, 0
3587,0, 540, False, 0
3588,0, 540, False, 0
3589,0, 540, False, 0
3590,0, 540, False, 0
3591,0, 540, False, 3
3592,0, 540, False, 3
3593,0, 540, False, 3
3594,0, 540, False, 3
3595,0, 540, False, 3
3596,0, 540, False, 3
3597,0, 540, False, 3
3598,0, 540, False, 3
3599,0, 540, False, 3
3600,0, 540, False, 3
3601,0, 540, False, 3
3602,0, 540, False, 3
3603,0, 540, False, 3
3604,0, 540, False, 3
3605,0, 540, False, 3
3606,0, 540, False, 3
3607,0, 540, False, 3
3608,0, 540, False, 3
3609,0, 540, False, 3
3610,0, 540, False, 3
3611,0, 540, False, 3
3612,0, 540, False, 3
3613,0, 540, False, 11
3614,0, 540, False, 1
3615,0, 540, False, 1
3616,0, 540, False, 1
3617,0, 540, False, 1
3618,0, 540, False, 1
3619,0, 540, False, 1
3620,0, 540, False, 1
3621,0, 540, False, 1
3622,0, 540, False, 1
3623,0, 540, False, 0
3624,0, 540, False, 0
3625,0, 540, False, 0
3626,0, 540, False, 0
3627,0, 540, False, 0
3628,0, 540, False, 0
3629,0, 540, False, 0
3630,0, 540, False, 0
3631,0, 540, False, 0
3632,0, 540, False, 0
3633,0, 540, False, 0
3634,0, 540, False, 0
3635,0, 540, False, 0
3636,0, 540, False, 0
3637,0, 540, False, 0
3638,0, 540, False, 0
3639,0, 540, False, 0
3640,0, 540, False, 0
3641,0, 540, False, 1
3642,0, 540, False, 12
3643,0, 540, False, 12
3644,0, 540, False, 12
3645,0, 540, False, 12
3646,0, 540, False, 12
3647,0, 540, False, 12
3648,0, 540, False, 12
3649,0, 540, False, 12
3650,0, 540, False, 12
3651,0, 540, False, 1
3652,0, 540, False, 1
3653,0, 540, False, 1
3654,0, 540, False, 1
3655,0, 540, False, 1
3656,0, 540, False, 1
3657,0, 540, False, 0
3658,0, 540, False, 0
3659,0, 540, False, 0
3660,0, 540, False, 1
3661,0, 540, False, 1
3662,0, 540, False, 1
3663,0, 540, False, 1
3664,0, 540, False, 12
3665,0, 540, False, 12
3666,0, 540, False, 12
3667,0, 540, False, 12
3668,0, 540, False, 12
3669,0, 540, False, 4
3670,0, 540, False, 4
3671,0, 540, False, 4
3672,0, 540, False, 4
3673,0, 540, False, 4
3674,0, 540, False, 4
3675,0, 540, False, 4
3676,0, 540, False, 4
3677,0, 540, False, 4
3678,0, 540, False, 4
3679,0, 540, False, 4
3680,0, 540, False, 4
3681,0, 540, False, 4
3682,0, 540, False, 4
3683,0, 540, False, 4
3684,0, 540, False, 4
3685,0, 540, False, 4
3686,0, 540, False, 4
3687,0, 540, False, 4
3688,0, 540, False, 4
3689,0, 540, False, 4
3690,0, 540, False, 4
3691,0, 540, False, 0
3692,0, 540, False, 0
3693,0, 540, False, 0
3694,0, 540, False, 0
3695,0, 540, False, 0
3696,0, 540, False, 0
3697,0, 540, False, 0
3698,0, 540, False, 0
3699,0, 540, False, 0
3700,0, 540, False, 0
3701,0, 540, False, 0
3702,0, 540, False, 0
3703,0, 540, False, 0
3704,0, 540, False, 0
3705,0, 540, False, 0
3706,0, 540, False, 0
3707,0, 540, False, 0
3708,0, 540, False, 0
3709,0, 540, False, 0
3710,0, 540, False, 0
3711,0, 540, False, 0
3712,0, 540, False, 0
3713,0, 540, False, 0
3714,0, 540, False, 0
3715,0, 540, False, 0
3716,0, 540, False, 0
3717,0, 540, False, 0
3718,0, 540, False, 0
3719,0, 540, False, 0
3720,0, 540, False, 0
3721,0, 540, False, 0
3722,0, 540, False, 0
3723,0, 540, False, 0
3724,0, 540, False, 0
3725,0, 540, False, 0
3726,0, 540, False, 0
3727,0, 540, False, 0
3728,0, 540, False, 0
3729,0, 540, False, 0
3730,0, 540, False, 0
3731,0, 540, False, 0
3732,0, 540, False, 0
3733,0, 540, False, 0
3734,0, 540, False, 0
3735,0, 540, False, 0
3736,0, 540, False, 0
3737,0, 540, False, 0
3738,0, 540, False, 0
3739,0, 540, False, 0
3740,0, 540, False, 0
3741,0, 540, False, 0
3742,0, 540, False, 0
3743,0, 540, False, 0
3744,0, 540, False, 0
3745,0, 540, False, 0
3746,0, 540, False, 0
3747,0, 540, False, 0
3748,0, 540, False, 0
3749,0, 540, False, 0
3750,0, 540, False, 0
3751,0, 540, False, 0
3752,0, 540, False, 0
3753,0, 540, False, 0
3754,0, 540, False, 0
3755,0, 540, False, 0
3756,0, 540, False, 0
3757,0, 540, False, 0
3758,0, 540, False, 0
3759,0, 540, False, 0
3760,0, 540, False, 0
3761,0, 540, False, 0
3762,0, 540, False, 0
3763,0, 540, False, 0
3764,0, 540, False, 0
3765,0, 540, False, 0
3766,0, 540, False, 0
3767,0, 540, False, 0
3768,0, 540, False, 0
3769,0, 540, False, 0
3770,0, 540, False, 0
3771,0, 540, False, 0
3772,0, 540, False, 0
3773,0, 540, False, 0
3774,0, 540, False, 0
3775,0, 540, False, 0
3776,0, 540, False, 0
3777,0, 540, False, 0
3778,0, 540, False, 0
3779,0, 540, False, 0
3780,0, 540, False, 0
3781,0, 540, False, 0
3782,0, 540, False, 0
3783,0, 540, False, 0
3784,0, 540, False, 0
3785,0, 540, False, 0
3786,0, 540, False, 0
3787,0, 540, False, 0
3788,0, 540, False, 0
3789,0, 540, False, 0
3790,0, 540, False, 0
3791,0, 540, False, 0
3792,0, 540, False, 0
3793,0, 540, False, 0
3794,0, 540, False, 0
3795,0, 540, False, 0
3796,0, 540, False, 0
3797,0, 540, False, 0
3798,0, 540, False, 0
3799,0, 540, False, 0
3800,0, 540, False, 0
3801,0, 540, False, 0
3802,0, 540, False, 0
3803,0, 540, False, 0
3804,0, 540, False, 0
3805,0, 540, False, 0
3806,0, 540, False, 0
3807,0, 540, False, 0
3808,0, 540, False, 0
3809,0, 540, False, 0
3810,0, 540, False, 0
3811,0, 540, False, 0
3812,0, 540, False, 0
3813,0, 540, False, 0
3814,0, 540, False, 0
3815,0, 540, False, 0
3816,0, 540, False, 0
3817,0, 540, False, 0
3818,0, 540, False, 0
3819,0, 540, False, 0
3820,0, 540, False, 0
3821,0, 540, False, 0
3822,0, 540, False, 0
3823,0, 540, False, 0
3824,0, 540, False, 0
3825,0, 540, False, 0
3826,0, 540, False, 0
3827,0, 540, False, 0
3828,0, 540, False, 0
3829,0, 540, False, 0
3830,0, 540, False, 0
3831,0, 540, False, 0
3832,0, 540, False, 0
3833,0, 540, False, 0
3834,0, 540, False, 0
3835,0, 540, False, 0
3836,0, 540, False, 0
3837,0, 540, False, 0
3838,0, 540, False, 0
3839,0, 540, False, 0
3840,0, 540, False, 0
3841,0, 540, False, 0
3842,0, 540, False, 0
3843,0, 540, False, 0
3844,0, 540, False, 0
3845,0, 540, False, 0
3846,0, 540, False, 0
3847,0, 540, False, 0
3848,0, 540, False, 0
3849,0, 540, False, 0
3850,0, 540, False, 0
3851,0, 540, False, 0
3852,0, 540, False, 0
3853,0, 540, False, 0
3854,0, 540, False, 0
3855,0, 540, False, 0
3856,0, 540, False, 0
3857,0, 540, False, 0
3858,0, 540, False, 0
3859,0, 540, False, 0
3860,0, 540, False, 0
3861,0, 540, False, 0
3862,0, 540, False, 0
3863,0, 540, False, 0
3864,0, 540, False, 0
3865,0, 540, False, 0
3866,0, 540, False, 0
3867,0, 540, False, 0
3868,0, 540, False, 0
3869,0, 540, False, 0
3870,0, 540, False, 0
3871,0, 540, False, 0
3872,0, 540, False, 0
3873,0, 540, False, 0
3874,0, 540, False, 0
3875,0, 540, False, 0
3876,0, 540, False, 0
3877,0, 540, False, 0
3878,0, 540, False, 0
3879,0, 540, False, 0
3880,0, 540, False, 0
3881,0, 540, False, 0
3882,0, 540, False, 0
3883,0, 540, False, 0
3884,0, 540, False, 0
3885,0, 540, False, 0
3886,0, 540, False, 0
3887,0, 540, False, 0
3888,0, 540, False, 0
3889,0, 540, False, 0
3890,0, 540, False, 0
3891,0, 540, False, 0
3892,0, 540, False, 0
3893,0, 540, False, 0
3894,0, 540, False, 0
3895,0, 540, False, 0
3896,0, 540, False, 0
3897,0, 540, False, 0
3898,0, 540, False, 0
3899,0, 540, False, 0
3900,0, 540, False, 0
3901,0, 540, False, 0
3902,0, 540, False, 0
3903,0, 540, False, 0
3904,0, 540, False, 0
3905,0, 540, False, 0
3906,0, 540, False, 0
3907,0, 540, False, 0
3908,0, 540, False, 3
3909,0, 540, False, 3
3910,0, 540, False, 3
3911,0, 540, False, 3
3912,0, 540, False, 3
3913,0, 540, False, 3
3914,0, 540, False, 3
3915,0, 540, False, 3
3916,0, 540, False, 3
3917,0, 540, False, 3
3918,0, 540, False, 3
3919,0, 540, False, 3
3920,0, 540, False, 3
3921,0, 540, False, 3
3922,0, 540, False, 3
3923,0, 540, False, 3
3924,0, 540, False, 3
3925,0, 540, False, 3
3926,0, 540, False, 3
3927,0, 540, False, 3
3928,0, 540, False, 3
3929,0, 540, False, 3
3930,0, 540, False, 3
3931,0, 540, False, 3
3932,0, 540, False, 3
3933,0, 540, False, 3
3934,0, 540, False, 3
3935,0, 540, False, 3
3936,0, 540, False, 3
3937,0, 540, False, 3
3938,0, 540, False, 3
3939,0, 540, False, 3
3940,0, 540, False, 3
3941,0, 540, False, 3
3942,0, 540, False, 3
3943,0, 540, False, 3
3944,0, 540, False, 3
3945,0, 540, False, 0
3946,0, 540, False, 0
3947,0, 540, False, 0
3948,0, 540, False, 0
3949,0, 540, False, 0
3950,0, 540, False, 0
3951,0, 540, False, 0
3952,0, 540, False, 0
3953,0, 540, False, 0
3954,0, 540, False, 0
3955,0, 540, False, 0
3956,0, 540, False, 0
3957,0, 540, False, 0
3958,0, 540, False, 0
3959,0, 540, False, 0
3960,0, 540, False, 0
3961,0, 540, False, 0
3962,0, 540, False, 0
3963,0, 540, False, 0
3964,0, 540, False, 0
3965,0, 540, False, 0
3966,0, 540, False, 0
3967,0, 540, False, 0
3968,0, 540, False, 0
3969,0, 540, False, 0
3970,0, 540, False, 0
3971,0, 540, False, 0
3972,0, 540, False, 0
3973,0, 540, False, 0
3974,0, 540, False, 0
3975,0, 540, False, 0
3976,0, 540, False, 0
3977,0, 540, False, 0
3978,0, 540, False, 0
3979,0, 540, False, 0
3980,0, 540, False, 0
3981,0, 540, False, 0
3982,0, 540, False, 0
3983,0, 540, False, 0
3984,0, 540, False, 0
3985,0, 540, False, 0
3986,0, 540, False, 0
3987,0, 540, False, 0
3988,0, 540, False, 0
3989,0, 540, False, 0
3990,0, 540, False, 0
3991,0, 540, False, 0
3992,0, 540, False, 0
3993,0, 540, False, 0
3994,0, 540, False, 0
3995,0, 540, False, 0
3996,0, 540, False, 0
3997,0, 540, False, 0
3998,0, 540, False, 0
3999,0, 540, False, 0
4000,0, 540, False, 0
4001,0, 540, False, 0
4002,0, 540, False, 0
4003,0, 540, False, 0
4004,0, 540, False, 0
4005,0, 540, False, 0
4006,0, 540, False, 0
4007,0, 540, False, 0
4008,0, 540, False, 0
4009,0, 540, False, 0
4010,0, 540, False, 0
4011,0, 540, False, 0
4012,0, 540, False, 0
4013,0, 540, False, 0
4014,0, 540, False, 0
4015,0, 540, False, 0
4016,0, 540, False, 0
4017,0, 540, False, 0
4018,0, 540, False, 0
4019,0, 540, False, 0
4020,0, 540, False, 0
4021,0, 540, False, 0
4022,0, 540, False, 0
4023,0, 540, False, 0
4024,0, 540, False, 0
4025,0, 540, False, 0
4026,0, 540, False, 0
4027,0, 540, False, 0
4028,0, 540, False, 0
4029,0, 540, False, 0
4030,0, 540, False, 0
4031,0, 540, False, 0
4032,0, 540, False, 0
4033,0, 540, False, 0
4034,0, 540, False, 0
4035,0, 540, False, 0
4036,0, 540, False, 0
4037,0, 540, False, 4
4038,0, 540, False, 4
4039,0, 540, False, 4
4040,0, 540, False, 4
4041,0, 540, False, 4
4042,0, 540, False, 4
4043,0, 540, False, 4
4044,0, 540, False, 4
4045,0, 540, False, 4
4046,0, 540, False, 4
4047,0, 540, False, 4
4048,0, 540, False, 4
4049,0, 540, False, 4
4050,0, 540, False, 4
4051,0, 540, False, 4
4052,0, 540, False, 0
4053,0, 540, False, 0
4054,0, 540, False, 0
4055,0, 540, False, 0
4056,0, 540, False, 0
4057,0, 540, False, 0
4058,0, 540, False, 0
4059,0, 540, False, 0
4060,0, 540, False, 0
4061,0, 540, False, 0
4062,0, 540, False, 0
4063,0, 540, False, 0
4064,0, 540, False, 0
4065,0, 540, False, 0
4066,0, 540, False, 0
4067,0, 540, False, 0
4068,0, 540, False, 0
4069,0, 540, False, 0
4070,0, 540, False, 0
4071,0, 540, False, 0
4072,0, 540, False, 0
4073,0, 540, False, 3
4074,0, 540, False, 3
4075,0, 540, False, 3
4076,0, 540, False, 3
4077,0, 540, False, 3
4078,0, 540, False, 3
4079,0, 540, False, 3
4080,0, 540, False, 3
4081,0, 540, False, 3
4082,0, 540, False, 3
4083,0, 540, False, 3
4084,0, 540, False, 3
4085,0, 540, False, 3
4086,0, 540, False, 3
4087,0, 540, False, 3
4088,0, 540, False, 3
4089,0, 540, False, 3
4090,0, 540, False, 0
4091,0, 540, False, 0
4092,0, 540, False, 0
4093,0, 540, False, 0
4094,0, 540, False, 0
4095,0, 540, False, 0
4096,0, 540, False, 0
4097,0, 540, False, 0
4098,0, 540, False, 0
4099,0, 540, False, 0
4100,0, 540, False, 0
4101,0, 540, False, 0
4102,0, 540, False, 0
4103,0, 540, False, 0
4104,0, 540, False, 0
4105,0, 540, False, 0
4106,0, 540, False, 0
4107,0, 540, False, 0
4108,0, 540, False, 4
4109,0, 540, False, 4
4110,0, 540, False, 4
4111,0, 540, False, 4
4112,0, 540, False, 4
4113,0, 540, False, 4
4114,0, 540, False, 4
4115,0, 540, False, 4
4116,0, 540, False, 4
4117,0, 540, False, 4
4118,0, 540, False, 0
4119,0, 540, False, 0
4120,0, 540, False, 0
4121,0, 540, False, 0
4122,0, 540, False, 0
4123,0, 540, False, 0
4124,0, 540, False, 0
4125,0, 540, False, 3
4126,0, 540, False, 3
4127,0, 540, False, 3
4128,0, 540, False, 3
4129,0, 540, False, 3
4130,0, 540, False, 3
4131,0, 540, False, 3
4132,0, 540, False, 3
4133,0, 540, False, 11
4134,0, 540, False, 1
4135,0, 540, False, 1
4136,0, 540, False, 1
4137,0, 540, False, 1
4138,0, 540, False, 1
4139,0, 540, True, 1
