db traj id : 2622
frame,reward,score,terminal, action
0,0, 0, False, 0
1,0, 0, False, 0
2,0, 0, False, 0
3,0, 0, False, 0
4,0, 0, False, 0
5,0, 0, False, 0
6,0, 0, False, 0
7,0, 0, False, 0
8,0, 0, False, 0
9,0, 0, False, 0
10,0, 0, False, 0
11,0, 0, False, 0
12,0, 0, False, 0
13,0, 0, False, 0
14,0, 0, False, 0
15,0, 0, False, 0
16,0, 0, False, 0
17,0, 0, False, 0
18,0, 0, False, 0
19,0, 0, False, 0
20,0, 0, False, 0
21,0, 0, False, 0
22,0, 0, False, 0
23,0, 0, False, 0
24,0, 0, False, 0
25,0, 0, False, 0
26,0, 0, False, 0
27,0, 0, False, 0
28,0, 0, False, 0
29,0, 0, False, 0
30,0, 0, False, 0
31,0, 0, False, 0
32,0, 0, False, 0
33,0, 0, False, 0
34,0, 0, False, 0
35,0, 0, False, 0
36,0, 0, False, 0
37,0, 0, False, 0
38,0, 0, False, 0
39,0, 0, False, 0
40,0, 0, False, 0
41,0, 0, False, 0
42,0, 0, False, 0
43,0, 0, False, 0
44,0, 0, False, 0
45,0, 0, False, 0
46,0, 0, False, 0
47,0, 0, False, 0
48,0, 0, False, 0
49,0, 0, False, 0
50,0, 0, False, 0
51,0, 0, False, 0
52,0, 0, False, 0
53,0, 0, False, 0
54,0, 0, False, 0
55,0, 0, False, 0
56,0, 0, False, 0
57,0, 0, False, 0
58,0, 0, False, 0
59,0, 0, False, 0
60,0, 0, False, 0
61,0, 0, False, 0
62,0, 0, False, 0
63,0, 0, False, 0
64,0, 0, False, 0
65,0, 0, False, 0
66,0, 0, False, 0
67,0, 0, False, 0
68,0, 0, False, 0
69,0, 0, False, 0
70,0, 0, False, 0
71,0, 0, False, 0
72,0, 0, False, 0
73,0, 0, False, 0
74,0, 0, False, 0
75,0, 0, False, 0
76,0, 0, False, 0
77,0, 0, False, 0
78,0, 0, False, 0
79,0, 0, False, 0
80,0, 0, False, 0
81,0, 0, False, 0
82,0, 0, False, 0
83,0, 0, False, 0
84,0, 0, False, 0
85,0, 0, False, 0
86,0, 0, False, 0
87,0, 0, False, 0
88,0, 0, False, 0
89,0, 0, False, 0
90,0, 0, False, 0
91,0, 0, False, 0
92,0, 0, False, 4
93,0, 0, False, 4
94,0, 0, False, 4
95,0, 0, False, 4
96,0, 0, False, 0
97,0, 0, False, 0
98,0, 0, False, 0
99,0, 0, False, 0
100,0, 0, False, 0
101,0, 0, False, 0
102,0, 0, False, 0
103,0, 0, False, 0
104,0, 0, False, 0
105,0, 0, False, 0
106,0, 0, False, 0
107,0, 0, False, 0
108,0, 0, False, 0
109,0, 0, False, 0
110,0, 0, False, 0
111,0, 0, False, 0
112,0, 0, False, 0
113,0, 0, False, 0
114,0, 0, False, 0
115,0, 0, False, 0
116,0, 0, False, 0
117,0, 0, False, 0
118,0, 0, False, 0
119,0, 0, False, 0
120,0, 0, False, 0
121,0, 0, False, 0
122,0, 0, False, 0
123,0, 0, False, 0
124,0, 0, False, 0
125,0, 0, False, 0
126,0, 0, False, 0
127,0, 0, False, 0
128,0, 0, False, 0
129,0, 0, False, 0
130,0, 0, False, 0
131,0, 0, False, 0
132,0, 0, False, 0
133,0, 0, False, 0
134,0, 0, False, 0
135,0, 0, False, 0
136,0, 0, False, 0
137,0, 0, False, 0
138,0, 0, False, 0
139,0, 0, False, 0
140,0, 0, False, 1
141,0, 0, False, 1
142,0, 0, False, 1
143,0, 0, False, 1
144,0, 0, False, 1
145,0, 0, False, 1
146,0, 0, False, 1
147,0, 0, False, 1
148,0, 0, False, 0
149,0, 0, False, 0
150,0, 0, False, 0
151,0, 0, False, 0
152,0, 0, False, 0
153,0, 0, False, 0
154,0, 0, False, 0
155,0, 0, False, 0
156,0, 0, False, 0
157,0, 0, False, 0
158,0, 0, False, 0
159,0, 0, False, 0
160,0, 0, False, 0
161,0, 0, False, 0
162,0, 0, False, 0
163,0, 0, False, 0
164,0, 0, False, 0
165,0, 0, False, 4
166,0, 0, False, 4
167,0, 0, False, 4
168,0, 0, False, 4
169,0, 0, False, 4
170,0, 0, False, 4
171,0, 0, False, 4
172,0, 0, False, 4
173,0, 0, False, 4
174,0, 0, False, 0
175,0, 0, False, 0
176,0, 0, False, 0
177,0, 0, False, 0
178,0, 0, False, 0
179,0, 0, False, 0
180,0, 0, False, 0
181,0, 0, False, 0
182,0, 0, False, 0
183,0, 0, False, 0
184,0, 0, False, 0
185,0, 0, False, 0
186,0, 0, False, 0
187,0, 0, False, 0
188,0, 0, False, 0
189,0, 0, False, 0
190,0, 0, False, 0
191,0, 0, False, 0
192,0, 0, False, 0
193,0, 0, False, 4
194,0, 0, False, 4
195,0, 0, False, 4
196,0, 0, False, 4
197,0, 0, False, 0
198,0, 0, False, 0
199,0, 0, False, 0
200,0, 0, False, 0
201,0, 0, False, 0
202,0, 0, False, 0
203,0, 0, False, 0
204,0, 0, False, 0
205,0, 0, False, 0
206,0, 0, False, 0
207,0, 0, False, 0
208,0, 0, False, 0
209,0, 0, False, 0
210,0, 0, False, 0
211,0, 0, False, 0
212,0, 0, False, 0
213,0, 0, False, 0
214,0, 0, False, 0
215,0, 0, False, 0
216,0, 0, False, 0
217,0, 0, False, 0
218,0, 0, False, 0
219,0, 0, False, 0
220,0, 0, False, 0
221,0, 0, False, 0
222,0, 0, False, 0
223,0, 0, False, 0
224,0, 0, False, 0
225,0, 0, False, 0
226,0, 0, False, 0
227,0, 0, False, 0
228,0, 0, False, 0
229,0, 0, False, 0
230,0, 0, False, 0
231,0, 0, False, 0
232,0, 0, False, 0
233,0, 0, False, 0
234,0, 0, False, 0
235,0, 0, False, 0
236,0, 0, False, 0
237,0, 0, False, 0
238,0, 0, False, 0
239,0, 0, False, 0
240,0, 0, False, 0
241,0, 0, False, 4
242,0, 0, False, 4
243,0, 0, False, 4
244,0, 0, False, 4
245,0, 0, False, 4
246,0, 0, False, 4
247,0, 0, False, 4
248,0, 0, False, 4
249,0, 0, False, 0
250,0, 0, False, 0
251,0, 0, False, 0
252,0, 0, False, 0
253,0, 0, False, 0
254,0, 0, False, 0
255,0, 0, False, 0
256,0, 0, False, 0
257,0, 0, False, 0
258,0, 0, False, 0
259,0, 0, False, 0
260,0, 0, False, 0
261,0, 0, False, 0
262,0, 0, False, 0
263,0, 0, False, 0
264,0, 0, False, 0
265,0, 0, False, 0
266,0, 0, False, 0
267,0, 0, False, 0
268,0, 0, False, 0
269,0, 0, False, 0
270,0, 0, False, 0
271,0, 0, False, 0
272,0, 0, False, 0
273,0, 0, False, 0
274,0, 0, False, 0
275,0, 0, False, 0
276,0, 0, False, 0
277,0, 0, False, 0
278,0, 0, False, 0
279,0, 0, False, 0
280,0, 0, False, 0
281,0, 0, False, 0
282,0, 0, False, 0
283,0, 0, False, 0
284,0, 0, False, 0
285,0, 0, False, 0
286,0, 0, False, 4
287,0, 0, False, 4
288,0, 0, False, 4
289,0, 0, False, 4
290,0, 0, False, 4
291,0, 0, False, 4
292,0, 0, False, 4
293,0, 0, False, 4
294,0, 0, False, 4
295,0, 0, False, 4
296,0, 0, False, 4
297,0, 0, False, 4
298,0, 0, False, 4
299,0, 0, False, 0
300,0, 0, False, 0
301,0, 0, False, 0
302,0, 0, False, 0
303,0, 0, False, 0
304,0, 0, False, 3
305,0, 0, False, 3
306,0, 0, False, 3
307,0, 0, False, 3
308,0, 0, False, 3
309,0, 0, False, 3
310,0, 0, False, 3
311,0, 0, False, 3
312,0, 0, False, 3
313,0, 0, False, 3
314,0, 0, False, 3
315,0, 0, False, 3
316,0, 0, False, 3
317,0, 0, False, 3
318,0, 0, False, 3
319,0, 0, False, 3
320,0, 0, False, 3
321,0, 0, False, 3
322,0, 0, False, 3
323,0, 0, False, 0
324,0, 0, False, 0
325,0, 0, False, 0
326,0, 0, False, 4
327,0, 0, False, 4
328,0, 0, False, 4
329,0, 0, False, 4
330,0, 0, False, 4
331,0, 0, False, 4
332,0, 0, False, 4
333,0, 0, False, 4
334,0, 0, False, 4
335,0, 0, False, 4
336,0, 0, False, 4
337,0, 0, False, 4
338,0, 0, False, 4
339,0, 0, False, 4
340,0, 0, False, 4
341,0, 0, False, 4
342,0, 0, False, 4
343,0, 0, False, 4
344,0, 0, False, 4
345,0, 0, False, 4
346,0, 0, False, 0
347,0, 0, False, 0
348,0, 0, False, 0
349,0, 0, False, 0
350,0, 0, False, 0
351,0, 0, False, 0
352,0, 0, False, 0
353,0, 0, False, 0
354,0, 0, False, 0
355,0, 0, False, 0
356,0, 0, False, 0
357,0, 0, False, 0
358,0, 0, False, 0
359,0, 0, False, 1
360,0, 0, False, 1
361,0, 0, False, 1
362,0, 0, False, 1
363,0, 0, False, 1
364,0, 0, False, 1
365,0, 0, False, 1
366,0, 0, False, 1
367,0, 0, False, 0
368,0, 0, False, 0
369,0, 0, False, 0
370,0, 0, False, 0
371,0, 0, False, 0
372,0, 0, False, 0
373,0, 0, False, 0
374,0, 0, False, 0
375,0, 0, False, 0
376,0, 0, False, 0
377,0, 0, False, 0
378,0, 0, False, 0
379,0, 0, False, 0
380,0, 0, False, 0
381,0, 0, False, 0
382,0, 0, False, 0
383,0, 0, False, 0
384,0, 0, False, 0
385,5, 5, False, 0
386,0, 5, False, 0
387,0, 5, False, 0
388,0, 5, False, 0
389,0, 5, False, 0
390,0, 5, False, 0
391,0, 5, False, 0
392,0, 5, False, 0
393,0, 5, False, 0
394,0, 5, False, 0
395,0, 5, False, 0
396,0, 5, False, 0
397,0, 5, False, 0
398,0, 5, False, 0
399,0, 5, False, 0
400,0, 5, False, 1
401,0, 5, False, 1
402,0, 5, False, 1
403,0, 5, False, 1
404,0, 5, False, 1
405,0, 5, False, 1
406,0, 5, False, 1
407,0, 5, False, 1
408,0, 5, False, 0
409,0, 5, False, 0
410,0, 5, False, 0
411,0, 5, False, 0
412,0, 5, False, 0
413,0, 5, False, 0
414,0, 5, False, 0
415,0, 5, False, 0
416,0, 5, False, 0
417,0, 5, False, 0
418,0, 5, False, 0
419,0, 5, False, 0
420,0, 5, False, 0
421,0, 5, False, 0
422,0, 5, False, 0
423,0, 5, False, 0
424,0, 5, False, 0
425,0, 5, False, 0
426,0, 5, False, 0
427,0, 5, False, 0
428,0, 5, False, 0
429,0, 5, False, 0
430,0, 5, False, 0
431,0, 5, False, 0
432,0, 5, False, 0
433,10, 15, False, 1
434,0, 15, False, 1
435,0, 15, False, 1
436,0, 15, False, 1
437,0, 15, False, 1
438,0, 15, False, 1
439,0, 15, False, 0
440,0, 15, False, 0
441,0, 15, False, 0
442,0, 15, False, 0
443,0, 15, False, 0
444,0, 15, False, 0
445,0, 15, False, 0
446,0, 15, False, 0
447,0, 15, False, 0
448,0, 15, False, 3
449,0, 15, False, 3
450,0, 15, False, 3
451,0, 15, False, 3
452,0, 15, False, 3
453,0, 15, False, 3
454,0, 15, False, 3
455,0, 15, False, 3
456,0, 15, False, 3
457,0, 15, False, 3
458,0, 15, False, 3
459,0, 15, False, 3
460,0, 15, False, 3
461,0, 15, False, 3
462,0, 15, False, 3
463,0, 15, False, 3
464,0, 15, False, 3
465,0, 15, False, 3
466,0, 15, False, 3
467,0, 15, False, 3
468,0, 15, False, 3
469,0, 15, False, 3
470,0, 15, False, 3
471,0, 15, False, 3
472,0, 15, False, 3
473,0, 15, False, 3
474,0, 15, False, 3
475,0, 15, False, 3
476,0, 15, False, 0
477,15, 30, False, 0
478,0, 30, False, 0
479,0, 30, False, 0
480,0, 30, False, 0
481,0, 30, False, 0
482,0, 30, False, 0
483,0, 30, False, 0
484,0, 30, False, 0
485,0, 30, False, 0
486,0, 30, False, 0
487,0, 30, False, 0
488,0, 30, False, 0
489,0, 30, False, 0
490,0, 30, False, 0
491,0, 30, False, 0
492,0, 30, False, 0
493,0, 30, False, 0
494,0, 30, False, 1
495,0, 30, False, 1
496,0, 30, False, 1
497,0, 30, False, 1
498,0, 30, False, 1
499,0, 30, False, 1
500,0, 30, False, 1
501,0, 30, False, 1
502,0, 30, False, 0
503,0, 30, False, 0
504,0, 30, False, 0
505,0, 30, False, 0
506,0, 30, False, 0
507,0, 30, False, 0
508,0, 30, False, 0
509,0, 30, False, 0
510,0, 30, False, 0
511,0, 30, False, 0
512,0, 30, False, 0
513,0, 30, False, 0
514,0, 30, False, 0
515,0, 30, False, 0
516,0, 30, False, 0
517,0, 30, False, 0
518,0, 30, False, 0
519,0, 30, False, 0
520,0, 30, False, 0
521,5, 35, False, 0
522,0, 35, False, 0
523,0, 35, False, 0
524,0, 35, False, 0
525,0, 35, False, 0
526,0, 35, False, 0
527,0, 35, False, 0
528,0, 35, False, 0
529,0, 35, False, 0
530,0, 35, False, 0
531,0, 35, False, 0
532,0, 35, False, 0
533,0, 35, False, 3
534,0, 35, False, 3
535,0, 35, False, 3
536,0, 35, False, 3
537,0, 35, False, 3
538,0, 35, False, 3
539,0, 35, False, 3
540,0, 35, False, 3
541,0, 35, False, 11
542,0, 35, False, 11
543,0, 35, False, 11
544,0, 35, False, 1
545,0, 35, False, 1
546,0, 35, False, 1
547,0, 35, False, 1
548,0, 35, False, 1
549,0, 35, False, 1
550,0, 35, False, 1
551,0, 35, False, 1
552,0, 35, False, 1
553,0, 35, False, 1
554,0, 35, False, 0
555,0, 35, False, 0
556,0, 35, False, 0
557,0, 35, False, 0
558,0, 35, False, 0
559,0, 35, False, 0
560,0, 35, False, 0
561,0, 35, False, 0
562,0, 35, False, 0
563,0, 35, False, 0
564,0, 35, False, 0
565,0, 35, False, 0
566,0, 35, False, 0
567,0, 35, False, 0
568,0, 35, False, 0
569,0, 35, False, 0
570,0, 35, False, 0
571,0, 35, False, 0
572,0, 35, False, 0
573,0, 35, False, 0
574,0, 35, False, 0
575,10, 45, False, 0
576,0, 45, False, 0
577,0, 45, False, 0
578,0, 45, False, 1
579,0, 45, False, 1
580,0, 45, False, 1
581,0, 45, False, 1
582,0, 45, False, 1
583,0, 45, False, 1
584,0, 45, False, 1
585,0, 45, False, 1
586,0, 45, False, 1
587,0, 45, False, 1
588,0, 45, False, 1
589,0, 45, False, 1
590,0, 45, False, 1
591,0, 45, False, 0
592,0, 45, False, 0
593,0, 45, False, 0
594,0, 45, False, 0
595,0, 45, False, 0
596,0, 45, False, 0
597,0, 45, False, 0
598,0, 45, False, 0
599,0, 45, False, 0
600,0, 45, False, 0
601,0, 45, False, 0
602,0, 45, False, 0
603,0, 45, False, 0
604,0, 45, False, 0
605,0, 45, False, 0
606,0, 45, False, 0
607,0, 45, False, 0
608,0, 45, False, 0
609,0, 45, False, 0
610,0, 45, False, 0
611,0, 45, False, 1
612,0, 45, False, 1
613,0, 45, False, 1
614,0, 45, False, 1
615,0, 45, False, 1
616,0, 45, False, 1
617,0, 45, False, 1
618,0, 45, False, 1
619,0, 45, False, 1
620,0, 45, False, 1
621,0, 45, False, 1
622,0, 45, False, 1
623,15, 60, False, 1
624,0, 60, False, 11
625,0, 60, False, 11
626,0, 60, False, 3
627,0, 60, False, 3
628,0, 60, False, 3
629,0, 60, False, 3
630,0, 60, False, 3
631,0, 60, False, 3
632,0, 60, False, 3
633,0, 60, False, 3
634,0, 60, False, 3
635,0, 60, False, 0
636,0, 60, False, 1
637,0, 60, False, 1
638,0, 60, False, 1
639,0, 60, False, 1
640,0, 60, False, 1
641,0, 60, False, 1
642,0, 60, False, 1
643,0, 60, False, 1
644,0, 60, False, 1
645,0, 60, False, 0
646,0, 60, False, 0
647,0, 60, False, 0
648,0, 60, False, 0
649,0, 60, False, 0
650,0, 60, False, 0
651,0, 60, False, 0
652,0, 60, False, 0
653,0, 60, False, 0
654,0, 60, False, 0
655,0, 60, False, 1
656,0, 60, False, 1
657,0, 60, False, 1
658,0, 60, False, 1
659,0, 60, False, 1
660,0, 60, False, 1
661,0, 60, False, 1
662,0, 60, False, 1
663,0, 60, False, 1
664,0, 60, False, 0
665,0, 60, False, 0
666,0, 60, False, 0
667,0, 60, False, 0
668,0, 60, False, 0
669,0, 60, False, 0
670,0, 60, False, 0
671,0, 60, False, 0
672,0, 60, False, 1
673,0, 60, False, 1
674,0, 60, False, 1
675,20, 80, False, 1
676,0, 80, False, 1
677,0, 80, False, 1
678,0, 80, False, 1
679,0, 80, False, 1
680,0, 80, False, 1
681,0, 80, False, 1
682,0, 80, False, 1
683,0, 80, False, 3
684,0, 80, False, 3
685,0, 80, False, 3
686,0, 80, False, 3
687,0, 80, False, 3
688,0, 80, False, 3
689,0, 80, False, 3
690,0, 80, False, 3
691,0, 80, False, 0
692,0, 80, False, 0
693,0, 80, False, 0
694,0, 80, False, 0
695,0, 80, False, 0
696,0, 80, False, 1
697,0, 80, False, 1
698,0, 80, False, 1
699,0, 80, False, 1
700,0, 80, False, 1
701,0, 80, False, 1
702,0, 80, False, 1
703,0, 80, False, 1
704,0, 80, False, 1
705,0, 80, False, 0
706,0, 80, False, 0
707,0, 80, False, 0
708,0, 80, False, 0
709,0, 80, False, 0
710,0, 80, False, 0
711,0, 80, False, 0
712,0, 80, False, 0
713,0, 80, False, 1
714,0, 80, False, 1
715,0, 80, False, 1
716,0, 80, False, 1
717,0, 80, False, 1
718,0, 80, False, 1
719,0, 80, False, 1
720,0, 80, False, 1
721,0, 80, False, 1
722,0, 80, False, 0
723,0, 80, False, 0
724,0, 80, False, 0
725,0, 80, False, 0
726,0, 80, False, 1
727,0, 80, False, 1
728,0, 80, False, 1
729,0, 80, False, 1
730,0, 80, False, 1
731,0, 80, False, 1
732,0, 80, False, 1
733,0, 80, False, 1
734,0, 80, False, 1
735,0, 80, False, 1
736,0, 80, False, 1
737,25, 105, False, 0
738,0, 105, False, 0
739,0, 105, False, 0
740,0, 105, False, 0
741,0, 105, False, 0
742,0, 105, False, 0
743,0, 105, False, 1
744,0, 105, False, 1
745,0, 105, False, 1
746,0, 105, False, 1
747,0, 105, False, 1
748,0, 105, False, 1
749,0, 105, False, 1
750,0, 105, False, 1
751,0, 105, False, 0
752,0, 105, False, 0
753,0, 105, False, 0
754,0, 105, False, 0
755,0, 105, False, 0
756,0, 105, False, 0
757,0, 105, False, 0
758,0, 105, False, 1
759,0, 105, False, 1
760,0, 105, False, 1
761,0, 105, False, 1
762,0, 105, False, 1
763,0, 105, False, 1
764,0, 105, False, 1
765,0, 105, False, 1
766,0, 105, False, 1
767,0, 105, False, 1
768,0, 105, False, 1
769,0, 105, False, 0
770,0, 105, False, 0
771,0, 105, False, 0
772,0, 105, False, 0
773,0, 105, False, 0
774,0, 105, False, 0
775,0, 105, False, 0
776,0, 105, False, 0
777,0, 105, False, 3
778,0, 105, False, 3
779,0, 105, False, 3
780,0, 105, False, 3
781,0, 105, False, 3
782,0, 105, False, 3
783,0, 105, False, 3
784,0, 105, False, 3
785,0, 105, False, 3
786,0, 105, False, 3
787,0, 105, False, 3
788,0, 105, False, 3
789,0, 105, False, 3
790,0, 105, False, 3
791,0, 105, False, 3
792,0, 105, False, 3
793,0, 105, False, 3
794,0, 105, False, 3
795,0, 105, False, 3
796,0, 105, False, 3
797,0, 105, False, 3
798,0, 105, False, 3
799,0, 105, False, 3
800,0, 105, False, 3
801,0, 105, False, 3
802,0, 105, False, 3
803,0, 105, False, 3
804,0, 105, False, 3
805,0, 105, False, 3
806,0, 105, False, 3
807,0, 105, False, 3
808,0, 105, False, 3
809,0, 105, False, 3
810,0, 105, False, 3
811,0, 105, False, 3
812,0, 105, False, 3
813,30, 135, False, 3
814,0, 135, False, 0
815,0, 135, False, 0
816,0, 135, False, 0
817,0, 135, False, 0
818,0, 135, False, 0
819,0, 135, False, 0
820,0, 135, False, 0
821,0, 135, False, 0
822,0, 135, False, 1
823,0, 135, False, 1
824,0, 135, False, 1
825,0, 135, False, 1
826,0, 135, False, 1
827,0, 135, False, 1
828,0, 135, False, 1
829,0, 135, False, 1
830,0, 135, False, 1
831,0, 135, False, 0
832,0, 135, False, 0
833,0, 135, False, 0
834,0, 135, False, 0
835,0, 135, False, 0
836,0, 135, False, 0
837,0, 135, False, 0
838,0, 135, False, 0
839,0, 135, False, 0
840,0, 135, False, 0
841,0, 135, False, 0
842,0, 135, False, 0
843,0, 135, False, 0
844,0, 135, False, 0
845,0, 135, False, 0
846,0, 135, False, 0
847,0, 135, False, 0
848,0, 135, False, 0
849,0, 135, False, 0
850,0, 135, False, 0
851,0, 135, False, 0
852,0, 135, False, 0
853,0, 135, False, 0
854,0, 135, False, 0
855,0, 135, False, 0
856,0, 135, False, 0
857,0, 135, False, 0
858,0, 135, False, 0
859,0, 135, False, 0
860,0, 135, False, 0
861,0, 135, False, 0
862,0, 135, False, 0
863,0, 135, False, 0
864,0, 135, False, 1
865,0, 135, False, 1
866,0, 135, False, 1
867,0, 135, False, 1
868,0, 135, False, 1
869,0, 135, False, 1
870,0, 135, False, 1
871,0, 135, False, 1
872,0, 135, False, 1
873,0, 135, False, 1
874,0, 135, False, 1
875,0, 135, False, 1
876,0, 135, False, 0
877,0, 135, False, 0
878,0, 135, False, 0
879,0, 135, False, 0
880,0, 135, False, 0
881,0, 135, False, 0
882,0, 135, False, 0
883,0, 135, False, 0
884,0, 135, False, 0
885,0, 135, False, 1
886,0, 135, False, 1
887,0, 135, False, 1
888,0, 135, False, 1
889,0, 135, False, 1
890,0, 135, False, 1
891,0, 135, False, 1
892,0, 135, False, 1
893,0, 135, False, 1
894,0, 135, False, 1
895,0, 135, False, 1
896,0, 135, False, 1
897,30, 165, False, 1
898,0, 165, False, 0
899,0, 165, False, 0
900,0, 165, False, 0
901,0, 165, False, 0
902,0, 165, False, 0
903,0, 165, False, 0
904,0, 165, False, 0
905,0, 165, False, 0
906,0, 165, False, 0
907,0, 165, False, 0
908,0, 165, False, 0
909,0, 165, False, 0
910,0, 165, False, 0
911,0, 165, False, 0
912,0, 165, False, 0
913,0, 165, False, 0
914,0, 165, False, 0
915,0, 165, False, 1
916,0, 165, False, 1
917,0, 165, False, 1
918,0, 165, False, 1
919,0, 165, False, 1
920,0, 165, False, 1
921,0, 165, False, 1
922,0, 165, False, 1
923,0, 165, False, 1
924,0, 165, False, 0
925,0, 165, False, 3
926,0, 165, False, 3
927,0, 165, False, 3
928,0, 165, False, 3
929,0, 165, False, 3
930,0, 165, False, 3
931,0, 165, False, 3
932,0, 165, False, 3
933,0, 165, False, 3
934,0, 165, False, 3
935,0, 165, False, 0
936,0, 165, False, 1
937,0, 165, False, 1
938,0, 165, False, 1
939,0, 165, False, 1
940,0, 165, False, 1
941,0, 165, False, 1
942,0, 165, False, 1
943,5, 170, False, 1
944,0, 170, False, 1
945,0, 170, False, 0
946,0, 170, False, 0
947,0, 170, False, 0
948,0, 170, False, 0
949,0, 170, False, 0
950,0, 170, False, 0
951,0, 170, False, 0
952,0, 170, False, 0
953,0, 170, False, 0
954,0, 170, False, 0
955,0, 170, False, 0
956,0, 170, False, 0
957,0, 170, False, 0
958,0, 170, False, 0
959,0, 170, False, 0
960,0, 170, False, 0
961,0, 170, False, 0
962,0, 170, False, 0
963,0, 170, False, 0
964,0, 170, False, 0
965,0, 170, False, 0
966,0, 170, False, 0
967,0, 170, False, 0
968,0, 170, False, 0
969,0, 170, False, 0
970,0, 170, False, 0
971,0, 170, False, 0
972,0, 170, False, 4
973,0, 170, False, 4
974,0, 170, False, 4
975,0, 170, False, 4
976,0, 170, False, 4
977,0, 170, False, 4
978,0, 170, False, 4
979,0, 170, False, 4
980,0, 170, False, 4
981,0, 170, False, 0
982,0, 170, False, 0
983,0, 170, False, 0
984,0, 170, False, 0
985,0, 170, False, 0
986,0, 170, False, 0
987,0, 170, False, 0
988,0, 170, False, 0
989,0, 170, False, 1
990,0, 170, False, 1
991,0, 170, False, 1
992,0, 170, False, 1
993,0, 170, False, 1
994,0, 170, False, 1
995,0, 170, False, 1
996,0, 170, False, 3
997,0, 170, False, 3
998,0, 170, False, 3
999,0, 170, False, 3
1000,0, 170, False, 3
1001,0, 170, False, 3
1002,0, 170, False, 3
1003,0, 170, False, 3
1004,0, 170, False, 11
1005,0, 170, False, 11
1006,0, 170, False, 11
1007,0, 170, False, 11
1008,0, 170, False, 11
1009,0, 170, False, 11
1010,0, 170, False, 11
1011,0, 170, False, 11
1012,0, 170, False, 11
1013,0, 170, False, 3
1014,0, 170, False, 3
1015,0, 170, False, 3
1016,0, 170, False, 3
1017,0, 170, False, 3
1018,0, 170, False, 3
1019,0, 170, False, 3
1020,0, 170, False, 3
1021,0, 170, False, 3
1022,0, 170, False, 0
1023,0, 170, False, 0
1024,0, 170, False, 1
1025,0, 170, False, 1
1026,0, 170, False, 1
1027,0, 170, False, 1
1028,0, 170, False, 1
1029,0, 170, False, 1
1030,0, 170, False, 1
1031,0, 170, False, 1
1032,0, 170, False, 1
1033,0, 170, False, 1
1034,0, 170, False, 1
1035,0, 170, False, 1
1036,0, 170, False, 1
1037,0, 170, False, 0
1038,0, 170, False, 0
1039,0, 170, False, 0
1040,0, 170, False, 0
1041,0, 170, False, 0
1042,0, 170, False, 0
1043,0, 170, False, 0
1044,0, 170, False, 0
1045,0, 170, False, 0
1046,0, 170, False, 0
1047,0, 170, False, 0
1048,0, 170, False, 0
1049,0, 170, False, 0
1050,0, 170, False, 0
1051,5, 175, False, 0
1052,0, 175, False, 0
1053,0, 175, False, 4
1054,0, 175, False, 4
1055,0, 175, False, 4
1056,0, 175, False, 4
1057,0, 175, False, 4
1058,0, 175, False, 4
1059,0, 175, False, 4
1060,0, 175, False, 4
1061,0, 175, False, 4
1062,0, 175, False, 0
1063,0, 175, False, 0
1064,0, 175, False, 1
1065,0, 175, False, 1
1066,0, 175, False, 1
1067,0, 175, False, 1
1068,0, 175, False, 1
1069,0, 175, False, 1
1070,0, 175, False, 1
1071,0, 175, False, 1
1072,0, 175, False, 0
1073,0, 175, False, 0
1074,0, 175, False, 0
1075,0, 175, False, 0
1076,0, 175, False, 0
1077,0, 175, False, 0
1078,0, 175, False, 0
1079,0, 175, False, 0
1080,0, 175, False, 0
1081,0, 175, False, 0
1082,0, 175, False, 0
1083,0, 175, False, 0
1084,0, 175, False, 0
1085,0, 175, False, 0
1086,0, 175, False, 0
1087,0, 175, False, 0
1088,0, 175, False, 0
1089,0, 175, False, 0
1090,0, 175, False, 0
1091,0, 175, False, 0
1092,0, 175, False, 0
1093,10, 185, False, 0
1094,0, 185, False, 0
1095,0, 185, False, 0
1096,0, 185, False, 0
1097,0, 185, False, 0
1098,0, 185, False, 0
1099,0, 185, False, 0
1100,0, 185, False, 0
1101,0, 185, False, 0
1102,0, 185, False, 0
1103,0, 185, False, 0
1104,0, 185, False, 0
1105,0, 185, False, 0
1106,0, 185, False, 0
1107,0, 185, False, 1
1108,0, 185, False, 1
1109,0, 185, False, 1
1110,0, 185, False, 1
1111,0, 185, False, 1
1112,0, 185, False, 1
1113,0, 185, False, 1
1114,0, 185, False, 1
1115,0, 185, False, 1
1116,0, 185, False, 1
1117,0, 185, False, 0
1118,0, 185, False, 0
1119,0, 185, False, 4
1120,0, 185, False, 4
1121,0, 185, False, 4
1122,0, 185, False, 4
1123,0, 185, False, 4
1124,0, 185, False, 4
1125,0, 185, False, 4
1126,0, 185, False, 4
1127,0, 185, False, 0
1128,0, 185, False, 0
1129,0, 185, False, 0
1130,0, 185, False, 0
1131,0, 185, False, 0
1132,0, 185, False, 0
1133,0, 185, False, 0
1134,0, 185, False, 0
1135,0, 185, False, 0
1136,0, 185, False, 0
1137,0, 185, False, 0
1138,0, 185, False, 0
1139,0, 185, False, 0
1140,0, 185, False, 0
1141,0, 185, False, 0
1142,0, 185, False, 0
1143,0, 185, False, 0
1144,0, 185, False, 0
1145,0, 185, False, 0
1146,0, 185, False, 0
1147,15, 200, False, 0
1148,0, 200, False, 0
1149,0, 200, False, 0
1150,0, 200, False, 0
1151,0, 200, False, 0
1152,0, 200, False, 0
1153,0, 200, False, 0
1154,0, 200, False, 1
1155,0, 200, False, 1
1156,0, 200, False, 12
1157,0, 200, False, 12
1158,0, 200, False, 12
1159,0, 200, False, 12
1160,0, 200, False, 12
1161,0, 200, False, 12
1162,0, 200, False, 0
1163,0, 200, False, 0
1164,0, 200, False, 0
1165,0, 200, False, 0
1166,0, 200, False, 0
1167,0, 200, False, 0
1168,0, 200, False, 0
1169,0, 200, False, 0
1170,0, 200, False, 0
1171,0, 200, False, 0
1172,0, 200, False, 0
1173,0, 200, False, 0
1174,0, 200, False, 0
1175,0, 200, False, 0
1176,0, 200, False, 0
1177,0, 200, False, 0
1178,0, 200, False, 0
1179,0, 200, False, 0
1180,0, 200, False, 0
1181,0, 200, False, 0
1182,0, 200, False, 0
1183,0, 200, False, 0
1184,0, 200, False, 0
1185,0, 200, False, 0
1186,0, 200, False, 0
1187,0, 200, False, 0
1188,0, 200, False, 0
1189,0, 200, False, 0
1190,0, 200, False, 0
1191,0, 200, False, 0
1192,0, 200, False, 0
1193,0, 200, False, 0
1194,0, 200, False, 0
1195,0, 200, False, 0
1196,0, 200, False, 0
1197,0, 200, False, 0
1198,0, 200, False, 0
1199,0, 200, False, 0
1200,0, 200, False, 0
1201,20, 220, False, 0
1202,0, 220, False, 0
1203,0, 220, False, 0
1204,0, 220, False, 0
1205,0, 220, False, 0
1206,0, 220, False, 0
1207,0, 220, False, 0
1208,0, 220, False, 0
1209,0, 220, False, 0
1210,0, 220, False, 1
1211,0, 220, False, 1
1212,0, 220, False, 1
1213,0, 220, False, 1
1214,0, 220, False, 1
1215,0, 220, False, 1
1216,0, 220, False, 1
1217,0, 220, False, 1
1218,0, 220, False, 1
1219,0, 220, False, 1
1220,0, 220, False, 1
1221,0, 220, False, 0
1222,0, 220, False, 0
1223,0, 220, False, 0
1224,0, 220, False, 0
1225,0, 220, False, 0
1226,0, 220, False, 0
1227,0, 220, False, 0
1228,0, 220, False, 0
1229,0, 220, False, 0
1230,0, 220, False, 0
1231,0, 220, False, 0
1232,0, 220, False, 0
1233,0, 220, False, 0
1234,0, 220, False, 0
1235,0, 220, False, 0
1236,0, 220, False, 0
1237,0, 220, False, 0
1238,0, 220, False, 0
1239,0, 220, False, 0
1240,0, 220, False, 0
1241,0, 220, False, 0
1242,0, 220, False, 0
1243,0, 220, False, 0
1244,0, 220, False, 0
1245,0, 220, False, 0
1246,0, 220, False, 1
1247,0, 220, False, 1
1248,0, 220, False, 1
1249,0, 220, False, 1
1250,0, 220, False, 1
1251,0, 220, False, 1
1252,0, 220, False, 1
1253,0, 220, False, 1
1254,0, 220, False, 1
1255,0, 220, False, 4
1256,0, 220, False, 4
1257,0, 220, False, 4
1258,0, 220, False, 4
1259,0, 220, False, 4
1260,0, 220, False, 4
1261,0, 220, False, 0
1262,0, 220, False, 1
1263,0, 220, False, 1
1264,0, 220, False, 1
1265,25, 245, False, 1
1266,0, 245, False, 1
1267,0, 245, False, 1
1268,0, 245, False, 1
1269,0, 245, False, 1
1270,0, 245, False, 0
1271,0, 245, False, 0
1272,0, 245, False, 0
1273,0, 245, False, 0
1274,0, 245, False, 0
1275,0, 245, False, 1
1276,0, 245, False, 1
1277,0, 245, False, 1
1278,0, 245, False, 1
1279,0, 245, False, 1
1280,0, 245, False, 1
1281,0, 245, False, 1
1282,0, 245, False, 1
1283,0, 245, False, 1
1284,0, 245, False, 3
1285,0, 245, False, 3
1286,0, 245, False, 3
1287,0, 245, False, 3
1288,0, 245, False, 3
1289,0, 245, False, 3
1290,0, 245, False, 3
1291,0, 245, False, 3
1292,0, 245, False, 0
1293,0, 245, False, 0
1294,0, 245, False, 0
1295,0, 245, False, 0
1296,0, 245, False, 0
1297,0, 245, False, 0
1298,0, 245, False, 0
1299,0, 245, False, 0
1300,0, 245, False, 0
1301,0, 245, False, 0
1302,0, 245, False, 0
1303,0, 245, False, 0
1304,0, 245, False, 0
1305,0, 245, False, 0
1306,0, 245, False, 1
1307,0, 245, False, 1
1308,0, 245, False, 1
1309,0, 245, False, 1
1310,0, 245, False, 1
1311,0, 245, False, 1
1312,0, 245, False, 1
1313,0, 245, False, 1
1314,0, 245, False, 1
1315,0, 245, False, 1
1316,0, 245, False, 4
1317,0, 245, False, 4
1318,0, 245, False, 4
1319,0, 245, False, 4
1320,0, 245, False, 4
1321,0, 245, False, 4
1322,0, 245, False, 4
1323,0, 245, False, 4
1324,0, 245, False, 4
1325,0, 245, False, 4
1326,0, 245, False, 4
1327,0, 245, False, 4
1328,0, 245, False, 4
1329,0, 245, False, 4
1330,0, 245, False, 4
1331,30, 275, False, 4
1332,0, 275, False, 4
1333,0, 275, False, 4
1334,0, 275, False, 4
1335,0, 275, False, 4
1336,0, 275, False, 4
1337,0, 275, False, 4
1338,0, 275, False, 4
1339,0, 275, False, 4
1340,0, 275, False, 4
1341,0, 275, False, 4
1342,0, 275, False, 0
1343,0, 275, False, 0
1344,0, 275, False, 0
1345,0, 275, False, 0
1346,0, 275, False, 0
1347,0, 275, False, 0
1348,0, 275, False, 0
1349,0, 275, False, 0
1350,0, 275, False, 0
1351,0, 275, False, 0
1352,0, 275, False, 0
1353,0, 275, False, 3
1354,0, 275, False, 3
1355,0, 275, False, 3
1356,0, 275, False, 3
1357,0, 275, False, 3
1358,0, 275, False, 3
1359,0, 275, False, 3
1360,0, 275, False, 3
1361,0, 275, False, 3
1362,0, 275, False, 3
1363,0, 275, False, 3
1364,0, 275, False, 3
1365,0, 275, False, 3
1366,0, 275, False, 3
1367,0, 275, False, 3
1368,0, 275, False, 3
1369,0, 275, False, 3
1370,0, 275, False, 3
1371,0, 275, False, 3
1372,0, 275, False, 1
1373,0, 275, False, 1
1374,0, 275, False, 1
1375,0, 275, False, 1
1376,0, 275, False, 1
1377,0, 275, False, 1
1378,0, 275, False, 1
1379,0, 275, False, 1
1380,0, 275, False, 1
1381,0, 275, False, 0
1382,0, 275, False, 0
1383,0, 275, False, 0
1384,0, 275, False, 0
1385,0, 275, False, 0
1386,0, 275, False, 0
1387,0, 275, False, 0
1388,0, 275, False, 0
1389,0, 275, False, 0
1390,0, 275, False, 0
1391,0, 275, False, 0
1392,0, 275, False, 0
1393,0, 275, False, 0
1394,0, 275, False, 0
1395,0, 275, False, 0
1396,0, 275, False, 0
1397,0, 275, False, 0
1398,0, 275, False, 0
1399,0, 275, False, 1
1400,0, 275, False, 1
1401,0, 275, False, 1
1402,0, 275, False, 1
1403,0, 275, False, 1
1404,0, 275, False, 1
1405,0, 275, False, 1
1406,0, 275, False, 1
1407,0, 275, False, 1
1408,0, 275, False, 1
1409,15, 290, False, 1
1410,0, 290, False, 0
1411,0, 290, False, 0
1412,0, 290, False, 0
1413,0, 290, False, 0
1414,0, 290, False, 0
1415,0, 290, False, 0
1416,0, 290, False, 0
1417,0, 290, False, 0
1418,0, 290, False, 1
1419,0, 290, False, 1
1420,0, 290, False, 1
1421,0, 290, False, 1
1422,0, 290, False, 1
1423,0, 290, False, 1
1424,0, 290, False, 1
1425,0, 290, False, 0
1426,0, 290, False, 0
1427,0, 290, False, 0
1428,0, 290, False, 0
1429,0, 290, False, 0
1430,0, 290, False, 0
1431,0, 290, False, 1
1432,0, 290, False, 1
1433,0, 290, False, 1
1434,0, 290, False, 1
1435,5, 295, False, 1
1436,0, 295, False, 1
1437,0, 295, False, 0
1438,0, 295, False, 0
1439,0, 295, False, 0
1440,0, 295, False, 0
1441,0, 295, False, 0
1442,0, 295, False, 0
1443,0, 295, False, 0
1444,0, 295, False, 0
1445,0, 295, False, 0
1446,0, 295, False, 1
1447,0, 295, False, 1
1448,0, 295, False, 1
1449,0, 295, False, 1
1450,0, 295, False, 1
1451,0, 295, False, 1
1452,0, 295, False, 1
1453,0, 295, False, 1
1454,0, 295, False, 1
1455,0, 295, False, 0
1456,0, 295, False, 4
1457,0, 295, False, 4
1458,0, 295, False, 4
1459,0, 295, False, 4
1460,0, 295, False, 4
1461,0, 295, False, 4
1462,0, 295, False, 4
1463,0, 295, False, 4
1464,0, 295, False, 4
1465,0, 295, False, 0
1466,0, 295, False, 0
1467,0, 295, False, 0
1468,0, 295, False, 0
1469,0, 295, False, 0
1470,0, 295, False, 0
1471,0, 295, False, 0
1472,0, 295, False, 0
1473,0, 295, False, 0
1474,0, 295, False, 0
1475,0, 295, False, 0
1476,0, 295, False, 0
1477,0, 295, False, 0
1478,0, 295, False, 0
1479,0, 295, False, 0
1480,0, 295, False, 0
1481,0, 295, False, 0
1482,0, 295, False, 0
1483,0, 295, False, 0
1484,0, 295, False, 0
1485,0, 295, False, 0
1486,0, 295, False, 0
1487,0, 295, False, 0
1488,0, 295, False, 0
1489,0, 295, False, 0
1490,0, 295, False, 0
1491,0, 295, False, 0
1492,0, 295, False, 0
1493,0, 295, False, 0
1494,0, 295, False, 1
1495,0, 295, False, 1
1496,0, 295, False, 1
1497,0, 295, False, 1
1498,0, 295, False, 1
1499,0, 295, False, 1
1500,0, 295, False, 1
1501,0, 295, False, 1
1502,0, 295, False, 1
1503,0, 295, False, 1
1504,0, 295, False, 1
1505,0, 295, False, 0
1506,0, 295, False, 0
1507,0, 295, False, 0
1508,0, 295, False, 0
1509,0, 295, False, 0
1510,0, 295, False, 0
1511,0, 295, False, 0
1512,0, 295, False, 0
1513,0, 295, False, 0
1514,0, 295, False, 0
1515,0, 295, False, 0
1516,0, 295, False, 0
1517,0, 295, False, 0
1518,0, 295, False, 0
1519,0, 295, False, 0
1520,0, 295, False, 0
1521,0, 295, False, 0
1522,0, 295, False, 0
1523,0, 295, False, 0
1524,0, 295, False, 0
1525,0, 295, False, 0
1526,0, 295, False, 0
1527,0, 295, False, 0
1528,0, 295, False, 0
1529,0, 295, False, 0
1530,0, 295, False, 0
1531,0, 295, False, 0
1532,0, 295, False, 0
1533,0, 295, False, 3
1534,0, 295, False, 3
1535,0, 295, False, 3
1536,0, 295, False, 3
1537,0, 295, False, 3
1538,0, 295, False, 3
1539,0, 295, False, 3
1540,0, 295, False, 3
1541,0, 295, False, 3
1542,0, 295, False, 3
1543,0, 295, False, 3
1544,0, 295, False, 3
1545,0, 295, False, 3
1546,0, 295, False, 3
1547,0, 295, False, 3
1548,0, 295, False, 3
1549,0, 295, False, 3
1550,0, 295, False, 3
1551,0, 295, False, 3
1552,0, 295, False, 3
1553,0, 295, False, 3
1554,0, 295, False, 3
1555,0, 295, False, 3
1556,0, 295, False, 3
1557,0, 295, False, 3
1558,0, 295, False, 3
1559,0, 295, False, 3
1560,0, 295, False, 3
1561,0, 295, False, 3
1562,0, 295, False, 3
1563,0, 295, False, 3
1564,0, 295, False, 3
1565,0, 295, False, 3
1566,0, 295, False, 3
1567,0, 295, False, 11
1568,0, 295, False, 11
1569,0, 295, False, 11
1570,0, 295, False, 1
1571,0, 295, False, 1
1572,0, 295, False, 1
1573,0, 295, False, 1
1574,0, 295, False, 1
1575,0, 295, False, 1
1576,0, 295, False, 1
1577,0, 295, False, 1
1578,0, 295, False, 0
1579,0, 295, False, 0
1580,0, 295, False, 0
1581,0, 295, False, 0
1582,0, 295, False, 0
1583,0, 295, False, 0
1584,0, 295, False, 0
1585,0, 295, False, 0
1586,0, 295, False, 4
1587,0, 295, False, 4
1588,0, 295, False, 4
1589,0, 295, False, 4
1590,0, 295, False, 4
1591,0, 295, False, 4
1592,0, 295, False, 4
1593,10, 305, False, 4
1594,0, 305, False, 4
1595,0, 305, False, 4
1596,0, 305, False, 4
1597,0, 305, False, 4
1598,0, 305, False, 4
1599,0, 305, False, 4
1600,0, 305, False, 4
1601,0, 305, False, 4
1602,0, 305, False, 4
1603,0, 305, False, 4
1604,0, 305, False, 4
1605,0, 305, False, 4
1606,0, 305, False, 4
1607,0, 305, False, 4
1608,0, 305, False, 4
1609,0, 305, False, 4
1610,0, 305, False, 4
1611,0, 305, False, 4
1612,0, 305, False, 4
1613,0, 305, False, 0
1614,0, 305, False, 0
1615,0, 305, False, 0
1616,0, 305, False, 1
1617,0, 305, False, 1
1618,0, 305, False, 1
1619,0, 305, False, 1
1620,0, 305, False, 1
1621,0, 305, False, 1
1622,0, 305, False, 1
1623,0, 305, False, 1
1624,0, 305, False, 1
1625,0, 305, False, 1
1626,0, 305, False, 0
1627,0, 305, False, 0
1628,0, 305, False, 0
1629,0, 305, False, 0
1630,0, 305, False, 0
1631,0, 305, False, 0
1632,0, 305, False, 0
1633,0, 305, False, 0
1634,0, 305, False, 0
1635,0, 305, False, 0
1636,0, 305, False, 0
1637,0, 305, False, 0
1638,0, 305, False, 0
1639,0, 305, False, 0
1640,0, 305, False, 0
1641,0, 305, False, 0
1642,0, 305, False, 0
1643,0, 305, False, 0
1644,0, 305, False, 0
1645,0, 305, False, 0
1646,0, 305, False, 0
1647,0, 305, False, 0
1648,0, 305, False, 0
1649,0, 305, False, 0
1650,0, 305, False, 0
1651,0, 305, False, 0
1652,0, 305, False, 3
1653,0, 305, False, 3
1654,0, 305, False, 3
1655,0, 305, False, 3
1656,0, 305, False, 3
1657,0, 305, False, 3
1658,0, 305, False, 3
1659,0, 305, False, 3
1660,0, 305, False, 3
1661,0, 305, False, 3
1662,0, 305, False, 3
1663,0, 305, False, 3
1664,0, 305, False, 3
1665,0, 305, False, 3
1666,0, 305, False, 3
1667,0, 305, False, 3
1668,0, 305, False, 3
1669,0, 305, False, 3
1670,0, 305, False, 3
1671,0, 305, False, 3
1672,0, 305, False, 3
1673,0, 305, False, 3
1674,0, 305, False, 3
1675,0, 305, False, 3
1676,0, 305, False, 3
1677,0, 305, False, 3
1678,0, 305, False, 3
1679,0, 305, False, 3
1680,0, 305, False, 3
1681,0, 305, False, 3
1682,0, 305, False, 3
1683,0, 305, False, 3
1684,0, 305, False, 3
1685,0, 305, False, 3
1686,0, 305, False, 3
1687,0, 305, False, 3
1688,0, 305, False, 3
1689,0, 305, False, 3
1690,0, 305, False, 3
1691,0, 305, False, 3
1692,0, 305, False, 3
1693,0, 305, False, 3
1694,0, 305, False, 3
1695,0, 305, False, 3
1696,0, 305, False, 3
1697,0, 305, False, 3
1698,0, 305, False, 3
1699,0, 305, False, 3
1700,0, 305, False, 3
1701,0, 305, False, 3
1702,0, 305, False, 3
1703,0, 305, False, 3
1704,0, 305, False, 3
1705,0, 305, False, 3
1706,0, 305, False, 3
1707,0, 305, False, 3
1708,0, 305, False, 0
1709,0, 305, False, 0
1710,0, 305, False, 0
1711,0, 305, False, 0
1712,0, 305, False, 0
1713,0, 305, False, 0
1714,0, 305, False, 0
1715,0, 305, False, 0
1716,0, 305, False, 0
1717,0, 305, False, 4
1718,0, 305, False, 4
1719,0, 305, False, 4
1720,0, 305, False, 4
1721,0, 305, False, 4
1722,0, 305, False, 4
1723,0, 305, False, 4
1724,0, 305, False, 4
1725,0, 305, False, 4
1726,0, 305, False, 4
1727,0, 305, False, 4
1728,0, 305, False, 4
1729,0, 305, False, 4
1730,0, 305, False, 4
1731,0, 305, False, 4
1732,0, 305, False, 0
1733,0, 305, False, 0
1734,0, 305, False, 0
1735,0, 305, False, 0
1736,0, 305, False, 0
1737,0, 305, False, 0
1738,0, 305, False, 0
1739,0, 305, False, 1
1740,0, 305, False, 1
1741,0, 305, False, 1
1742,0, 305, False, 1
1743,0, 305, False, 1
1744,0, 305, False, 1
1745,0, 305, False, 1
1746,0, 305, False, 1
1747,0, 305, False, 0
1748,0, 305, False, 0
1749,0, 305, False, 0
1750,0, 305, False, 0
1751,0, 305, False, 0
1752,0, 305, False, 0
1753,0, 305, False, 0
1754,0, 305, False, 0
1755,0, 305, False, 0
1756,0, 305, False, 0
1757,0, 305, False, 0
1758,0, 305, False, 0
1759,0, 305, False, 0
1760,0, 305, False, 0
1761,0, 305, False, 0
1762,0, 305, False, 0
1763,0, 305, False, 0
1764,0, 305, False, 0
1765,0, 305, False, 0
1766,0, 305, False, 0
1767,0, 305, False, 0
1768,0, 305, False, 0
1769,0, 305, False, 0
1770,0, 305, False, 0
1771,0, 305, False, 0
1772,0, 305, False, 0
1773,0, 305, False, 0
1774,0, 305, False, 0
1775,0, 305, False, 0
1776,0, 305, False, 0
1777,0, 305, False, 0
1778,0, 305, False, 0
1779,0, 305, False, 0
1780,0, 305, False, 0
1781,0, 305, False, 0
1782,0, 305, False, 0
1783,0, 305, False, 0
1784,0, 305, False, 0
1785,0, 305, False, 0
1786,0, 305, False, 0
1787,0, 305, False, 0
1788,0, 305, False, 0
1789,0, 305, False, 0
1790,0, 305, False, 0
1791,0, 305, False, 0
1792,0, 305, False, 0
1793,0, 305, False, 0
1794,0, 305, False, 0
1795,30, 335, False, 0
1796,0, 335, False, 0
1797,0, 335, False, 3
1798,0, 335, False, 3
1799,0, 335, False, 3
1800,0, 335, False, 3
1801,0, 335, False, 3
1802,0, 335, False, 3
1803,0, 335, False, 3
1804,0, 335, False, 3
1805,0, 335, False, 3
1806,0, 335, False, 3
1807,0, 335, False, 3
1808,0, 335, False, 3
1809,0, 335, False, 3
1810,0, 335, False, 3
1811,0, 335, False, 3
1812,0, 335, False, 3
1813,0, 335, False, 3
1814,0, 335, False, 3
1815,0, 335, False, 3
1816,0, 335, False, 1
1817,0, 335, False, 1
1818,0, 335, False, 1
1819,0, 335, False, 1
1820,0, 335, False, 1
1821,0, 335, False, 1
1822,0, 335, False, 1
1823,0, 335, False, 1
1824,0, 335, False, 1
1825,0, 335, False, 0
1826,0, 335, False, 0
1827,0, 335, False, 0
1828,0, 335, False, 0
1829,0, 335, False, 0
1830,0, 335, False, 0
1831,0, 335, False, 0
1832,0, 335, False, 0
1833,0, 335, False, 0
1834,0, 335, False, 0
1835,0, 335, False, 0
1836,0, 335, False, 0
1837,0, 335, False, 0
1838,0, 335, False, 0
1839,0, 335, False, 0
1840,0, 335, False, 1
1841,0, 335, False, 1
1842,0, 335, False, 1
1843,0, 335, False, 1
1844,0, 335, False, 1
1845,0, 335, False, 1
1846,0, 335, False, 1
1847,0, 335, False, 1
1848,0, 335, False, 1
1849,0, 335, False, 0
1850,0, 335, False, 0
1851,0, 335, False, 0
1852,0, 335, False, 0
1853,0, 335, False, 0
1854,0, 335, False, 0
1855,0, 335, False, 1
1856,0, 335, False, 1
1857,20, 355, False, 1
1858,0, 355, False, 1
1859,0, 355, False, 1
1860,0, 355, False, 0
1861,0, 355, False, 0
1862,0, 355, False, 0
1863,0, 355, False, 0
1864,0, 355, False, 0
1865,0, 355, False, 1
1866,0, 355, False, 1
1867,0, 355, False, 1
1868,0, 355, False, 1
1869,5, 360, False, 1
1870,0, 360, False, 1
1871,0, 360, False, 1
1872,0, 360, False, 1
1873,0, 360, False, 0
1874,0, 360, False, 0
1875,0, 360, False, 0
1876,0, 360, False, 0
1877,0, 360, False, 0
1878,0, 360, False, 0
1879,0, 360, False, 0
1880,0, 360, False, 0
1881,0, 360, False, 0
1882,0, 360, False, 0
1883,0, 360, False, 0
1884,0, 360, False, 0
1885,0, 360, False, 1
1886,0, 360, False, 1
1887,0, 360, False, 1
1888,0, 360, False, 1
1889,10, 370, False, 1
1890,0, 370, False, 1
1891,0, 370, False, 1
1892,0, 370, False, 1
1893,0, 370, False, 1
1894,0, 370, False, 0
1895,0, 370, False, 0
1896,0, 370, False, 0
1897,0, 370, False, 0
1898,0, 370, False, 0
1899,0, 370, False, 1
1900,0, 370, False, 1
1901,0, 370, False, 1
1902,0, 370, False, 1
1903,0, 370, False, 1
1904,0, 370, False, 1
1905,0, 370, False, 0
1906,0, 370, False, 0
1907,0, 370, False, 0
1908,0, 370, False, 0
1909,0, 370, False, 0
1910,0, 370, False, 1
1911,0, 370, False, 1
1912,0, 370, False, 1
1913,0, 370, False, 1
1914,0, 370, False, 1
1915,0, 370, False, 1
1916,0, 370, False, 1
1917,15, 385, False, 1
1918,0, 385, False, 1
1919,0, 385, False, 1
1920,0, 385, False, 1
1921,0, 385, False, 1
1922,0, 385, False, 1
1923,0, 385, False, 1
1924,0, 385, False, 1
1925,0, 385, False, 1
1926,0, 385, False, 1
1927,0, 385, False, 1
1928,0, 385, False, 1
1929,0, 385, False, 1
1930,0, 385, False, 1
1931,0, 385, False, 1
1932,0, 385, False, 0
1933,0, 385, False, 0
1934,0, 385, False, 0
1935,0, 385, False, 0
1936,0, 385, False, 0
1937,0, 385, False, 0
1938,0, 385, False, 0
1939,0, 385, False, 0
1940,0, 385, False, 0
1941,0, 385, False, 0
1942,0, 385, False, 0
1943,0, 385, False, 0
1944,0, 385, False, 0
1945,0, 385, False, 0
1946,0, 385, False, 0
1947,0, 385, False, 0
1948,0, 385, False, 0
1949,0, 385, False, 0
1950,0, 385, False, 0
1951,0, 385, False, 0
1952,0, 385, False, 0
1953,0, 385, False, 0
1954,0, 385, False, 0
1955,0, 385, False, 1
1956,0, 385, False, 1
1957,0, 385, False, 1
1958,0, 385, False, 1
1959,0, 385, False, 1
1960,0, 385, False, 1
1961,0, 385, False, 1
1962,0, 385, False, 1
1963,0, 385, False, 1
1964,0, 385, False, 0
1965,0, 385, False, 0
1966,0, 385, False, 0
1967,0, 385, False, 4
1968,0, 385, False, 4
1969,0, 385, False, 4
1970,0, 385, False, 4
1971,0, 385, False, 4
1972,0, 385, False, 4
1973,0, 385, False, 4
1974,0, 385, False, 4
1975,0, 385, False, 4
1976,0, 385, False, 4
1977,0, 385, False, 4
1978,0, 385, False, 4
1979,0, 385, False, 4
1980,0, 385, False, 0
1981,0, 385, False, 0
1982,0, 385, False, 0
1983,0, 385, False, 0
1984,0, 385, False, 0
1985,0, 385, False, 0
1986,0, 385, False, 0
1987,0, 385, False, 0
1988,0, 385, False, 0
1989,0, 385, False, 0
1990,0, 385, False, 0
1991,0, 385, False, 0
1992,0, 385, False, 0
1993,0, 385, False, 0
1994,0, 385, False, 0
1995,0, 385, False, 0
1996,0, 385, False, 0
1997,0, 385, False, 0
1998,0, 385, False, 0
1999,0, 385, False, 0
2000,0, 385, False, 0
2001,0, 385, False, 0
2002,0, 385, False, 0
2003,0, 385, False, 0
2004,0, 385, False, 0
2005,0, 385, False, 0
2006,0, 385, False, 0
2007,0, 385, False, 0
2008,0, 385, False, 0
2009,0, 385, False, 0
2010,0, 385, False, 0
2011,0, 385, False, 0
2012,0, 385, False, 0
2013,0, 385, False, 0
2014,0, 385, False, 0
2015,0, 385, False, 0
2016,0, 385, False, 0
2017,0, 385, False, 0
2018,0, 385, False, 0
2019,0, 385, False, 0
2020,0, 385, False, 0
2021,0, 385, False, 0
2022,0, 385, False, 0
2023,0, 385, False, 0
2024,0, 385, False, 0
2025,0, 385, False, 0
2026,0, 385, False, 0
2027,0, 385, False, 0
2028,0, 385, False, 0
2029,0, 385, False, 0
2030,0, 385, False, 0
2031,0, 385, False, 0
2032,0, 385, False, 0
2033,0, 385, False, 0
2034,0, 385, False, 0
2035,0, 385, False, 0
2036,0, 385, False, 0
2037,0, 385, False, 0
2038,0, 385, False, 4
2039,0, 385, False, 4
2040,0, 385, False, 4
2041,0, 385, False, 4
2042,0, 385, False, 4
2043,0, 385, False, 4
2044,0, 385, False, 4
2045,0, 385, False, 4
2046,0, 385, False, 4
2047,0, 385, False, 4
2048,0, 385, False, 4
2049,0, 385, False, 4
2050,0, 385, False, 4
2051,0, 385, False, 4
2052,0, 385, False, 4
2053,0, 385, False, 4
2054,0, 385, False, 4
2055,0, 385, False, 4
2056,0, 385, False, 4
2057,0, 385, False, 4
2058,0, 385, False, 4
2059,0, 385, False, 4
2060,0, 385, False, 4
2061,0, 385, False, 4
2062,0, 385, False, 4
2063,0, 385, False, 4
2064,0, 385, False, 4
2065,0, 385, False, 4
2066,0, 385, False, 4
2067,0, 385, False, 4
2068,0, 385, False, 4
2069,0, 385, False, 4
2070,0, 385, False, 4
2071,0, 385, False, 4
2072,0, 385, False, 4
2073,0, 385, False, 4
2074,0, 385, False, 4
2075,0, 385, False, 4
2076,0, 385, False, 4
2077,0, 385, False, 4
2078,0, 385, False, 4
2079,0, 385, False, 4
2080,0, 385, False, 4
2081,0, 385, False, 4
2082,0, 385, False, 4
2083,0, 385, False, 4
2084,0, 385, False, 4
2085,0, 385, False, 4
2086,0, 385, False, 4
2087,0, 385, False, 4
2088,0, 385, False, 4
2089,0, 385, False, 4
2090,0, 385, False, 4
2091,0, 385, False, 4
2092,0, 385, False, 4
2093,0, 385, False, 4
2094,0, 385, False, 4
2095,0, 385, False, 4
2096,0, 385, False, 4
2097,0, 385, False, 4
2098,0, 385, False, 4
2099,0, 385, False, 4
2100,0, 385, False, 4
2101,0, 385, False, 4
2102,0, 385, False, 4
2103,0, 385, False, 4
2104,0, 385, False, 4
2105,0, 385, False, 4
2106,0, 385, False, 4
2107,0, 385, False, 4
2108,0, 385, False, 4
2109,0, 385, False, 0
2110,0, 385, False, 0
2111,0, 385, False, 0
2112,0, 385, False, 0
2113,0, 385, False, 0
2114,0, 385, False, 0
2115,0, 385, False, 0
2116,0, 385, False, 0
2117,0, 385, False, 0
2118,0, 385, False, 0
2119,0, 385, False, 0
2120,0, 385, False, 0
2121,0, 385, False, 0
2122,0, 385, False, 0
2123,0, 385, False, 0
2124,0, 385, False, 0
2125,0, 385, False, 1
2126,0, 385, False, 1
2127,0, 385, False, 1
2128,0, 385, False, 1
2129,0, 385, False, 1
2130,0, 385, False, 1
2131,0, 385, False, 1
2132,0, 385, False, 1
2133,0, 385, False, 1
2134,0, 385, False, 1
2135,0, 385, False, 0
2136,0, 385, False, 0
2137,0, 385, False, 0
2138,0, 385, False, 0
2139,0, 385, False, 0
2140,0, 385, False, 0
2141,0, 385, False, 0
2142,0, 385, False, 0
2143,0, 385, False, 0
2144,0, 385, False, 0
2145,0, 385, False, 0
2146,0, 385, False, 0
2147,0, 385, False, 0
2148,0, 385, False, 1
2149,0, 385, False, 1
2150,0, 385, False, 1
2151,0, 385, False, 1
2152,0, 385, False, 1
2153,0, 385, False, 1
2154,0, 385, False, 1
2155,0, 385, False, 0
2156,0, 385, False, 0
2157,0, 385, False, 0
2158,0, 385, False, 0
2159,0, 385, False, 0
2160,0, 385, False, 0
2161,0, 385, False, 1
2162,0, 385, False, 1
2163,0, 385, False, 1
2164,0, 385, False, 1
2165,0, 385, False, 1
2166,0, 385, False, 1
2167,0, 385, False, 1
2168,0, 385, False, 0
2169,0, 385, False, 0
2170,0, 385, False, 0
2171,0, 385, False, 1
2172,0, 385, False, 1
2173,0, 385, False, 1
2174,0, 385, False, 1
2175,0, 385, False, 1
2176,0, 385, False, 1
2177,0, 385, False, 1
2178,0, 385, False, 1
2179,0, 385, False, 1
2180,0, 385, False, 0
2181,0, 385, False, 0
2182,0, 385, False, 0
2183,0, 385, False, 1
2184,0, 385, False, 1
2185,0, 385, False, 1
2186,0, 385, False, 1
2187,0, 385, False, 1
2188,0, 385, False, 1
2189,0, 385, False, 1
2190,0, 385, False, 1
2191,0, 385, False, 1
2192,0, 385, False, 0
2193,0, 385, False, 0
2194,0, 385, False, 0
2195,0, 385, False, 0
2196,0, 385, False, 0
2197,0, 385, False, 3
2198,0, 385, False, 3
2199,0, 385, False, 11
2200,0, 385, False, 11
2201,0, 385, False, 11
2202,0, 385, False, 11
2203,0, 385, False, 11
2204,0, 385, False, 1
2205,0, 385, False, 1
2206,0, 385, False, 1
2207,0, 385, False, 1
2208,0, 385, False, 0
2209,0, 385, False, 0
2210,0, 385, False, 0
2211,0, 385, False, 1
2212,0, 385, False, 1
2213,0, 385, False, 1
2214,0, 385, False, 1
2215,0, 385, False, 1
2216,0, 385, False, 1
2217,0, 385, False, 1
2218,0, 385, False, 1
2219,0, 385, False, 1
2220,0, 385, False, 1
2221,0, 385, False, 1
2222,0, 385, False, 1
2223,0, 385, False, 1
2224,0, 385, False, 1
2225,0, 385, False, 1
2226,0, 385, False, 0
2227,0, 385, False, 0
2228,0, 385, False, 0
2229,0, 385, False, 0
2230,0, 385, False, 0
2231,0, 385, False, 0
2232,0, 385, False, 0
2233,0, 385, False, 0
2234,0, 385, False, 0
2235,0, 385, False, 0
2236,0, 385, False, 0
2237,0, 385, False, 0
2238,0, 385, False, 0
2239,0, 385, False, 0
2240,0, 385, False, 0
2241,15, 400, False, 1
2242,0, 400, False, 1
2243,0, 400, False, 1
2244,0, 400, False, 1
2245,0, 400, False, 1
2246,0, 400, False, 1
2247,0, 400, False, 0
2248,0, 400, False, 0
2249,0, 400, False, 0
2250,0, 400, False, 0
2251,0, 400, False, 1
2252,0, 400, False, 1
2253,0, 400, False, 1
2254,0, 400, False, 1
2255,10, 410, False, 0
2256,0, 410, False, 0
2257,0, 410, False, 0
2258,0, 410, False, 0
2259,0, 410, False, 0
2260,0, 410, False, 0
2261,0, 410, False, 0
2262,0, 410, False, 0
2263,0, 410, False, 0
2264,0, 410, False, 1
2265,0, 410, False, 1
2266,0, 410, False, 1
2267,0, 410, False, 1
2268,0, 410, False, 1
2269,0, 410, False, 1
2270,0, 410, False, 0
2271,0, 410, False, 0
2272,0, 410, False, 3
2273,0, 410, False, 3
2274,0, 410, False, 3
2275,0, 410, False, 3
2276,0, 410, False, 3
2277,0, 410, False, 3
2278,0, 410, False, 3
2279,0, 410, False, 3
2280,0, 410, False, 1
2281,0, 410, False, 1
2282,0, 410, False, 1
2283,0, 410, False, 1
2284,0, 410, False, 1
2285,0, 410, False, 1
2286,0, 410, False, 0
2287,0, 410, False, 0
2288,0, 410, False, 0
2289,0, 410, False, 0
2290,0, 410, False, 0
2291,0, 410, False, 0
2292,0, 410, False, 1
2293,0, 410, False, 1
2294,0, 410, False, 1
2295,20, 430, False, 1
2296,0, 430, False, 1
2297,0, 430, False, 1
2298,0, 430, False, 1
2299,0, 430, False, 0
2300,0, 430, False, 0
2301,0, 430, False, 0
2302,0, 430, False, 0
2303,0, 430, False, 0
2304,0, 430, False, 0
2305,0, 430, False, 1
2306,0, 430, False, 1
2307,0, 430, False, 1
2308,0, 430, False, 1
2309,0, 430, False, 1
2310,0, 430, False, 1
2311,0, 430, False, 1
2312,0, 430, False, 1
2313,0, 430, False, 0
2314,0, 430, False, 0
2315,0, 430, False, 0
2316,0, 430, False, 1
2317,0, 430, False, 1
2318,0, 430, False, 1
2319,0, 430, False, 1
2320,0, 430, False, 1
2321,0, 430, False, 1
2322,0, 430, False, 1
2323,0, 430, False, 1
2324,0, 430, False, 1
2325,0, 430, False, 1
2326,0, 430, False, 1
2327,0, 430, False, 0
2328,0, 430, False, 0
2329,0, 430, False, 0
2330,0, 430, False, 0
2331,25, 455, False, 0
2332,0, 455, False, 0
2333,0, 455, False, 0
2334,0, 455, False, 0
2335,0, 455, False, 0
2336,0, 455, False, 0
2337,0, 455, False, 0
2338,0, 455, False, 0
2339,0, 455, False, 0
2340,0, 455, False, 0
2341,0, 455, False, 0
2342,0, 455, False, 0
2343,0, 455, False, 4
2344,0, 455, False, 4
2345,0, 455, False, 4
2346,0, 455, False, 4
2347,0, 455, False, 4
2348,0, 455, False, 4
2349,0, 455, False, 4
2350,0, 455, False, 4
2351,0, 455, False, 4
2352,0, 455, False, 4
2353,0, 455, False, 4
2354,0, 455, False, 4
2355,0, 455, False, 4
2356,0, 455, False, 4
2357,0, 455, False, 4
2358,0, 455, False, 4
2359,0, 455, False, 4
2360,0, 455, False, 4
2361,0, 455, False, 4
2362,0, 455, False, 0
2363,0, 455, False, 0
2364,0, 455, False, 0
2365,0, 455, False, 0
2366,0, 455, False, 0
2367,0, 455, False, 0
2368,0, 455, False, 0
2369,0, 455, False, 3
2370,0, 455, False, 3
2371,0, 455, False, 3
2372,0, 455, False, 3
2373,0, 455, False, 3
2374,0, 455, False, 3
2375,0, 455, False, 3
2376,0, 455, False, 3
2377,0, 455, False, 3
2378,0, 455, False, 3
2379,0, 455, False, 3
2380,0, 455, False, 3
2381,0, 455, False, 3
2382,0, 455, False, 3
2383,0, 455, False, 3
2384,0, 455, False, 3
2385,0, 455, False, 3
2386,0, 455, False, 3
2387,0, 455, False, 3
2388,0, 455, False, 3
2389,0, 455, False, 3
2390,0, 455, False, 3
2391,0, 455, False, 3
2392,0, 455, False, 3
2393,0, 455, False, 3
2394,0, 455, False, 3
2395,0, 455, False, 3
2396,0, 455, False, 3
2397,0, 455, False, 1
2398,0, 455, False, 1
2399,0, 455, False, 1
2400,0, 455, False, 1
2401,0, 455, False, 1
2402,0, 455, False, 1
2403,0, 455, False, 1
2404,0, 455, False, 1
2405,0, 455, False, 1
2406,0, 455, False, 1
2407,0, 455, False, 1
2408,0, 455, False, 0
2409,0, 455, False, 0
2410,0, 455, False, 0
2411,0, 455, False, 0
2412,0, 455, False, 0
2413,0, 455, False, 0
2414,0, 455, False, 0
2415,0, 455, False, 0
2416,0, 455, False, 0
2417,0, 455, False, 0
2418,0, 455, False, 0
2419,0, 455, False, 0
2420,0, 455, False, 0
2421,0, 455, False, 0
2422,0, 455, False, 0
2423,0, 455, False, 0
2424,0, 455, False, 0
2425,0, 455, False, 0
2426,0, 455, False, 0
2427,0, 455, False, 0
2428,0, 455, False, 0
2429,0, 455, False, 0
2430,0, 455, False, 0
2431,0, 455, False, 0
2432,0, 455, False, 0
2433,0, 455, False, 0
2434,0, 455, False, 0
2435,0, 455, False, 0
2436,0, 455, False, 0
2437,0, 455, False, 0
2438,0, 455, False, 0
2439,0, 455, False, 0
2440,0, 455, False, 0
2441,0, 455, False, 0
2442,0, 455, False, 0
2443,0, 455, False, 0
2444,0, 455, False, 0
2445,0, 455, False, 0
2446,0, 455, False, 0
2447,0, 455, False, 0
2448,0, 455, False, 0
2449,0, 455, False, 0
2450,0, 455, False, 1
2451,0, 455, False, 1
2452,0, 455, False, 1
2453,0, 455, False, 1
2454,0, 455, False, 1
2455,0, 455, False, 1
2456,0, 455, False, 1
2457,0, 455, False, 1
2458,0, 455, False, 1
2459,0, 455, False, 1
2460,0, 455, False, 1
2461,0, 455, False, 0
2462,0, 455, False, 0
2463,0, 455, False, 0
2464,0, 455, False, 0
2465,0, 455, False, 0
2466,0, 455, False, 0
2467,0, 455, False, 0
2468,0, 455, False, 3
2469,0, 455, False, 3
2470,0, 455, False, 3
2471,0, 455, False, 3
2472,0, 455, False, 3
2473,0, 455, False, 3
2474,0, 455, False, 3
2475,0, 455, False, 3
2476,0, 455, False, 3
2477,0, 455, False, 3
2478,0, 455, False, 3
2479,0, 455, False, 1
2480,0, 455, False, 1
2481,0, 455, False, 1
2482,0, 455, False, 1
2483,0, 455, False, 1
2484,0, 455, False, 1
2485,0, 455, False, 1
2486,0, 455, False, 1
2487,0, 455, False, 1
2488,0, 455, False, 0
2489,0, 455, False, 0
2490,0, 455, False, 0
2491,0, 455, False, 1
2492,0, 455, False, 1
2493,0, 455, False, 1
2494,0, 455, False, 1
2495,0, 455, False, 1
2496,0, 455, False, 1
2497,0, 455, False, 0
2498,0, 455, False, 0
2499,0, 455, False, 0
2500,0, 455, False, 0
2501,0, 455, False, 0
2502,0, 455, False, 0
2503,0, 455, False, 1
2504,0, 455, False, 1
2505,20, 475, False, 1
2506,0, 475, False, 1
2507,0, 475, False, 1
2508,0, 475, False, 1
2509,0, 475, False, 1
2510,0, 475, False, 1
2511,0, 475, False, 1
2512,0, 475, False, 0
2513,0, 475, False, 0
2514,0, 475, False, 0
2515,0, 475, False, 0
2516,0, 475, False, 0
2517,0, 475, False, 0
2518,0, 475, False, 1
2519,0, 475, False, 1
2520,0, 475, False, 1
2521,0, 475, False, 1
2522,0, 475, False, 1
2523,0, 475, False, 1
2524,0, 475, False, 1
2525,0, 475, False, 1
2526,0, 475, False, 1
2527,0, 475, False, 0
2528,0, 475, False, 0
2529,0, 475, False, 0
2530,0, 475, False, 0
2531,0, 475, False, 0
2532,0, 475, False, 0
2533,0, 475, False, 0
2534,0, 475, False, 1
2535,0, 475, False, 1
2536,0, 475, False, 1
2537,0, 475, False, 1
2538,0, 475, False, 1
2539,0, 475, False, 1
2540,0, 475, False, 0
2541,0, 475, False, 0
2542,0, 475, False, 0
2543,0, 475, False, 0
2544,0, 475, False, 0
2545,0, 475, False, 0
2546,0, 475, False, 0
2547,0, 475, False, 0
2548,0, 475, False, 3
2549,0, 475, False, 3
2550,0, 475, False, 3
2551,0, 475, False, 3
2552,0, 475, False, 3
2553,0, 475, False, 3
2554,0, 475, False, 3
2555,0, 475, False, 3
2556,0, 475, False, 3
2557,0, 475, False, 3
2558,0, 475, False, 3
2559,0, 475, False, 3
2560,0, 475, False, 0
2561,0, 475, False, 0
2562,0, 475, False, 0
2563,0, 475, False, 0
2564,0, 475, False, 0
2565,0, 475, False, 0
2566,0, 475, False, 0
2567,0, 475, False, 0
2568,0, 475, False, 0
2569,0, 475, False, 0
2570,0, 475, False, 4
2571,0, 475, False, 4
2572,0, 475, False, 4
2573,0, 475, False, 4
2574,0, 475, False, 4
2575,0, 475, False, 12
2576,0, 475, False, 12
2577,0, 475, False, 12
2578,0, 475, False, 12
2579,0, 475, False, 12
2580,0, 475, False, 12
2581,0, 475, False, 12
2582,0, 475, False, 12
2583,0, 475, False, 12
2584,0, 475, False, 12
2585,0, 475, False, 12
2586,0, 475, False, 12
2587,0, 475, False, 12
2588,0, 475, False, 4
2589,0, 475, False, 4
2590,0, 475, False, 4
2591,0, 475, False, 4
2592,0, 475, False, 4
2593,0, 475, False, 4
2594,0, 475, False, 4
2595,0, 475, False, 4
2596,0, 475, False, 4
2597,0, 475, False, 4
2598,0, 475, False, 4
2599,0, 475, False, 4
2600,0, 475, False, 4
2601,0, 475, False, 4
2602,0, 475, False, 4
2603,0, 475, False, 0
2604,0, 475, False, 0
2605,0, 475, False, 0
2606,0, 475, False, 0
2607,0, 475, False, 0
2608,0, 475, False, 0
2609,0, 475, False, 0
2610,0, 475, False, 0
2611,0, 475, False, 0
2612,0, 475, False, 0
2613,0, 475, False, 0
2614,0, 475, False, 0
2615,0, 475, False, 0
2616,0, 475, False, 0
2617,0, 475, False, 0
2618,0, 475, False, 0
2619,0, 475, False, 0
2620,0, 475, False, 3
2621,0, 475, False, 3
2622,0, 475, False, 3
2623,0, 475, False, 3
2624,0, 475, False, 3
2625,0, 475, False, 3
2626,0, 475, False, 3
2627,0, 475, False, 3
2628,0, 475, False, 0
2629,0, 475, False, 0
2630,0, 475, False, 0
2631,0, 475, False, 0
2632,0, 475, False, 0
2633,0, 475, False, 0
2634,0, 475, False, 0
2635,0, 475, False, 0
2636,0, 475, False, 0
2637,0, 475, False, 0
2638,0, 475, False, 0
2639,0, 475, False, 1
2640,0, 475, False, 1
2641,0, 475, False, 1
2642,0, 475, False, 1
2643,0, 475, False, 1
2644,0, 475, False, 1
2645,0, 475, False, 1
2646,0, 475, False, 1
2647,0, 475, False, 1
2648,0, 475, False, 1
2649,0, 475, False, 1
2650,0, 475, False, 0
2651,0, 475, False, 0
2652,0, 475, False, 0
2653,0, 475, False, 0
2654,0, 475, False, 0
2655,0, 475, False, 0
2656,0, 475, False, 0
2657,0, 475, False, 0
2658,0, 475, False, 0
2659,0, 475, False, 0
2660,0, 475, False, 0
2661,0, 475, False, 0
2662,0, 475, False, 0
2663,0, 475, False, 0
2664,0, 475, False, 0
2665,0, 475, False, 0
2666,0, 475, False, 0
2667,0, 475, False, 0
2668,0, 475, False, 0
2669,0, 475, False, 0
2670,0, 475, False, 0
2671,0, 475, False, 0
2672,0, 475, False, 0
2673,0, 475, False, 0
2674,0, 475, False, 0
2675,0, 475, False, 0
2676,0, 475, False, 0
2677,0, 475, False, 0
2678,0, 475, False, 0
2679,0, 475, False, 0
2680,0, 475, False, 0
2681,0, 475, False, 1
2682,0, 475, False, 1
2683,0, 475, False, 1
2684,0, 475, False, 1
2685,0, 475, False, 1
2686,0, 475, False, 1
2687,0, 475, False, 1
2688,0, 475, False, 1
2689,0, 475, False, 1
2690,0, 475, False, 0
2691,0, 475, False, 0
2692,0, 475, False, 1
2693,0, 475, False, 1
2694,0, 475, False, 1
2695,0, 475, False, 1
2696,0, 475, False, 1
2697,0, 475, False, 1
2698,0, 475, False, 1
2699,0, 475, False, 1
2700,0, 475, False, 1
2701,0, 475, False, 0
2702,0, 475, False, 0
2703,0, 475, False, 0
2704,0, 475, False, 0
2705,0, 475, False, 0
2706,0, 475, False, 0
2707,0, 475, False, 1
2708,0, 475, False, 1
2709,0, 475, False, 1
2710,0, 475, False, 1
2711,0, 475, False, 1
2712,0, 475, False, 1
2713,0, 475, False, 1
2714,0, 475, False, 1
2715,0, 475, False, 0
2716,0, 475, False, 0
2717,0, 475, False, 0
2718,0, 475, False, 0
2719,0, 475, False, 0
2720,0, 475, False, 1
2721,0, 475, False, 1
2722,0, 475, False, 1
2723,0, 475, False, 1
2724,0, 475, False, 1
2725,0, 475, False, 1
2726,0, 475, False, 1
2727,0, 475, False, 1
2728,0, 475, False, 1
2729,0, 475, False, 0
2730,0, 475, False, 0
2731,0, 475, False, 0
2732,0, 475, False, 0
2733,0, 475, False, 1
2734,0, 475, False, 1
2735,0, 475, False, 1
2736,0, 475, False, 1
2737,0, 475, False, 1
2738,0, 475, False, 1
2739,0, 475, False, 1
2740,0, 475, False, 12
2741,0, 475, False, 12
2742,0, 475, False, 12
2743,0, 475, False, 12
2744,0, 475, False, 4
2745,0, 475, False, 4
2746,0, 475, False, 4
2747,0, 475, False, 4
2748,0, 475, False, 4
2749,0, 475, False, 4
2750,0, 475, False, 4
2751,0, 475, False, 4
2752,0, 475, False, 4
2753,0, 475, False, 4
2754,0, 475, False, 4
2755,0, 475, False, 4
2756,0, 475, False, 4
2757,0, 475, False, 4
2758,0, 475, False, 4
2759,0, 475, False, 4
2760,0, 475, False, 4
2761,0, 475, False, 4
2762,0, 475, False, 4
2763,0, 475, False, 4
2764,0, 475, False, 4
2765,0, 475, False, 4
2766,0, 475, False, 4
2767,0, 475, False, 4
2768,0, 475, False, 4
2769,0, 475, False, 4
2770,0, 475, False, 4
2771,0, 475, False, 4
2772,0, 475, False, 4
2773,0, 475, False, 4
2774,0, 475, False, 4
2775,0, 475, False, 4
2776,0, 475, False, 4
2777,0, 475, False, 4
2778,0, 475, False, 4
2779,0, 475, False, 4
2780,0, 475, False, 4
2781,0, 475, False, 4
2782,0, 475, False, 4
2783,0, 475, False, 4
2784,0, 475, False, 4
2785,0, 475, False, 4
2786,0, 475, False, 4
2787,0, 475, False, 4
2788,0, 475, False, 4
2789,0, 475, False, 4
2790,0, 475, False, 4
2791,0, 475, False, 4
2792,0, 475, False, 4
2793,0, 475, False, 4
2794,0, 475, False, 4
2795,0, 475, False, 4
2796,0, 475, False, 4
2797,0, 475, False, 4
2798,0, 475, False, 4
2799,0, 475, False, 4
2800,0, 475, False, 4
2801,0, 475, False, 4
2802,0, 475, False, 4
2803,0, 475, False, 4
2804,0, 475, False, 4
2805,0, 475, False, 4
2806,0, 475, False, 4
2807,0, 475, False, 4
2808,0, 475, False, 4
2809,0, 475, False, 4
2810,0, 475, False, 4
2811,0, 475, False, 4
2812,0, 475, False, 4
2813,0, 475, False, 4
2814,0, 475, False, 4
2815,0, 475, False, 0
2816,0, 475, False, 1
2817,0, 475, False, 1
2818,0, 475, False, 1
2819,0, 475, False, 1
2820,0, 475, False, 1
2821,0, 475, False, 1
2822,0, 475, False, 1
2823,0, 475, False, 1
2824,0, 475, False, 0
2825,0, 475, False, 0
2826,0, 475, False, 0
2827,0, 475, False, 0
2828,0, 475, False, 0
2829,0, 475, False, 0
2830,0, 475, False, 0
2831,0, 475, False, 0
2832,0, 475, False, 0
2833,0, 475, False, 0
2834,0, 475, False, 0
2835,0, 475, False, 0
2836,0, 475, False, 0
2837,0, 475, False, 0
2838,0, 475, False, 0
2839,0, 475, False, 0
2840,0, 475, False, 0
2841,0, 475, False, 0
2842,0, 475, False, 0
2843,0, 475, False, 0
2844,0, 475, False, 0
2845,0, 475, False, 0
2846,0, 475, False, 0
2847,0, 475, False, 0
2848,0, 475, False, 0
2849,0, 475, False, 0
2850,0, 475, False, 4
2851,0, 475, False, 4
2852,0, 475, False, 4
2853,0, 475, False, 4
2854,0, 475, False, 4
2855,0, 475, False, 4
2856,0, 475, False, 4
2857,0, 475, False, 4
2858,0, 475, False, 4
2859,0, 475, False, 4
2860,0, 475, False, 4
2861,0, 475, False, 4
2862,0, 475, False, 4
2863,0, 475, False, 0
2864,0, 475, False, 0
2865,0, 475, False, 1
2866,0, 475, False, 1
2867,0, 475, False, 1
2868,0, 475, False, 1
2869,0, 475, False, 1
2870,0, 475, False, 1
2871,0, 475, False, 1
2872,0, 475, False, 1
2873,0, 475, False, 1
2874,0, 475, False, 0
2875,0, 475, False, 0
2876,0, 475, False, 0
2877,0, 475, False, 0
2878,0, 475, False, 0
2879,0, 475, False, 0
2880,0, 475, False, 1
2881,0, 475, False, 1
2882,0, 475, False, 1
2883,0, 475, False, 1
2884,0, 475, False, 1
2885,0, 475, False, 1
2886,0, 475, False, 1
2887,0, 475, False, 1
2888,0, 475, False, 0
2889,0, 475, False, 0
2890,0, 475, False, 0
2891,0, 475, False, 1
2892,0, 475, False, 1
2893,0, 475, False, 1
2894,0, 475, False, 1
2895,0, 475, False, 1
2896,0, 475, False, 1
2897,200, 675, False, 1
2898,0, 675, False, 1
2899,0, 675, False, 1
2900,0, 675, False, 0
2901,0, 675, False, 0
2902,0, 675, False, 0
2903,0, 675, False, 1
2904,0, 675, False, 1
2905,0, 675, False, 1
2906,0, 675, False, 1
2907,0, 675, False, 1
2908,0, 675, False, 1
2909,0, 675, False, 1
2910,0, 675, False, 1
2911,0, 675, False, 1
2912,0, 675, False, 0
2913,0, 675, False, 0
2914,0, 675, False, 0
2915,0, 675, False, 0
2916,0, 675, False, 0
2917,0, 675, False, 0
2918,0, 675, False, 0
2919,0, 675, False, 0
2920,0, 675, False, 3
2921,0, 675, False, 3
2922,0, 675, False, 3
2923,0, 675, False, 3
2924,0, 675, False, 3
2925,0, 675, False, 3
2926,0, 675, False, 0
2927,0, 675, False, 0
2928,0, 675, False, 0
2929,0, 675, False, 0
2930,0, 675, False, 0
2931,0, 675, False, 0
2932,0, 675, False, 0
2933,0, 675, False, 0
2934,0, 675, False, 0
2935,0, 675, False, 0
2936,0, 675, False, 0
2937,0, 675, False, 0
2938,0, 675, False, 0
2939,0, 675, False, 0
2940,0, 675, False, 3
2941,0, 675, False, 3
2942,0, 675, False, 3
2943,0, 675, False, 3
2944,0, 675, False, 3
2945,0, 675, False, 3
2946,0, 675, False, 3
2947,0, 675, False, 3
2948,0, 675, False, 3
2949,0, 675, False, 3
2950,0, 675, False, 3
2951,0, 675, False, 3
2952,0, 675, False, 3
2953,0, 675, False, 0
2954,0, 675, False, 0
2955,0, 675, False, 0
2956,0, 675, False, 1
2957,0, 675, False, 1
2958,0, 675, False, 1
2959,0, 675, False, 1
2960,0, 675, False, 1
2961,0, 675, False, 1
2962,0, 675, False, 1
2963,0, 675, False, 1
2964,0, 675, False, 0
2965,0, 675, False, 0
2966,0, 675, False, 4
2967,0, 675, False, 4
2968,0, 675, False, 4
2969,0, 675, False, 4
2970,0, 675, False, 4
2971,0, 675, False, 4
2972,0, 675, False, 4
2973,0, 675, False, 4
2974,0, 675, False, 4
2975,0, 675, False, 4
2976,0, 675, False, 4
2977,0, 675, False, 4
2978,0, 675, False, 4
2979,0, 675, False, 4
2980,0, 675, False, 4
2981,0, 675, False, 4
2982,0, 675, False, 4
2983,0, 675, False, 4
2984,0, 675, False, 4
2985,0, 675, False, 4
2986,0, 675, False, 4
2987,0, 675, False, 4
2988,0, 675, False, 4
2989,0, 675, False, 4
2990,0, 675, False, 4
2991,0, 675, False, 0
2992,0, 675, False, 0
2993,0, 675, False, 0
2994,0, 675, False, 0
2995,0, 675, False, 0
2996,0, 675, False, 0
2997,0, 675, False, 0
2998,0, 675, False, 0
2999,0, 675, False, 0
3000,0, 675, False, 0
3001,0, 675, False, 0
3002,0, 675, False, 0
3003,0, 675, False, 0
3004,0, 675, False, 0
3005,0, 675, False, 0
3006,0, 675, False, 0
3007,0, 675, False, 0
3008,0, 675, False, 0
3009,0, 675, False, 0
3010,0, 675, False, 0
3011,0, 675, False, 0
3012,0, 675, False, 0
3013,0, 675, False, 0
3014,0, 675, False, 0
3015,0, 675, False, 0
3016,0, 675, False, 0
3017,0, 675, False, 0
3018,0, 675, False, 0
3019,0, 675, False, 0
3020,0, 675, False, 0
3021,0, 675, False, 0
3022,0, 675, False, 0
3023,0, 675, False, 0
3024,0, 675, False, 0
3025,0, 675, False, 0
3026,0, 675, False, 0
3027,0, 675, False, 0
3028,0, 675, False, 0
3029,0, 675, False, 0
3030,0, 675, False, 0
3031,0, 675, False, 0
3032,0, 675, False, 0
3033,0, 675, False, 0
3034,0, 675, False, 0
3035,0, 675, False, 0
3036,0, 675, False, 0
3037,0, 675, False, 0
3038,0, 675, False, 0
3039,0, 675, False, 0
3040,0, 675, False, 0
3041,0, 675, False, 0
3042,0, 675, False, 0
3043,0, 675, False, 0
3044,0, 675, False, 0
3045,0, 675, False, 0
3046,0, 675, False, 0
3047,0, 675, False, 0
3048,0, 675, False, 0
3049,0, 675, False, 0
3050,0, 675, False, 0
3051,0, 675, False, 0
3052,0, 675, False, 0
3053,0, 675, False, 0
3054,0, 675, False, 0
3055,0, 675, False, 0
3056,0, 675, False, 0
3057,0, 675, False, 0
3058,0, 675, False, 0
3059,0, 675, False, 4
3060,0, 675, False, 4
3061,0, 675, False, 4
3062,0, 675, False, 4
3063,0, 675, False, 4
3064,0, 675, False, 4
3065,0, 675, False, 4
3066,0, 675, False, 4
3067,0, 675, False, 4
3068,0, 675, False, 4
3069,0, 675, False, 4
3070,0, 675, False, 4
3071,0, 675, False, 4
3072,0, 675, False, 4
3073,0, 675, False, 4
3074,0, 675, False, 0
3075,0, 675, False, 0
3076,0, 675, False, 0
3077,0, 675, False, 0
3078,0, 675, False, 0
3079,0, 675, False, 0
3080,0, 675, False, 0
3081,0, 675, False, 0
3082,0, 675, False, 0
3083,0, 675, False, 0
3084,0, 675, False, 0
3085,0, 675, False, 0
3086,0, 675, False, 0
3087,0, 675, False, 0
3088,0, 675, False, 0
3089,0, 675, False, 1
3090,0, 675, False, 1
3091,0, 675, False, 1
3092,0, 675, False, 1
3093,0, 675, False, 1
3094,0, 675, False, 1
3095,0, 675, False, 0
3096,0, 675, False, 0
3097,0, 675, False, 0
3098,0, 675, False, 0
3099,0, 675, False, 0
3100,0, 675, False, 0
3101,0, 675, False, 0
3102,0, 675, False, 0
3103,0, 675, False, 0
3104,0, 675, False, 0
3105,0, 675, False, 0
3106,0, 675, False, 0
3107,0, 675, False, 0
3108,0, 675, False, 0
3109,0, 675, False, 4
3110,0, 675, False, 4
3111,0, 675, False, 4
3112,0, 675, False, 4
3113,0, 675, False, 4
3114,0, 675, False, 4
3115,0, 675, False, 4
3116,0, 675, False, 0
3117,0, 675, False, 0
3118,0, 675, False, 0
3119,0, 675, False, 0
3120,0, 675, False, 0
3121,0, 675, False, 3
3122,0, 675, False, 3
3123,0, 675, False, 3
3124,0, 675, False, 3
3125,0, 675, False, 3
3126,0, 675, False, 3
3127,0, 675, False, 3
3128,0, 675, False, 3
3129,0, 675, False, 0
3130,0, 675, False, 0
3131,0, 675, False, 0
3132,0, 675, False, 0
3133,0, 675, False, 0
3134,0, 675, False, 0
3135,0, 675, False, 0
3136,0, 675, False, 0
3137,0, 675, False, 0
3138,0, 675, False, 0
3139,0, 675, False, 0
3140,0, 675, False, 0
3141,0, 675, False, 0
3142,0, 675, False, 0
3143,0, 675, False, 0
3144,0, 675, False, 0
3145,0, 675, False, 0
3146,0, 675, False, 0
3147,0, 675, False, 0
3148,0, 675, False, 0
3149,0, 675, False, 0
3150,0, 675, False, 3
3151,0, 675, False, 3
3152,0, 675, False, 3
3153,0, 675, False, 3
3154,0, 675, False, 3
3155,0, 675, False, 3
3156,0, 675, False, 3
3157,0, 675, False, 3
3158,0, 675, False, 3
3159,0, 675, False, 3
3160,0, 675, False, 3
3161,0, 675, False, 0
3162,0, 675, False, 0
3163,0, 675, False, 0
3164,0, 675, False, 0
3165,0, 675, False, 0
3166,0, 675, False, 0
3167,0, 675, False, 0
3168,0, 675, False, 0
3169,0, 675, False, 0
3170,0, 675, False, 0
3171,0, 675, False, 0
3172,0, 675, False, 0
3173,0, 675, False, 0
3174,0, 675, False, 0
3175,0, 675, False, 0
3176,0, 675, False, 0
3177,0, 675, False, 0
3178,0, 675, False, 0
3179,0, 675, False, 1
3180,0, 675, False, 1
3181,0, 675, False, 1
3182,0, 675, False, 1
3183,0, 675, False, 1
3184,0, 675, False, 0
3185,0, 675, False, 0
3186,0, 675, False, 0
3187,0, 675, False, 0
3188,0, 675, False, 0
3189,0, 675, False, 0
3190,0, 675, False, 0
3191,0, 675, False, 0
3192,0, 675, False, 0
3193,0, 675, False, 0
3194,0, 675, False, 0
3195,0, 675, False, 0
3196,0, 675, False, 0
3197,0, 675, False, 0
3198,0, 675, False, 0
3199,0, 675, False, 0
3200,0, 675, False, 0
3201,0, 675, False, 0
3202,0, 675, False, 0
3203,0, 675, False, 0
3204,0, 675, False, 0
3205,0, 675, False, 0
3206,0, 675, False, 0
3207,0, 675, False, 0
3208,0, 675, False, 0
3209,0, 675, False, 0
3210,0, 675, False, 0
3211,0, 675, False, 0
3212,0, 675, False, 0
3213,0, 675, False, 0
3214,0, 675, False, 0
3215,0, 675, False, 0
3216,0, 675, False, 0
3217,0, 675, False, 0
3218,0, 675, False, 0
3219,0, 675, False, 0
3220,0, 675, False, 4
3221,0, 675, False, 4
3222,0, 675, False, 4
3223,0, 675, False, 4
3224,0, 675, False, 4
3225,0, 675, False, 4
3226,0, 675, False, 4
3227,0, 675, False, 4
3228,0, 675, False, 0
3229,0, 675, False, 0
3230,0, 675, False, 0
3231,0, 675, False, 0
3232,0, 675, False, 0
3233,0, 675, False, 0
3234,0, 675, False, 0
3235,0, 675, False, 0
3236,0, 675, False, 0
3237,0, 675, False, 0
3238,0, 675, False, 0
3239,0, 675, False, 0
3240,0, 675, False, 0
3241,0, 675, False, 4
3242,0, 675, False, 4
3243,0, 675, False, 4
3244,0, 675, False, 4
3245,0, 675, False, 4
3246,0, 675, False, 4
3247,0, 675, False, 4
3248,0, 675, False, 4
3249,0, 675, False, 0
3250,0, 675, False, 0
3251,0, 675, False, 0
3252,0, 675, False, 0
3253,0, 675, False, 0
3254,0, 675, False, 0
3255,0, 675, False, 0
3256,0, 675, False, 0
3257,0, 675, False, 0
3258,0, 675, False, 0
3259,0, 675, False, 4
3260,0, 675, False, 4
3261,0, 675, False, 4
3262,0, 675, False, 4
3263,0, 675, False, 4
3264,0, 675, False, 4
3265,0, 675, False, 4
3266,0, 675, False, 4
3267,0, 675, False, 4
3268,0, 675, False, 0
3269,0, 675, False, 0
3270,0, 675, False, 0
3271,0, 675, False, 0
3272,0, 675, False, 0
3273,0, 675, False, 0
3274,0, 675, False, 0
3275,0, 675, False, 0
3276,0, 675, False, 0
3277,0, 675, False, 0
3278,0, 675, False, 0
3279,0, 675, False, 0
3280,0, 675, False, 0
3281,0, 675, False, 0
3282,0, 675, False, 0
3283,0, 675, False, 0
3284,0, 675, False, 0
3285,0, 675, False, 0
3286,0, 675, False, 0
3287,0, 675, False, 0
3288,0, 675, False, 0
3289,0, 675, False, 0
3290,0, 675, False, 0
3291,0, 675, False, 0
3292,0, 675, False, 0
3293,0, 675, False, 0
3294,0, 675, False, 0
3295,0, 675, False, 0
3296,0, 675, False, 1
3297,0, 675, False, 1
3298,0, 675, False, 1
3299,0, 675, False, 1
3300,0, 675, False, 1
3301,0, 675, False, 1
3302,0, 675, False, 1
3303,0, 675, False, 1
3304,0, 675, False, 0
3305,0, 675, False, 0
3306,0, 675, False, 0
3307,0, 675, False, 0
3308,0, 675, False, 0
3309,0, 675, False, 0
3310,0, 675, False, 0
3311,0, 675, False, 0
3312,0, 675, False, 0
3313,0, 675, False, 0
3314,0, 675, False, 0
3315,0, 675, False, 0
3316,0, 675, False, 0
3317,0, 675, False, 0
3318,0, 675, False, 0
3319,0, 675, False, 1
3320,0, 675, False, 1
3321,0, 675, False, 1
3322,0, 675, False, 1
3323,0, 675, False, 1
3324,0, 675, False, 1
3325,0, 675, False, 1
3326,0, 675, False, 0
3327,0, 675, False, 0
3328,0, 675, False, 0
3329,0, 675, False, 0
3330,0, 675, False, 0
3331,0, 675, False, 0
3332,0, 675, False, 0
3333,0, 675, False, 0
3334,0, 675, False, 0
3335,0, 675, False, 0
3336,0, 675, False, 1
3337,0, 675, False, 1
3338,0, 675, False, 1
3339,0, 675, False, 1
3340,0, 675, False, 1
3341,0, 675, False, 1
3342,0, 675, False, 0
3343,0, 675, False, 0
3344,0, 675, False, 0
3345,0, 675, False, 0
3346,0, 675, False, 3
3347,0, 675, False, 3
3348,0, 675, False, 3
3349,0, 675, False, 3
3350,0, 675, False, 3
3351,0, 675, False, 3
3352,0, 675, False, 3
3353,0, 675, False, 3
3354,0, 675, False, 0
3355,0, 675, False, 0
3356,0, 675, False, 0
3357,0, 675, False, 0
3358,0, 675, False, 0
3359,0, 675, False, 0
3360,0, 675, False, 0
3361,0, 675, False, 0
3362,0, 675, False, 0
3363,0, 675, False, 0
3364,0, 675, False, 0
3365,0, 675, False, 0
3366,0, 675, False, 0
3367,0, 675, False, 0
3368,0, 675, False, 0
3369,0, 675, False, 0
3370,0, 675, False, 0
3371,0, 675, False, 0
3372,0, 675, False, 0
3373,0, 675, False, 0
3374,0, 675, False, 0
3375,0, 675, False, 0
3376,0, 675, False, 0
3377,0, 675, False, 0
3378,0, 675, False, 0
3379,0, 675, False, 0
3380,0, 675, False, 0
3381,0, 675, False, 0
3382,0, 675, False, 0
3383,0, 675, False, 0
3384,0, 675, False, 0
3385,0, 675, False, 0
3386,0, 675, False, 0
3387,0, 675, False, 0
3388,0, 675, False, 0
3389,0, 675, False, 0
3390,0, 675, False, 0
3391,0, 675, False, 1
3392,0, 675, False, 1
3393,0, 675, False, 1
3394,0, 675, False, 1
3395,0, 675, False, 1
3396,0, 675, False, 1
3397,0, 675, False, 0
3398,0, 675, False, 0
3399,0, 675, False, 0
3400,0, 675, False, 0
3401,0, 675, False, 0
3402,0, 675, False, 0
3403,0, 675, False, 1
3404,0, 675, False, 1
3405,0, 675, False, 1
3406,0, 675, False, 1
3407,0, 675, False, 0
3408,0, 675, False, 0
3409,0, 675, False, 0
3410,0, 675, False, 0
3411,0, 675, False, 0
3412,0, 675, False, 0
3413,0, 675, False, 0
3414,0, 675, False, 0
3415,0, 675, False, 0
3416,0, 675, False, 0
3417,0, 675, False, 0
3418,0, 675, False, 0
3419,0, 675, False, 0
3420,0, 675, False, 0
3421,0, 675, False, 0
3422,0, 675, False, 0
3423,0, 675, False, 0
3424,0, 675, False, 0
3425,0, 675, False, 0
3426,0, 675, False, 0
3427,0, 675, False, 0
3428,0, 675, False, 0
3429,0, 675, False, 0
3430,0, 675, False, 0
3431,0, 675, False, 0
3432,0, 675, False, 0
3433,0, 675, False, 0
3434,0, 675, False, 0
3435,0, 675, False, 0
3436,0, 675, False, 0
3437,0, 675, False, 0
3438,0, 675, False, 0
3439,0, 675, False, 0
3440,0, 675, False, 0
3441,0, 675, False, 0
3442,0, 675, False, 0
3443,0, 675, False, 0
3444,0, 675, False, 0
3445,0, 675, False, 0
3446,0, 675, False, 0
3447,0, 675, False, 0
3448,0, 675, False, 0
3449,0, 675, False, 1
3450,0, 675, False, 1
3451,0, 675, False, 1
3452,0, 675, False, 1
3453,0, 675, False, 1
3454,0, 675, False, 1
3455,0, 675, False, 1
3456,0, 675, False, 1
3457,0, 675, False, 0
3458,0, 675, False, 0
3459,0, 675, False, 0
3460,0, 675, False, 0
3461,0, 675, False, 0
3462,0, 675, False, 0
3463,0, 675, False, 0
3464,0, 675, False, 0
3465,0, 675, False, 0
3466,0, 675, False, 1
3467,0, 675, False, 1
3468,0, 675, False, 1
3469,0, 675, False, 1
3470,0, 675, False, 1
3471,0, 675, False, 1
3472,0, 675, False, 1
3473,0, 675, False, 1
3474,0, 675, False, 1
3475,0, 675, False, 0
3476,0, 675, False, 0
3477,0, 675, False, 0
3478,0, 675, False, 0
3479,0, 675, False, 0
3480,0, 675, False, 0
3481,0, 675, False, 0
3482,0, 675, False, 0
3483,0, 675, False, 0
3484,0, 675, False, 0
3485,0, 675, False, 0
3486,0, 675, False, 1
3487,0, 675, False, 1
3488,0, 675, False, 1
3489,0, 675, False, 1
3490,0, 675, False, 1
3491,0, 675, False, 1
3492,0, 675, False, 1
3493,0, 675, False, 1
3494,0, 675, False, 0
3495,0, 675, False, 0
3496,0, 675, False, 0
3497,0, 675, False, 0
3498,0, 675, False, 0
3499,0, 675, False, 0
3500,0, 675, False, 0
3501,0, 675, False, 0
3502,0, 675, False, 0
3503,0, 675, False, 0
3504,0, 675, False, 0
3505,0, 675, False, 1
3506,0, 675, False, 1
3507,0, 675, False, 1
3508,0, 675, False, 1
3509,0, 675, False, 1
3510,0, 675, False, 1
3511,0, 675, False, 0
3512,0, 675, False, 0
3513,0, 675, False, 0
3514,0, 675, True, 0
