db traj id : 2701
frame,reward,score,terminal, action
0,0, 0, False, 0
1,0, 0, False, 0
2,0, 0, False, 0
3,0, 0, False, 0
4,0, 0, False, 0
5,0, 0, False, 0
6,0, 0, False, 0
7,0, 0, False, 0
8,0, 0, False, 0
9,0, 0, False, 0
10,0, 0, False, 0
11,0, 0, False, 0
12,0, 0, False, 0
13,0, 0, False, 0
14,0, 0, False, 0
15,0, 0, False, 0
16,0, 0, False, 0
17,0, 0, False, 0
18,0, 0, False, 0
19,0, 0, False, 0
20,0, 0, False, 0
21,0, 0, False, 0
22,0, 0, False, 0
23,0, 0, False, 0
24,0, 0, False, 0
25,0, 0, False, 0
26,0, 0, False, 0
27,0, 0, False, 0
28,0, 0, False, 0
29,0, 0, False, 0
30,0, 0, False, 0
31,0, 0, False, 0
32,0, 0, False, 0
33,0, 0, False, 0
34,0, 0, False, 0
35,0, 0, False, 0
36,0, 0, False, 0
37,0, 0, False, 0
38,0, 0, False, 0
39,0, 0, False, 0
40,0, 0, False, 0
41,0, 0, False, 0
42,0, 0, False, 0
43,0, 0, False, 0
44,0, 0, False, 0
45,0, 0, False, 0
46,0, 0, False, 0
47,0, 0, False, 0
48,0, 0, False, 0
49,0, 0, False, 0
50,0, 0, False, 0
51,0, 0, False, 0
52,0, 0, False, 0
53,0, 0, False, 0
54,0, 0, False, 0
55,0, 0, False, 0
56,0, 0, False, 3
57,0, 0, False, 3
58,0, 0, False, 3
59,0, 0, False, 3
60,0, 0, False, 3
61,0, 0, False, 3
62,0, 0, False, 3
63,0, 0, False, 3
64,0, 0, False, 3
65,0, 0, False, 3
66,0, 0, False, 3
67,0, 0, False, 3
68,0, 0, False, 3
69,0, 0, False, 3
70,0, 0, False, 3
71,0, 0, False, 3
72,0, 0, False, 3
73,0, 0, False, 3
74,0, 0, False, 3
75,0, 0, False, 3
76,0, 0, False, 3
77,0, 0, False, 3
78,0, 0, False, 3
79,0, 0, False, 3
80,0, 0, False, 3
81,0, 0, False, 3
82,0, 0, False, 3
83,0, 0, False, 3
84,0, 0, False, 3
85,0, 0, False, 3
86,0, 0, False, 3
87,0, 0, False, 0
88,0, 0, False, 0
89,0, 0, False, 0
90,0, 0, False, 0
91,0, 0, False, 0
92,0, 0, False, 0
93,0, 0, False, 0
94,0, 0, False, 3
95,0, 0, False, 3
96,0, 0, False, 3
97,0, 0, False, 3
98,0, 0, False, 3
99,0, 0, False, 3
100,0, 0, False, 3
101,0, 0, False, 3
102,0, 0, False, 3
103,0, 0, False, 3
104,0, 0, False, 3
105,0, 0, False, 0
106,0, 0, False, 0
107,0, 0, False, 0
108,0, 0, False, 0
109,0, 0, False, 0
110,0, 0, False, 0
111,0, 0, False, 0
112,0, 0, False, 0
113,0, 0, False, 0
114,0, 0, False, 0
115,0, 0, False, 0
116,0, 0, False, 0
117,0, 0, False, 0
118,0, 0, False, 0
119,0, 0, False, 0
120,0, 0, False, 0
121,0, 0, False, 0
122,0, 0, False, 0
123,0, 0, False, 0
124,0, 0, False, 4
125,0, 0, False, 4
126,0, 0, False, 4
127,0, 0, False, 4
128,0, 0, False, 4
129,0, 0, False, 4
130,0, 0, False, 0
131,0, 0, False, 0
132,0, 0, False, 0
133,0, 0, False, 0
134,0, 0, False, 0
135,0, 0, False, 0
136,0, 0, False, 3
137,0, 0, False, 3
138,0, 0, False, 3
139,0, 0, False, 3
140,0, 0, False, 3
141,0, 0, False, 3
142,0, 0, False, 3
143,0, 0, False, 3
144,0, 0, False, 3
145,0, 0, False, 3
146,0, 0, False, 3
147,0, 0, False, 0
148,0, 0, False, 0
149,0, 0, False, 0
150,0, 0, False, 0
151,0, 0, False, 3
152,0, 0, False, 3
153,0, 0, False, 3
154,0, 0, False, 3
155,0, 0, False, 3
156,0, 0, False, 3
157,0, 0, False, 3
158,0, 0, False, 3
159,0, 0, False, 3
160,0, 0, False, 3
161,0, 0, False, 3
162,0, 0, False, 3
163,0, 0, False, 3
164,0, 0, False, 3
165,0, 0, False, 3
166,0, 0, False, 3
167,0, 0, False, 3
168,0, 0, False, 3
169,0, 0, False, 3
170,0, 0, False, 3
171,0, 0, False, 3
172,0, 0, False, 3
173,0, 0, False, 3
174,0, 0, False, 3
175,0, 0, False, 3
176,0, 0, False, 3
177,0, 0, False, 3
178,0, 0, False, 11
179,0, 0, False, 11
180,0, 0, False, 11
181,0, 0, False, 11
182,0, 0, False, 11
183,0, 0, False, 1
184,0, 0, False, 1
185,0, 0, False, 0
186,0, 0, False, 0
187,0, 0, False, 0
188,0, 0, False, 0
189,0, 0, False, 0
190,0, 0, False, 0
191,0, 0, False, 0
192,0, 0, False, 0
193,0, 0, False, 0
194,0, 0, False, 0
195,0, 0, False, 0
196,0, 0, False, 0
197,0, 0, False, 0
198,0, 0, False, 0
199,0, 0, False, 0
200,0, 0, False, 0
201,0, 0, False, 0
202,0, 0, False, 0
203,0, 0, False, 0
204,0, 0, False, 0
205,0, 0, False, 0
206,5, 5, False, 0
207,0, 5, False, 3
208,0, 5, False, 3
209,0, 5, False, 3
210,0, 5, False, 3
211,0, 5, False, 3
212,0, 5, False, 3
213,0, 5, False, 3
214,0, 5, False, 3
215,0, 5, False, 3
216,0, 5, False, 3
217,0, 5, False, 3
218,0, 5, False, 3
219,0, 5, False, 3
220,0, 5, False, 3
221,0, 5, False, 3
222,0, 5, False, 1
223,0, 5, False, 1
224,0, 5, False, 1
225,0, 5, False, 1
226,0, 5, False, 1
227,0, 5, False, 0
228,0, 5, False, 0
229,0, 5, False, 0
230,0, 5, False, 0
231,0, 5, False, 0
232,0, 5, False, 0
233,0, 5, False, 0
234,0, 5, False, 0
235,0, 5, False, 0
236,0, 5, False, 0
237,0, 5, False, 0
238,0, 5, False, 4
239,0, 5, False, 4
240,0, 5, False, 4
241,0, 5, False, 4
242,0, 5, False, 0
243,0, 5, False, 0
244,0, 5, False, 0
245,0, 5, False, 0
246,0, 5, False, 0
247,0, 5, False, 0
248,0, 5, False, 0
249,0, 5, False, 0
250,0, 5, False, 0
251,0, 5, False, 0
252,0, 5, False, 0
253,0, 5, False, 0
254,0, 5, False, 0
255,0, 5, False, 0
256,0, 5, False, 0
257,0, 5, False, 0
258,0, 5, False, 0
259,0, 5, False, 1
260,0, 5, False, 1
261,0, 5, False, 1
262,0, 5, False, 1
263,0, 5, False, 1
264,0, 5, False, 1
265,0, 5, False, 0
266,0, 5, False, 0
267,0, 5, False, 0
268,0, 5, False, 0
269,0, 5, False, 0
270,0, 5, False, 1
271,0, 5, False, 1
272,0, 5, False, 1
273,0, 5, False, 1
274,0, 5, False, 1
275,0, 5, False, 1
276,0, 5, False, 1
277,0, 5, False, 1
278,0, 5, False, 0
279,0, 5, False, 0
280,0, 5, False, 0
281,0, 5, False, 0
282,0, 5, False, 0
283,0, 5, False, 1
284,0, 5, False, 1
285,0, 5, False, 1
286,0, 5, False, 1
287,0, 5, False, 1
288,0, 5, False, 1
289,0, 5, False, 1
290,0, 5, False, 1
291,0, 5, False, 0
292,30, 35, False, 0
293,0, 35, False, 0
294,0, 35, False, 0
295,0, 35, False, 0
296,0, 35, False, 0
297,0, 35, False, 1
298,0, 35, False, 1
299,0, 35, False, 1
300,0, 35, False, 1
301,0, 35, False, 1
302,0, 35, False, 1
303,0, 35, False, 1
304,0, 35, False, 0
305,0, 35, False, 0
306,0, 35, False, 0
307,0, 35, False, 0
308,0, 35, False, 0
309,0, 35, False, 0
310,0, 35, False, 1
311,0, 35, False, 1
312,0, 35, False, 1
313,0, 35, False, 1
314,0, 35, False, 1
315,0, 35, False, 1
316,0, 35, False, 1
317,0, 35, False, 1
318,0, 35, False, 4
319,0, 35, False, 4
320,0, 35, False, 4
321,0, 35, False, 4
322,0, 35, False, 4
323,0, 35, False, 4
324,0, 35, False, 4
325,0, 35, False, 4
326,0, 35, False, 4
327,0, 35, False, 4
328,0, 35, False, 4
329,0, 35, False, 4
330,10, 45, False, 4
331,0, 45, False, 4
332,0, 45, False, 4
333,0, 45, False, 4
334,0, 45, False, 4
335,0, 45, False, 4
336,0, 45, False, 4
337,0, 45, False, 4
338,0, 45, False, 4
339,0, 45, False, 4
340,0, 45, False, 4
341,0, 45, False, 4
342,0, 45, False, 4
343,0, 45, False, 4
344,0, 45, False, 4
345,0, 45, False, 4
346,0, 45, False, 4
347,0, 45, False, 4
348,0, 45, False, 0
349,0, 45, False, 0
350,0, 45, False, 0
351,0, 45, False, 0
352,0, 45, False, 0
353,0, 45, False, 0
354,0, 45, False, 0
355,0, 45, False, 0
356,0, 45, False, 0
357,0, 45, False, 4
358,0, 45, False, 4
359,0, 45, False, 4
360,0, 45, False, 4
361,0, 45, False, 4
362,0, 45, False, 4
363,0, 45, False, 4
364,0, 45, False, 4
365,0, 45, False, 4
366,0, 45, False, 0
367,0, 45, False, 0
368,0, 45, False, 1
369,0, 45, False, 1
370,0, 45, False, 1
371,0, 45, False, 1
372,0, 45, False, 1
373,0, 45, False, 1
374,0, 45, False, 1
375,0, 45, False, 0
376,0, 45, False, 0
377,0, 45, False, 0
378,0, 45, False, 0
379,0, 45, False, 0
380,0, 45, False, 0
381,0, 45, False, 1
382,0, 45, False, 1
383,0, 45, False, 1
384,0, 45, False, 1
385,0, 45, False, 1
386,0, 45, False, 1
387,0, 45, False, 1
388,0, 45, False, 0
389,0, 45, False, 0
390,0, 45, False, 0
391,0, 45, False, 0
392,0, 45, False, 0
393,0, 45, False, 1
394,0, 45, False, 1
395,0, 45, False, 1
396,0, 45, False, 1
397,0, 45, False, 1
398,0, 45, False, 1
399,0, 45, False, 0
400,0, 45, False, 3
401,0, 45, False, 3
402,0, 45, False, 3
403,0, 45, False, 3
404,0, 45, False, 0
405,0, 45, False, 1
406,0, 45, False, 1
407,0, 45, False, 1
408,0, 45, False, 1
409,0, 45, False, 1
410,0, 45, False, 1
411,0, 45, False, 0
412,0, 45, False, 0
413,0, 45, False, 0
414,0, 45, False, 0
415,0, 45, False, 0
416,0, 45, False, 0
417,0, 45, False, 0
418,0, 45, False, 1
419,0, 45, False, 1
420,0, 45, False, 1
421,0, 45, False, 1
422,0, 45, False, 1
423,0, 45, False, 0
424,0, 45, False, 0
425,0, 45, False, 0
426,0, 45, False, 0
427,0, 45, False, 0
428,0, 45, False, 0
429,0, 45, False, 0
430,0, 45, False, 0
431,0, 45, False, 0
432,0, 45, False, 3
433,0, 45, False, 3
434,0, 45, False, 3
435,0, 45, False, 3
436,0, 45, False, 3
437,0, 45, False, 3
438,0, 45, False, 3
439,0, 45, False, 3
440,0, 45, False, 3
441,0, 45, False, 3
442,0, 45, False, 3
443,0, 45, False, 1
444,0, 45, False, 1
445,0, 45, False, 1
446,0, 45, False, 1
447,0, 45, False, 1
448,0, 45, False, 1
449,0, 45, False, 0
450,0, 45, False, 0
451,0, 45, False, 0
452,0, 45, False, 0
453,0, 45, False, 0
454,0, 45, False, 0
455,0, 45, False, 0
456,0, 45, False, 0
457,0, 45, False, 0
458,0, 45, False, 0
459,0, 45, False, 0
460,0, 45, False, 0
461,0, 45, False, 0
462,0, 45, False, 0
463,0, 45, False, 0
464,0, 45, False, 0
465,0, 45, False, 0
466,0, 45, False, 0
467,0, 45, False, 0
468,0, 45, False, 0
469,0, 45, False, 0
470,5, 50, False, 1
471,0, 50, False, 1
472,0, 50, False, 1
473,0, 50, False, 0
474,0, 50, False, 0
475,0, 50, False, 0
476,0, 50, False, 1
477,0, 50, False, 0
478,0, 50, False, 0
479,0, 50, False, 0
480,0, 50, False, 0
481,0, 50, False, 0
482,0, 50, False, 0
483,0, 50, False, 0
484,0, 50, False, 0
485,0, 50, False, 1
486,0, 50, False, 1
487,0, 50, False, 1
488,0, 50, False, 1
489,0, 50, False, 1
490,0, 50, False, 1
491,0, 50, False, 1
492,0, 50, False, 0
493,0, 50, False, 0
494,0, 50, False, 0
495,0, 50, False, 0
496,0, 50, False, 0
497,0, 50, False, 0
498,0, 50, False, 1
499,0, 50, False, 1
500,0, 50, False, 1
501,0, 50, False, 1
502,0, 50, False, 1
503,0, 50, False, 1
504,0, 50, False, 0
505,0, 50, False, 0
506,10, 60, False, 0
507,0, 60, False, 0
508,0, 60, False, 0
509,0, 60, False, 0
510,0, 60, False, 1
511,0, 60, False, 1
512,0, 60, False, 1
513,0, 60, False, 1
514,0, 60, False, 1
515,0, 60, False, 1
516,0, 60, False, 1
517,0, 60, False, 0
518,0, 60, False, 0
519,0, 60, False, 0
520,0, 60, False, 0
521,0, 60, False, 0
522,0, 60, False, 1
523,0, 60, False, 1
524,0, 60, False, 1
525,0, 60, False, 1
526,0, 60, False, 1
527,0, 60, False, 1
528,0, 60, False, 1
529,0, 60, False, 1
530,0, 60, False, 0
531,0, 60, False, 0
532,0, 60, False, 0
533,0, 60, False, 0
534,0, 60, False, 0
535,0, 60, False, 1
536,0, 60, False, 1
537,0, 60, False, 1
538,0, 60, False, 1
539,0, 60, False, 1
540,0, 60, False, 1
541,0, 60, False, 1
542,0, 60, False, 0
543,0, 60, False, 0
544,0, 60, False, 0
545,0, 60, False, 0
546,0, 60, False, 0
547,0, 60, False, 1
548,0, 60, False, 1
549,0, 60, False, 1
550,0, 60, False, 1
551,0, 60, False, 1
552,0, 60, False, 1
553,0, 60, False, 1
554,15, 75, False, 0
555,0, 75, False, 0
556,0, 75, False, 0
557,0, 75, False, 0
558,0, 75, False, 0
559,0, 75, False, 0
560,0, 75, False, 0
561,0, 75, False, 0
562,0, 75, False, 1
563,0, 75, False, 1
564,0, 75, False, 1
565,0, 75, False, 1
566,0, 75, False, 1
567,0, 75, False, 1
568,0, 75, False, 1
569,0, 75, False, 0
570,0, 75, False, 0
571,0, 75, False, 0
572,0, 75, False, 0
573,0, 75, False, 0
574,0, 75, False, 0
575,0, 75, False, 0
576,0, 75, False, 0
577,0, 75, False, 0
578,0, 75, False, 0
579,0, 75, False, 0
580,0, 75, False, 0
581,0, 75, False, 3
582,0, 75, False, 3
583,0, 75, False, 3
584,0, 75, False, 3
585,0, 75, False, 3
586,0, 75, False, 11
587,0, 75, False, 1
588,0, 75, False, 1
589,0, 75, False, 1
590,0, 75, False, 1
591,0, 75, False, 1
592,0, 75, False, 1
593,0, 75, False, 0
594,0, 75, False, 0
595,0, 75, False, 0
596,0, 75, False, 0
597,0, 75, False, 0
598,0, 75, False, 0
599,0, 75, False, 0
600,0, 75, False, 0
601,0, 75, False, 0
602,0, 75, False, 0
603,0, 75, False, 0
604,0, 75, False, 0
605,0, 75, False, 0
606,0, 75, False, 0
607,0, 75, False, 0
608,0, 75, False, 0
609,0, 75, False, 0
610,0, 75, False, 0
611,0, 75, False, 4
612,0, 75, False, 4
613,0, 75, False, 4
614,20, 95, False, 4
615,0, 95, False, 4
616,0, 95, False, 4
617,0, 95, False, 4
618,0, 95, False, 4
619,0, 95, False, 4
620,0, 95, False, 4
621,0, 95, False, 4
622,0, 95, False, 4
623,0, 95, False, 4
624,0, 95, False, 4
625,0, 95, False, 4
626,0, 95, False, 4
627,0, 95, False, 0
628,0, 95, False, 0
629,0, 95, False, 0
630,0, 95, False, 0
631,0, 95, False, 0
632,0, 95, False, 0
633,0, 95, False, 0
634,0, 95, False, 0
635,0, 95, False, 4
636,0, 95, False, 4
637,0, 95, False, 4
638,0, 95, False, 4
639,0, 95, False, 4
640,0, 95, False, 4
641,0, 95, False, 4
642,0, 95, False, 4
643,0, 95, False, 4
644,0, 95, False, 4
645,0, 95, False, 4
646,0, 95, False, 0
647,0, 95, False, 0
648,0, 95, False, 1
649,0, 95, False, 1
650,0, 95, False, 1
651,0, 95, False, 1
652,0, 95, False, 1
653,0, 95, False, 1
654,0, 95, False, 0
655,0, 95, False, 0
656,0, 95, False, 0
657,0, 95, False, 0
658,0, 95, False, 0
659,0, 95, False, 0
660,0, 95, False, 1
661,0, 95, False, 1
662,0, 95, False, 1
663,0, 95, False, 1
664,0, 95, False, 0
665,0, 95, False, 0
666,0, 95, False, 0
667,0, 95, False, 0
668,0, 95, False, 0
669,0, 95, False, 0
670,0, 95, False, 1
671,0, 95, False, 1
672,0, 95, False, 1
673,0, 95, False, 1
674,0, 95, False, 1
675,0, 95, False, 0
676,0, 95, False, 0
677,0, 95, False, 0
678,0, 95, False, 0
679,0, 95, False, 0
680,0, 95, False, 0
681,0, 95, False, 1
682,0, 95, False, 1
683,0, 95, False, 1
684,0, 95, False, 1
685,0, 95, False, 1
686,0, 95, False, 0
687,0, 95, False, 0
688,0, 95, False, 0
689,0, 95, False, 0
690,0, 95, False, 0
691,0, 95, False, 0
692,0, 95, False, 1
693,0, 95, False, 1
694,0, 95, False, 1
695,0, 95, False, 1
696,0, 95, False, 1
697,0, 95, False, 0
698,0, 95, False, 0
699,0, 95, False, 0
700,0, 95, False, 0
701,0, 95, False, 0
702,0, 95, False, 0
703,0, 95, False, 1
704,0, 95, False, 1
705,0, 95, False, 1
706,0, 95, False, 1
707,0, 95, False, 1
708,0, 95, False, 11
709,0, 95, False, 3
710,0, 95, False, 3
711,0, 95, False, 3
712,0, 95, False, 3
713,0, 95, False, 3
714,0, 95, False, 0
715,0, 95, False, 1
716,0, 95, False, 1
717,0, 95, False, 1
718,0, 95, False, 1
719,0, 95, False, 1
720,0, 95, False, 0
721,0, 95, False, 0
722,0, 95, False, 0
723,0, 95, False, 0
724,0, 95, False, 0
725,0, 95, False, 0
726,0, 95, False, 1
727,0, 95, False, 1
728,0, 95, False, 1
729,0, 95, False, 1
730,0, 95, False, 1
731,0, 95, False, 1
732,0, 95, False, 0
733,0, 95, False, 0
734,0, 95, False, 0
735,0, 95, False, 0
736,0, 95, False, 0
737,0, 95, False, 0
738,0, 95, False, 1
739,0, 95, False, 1
740,0, 95, False, 1
741,0, 95, False, 1
742,0, 95, False, 1
743,0, 95, False, 1
744,0, 95, False, 0
745,0, 95, False, 0
746,0, 95, False, 0
747,0, 95, False, 0
748,0, 95, False, 0
749,0, 95, False, 0
750,0, 95, False, 1
751,0, 95, False, 1
752,0, 95, False, 1
753,0, 95, False, 1
754,0, 95, False, 1
755,0, 95, False, 1
756,0, 95, False, 1
757,0, 95, False, 0
758,0, 95, False, 0
759,0, 95, False, 0
760,0, 95, False, 0
761,0, 95, False, 0
762,0, 95, False, 0
763,0, 95, False, 1
764,0, 95, False, 1
765,0, 95, False, 1
766,0, 95, False, 1
767,0, 95, False, 1
768,0, 95, False, 1
769,0, 95, False, 0
770,0, 95, False, 0
771,0, 95, False, 0
772,0, 95, False, 0
773,0, 95, False, 0
774,0, 95, False, 1
775,0, 95, False, 1
776,0, 95, False, 1
777,0, 95, False, 1
778,0, 95, False, 1
779,0, 95, False, 1
780,0, 95, False, 1
781,0, 95, False, 0
782,0, 95, False, 0
783,0, 95, False, 0
784,0, 95, False, 0
785,0, 95, False, 0
786,0, 95, False, 0
787,0, 95, False, 1
788,0, 95, False, 11
789,0, 95, False, 11
790,0, 95, False, 3
791,0, 95, False, 3
792,0, 95, False, 3
793,0, 95, False, 3
794,0, 95, False, 3
795,0, 95, False, 3
796,0, 95, False, 3
797,0, 95, False, 3
798,0, 95, False, 3
799,0, 95, False, 3
800,0, 95, False, 3
801,0, 95, False, 0
802,0, 95, False, 0
803,0, 95, False, 0
804,0, 95, False, 0
805,0, 95, False, 0
806,0, 95, False, 0
807,0, 95, False, 0
808,0, 95, False, 0
809,0, 95, False, 0
810,0, 95, False, 0
811,0, 95, False, 0
812,0, 95, False, 0
813,0, 95, False, 0
814,0, 95, False, 0
815,0, 95, False, 0
816,0, 95, False, 0
817,0, 95, False, 0
818,0, 95, False, 0
819,0, 95, False, 0
820,0, 95, False, 0
821,0, 95, False, 0
822,0, 95, False, 0
823,0, 95, False, 0
824,0, 95, False, 3
825,0, 95, False, 3
826,0, 95, False, 3
827,0, 95, False, 3
828,0, 95, False, 3
829,0, 95, False, 3
830,0, 95, False, 3
831,0, 95, False, 0
832,0, 95, False, 0
833,0, 95, False, 0
834,0, 95, False, 0
835,0, 95, False, 4
836,0, 95, False, 4
837,0, 95, False, 4
838,0, 95, False, 4
839,0, 95, False, 4
840,0, 95, False, 4
841,0, 95, False, 4
842,0, 95, False, 4
843,0, 95, False, 4
844,0, 95, False, 4
845,0, 95, False, 0
846,0, 95, False, 0
847,0, 95, False, 0
848,0, 95, False, 0
849,0, 95, False, 0
850,0, 95, False, 0
851,0, 95, False, 0
852,0, 95, False, 0
853,0, 95, False, 0
854,0, 95, False, 0
855,0, 95, False, 0
856,0, 95, False, 4
857,0, 95, False, 4
858,0, 95, False, 4
859,0, 95, False, 4
860,0, 95, False, 4
861,0, 95, False, 4
862,0, 95, False, 4
863,0, 95, False, 4
864,0, 95, False, 4
865,0, 95, False, 4
866,0, 95, False, 0
867,0, 95, False, 0
868,0, 95, False, 0
869,0, 95, False, 0
870,0, 95, False, 0
871,0, 95, False, 0
872,0, 95, False, 0
873,0, 95, False, 0
874,0, 95, False, 0
875,0, 95, False, 0
876,0, 95, False, 0
877,0, 95, False, 0
878,0, 95, False, 0
879,0, 95, False, 0
880,0, 95, False, 0
881,0, 95, False, 0
882,0, 95, False, 0
883,0, 95, False, 0
884,0, 95, False, 0
885,0, 95, False, 0
886,0, 95, False, 0
887,0, 95, False, 0
888,0, 95, False, 0
889,0, 95, False, 0
890,0, 95, False, 0
891,0, 95, False, 0
892,0, 95, False, 0
893,0, 95, False, 0
894,0, 95, False, 0
895,0, 95, False, 0
896,0, 95, False, 0
897,0, 95, False, 0
898,0, 95, False, 0
899,0, 95, False, 0
900,0, 95, False, 0
901,0, 95, False, 0
902,0, 95, False, 0
903,0, 95, False, 0
904,0, 95, False, 0
905,0, 95, False, 0
906,0, 95, False, 0
907,0, 95, False, 0
908,0, 95, False, 0
909,0, 95, False, 0
910,0, 95, False, 0
911,0, 95, False, 0
912,0, 95, False, 0
913,0, 95, False, 0
914,0, 95, False, 0
915,0, 95, False, 0
916,0, 95, False, 4
917,0, 95, False, 4
918,0, 95, False, 4
919,0, 95, False, 4
920,0, 95, False, 4
921,0, 95, False, 4
922,0, 95, False, 4
923,0, 95, False, 0
924,0, 95, False, 0
925,0, 95, False, 0
926,0, 95, False, 3
927,0, 95, False, 3
928,0, 95, False, 3
929,0, 95, False, 3
930,0, 95, False, 3
931,0, 95, False, 3
932,0, 95, False, 3
933,0, 95, False, 3
934,0, 95, False, 3
935,0, 95, False, 3
936,0, 95, False, 3
937,0, 95, False, 3
938,0, 95, False, 3
939,0, 95, False, 3
940,0, 95, False, 3
941,0, 95, False, 3
942,0, 95, False, 3
943,0, 95, False, 3
944,0, 95, False, 3
945,0, 95, False, 3
946,0, 95, False, 3
947,0, 95, False, 0
948,0, 95, False, 0
949,0, 95, False, 0
950,0, 95, False, 0
951,0, 95, False, 0
952,0, 95, False, 0
953,0, 95, False, 0
954,0, 95, False, 4
955,0, 95, False, 4
956,0, 95, False, 4
957,0, 95, False, 4
958,0, 95, False, 4
959,0, 95, False, 4
960,0, 95, False, 0
961,0, 95, False, 0
962,0, 95, False, 0
963,0, 95, False, 0
964,0, 95, False, 0
965,0, 95, False, 0
966,0, 95, False, 0
967,0, 95, False, 3
968,0, 95, False, 3
969,0, 95, False, 3
970,0, 95, False, 3
971,0, 95, False, 3
972,0, 95, False, 3
973,0, 95, False, 3
974,0, 95, False, 3
975,0, 95, False, 3
976,0, 95, False, 3
977,0, 95, False, 3
978,0, 95, False, 3
979,0, 95, False, 3
980,0, 95, False, 3
981,0, 95, False, 3
982,0, 95, False, 3
983,0, 95, False, 3
984,0, 95, False, 3
985,0, 95, False, 3
986,0, 95, False, 3
987,0, 95, False, 3
988,0, 95, False, 3
989,0, 95, False, 3
990,0, 95, False, 3
991,0, 95, False, 3
992,0, 95, False, 3
993,0, 95, False, 3
994,0, 95, False, 0
995,0, 95, False, 0
996,0, 95, False, 4
997,0, 95, False, 4
998,0, 95, False, 4
999,0, 95, False, 4
1000,0, 95, False, 4
1001,0, 95, False, 4
1002,0, 95, False, 4
1003,0, 95, False, 4
1004,0, 95, False, 0
1005,0, 95, False, 0
1006,0, 95, False, 0
1007,0, 95, False, 1
1008,0, 95, False, 1
1009,0, 95, False, 1
1010,0, 95, False, 1
1011,0, 95, False, 1
1012,0, 95, False, 1
1013,0, 95, False, 1
1014,0, 95, False, 0
1015,0, 95, False, 0
1016,0, 95, False, 0
1017,0, 95, False, 0
1018,0, 95, False, 0
1019,0, 95, False, 0
1020,0, 95, False, 0
1021,0, 95, False, 1
1022,0, 95, False, 1
1023,0, 95, False, 11
1024,0, 95, False, 11
1025,0, 95, False, 11
1026,0, 95, False, 11
1027,0, 95, False, 3
1028,0, 95, False, 3
1029,0, 95, False, 3
1030,0, 95, False, 3
1031,0, 95, False, 3
1032,5, 100, False, 0
1033,0, 100, False, 0
1034,0, 100, False, 0
1035,0, 100, False, 0
1036,0, 100, False, 0
1037,0, 100, False, 0
1038,0, 100, False, 1
1039,0, 100, False, 1
1040,0, 100, False, 1
1041,0, 100, False, 11
1042,0, 100, False, 11
1043,0, 100, False, 11
1044,0, 100, False, 3
1045,0, 100, False, 3
1046,0, 100, False, 0
1047,0, 100, False, 0
1048,0, 100, False, 0
1049,0, 100, False, 0
1050,0, 100, False, 0
1051,0, 100, False, 1
1052,0, 100, False, 1
1053,0, 100, False, 1
1054,0, 100, False, 1
1055,0, 100, False, 1
1056,0, 100, False, 0
1057,0, 100, False, 0
1058,0, 100, False, 0
1059,0, 100, False, 0
1060,0, 100, False, 0
1061,0, 100, False, 0
1062,0, 100, False, 0
1063,0, 100, False, 1
1064,0, 100, False, 1
1065,0, 100, False, 1
1066,0, 100, False, 1
1067,0, 100, False, 1
1068,0, 100, False, 1
1069,0, 100, False, 1
1070,0, 100, False, 0
1071,0, 100, False, 0
1072,10, 110, False, 0
1073,0, 110, False, 0
1074,0, 110, False, 0
1075,0, 110, False, 0
1076,0, 110, False, 1
1077,0, 110, False, 1
1078,0, 110, False, 1
1079,0, 110, False, 1
1080,0, 110, False, 1
1081,0, 110, False, 1
1082,0, 110, False, 1
1083,0, 110, False, 0
1084,0, 110, False, 0
1085,0, 110, False, 0
1086,0, 110, False, 0
1087,0, 110, False, 0
1088,0, 110, False, 0
1089,0, 110, False, 1
1090,0, 110, False, 1
1091,0, 110, False, 1
1092,0, 110, False, 1
1093,0, 110, False, 1
1094,0, 110, False, 1
1095,0, 110, False, 1
1096,0, 110, False, 1
1097,0, 110, False, 0
1098,0, 110, False, 0
1099,0, 110, False, 0
1100,0, 110, False, 0
1101,0, 110, False, 0
1102,0, 110, False, 0
1103,0, 110, False, 1
1104,0, 110, False, 1
1105,0, 110, False, 1
1106,0, 110, False, 1
1107,0, 110, False, 1
1108,0, 110, False, 1
1109,0, 110, False, 1
1110,0, 110, False, 0
1111,0, 110, False, 0
1112,0, 110, False, 0
1113,0, 110, False, 0
1114,0, 110, False, 0
1115,0, 110, False, 0
1116,0, 110, False, 1
1117,0, 110, False, 1
1118,0, 110, False, 1
1119,0, 110, False, 1
1120,15, 125, False, 1
1121,0, 125, False, 0
1122,0, 125, False, 0
1123,0, 125, False, 0
1124,0, 125, False, 3
1125,0, 125, False, 3
1126,0, 125, False, 3
1127,0, 125, False, 3
1128,0, 125, False, 3
1129,0, 125, False, 3
1130,0, 125, False, 3
1131,0, 125, False, 3
1132,0, 125, False, 3
1133,0, 125, False, 3
1134,0, 125, False, 3
1135,0, 125, False, 3
1136,0, 125, False, 3
1137,0, 125, False, 3
1138,0, 125, False, 3
1139,0, 125, False, 3
1140,0, 125, False, 3
1141,0, 125, False, 3
1142,0, 125, False, 3
1143,0, 125, False, 3
1144,0, 125, False, 3
1145,0, 125, False, 3
1146,0, 125, False, 3
1147,0, 125, False, 3
1148,0, 125, False, 3
1149,0, 125, False, 3
1150,0, 125, False, 3
1151,0, 125, False, 3
1152,0, 125, False, 3
1153,0, 125, False, 3
1154,0, 125, False, 3
1155,0, 125, False, 3
1156,0, 125, False, 3
1157,0, 125, False, 3
1158,0, 125, False, 3
1159,0, 125, False, 3
1160,0, 125, False, 3
1161,0, 125, False, 3
1162,0, 125, False, 3
1163,0, 125, False, 3
1164,0, 125, False, 3
1165,0, 125, False, 3
1166,0, 125, False, 3
1167,0, 125, False, 3
1168,0, 125, False, 3
1169,0, 125, False, 3
1170,0, 125, False, 3
1171,0, 125, False, 3
1172,0, 125, False, 3
1173,0, 125, False, 3
1174,0, 125, False, 3
1175,0, 125, False, 3
1176,0, 125, False, 3
1177,0, 125, False, 3
1178,0, 125, False, 3
1179,0, 125, False, 3
1180,0, 125, False, 3
1181,0, 125, False, 3
1182,0, 125, False, 3
1183,0, 125, False, 3
1184,0, 125, False, 3
1185,0, 125, False, 3
1186,0, 125, False, 3
1187,0, 125, False, 0
1188,0, 125, False, 0
1189,0, 125, False, 0
1190,0, 125, False, 0
1191,0, 125, False, 0
1192,0, 125, False, 0
1193,0, 125, False, 0
1194,0, 125, False, 0
1195,0, 125, False, 0
1196,0, 125, False, 0
1197,0, 125, False, 0
1198,0, 125, False, 0
1199,0, 125, False, 3
1200,0, 125, False, 3
1201,0, 125, False, 3
1202,0, 125, False, 3
1203,0, 125, False, 3
1204,0, 125, False, 3
1205,0, 125, False, 3
1206,0, 125, False, 0
1207,0, 125, False, 0
1208,0, 125, False, 0
1209,0, 125, False, 0
1210,0, 125, False, 0
1211,0, 125, False, 0
1212,0, 125, False, 0
1213,0, 125, False, 0
1214,0, 125, False, 0
1215,0, 125, False, 0
1216,0, 125, False, 0
1217,0, 125, False, 0
1218,0, 125, False, 0
1219,0, 125, False, 0
1220,0, 125, False, 0
1221,0, 125, False, 0
1222,0, 125, False, 0
1223,0, 125, False, 0
1224,0, 125, False, 0
1225,0, 125, False, 0
1226,0, 125, False, 3
1227,0, 125, False, 3
1228,0, 125, False, 3
1229,0, 125, False, 3
1230,0, 125, False, 3
1231,0, 125, False, 3
1232,0, 125, False, 3
1233,0, 125, False, 3
1234,0, 125, False, 3
1235,0, 125, False, 3
1236,0, 125, False, 3
1237,0, 125, False, 3
1238,0, 125, False, 3
1239,0, 125, False, 11
1240,0, 125, False, 1
1241,0, 125, False, 1
1242,0, 125, False, 1
1243,0, 125, False, 1
1244,0, 125, False, 1
1245,0, 125, False, 1
1246,0, 125, False, 1
1247,0, 125, False, 0
1248,0, 125, False, 0
1249,0, 125, False, 0
1250,0, 125, False, 0
1251,0, 125, False, 0
1252,0, 125, False, 0
1253,0, 125, False, 11
1254,0, 125, False, 11
1255,0, 125, False, 11
1256,0, 125, False, 11
1257,0, 125, False, 11
1258,0, 125, False, 11
1259,0, 125, False, 11
1260,5, 130, False, 11
1261,0, 130, False, 3
1262,0, 130, False, 0
1263,0, 130, False, 0
1264,0, 130, False, 0
1265,0, 130, False, 0
1266,0, 130, False, 1
1267,0, 130, False, 1
1268,0, 130, False, 1
1269,0, 130, False, 1
1270,0, 130, False, 1
1271,0, 130, False, 1
1272,0, 130, False, 1
1273,0, 130, False, 0
1274,0, 130, False, 3
1275,0, 130, False, 3
1276,0, 130, False, 3
1277,0, 130, False, 3
1278,0, 130, False, 11
1279,0, 130, False, 11
1280,0, 130, False, 11
1281,0, 130, False, 11
1282,0, 130, False, 11
1283,0, 130, False, 11
1284,0, 130, False, 11
1285,0, 130, False, 3
1286,0, 130, False, 3
1287,0, 130, False, 3
1288,0, 130, False, 3
1289,0, 130, False, 3
1290,0, 130, False, 3
1291,0, 130, False, 3
1292,0, 130, False, 3
1293,0, 130, False, 3
1294,0, 130, False, 3
1295,0, 130, False, 11
1296,10, 140, False, 11
1297,0, 140, False, 11
1298,0, 140, False, 11
1299,0, 140, False, 1
1300,0, 140, False, 1
1301,0, 140, False, 0
1302,0, 140, False, 0
1303,0, 140, False, 0
1304,0, 140, False, 0
1305,0, 140, False, 0
1306,0, 140, False, 1
1307,0, 140, False, 1
1308,0, 140, False, 1
1309,0, 140, False, 1
1310,0, 140, False, 1
1311,0, 140, False, 1
1312,0, 140, False, 0
1313,0, 140, False, 0
1314,0, 140, False, 0
1315,0, 140, False, 0
1316,0, 140, False, 0
1317,0, 140, False, 1
1318,0, 140, False, 1
1319,0, 140, False, 11
1320,0, 140, False, 11
1321,0, 140, False, 11
1322,0, 140, False, 11
1323,0, 140, False, 11
1324,0, 140, False, 3
1325,0, 140, False, 3
1326,0, 140, False, 3
1327,0, 140, False, 0
1328,0, 140, False, 0
1329,0, 140, False, 0
1330,0, 140, False, 1
1331,0, 140, False, 1
1332,0, 140, False, 1
1333,0, 140, False, 1
1334,0, 140, False, 1
1335,0, 140, False, 1
1336,0, 140, False, 0
1337,0, 140, False, 0
1338,0, 140, False, 0
1339,0, 140, False, 3
1340,0, 140, False, 3
1341,0, 140, False, 11
1342,0, 140, False, 11
1343,0, 140, False, 11
1344,0, 140, False, 11
1345,0, 140, False, 11
1346,0, 140, False, 11
1347,0, 140, False, 11
1348,0, 140, False, 11
1349,0, 140, False, 11
1350,0, 140, False, 3
1351,0, 140, False, 3
1352,0, 140, False, 3
1353,0, 140, False, 0
1354,0, 140, False, 0
1355,0, 140, False, 1
1356,0, 140, False, 1
1357,0, 140, False, 1
1358,0, 140, False, 1
1359,0, 140, False, 1
1360,0, 140, False, 1
1361,0, 140, False, 1
1362,0, 140, False, 0
1363,0, 140, False, 0
1364,0, 140, False, 0
1365,0, 140, False, 0
1366,0, 140, False, 0
1367,0, 140, False, 1
1368,0, 140, False, 11
1369,0, 140, False, 11
1370,0, 140, False, 11
1371,0, 140, False, 11
1372,0, 140, False, 11
1373,0, 140, False, 11
1374,0, 140, False, 3
1375,0, 140, False, 3
1376,0, 140, False, 3
1377,0, 140, False, 3
1378,0, 140, False, 3
1379,0, 140, False, 3
1380,0, 140, False, 0
1381,0, 140, False, 0
1382,0, 140, False, 0
1383,0, 140, False, 0
1384,0, 140, False, 0
1385,0, 140, False, 0
1386,0, 140, False, 0
1387,0, 140, False, 0
1388,0, 140, False, 0
1389,0, 140, False, 3
1390,0, 140, False, 3
1391,0, 140, False, 3
1392,0, 140, False, 3
1393,0, 140, False, 3
1394,0, 140, False, 3
1395,0, 140, False, 0
1396,0, 140, False, 0
1397,0, 140, False, 0
1398,0, 140, False, 0
1399,0, 140, False, 0
1400,0, 140, False, 0
1401,0, 140, False, 0
1402,0, 140, False, 0
1403,0, 140, False, 0
1404,0, 140, False, 0
1405,0, 140, False, 0
1406,0, 140, False, 0
1407,0, 140, False, 0
1408,0, 140, False, 1
1409,0, 140, False, 1
1410,0, 140, False, 1
1411,0, 140, False, 1
1412,0, 140, False, 1
1413,0, 140, False, 1
1414,0, 140, False, 1
1415,0, 140, False, 0
1416,0, 140, False, 0
1417,0, 140, False, 0
1418,0, 140, False, 0
1419,0, 140, False, 0
1420,0, 140, False, 0
1421,0, 140, False, 0
1422,0, 140, False, 0
1423,0, 140, False, 0
1424,0, 140, False, 0
1425,0, 140, False, 0
1426,0, 140, False, 0
1427,0, 140, False, 0
1428,0, 140, False, 0
1429,0, 140, False, 3
1430,0, 140, False, 3
1431,0, 140, False, 3
1432,0, 140, False, 3
1433,0, 140, False, 3
1434,0, 140, False, 3
1435,0, 140, False, 0
1436,0, 140, False, 0
1437,0, 140, False, 0
1438,0, 140, False, 0
1439,0, 140, False, 0
1440,0, 140, False, 4
1441,0, 140, False, 4
1442,0, 140, False, 4
1443,0, 140, False, 4
1444,0, 140, False, 4
1445,0, 140, False, 4
1446,0, 140, False, 4
1447,0, 140, False, 4
1448,0, 140, False, 4
1449,0, 140, False, 4
1450,0, 140, False, 4
1451,0, 140, False, 4
1452,0, 140, False, 4
1453,0, 140, False, 4
1454,0, 140, False, 4
1455,0, 140, False, 4
1456,0, 140, False, 4
1457,0, 140, False, 4
1458,0, 140, False, 4
1459,0, 140, False, 4
1460,0, 140, False, 4
1461,0, 140, False, 4
1462,0, 140, False, 1
1463,0, 140, False, 1
1464,0, 140, False, 1
1465,0, 140, False, 1
1466,0, 140, False, 1
1467,0, 140, False, 1
1468,0, 140, False, 1
1469,0, 140, False, 1
1470,0, 140, False, 1
1471,0, 140, False, 0
1472,0, 140, False, 0
1473,0, 140, False, 0
1474,0, 140, False, 0
1475,0, 140, False, 0
1476,0, 140, False, 1
1477,0, 140, False, 1
1478,0, 140, False, 1
1479,0, 140, False, 1
1480,0, 140, False, 1
1481,0, 140, False, 1
1482,0, 140, False, 1
1483,0, 140, False, 0
1484,0, 140, False, 0
1485,0, 140, False, 0
1486,0, 140, False, 0
1487,0, 140, False, 0
1488,0, 140, False, 0
1489,0, 140, False, 1
1490,0, 140, False, 1
1491,0, 140, False, 1
1492,0, 140, False, 1
1493,0, 140, False, 1
1494,0, 140, False, 1
1495,0, 140, False, 4
1496,0, 140, False, 4
1497,0, 140, False, 4
1498,0, 140, False, 4
1499,0, 140, False, 4
1500,0, 140, False, 1
1501,0, 140, False, 1
1502,0, 140, False, 1
1503,0, 140, False, 1
1504,0, 140, False, 1
1505,0, 140, False, 1
1506,0, 140, False, 0
1507,0, 140, False, 0
1508,0, 140, False, 0
1509,0, 140, False, 0
1510,0, 140, False, 0
1511,0, 140, False, 0
1512,0, 140, False, 1
1513,0, 140, False, 1
1514,0, 140, False, 1
1515,0, 140, False, 1
1516,0, 140, False, 1
1517,0, 140, False, 1
1518,0, 140, False, 1
1519,0, 140, False, 0
1520,0, 140, False, 0
1521,0, 140, False, 0
1522,0, 140, False, 0
1523,0, 140, False, 0
1524,0, 140, False, 0
1525,0, 140, False, 0
1526,0, 140, False, 1
1527,0, 140, False, 1
1528,0, 140, False, 1
1529,0, 140, False, 1
1530,0, 140, False, 1
1531,0, 140, False, 12
1532,0, 140, False, 12
1533,0, 140, False, 4
1534,0, 140, False, 4
1535,0, 140, False, 4
1536,0, 140, False, 4
1537,0, 140, False, 0
1538,0, 140, False, 0
1539,0, 140, False, 0
1540,0, 140, False, 0
1541,0, 140, False, 0
1542,0, 140, False, 1
1543,0, 140, False, 1
1544,0, 140, False, 1
1545,0, 140, False, 1
1546,0, 140, False, 1
1547,0, 140, False, 1
1548,0, 140, False, 1
1549,0, 140, False, 0
1550,0, 140, False, 0
1551,0, 140, False, 0
1552,0, 140, False, 0
1553,0, 140, False, 0
1554,0, 140, False, 1
1555,0, 140, False, 1
1556,0, 140, False, 1
1557,0, 140, False, 1
1558,0, 140, False, 1
1559,0, 140, False, 1
1560,0, 140, False, 0
1561,0, 140, False, 0
1562,5, 145, False, 0
1563,0, 145, False, 0
1564,0, 145, False, 0
1565,0, 145, False, 0
1566,0, 145, False, 0
1567,0, 145, False, 1
1568,0, 145, False, 1
1569,0, 145, False, 1
1570,0, 145, False, 1
1571,0, 145, False, 1
1572,0, 145, False, 1
1573,0, 145, False, 0
1574,0, 145, False, 0
1575,0, 145, False, 0
1576,0, 145, False, 0
1577,0, 145, False, 0
1578,0, 145, False, 1
1579,0, 145, False, 1
1580,0, 145, False, 1
1581,0, 145, False, 1
1582,0, 145, False, 1
1583,0, 145, False, 1
1584,0, 145, False, 1
1585,0, 145, False, 0
1586,0, 145, False, 0
1587,0, 145, False, 0
1588,0, 145, False, 0
1589,0, 145, False, 0
1590,0, 145, False, 0
1591,0, 145, False, 1
1592,0, 145, False, 1
1593,0, 145, False, 1
1594,0, 145, False, 1
1595,0, 145, False, 1
1596,0, 145, False, 1
1597,0, 145, False, 0
1598,10, 155, False, 0
1599,0, 155, False, 0
1600,0, 155, False, 0
1601,0, 155, False, 0
1602,0, 155, False, 0
1603,0, 155, False, 1
1604,0, 155, False, 1
1605,0, 155, False, 1
1606,0, 155, False, 1
1607,0, 155, False, 1
1608,0, 155, False, 1
1609,0, 155, False, 1
1610,0, 155, False, 0
1611,0, 155, False, 0
1612,0, 155, False, 0
1613,0, 155, False, 0
1614,0, 155, False, 0
1615,0, 155, False, 0
1616,0, 155, False, 4
1617,0, 155, False, 12
1618,0, 155, False, 12
1619,0, 155, False, 12
1620,0, 155, False, 12
1621,0, 155, False, 12
1622,0, 155, False, 12
1623,0, 155, False, 0
1624,0, 155, False, 0
1625,0, 155, False, 0
1626,0, 155, False, 0
1627,0, 155, False, 0
1628,0, 155, False, 0
1629,0, 155, False, 0
1630,0, 155, False, 0
1631,0, 155, False, 1
1632,0, 155, False, 1
1633,0, 155, False, 1
1634,0, 155, False, 1
1635,0, 155, False, 1
1636,0, 155, False, 1
1637,0, 155, False, 1
1638,0, 155, False, 0
1639,0, 155, False, 0
1640,15, 170, False, 0
1641,0, 170, False, 0
1642,0, 170, False, 0
1643,0, 170, False, 0
1644,0, 170, False, 0
1645,0, 170, False, 1
1646,0, 170, False, 1
1647,0, 170, False, 1
1648,0, 170, False, 1
1649,0, 170, False, 1
1650,0, 170, False, 1
1651,0, 170, False, 1
1652,0, 170, False, 0
1653,0, 170, False, 0
1654,0, 170, False, 0
1655,0, 170, False, 0
1656,0, 170, False, 0
1657,0, 170, False, 0
1658,0, 170, False, 1
1659,0, 170, False, 1
1660,0, 170, False, 1
1661,0, 170, False, 1
1662,0, 170, False, 1
1663,0, 170, False, 1
1664,0, 170, False, 1
1665,0, 170, False, 0
1666,0, 170, False, 0
1667,0, 170, False, 0
1668,0, 170, False, 0
1669,0, 170, False, 0
1670,0, 170, False, 0
1671,0, 170, False, 0
1672,0, 170, False, 3
1673,0, 170, False, 3
1674,0, 170, False, 3
1675,0, 170, False, 3
1676,0, 170, False, 3
1677,0, 170, False, 3
1678,0, 170, False, 3
1679,0, 170, False, 3
1680,0, 170, False, 3
1681,0, 170, False, 3
1682,0, 170, False, 3
1683,0, 170, False, 3
1684,0, 170, False, 3
1685,0, 170, False, 3
1686,0, 170, False, 3
1687,0, 170, False, 3
1688,0, 170, False, 0
1689,0, 170, False, 1
1690,0, 170, False, 1
1691,0, 170, False, 1
1692,0, 170, False, 1
1693,0, 170, False, 1
1694,0, 170, False, 1
1695,0, 170, False, 1
1696,0, 170, False, 1
1697,0, 170, False, 0
1698,0, 170, False, 3
1699,0, 170, False, 3
1700,0, 170, False, 3
1701,0, 170, False, 3
1702,0, 170, False, 3
1703,0, 170, False, 1
1704,0, 170, False, 1
1705,0, 170, False, 1
1706,0, 170, False, 1
1707,0, 170, False, 1
1708,0, 170, False, 1
1709,0, 170, False, 0
1710,0, 170, False, 0
1711,0, 170, False, 0
1712,0, 170, False, 0
1713,0, 170, False, 0
1714,0, 170, False, 1
1715,0, 170, False, 12
1716,0, 170, False, 12
1717,0, 170, False, 12
1718,0, 170, False, 12
1719,0, 170, False, 12
1720,0, 170, False, 4
1721,0, 170, False, 4
1722,0, 170, False, 4
1723,0, 170, False, 4
1724,0, 170, False, 4
1725,0, 170, False, 4
1726,0, 170, False, 4
1727,0, 170, False, 4
1728,0, 170, False, 4
1729,0, 170, False, 4
1730,0, 170, False, 12
1731,0, 170, False, 12
1732,0, 170, False, 12
1733,0, 170, False, 12
1734,0, 170, False, 12
1735,0, 170, False, 12
1736,0, 170, False, 12
1737,0, 170, False, 12
1738,0, 170, False, 4
1739,0, 170, False, 4
1740,0, 170, False, 4
1741,0, 170, False, 0
1742,0, 170, False, 0
1743,0, 170, False, 0
1744,0, 170, False, 0
1745,0, 170, False, 0
1746,0, 170, False, 0
1747,0, 170, False, 0
1748,0, 170, False, 3
1749,0, 170, False, 3
1750,0, 170, False, 3
1751,0, 170, False, 3
1752,5, 175, False, 3
1753,0, 175, False, 3
1754,0, 175, False, 3
1755,0, 175, False, 0
1756,0, 175, False, 0
1757,0, 175, False, 0
1758,0, 175, False, 0
1759,0, 175, False, 0
1760,0, 175, False, 0
1761,0, 175, False, 0
1762,0, 175, False, 0
1763,0, 175, False, 0
1764,0, 175, False, 0
1765,0, 175, False, 0
1766,0, 175, False, 0
1767,0, 175, False, 0
1768,0, 175, False, 0
1769,0, 175, False, 0
1770,0, 175, False, 0
1771,0, 175, False, 0
1772,0, 175, False, 0
1773,0, 175, False, 0
1774,0, 175, False, 0
1775,0, 175, False, 0
1776,0, 175, False, 0
1777,0, 175, False, 0
1778,0, 175, False, 0
1779,0, 175, False, 0
1780,0, 175, False, 0
1781,0, 175, False, 0
1782,0, 175, False, 0
1783,0, 175, False, 0
1784,0, 175, False, 0
1785,0, 175, False, 0
1786,0, 175, False, 0
1787,0, 175, False, 4
1788,0, 175, False, 4
1789,0, 175, False, 4
1790,0, 175, False, 4
1791,0, 175, False, 4
1792,0, 175, False, 4
1793,0, 175, False, 4
1794,0, 175, False, 4
1795,0, 175, False, 4
1796,0, 175, False, 4
1797,0, 175, False, 4
1798,0, 175, False, 4
1799,0, 175, False, 4
1800,0, 175, False, 4
1801,0, 175, False, 4
1802,0, 175, False, 0
1803,0, 175, False, 0
1804,0, 175, False, 0
1805,0, 175, False, 0
1806,0, 175, False, 0
1807,0, 175, False, 0
1808,0, 175, False, 0
1809,0, 175, False, 0
1810,0, 175, False, 0
1811,0, 175, False, 0
1812,0, 175, False, 0
1813,0, 175, False, 0
1814,0, 175, False, 0
1815,0, 175, False, 0
1816,0, 175, False, 0
1817,0, 175, False, 0
1818,0, 175, False, 0
1819,0, 175, False, 0
1820,0, 175, False, 0
1821,0, 175, False, 4
1822,0, 175, False, 4
1823,0, 175, False, 0
1824,0, 175, False, 0
1825,0, 175, False, 0
1826,0, 175, False, 0
1827,0, 175, False, 0
1828,0, 175, False, 0
1829,0, 175, False, 0
1830,0, 175, False, 0
1831,0, 175, False, 0
1832,0, 175, False, 0
1833,0, 175, False, 0
1834,0, 175, False, 0
1835,0, 175, False, 0
1836,0, 175, False, 0
1837,0, 175, False, 0
1838,0, 175, False, 0
1839,0, 175, False, 0
1840,0, 175, False, 0
1841,0, 175, False, 0
1842,0, 175, False, 0
1843,0, 175, False, 0
1844,0, 175, False, 0
1845,0, 175, False, 0
1846,0, 175, False, 0
1847,0, 175, False, 0
1848,0, 175, False, 0
1849,0, 175, False, 0
1850,0, 175, False, 0
1851,0, 175, False, 0
1852,0, 175, False, 0
1853,0, 175, False, 3
1854,0, 175, False, 3
1855,0, 175, False, 3
1856,0, 175, False, 3
1857,0, 175, False, 3
1858,0, 175, False, 3
1859,0, 175, False, 3
1860,0, 175, False, 3
1861,0, 175, False, 3
1862,0, 175, False, 3
1863,0, 175, False, 3
1864,0, 175, False, 3
1865,0, 175, False, 3
1866,0, 175, False, 3
1867,0, 175, False, 3
1868,0, 175, False, 3
1869,0, 175, False, 3
1870,0, 175, False, 3
1871,0, 175, False, 3
1872,0, 175, False, 3
1873,0, 175, False, 3
1874,0, 175, False, 3
1875,0, 175, False, 3
1876,0, 175, False, 3
1877,0, 175, False, 3
1878,0, 175, False, 3
1879,0, 175, False, 3
1880,0, 175, False, 3
1881,0, 175, False, 3
1882,0, 175, False, 3
1883,0, 175, False, 3
1884,0, 175, False, 3
1885,0, 175, False, 3
1886,0, 175, False, 3
1887,0, 175, False, 3
1888,0, 175, False, 3
1889,0, 175, False, 3
1890,0, 175, False, 3
1891,0, 175, False, 3
1892,0, 175, False, 3
1893,0, 175, False, 3
1894,0, 175, False, 3
1895,0, 175, False, 3
1896,0, 175, False, 3
1897,0, 175, False, 3
1898,0, 175, False, 3
1899,0, 175, False, 3
1900,0, 175, False, 3
1901,0, 175, False, 3
1902,0, 175, False, 3
1903,0, 175, False, 3
1904,0, 175, False, 3
1905,0, 175, False, 3
1906,0, 175, False, 3
1907,0, 175, False, 3
1908,0, 175, False, 3
1909,0, 175, False, 3
1910,0, 175, False, 3
1911,0, 175, False, 0
1912,0, 175, False, 0
1913,0, 175, False, 0
1914,0, 175, False, 0
1915,0, 175, False, 0
1916,0, 175, False, 0
1917,0, 175, False, 0
1918,0, 175, False, 0
1919,0, 175, False, 0
1920,0, 175, False, 3
1921,0, 175, False, 3
1922,0, 175, False, 3
1923,0, 175, False, 3
1924,0, 175, False, 3
1925,0, 175, False, 3
1926,0, 175, False, 3
1927,0, 175, False, 3
1928,0, 175, False, 3
1929,0, 175, False, 3
1930,0, 175, False, 3
1931,0, 175, False, 3
1932,0, 175, False, 3
1933,0, 175, False, 3
1934,0, 175, False, 3
1935,0, 175, False, 3
1936,0, 175, False, 3
1937,0, 175, False, 3
1938,0, 175, False, 0
1939,0, 175, False, 0
1940,0, 175, False, 0
1941,0, 175, False, 0
1942,0, 175, False, 0
1943,0, 175, False, 0
1944,0, 175, False, 0
1945,0, 175, False, 0
1946,0, 175, False, 0
1947,0, 175, False, 0
1948,0, 175, False, 0
1949,0, 175, False, 3
1950,0, 175, False, 3
1951,0, 175, False, 3
1952,0, 175, False, 3
1953,0, 175, False, 3
1954,0, 175, False, 3
1955,0, 175, False, 3
1956,0, 175, False, 3
1957,0, 175, False, 3
1958,0, 175, False, 3
1959,0, 175, False, 0
1960,0, 175, False, 0
1961,0, 175, False, 0
1962,0, 175, False, 0
1963,0, 175, False, 0
1964,0, 175, False, 0
1965,0, 175, False, 0
1966,0, 175, False, 0
1967,0, 175, False, 0
1968,0, 175, False, 0
1969,0, 175, False, 0
1970,0, 175, False, 0
1971,0, 175, False, 0
1972,0, 175, False, 0
1973,0, 175, False, 0
1974,0, 175, False, 0
1975,0, 175, False, 0
1976,0, 175, False, 0
1977,0, 175, False, 0
1978,0, 175, False, 0
1979,0, 175, False, 0
1980,0, 175, False, 0
1981,0, 175, False, 0
1982,0, 175, False, 0
1983,0, 175, False, 0
1984,0, 175, False, 0
1985,0, 175, False, 0
1986,0, 175, False, 0
1987,0, 175, False, 0
1988,0, 175, False, 0
1989,0, 175, False, 0
1990,0, 175, False, 0
1991,0, 175, False, 0
1992,0, 175, False, 0
1993,0, 175, False, 0
1994,0, 175, False, 0
1995,0, 175, False, 0
1996,0, 175, False, 0
1997,0, 175, False, 0
1998,0, 175, False, 0
1999,0, 175, False, 0
2000,0, 175, False, 0
2001,0, 175, False, 0
2002,0, 175, False, 0
2003,0, 175, False, 0
2004,0, 175, False, 0
2005,0, 175, False, 0
2006,0, 175, False, 0
2007,0, 175, False, 0
2008,0, 175, False, 0
2009,0, 175, False, 0
2010,0, 175, False, 0
2011,0, 175, False, 0
2012,0, 175, False, 0
2013,0, 175, False, 0
2014,0, 175, False, 0
2015,0, 175, False, 0
2016,0, 175, False, 0
2017,0, 175, False, 0
2018,0, 175, False, 0
2019,0, 175, False, 0
2020,0, 175, False, 0
2021,0, 175, False, 0
2022,0, 175, False, 0
2023,0, 175, False, 0
2024,0, 175, False, 0
2025,0, 175, False, 0
2026,0, 175, False, 0
2027,0, 175, False, 0
2028,0, 175, False, 3
2029,0, 175, False, 3
2030,0, 175, False, 3
2031,0, 175, False, 3
2032,0, 175, False, 3
2033,0, 175, False, 3
2034,0, 175, False, 3
2035,0, 175, False, 3
2036,0, 175, False, 3
2037,0, 175, False, 3
2038,0, 175, False, 3
2039,0, 175, False, 3
2040,0, 175, False, 3
2041,0, 175, False, 3
2042,0, 175, False, 3
2043,0, 175, False, 3
2044,0, 175, False, 3
2045,0, 175, False, 3
2046,0, 175, False, 3
2047,0, 175, False, 3
2048,0, 175, False, 3
2049,0, 175, False, 0
2050,0, 175, False, 0
2051,0, 175, False, 0
2052,0, 175, False, 0
2053,0, 175, False, 0
2054,0, 175, False, 0
2055,0, 175, False, 0
2056,0, 175, False, 0
2057,0, 175, False, 0
2058,0, 175, False, 0
2059,0, 175, False, 4
2060,0, 175, False, 4
2061,0, 175, False, 4
2062,0, 175, False, 4
2063,0, 175, False, 4
2064,0, 175, False, 0
2065,0, 175, False, 0
2066,0, 175, False, 3
2067,0, 175, False, 3
2068,0, 175, False, 3
2069,0, 175, False, 3
2070,0, 175, False, 3
2071,0, 175, False, 3
2072,0, 175, False, 3
2073,0, 175, False, 3
2074,0, 175, False, 3
2075,0, 175, False, 3
2076,0, 175, False, 0
2077,0, 175, False, 0
2078,0, 175, False, 0
2079,0, 175, False, 0
2080,0, 175, False, 0
2081,0, 175, False, 0
2082,0, 175, False, 3
2083,0, 175, False, 3
2084,0, 175, False, 3
2085,0, 175, False, 3
2086,0, 175, False, 3
2087,0, 175, False, 3
2088,0, 175, False, 3
2089,0, 175, False, 3
2090,0, 175, False, 3
2091,0, 175, False, 3
2092,0, 175, False, 3
2093,0, 175, False, 3
2094,0, 175, False, 3
2095,0, 175, False, 3
2096,0, 175, False, 3
2097,0, 175, False, 3
2098,0, 175, False, 0
2099,0, 175, False, 0
2100,0, 175, False, 0
2101,0, 175, False, 3
2102,0, 175, False, 3
2103,0, 175, False, 3
2104,0, 175, False, 3
2105,0, 175, False, 3
2106,0, 175, False, 3
2107,0, 175, False, 3
2108,0, 175, False, 3
2109,0, 175, False, 3
2110,0, 175, False, 3
2111,0, 175, False, 3
2112,0, 175, False, 3
2113,0, 175, False, 3
2114,0, 175, False, 3
2115,0, 175, False, 3
2116,0, 175, False, 3
2117,0, 175, False, 3
2118,0, 175, False, 3
2119,0, 175, False, 3
2120,0, 175, False, 3
2121,0, 175, False, 3
2122,0, 175, False, 3
2123,0, 175, False, 3
2124,0, 175, False, 3
2125,0, 175, False, 3
2126,0, 175, False, 3
2127,0, 175, False, 3
2128,0, 175, False, 3
2129,0, 175, False, 3
2130,0, 175, False, 3
2131,0, 175, False, 3
2132,0, 175, False, 3
2133,0, 175, False, 3
2134,0, 175, False, 3
2135,0, 175, False, 3
2136,0, 175, False, 3
2137,0, 175, False, 3
2138,0, 175, False, 3
2139,0, 175, False, 3
2140,0, 175, False, 3
2141,0, 175, False, 3
2142,0, 175, False, 3
2143,0, 175, False, 3
2144,0, 175, False, 3
2145,0, 175, False, 3
2146,0, 175, False, 3
2147,0, 175, False, 3
2148,0, 175, False, 3
2149,0, 175, False, 3
2150,0, 175, False, 3
2151,0, 175, False, 3
2152,0, 175, False, 3
2153,0, 175, False, 3
2154,0, 175, False, 3
2155,0, 175, False, 3
2156,0, 175, False, 3
2157,0, 175, False, 3
2158,0, 175, False, 3
2159,0, 175, False, 3
2160,0, 175, False, 3
2161,0, 175, False, 3
2162,0, 175, False, 3
2163,0, 175, False, 3
2164,0, 175, False, 3
2165,0, 175, False, 3
2166,0, 175, False, 3
2167,0, 175, False, 3
2168,0, 175, False, 3
2169,0, 175, False, 3
2170,0, 175, False, 3
2171,0, 175, False, 3
2172,0, 175, False, 3
2173,0, 175, False, 3
2174,0, 175, False, 3
2175,0, 175, False, 3
2176,0, 175, False, 3
2177,0, 175, False, 3
2178,0, 175, False, 3
2179,0, 175, False, 3
2180,0, 175, False, 3
2181,0, 175, False, 3
2182,0, 175, False, 3
2183,0, 175, False, 3
2184,0, 175, False, 3
2185,0, 175, False, 3
2186,0, 175, False, 3
2187,0, 175, False, 3
2188,0, 175, False, 3
2189,0, 175, False, 3
2190,0, 175, False, 3
2191,0, 175, False, 3
2192,0, 175, False, 3
2193,0, 175, False, 3
2194,0, 175, False, 3
2195,0, 175, False, 3
2196,0, 175, False, 3
2197,0, 175, False, 3
2198,0, 175, False, 3
2199,0, 175, False, 3
2200,0, 175, False, 3
2201,0, 175, False, 3
2202,0, 175, False, 3
2203,0, 175, False, 3
2204,0, 175, False, 3
2205,0, 175, False, 3
2206,0, 175, False, 3
2207,0, 175, False, 3
2208,0, 175, False, 3
2209,0, 175, False, 3
2210,0, 175, False, 3
2211,0, 175, False, 3
2212,0, 175, False, 3
2213,0, 175, False, 3
2214,0, 175, False, 3
2215,0, 175, False, 3
2216,0, 175, False, 3
2217,0, 175, False, 3
2218,0, 175, False, 3
2219,0, 175, False, 3
2220,0, 175, False, 3
2221,0, 175, False, 3
2222,0, 175, False, 3
2223,0, 175, False, 3
2224,0, 175, False, 3
2225,0, 175, False, 3
2226,0, 175, False, 3
2227,0, 175, False, 3
2228,0, 175, False, 3
2229,0, 175, False, 3
2230,0, 175, False, 3
2231,0, 175, False, 3
2232,0, 175, False, 3
2233,0, 175, False, 3
2234,0, 175, False, 3
2235,0, 175, False, 3
2236,0, 175, False, 3
2237,0, 175, False, 3
2238,0, 175, False, 3
2239,0, 175, False, 3
2240,0, 175, False, 3
2241,0, 175, False, 3
2242,0, 175, False, 3
2243,0, 175, False, 3
2244,0, 175, False, 3
2245,0, 175, False, 3
2246,0, 175, False, 3
2247,0, 175, False, 3
2248,0, 175, False, 3
2249,0, 175, False, 3
2250,0, 175, False, 3
2251,0, 175, False, 3
2252,0, 175, False, 3
2253,0, 175, False, 3
2254,0, 175, False, 3
2255,0, 175, False, 3
2256,0, 175, False, 3
2257,0, 175, False, 3
2258,0, 175, False, 3
2259,0, 175, False, 1
2260,0, 175, False, 1
2261,0, 175, False, 1
2262,0, 175, False, 1
2263,0, 175, False, 1
2264,0, 175, False, 1
2265,0, 175, False, 1
2266,0, 175, False, 1
2267,0, 175, False, 1
2268,0, 175, False, 0
2269,0, 175, False, 0
2270,0, 175, False, 0
2271,0, 175, False, 0
2272,0, 175, False, 0
2273,0, 175, False, 0
2274,0, 175, False, 0
2275,0, 175, False, 0
2276,0, 175, False, 0
2277,0, 175, False, 0
2278,0, 175, False, 0
2279,0, 175, False, 0
2280,0, 175, False, 0
2281,0, 175, False, 0
2282,0, 175, False, 0
2283,0, 175, False, 0
2284,0, 175, False, 0
2285,0, 175, False, 0
2286,0, 175, False, 0
2287,0, 175, False, 4
2288,0, 175, False, 4
2289,0, 175, False, 4
2290,0, 175, False, 4
2291,0, 175, False, 4
2292,0, 175, False, 4
2293,0, 175, False, 4
2294,0, 175, False, 0
2295,0, 175, False, 0
2296,0, 175, False, 0
2297,0, 175, False, 0
2298,0, 175, False, 0
2299,0, 175, False, 0
2300,0, 175, False, 0
2301,0, 175, False, 0
2302,0, 175, False, 4
2303,0, 175, False, 4
2304,0, 175, False, 4
2305,0, 175, False, 4
2306,0, 175, False, 4
2307,0, 175, False, 4
2308,0, 175, False, 4
2309,0, 175, False, 4
2310,0, 175, False, 4
2311,0, 175, False, 4
2312,0, 175, False, 4
2313,0, 175, False, 4
2314,0, 175, False, 4
2315,0, 175, False, 4
2316,0, 175, False, 4
2317,0, 175, False, 4
2318,0, 175, False, 4
2319,0, 175, False, 4
2320,0, 175, False, 4
2321,0, 175, False, 4
2322,0, 175, False, 4
2323,0, 175, False, 4
2324,0, 175, False, 4
2325,0, 175, False, 4
2326,0, 175, False, 4
2327,0, 175, False, 4
2328,0, 175, False, 4
2329,0, 175, False, 4
2330,0, 175, False, 4
2331,0, 175, False, 4
2332,0, 175, False, 4
2333,0, 175, False, 4
2334,0, 175, False, 4
2335,0, 175, False, 4
2336,0, 175, False, 4
2337,0, 175, False, 4
2338,0, 175, False, 4
2339,0, 175, False, 4
2340,0, 175, False, 4
2341,0, 175, False, 4
2342,0, 175, False, 0
2343,0, 175, False, 0
2344,0, 175, False, 0
2345,0, 175, False, 0
2346,0, 175, False, 0
2347,0, 175, False, 3
2348,0, 175, False, 3
2349,0, 175, False, 3
2350,0, 175, False, 3
2351,0, 175, False, 3
2352,0, 175, False, 3
2353,0, 175, False, 3
2354,0, 175, False, 3
2355,0, 175, False, 3
2356,0, 175, False, 3
2357,0, 175, False, 3
2358,0, 175, False, 3
2359,0, 175, False, 3
2360,0, 175, False, 3
2361,0, 175, False, 3
2362,0, 175, False, 3
2363,0, 175, False, 3
2364,0, 175, False, 0
2365,0, 175, False, 0
2366,0, 175, False, 0
2367,0, 175, False, 0
2368,0, 175, False, 0
2369,0, 175, False, 0
2370,0, 175, False, 1
2371,0, 175, False, 11
2372,0, 175, False, 11
2373,0, 175, False, 11
2374,0, 175, False, 11
2375,0, 175, False, 11
2376,0, 175, False, 3
2377,0, 175, False, 3
2378,0, 175, False, 3
2379,0, 175, False, 3
2380,0, 175, False, 3
2381,0, 175, False, 3
2382,0, 175, False, 3
2383,0, 175, False, 11
2384,0, 175, False, 11
2385,0, 175, False, 11
2386,0, 175, False, 11
2387,0, 175, False, 11
2388,0, 175, False, 11
2389,0, 175, False, 11
2390,0, 175, False, 3
2391,0, 175, False, 3
2392,0, 175, False, 3
2393,0, 175, False, 3
2394,0, 175, False, 3
2395,0, 175, False, 3
2396,0, 175, False, 3
2397,0, 175, False, 11
2398,0, 175, False, 11
2399,0, 175, False, 11
2400,0, 175, False, 11
2401,0, 175, False, 11
2402,0, 175, False, 11
2403,0, 175, False, 0
2404,0, 175, False, 0
2405,0, 175, False, 0
2406,0, 175, False, 0
2407,0, 175, False, 0
2408,20, 195, False, 1
2409,0, 195, False, 1
2410,0, 195, False, 1
2411,0, 195, False, 12
2412,0, 195, False, 12
2413,0, 195, False, 12
2414,0, 195, False, 4
2415,0, 195, False, 4
2416,0, 195, False, 4
2417,0, 195, False, 4
2418,0, 195, False, 4
2419,0, 195, False, 4
2420,0, 195, False, 12
2421,0, 195, False, 1
2422,0, 195, False, 1
2423,0, 195, False, 1
2424,0, 195, False, 1
2425,0, 195, False, 1
2426,0, 195, False, 1
2427,0, 195, False, 1
2428,0, 195, False, 0
2429,0, 195, False, 0
2430,10, 205, False, 0
2431,0, 205, False, 0
2432,0, 205, False, 0
2433,0, 205, False, 0
2434,0, 205, False, 0
2435,0, 205, False, 0
2436,0, 205, False, 0
2437,0, 205, False, 0
2438,0, 205, False, 0
2439,0, 205, False, 4
2440,0, 205, False, 4
2441,0, 205, False, 4
2442,0, 205, False, 4
2443,0, 205, False, 4
2444,0, 205, False, 4
2445,0, 205, False, 4
2446,0, 205, False, 4
2447,0, 205, False, 0
2448,0, 205, False, 1
2449,0, 205, False, 1
2450,0, 205, False, 1
2451,0, 205, False, 1
2452,0, 205, False, 1
2453,0, 205, False, 1
2454,0, 205, False, 1
2455,0, 205, False, 0
2456,0, 205, False, 0
2457,0, 205, False, 0
2458,0, 205, False, 0
2459,0, 205, False, 0
2460,0, 205, False, 1
2461,0, 205, False, 1
2462,0, 205, False, 1
2463,0, 205, False, 1
2464,0, 205, False, 1
2465,0, 205, False, 1
2466,0, 205, False, 1
2467,0, 205, False, 0
2468,0, 205, False, 0
2469,0, 205, False, 0
2470,0, 205, False, 0
2471,0, 205, False, 0
2472,0, 205, False, 1
2473,0, 205, False, 1
2474,0, 205, False, 1
2475,0, 205, False, 1
2476,0, 205, False, 1
2477,0, 205, False, 1
2478,0, 205, False, 1
2479,0, 205, False, 1
2480,0, 205, False, 0
2481,0, 205, False, 0
2482,0, 205, False, 0
2483,0, 205, False, 0
2484,0, 205, False, 0
2485,0, 205, False, 0
2486,0, 205, False, 1
2487,0, 205, False, 1
2488,0, 205, False, 1
2489,0, 205, False, 1
2490,0, 205, False, 1
2491,0, 205, False, 1
2492,0, 205, False, 0
2493,0, 205, False, 0
2494,0, 205, False, 0
2495,0, 205, False, 0
2496,0, 205, False, 0
2497,0, 205, False, 0
2498,0, 205, False, 1
2499,0, 205, False, 1
2500,0, 205, False, 1
2501,0, 205, False, 1
2502,0, 205, False, 1
2503,0, 205, False, 1
2504,0, 205, False, 0
2505,0, 205, False, 0
2506,0, 205, False, 0
2507,0, 205, False, 0
2508,0, 205, False, 0
2509,0, 205, False, 0
2510,0, 205, False, 1
2511,0, 205, False, 12
2512,0, 205, False, 12
2513,0, 205, False, 12
2514,0, 205, False, 12
2515,0, 205, False, 12
2516,0, 205, False, 12
2517,0, 205, False, 12
2518,0, 205, False, 4
2519,0, 205, False, 4
2520,15, 220, False, 4
2521,0, 220, False, 4
2522,0, 220, False, 4
2523,0, 220, False, 4
2524,0, 220, False, 4
2525,0, 220, False, 12
2526,0, 220, False, 12
2527,0, 220, False, 1
2528,0, 220, False, 1
2529,0, 220, False, 1
2530,0, 220, False, 1
2531,0, 220, False, 0
2532,0, 220, False, 0
2533,0, 220, False, 0
2534,0, 220, False, 0
2535,0, 220, False, 0
2536,0, 220, False, 0
2537,0, 220, False, 1
2538,0, 220, False, 1
2539,0, 220, False, 1
2540,0, 220, False, 1
2541,0, 220, False, 1
2542,0, 220, False, 1
2543,0, 220, False, 0
2544,0, 220, False, 0
2545,0, 220, False, 0
2546,0, 220, False, 0
2547,0, 220, False, 0
2548,0, 220, False, 12
2549,0, 220, False, 12
2550,0, 220, False, 12
2551,0, 220, False, 12
2552,0, 220, False, 12
2553,0, 220, False, 12
2554,0, 220, False, 4
2555,0, 220, False, 4
2556,20, 240, False, 4
2557,0, 240, False, 4
2558,0, 240, False, 4
2559,0, 240, False, 12
2560,0, 240, False, 1
2561,0, 240, False, 1
2562,0, 240, False, 1
2563,0, 240, False, 1
2564,0, 240, False, 12
2565,0, 240, False, 4
2566,0, 240, False, 4
2567,0, 240, False, 4
2568,0, 240, False, 4
2569,0, 240, False, 4
2570,0, 240, False, 4
2571,0, 240, False, 12
2572,0, 240, False, 12
2573,0, 240, False, 12
2574,0, 240, False, 12
2575,0, 240, False, 12
2576,0, 240, False, 12
2577,0, 240, False, 12
2578,0, 240, False, 12
2579,0, 240, False, 4
2580,0, 240, False, 4
2581,0, 240, False, 4
2582,0, 240, False, 4
2583,0, 240, False, 4
2584,0, 240, False, 4
2585,0, 240, False, 4
2586,0, 240, False, 4
2587,0, 240, False, 4
2588,0, 240, False, 4
2589,0, 240, False, 12
2590,0, 240, False, 12
2591,0, 240, False, 12
2592,0, 240, False, 12
2593,0, 240, False, 12
2594,0, 240, False, 12
2595,0, 240, False, 12
2596,0, 240, False, 12
2597,0, 240, False, 12
2598,0, 240, False, 4
2599,0, 240, False, 4
2600,0, 240, False, 0
2601,0, 240, False, 0
2602,25, 265, False, 0
2603,0, 265, False, 0
2604,0, 265, False, 1
2605,0, 265, False, 1
2606,0, 265, False, 1
2607,0, 265, False, 1
2608,0, 265, False, 1
2609,0, 265, False, 1
2610,0, 265, False, 1
2611,0, 265, False, 0
2612,0, 265, False, 0
2613,0, 265, False, 0
2614,0, 265, False, 0
2615,0, 265, False, 0
2616,0, 265, False, 1
2617,0, 265, False, 1
2618,0, 265, False, 1
2619,0, 265, False, 1
2620,0, 265, False, 1
2621,0, 265, False, 1
2622,0, 265, False, 1
2623,0, 265, False, 1
2624,0, 265, False, 0
2625,0, 265, False, 0
2626,0, 265, False, 0
2627,0, 265, False, 0
2628,0, 265, False, 0
2629,0, 265, False, 1
2630,0, 265, False, 1
2631,0, 265, False, 1
2632,0, 265, False, 1
2633,0, 265, False, 1
2634,0, 265, False, 1
2635,0, 265, False, 1
2636,0, 265, False, 0
2637,0, 265, False, 0
2638,0, 265, False, 0
2639,0, 265, False, 0
2640,0, 265, False, 0
2641,0, 265, False, 1
2642,0, 265, False, 1
2643,0, 265, False, 1
2644,0, 265, False, 1
2645,0, 265, False, 1
2646,0, 265, False, 1
2647,0, 265, False, 0
2648,0, 265, False, 0
2649,0, 265, False, 0
2650,0, 265, False, 0
2651,0, 265, False, 0
2652,0, 265, False, 0
2653,0, 265, False, 0
2654,0, 265, False, 1
2655,0, 265, False, 1
2656,0, 265, False, 1
2657,0, 265, False, 1
2658,0, 265, False, 1
2659,0, 265, False, 0
2660,0, 265, False, 0
2661,0, 265, False, 0
2662,0, 265, False, 0
2663,0, 265, False, 0
2664,0, 265, False, 0
2665,0, 265, False, 0
2666,0, 265, False, 1
2667,0, 265, False, 1
2668,0, 265, False, 1
2669,0, 265, False, 1
2670,0, 265, False, 1
2671,0, 265, False, 0
2672,0, 265, False, 0
2673,0, 265, False, 0
2674,0, 265, False, 0
2675,0, 265, False, 0
2676,0, 265, False, 0
2677,0, 265, False, 3
2678,0, 265, False, 11
2679,0, 265, False, 11
2680,0, 265, False, 11
2681,0, 265, False, 11
2682,0, 265, False, 11
2683,0, 265, False, 3
2684,0, 265, False, 3
2685,0, 265, False, 3
2686,0, 265, False, 3
2687,0, 265, False, 3
2688,0, 265, False, 3
2689,0, 265, False, 3
2690,0, 265, False, 11
2691,0, 265, False, 11
2692,0, 265, False, 11
2693,0, 265, False, 11
2694,0, 265, False, 11
2695,0, 265, False, 11
2696,0, 265, False, 3
2697,0, 265, False, 3
2698,0, 265, False, 3
2699,0, 265, False, 3
2700,0, 265, False, 3
2701,0, 265, False, 1
2702,0, 265, False, 1
2703,0, 265, False, 1
2704,0, 265, False, 1
2705,0, 265, False, 1
2706,0, 265, False, 1
2707,0, 265, False, 0
2708,0, 265, False, 0
2709,0, 265, False, 0
2710,0, 265, False, 0
2711,0, 265, False, 0
2712,0, 265, False, 0
2713,0, 265, False, 0
2714,0, 265, False, 0
2715,0, 265, False, 0
2716,0, 265, False, 1
2717,0, 265, False, 1
2718,0, 265, False, 1
2719,0, 265, False, 1
2720,0, 265, False, 1
2721,0, 265, False, 1
2722,0, 265, False, 0
2723,0, 265, False, 0
2724,0, 265, False, 0
2725,0, 265, False, 0
2726,0, 265, False, 0
2727,0, 265, False, 0
2728,0, 265, False, 0
2729,0, 265, False, 0
2730,0, 265, False, 0
2731,0, 265, False, 0
2732,0, 265, False, 0
2733,0, 265, False, 1
2734,0, 265, False, 11
2735,0, 265, False, 11
2736,0, 265, False, 11
2737,0, 265, False, 11
2738,0, 265, False, 11
2739,0, 265, False, 11
2740,0, 265, False, 11
2741,0, 265, False, 3
2742,0, 265, False, 3
2743,0, 265, False, 3
2744,0, 265, False, 3
2745,0, 265, False, 0
2746,0, 265, False, 0
2747,0, 265, False, 0
2748,0, 265, False, 0
2749,0, 265, False, 0
2750,0, 265, False, 0
2751,0, 265, False, 0
2752,0, 265, False, 0
2753,0, 265, False, 0
2754,0, 265, False, 0
2755,0, 265, False, 0
2756,0, 265, False, 0
2757,0, 265, False, 0
2758,0, 265, False, 0
2759,0, 265, False, 0
2760,0, 265, False, 0
2761,0, 265, False, 0
2762,0, 265, False, 0
2763,0, 265, False, 0
2764,0, 265, False, 0
2765,0, 265, False, 1
2766,0, 265, False, 1
2767,0, 265, False, 1
2768,0, 265, False, 1
2769,0, 265, False, 0
2770,0, 265, False, 0
2771,0, 265, False, 0
2772,0, 265, False, 0
2773,0, 265, False, 0
2774,0, 265, False, 0
2775,0, 265, False, 0
2776,0, 265, False, 0
2777,0, 265, False, 0
2778,0, 265, False, 0
2779,0, 265, False, 0
2780,0, 265, False, 1
2781,0, 265, False, 1
2782,0, 265, False, 1
2783,0, 265, False, 1
2784,0, 265, False, 1
2785,0, 265, False, 1
2786,0, 265, False, 1
2787,0, 265, False, 1
2788,15, 280, False, 12
2789,0, 280, False, 12
2790,0, 280, False, 12
2791,0, 280, False, 4
2792,0, 280, False, 4
2793,0, 280, False, 4
2794,0, 280, False, 4
2795,0, 280, False, 4
2796,0, 280, False, 4
2797,0, 280, False, 4
2798,0, 280, False, 4
2799,0, 280, False, 4
2800,0, 280, False, 4
2801,0, 280, False, 4
2802,0, 280, False, 4
2803,0, 280, False, 4
2804,0, 280, False, 4
2805,0, 280, False, 4
2806,0, 280, False, 4
2807,0, 280, False, 4
2808,0, 280, False, 4
2809,0, 280, False, 4
2810,0, 280, False, 4
2811,0, 280, False, 4
2812,0, 280, False, 4
2813,0, 280, False, 4
2814,0, 280, False, 4
2815,0, 280, False, 4
2816,0, 280, False, 4
2817,0, 280, False, 0
2818,0, 280, False, 0
2819,0, 280, False, 0
2820,20, 300, False, 0
2821,0, 300, False, 0
2822,0, 300, False, 0
2823,0, 300, False, 0
2824,0, 300, False, 0
2825,0, 300, False, 0
2826,0, 300, False, 3
2827,0, 300, False, 3
2828,0, 300, False, 3
2829,0, 300, False, 3
2830,0, 300, False, 0
2831,0, 300, False, 0
2832,0, 300, False, 1
2833,0, 300, False, 1
2834,0, 300, False, 1
2835,0, 300, False, 1
2836,0, 300, False, 1
2837,0, 300, False, 0
2838,0, 300, False, 0
2839,0, 300, False, 0
2840,0, 300, False, 0
2841,0, 300, False, 0
2842,0, 300, False, 0
2843,0, 300, False, 0
2844,0, 300, False, 0
2845,0, 300, False, 0
2846,0, 300, False, 0
2847,0, 300, False, 0
2848,0, 300, False, 0
2849,0, 300, False, 0
2850,0, 300, False, 0
2851,0, 300, False, 0
2852,15, 315, False, 0
2853,0, 315, False, 0
2854,0, 315, False, 0
2855,0, 315, False, 0
2856,0, 315, False, 0
2857,0, 315, False, 0
2858,0, 315, False, 0
2859,0, 315, False, 0
2860,0, 315, False, 0
2861,0, 315, False, 0
2862,0, 315, False, 0
2863,0, 315, False, 0
2864,0, 315, False, 0
2865,0, 315, False, 0
2866,0, 315, False, 0
2867,0, 315, False, 0
2868,0, 315, False, 0
2869,0, 315, False, 0
2870,0, 315, False, 0
2871,0, 315, False, 0
2872,0, 315, False, 3
2873,0, 315, False, 3
2874,0, 315, False, 3
2875,0, 315, False, 3
2876,0, 315, False, 3
2877,0, 315, False, 3
2878,0, 315, False, 0
2879,0, 315, False, 0
2880,0, 315, False, 1
2881,0, 315, False, 1
2882,0, 315, False, 1
2883,0, 315, False, 1
2884,0, 315, False, 1
2885,0, 315, False, 0
2886,0, 315, False, 0
2887,0, 315, False, 0
2888,0, 315, False, 0
2889,0, 315, False, 0
2890,0, 315, False, 0
2891,0, 315, False, 0
2892,0, 315, False, 0
2893,0, 315, False, 0
2894,0, 315, False, 0
2895,0, 315, False, 0
2896,0, 315, False, 0
2897,0, 315, False, 0
2898,0, 315, False, 0
2899,0, 315, False, 0
2900,0, 315, False, 4
2901,0, 315, False, 4
2902,0, 315, False, 4
2903,0, 315, False, 4
2904,0, 315, False, 4
2905,0, 315, False, 4
2906,0, 315, False, 4
2907,0, 315, False, 4
2908,0, 315, False, 4
2909,0, 315, False, 4
2910,0, 315, False, 4
2911,0, 315, False, 4
2912,0, 315, False, 0
2913,0, 315, False, 0
2914,0, 315, False, 0
2915,0, 315, False, 0
2916,0, 315, False, 0
2917,0, 315, False, 0
2918,0, 315, False, 0
2919,0, 315, False, 0
2920,0, 315, False, 0
2921,0, 315, False, 3
2922,0, 315, False, 3
2923,0, 315, False, 3
2924,0, 315, False, 3
2925,0, 315, False, 3
2926,0, 315, False, 3
2927,0, 315, False, 3
2928,0, 315, False, 3
2929,0, 315, False, 3
2930,0, 315, False, 3
2931,0, 315, False, 3
2932,0, 315, False, 3
2933,0, 315, False, 3
2934,0, 315, False, 3
2935,0, 315, False, 3
2936,0, 315, False, 3
2937,0, 315, False, 3
2938,0, 315, False, 3
2939,0, 315, False, 1
2940,0, 315, False, 1
2941,0, 315, False, 1
2942,0, 315, False, 1
2943,0, 315, False, 1
2944,0, 315, False, 1
2945,0, 315, False, 0
2946,0, 315, False, 0
2947,0, 315, False, 0
2948,0, 315, False, 0
2949,0, 315, False, 0
2950,0, 315, False, 0
2951,0, 315, False, 0
2952,0, 315, False, 1
2953,0, 315, False, 1
2954,0, 315, False, 1
2955,0, 315, False, 1
2956,0, 315, False, 1
2957,0, 315, False, 1
2958,0, 315, False, 1
2959,0, 315, False, 0
2960,0, 315, False, 0
2961,0, 315, False, 0
2962,0, 315, False, 4
2963,0, 315, False, 4
2964,0, 315, False, 4
2965,0, 315, False, 4
2966,0, 315, False, 4
2967,0, 315, False, 12
2968,0, 315, False, 12
2969,0, 315, False, 12
2970,0, 315, False, 12
2971,0, 315, False, 1
2972,0, 315, False, 1
2973,0, 315, False, 1
2974,0, 315, False, 0
2975,0, 315, False, 0
2976,0, 315, False, 0
2977,0, 315, False, 0
2978,0, 315, False, 0
2979,0, 315, False, 0
2980,0, 315, False, 0
2981,0, 315, False, 0
2982,0, 315, False, 0
2983,0, 315, False, 0
2984,0, 315, False, 0
2985,0, 315, False, 0
2986,0, 315, False, 0
2987,0, 315, False, 0
2988,0, 315, False, 0
2989,0, 315, False, 0
2990,0, 315, False, 0
2991,0, 315, False, 0
2992,0, 315, False, 0
2993,0, 315, False, 0
2994,0, 315, False, 0
2995,0, 315, False, 0
2996,0, 315, False, 0
2997,0, 315, False, 0
2998,0, 315, False, 0
2999,0, 315, False, 0
3000,0, 315, False, 0
3001,0, 315, False, 0
3002,0, 315, False, 0
3003,0, 315, False, 0
3004,25, 340, False, 0
3005,0, 340, False, 0
3006,0, 340, False, 0
3007,0, 340, False, 0
3008,0, 340, False, 0
3009,0, 340, False, 0
3010,0, 340, False, 0
3011,0, 340, False, 0
3012,0, 340, False, 0
3013,0, 340, False, 0
3014,0, 340, False, 0
3015,0, 340, False, 0
3016,0, 340, False, 3
3017,0, 340, False, 3
3018,0, 340, False, 3
3019,0, 340, False, 3
3020,0, 340, False, 3
3021,0, 340, False, 3
3022,0, 340, False, 3
3023,0, 340, False, 3
3024,0, 340, False, 3
3025,0, 340, False, 0
3026,0, 340, False, 0
3027,0, 340, False, 0
3028,0, 340, False, 0
3029,0, 340, False, 0
3030,0, 340, False, 0
3031,0, 340, False, 0
3032,0, 340, False, 0
3033,0, 340, False, 0
3034,0, 340, False, 0
3035,0, 340, False, 0
3036,0, 340, False, 1
3037,0, 340, False, 1
3038,0, 340, False, 1
3039,0, 340, False, 1
3040,0, 340, False, 1
3041,0, 340, False, 0
3042,0, 340, False, 0
3043,0, 340, False, 0
3044,0, 340, False, 0
3045,0, 340, False, 0
3046,0, 340, False, 0
3047,0, 340, False, 0
3048,0, 340, False, 0
3049,0, 340, False, 0
3050,0, 340, False, 0
3051,0, 340, False, 0
3052,0, 340, False, 0
3053,0, 340, False, 0
3054,0, 340, False, 0
3055,0, 340, False, 0
3056,0, 340, False, 0
3057,0, 340, False, 0
3058,0, 340, False, 0
3059,0, 340, False, 0
3060,0, 340, False, 0
3061,0, 340, False, 0
3062,0, 340, False, 0
3063,0, 340, False, 0
3064,0, 340, False, 0
3065,0, 340, False, 0
3066,0, 340, False, 0
3067,0, 340, False, 0
3068,0, 340, False, 0
3069,0, 340, False, 0
3070,0, 340, False, 0
3071,0, 340, False, 0
3072,0, 340, False, 0
3073,0, 340, False, 0
3074,0, 340, False, 0
3075,0, 340, False, 0
3076,0, 340, False, 0
3077,0, 340, False, 0
3078,0, 340, False, 0
3079,0, 340, False, 0
3080,0, 340, False, 0
3081,0, 340, False, 0
3082,0, 340, False, 0
3083,0, 340, False, 0
3084,0, 340, False, 3
3085,0, 340, False, 3
3086,0, 340, False, 3
3087,0, 340, False, 3
3088,0, 340, False, 3
3089,0, 340, False, 0
3090,0, 340, False, 0
3091,0, 340, False, 0
3092,0, 340, False, 0
3093,0, 340, False, 4
3094,0, 340, False, 4
3095,0, 340, False, 4
3096,0, 340, False, 4
3097,0, 340, False, 4
3098,0, 340, False, 4
3099,0, 340, False, 4
3100,0, 340, False, 4
3101,0, 340, False, 4
3102,0, 340, False, 4
3103,0, 340, False, 4
3104,0, 340, False, 4
3105,0, 340, False, 4
3106,0, 340, False, 4
3107,0, 340, False, 4
3108,0, 340, False, 4
3109,0, 340, False, 4
3110,0, 340, False, 0
3111,0, 340, False, 0
3112,0, 340, False, 0
3113,0, 340, False, 0
3114,0, 340, False, 0
3115,0, 340, False, 0
3116,0, 340, False, 0
3117,0, 340, False, 0
3118,0, 340, False, 0
3119,0, 340, False, 0
3120,0, 340, False, 0
3121,0, 340, False, 0
3122,0, 340, False, 0
3123,0, 340, False, 0
3124,0, 340, False, 0
3125,0, 340, False, 0
3126,0, 340, False, 0
3127,0, 340, False, 0
3128,0, 340, False, 0
3129,0, 340, False, 0
3130,0, 340, False, 1
3131,0, 340, False, 1
3132,0, 340, False, 1
3133,0, 340, False, 1
3134,0, 340, False, 0
3135,0, 340, False, 0
3136,0, 340, False, 0
3137,0, 340, False, 0
3138,0, 340, False, 0
3139,0, 340, False, 0
3140,0, 340, False, 0
3141,0, 340, False, 4
3142,0, 340, False, 4
3143,0, 340, False, 4
3144,0, 340, False, 4
3145,0, 340, False, 4
3146,0, 340, False, 4
3147,0, 340, False, 4
3148,0, 340, False, 4
3149,0, 340, False, 4
3150,0, 340, False, 4
3151,0, 340, False, 4
3152,0, 340, False, 4
3153,0, 340, False, 4
3154,0, 340, False, 4
3155,0, 340, False, 4
3156,0, 340, False, 4
3157,0, 340, False, 4
3158,0, 340, False, 4
3159,0, 340, False, 4
3160,0, 340, False, 4
3161,0, 340, False, 4
3162,0, 340, False, 4
3163,0, 340, False, 4
3164,0, 340, False, 4
3165,0, 340, False, 4
3166,0, 340, False, 4
3167,0, 340, False, 4
3168,0, 340, False, 4
3169,0, 340, False, 4
3170,0, 340, False, 4
3171,0, 340, False, 4
3172,0, 340, False, 4
3173,0, 340, False, 0
3174,0, 340, False, 0
3175,0, 340, False, 0
3176,0, 340, False, 0
3177,0, 340, False, 0
3178,0, 340, False, 0
3179,0, 340, False, 0
3180,0, 340, False, 0
3181,0, 340, False, 0
3182,0, 340, False, 0
3183,0, 340, False, 0
3184,0, 340, False, 0
3185,0, 340, False, 0
3186,0, 340, False, 0
3187,0, 340, False, 0
3188,0, 340, False, 0
3189,0, 340, False, 0
3190,0, 340, False, 0
3191,0, 340, False, 0
3192,0, 340, False, 0
3193,0, 340, False, 0
3194,0, 340, False, 0
3195,0, 340, False, 0
3196,0, 340, False, 0
3197,0, 340, False, 0
3198,0, 340, False, 0
3199,0, 340, False, 0
3200,0, 340, False, 0
3201,0, 340, False, 0
3202,0, 340, False, 0
3203,0, 340, False, 0
3204,0, 340, False, 0
3205,0, 340, False, 0
3206,0, 340, False, 0
3207,0, 340, False, 0
3208,0, 340, False, 0
3209,0, 340, False, 0
3210,0, 340, False, 0
3211,0, 340, False, 0
3212,0, 340, False, 0
3213,0, 340, False, 0
3214,0, 340, False, 0
3215,0, 340, False, 0
3216,0, 340, False, 0
3217,0, 340, False, 0
3218,0, 340, False, 0
3219,0, 340, False, 0
3220,0, 340, False, 0
3221,0, 340, False, 0
3222,0, 340, False, 0
3223,0, 340, False, 0
3224,0, 340, False, 0
3225,0, 340, False, 0
3226,0, 340, False, 0
3227,0, 340, False, 0
3228,0, 340, False, 0
3229,0, 340, False, 0
3230,0, 340, False, 0
3231,0, 340, False, 0
3232,0, 340, False, 0
3233,0, 340, False, 0
3234,0, 340, False, 0
3235,0, 340, False, 0
3236,0, 340, False, 0
3237,0, 340, False, 0
3238,0, 340, False, 0
3239,0, 340, False, 0
3240,0, 340, False, 0
3241,0, 340, False, 0
3242,0, 340, False, 0
3243,0, 340, False, 0
3244,0, 340, False, 0
3245,0, 340, False, 0
3246,0, 340, False, 0
3247,0, 340, False, 0
3248,0, 340, False, 0
3249,0, 340, False, 0
3250,0, 340, False, 0
3251,0, 340, False, 0
3252,0, 340, False, 0
3253,0, 340, False, 0
3254,0, 340, False, 0
3255,0, 340, False, 0
3256,0, 340, False, 0
3257,0, 340, True, 0
