db traj id : 2725
frame,reward,score,terminal, action
0,0, 0, False, 0
1,0, 0, False, 0
2,0, 0, False, 0
3,0, 0, False, 0
4,0, 0, False, 0
5,0, 0, False, 0
6,0, 0, False, 0
7,0, 0, False, 0
8,0, 0, False, 0
9,0, 0, False, 0
10,0, 0, False, 0
11,0, 0, False, 0
12,0, 0, False, 0
13,0, 0, False, 0
14,0, 0, False, 0
15,0, 0, False, 0
16,0, 0, False, 0
17,0, 0, False, 0
18,0, 0, False, 0
19,0, 0, False, 0
20,0, 0, False, 0
21,0, 0, False, 0
22,0, 0, False, 0
23,0, 0, False, 0
24,0, 0, False, 0
25,0, 0, False, 0
26,0, 0, False, 0
27,0, 0, False, 0
28,0, 0, False, 0
29,0, 0, False, 0
30,0, 0, False, 0
31,0, 0, False, 0
32,0, 0, False, 0
33,0, 0, False, 0
34,0, 0, False, 0
35,0, 0, False, 0
36,0, 0, False, 0
37,0, 0, False, 0
38,0, 0, False, 0
39,0, 0, False, 0
40,0, 0, False, 0
41,0, 0, False, 0
42,0, 0, False, 0
43,0, 0, False, 0
44,0, 0, False, 0
45,0, 0, False, 0
46,0, 0, False, 0
47,0, 0, False, 0
48,0, 0, False, 0
49,0, 0, False, 0
50,0, 0, False, 0
51,0, 0, False, 0
52,0, 0, False, 0
53,0, 0, False, 0
54,0, 0, False, 0
55,0, 0, False, 0
56,0, 0, False, 0
57,0, 0, False, 0
58,0, 0, False, 0
59,0, 0, False, 0
60,0, 0, False, 0
61,0, 0, False, 0
62,0, 0, False, 0
63,0, 0, False, 0
64,0, 0, False, 0
65,0, 0, False, 0
66,0, 0, False, 0
67,0, 0, False, 0
68,0, 0, False, 0
69,0, 0, False, 0
70,0, 0, False, 0
71,0, 0, False, 0
72,0, 0, False, 0
73,0, 0, False, 0
74,0, 0, False, 0
75,0, 0, False, 0
76,0, 0, False, 0
77,0, 0, False, 0
78,0, 0, False, 0
79,0, 0, False, 0
80,0, 0, False, 0
81,0, 0, False, 0
82,0, 0, False, 0
83,0, 0, False, 0
84,0, 0, False, 0
85,0, 0, False, 0
86,0, 0, False, 0
87,0, 0, False, 0
88,0, 0, False, 0
89,0, 0, False, 0
90,0, 0, False, 0
91,0, 0, False, 0
92,0, 0, False, 0
93,0, 0, False, 0
94,0, 0, False, 0
95,0, 0, False, 0
96,0, 0, False, 0
97,0, 0, False, 0
98,0, 0, False, 0
99,0, 0, False, 0
100,0, 0, False, 0
101,0, 0, False, 0
102,0, 0, False, 0
103,0, 0, False, 0
104,0, 0, False, 0
105,0, 0, False, 0
106,0, 0, False, 0
107,0, 0, False, 0
108,0, 0, False, 0
109,0, 0, False, 0
110,0, 0, False, 0
111,0, 0, False, 0
112,0, 0, False, 0
113,0, 0, False, 0
114,0, 0, False, 0
115,0, 0, False, 0
116,0, 0, False, 0
117,0, 0, False, 0
118,0, 0, False, 0
119,0, 0, False, 0
120,0, 0, False, 0
121,0, 0, False, 0
122,0, 0, False, 0
123,0, 0, False, 0
124,0, 0, False, 0
125,0, 0, False, 0
126,0, 0, False, 0
127,0, 0, False, 0
128,0, 0, False, 0
129,0, 0, False, 3
130,0, 0, False, 3
131,0, 0, False, 3
132,0, 0, False, 3
133,0, 0, False, 3
134,0, 0, False, 3
135,0, 0, False, 3
136,0, 0, False, 3
137,0, 0, False, 3
138,0, 0, False, 3
139,0, 0, False, 3
140,0, 0, False, 3
141,0, 0, False, 3
142,0, 0, False, 3
143,0, 0, False, 3
144,0, 0, False, 3
145,0, 0, False, 3
146,0, 0, False, 3
147,0, 0, False, 3
148,0, 0, False, 0
149,0, 0, False, 0
150,0, 0, False, 0
151,0, 0, False, 0
152,0, 0, False, 0
153,0, 0, False, 0
154,0, 0, False, 3
155,0, 0, False, 3
156,0, 0, False, 3
157,0, 0, False, 3
158,0, 0, False, 3
159,0, 0, False, 3
160,0, 0, False, 3
161,0, 0, False, 3
162,0, 0, False, 3
163,0, 0, False, 3
164,0, 0, False, 3
165,0, 0, False, 3
166,0, 0, False, 3
167,0, 0, False, 3
168,0, 0, False, 3
169,0, 0, False, 3
170,0, 0, False, 3
171,0, 0, False, 3
172,0, 0, False, 3
173,0, 0, False, 3
174,0, 0, False, 3
175,0, 0, False, 3
176,0, 0, False, 3
177,0, 0, False, 3
178,0, 0, False, 3
179,0, 0, False, 0
180,0, 0, False, 0
181,0, 0, False, 0
182,0, 0, False, 0
183,0, 0, False, 0
184,0, 0, False, 0
185,0, 0, False, 0
186,0, 0, False, 0
187,0, 0, False, 0
188,0, 0, False, 0
189,0, 0, False, 0
190,0, 0, False, 0
191,0, 0, False, 0
192,0, 0, False, 0
193,0, 0, False, 0
194,0, 0, False, 0
195,0, 0, False, 0
196,0, 0, False, 0
197,0, 0, False, 0
198,0, 0, False, 0
199,0, 0, False, 0
200,0, 0, False, 0
201,0, 0, False, 1
202,0, 0, False, 1
203,0, 0, False, 1
204,0, 0, False, 1
205,0, 0, False, 1
206,0, 0, False, 1
207,0, 0, False, 1
208,0, 0, False, 1
209,0, 0, False, 1
210,0, 0, False, 0
211,0, 0, False, 0
212,0, 0, False, 0
213,0, 0, False, 0
214,0, 0, False, 0
215,0, 0, False, 0
216,0, 0, False, 0
217,0, 0, False, 0
218,0, 0, False, 0
219,0, 0, False, 0
220,0, 0, False, 0
221,0, 0, False, 0
222,0, 0, False, 0
223,0, 0, False, 0
224,0, 0, False, 4
225,0, 0, False, 4
226,0, 0, False, 4
227,0, 0, False, 4
228,0, 0, False, 4
229,5, 5, False, 4
230,0, 5, False, 4
231,0, 5, False, 4
232,0, 5, False, 4
233,0, 5, False, 4
234,0, 5, False, 4
235,0, 5, False, 4
236,0, 5, False, 4
237,0, 5, False, 4
238,0, 5, False, 4
239,0, 5, False, 4
240,0, 5, False, 4
241,0, 5, False, 4
242,0, 5, False, 4
243,0, 5, False, 4
244,0, 5, False, 4
245,0, 5, False, 4
246,0, 5, False, 4
247,0, 5, False, 4
248,0, 5, False, 12
249,0, 5, False, 1
250,0, 5, False, 1
251,0, 5, False, 1
252,0, 5, False, 1
253,0, 5, False, 1
254,0, 5, False, 1
255,0, 5, False, 1
256,0, 5, False, 0
257,0, 5, False, 0
258,0, 5, False, 0
259,0, 5, False, 0
260,0, 5, False, 0
261,0, 5, False, 0
262,0, 5, False, 0
263,0, 5, False, 0
264,0, 5, False, 0
265,0, 5, False, 0
266,0, 5, False, 0
267,0, 5, False, 0
268,0, 5, False, 0
269,0, 5, False, 0
270,0, 5, False, 0
271,0, 5, False, 0
272,0, 5, False, 4
273,0, 5, False, 4
274,0, 5, False, 4
275,0, 5, False, 4
276,0, 5, False, 4
277,0, 5, False, 4
278,0, 5, False, 4
279,0, 5, False, 4
280,0, 5, False, 4
281,0, 5, False, 4
282,0, 5, False, 4
283,0, 5, False, 4
284,0, 5, False, 4
285,0, 5, False, 4
286,0, 5, False, 4
287,0, 5, False, 4
288,0, 5, False, 0
289,0, 5, False, 0
290,0, 5, False, 0
291,0, 5, False, 0
292,0, 5, False, 0
293,0, 5, False, 0
294,0, 5, False, 0
295,0, 5, False, 1
296,0, 5, False, 1
297,0, 5, False, 1
298,0, 5, False, 1
299,0, 5, False, 1
300,0, 5, False, 1
301,0, 5, False, 1
302,0, 5, False, 0
303,0, 5, False, 0
304,0, 5, False, 0
305,0, 5, False, 0
306,0, 5, False, 0
307,0, 5, False, 0
308,0, 5, False, 1
309,0, 5, False, 1
310,0, 5, False, 1
311,0, 5, False, 1
312,0, 5, False, 1
313,0, 5, False, 0
314,0, 5, False, 0
315,0, 5, False, 0
316,0, 5, False, 0
317,0, 5, False, 0
318,0, 5, False, 0
319,0, 5, False, 0
320,0, 5, False, 1
321,0, 5, False, 1
322,0, 5, False, 0
323,0, 5, False, 4
324,0, 5, False, 4
325,0, 5, False, 4
326,0, 5, False, 4
327,0, 5, False, 4
328,0, 5, False, 4
329,0, 5, False, 4
330,0, 5, False, 0
331,0, 5, False, 0
332,0, 5, False, 0
333,0, 5, False, 0
334,0, 5, False, 0
335,0, 5, False, 0
336,0, 5, False, 0
337,0, 5, False, 0
338,0, 5, False, 0
339,0, 5, False, 0
340,0, 5, False, 0
341,0, 5, False, 0
342,0, 5, False, 0
343,0, 5, False, 0
344,0, 5, False, 1
345,0, 5, False, 1
346,0, 5, False, 1
347,0, 5, False, 1
348,0, 5, False, 1
349,0, 5, False, 1
350,0, 5, False, 1
351,0, 5, False, 4
352,0, 5, False, 4
353,0, 5, False, 4
354,0, 5, False, 4
355,0, 5, False, 4
356,0, 5, False, 4
357,0, 5, False, 4
358,0, 5, False, 0
359,0, 5, False, 0
360,0, 5, False, 0
361,0, 5, False, 0
362,0, 5, False, 0
363,0, 5, False, 0
364,0, 5, False, 0
365,0, 5, False, 0
366,0, 5, False, 0
367,0, 5, False, 0
368,0, 5, False, 0
369,0, 5, False, 4
370,0, 5, False, 4
371,0, 5, False, 4
372,0, 5, False, 4
373,0, 5, False, 4
374,0, 5, False, 4
375,0, 5, False, 4
376,0, 5, False, 4
377,0, 5, False, 0
378,0, 5, False, 0
379,0, 5, False, 0
380,0, 5, False, 0
381,0, 5, False, 0
382,0, 5, False, 0
383,0, 5, False, 0
384,0, 5, False, 0
385,0, 5, False, 1
386,0, 5, False, 1
387,0, 5, False, 1
388,0, 5, False, 1
389,0, 5, False, 1
390,0, 5, False, 1
391,0, 5, False, 1
392,0, 5, False, 1
393,0, 5, False, 0
394,0, 5, False, 0
395,0, 5, False, 0
396,0, 5, False, 0
397,0, 5, False, 0
398,0, 5, False, 0
399,0, 5, False, 0
400,0, 5, False, 0
401,0, 5, False, 0
402,0, 5, False, 0
403,0, 5, False, 0
404,0, 5, False, 1
405,0, 5, False, 1
406,0, 5, False, 1
407,0, 5, False, 1
408,0, 5, False, 1
409,0, 5, False, 1
410,0, 5, False, 1
411,5, 10, False, 0
412,0, 10, False, 0
413,0, 10, False, 0
414,0, 10, False, 0
415,0, 10, False, 0
416,0, 10, False, 1
417,0, 10, False, 1
418,0, 10, False, 1
419,0, 10, False, 1
420,0, 10, False, 0
421,0, 10, False, 0
422,0, 10, False, 0
423,0, 10, False, 0
424,0, 10, False, 0
425,0, 10, False, 1
426,0, 10, False, 1
427,0, 10, False, 1
428,0, 10, False, 1
429,0, 10, False, 1
430,0, 10, False, 0
431,0, 10, False, 0
432,0, 10, False, 0
433,0, 10, False, 0
434,0, 10, False, 0
435,0, 10, False, 1
436,0, 10, False, 1
437,0, 10, False, 1
438,0, 10, False, 1
439,0, 10, False, 0
440,0, 10, False, 0
441,0, 10, False, 0
442,0, 10, False, 0
443,0, 10, False, 0
444,0, 10, False, 1
445,0, 10, False, 1
446,0, 10, False, 1
447,0, 10, False, 0
448,0, 10, False, 0
449,10, 20, False, 0
450,0, 20, False, 0
451,0, 20, False, 0
452,0, 20, False, 0
453,0, 20, False, 1
454,0, 20, False, 1
455,0, 20, False, 1
456,0, 20, False, 1
457,0, 20, False, 0
458,0, 20, False, 0
459,0, 20, False, 0
460,0, 20, False, 0
461,0, 20, False, 0
462,0, 20, False, 1
463,0, 20, False, 1
464,0, 20, False, 1
465,0, 20, False, 1
466,0, 20, False, 1
467,0, 20, False, 0
468,0, 20, False, 0
469,0, 20, False, 0
470,0, 20, False, 0
471,0, 20, False, 0
472,0, 20, False, 1
473,0, 20, False, 1
474,0, 20, False, 1
475,0, 20, False, 1
476,0, 20, False, 1
477,0, 20, False, 1
478,0, 20, False, 1
479,0, 20, False, 1
480,0, 20, False, 0
481,0, 20, False, 0
482,0, 20, False, 0
483,0, 20, False, 0
484,0, 20, False, 1
485,0, 20, False, 1
486,0, 20, False, 1
487,0, 20, False, 1
488,0, 20, False, 1
489,0, 20, False, 1
490,0, 20, False, 1
491,0, 20, False, 0
492,0, 20, False, 0
493,0, 20, False, 0
494,0, 20, False, 0
495,0, 20, False, 1
496,0, 20, False, 1
497,0, 20, False, 1
498,0, 20, False, 1
499,15, 35, False, 1
500,0, 35, False, 0
501,0, 35, False, 0
502,0, 35, False, 0
503,0, 35, False, 0
504,0, 35, False, 0
505,0, 35, False, 3
506,0, 35, False, 3
507,0, 35, False, 3
508,0, 35, False, 3
509,0, 35, False, 3
510,0, 35, False, 3
511,0, 35, False, 3
512,0, 35, False, 3
513,0, 35, False, 3
514,0, 35, False, 3
515,0, 35, False, 3
516,0, 35, False, 3
517,0, 35, False, 3
518,0, 35, False, 3
519,0, 35, False, 3
520,0, 35, False, 3
521,0, 35, False, 3
522,0, 35, False, 3
523,0, 35, False, 3
524,0, 35, False, 3
525,0, 35, False, 3
526,0, 35, False, 3
527,0, 35, False, 3
528,0, 35, False, 3
529,0, 35, False, 3
530,0, 35, False, 3
531,0, 35, False, 3
532,0, 35, False, 3
533,0, 35, False, 3
534,0, 35, False, 3
535,0, 35, False, 3
536,0, 35, False, 3
537,0, 35, False, 3
538,0, 35, False, 3
539,0, 35, False, 3
540,0, 35, False, 3
541,0, 35, False, 3
542,0, 35, False, 3
543,0, 35, False, 3
544,0, 35, False, 3
545,0, 35, False, 3
546,0, 35, False, 3
547,0, 35, False, 3
548,0, 35, False, 3
549,0, 35, False, 11
550,0, 35, False, 1
551,0, 35, False, 1
552,0, 35, False, 1
553,0, 35, False, 1
554,0, 35, False, 1
555,0, 35, False, 1
556,0, 35, False, 0
557,0, 35, False, 0
558,0, 35, False, 0
559,0, 35, False, 0
560,0, 35, False, 0
561,0, 35, False, 0
562,0, 35, False, 1
563,0, 35, False, 1
564,0, 35, False, 1
565,0, 35, False, 1
566,0, 35, False, 1
567,0, 35, False, 1
568,0, 35, False, 0
569,0, 35, False, 0
570,0, 35, False, 0
571,0, 35, False, 0
572,0, 35, False, 0
573,0, 35, False, 0
574,0, 35, False, 0
575,0, 35, False, 0
576,0, 35, False, 0
577,0, 35, False, 4
578,0, 35, False, 4
579,0, 35, False, 4
580,0, 35, False, 4
581,0, 35, False, 4
582,0, 35, False, 4
583,0, 35, False, 4
584,0, 35, False, 4
585,0, 35, False, 0
586,0, 35, False, 0
587,0, 35, False, 0
588,0, 35, False, 0
589,0, 35, False, 0
590,0, 35, False, 0
591,0, 35, False, 0
592,0, 35, False, 0
593,0, 35, False, 0
594,0, 35, False, 0
595,0, 35, False, 0
596,0, 35, False, 0
597,0, 35, False, 0
598,0, 35, False, 0
599,0, 35, False, 3
600,0, 35, False, 3
601,0, 35, False, 3
602,0, 35, False, 3
603,0, 35, False, 3
604,0, 35, False, 3
605,0, 35, False, 3
606,0, 35, False, 0
607,0, 35, False, 0
608,0, 35, False, 0
609,0, 35, False, 0
610,0, 35, False, 0
611,0, 35, False, 0
612,0, 35, False, 0
613,0, 35, False, 0
614,0, 35, False, 0
615,0, 35, False, 0
616,0, 35, False, 0
617,0, 35, False, 0
618,0, 35, False, 0
619,30, 65, False, 0
620,0, 65, False, 1
621,0, 65, False, 1
622,0, 65, False, 1
623,0, 65, False, 1
624,0, 65, False, 1
625,0, 65, False, 1
626,0, 65, False, 1
627,0, 65, False, 0
628,0, 65, False, 0
629,0, 65, False, 0
630,0, 65, False, 1
631,0, 65, False, 1
632,0, 65, False, 1
633,0, 65, False, 1
634,0, 65, False, 1
635,0, 65, False, 0
636,0, 65, False, 0
637,0, 65, False, 0
638,0, 65, False, 0
639,0, 65, False, 1
640,0, 65, False, 1
641,0, 65, False, 1
642,0, 65, False, 0
643,0, 65, False, 0
644,0, 65, False, 0
645,0, 65, False, 0
646,0, 65, False, 0
647,5, 70, False, 1
648,0, 70, False, 1
649,0, 70, False, 1
650,0, 70, False, 1
651,0, 70, False, 1
652,0, 70, False, 0
653,0, 70, False, 0
654,0, 70, False, 0
655,0, 70, False, 0
656,0, 70, False, 1
657,0, 70, False, 1
658,0, 70, False, 1
659,0, 70, False, 1
660,0, 70, False, 1
661,0, 70, False, 0
662,0, 70, False, 0
663,0, 70, False, 0
664,0, 70, False, 0
665,0, 70, False, 1
666,0, 70, False, 1
667,0, 70, False, 1
668,0, 70, False, 1
669,0, 70, False, 1
670,0, 70, False, 0
671,0, 70, False, 0
672,0, 70, False, 0
673,0, 70, False, 0
674,0, 70, False, 1
675,0, 70, False, 1
676,0, 70, False, 1
677,0, 70, False, 1
678,0, 70, False, 1
679,0, 70, False, 0
680,0, 70, False, 0
681,10, 80, False, 0
682,0, 80, False, 0
683,0, 80, False, 0
684,0, 80, False, 1
685,0, 80, False, 1
686,0, 80, False, 1
687,0, 80, False, 1
688,0, 80, False, 0
689,0, 80, False, 0
690,0, 80, False, 0
691,0, 80, False, 0
692,0, 80, False, 0
693,0, 80, False, 1
694,0, 80, False, 1
695,0, 80, False, 1
696,0, 80, False, 1
697,0, 80, False, 1
698,0, 80, False, 0
699,0, 80, False, 0
700,0, 80, False, 0
701,0, 80, False, 0
702,0, 80, False, 1
703,0, 80, False, 1
704,0, 80, False, 1
705,0, 80, False, 1
706,0, 80, False, 1
707,0, 80, False, 1
708,0, 80, False, 0
709,0, 80, False, 0
710,0, 80, False, 0
711,0, 80, False, 0
712,0, 80, False, 1
713,0, 80, False, 1
714,0, 80, False, 1
715,0, 80, False, 1
716,0, 80, False, 1
717,0, 80, False, 1
718,0, 80, False, 0
719,0, 80, False, 0
720,0, 80, False, 0
721,0, 80, False, 1
722,0, 80, False, 1
723,0, 80, False, 1
724,0, 80, False, 1
725,0, 80, False, 1
726,0, 80, False, 1
727,15, 95, False, 0
728,0, 95, False, 0
729,0, 95, False, 0
730,0, 95, False, 0
731,0, 95, False, 1
732,0, 95, False, 1
733,0, 95, False, 1
734,0, 95, False, 1
735,0, 95, False, 1
736,0, 95, False, 0
737,0, 95, False, 0
738,0, 95, False, 0
739,0, 95, False, 0
740,0, 95, False, 1
741,0, 95, False, 1
742,0, 95, False, 1
743,0, 95, False, 1
744,0, 95, False, 1
745,0, 95, False, 1
746,0, 95, False, 0
747,0, 95, False, 0
748,0, 95, False, 0
749,0, 95, False, 0
750,0, 95, False, 1
751,0, 95, False, 1
752,0, 95, False, 1
753,0, 95, False, 1
754,0, 95, False, 1
755,0, 95, False, 1
756,0, 95, False, 0
757,0, 95, False, 0
758,0, 95, False, 0
759,0, 95, False, 0
760,0, 95, False, 0
761,0, 95, False, 1
762,0, 95, False, 1
763,0, 95, False, 1
764,0, 95, False, 1
765,0, 95, False, 1
766,0, 95, False, 1
767,0, 95, False, 1
768,0, 95, False, 1
769,0, 95, False, 1
770,0, 95, False, 0
771,0, 95, False, 0
772,0, 95, False, 0
773,0, 95, False, 0
774,0, 95, False, 0
775,0, 95, False, 0
776,0, 95, False, 0
777,0, 95, False, 0
778,0, 95, False, 0
779,0, 95, False, 0
780,0, 95, False, 0
781,0, 95, False, 0
782,0, 95, False, 3
783,20, 115, False, 3
784,0, 115, False, 3
785,0, 115, False, 3
786,0, 115, False, 3
787,0, 115, False, 3
788,0, 115, False, 3
789,0, 115, False, 3
790,0, 115, False, 3
791,0, 115, False, 3
792,0, 115, False, 3
793,0, 115, False, 3
794,0, 115, False, 3
795,0, 115, False, 3
796,0, 115, False, 3
797,0, 115, False, 3
798,0, 115, False, 3
799,0, 115, False, 3
800,0, 115, False, 3
801,0, 115, False, 3
802,0, 115, False, 3
803,0, 115, False, 3
804,0, 115, False, 3
805,0, 115, False, 3
806,0, 115, False, 3
807,0, 115, False, 3
808,0, 115, False, 3
809,0, 115, False, 3
810,0, 115, False, 3
811,0, 115, False, 3
812,0, 115, False, 3
813,0, 115, False, 3
814,0, 115, False, 3
815,0, 115, False, 3
816,0, 115, False, 3
817,0, 115, False, 3
818,0, 115, False, 3
819,0, 115, False, 3
820,0, 115, False, 3
821,0, 115, False, 3
822,0, 115, False, 3
823,0, 115, False, 3
824,0, 115, False, 3
825,0, 115, False, 3
826,0, 115, False, 3
827,0, 115, False, 3
828,0, 115, False, 3
829,0, 115, False, 3
830,0, 115, False, 3
831,0, 115, False, 3
832,0, 115, False, 3
833,0, 115, False, 3
834,0, 115, False, 3
835,0, 115, False, 3
836,0, 115, False, 3
837,0, 115, False, 3
838,0, 115, False, 3
839,0, 115, False, 3
840,0, 115, False, 3
841,0, 115, False, 3
842,0, 115, False, 3
843,0, 115, False, 3
844,0, 115, False, 3
845,0, 115, False, 3
846,0, 115, False, 3
847,0, 115, False, 3
848,0, 115, False, 3
849,0, 115, False, 3
850,0, 115, False, 3
851,0, 115, False, 3
852,0, 115, False, 3
853,0, 115, False, 3
854,0, 115, False, 3
855,0, 115, False, 3
856,0, 115, False, 3
857,0, 115, False, 3
858,0, 115, False, 3
859,0, 115, False, 3
860,0, 115, False, 3
861,0, 115, False, 3
862,0, 115, False, 3
863,0, 115, False, 3
864,0, 115, False, 3
865,0, 115, False, 3
866,0, 115, False, 3
867,0, 115, False, 3
868,0, 115, False, 3
869,0, 115, False, 3
870,0, 115, False, 3
871,0, 115, False, 3
872,0, 115, False, 3
873,0, 115, False, 3
874,0, 115, False, 3
875,0, 115, False, 3
876,0, 115, False, 3
877,0, 115, False, 3
878,0, 115, False, 3
879,0, 115, False, 3
880,0, 115, False, 3
881,0, 115, False, 3
882,0, 115, False, 3
883,0, 115, False, 3
884,0, 115, False, 3
885,0, 115, False, 3
886,0, 115, False, 3
887,0, 115, False, 3
888,0, 115, False, 3
889,0, 115, False, 3
890,0, 115, False, 3
891,0, 115, False, 3
892,0, 115, False, 3
893,0, 115, False, 3
894,0, 115, False, 3
895,0, 115, False, 3
896,0, 115, False, 3
897,0, 115, False, 3
898,0, 115, False, 3
899,0, 115, False, 3
900,0, 115, False, 3
901,0, 115, False, 3
902,0, 115, False, 3
903,0, 115, False, 0
904,0, 115, False, 0
905,0, 115, False, 0
906,0, 115, False, 0
907,0, 115, False, 0
908,0, 115, False, 0
909,0, 115, False, 1
910,0, 115, False, 1
911,0, 115, False, 1
912,0, 115, False, 1
913,0, 115, False, 1
914,0, 115, False, 1
915,0, 115, False, 1
916,0, 115, False, 1
917,0, 115, False, 0
918,0, 115, False, 0
919,0, 115, False, 3
920,0, 115, False, 3
921,0, 115, False, 3
922,0, 115, False, 3
923,0, 115, False, 3
924,0, 115, False, 3
925,0, 115, False, 3
926,0, 115, False, 3
927,0, 115, False, 3
928,0, 115, False, 0
929,0, 115, False, 4
930,0, 115, False, 4
931,0, 115, False, 4
932,0, 115, False, 4
933,0, 115, False, 4
934,0, 115, False, 4
935,0, 115, False, 4
936,0, 115, False, 4
937,0, 115, False, 0
938,0, 115, False, 0
939,0, 115, False, 0
940,0, 115, False, 0
941,0, 115, False, 0
942,0, 115, False, 0
943,0, 115, False, 0
944,0, 115, False, 0
945,0, 115, False, 0
946,0, 115, False, 0
947,0, 115, False, 0
948,0, 115, False, 0
949,0, 115, False, 0
950,0, 115, False, 0
951,0, 115, False, 3
952,0, 115, False, 3
953,0, 115, False, 3
954,0, 115, False, 3
955,0, 115, False, 3
956,0, 115, False, 3
957,0, 115, False, 3
958,0, 115, False, 3
959,0, 115, False, 3
960,0, 115, False, 3
961,0, 115, False, 0
962,0, 115, False, 0
963,0, 115, False, 0
964,0, 115, False, 0
965,0, 115, False, 0
966,0, 115, False, 0
967,0, 115, False, 0
968,0, 115, False, 0
969,25, 140, False, 0
970,0, 140, False, 1
971,0, 140, False, 1
972,0, 140, False, 1
973,0, 140, False, 1
974,0, 140, False, 1
975,0, 140, False, 1
976,0, 140, False, 1
977,0, 140, False, 1
978,0, 140, False, 0
979,0, 140, False, 0
980,0, 140, False, 0
981,0, 140, False, 0
982,0, 140, False, 3
983,0, 140, False, 3
984,0, 140, False, 3
985,0, 140, False, 3
986,0, 140, False, 3
987,0, 140, False, 3
988,0, 140, False, 3
989,5, 145, False, 3
990,0, 145, False, 3
991,0, 145, False, 3
992,0, 145, False, 3
993,0, 145, False, 3
994,0, 145, False, 3
995,0, 145, False, 3
996,0, 145, False, 3
997,0, 145, False, 3
998,0, 145, False, 3
999,0, 145, False, 3
1000,0, 145, False, 3
1001,0, 145, False, 3
1002,0, 145, False, 3
1003,0, 145, False, 3
1004,0, 145, False, 3
1005,0, 145, False, 3
1006,0, 145, False, 3
1007,0, 145, False, 3
1008,0, 145, False, 3
1009,0, 145, False, 3
1010,0, 145, False, 3
1011,0, 145, False, 3
1012,0, 145, False, 0
1013,0, 145, False, 0
1014,0, 145, False, 0
1015,0, 145, False, 0
1016,0, 145, False, 0
1017,0, 145, False, 0
1018,0, 145, False, 0
1019,0, 145, False, 0
1020,0, 145, False, 0
1021,0, 145, False, 0
1022,0, 145, False, 0
1023,0, 145, False, 0
1024,0, 145, False, 1
1025,0, 145, False, 1
1026,0, 145, False, 1
1027,0, 145, False, 1
1028,0, 145, False, 1
1029,0, 145, False, 1
1030,0, 145, False, 1
1031,0, 145, False, 0
1032,0, 145, False, 0
1033,0, 145, False, 0
1034,0, 145, False, 1
1035,0, 145, False, 1
1036,0, 145, False, 1
1037,0, 145, False, 1
1038,0, 145, False, 1
1039,0, 145, False, 1
1040,0, 145, False, 0
1041,0, 145, False, 0
1042,0, 145, False, 0
1043,0, 145, False, 0
1044,0, 145, False, 1
1045,0, 145, False, 1
1046,0, 145, False, 1
1047,0, 145, False, 1
1048,0, 145, False, 1
1049,0, 145, False, 1
1050,0, 145, False, 0
1051,0, 145, False, 0
1052,0, 145, False, 0
1053,0, 145, False, 0
1054,0, 145, False, 0
1055,0, 145, False, 0
1056,0, 145, False, 3
1057,0, 145, False, 3
1058,0, 145, False, 3
1059,0, 145, False, 3
1060,0, 145, False, 3
1061,0, 145, False, 3
1062,0, 145, False, 3
1063,0, 145, False, 3
1064,0, 145, False, 3
1065,0, 145, False, 3
1066,0, 145, False, 3
1067,0, 145, False, 0
1068,0, 145, False, 0
1069,0, 145, False, 0
1070,0, 145, False, 0
1071,0, 145, False, 0
1072,0, 145, False, 0
1073,0, 145, False, 3
1074,0, 145, False, 3
1075,0, 145, False, 3
1076,0, 145, False, 3
1077,0, 145, False, 3
1078,0, 145, False, 3
1079,0, 145, False, 3
1080,0, 145, False, 3
1081,0, 145, False, 3
1082,0, 145, False, 0
1083,0, 145, False, 0
1084,0, 145, False, 0
1085,0, 145, False, 0
1086,0, 145, False, 0
1087,0, 145, False, 0
1088,0, 145, False, 1
1089,0, 145, False, 1
1090,0, 145, False, 1
1091,0, 145, False, 1
1092,0, 145, False, 1
1093,0, 145, False, 1
1094,0, 145, False, 1
1095,0, 145, False, 0
1096,0, 145, False, 0
1097,0, 145, False, 4
1098,0, 145, False, 4
1099,0, 145, False, 4
1100,0, 145, False, 4
1101,0, 145, False, 4
1102,0, 145, False, 4
1103,0, 145, False, 4
1104,0, 145, False, 4
1105,0, 145, False, 4
1106,0, 145, False, 0
1107,0, 145, False, 0
1108,0, 145, False, 0
1109,0, 145, False, 0
1110,0, 145, False, 0
1111,0, 145, False, 0
1112,0, 145, False, 4
1113,0, 145, False, 4
1114,0, 145, False, 4
1115,0, 145, False, 4
1116,0, 145, False, 4
1117,0, 145, False, 4
1118,0, 145, False, 4
1119,0, 145, False, 4
1120,0, 145, False, 4
1121,0, 145, False, 4
1122,0, 145, False, 4
1123,0, 145, False, 4
1124,0, 145, False, 4
1125,0, 145, False, 4
1126,0, 145, False, 4
1127,0, 145, False, 4
1128,0, 145, False, 4
1129,0, 145, False, 4
1130,0, 145, False, 4
1131,0, 145, False, 4
1132,0, 145, False, 4
1133,0, 145, False, 4
1134,0, 145, False, 4
1135,0, 145, False, 4
1136,0, 145, False, 0
1137,0, 145, False, 0
1138,0, 145, False, 0
1139,0, 145, False, 0
1140,0, 145, False, 0
1141,0, 145, False, 0
1142,0, 145, False, 0
1143,0, 145, False, 0
1144,0, 145, False, 0
1145,0, 145, False, 4
1146,0, 145, False, 4
1147,0, 145, False, 4
1148,0, 145, False, 4
1149,0, 145, False, 4
1150,0, 145, False, 4
1151,0, 145, False, 4
1152,0, 145, False, 4
1153,0, 145, False, 4
1154,0, 145, False, 4
1155,0, 145, False, 4
1156,0, 145, False, 4
1157,0, 145, False, 4
1158,0, 145, False, 4
1159,0, 145, False, 4
1160,0, 145, False, 4
1161,0, 145, False, 4
1162,0, 145, False, 4
1163,0, 145, False, 0
1164,0, 145, False, 0
1165,0, 145, False, 0
1166,0, 145, False, 0
1167,0, 145, False, 0
1168,0, 145, False, 0
1169,0, 145, False, 0
1170,0, 145, False, 0
1171,0, 145, False, 1
1172,0, 145, False, 1
1173,0, 145, False, 1
1174,0, 145, False, 1
1175,0, 145, False, 1
1176,0, 145, False, 1
1177,0, 145, False, 1
1178,0, 145, False, 1
1179,0, 145, False, 0
1180,0, 145, False, 0
1181,0, 145, False, 0
1182,0, 145, False, 0
1183,0, 145, False, 1
1184,0, 145, False, 1
1185,0, 145, False, 1
1186,0, 145, False, 1
1187,0, 145, False, 1
1188,0, 145, False, 1
1189,0, 145, False, 1
1190,0, 145, False, 0
1191,5, 150, False, 0
1192,0, 150, False, 1
1193,0, 150, False, 1
1194,0, 150, False, 1
1195,0, 150, False, 1
1196,0, 150, False, 1
1197,0, 150, False, 0
1198,0, 150, False, 0
1199,0, 150, False, 0
1200,0, 150, False, 0
1201,0, 150, False, 1
1202,0, 150, False, 1
1203,0, 150, False, 1
1204,0, 150, False, 1
1205,0, 150, False, 1
1206,0, 150, False, 1
1207,0, 150, False, 1
1208,0, 150, False, 0
1209,0, 150, False, 0
1210,0, 150, False, 0
1211,0, 150, False, 1
1212,0, 150, False, 1
1213,0, 150, False, 1
1214,0, 150, False, 1
1215,0, 150, False, 0
1216,0, 150, False, 0
1217,0, 150, False, 0
1218,0, 150, False, 0
1219,0, 150, False, 0
1220,0, 150, False, 1
1221,0, 150, False, 1
1222,0, 150, False, 1
1223,10, 160, False, 1
1224,0, 160, False, 1
1225,0, 160, False, 1
1226,0, 160, False, 0
1227,0, 160, False, 0
1228,0, 160, False, 0
1229,0, 160, False, 0
1230,0, 160, False, 1
1231,0, 160, False, 1
1232,0, 160, False, 1
1233,0, 160, False, 0
1234,0, 160, False, 0
1235,0, 160, False, 0
1236,0, 160, False, 0
1237,0, 160, False, 0
1238,0, 160, False, 1
1239,0, 160, False, 1
1240,0, 160, False, 1
1241,0, 160, False, 1
1242,0, 160, False, 1
1243,0, 160, False, 1
1244,0, 160, False, 0
1245,0, 160, False, 0
1246,0, 160, False, 0
1247,0, 160, False, 0
1248,0, 160, False, 0
1249,0, 160, False, 1
1250,0, 160, False, 1
1251,0, 160, False, 1
1252,0, 160, False, 1
1253,0, 160, False, 1
1254,0, 160, False, 1
1255,0, 160, False, 0
1256,0, 160, False, 0
1257,0, 160, False, 0
1258,0, 160, False, 0
1259,0, 160, False, 1
1260,0, 160, False, 1
1261,15, 175, False, 1
1262,0, 175, False, 1
1263,0, 175, False, 1
1264,0, 175, False, 0
1265,0, 175, False, 0
1266,0, 175, False, 0
1267,0, 175, False, 0
1268,0, 175, False, 0
1269,0, 175, False, 1
1270,0, 175, False, 1
1271,0, 175, False, 1
1272,0, 175, False, 1
1273,0, 175, False, 1
1274,0, 175, False, 1
1275,0, 175, False, 0
1276,0, 175, False, 0
1277,0, 175, False, 0
1278,0, 175, False, 0
1279,0, 175, False, 1
1280,0, 175, False, 1
1281,0, 175, False, 1
1282,0, 175, False, 1
1283,0, 175, False, 1
1284,0, 175, False, 1
1285,0, 175, False, 1
1286,0, 175, False, 0
1287,0, 175, False, 4
1288,0, 175, False, 4
1289,0, 175, False, 4
1290,0, 175, False, 4
1291,0, 175, False, 4
1292,0, 175, False, 4
1293,0, 175, False, 4
1294,0, 175, False, 4
1295,0, 175, False, 4
1296,0, 175, False, 4
1297,0, 175, False, 4
1298,0, 175, False, 4
1299,0, 175, False, 0
1300,0, 175, False, 0
1301,0, 175, False, 0
1302,0, 175, False, 0
1303,0, 175, False, 0
1304,0, 175, False, 0
1305,0, 175, False, 4
1306,0, 175, False, 4
1307,0, 175, False, 4
1308,0, 175, False, 4
1309,20, 195, False, 0
1310,0, 195, False, 0
1311,0, 195, False, 0
1312,0, 195, False, 1
1313,0, 195, False, 1
1314,0, 195, False, 1
1315,0, 195, False, 1
1316,0, 195, False, 1
1317,0, 195, False, 1
1318,0, 195, False, 1
1319,0, 195, False, 1
1320,0, 195, False, 0
1321,0, 195, False, 0
1322,0, 195, False, 0
1323,0, 195, False, 1
1324,0, 195, False, 1
1325,0, 195, False, 1
1326,0, 195, False, 1
1327,0, 195, False, 1
1328,0, 195, False, 1
1329,0, 195, False, 1
1330,0, 195, False, 0
1331,0, 195, False, 0
1332,0, 195, False, 0
1333,0, 195, False, 0
1334,0, 195, False, 1
1335,0, 195, False, 1
1336,0, 195, False, 1
1337,0, 195, False, 1
1338,0, 195, False, 1
1339,0, 195, False, 1
1340,0, 195, False, 1
1341,0, 195, False, 1
1342,0, 195, False, 1
1343,0, 195, False, 0
1344,0, 195, False, 0
1345,0, 195, False, 1
1346,0, 195, False, 1
1347,0, 195, False, 1
1348,0, 195, False, 1
1349,0, 195, False, 1
1350,0, 195, False, 1
1351,0, 195, False, 1
1352,0, 195, False, 1
1353,0, 195, False, 0
1354,0, 195, False, 0
1355,0, 195, False, 0
1356,0, 195, False, 0
1357,0, 195, False, 1
1358,0, 195, False, 1
1359,0, 195, False, 1
1360,0, 195, False, 1
1361,0, 195, False, 1
1362,0, 195, False, 1
1363,0, 195, False, 0
1364,0, 195, False, 0
1365,0, 195, False, 0
1366,0, 195, False, 0
1367,25, 220, False, 0
1368,0, 220, False, 1
1369,0, 220, False, 1
1370,0, 220, False, 1
1371,0, 220, False, 12
1372,0, 220, False, 12
1373,0, 220, False, 12
1374,0, 220, False, 12
1375,0, 220, False, 12
1376,0, 220, False, 4
1377,0, 220, False, 4
1378,0, 220, False, 4
1379,0, 220, False, 4
1380,0, 220, False, 4
1381,0, 220, False, 4
1382,0, 220, False, 4
1383,0, 220, False, 4
1384,0, 220, False, 4
1385,0, 220, False, 4
1386,0, 220, False, 4
1387,0, 220, False, 4
1388,0, 220, False, 4
1389,0, 220, False, 4
1390,0, 220, False, 4
1391,0, 220, False, 4
1392,0, 220, False, 4
1393,0, 220, False, 4
1394,0, 220, False, 4
1395,0, 220, False, 4
1396,0, 220, False, 4
1397,0, 220, False, 4
1398,0, 220, False, 4
1399,0, 220, False, 4
1400,0, 220, False, 4
1401,0, 220, False, 4
1402,0, 220, False, 4
1403,0, 220, False, 4
1404,0, 220, False, 4
1405,0, 220, False, 4
1406,0, 220, False, 4
1407,0, 220, False, 4
1408,0, 220, False, 4
1409,0, 220, False, 4
1410,0, 220, False, 4
1411,0, 220, False, 4
1412,0, 220, False, 4
1413,0, 220, False, 4
1414,0, 220, False, 4
1415,0, 220, False, 4
1416,0, 220, False, 4
1417,0, 220, False, 4
1418,0, 220, False, 4
1419,0, 220, False, 4
1420,0, 220, False, 4
1421,0, 220, False, 12
1422,0, 220, False, 1
1423,0, 220, False, 1
1424,0, 220, False, 1
1425,0, 220, False, 1
1426,0, 220, False, 1
1427,0, 220, False, 1
1428,0, 220, False, 1
1429,0, 220, False, 0
1430,0, 220, False, 0
1431,0, 220, False, 0
1432,0, 220, False, 1
1433,0, 220, False, 1
1434,0, 220, False, 1
1435,0, 220, False, 1
1436,0, 220, False, 1
1437,0, 220, False, 1
1438,0, 220, False, 1
1439,0, 220, False, 0
1440,0, 220, False, 0
1441,0, 220, False, 0
1442,0, 220, False, 0
1443,0, 220, False, 0
1444,0, 220, False, 1
1445,0, 220, False, 1
1446,0, 220, False, 1
1447,0, 220, False, 1
1448,0, 220, False, 1
1449,0, 220, False, 1
1450,0, 220, False, 0
1451,0, 220, False, 0
1452,0, 220, False, 0
1453,0, 220, False, 0
1454,0, 220, False, 1
1455,0, 220, False, 1
1456,0, 220, False, 1
1457,0, 220, False, 1
1458,0, 220, False, 1
1459,0, 220, False, 1
1460,0, 220, False, 1
1461,0, 220, False, 0
1462,0, 220, False, 0
1463,0, 220, False, 0
1464,0, 220, False, 0
1465,0, 220, False, 4
1466,0, 220, False, 4
1467,0, 220, False, 4
1468,0, 220, False, 4
1469,0, 220, False, 4
1470,0, 220, False, 4
1471,0, 220, False, 4
1472,0, 220, False, 4
1473,0, 220, False, 4
1474,0, 220, False, 4
1475,0, 220, False, 4
1476,0, 220, False, 4
1477,0, 220, False, 4
1478,0, 220, False, 4
1479,0, 220, False, 4
1480,0, 220, False, 4
1481,10, 230, False, 4
1482,0, 230, False, 4
1483,0, 230, False, 4
1484,0, 230, False, 0
1485,0, 230, False, 0
1486,0, 230, False, 0
1487,0, 230, False, 0
1488,0, 230, False, 0
1489,0, 230, False, 0
1490,0, 230, False, 0
1491,0, 230, False, 0
1492,0, 230, False, 0
1493,0, 230, False, 0
1494,0, 230, False, 0
1495,0, 230, False, 0
1496,0, 230, False, 0
1497,0, 230, False, 0
1498,0, 230, False, 0
1499,0, 230, False, 3
1500,0, 230, False, 3
1501,0, 230, False, 3
1502,0, 230, False, 3
1503,0, 230, False, 3
1504,0, 230, False, 3
1505,0, 230, False, 3
1506,0, 230, False, 3
1507,0, 230, False, 3
1508,0, 230, False, 3
1509,0, 230, False, 0
1510,0, 230, False, 0
1511,0, 230, False, 0
1512,0, 230, False, 0
1513,0, 230, False, 0
1514,0, 230, False, 0
1515,0, 230, False, 0
1516,0, 230, False, 1
1517,0, 230, False, 1
1518,0, 230, False, 1
1519,0, 230, False, 1
1520,0, 230, False, 1
1521,0, 230, False, 1
1522,0, 230, False, 1
1523,0, 230, False, 1
1524,0, 230, False, 1
1525,0, 230, False, 1
1526,0, 230, False, 0
1527,0, 230, False, 0
1528,0, 230, False, 0
1529,0, 230, False, 1
1530,0, 230, False, 1
1531,0, 230, False, 1
1532,0, 230, False, 1
1533,0, 230, False, 11
1534,0, 230, False, 3
1535,0, 230, False, 3
1536,0, 230, False, 3
1537,0, 230, False, 3
1538,0, 230, False, 3
1539,0, 230, False, 3
1540,0, 230, False, 3
1541,0, 230, False, 3
1542,0, 230, False, 3
1543,0, 230, False, 3
1544,0, 230, False, 3
1545,0, 230, False, 3
1546,0, 230, False, 3
1547,0, 230, False, 3
1548,0, 230, False, 3
1549,0, 230, False, 3
1550,0, 230, False, 3
1551,0, 230, False, 3
1552,0, 230, False, 3
1553,0, 230, False, 3
1554,0, 230, False, 3
1555,0, 230, False, 3
1556,0, 230, False, 3
1557,0, 230, False, 3
1558,0, 230, False, 3
1559,0, 230, False, 3
1560,0, 230, False, 3
1561,0, 230, False, 3
1562,0, 230, False, 3
1563,0, 230, False, 3
1564,0, 230, False, 3
1565,0, 230, False, 3
1566,0, 230, False, 3
1567,0, 230, False, 3
1568,0, 230, False, 3
1569,0, 230, False, 3
1570,0, 230, False, 3
1571,0, 230, False, 3
1572,0, 230, False, 3
1573,0, 230, False, 3
1574,0, 230, False, 3
1575,0, 230, False, 3
1576,0, 230, False, 3
1577,0, 230, False, 3
1578,0, 230, False, 3
1579,0, 230, False, 3
1580,0, 230, False, 3
1581,0, 230, False, 3
1582,0, 230, False, 3
1583,0, 230, False, 3
1584,0, 230, False, 3
1585,0, 230, False, 3
1586,0, 230, False, 3
1587,0, 230, False, 3
1588,0, 230, False, 3
1589,0, 230, False, 3
1590,0, 230, False, 3
1591,0, 230, False, 3
1592,0, 230, False, 3
1593,0, 230, False, 3
1594,0, 230, False, 3
1595,0, 230, False, 3
1596,0, 230, False, 3
1597,0, 230, False, 3
1598,0, 230, False, 3
1599,0, 230, False, 3
1600,0, 230, False, 3
1601,0, 230, False, 3
1602,0, 230, False, 3
1603,0, 230, False, 3
1604,0, 230, False, 3
1605,0, 230, False, 3
1606,0, 230, False, 3
1607,0, 230, False, 3
1608,0, 230, False, 3
1609,0, 230, False, 3
1610,0, 230, False, 3
1611,0, 230, False, 3
1612,0, 230, False, 3
1613,0, 230, False, 3
1614,0, 230, False, 3
1615,0, 230, False, 3
1616,0, 230, False, 3
1617,0, 230, False, 3
1618,0, 230, False, 3
1619,0, 230, False, 3
1620,0, 230, False, 3
1621,0, 230, False, 3
1622,0, 230, False, 3
1623,0, 230, False, 3
1624,0, 230, False, 3
1625,0, 230, False, 3
1626,0, 230, False, 3
1627,0, 230, False, 3
1628,0, 230, False, 3
1629,0, 230, False, 3
1630,0, 230, False, 3
1631,0, 230, False, 3
1632,0, 230, False, 3
1633,0, 230, False, 3
1634,0, 230, False, 3
1635,0, 230, False, 3
1636,0, 230, False, 3
1637,0, 230, False, 3
1638,0, 230, False, 3
1639,0, 230, False, 3
1640,0, 230, False, 3
1641,0, 230, False, 3
1642,0, 230, False, 3
1643,0, 230, False, 3
1644,0, 230, False, 3
1645,0, 230, False, 3
1646,0, 230, False, 3
1647,0, 230, False, 3
1648,0, 230, False, 3
1649,0, 230, False, 3
1650,0, 230, False, 3
1651,0, 230, False, 3
1652,0, 230, False, 3
1653,0, 230, False, 3
1654,0, 230, False, 3
1655,0, 230, False, 3
1656,0, 230, False, 3
1657,0, 230, False, 3
1658,0, 230, False, 3
1659,0, 230, False, 3
1660,0, 230, False, 3
1661,0, 230, False, 11
1662,0, 230, False, 1
1663,0, 230, False, 1
1664,0, 230, False, 1
1665,0, 230, False, 1
1666,0, 230, False, 0
1667,0, 230, False, 0
1668,0, 230, False, 0
1669,0, 230, False, 0
1670,0, 230, False, 0
1671,0, 230, False, 1
1672,0, 230, False, 1
1673,0, 230, False, 1
1674,0, 230, False, 1
1675,0, 230, False, 0
1676,0, 230, False, 0
1677,0, 230, False, 0
1678,0, 230, False, 0
1679,5, 235, False, 0
1680,0, 235, False, 1
1681,0, 235, False, 1
1682,0, 235, False, 1
1683,0, 235, False, 0
1684,0, 235, False, 0
1685,0, 235, False, 0
1686,0, 235, False, 0
1687,0, 235, False, 1
1688,0, 235, False, 1
1689,0, 235, False, 1
1690,0, 235, False, 0
1691,0, 235, False, 0
1692,0, 235, False, 0
1693,0, 235, False, 0
1694,0, 235, False, 1
1695,0, 235, False, 1
1696,0, 235, False, 1
1697,0, 235, False, 1
1698,0, 235, False, 12
1699,0, 235, False, 4
1700,0, 235, False, 4
1701,0, 235, False, 4
1702,0, 235, False, 4
1703,0, 235, False, 4
1704,0, 235, False, 4
1705,0, 235, False, 4
1706,0, 235, False, 4
1707,0, 235, False, 4
1708,0, 235, False, 4
1709,0, 235, False, 4
1710,0, 235, False, 4
1711,0, 235, False, 4
1712,0, 235, False, 4
1713,0, 235, False, 4
1714,0, 235, False, 4
1715,0, 235, False, 4
1716,0, 235, False, 4
1717,0, 235, False, 4
1718,0, 235, False, 4
1719,0, 235, False, 4
1720,0, 235, False, 4
1721,0, 235, False, 0
1722,0, 235, False, 0
1723,0, 235, False, 0
1724,0, 235, False, 0
1725,0, 235, False, 0
1726,0, 235, False, 0
1727,0, 235, False, 0
1728,0, 235, False, 0
1729,0, 235, False, 0
1730,0, 235, False, 0
1731,0, 235, False, 0
1732,0, 235, False, 0
1733,0, 235, False, 0
1734,0, 235, False, 0
1735,0, 235, False, 0
1736,0, 235, False, 0
1737,0, 235, False, 0
1738,0, 235, False, 0
1739,0, 235, False, 0
1740,0, 235, False, 0
1741,0, 235, False, 0
1742,0, 235, False, 0
1743,0, 235, False, 3
1744,0, 235, False, 3
1745,0, 235, False, 3
1746,0, 235, False, 3
1747,0, 235, False, 3
1748,0, 235, False, 3
1749,0, 235, False, 3
1750,0, 235, False, 3
1751,0, 235, False, 3
1752,0, 235, False, 3
1753,0, 235, False, 3
1754,0, 235, False, 3
1755,0, 235, False, 3
1756,0, 235, False, 3
1757,0, 235, False, 3
1758,0, 235, False, 3
1759,0, 235, False, 3
1760,0, 235, False, 3
1761,0, 235, False, 3
1762,0, 235, False, 3
1763,0, 235, False, 3
1764,0, 235, False, 3
1765,0, 235, False, 3
1766,0, 235, False, 3
1767,0, 235, False, 3
1768,0, 235, False, 3
1769,0, 235, False, 3
1770,0, 235, False, 3
1771,0, 235, False, 3
1772,0, 235, False, 3
1773,0, 235, False, 3
1774,0, 235, False, 3
1775,0, 235, False, 3
1776,0, 235, False, 3
1777,0, 235, False, 3
1778,0, 235, False, 11
1779,0, 235, False, 1
1780,0, 235, False, 1
1781,0, 235, False, 1
1782,0, 235, False, 1
1783,0, 235, False, 1
1784,0, 235, False, 0
1785,0, 235, False, 0
1786,0, 235, False, 0
1787,0, 235, False, 0
1788,0, 235, False, 0
1789,0, 235, False, 0
1790,0, 235, False, 0
1791,0, 235, False, 0
1792,0, 235, False, 0
1793,0, 235, False, 0
1794,0, 235, False, 0
1795,0, 235, False, 0
1796,0, 235, False, 0
1797,10, 245, False, 1
1798,0, 245, False, 1
1799,0, 245, False, 1
1800,0, 245, False, 1
1801,0, 245, False, 1
1802,0, 245, False, 1
1803,0, 245, False, 0
1804,0, 245, False, 0
1805,0, 245, False, 0
1806,0, 245, False, 0
1807,0, 245, False, 1
1808,0, 245, False, 1
1809,0, 245, False, 1
1810,0, 245, False, 1
1811,0, 245, False, 0
1812,0, 245, False, 0
1813,0, 245, False, 0
1814,0, 245, False, 0
1815,0, 245, False, 0
1816,0, 245, False, 1
1817,0, 245, False, 1
1818,0, 245, False, 1
1819,0, 245, False, 1
1820,0, 245, False, 1
1821,0, 245, False, 1
1822,0, 245, False, 0
1823,0, 245, False, 0
1824,0, 245, False, 0
1825,0, 245, False, 0
1826,0, 245, False, 1
1827,0, 245, False, 1
1828,0, 245, False, 1
1829,0, 245, False, 1
1830,0, 245, False, 1
1831,0, 245, False, 0
1832,0, 245, False, 0
1833,0, 245, False, 0
1834,0, 245, False, 0
1835,0, 245, False, 0
1836,0, 245, False, 1
1837,0, 245, False, 1
1838,0, 245, False, 1
1839,0, 245, False, 1
1840,0, 245, False, 1
1841,0, 245, False, 1
1842,0, 245, False, 0
1843,0, 245, False, 0
1844,0, 245, False, 0
1845,0, 245, False, 0
1846,0, 245, False, 0
1847,0, 245, False, 1
1848,0, 245, False, 1
1849,0, 245, False, 1
1850,0, 245, False, 1
1851,0, 245, False, 1
1852,0, 245, False, 1
1853,0, 245, False, 0
1854,0, 245, False, 0
1855,0, 245, False, 0
1856,0, 245, False, 0
1857,0, 245, False, 1
1858,0, 245, False, 1
1859,0, 245, False, 1
1860,0, 245, False, 1
1861,0, 245, False, 1
1862,0, 245, False, 0
1863,0, 245, False, 0
1864,0, 245, False, 0
1865,0, 245, False, 0
1866,0, 245, False, 0
1867,0, 245, False, 1
1868,0, 245, False, 1
1869,0, 245, False, 1
1870,0, 245, False, 1
1871,0, 245, False, 1
1872,0, 245, False, 0
1873,0, 245, False, 0
1874,0, 245, False, 0
1875,0, 245, False, 0
1876,0, 245, False, 0
1877,0, 245, False, 1
1878,0, 245, False, 1
1879,0, 245, False, 1
1880,0, 245, False, 1
1881,0, 245, False, 1
1882,0, 245, False, 0
1883,0, 245, False, 0
1884,0, 245, False, 0
1885,0, 245, False, 0
1886,0, 245, False, 0
1887,0, 245, False, 1
1888,0, 245, False, 1
1889,0, 245, False, 1
1890,0, 245, False, 1
1891,0, 245, False, 1
1892,0, 245, False, 1
1893,0, 245, False, 0
1894,0, 245, False, 0
1895,0, 245, False, 0
1896,0, 245, False, 0
1897,0, 245, False, 0
1898,0, 245, False, 0
1899,0, 245, False, 1
1900,0, 245, False, 1
1901,0, 245, False, 1
1902,0, 245, False, 1
1903,0, 245, False, 1
1904,0, 245, False, 0
1905,0, 245, False, 0
1906,0, 245, False, 0
1907,10, 255, False, 0
1908,0, 255, False, 1
1909,0, 255, False, 1
1910,0, 255, False, 1
1911,0, 255, False, 1
1912,0, 255, False, 1
1913,0, 255, False, 0
1914,0, 255, False, 0
1915,0, 255, False, 0
1916,0, 255, False, 0
1917,0, 255, False, 0
1918,0, 255, False, 1
1919,0, 255, False, 1
1920,0, 255, False, 1
1921,0, 255, False, 1
1922,0, 255, False, 1
1923,0, 255, False, 0
1924,0, 255, False, 0
1925,0, 255, False, 0
1926,0, 255, False, 0
1927,0, 255, False, 1
1928,0, 255, False, 1
1929,0, 255, False, 1
1930,0, 255, False, 1
1931,0, 255, False, 1
1932,0, 255, False, 1
1933,0, 255, False, 0
1934,0, 255, False, 0
1935,15, 270, False, 0
1936,0, 270, False, 0
1937,0, 270, False, 1
1938,0, 270, False, 1
1939,0, 270, False, 1
1940,0, 270, False, 1
1941,0, 270, False, 1
1942,0, 270, False, 0
1943,0, 270, False, 0
1944,0, 270, False, 0
1945,0, 270, False, 0
1946,0, 270, False, 1
1947,0, 270, False, 1
1948,0, 270, False, 1
1949,0, 270, False, 1
1950,0, 270, False, 1
1951,0, 270, False, 1
1952,0, 270, False, 1
1953,0, 270, False, 0
1954,0, 270, False, 0
1955,0, 270, False, 0
1956,0, 270, False, 0
1957,0, 270, False, 0
1958,0, 270, False, 0
1959,0, 270, False, 4
1960,0, 270, False, 4
1961,0, 270, False, 4
1962,0, 270, False, 4
1963,0, 270, False, 4
1964,0, 270, False, 4
1965,0, 270, False, 4
1966,0, 270, False, 4
1967,0, 270, False, 4
1968,0, 270, False, 4
1969,0, 270, False, 4
1970,0, 270, False, 4
1971,0, 270, False, 4
1972,0, 270, False, 4
1973,0, 270, False, 4
1974,0, 270, False, 4
1975,0, 270, False, 4
1976,0, 270, False, 4
1977,0, 270, False, 4
1978,0, 270, False, 4
1979,0, 270, False, 4
1980,0, 270, False, 4
1981,0, 270, False, 4
1982,0, 270, False, 4
1983,0, 270, False, 4
1984,0, 270, False, 4
1985,0, 270, False, 4
1986,0, 270, False, 4
1987,0, 270, False, 4
1988,0, 270, False, 4
1989,0, 270, False, 4
1990,0, 270, False, 0
1991,0, 270, False, 0
1992,0, 270, False, 0
1993,0, 270, False, 0
1994,0, 270, False, 0
1995,0, 270, False, 0
1996,0, 270, False, 0
1997,0, 270, False, 0
1998,0, 270, False, 0
1999,0, 270, False, 0
2000,0, 270, False, 0
2001,0, 270, False, 0
2002,0, 270, False, 0
2003,0, 270, False, 0
2004,0, 270, False, 0
2005,0, 270, False, 0
2006,0, 270, False, 0
2007,0, 270, False, 0
2008,0, 270, False, 0
2009,0, 270, False, 0
2010,0, 270, False, 0
2011,0, 270, False, 0
2012,0, 270, False, 0
2013,0, 270, False, 0
2014,0, 270, False, 0
2015,0, 270, False, 4
2016,0, 270, False, 4
2017,0, 270, False, 4
2018,0, 270, False, 4
2019,0, 270, False, 4
2020,0, 270, False, 4
2021,0, 270, False, 4
2022,0, 270, False, 4
2023,0, 270, False, 4
2024,0, 270, False, 0
2025,0, 270, False, 0
2026,0, 270, False, 0
2027,0, 270, False, 0
2028,0, 270, False, 0
2029,0, 270, False, 0
2030,0, 270, False, 0
2031,0, 270, False, 0
2032,0, 270, False, 0
2033,0, 270, False, 0
2034,0, 270, False, 0
2035,0, 270, False, 0
2036,0, 270, False, 0
2037,0, 270, False, 0
2038,0, 270, False, 0
2039,0, 270, False, 3
2040,0, 270, False, 3
2041,0, 270, False, 3
2042,0, 270, False, 3
2043,0, 270, False, 3
2044,0, 270, False, 3
2045,0, 270, False, 3
2046,0, 270, False, 3
2047,0, 270, False, 3
2048,0, 270, False, 3
2049,0, 270, False, 3
2050,0, 270, False, 3
2051,0, 270, False, 3
2052,0, 270, False, 3
2053,0, 270, False, 4
2054,0, 270, False, 4
2055,0, 270, False, 4
2056,0, 270, False, 4
2057,0, 270, False, 4
2058,0, 270, False, 4
2059,0, 270, False, 4
2060,0, 270, False, 4
2061,0, 270, False, 4
2062,0, 270, False, 4
2063,0, 270, False, 0
2064,0, 270, False, 0
2065,0, 270, False, 0
2066,0, 270, False, 0
2067,0, 270, False, 0
2068,0, 270, False, 0
2069,0, 270, False, 0
2070,0, 270, False, 3
2071,0, 270, False, 3
2072,0, 270, False, 3
2073,0, 270, False, 3
2074,0, 270, False, 3
2075,0, 270, False, 3
2076,0, 270, False, 3
2077,0, 270, False, 3
2078,0, 270, False, 3
2079,0, 270, False, 3
2080,0, 270, False, 3
2081,0, 270, False, 3
2082,0, 270, False, 3
2083,0, 270, False, 3
2084,0, 270, False, 3
2085,0, 270, False, 3
2086,0, 270, False, 3
2087,0, 270, False, 3
2088,0, 270, False, 3
2089,0, 270, False, 4
2090,0, 270, False, 4
2091,0, 270, False, 4
2092,0, 270, False, 4
2093,0, 270, False, 4
2094,0, 270, False, 4
2095,0, 270, False, 4
2096,0, 270, False, 4
2097,0, 270, False, 4
2098,0, 270, False, 4
2099,0, 270, False, 4
2100,0, 270, False, 4
2101,0, 270, False, 4
2102,0, 270, False, 4
2103,0, 270, False, 4
2104,0, 270, False, 4
2105,0, 270, False, 4
2106,0, 270, False, 4
2107,0, 270, False, 4
2108,0, 270, False, 0
2109,0, 270, False, 0
2110,0, 270, False, 1
2111,0, 270, False, 1
2112,0, 270, False, 1
2113,0, 270, False, 1
2114,0, 270, False, 1
2115,0, 270, False, 1
2116,0, 270, False, 0
2117,0, 270, False, 0
2118,0, 270, False, 0
2119,0, 270, False, 0
2120,0, 270, False, 1
2121,0, 270, False, 1
2122,0, 270, False, 1
2123,0, 270, False, 1
2124,0, 270, False, 0
2125,0, 270, False, 0
2126,0, 270, False, 0
2127,0, 270, False, 0
2128,0, 270, False, 0
2129,0, 270, False, 0
2130,0, 270, False, 1
2131,0, 270, False, 1
2132,0, 270, False, 1
2133,0, 270, False, 1
2134,0, 270, False, 0
2135,0, 270, False, 0
2136,0, 270, False, 0
2137,0, 270, False, 0
2138,0, 270, False, 0
2139,0, 270, False, 1
2140,0, 270, False, 1
2141,0, 270, False, 1
2142,0, 270, False, 1
2143,0, 270, False, 1
2144,0, 270, False, 0
2145,0, 270, False, 0
2146,0, 270, False, 0
2147,0, 270, False, 0
2148,0, 270, False, 0
2149,0, 270, False, 0
2150,0, 270, False, 0
2151,0, 270, False, 1
2152,0, 270, False, 1
2153,0, 270, False, 1
2154,0, 270, False, 1
2155,0, 270, False, 1
2156,0, 270, False, 0
2157,0, 270, False, 0
2158,0, 270, False, 0
2159,0, 270, False, 0
2160,0, 270, False, 1
2161,0, 270, False, 1
2162,0, 270, False, 1
2163,30, 300, False, 1
2164,0, 300, False, 1
2165,0, 300, False, 1
2166,0, 300, False, 0
2167,0, 300, False, 0
2168,0, 300, False, 0
2169,0, 300, False, 0
2170,0, 300, False, 1
2171,0, 300, False, 1
2172,0, 300, False, 1
2173,0, 300, False, 1
2174,0, 300, False, 1
2175,0, 300, False, 1
2176,0, 300, False, 0
2177,0, 300, False, 0
2178,0, 300, False, 0
2179,0, 300, False, 0
2180,0, 300, False, 1
2181,0, 300, False, 1
2182,0, 300, False, 1
2183,0, 300, False, 1
2184,0, 300, False, 1
2185,0, 300, False, 1
2186,0, 300, False, 1
2187,15, 315, False, 0
2188,0, 315, False, 0
2189,0, 315, False, 0
2190,0, 315, False, 0
2191,0, 315, False, 1
2192,0, 315, False, 1
2193,0, 315, False, 1
2194,0, 315, False, 1
2195,0, 315, False, 1
2196,0, 315, False, 0
2197,0, 315, False, 0
2198,0, 315, False, 0
2199,0, 315, False, 0
2200,0, 315, False, 1
2201,0, 315, False, 1
2202,0, 315, False, 1
2203,0, 315, False, 1
2204,0, 315, False, 1
2205,0, 315, False, 0
2206,0, 315, False, 0
2207,0, 315, False, 0
2208,0, 315, False, 0
2209,0, 315, False, 1
2210,0, 315, False, 1
2211,0, 315, False, 1
2212,0, 315, False, 1
2213,0, 315, False, 1
2214,0, 315, False, 1
2215,0, 315, False, 1
2216,0, 315, False, 1
2217,0, 315, False, 0
2218,0, 315, False, 0
2219,0, 315, False, 0
2220,0, 315, False, 0
2221,0, 315, False, 1
2222,0, 315, False, 1
2223,20, 335, False, 1
2224,0, 335, False, 1
2225,0, 335, False, 1
2226,0, 335, False, 1
2227,0, 335, False, 1
2228,0, 335, False, 1
2229,0, 335, False, 1
2230,0, 335, False, 1
2231,0, 335, False, 1
2232,0, 335, False, 0
2233,0, 335, False, 0
2234,0, 335, False, 0
2235,0, 335, False, 0
2236,0, 335, False, 0
2237,0, 335, False, 0
2238,0, 335, False, 4
2239,0, 335, False, 4
2240,0, 335, False, 4
2241,0, 335, False, 4
2242,0, 335, False, 4
2243,0, 335, False, 4
2244,0, 335, False, 4
2245,0, 335, False, 4
2246,0, 335, False, 4
2247,0, 335, False, 4
2248,0, 335, False, 4
2249,0, 335, False, 4
2250,0, 335, False, 4
2251,0, 335, False, 4
2252,0, 335, False, 4
2253,0, 335, False, 4
2254,0, 335, False, 4
2255,0, 335, False, 4
2256,0, 335, False, 4
2257,0, 335, False, 4
2258,0, 335, False, 0
2259,0, 335, False, 0
2260,0, 335, False, 0
2261,0, 335, False, 0
2262,0, 335, False, 4
2263,0, 335, False, 4
2264,0, 335, False, 4
2265,0, 335, False, 4
2266,0, 335, False, 4
2267,0, 335, False, 4
2268,0, 335, False, 4
2269,0, 335, False, 4
2270,0, 335, False, 4
2271,0, 335, False, 4
2272,0, 335, False, 4
2273,0, 335, False, 1
2274,0, 335, False, 1
2275,0, 335, False, 1
2276,0, 335, False, 1
2277,0, 335, False, 1
2278,0, 335, False, 1
2279,0, 335, False, 1
2280,0, 335, False, 0
2281,0, 335, False, 0
2282,0, 335, False, 0
2283,0, 335, False, 0
2284,0, 335, False, 0
2285,0, 335, False, 1
2286,0, 335, False, 1
2287,0, 335, False, 1
2288,0, 335, False, 1
2289,0, 335, False, 1
2290,0, 335, False, 1
2291,0, 335, False, 1
2292,0, 335, False, 1
2293,0, 335, False, 0
2294,0, 335, False, 4
2295,0, 335, False, 4
2296,0, 335, False, 4
2297,0, 335, False, 4
2298,0, 335, False, 4
2299,0, 335, False, 4
2300,0, 335, False, 4
2301,0, 335, False, 4
2302,0, 335, False, 4
2303,0, 335, False, 4
2304,0, 335, False, 4
2305,0, 335, False, 4
2306,0, 335, False, 0
2307,0, 335, False, 0
2308,0, 335, False, 0
2309,0, 335, False, 0
2310,0, 335, False, 0
2311,0, 335, False, 0
2312,0, 335, False, 0
2313,0, 335, False, 0
2314,0, 335, False, 0
2315,0, 335, False, 0
2316,0, 335, False, 0
2317,0, 335, False, 0
2318,0, 335, False, 0
2319,0, 335, False, 4
2320,0, 335, False, 4
2321,0, 335, False, 4
2322,0, 335, False, 4
2323,0, 335, False, 4
2324,0, 335, False, 4
2325,0, 335, False, 4
2326,0, 335, False, 0
2327,0, 335, False, 0
2328,0, 335, False, 0
2329,0, 335, False, 0
2330,0, 335, False, 0
2331,0, 335, False, 0
2332,0, 335, False, 0
2333,0, 335, False, 0
2334,0, 335, False, 0
2335,0, 335, False, 0
2336,0, 335, False, 0
2337,0, 335, False, 0
2338,0, 335, False, 0
2339,0, 335, False, 0
2340,0, 335, False, 0
2341,0, 335, False, 3
2342,0, 335, False, 3
2343,0, 335, False, 3
2344,0, 335, False, 3
2345,0, 335, False, 3
2346,0, 335, False, 3
2347,0, 335, False, 3
2348,0, 335, False, 3
2349,0, 335, False, 3
2350,0, 335, False, 3
2351,0, 335, False, 3
2352,0, 335, False, 3
2353,0, 335, False, 3
2354,0, 335, False, 3
2355,0, 335, False, 3
2356,0, 335, False, 3
2357,0, 335, False, 3
2358,0, 335, False, 3
2359,0, 335, False, 3
2360,0, 335, False, 0
2361,0, 335, False, 0
2362,0, 335, False, 0
2363,0, 335, False, 0
2364,0, 335, False, 1
2365,0, 335, False, 1
2366,0, 335, False, 1
2367,0, 335, False, 1
2368,0, 335, False, 1
2369,0, 335, False, 0
2370,0, 335, False, 0
2371,0, 335, False, 0
2372,0, 335, False, 0
2373,0, 335, False, 1
2374,0, 335, False, 1
2375,0, 335, False, 1
2376,0, 335, False, 1
2377,0, 335, False, 1
2378,0, 335, False, 1
2379,0, 335, False, 0
2380,0, 335, False, 0
2381,0, 335, False, 0
2382,0, 335, False, 0
2383,15, 350, False, 1
2384,0, 350, False, 1
2385,0, 350, False, 1
2386,0, 350, False, 1
2387,0, 350, False, 1
2388,0, 350, False, 0
2389,0, 350, False, 0
2390,0, 350, False, 0
2391,0, 350, False, 0
2392,0, 350, False, 1
2393,0, 350, False, 1
2394,0, 350, False, 1
2395,0, 350, False, 1
2396,0, 350, False, 0
2397,0, 350, False, 0
2398,0, 350, False, 0
2399,0, 350, False, 0
2400,0, 350, False, 1
2401,0, 350, False, 1
2402,0, 350, False, 1
2403,0, 350, False, 1
2404,0, 350, False, 1
2405,0, 350, False, 0
2406,0, 350, False, 0
2407,0, 350, False, 0
2408,0, 350, False, 0
2409,0, 350, False, 1
2410,0, 350, False, 1
2411,20, 370, False, 1
2412,0, 370, False, 1
2413,0, 370, False, 1
2414,0, 370, False, 1
2415,0, 370, False, 0
2416,0, 370, False, 0
2417,0, 370, False, 0
2418,0, 370, False, 1
2419,0, 370, False, 1
2420,0, 370, False, 1
2421,0, 370, False, 1
2422,0, 370, False, 1
2423,0, 370, False, 1
2424,0, 370, False, 1
2425,0, 370, False, 0
2426,0, 370, False, 0
2427,0, 370, False, 0
2428,0, 370, False, 0
2429,0, 370, False, 0
2430,0, 370, False, 0
2431,0, 370, False, 1
2432,0, 370, False, 1
2433,0, 370, False, 1
2434,0, 370, False, 1
2435,0, 370, False, 1
2436,0, 370, False, 1
2437,0, 370, False, 1
2438,0, 370, False, 1
2439,0, 370, False, 0
2440,0, 370, False, 0
2441,0, 370, False, 0
2442,0, 370, False, 0
2443,0, 370, False, 0
2444,0, 370, False, 0
2445,0, 370, False, 1
2446,0, 370, False, 1
2447,0, 370, False, 1
2448,0, 370, False, 1
2449,0, 370, False, 1
2450,0, 370, False, 1
2451,0, 370, False, 1
2452,0, 370, False, 0
2453,0, 370, False, 0
2454,0, 370, False, 0
2455,0, 370, False, 0
2456,0, 370, False, 1
2457,0, 370, False, 1
2458,0, 370, False, 1
2459,0, 370, False, 1
2460,0, 370, False, 1
2461,0, 370, False, 1
2462,0, 370, False, 0
2463,0, 370, False, 0
2464,0, 370, False, 0
2465,0, 370, False, 0
2466,0, 370, False, 0
2467,0, 370, False, 1
2468,0, 370, False, 1
2469,0, 370, False, 1
2470,0, 370, False, 1
2471,0, 370, False, 1
2472,0, 370, False, 1
2473,0, 370, False, 0
2474,0, 370, False, 0
2475,0, 370, False, 0
2476,0, 370, False, 0
2477,0, 370, False, 1
2478,0, 370, False, 1
2479,0, 370, False, 1
2480,0, 370, False, 1
2481,0, 370, False, 1
2482,0, 370, False, 1
2483,0, 370, False, 1
2484,0, 370, False, 0
2485,0, 370, False, 0
2486,0, 370, False, 0
2487,0, 370, False, 0
2488,0, 370, False, 0
2489,0, 370, False, 0
2490,0, 370, False, 0
2491,0, 370, False, 1
2492,0, 370, False, 1
2493,0, 370, False, 0
2494,0, 370, False, 0
2495,0, 370, False, 0
2496,0, 370, False, 0
2497,0, 370, False, 0
2498,0, 370, False, 0
2499,0, 370, False, 0
2500,0, 370, False, 0
2501,0, 370, False, 0
2502,0, 370, False, 1
2503,0, 370, False, 1
2504,0, 370, False, 1
2505,0, 370, False, 1
2506,0, 370, False, 1
2507,0, 370, False, 1
2508,0, 370, False, 1
2509,0, 370, False, 1
2510,0, 370, False, 0
2511,0, 370, False, 0
2512,0, 370, False, 0
2513,0, 370, False, 0
2514,0, 370, False, 0
2515,0, 370, False, 0
2516,0, 370, False, 0
2517,0, 370, False, 0
2518,0, 370, False, 0
2519,0, 370, False, 0
2520,0, 370, False, 0
2521,0, 370, False, 0
2522,0, 370, False, 0
2523,0, 370, False, 1
2524,0, 370, False, 1
2525,0, 370, False, 1
2526,0, 370, False, 1
2527,0, 370, False, 1
2528,0, 370, False, 1
2529,0, 370, False, 1
2530,0, 370, False, 1
2531,0, 370, False, 1
2532,0, 370, False, 0
2533,0, 370, False, 0
2534,0, 370, False, 0
2535,0, 370, False, 0
2536,0, 370, False, 0
2537,0, 370, False, 0
2538,0, 370, False, 0
2539,0, 370, False, 0
2540,0, 370, False, 0
2541,0, 370, False, 0
2542,0, 370, False, 0
2543,0, 370, False, 0
2544,0, 370, False, 0
2545,0, 370, False, 0
2546,0, 370, False, 0
2547,30, 400, False, 0
2548,0, 400, False, 0
2549,0, 400, False, 0
2550,0, 400, False, 0
2551,0, 400, False, 0
2552,0, 400, False, 0
2553,0, 400, False, 0
2554,0, 400, False, 0
2555,0, 400, False, 0
2556,0, 400, False, 1
2557,0, 400, False, 1
2558,0, 400, False, 1
2559,0, 400, False, 1
2560,0, 400, False, 1
2561,0, 400, False, 1
2562,0, 400, False, 1
2563,0, 400, False, 1
2564,0, 400, False, 0
2565,0, 400, False, 0
2566,0, 400, False, 0
2567,0, 400, False, 0
2568,0, 400, False, 0
2569,0, 400, False, 0
2570,0, 400, False, 0
2571,0, 400, False, 0
2572,0, 400, False, 0
2573,0, 400, False, 0
2574,0, 400, False, 0
2575,0, 400, False, 0
2576,0, 400, False, 0
2577,0, 400, False, 0
2578,0, 400, False, 0
2579,0, 400, False, 0
2580,0, 400, False, 4
2581,0, 400, False, 4
2582,0, 400, False, 4
2583,0, 400, False, 4
2584,0, 400, False, 4
2585,0, 400, False, 4
2586,0, 400, False, 4
2587,0, 400, False, 4
2588,0, 400, False, 4
2589,0, 400, False, 4
2590,0, 400, False, 4
2591,0, 400, False, 4
2592,0, 400, False, 0
2593,0, 400, False, 0
2594,0, 400, False, 0
2595,0, 400, False, 0
2596,0, 400, False, 0
2597,0, 400, False, 0
2598,0, 400, False, 0
2599,0, 400, False, 0
2600,0, 400, False, 0
2601,0, 400, False, 0
2602,0, 400, False, 0
2603,0, 400, False, 0
2604,0, 400, False, 0
2605,0, 400, False, 0
2606,0, 400, False, 0
2607,0, 400, False, 0
2608,0, 400, False, 0
2609,0, 400, False, 0
2610,0, 400, False, 0
2611,0, 400, False, 0
2612,0, 400, False, 0
2613,0, 400, False, 0
2614,0, 400, False, 0
2615,0, 400, False, 0
2616,0, 400, False, 0
2617,0, 400, False, 0
2618,0, 400, False, 0
2619,0, 400, False, 0
2620,0, 400, False, 0
2621,0, 400, False, 0
2622,0, 400, False, 0
2623,0, 400, False, 0
2624,0, 400, False, 0
2625,0, 400, False, 0
2626,0, 400, False, 0
2627,0, 400, False, 0
2628,0, 400, False, 0
2629,0, 400, False, 0
2630,0, 400, False, 0
2631,0, 400, False, 3
2632,0, 400, False, 3
2633,0, 400, False, 3
2634,0, 400, False, 3
2635,0, 400, False, 3
2636,0, 400, False, 3
2637,0, 400, False, 3
2638,0, 400, False, 3
2639,0, 400, False, 3
2640,0, 400, False, 3
2641,0, 400, False, 3
2642,0, 400, False, 0
2643,0, 400, False, 0
2644,0, 400, False, 0
2645,0, 400, False, 0
2646,0, 400, False, 0
2647,0, 400, False, 0
2648,0, 400, False, 0
2649,0, 400, False, 0
2650,0, 400, False, 0
2651,0, 400, False, 3
2652,0, 400, False, 3
2653,0, 400, False, 3
2654,0, 400, False, 3
2655,0, 400, False, 3
2656,0, 400, False, 3
2657,0, 400, False, 3
2658,0, 400, False, 3
2659,0, 400, False, 3
2660,0, 400, False, 0
2661,0, 400, False, 0
2662,0, 400, False, 0
2663,0, 400, False, 0
2664,0, 400, False, 0
2665,0, 400, False, 0
2666,0, 400, False, 0
2667,0, 400, False, 0
2668,0, 400, False, 0
2669,0, 400, False, 0
2670,0, 400, False, 0
2671,0, 400, False, 0
2672,0, 400, False, 0
2673,0, 400, False, 0
2674,0, 400, False, 1
2675,0, 400, False, 1
2676,0, 400, False, 1
2677,0, 400, False, 1
2678,0, 400, False, 1
2679,0, 400, False, 1
2680,0, 400, False, 1
2681,0, 400, False, 1
2682,0, 400, False, 0
2683,0, 400, False, 0
2684,0, 400, False, 0
2685,0, 400, False, 0
2686,0, 400, False, 1
2687,0, 400, False, 1
2688,0, 400, False, 1
2689,0, 400, False, 1
2690,0, 400, False, 0
2691,0, 400, False, 0
2692,0, 400, False, 0
2693,0, 400, False, 0
2694,0, 400, False, 0
2695,0, 400, False, 0
2696,0, 400, False, 1
2697,0, 400, False, 1
2698,0, 400, False, 1
2699,0, 400, False, 1
2700,0, 400, False, 1
2701,0, 400, False, 0
2702,0, 400, False, 0
2703,0, 400, False, 0
2704,0, 400, False, 0
2705,0, 400, False, 0
2706,0, 400, False, 0
2707,0, 400, False, 0
2708,0, 400, False, 0
2709,0, 400, False, 0
2710,0, 400, False, 0
2711,0, 400, False, 0
2712,0, 400, False, 0
2713,0, 400, False, 0
2714,0, 400, False, 0
2715,0, 400, False, 0
2716,0, 400, False, 0
2717,0, 400, False, 0
2718,0, 400, False, 0
2719,0, 400, False, 0
2720,0, 400, False, 0
2721,0, 400, False, 0
2722,0, 400, False, 0
2723,0, 400, False, 0
2724,0, 400, False, 0
2725,0, 400, False, 0
2726,0, 400, False, 0
2727,0, 400, False, 0
2728,0, 400, False, 0
2729,0, 400, False, 0
2730,0, 400, False, 0
2731,0, 400, False, 0
2732,0, 400, False, 0
2733,0, 400, False, 0
2734,0, 400, False, 0
2735,0, 400, False, 0
2736,0, 400, False, 0
2737,0, 400, False, 0
2738,0, 400, False, 0
2739,0, 400, False, 0
2740,0, 400, False, 0
2741,0, 400, False, 0
2742,0, 400, False, 0
2743,0, 400, False, 0
2744,0, 400, False, 0
2745,0, 400, False, 0
2746,0, 400, False, 0
2747,0, 400, False, 0
2748,0, 400, False, 0
2749,0, 400, False, 0
2750,0, 400, False, 0
2751,200, 600, False, 0
2752,0, 600, False, 0
2753,0, 600, False, 0
2754,0, 600, False, 0
2755,0, 600, False, 0
2756,0, 600, False, 0
2757,0, 600, False, 0
2758,0, 600, False, 0
2759,0, 600, False, 0
2760,0, 600, False, 0
2761,0, 600, False, 0
2762,0, 600, False, 0
2763,0, 600, False, 0
2764,0, 600, False, 0
2765,0, 600, False, 4
2766,0, 600, False, 4
2767,0, 600, False, 4
2768,0, 600, False, 4
2769,0, 600, False, 4
2770,0, 600, False, 4
2771,0, 600, False, 4
2772,0, 600, False, 4
2773,0, 600, False, 4
2774,0, 600, False, 4
2775,0, 600, False, 4
2776,0, 600, False, 4
2777,0, 600, False, 4
2778,0, 600, False, 4
2779,0, 600, False, 4
2780,0, 600, False, 4
2781,0, 600, False, 4
2782,0, 600, False, 4
2783,0, 600, False, 4
2784,0, 600, False, 4
2785,0, 600, False, 4
2786,0, 600, False, 4
2787,0, 600, False, 4
2788,0, 600, False, 4
2789,0, 600, False, 4
2790,0, 600, False, 4
2791,0, 600, False, 4
2792,0, 600, False, 4
2793,0, 600, False, 4
2794,0, 600, False, 4
2795,0, 600, False, 4
2796,0, 600, False, 0
2797,0, 600, False, 0
2798,0, 600, False, 0
2799,0, 600, False, 3
2800,0, 600, False, 3
2801,0, 600, False, 3
2802,0, 600, False, 3
2803,0, 600, False, 3
2804,0, 600, False, 3
2805,0, 600, False, 3
2806,0, 600, False, 3
2807,0, 600, False, 3
2808,0, 600, False, 3
2809,0, 600, False, 3
2810,0, 600, False, 3
2811,0, 600, False, 3
2812,0, 600, False, 3
2813,0, 600, False, 3
2814,0, 600, False, 0
2815,0, 600, False, 0
2816,0, 600, False, 0
2817,0, 600, False, 0
2818,0, 600, False, 0
2819,0, 600, False, 0
2820,0, 600, False, 4
2821,0, 600, False, 4
2822,0, 600, False, 4
2823,0, 600, False, 4
2824,0, 600, False, 4
2825,0, 600, False, 4
2826,0, 600, False, 4
2827,0, 600, False, 4
2828,0, 600, False, 4
2829,0, 600, False, 4
2830,0, 600, False, 4
2831,0, 600, False, 4
2832,0, 600, False, 4
2833,0, 600, False, 4
2834,0, 600, False, 4
2835,0, 600, False, 4
2836,0, 600, False, 4
2837,0, 600, False, 0
2838,0, 600, False, 0
2839,0, 600, False, 0
2840,0, 600, False, 0
2841,0, 600, False, 0
2842,0, 600, False, 0
2843,0, 600, False, 0
2844,0, 600, False, 0
2845,0, 600, False, 0
2846,0, 600, False, 0
2847,0, 600, False, 0
2848,0, 600, False, 0
2849,0, 600, False, 0
2850,0, 600, False, 0
2851,0, 600, False, 0
2852,0, 600, False, 0
2853,0, 600, False, 0
2854,0, 600, False, 0
2855,0, 600, False, 0
2856,0, 600, False, 0
2857,0, 600, False, 0
2858,0, 600, False, 0
2859,0, 600, False, 0
2860,0, 600, False, 0
2861,0, 600, False, 0
2862,0, 600, False, 0
2863,0, 600, False, 0
2864,0, 600, False, 0
2865,0, 600, False, 1
2866,0, 600, False, 1
2867,0, 600, False, 1
2868,0, 600, False, 1
2869,0, 600, False, 1
2870,0, 600, False, 1
2871,0, 600, False, 1
2872,0, 600, False, 0
2873,0, 600, False, 0
2874,0, 600, False, 0
2875,0, 600, False, 0
2876,0, 600, False, 1
2877,0, 600, False, 1
2878,0, 600, False, 1
2879,0, 600, False, 1
2880,0, 600, False, 1
2881,0, 600, False, 0
2882,0, 600, False, 0
2883,0, 600, False, 0
2884,0, 600, False, 0
2885,0, 600, False, 1
2886,0, 600, False, 1
2887,0, 600, False, 1
2888,0, 600, False, 1
2889,0, 600, False, 1
2890,0, 600, False, 0
2891,0, 600, False, 0
2892,0, 600, False, 0
2893,0, 600, False, 0
2894,0, 600, False, 1
2895,0, 600, False, 1
2896,0, 600, False, 1
2897,25, 625, False, 1
2898,0, 625, False, 1
2899,0, 625, False, 0
2900,0, 625, False, 0
2901,0, 625, False, 0
2902,0, 625, False, 0
2903,0, 625, False, 0
2904,0, 625, False, 1
2905,0, 625, False, 1
2906,0, 625, False, 1
2907,0, 625, False, 1
2908,0, 625, False, 1
2909,0, 625, False, 1
2910,0, 625, False, 0
2911,0, 625, False, 0
2912,0, 625, False, 0
2913,0, 625, False, 0
2914,0, 625, False, 0
2915,0, 625, False, 4
2916,0, 625, False, 4
2917,0, 625, False, 4
2918,0, 625, False, 4
2919,0, 625, False, 4
2920,0, 625, False, 4
2921,0, 625, False, 4
2922,0, 625, False, 4
2923,0, 625, False, 4
2924,0, 625, False, 4
2925,0, 625, False, 4
2926,0, 625, False, 4
2927,0, 625, False, 4
2928,0, 625, False, 4
2929,0, 625, False, 4
2930,0, 625, False, 4
2931,0, 625, False, 4
2932,0, 625, False, 0
2933,0, 625, False, 0
2934,0, 625, False, 0
2935,0, 625, False, 0
2936,0, 625, False, 0
2937,0, 625, False, 0
2938,0, 625, False, 0
2939,0, 625, False, 0
2940,0, 625, False, 0
2941,0, 625, False, 0
2942,0, 625, False, 0
2943,0, 625, False, 0
2944,0, 625, False, 0
2945,0, 625, False, 0
2946,0, 625, False, 0
2947,0, 625, False, 0
2948,0, 625, False, 4
2949,0, 625, False, 4
2950,0, 625, False, 4
2951,0, 625, False, 4
2952,0, 625, False, 4
2953,0, 625, False, 4
2954,0, 625, False, 4
2955,0, 625, False, 4
2956,0, 625, False, 0
2957,0, 625, False, 0
2958,0, 625, False, 0
2959,0, 625, False, 0
2960,0, 625, False, 0
2961,0, 625, False, 0
2962,0, 625, False, 0
2963,0, 625, False, 0
2964,0, 625, False, 0
2965,0, 625, False, 0
2966,0, 625, False, 0
2967,0, 625, False, 0
2968,0, 625, False, 0
2969,0, 625, False, 0
2970,0, 625, False, 0
2971,0, 625, False, 0
2972,0, 625, False, 0
2973,0, 625, False, 0
2974,0, 625, False, 0
2975,0, 625, False, 0
2976,0, 625, False, 0
2977,0, 625, False, 0
2978,0, 625, False, 1
2979,0, 625, False, 1
2980,0, 625, False, 1
2981,0, 625, False, 1
2982,0, 625, False, 1
2983,0, 625, False, 1
2984,0, 625, False, 0
2985,0, 625, False, 0
2986,0, 625, False, 0
2987,0, 625, False, 0
2988,0, 625, False, 0
2989,0, 625, False, 1
2990,0, 625, False, 1
2991,0, 625, False, 1
2992,0, 625, False, 1
2993,0, 625, False, 1
2994,0, 625, False, 1
2995,0, 625, False, 1
2996,0, 625, False, 1
2997,0, 625, False, 0
2998,0, 625, False, 0
2999,0, 625, False, 0
3000,0, 625, False, 0
3001,0, 625, False, 0
3002,0, 625, False, 4
3003,0, 625, False, 4
3004,0, 625, False, 4
3005,0, 625, False, 4
3006,0, 625, False, 4
3007,0, 625, False, 4
3008,0, 625, False, 0
3009,0, 625, False, 0
3010,0, 625, False, 0
3011,0, 625, False, 0
3012,0, 625, False, 0
3013,0, 625, False, 0
3014,0, 625, False, 0
3015,0, 625, False, 0
3016,0, 625, False, 0
3017,0, 625, False, 4
3018,0, 625, False, 4
3019,0, 625, False, 4
3020,0, 625, False, 4
3021,0, 625, False, 4
3022,0, 625, False, 4
3023,0, 625, False, 4
3024,0, 625, False, 0
3025,0, 625, False, 0
3026,0, 625, False, 0
3027,0, 625, False, 0
3028,0, 625, False, 0
3029,0, 625, False, 0
3030,0, 625, False, 0
3031,0, 625, False, 0
3032,0, 625, False, 0
3033,0, 625, False, 0
3034,0, 625, False, 0
3035,0, 625, False, 0
3036,0, 625, False, 0
3037,0, 625, False, 0
3038,0, 625, False, 0
3039,0, 625, False, 4
3040,0, 625, False, 4
3041,0, 625, False, 4
3042,0, 625, False, 4
3043,0, 625, False, 4
3044,0, 625, False, 4
3045,0, 625, False, 4
3046,0, 625, False, 4
3047,0, 625, False, 4
3048,0, 625, False, 4
3049,0, 625, False, 4
3050,0, 625, False, 4
3051,0, 625, False, 4
3052,0, 625, False, 4
3053,0, 625, False, 4
3054,0, 625, False, 4
3055,0, 625, False, 4
3056,0, 625, False, 4
3057,0, 625, False, 4
3058,0, 625, False, 0
3059,0, 625, False, 0
3060,0, 625, False, 0
3061,0, 625, False, 0
3062,0, 625, False, 0
3063,0, 625, False, 0
3064,0, 625, False, 0
3065,0, 625, False, 0
3066,0, 625, False, 0
3067,0, 625, False, 0
3068,0, 625, False, 0
3069,0, 625, False, 0
3070,0, 625, False, 0
3071,0, 625, False, 0
3072,0, 625, False, 0
3073,0, 625, False, 0
3074,0, 625, False, 0
3075,0, 625, False, 1
3076,0, 625, False, 1
3077,0, 625, False, 1
3078,0, 625, False, 1
3079,0, 625, False, 1
3080,0, 625, False, 1
3081,0, 625, False, 1
3082,0, 625, False, 0
3083,0, 625, False, 0
3084,0, 625, False, 0
3085,0, 625, False, 0
3086,0, 625, False, 4
3087,0, 625, False, 4
3088,0, 625, False, 4
3089,0, 625, False, 4
3090,0, 625, False, 4
3091,0, 625, False, 4
3092,0, 625, False, 4
3093,0, 625, False, 4
3094,0, 625, False, 4
3095,0, 625, False, 0
3096,0, 625, False, 0
3097,0, 625, False, 0
3098,0, 625, False, 0
3099,0, 625, False, 0
3100,0, 625, False, 0
3101,0, 625, False, 0
3102,0, 625, False, 0
3103,0, 625, False, 1
3104,0, 625, False, 1
3105,0, 625, False, 1
3106,0, 625, False, 1
3107,0, 625, False, 1
3108,0, 625, False, 1
3109,0, 625, False, 1
3110,0, 625, False, 0
3111,0, 625, False, 0
3112,0, 625, False, 0
3113,0, 625, False, 0
3114,0, 625, False, 1
3115,0, 625, False, 1
3116,0, 625, False, 1
3117,0, 625, False, 1
3118,0, 625, False, 1
3119,0, 625, False, 0
3120,0, 625, False, 0
3121,20, 645, False, 0
3122,0, 645, False, 1
3123,0, 645, False, 1
3124,0, 645, False, 1
3125,0, 645, False, 1
3126,0, 645, False, 1
3127,0, 645, False, 0
3128,0, 645, False, 0
3129,0, 645, False, 0
3130,0, 645, False, 0
3131,0, 645, False, 1
3132,0, 645, False, 1
3133,0, 645, False, 1
3134,0, 645, False, 1
3135,0, 645, False, 1
3136,0, 645, False, 1
3137,0, 645, False, 0
3138,0, 645, False, 0
3139,0, 645, False, 0
3140,0, 645, False, 1
3141,0, 645, False, 1
3142,0, 645, False, 1
3143,0, 645, False, 1
3144,0, 645, False, 1
3145,0, 645, False, 0
3146,0, 645, False, 0
3147,0, 645, False, 0
3148,0, 645, False, 0
3149,0, 645, False, 0
3150,0, 645, False, 1
3151,0, 645, False, 1
3152,0, 645, False, 1
3153,0, 645, False, 1
3154,0, 645, False, 1
3155,0, 645, False, 1
3156,0, 645, False, 12
3157,0, 645, False, 12
3158,0, 645, False, 12
3159,0, 645, False, 4
3160,0, 645, False, 4
3161,0, 645, False, 4
3162,0, 645, False, 4
3163,0, 645, False, 4
3164,0, 645, False, 4
3165,0, 645, False, 4
3166,0, 645, False, 4
3167,0, 645, False, 4
3168,0, 645, False, 4
3169,0, 645, False, 4
3170,0, 645, False, 4
3171,0, 645, False, 4
3172,0, 645, False, 4
3173,0, 645, False, 4
3174,0, 645, False, 4
3175,0, 645, False, 4
3176,0, 645, False, 4
3177,0, 645, False, 4
3178,0, 645, False, 4
3179,0, 645, False, 4
3180,0, 645, False, 4
3181,0, 645, False, 4
3182,0, 645, False, 4
3183,0, 645, False, 4
3184,0, 645, False, 4
3185,0, 645, False, 4
3186,0, 645, False, 4
3187,0, 645, False, 4
3188,0, 645, False, 4
3189,0, 645, False, 4
3190,0, 645, False, 4
3191,0, 645, False, 4
3192,0, 645, False, 4
3193,0, 645, False, 4
3194,0, 645, False, 4
3195,0, 645, False, 4
3196,0, 645, False, 4
3197,0, 645, False, 4
3198,0, 645, False, 4
3199,0, 645, False, 4
3200,0, 645, False, 4
3201,0, 645, False, 4
3202,0, 645, False, 4
3203,0, 645, False, 4
3204,0, 645, False, 0
3205,0, 645, False, 0
3206,0, 645, False, 0
3207,0, 645, False, 1
3208,0, 645, False, 1
3209,0, 645, False, 1
3210,0, 645, False, 1
3211,0, 645, False, 1
3212,0, 645, False, 1
3213,0, 645, False, 0
3214,0, 645, False, 0
3215,0, 645, False, 0
3216,0, 645, False, 1
3217,0, 645, False, 1
3218,0, 645, False, 1
3219,0, 645, False, 1
3220,0, 645, False, 1
3221,0, 645, False, 0
3222,0, 645, False, 0
3223,0, 645, False, 0
3224,0, 645, False, 0
3225,0, 645, False, 0
3226,0, 645, False, 1
3227,0, 645, False, 1
3228,0, 645, False, 1
3229,0, 645, False, 1
3230,0, 645, False, 1
3231,0, 645, False, 1
3232,0, 645, False, 0
3233,0, 645, False, 0
3234,0, 645, False, 0
3235,0, 645, False, 0
3236,0, 645, False, 3
3237,0, 645, False, 3
3238,0, 645, False, 3
3239,0, 645, False, 3
3240,0, 645, False, 3
3241,0, 645, False, 3
3242,0, 645, False, 3
3243,0, 645, False, 3
3244,0, 645, False, 3
3245,0, 645, False, 3
3246,0, 645, False, 3
3247,0, 645, False, 0
3248,0, 645, False, 0
3249,0, 645, False, 0
3250,0, 645, False, 0
3251,0, 645, False, 0
3252,0, 645, False, 3
3253,0, 645, False, 3
3254,0, 645, False, 3
3255,0, 645, False, 3
3256,0, 645, False, 3
3257,0, 645, False, 3
3258,0, 645, False, 3
3259,0, 645, False, 0
3260,0, 645, False, 0
3261,0, 645, False, 0
3262,0, 645, False, 0
3263,0, 645, False, 0
3264,0, 645, False, 0
3265,0, 645, False, 1
3266,0, 645, False, 1
3267,0, 645, False, 1
3268,0, 645, False, 1
3269,0, 645, False, 1
3270,0, 645, False, 1
3271,0, 645, False, 1
3272,0, 645, False, 1
3273,0, 645, False, 0
3274,0, 645, False, 0
3275,0, 645, False, 0
3276,0, 645, False, 0
3277,0, 645, False, 0
3278,0, 645, False, 0
3279,0, 645, False, 0
3280,0, 645, False, 0
3281,0, 645, False, 0
3282,0, 645, False, 0
3283,0, 645, False, 0
3284,0, 645, False, 0
3285,0, 645, False, 0
3286,0, 645, False, 0
3287,0, 645, False, 0
3288,0, 645, False, 0
3289,0, 645, False, 0
3290,0, 645, False, 0
3291,0, 645, False, 1
3292,0, 645, False, 1
3293,0, 645, False, 1
3294,0, 645, False, 1
3295,0, 645, False, 1
3296,0, 645, False, 1
3297,0, 645, False, 1
3298,0, 645, False, 1
3299,0, 645, False, 0
3300,0, 645, False, 0
3301,0, 645, False, 0
3302,0, 645, False, 0
3303,0, 645, False, 1
3304,0, 645, False, 1
3305,0, 645, False, 1
3306,0, 645, False, 1
3307,0, 645, False, 1
3308,0, 645, False, 1
3309,0, 645, False, 1
3310,0, 645, False, 1
3311,0, 645, False, 0
3312,0, 645, False, 0
3313,0, 645, False, 0
3314,0, 645, False, 0
3315,25, 670, False, 0
3316,0, 670, False, 1
3317,0, 670, False, 1
3318,0, 670, False, 1
3319,0, 670, False, 1
3320,0, 670, False, 1
3321,0, 670, False, 1
3322,0, 670, False, 1
3323,0, 670, False, 0
3324,0, 670, False, 0
3325,0, 670, False, 0
3326,0, 670, False, 1
3327,0, 670, False, 1
3328,0, 670, False, 1
3329,0, 670, False, 1
3330,0, 670, False, 1
3331,0, 670, False, 1
3332,0, 670, False, 0
3333,0, 670, False, 0
3334,0, 670, False, 0
3335,0, 670, False, 0
3336,0, 670, False, 1
3337,0, 670, False, 1
3338,0, 670, False, 1
3339,0, 670, False, 1
3340,0, 670, False, 1
3341,0, 670, False, 1
3342,0, 670, False, 1
3343,0, 670, False, 1
3344,0, 670, False, 1
3345,30, 700, False, 0
3346,0, 700, False, 0
3347,0, 700, False, 0
3348,0, 700, False, 0
3349,0, 700, False, 1
3350,0, 700, False, 1
3351,0, 700, False, 1
3352,0, 700, False, 1
3353,0, 700, False, 1
3354,0, 700, False, 1
3355,0, 700, False, 1
3356,0, 700, False, 1
3357,0, 700, False, 1
3358,0, 700, False, 0
3359,0, 700, False, 0
3360,0, 700, False, 0
3361,0, 700, False, 0
3362,0, 700, False, 0
3363,0, 700, False, 0
3364,0, 700, False, 3
3365,0, 700, False, 3
3366,0, 700, False, 3
3367,0, 700, False, 3
3368,0, 700, False, 3
3369,0, 700, False, 3
3370,0, 700, False, 3
3371,0, 700, False, 3
3372,0, 700, False, 3
3373,0, 700, False, 3
3374,0, 700, False, 3
3375,0, 700, False, 3
3376,0, 700, False, 3
3377,0, 700, False, 3
3378,0, 700, False, 3
3379,0, 700, False, 3
3380,0, 700, False, 3
3381,0, 700, False, 3
3382,0, 700, False, 3
3383,0, 700, False, 3
3384,0, 700, False, 3
3385,0, 700, False, 3
3386,0, 700, False, 3
3387,0, 700, False, 0
3388,0, 700, False, 1
3389,0, 700, False, 1
3390,0, 700, False, 1
3391,0, 700, False, 1
3392,0, 700, False, 1
3393,0, 700, False, 0
3394,0, 700, False, 0
3395,0, 700, False, 0
3396,0, 700, False, 0
3397,0, 700, False, 0
3398,0, 700, False, 1
3399,0, 700, False, 1
3400,0, 700, False, 1
3401,0, 700, False, 1
3402,0, 700, False, 1
3403,0, 700, False, 1
3404,0, 700, False, 0
3405,0, 700, False, 0
3406,0, 700, False, 0
3407,0, 700, False, 0
3408,0, 700, False, 1
3409,0, 700, False, 1
3410,0, 700, False, 1
3411,0, 700, False, 1
3412,0, 700, False, 1
3413,0, 700, False, 1
3414,0, 700, False, 1
3415,0, 700, False, 0
3416,0, 700, False, 0
3417,0, 700, False, 0
3418,0, 700, False, 0
3419,0, 700, False, 0
3420,0, 700, False, 1
3421,0, 700, False, 1
3422,0, 700, False, 1
3423,0, 700, False, 1
3424,0, 700, False, 1
3425,0, 700, False, 1
3426,0, 700, False, 1
3427,0, 700, False, 1
3428,0, 700, False, 1
3429,0, 700, False, 0
3430,0, 700, False, 0
3431,0, 700, False, 0
3432,0, 700, False, 0
3433,0, 700, False, 1
3434,0, 700, False, 1
3435,0, 700, False, 1
3436,0, 700, False, 1
3437,0, 700, False, 1
3438,0, 700, False, 1
3439,0, 700, False, 0
3440,0, 700, False, 0
3441,0, 700, False, 0
3442,0, 700, False, 0
3443,0, 700, False, 0
3444,0, 700, False, 0
3445,0, 700, False, 0
3446,0, 700, False, 1
3447,0, 700, False, 1
3448,0, 700, False, 1
3449,0, 700, False, 1
3450,0, 700, False, 1
3451,0, 700, False, 1
3452,0, 700, False, 0
3453,0, 700, False, 0
3454,0, 700, False, 0
3455,0, 700, False, 0
3456,0, 700, False, 0
3457,0, 700, False, 0
3458,0, 700, False, 0
3459,0, 700, False, 0
3460,0, 700, False, 3
3461,0, 700, False, 3
3462,0, 700, False, 3
3463,0, 700, False, 3
3464,0, 700, False, 3
3465,0, 700, False, 3
3466,0, 700, False, 3
3467,0, 700, False, 3
3468,0, 700, False, 3
3469,0, 700, False, 3
3470,0, 700, False, 3
3471,0, 700, False, 3
3472,0, 700, False, 3
3473,0, 700, False, 3
3474,0, 700, False, 3
3475,0, 700, False, 3
3476,0, 700, False, 3
3477,0, 700, False, 3
3478,0, 700, False, 3
3479,0, 700, False, 3
3480,0, 700, False, 3
3481,0, 700, False, 3
3482,0, 700, False, 3
3483,0, 700, False, 3
3484,0, 700, False, 3
3485,0, 700, False, 3
3486,0, 700, False, 3
3487,0, 700, False, 3
3488,0, 700, False, 3
3489,0, 700, False, 3
3490,0, 700, False, 3
3491,0, 700, False, 3
3492,0, 700, False, 3
3493,0, 700, False, 3
3494,0, 700, False, 3
3495,0, 700, False, 3
3496,0, 700, False, 3
3497,0, 700, False, 3
3498,0, 700, False, 3
3499,0, 700, False, 3
3500,0, 700, False, 3
3501,0, 700, False, 3
3502,0, 700, False, 3
3503,0, 700, False, 3
3504,0, 700, False, 3
3505,0, 700, False, 3
3506,0, 700, False, 3
3507,0, 700, False, 3
3508,0, 700, False, 3
3509,0, 700, False, 3
3510,0, 700, False, 3
3511,0, 700, False, 3
3512,0, 700, False, 3
3513,0, 700, False, 3
3514,0, 700, False, 3
3515,0, 700, False, 3
3516,0, 700, False, 3
3517,0, 700, False, 3
3518,0, 700, False, 3
3519,0, 700, False, 3
3520,0, 700, False, 3
3521,0, 700, False, 3
3522,0, 700, False, 3
3523,0, 700, False, 3
3524,0, 700, False, 3
3525,0, 700, False, 0
3526,0, 700, False, 0
3527,0, 700, False, 1
3528,0, 700, False, 1
3529,0, 700, False, 1
3530,0, 700, False, 1
3531,0, 700, False, 1
3532,0, 700, False, 1
3533,0, 700, False, 0
3534,0, 700, False, 0
3535,0, 700, False, 0
3536,0, 700, False, 0
3537,0, 700, False, 0
3538,0, 700, False, 0
3539,0, 700, False, 0
3540,0, 700, False, 0
3541,0, 700, False, 0
3542,0, 700, False, 0
3543,0, 700, False, 1
3544,0, 700, False, 1
3545,0, 700, False, 1
3546,0, 700, False, 0
3547,0, 700, False, 0
3548,0, 700, False, 0
3549,0, 700, False, 0
3550,0, 700, False, 0
3551,0, 700, False, 0
3552,0, 700, False, 0
3553,0, 700, False, 0
3554,0, 700, False, 0
3555,0, 700, False, 0
3556,0, 700, False, 0
3557,0, 700, False, 0
3558,0, 700, False, 0
3559,0, 700, False, 0
3560,0, 700, False, 0
3561,0, 700, False, 0
3562,0, 700, False, 0
3563,0, 700, False, 0
3564,0, 700, False, 0
3565,0, 700, False, 0
3566,0, 700, False, 0
3567,0, 700, False, 0
3568,0, 700, False, 0
3569,0, 700, False, 0
3570,0, 700, False, 0
3571,0, 700, False, 0
3572,0, 700, False, 0
3573,0, 700, False, 1
3574,0, 700, False, 1
3575,0, 700, False, 1
3576,0, 700, False, 1
3577,0, 700, False, 1
3578,0, 700, False, 1
3579,0, 700, False, 1
3580,0, 700, False, 0
3581,0, 700, False, 0
3582,0, 700, False, 0
3583,0, 700, False, 0
3584,0, 700, False, 1
3585,0, 700, False, 1
3586,0, 700, False, 1
3587,0, 700, False, 1
3588,0, 700, False, 0
3589,0, 700, False, 0
3590,0, 700, False, 0
3591,0, 700, False, 0
3592,0, 700, False, 1
3593,0, 700, False, 1
3594,0, 700, False, 1
3595,0, 700, False, 1
3596,0, 700, False, 0
3597,0, 700, False, 0
3598,0, 700, False, 0
3599,0, 700, False, 0
3600,0, 700, False, 0
3601,0, 700, False, 0
3602,0, 700, False, 1
3603,0, 700, False, 1
3604,0, 700, False, 1
3605,0, 700, False, 1
3606,0, 700, False, 1
3607,0, 700, False, 1
3608,0, 700, False, 1
3609,0, 700, False, 0
3610,0, 700, False, 0
3611,0, 700, False, 0
3612,0, 700, False, 1
3613,0, 700, False, 1
3614,0, 700, False, 1
3615,20, 720, False, 1
3616,0, 720, False, 1
3617,0, 720, False, 1
3618,0, 720, False, 1
3619,0, 720, False, 0
3620,0, 720, False, 3
3621,0, 720, False, 3
3622,0, 720, False, 3
3623,0, 720, False, 3
3624,0, 720, False, 3
3625,0, 720, False, 3
3626,0, 720, False, 3
3627,0, 720, False, 3
3628,0, 720, False, 3
3629,0, 720, False, 3
3630,0, 720, False, 3
3631,0, 720, False, 3
3632,0, 720, False, 3
3633,0, 720, False, 3
3634,0, 720, False, 3
3635,0, 720, False, 3
3636,0, 720, False, 3
3637,0, 720, False, 3
3638,0, 720, False, 3
3639,0, 720, False, 3
3640,0, 720, False, 3
3641,0, 720, False, 3
3642,0, 720, False, 0
3643,0, 720, False, 0
3644,0, 720, False, 0
3645,0, 720, False, 0
3646,0, 720, False, 0
3647,0, 720, False, 3
3648,0, 720, False, 3
3649,0, 720, False, 3
3650,0, 720, False, 3
3651,0, 720, False, 3
3652,0, 720, False, 3
3653,0, 720, False, 3
3654,0, 720, False, 3
3655,0, 720, False, 3
3656,0, 720, False, 3
3657,0, 720, False, 0
3658,0, 720, False, 0
3659,0, 720, False, 0
3660,0, 720, False, 3
3661,0, 720, False, 3
3662,0, 720, False, 3
3663,0, 720, False, 3
3664,0, 720, False, 3
3665,0, 720, False, 3
3666,0, 720, False, 3
3667,0, 720, False, 3
3668,0, 720, False, 3
3669,0, 720, False, 3
3670,0, 720, False, 3
3671,0, 720, False, 3
3672,0, 720, False, 3
3673,0, 720, False, 3
3674,0, 720, False, 3
3675,0, 720, False, 3
3676,0, 720, False, 3
3677,0, 720, False, 3
3678,0, 720, False, 3
3679,0, 720, False, 3
3680,0, 720, False, 3
3681,0, 720, False, 3
3682,0, 720, False, 3
3683,0, 720, False, 0
3684,0, 720, False, 1
3685,0, 720, False, 1
3686,0, 720, False, 1
3687,0, 720, False, 1
3688,0, 720, False, 0
3689,0, 720, False, 0
3690,0, 720, False, 0
3691,0, 720, False, 0
3692,0, 720, False, 0
3693,0, 720, False, 0
3694,0, 720, False, 0
3695,0, 720, False, 1
3696,0, 720, False, 1
3697,0, 720, False, 1
3698,0, 720, False, 1
3699,0, 720, False, 1
3700,0, 720, False, 1
3701,0, 720, False, 0
3702,0, 720, False, 0
3703,0, 720, False, 0
3704,0, 720, False, 0
3705,0, 720, False, 0
3706,0, 720, False, 1
3707,0, 720, False, 1
3708,0, 720, False, 1
3709,0, 720, False, 1
3710,0, 720, False, 1
3711,25, 745, False, 1
3712,0, 745, False, 0
3713,0, 745, False, 0
3714,0, 745, False, 0
3715,0, 745, False, 0
3716,0, 745, False, 1
3717,0, 745, False, 1
3718,0, 745, False, 1
3719,0, 745, False, 1
3720,0, 745, False, 1
3721,0, 745, False, 1
3722,0, 745, False, 0
3723,0, 745, False, 0
3724,0, 745, False, 0
3725,0, 745, False, 0
3726,0, 745, False, 0
3727,0, 745, False, 1
3728,0, 745, False, 1
3729,0, 745, False, 1
3730,0, 745, False, 1
3731,0, 745, False, 11
3732,0, 745, False, 11
3733,0, 745, False, 3
3734,0, 745, False, 3
3735,0, 745, False, 3
3736,0, 745, False, 3
3737,0, 745, False, 3
3738,0, 745, False, 3
3739,0, 745, False, 3
3740,0, 745, False, 3
3741,0, 745, False, 3
3742,0, 745, False, 3
3743,0, 745, False, 3
3744,0, 745, False, 3
3745,0, 745, False, 3
3746,0, 745, False, 3
3747,0, 745, False, 3
3748,0, 745, False, 3
3749,0, 745, False, 3
3750,0, 745, False, 3
3751,0, 745, False, 3
3752,0, 745, False, 3
3753,0, 745, False, 3
3754,0, 745, False, 3
3755,0, 745, False, 3
3756,0, 745, False, 3
3757,0, 745, False, 3
3758,0, 745, False, 3
3759,0, 745, False, 3
3760,0, 745, False, 3
3761,0, 745, False, 3
3762,0, 745, False, 3
3763,0, 745, False, 3
3764,0, 745, False, 3
3765,0, 745, False, 3
3766,0, 745, False, 3
3767,0, 745, False, 3
3768,0, 745, False, 3
3769,0, 745, False, 3
3770,0, 745, False, 3
3771,0, 745, False, 3
3772,0, 745, False, 3
3773,0, 745, False, 3
3774,0, 745, False, 1
3775,0, 745, False, 1
3776,0, 745, False, 1
3777,0, 745, False, 1
3778,0, 745, False, 1
3779,0, 745, False, 1
3780,0, 745, False, 0
3781,0, 745, False, 0
3782,0, 745, False, 0
3783,0, 745, False, 0
3784,0, 745, False, 1
3785,0, 745, False, 1
3786,0, 745, False, 1
3787,0, 745, False, 1
3788,0, 745, False, 12
3789,0, 745, False, 4
3790,0, 745, False, 4
3791,0, 745, False, 4
3792,0, 745, False, 4
3793,0, 745, False, 4
3794,0, 745, False, 4
3795,0, 745, False, 4
3796,0, 745, False, 4
3797,0, 745, False, 4
3798,0, 745, False, 4
3799,0, 745, False, 4
3800,0, 745, False, 4
3801,0, 745, False, 4
3802,0, 745, False, 4
3803,0, 745, False, 4
3804,0, 745, False, 4
3805,0, 745, False, 4
3806,0, 745, False, 4
3807,0, 745, False, 4
3808,0, 745, False, 4
3809,0, 745, False, 4
3810,0, 745, False, 4
3811,0, 745, False, 4
3812,0, 745, False, 4
3813,0, 745, False, 4
3814,0, 745, False, 4
3815,0, 745, False, 4
3816,0, 745, False, 4
3817,0, 745, False, 4
3818,0, 745, False, 4
3819,0, 745, False, 4
3820,0, 745, False, 4
3821,0, 745, False, 4
3822,0, 745, False, 4
3823,0, 745, False, 4
3824,0, 745, False, 4
3825,0, 745, False, 4
3826,0, 745, False, 12
3827,0, 745, False, 12
3828,0, 745, False, 12
3829,0, 745, False, 12
3830,0, 745, False, 12
3831,0, 745, False, 12
3832,0, 745, False, 12
3833,0, 745, False, 1
3834,0, 745, False, 0
3835,0, 745, False, 0
3836,0, 745, False, 0
3837,0, 745, False, 0
3838,0, 745, False, 0
3839,0, 745, False, 0
3840,0, 745, False, 0
3841,0, 745, False, 0
3842,0, 745, False, 0
3843,0, 745, False, 0
3844,0, 745, False, 4
3845,0, 745, False, 4
3846,0, 745, False, 4
3847,0, 745, False, 4
3848,0, 745, False, 4
3849,0, 745, False, 4
3850,0, 745, False, 4
3851,0, 745, False, 4
3852,0, 745, False, 4
3853,0, 745, False, 4
3854,0, 745, False, 4
3855,0, 745, False, 4
3856,0, 745, True, 4
