db traj id : 2740
frame,reward,score,terminal, action
0,0, 0, False, 0
1,0, 0, False, 0
2,0, 0, False, 0
3,0, 0, False, 0
4,0, 0, False, 0
5,0, 0, False, 0
6,0, 0, False, 0
7,0, 0, False, 0
8,0, 0, False, 0
9,0, 0, False, 0
10,0, 0, False, 0
11,0, 0, False, 0
12,0, 0, False, 0
13,0, 0, False, 0
14,0, 0, False, 0
15,0, 0, False, 0
16,0, 0, False, 0
17,0, 0, False, 0
18,0, 0, False, 0
19,0, 0, False, 0
20,0, 0, False, 0
21,0, 0, False, 0
22,0, 0, False, 0
23,0, 0, False, 0
24,0, 0, False, 0
25,0, 0, False, 0
26,0, 0, False, 0
27,0, 0, False, 0
28,0, 0, False, 0
29,0, 0, False, 0
30,0, 0, False, 0
31,0, 0, False, 0
32,0, 0, False, 0
33,0, 0, False, 0
34,0, 0, False, 0
35,0, 0, False, 0
36,0, 0, False, 0
37,0, 0, False, 0
38,0, 0, False, 0
39,0, 0, False, 0
40,0, 0, False, 0
41,0, 0, False, 0
42,0, 0, False, 0
43,0, 0, False, 0
44,0, 0, False, 0
45,0, 0, False, 3
46,0, 0, False, 3
47,0, 0, False, 3
48,0, 0, False, 3
49,0, 0, False, 3
50,0, 0, False, 3
51,0, 0, False, 3
52,0, 0, False, 3
53,0, 0, False, 3
54,0, 0, False, 3
55,0, 0, False, 3
56,0, 0, False, 3
57,0, 0, False, 3
58,0, 0, False, 3
59,0, 0, False, 3
60,0, 0, False, 3
61,0, 0, False, 3
62,0, 0, False, 3
63,0, 0, False, 3
64,0, 0, False, 3
65,0, 0, False, 3
66,0, 0, False, 3
67,0, 0, False, 3
68,0, 0, False, 3
69,0, 0, False, 3
70,0, 0, False, 3
71,0, 0, False, 3
72,0, 0, False, 3
73,0, 0, False, 3
74,0, 0, False, 3
75,0, 0, False, 3
76,0, 0, False, 3
77,0, 0, False, 3
78,0, 0, False, 3
79,0, 0, False, 0
80,0, 0, False, 0
81,0, 0, False, 0
82,0, 0, False, 0
83,0, 0, False, 0
84,0, 0, False, 0
85,0, 0, False, 0
86,0, 0, False, 0
87,0, 0, False, 0
88,0, 0, False, 0
89,0, 0, False, 0
90,0, 0, False, 0
91,0, 0, False, 0
92,0, 0, False, 0
93,0, 0, False, 0
94,0, 0, False, 0
95,0, 0, False, 0
96,0, 0, False, 0
97,0, 0, False, 0
98,0, 0, False, 0
99,0, 0, False, 0
100,0, 0, False, 0
101,0, 0, False, 0
102,0, 0, False, 0
103,0, 0, False, 0
104,0, 0, False, 0
105,0, 0, False, 0
106,0, 0, False, 0
107,0, 0, False, 0
108,0, 0, False, 0
109,0, 0, False, 0
110,0, 0, False, 0
111,0, 0, False, 0
112,0, 0, False, 0
113,0, 0, False, 0
114,0, 0, False, 0
115,0, 0, False, 0
116,0, 0, False, 0
117,0, 0, False, 0
118,0, 0, False, 0
119,0, 0, False, 0
120,0, 0, False, 0
121,0, 0, False, 0
122,0, 0, False, 0
123,0, 0, False, 0
124,0, 0, False, 0
125,0, 0, False, 0
126,0, 0, False, 0
127,0, 0, False, 0
128,0, 0, False, 0
129,0, 0, False, 0
130,0, 0, False, 0
131,0, 0, False, 0
132,0, 0, False, 0
133,0, 0, False, 0
134,0, 0, False, 0
135,0, 0, False, 0
136,0, 0, False, 0
137,0, 0, False, 0
138,0, 0, False, 0
139,0, 0, False, 0
140,0, 0, False, 0
141,0, 0, False, 0
142,0, 0, False, 0
143,0, 0, False, 0
144,0, 0, False, 0
145,0, 0, False, 0
146,0, 0, False, 0
147,0, 0, False, 0
148,0, 0, False, 0
149,0, 0, False, 0
150,0, 0, False, 0
151,0, 0, False, 0
152,0, 0, False, 0
153,0, 0, False, 0
154,0, 0, False, 0
155,0, 0, False, 0
156,0, 0, False, 0
157,0, 0, False, 0
158,0, 0, False, 0
159,0, 0, False, 0
160,0, 0, False, 0
161,0, 0, False, 0
162,0, 0, False, 0
163,0, 0, False, 0
164,0, 0, False, 0
165,0, 0, False, 0
166,0, 0, False, 0
167,0, 0, False, 0
168,0, 0, False, 0
169,0, 0, False, 0
170,0, 0, False, 0
171,0, 0, False, 0
172,0, 0, False, 0
173,0, 0, False, 0
174,0, 0, False, 0
175,0, 0, False, 0
176,0, 0, False, 0
177,0, 0, False, 0
178,0, 0, False, 0
179,0, 0, False, 0
180,0, 0, False, 0
181,0, 0, False, 0
182,0, 0, False, 3
183,0, 0, False, 3
184,0, 0, False, 3
185,0, 0, False, 3
186,0, 0, False, 3
187,0, 0, False, 3
188,0, 0, False, 3
189,0, 0, False, 3
190,0, 0, False, 3
191,0, 0, False, 3
192,0, 0, False, 3
193,0, 0, False, 3
194,0, 0, False, 3
195,0, 0, False, 3
196,0, 0, False, 0
197,0, 0, False, 0
198,0, 0, False, 4
199,0, 0, False, 4
200,0, 0, False, 4
201,0, 0, False, 4
202,0, 0, False, 4
203,0, 0, False, 4
204,0, 0, False, 4
205,0, 0, False, 4
206,0, 0, False, 4
207,0, 0, False, 4
208,0, 0, False, 4
209,0, 0, False, 4
210,0, 0, False, 4
211,0, 0, False, 4
212,0, 0, False, 4
213,0, 0, False, 4
214,0, 0, False, 4
215,0, 0, False, 4
216,0, 0, False, 4
217,0, 0, False, 4
218,0, 0, False, 4
219,0, 0, False, 4
220,0, 0, False, 4
221,0, 0, False, 4
222,0, 0, False, 4
223,0, 0, False, 4
224,0, 0, False, 4
225,0, 0, False, 4
226,0, 0, False, 4
227,0, 0, False, 4
228,0, 0, False, 4
229,0, 0, False, 4
230,0, 0, False, 4
231,0, 0, False, 4
232,0, 0, False, 4
233,0, 0, False, 4
234,0, 0, False, 4
235,0, 0, False, 0
236,0, 0, False, 0
237,0, 0, False, 0
238,0, 0, False, 0
239,0, 0, False, 0
240,0, 0, False, 0
241,0, 0, False, 0
242,0, 0, False, 1
243,0, 0, False, 1
244,0, 0, False, 1
245,0, 0, False, 1
246,0, 0, False, 1
247,0, 0, False, 1
248,0, 0, False, 1
249,0, 0, False, 1
250,0, 0, False, 1
251,0, 0, False, 1
252,0, 0, False, 1
253,0, 0, False, 1
254,0, 0, False, 1
255,0, 0, False, 1
256,0, 0, False, 1
257,0, 0, False, 0
258,0, 0, False, 0
259,0, 0, False, 0
260,0, 0, False, 0
261,0, 0, False, 0
262,0, 0, False, 0
263,0, 0, False, 0
264,0, 0, False, 0
265,0, 0, False, 0
266,0, 0, False, 0
267,0, 0, False, 0
268,0, 0, False, 0
269,0, 0, False, 0
270,0, 0, False, 0
271,0, 0, False, 0
272,0, 0, False, 0
273,0, 0, False, 0
274,0, 0, False, 0
275,0, 0, False, 0
276,0, 0, False, 0
277,0, 0, False, 0
278,0, 0, False, 0
279,0, 0, False, 0
280,0, 0, False, 0
281,0, 0, False, 0
282,0, 0, False, 0
283,0, 0, False, 0
284,0, 0, False, 0
285,0, 0, False, 0
286,0, 0, False, 0
287,0, 0, False, 0
288,0, 0, False, 0
289,0, 0, False, 0
290,0, 0, False, 0
291,0, 0, False, 0
292,0, 0, False, 0
293,0, 0, False, 0
294,0, 0, False, 0
295,0, 0, False, 0
296,0, 0, False, 0
297,0, 0, False, 0
298,0, 0, False, 0
299,0, 0, False, 0
300,0, 0, False, 0
301,0, 0, False, 0
302,0, 0, False, 0
303,0, 0, False, 0
304,0, 0, False, 0
305,0, 0, False, 0
306,0, 0, False, 0
307,0, 0, False, 0
308,0, 0, False, 0
309,0, 0, False, 0
310,0, 0, False, 0
311,0, 0, False, 0
312,0, 0, False, 0
313,0, 0, False, 0
314,0, 0, False, 0
315,0, 0, False, 0
316,0, 0, False, 1
317,0, 0, False, 1
318,0, 0, False, 1
319,0, 0, False, 1
320,0, 0, False, 1
321,0, 0, False, 1
322,0, 0, False, 1
323,0, 0, False, 1
324,0, 0, False, 0
325,0, 0, False, 0
326,0, 0, False, 0
327,0, 0, False, 0
328,0, 0, False, 1
329,0, 0, False, 1
330,0, 0, False, 1
331,0, 0, False, 1
332,0, 0, False, 1
333,0, 0, False, 1
334,0, 0, False, 1
335,0, 0, False, 1
336,0, 0, False, 1
337,0, 0, False, 1
338,0, 0, False, 0
339,0, 0, False, 0
340,0, 0, False, 0
341,0, 0, False, 0
342,0, 0, False, 0
343,0, 0, False, 1
344,0, 0, False, 1
345,0, 0, False, 1
346,0, 0, False, 1
347,0, 0, False, 1
348,0, 0, False, 1
349,0, 0, False, 1
350,0, 0, False, 1
351,0, 0, False, 1
352,0, 0, False, 1
353,0, 0, False, 0
354,0, 0, False, 0
355,0, 0, False, 0
356,0, 0, False, 0
357,0, 0, False, 0
358,0, 0, False, 0
359,0, 0, False, 1
360,0, 0, False, 1
361,0, 0, False, 1
362,0, 0, False, 1
363,0, 0, False, 1
364,0, 0, False, 1
365,0, 0, False, 1
366,0, 0, False, 1
367,0, 0, False, 1
368,0, 0, False, 1
369,0, 0, False, 0
370,0, 0, False, 0
371,0, 0, False, 0
372,0, 0, False, 0
373,0, 0, False, 0
374,0, 0, False, 0
375,0, 0, False, 0
376,0, 0, False, 0
377,0, 0, False, 3
378,0, 0, False, 3
379,0, 0, False, 3
380,0, 0, False, 3
381,0, 0, False, 3
382,0, 0, False, 3
383,0, 0, False, 3
384,0, 0, False, 3
385,0, 0, False, 3
386,0, 0, False, 3
387,0, 0, False, 3
388,0, 0, False, 3
389,0, 0, False, 3
390,0, 0, False, 3
391,0, 0, False, 3
392,25, 25, False, 3
393,0, 25, False, 3
394,0, 25, False, 3
395,0, 25, False, 3
396,0, 25, False, 3
397,0, 25, False, 3
398,0, 25, False, 3
399,0, 25, False, 3
400,0, 25, False, 3
401,0, 25, False, 3
402,0, 25, False, 3
403,0, 25, False, 3
404,0, 25, False, 3
405,0, 25, False, 3
406,0, 25, False, 3
407,0, 25, False, 3
408,0, 25, False, 3
409,0, 25, False, 3
410,0, 25, False, 3
411,0, 25, False, 3
412,0, 25, False, 3
413,0, 25, False, 3
414,0, 25, False, 3
415,0, 25, False, 3
416,0, 25, False, 3
417,0, 25, False, 0
418,0, 25, False, 0
419,0, 25, False, 0
420,0, 25, False, 0
421,0, 25, False, 0
422,0, 25, False, 0
423,0, 25, False, 1
424,0, 25, False, 1
425,0, 25, False, 1
426,0, 25, False, 1
427,0, 25, False, 1
428,0, 25, False, 1
429,0, 25, False, 1
430,0, 25, False, 1
431,0, 25, False, 1
432,0, 25, False, 1
433,0, 25, False, 1
434,0, 25, False, 1
435,0, 25, False, 0
436,0, 25, False, 0
437,0, 25, False, 0
438,0, 25, False, 0
439,0, 25, False, 0
440,0, 25, False, 0
441,0, 25, False, 0
442,0, 25, False, 0
443,0, 25, False, 0
444,0, 25, False, 0
445,0, 25, False, 0
446,0, 25, False, 0
447,0, 25, False, 0
448,0, 25, False, 0
449,0, 25, False, 0
450,0, 25, False, 0
451,0, 25, False, 0
452,0, 25, False, 0
453,0, 25, False, 0
454,0, 25, False, 0
455,0, 25, False, 0
456,0, 25, False, 0
457,0, 25, False, 0
458,0, 25, False, 1
459,0, 25, False, 1
460,0, 25, False, 1
461,0, 25, False, 1
462,0, 25, False, 1
463,0, 25, False, 1
464,0, 25, False, 0
465,0, 25, False, 0
466,0, 25, False, 0
467,0, 25, False, 0
468,0, 25, False, 0
469,0, 25, False, 1
470,0, 25, False, 1
471,0, 25, False, 1
472,0, 25, False, 1
473,0, 25, False, 1
474,0, 25, False, 1
475,0, 25, False, 1
476,0, 25, False, 1
477,0, 25, False, 0
478,0, 25, False, 0
479,0, 25, False, 0
480,0, 25, False, 0
481,0, 25, False, 0
482,0, 25, False, 0
483,0, 25, False, 0
484,0, 25, False, 0
485,0, 25, False, 0
486,0, 25, False, 0
487,0, 25, False, 0
488,0, 25, False, 0
489,0, 25, False, 0
490,0, 25, False, 0
491,0, 25, False, 0
492,0, 25, False, 0
493,0, 25, False, 0
494,0, 25, False, 0
495,0, 25, False, 0
496,0, 25, False, 0
497,0, 25, False, 0
498,0, 25, False, 3
499,0, 25, False, 3
500,0, 25, False, 11
501,0, 25, False, 11
502,0, 25, False, 11
503,0, 25, False, 11
504,0, 25, False, 11
505,0, 25, False, 1
506,0, 25, False, 1
507,0, 25, False, 1
508,0, 25, False, 1
509,0, 25, False, 1
510,0, 25, False, 0
511,0, 25, False, 0
512,0, 25, False, 0
513,0, 25, False, 0
514,0, 25, False, 0
515,0, 25, False, 0
516,0, 25, False, 0
517,0, 25, False, 0
518,0, 25, False, 0
519,0, 25, False, 0
520,0, 25, False, 0
521,0, 25, False, 0
522,0, 25, False, 0
523,0, 25, False, 0
524,0, 25, False, 0
525,0, 25, False, 0
526,0, 25, False, 0
527,0, 25, False, 0
528,0, 25, False, 0
529,0, 25, False, 0
530,0, 25, False, 0
531,0, 25, False, 0
532,0, 25, False, 0
533,0, 25, False, 0
534,0, 25, False, 0
535,0, 25, False, 0
536,0, 25, False, 0
537,0, 25, False, 0
538,0, 25, False, 0
539,0, 25, False, 0
540,0, 25, False, 0
541,0, 25, False, 0
542,0, 25, False, 0
543,0, 25, False, 0
544,0, 25, False, 0
545,0, 25, False, 0
546,0, 25, False, 0
547,0, 25, False, 0
548,0, 25, False, 0
549,0, 25, False, 0
550,0, 25, False, 0
551,0, 25, False, 0
552,0, 25, False, 0
553,0, 25, False, 0
554,0, 25, False, 0
555,0, 25, False, 0
556,0, 25, False, 0
557,0, 25, False, 0
558,0, 25, False, 0
559,0, 25, False, 0
560,0, 25, False, 0
561,0, 25, False, 0
562,0, 25, False, 0
563,0, 25, False, 0
564,0, 25, False, 0
565,0, 25, False, 0
566,0, 25, False, 0
567,0, 25, False, 0
568,0, 25, False, 0
569,0, 25, False, 0
570,0, 25, False, 0
571,0, 25, False, 0
572,0, 25, False, 4
573,0, 25, False, 4
574,0, 25, False, 4
575,0, 25, False, 4
576,0, 25, False, 4
577,0, 25, False, 4
578,0, 25, False, 4
579,0, 25, False, 0
580,0, 25, False, 0
581,0, 25, False, 0
582,0, 25, False, 0
583,0, 25, False, 1
584,0, 25, False, 1
585,0, 25, False, 1
586,0, 25, False, 1
587,0, 25, False, 1
588,0, 25, False, 1
589,0, 25, False, 1
590,0, 25, False, 1
591,0, 25, False, 1
592,0, 25, False, 1
593,0, 25, False, 1
594,0, 25, False, 1
595,0, 25, False, 1
596,0, 25, False, 1
597,0, 25, False, 1
598,0, 25, False, 1
599,0, 25, False, 1
600,0, 25, False, 1
601,0, 25, False, 1
602,0, 25, False, 1
603,0, 25, False, 1
604,0, 25, False, 1
605,0, 25, False, 1
606,0, 25, False, 0
607,0, 25, False, 0
608,0, 25, False, 0
609,0, 25, False, 0
610,0, 25, False, 0
611,0, 25, False, 0
612,0, 25, False, 0
613,0, 25, False, 0
614,0, 25, False, 0
615,0, 25, False, 0
616,5, 30, False, 0
617,0, 30, False, 0
618,0, 30, False, 0
619,0, 30, False, 0
620,0, 30, False, 0
621,0, 30, False, 0
622,0, 30, False, 0
623,0, 30, False, 0
624,0, 30, False, 0
625,0, 30, False, 0
626,0, 30, False, 0
627,0, 30, False, 0
628,0, 30, False, 0
629,0, 30, False, 0
630,0, 30, False, 1
631,0, 30, False, 1
632,0, 30, False, 1
633,0, 30, False, 1
634,0, 30, False, 1
635,0, 30, False, 1
636,0, 30, False, 1
637,0, 30, False, 1
638,0, 30, False, 1
639,0, 30, False, 1
640,0, 30, False, 1
641,0, 30, False, 1
642,0, 30, False, 1
643,0, 30, False, 0
644,0, 30, False, 0
645,0, 30, False, 0
646,0, 30, False, 0
647,0, 30, False, 0
648,0, 30, False, 0
649,0, 30, False, 0
650,0, 30, False, 0
651,0, 30, False, 0
652,0, 30, False, 0
653,0, 30, False, 0
654,0, 30, False, 0
655,0, 30, False, 0
656,0, 30, False, 0
657,0, 30, False, 0
658,0, 30, False, 0
659,0, 30, False, 0
660,0, 30, False, 0
661,0, 30, False, 0
662,0, 30, False, 0
663,0, 30, False, 0
664,0, 30, False, 0
665,0, 30, False, 0
666,10, 40, False, 1
667,0, 40, False, 1
668,0, 40, False, 1
669,0, 40, False, 1
670,0, 40, False, 1
671,0, 40, False, 1
672,0, 40, False, 1
673,0, 40, False, 1
674,0, 40, False, 1
675,0, 40, False, 1
676,0, 40, False, 1
677,0, 40, False, 1
678,0, 40, False, 1
679,0, 40, False, 1
680,0, 40, False, 1
681,0, 40, False, 1
682,0, 40, False, 1
683,0, 40, False, 1
684,0, 40, False, 1
685,0, 40, False, 1
686,0, 40, False, 1
687,0, 40, False, 1
688,0, 40, False, 1
689,0, 40, False, 1
690,0, 40, False, 0
691,0, 40, False, 0
692,0, 40, False, 0
693,0, 40, False, 0
694,0, 40, False, 0
695,0, 40, False, 0
696,0, 40, False, 0
697,0, 40, False, 0
698,0, 40, False, 0
699,0, 40, False, 0
700,0, 40, False, 0
701,0, 40, False, 0
702,0, 40, False, 0
703,0, 40, False, 0
704,0, 40, False, 0
705,0, 40, False, 0
706,0, 40, False, 0
707,0, 40, False, 0
708,0, 40, False, 0
709,0, 40, False, 0
710,15, 55, False, 0
711,0, 55, False, 0
712,0, 55, False, 0
713,0, 55, False, 1
714,0, 55, False, 1
715,0, 55, False, 1
716,0, 55, False, 1
717,0, 55, False, 1
718,0, 55, False, 1
719,0, 55, False, 1
720,0, 55, False, 1
721,0, 55, False, 1
722,0, 55, False, 1
723,0, 55, False, 1
724,0, 55, False, 1
725,0, 55, False, 1
726,0, 55, False, 1
727,0, 55, False, 1
728,0, 55, False, 1
729,0, 55, False, 1
730,0, 55, False, 1
731,0, 55, False, 1
732,0, 55, False, 1
733,0, 55, False, 0
734,0, 55, False, 0
735,0, 55, False, 0
736,0, 55, False, 0
737,0, 55, False, 0
738,0, 55, False, 0
739,0, 55, False, 0
740,0, 55, False, 0
741,0, 55, False, 0
742,0, 55, False, 0
743,0, 55, False, 0
744,0, 55, False, 0
745,0, 55, False, 0
746,0, 55, False, 4
747,0, 55, False, 4
748,0, 55, False, 4
749,0, 55, False, 4
750,0, 55, False, 4
751,0, 55, False, 4
752,0, 55, False, 4
753,0, 55, False, 4
754,0, 55, False, 4
755,0, 55, False, 4
756,0, 55, False, 4
757,0, 55, False, 4
758,0, 55, False, 4
759,0, 55, False, 4
760,0, 55, False, 4
761,0, 55, False, 4
762,0, 55, False, 4
763,0, 55, False, 4
764,20, 75, False, 4
765,0, 75, False, 4
766,0, 75, False, 4
767,0, 75, False, 4
768,0, 75, False, 4
769,0, 75, False, 4
770,0, 75, False, 4
771,0, 75, False, 4
772,0, 75, False, 4
773,0, 75, False, 4
774,0, 75, False, 4
775,0, 75, False, 0
776,0, 75, False, 0
777,0, 75, False, 0
778,0, 75, False, 0
779,0, 75, False, 0
780,0, 75, False, 0
781,0, 75, False, 0
782,0, 75, False, 0
783,0, 75, False, 0
784,0, 75, False, 0
785,0, 75, False, 0
786,0, 75, False, 0
787,0, 75, False, 0
788,0, 75, False, 0
789,0, 75, False, 0
790,0, 75, False, 0
791,0, 75, False, 0
792,0, 75, False, 0
793,0, 75, False, 0
794,0, 75, False, 0
795,0, 75, False, 0
796,0, 75, False, 0
797,0, 75, False, 0
798,0, 75, False, 0
799,0, 75, False, 0
800,0, 75, False, 0
801,0, 75, False, 0
802,0, 75, False, 0
803,0, 75, False, 0
804,0, 75, False, 0
805,0, 75, False, 0
806,0, 75, False, 0
807,0, 75, False, 0
808,0, 75, False, 0
809,0, 75, False, 0
810,0, 75, False, 0
811,0, 75, False, 0
812,0, 75, False, 0
813,0, 75, False, 0
814,0, 75, False, 0
815,0, 75, False, 0
816,0, 75, False, 0
817,0, 75, False, 0
818,0, 75, False, 0
819,0, 75, False, 0
820,0, 75, False, 0
821,0, 75, False, 0
822,0, 75, False, 0
823,0, 75, False, 0
824,0, 75, False, 0
825,0, 75, False, 0
826,0, 75, False, 0
827,0, 75, False, 0
828,0, 75, False, 0
829,0, 75, False, 0
830,0, 75, False, 0
831,0, 75, False, 0
832,0, 75, False, 0
833,0, 75, False, 0
834,0, 75, False, 0
835,0, 75, False, 0
836,0, 75, False, 0
837,0, 75, False, 0
838,0, 75, False, 0
839,0, 75, False, 0
840,0, 75, False, 0
841,0, 75, False, 0
842,0, 75, False, 0
843,0, 75, False, 0
844,0, 75, False, 0
845,0, 75, False, 3
846,0, 75, False, 3
847,0, 75, False, 3
848,0, 75, False, 3
849,0, 75, False, 3
850,0, 75, False, 3
851,0, 75, False, 3
852,0, 75, False, 3
853,0, 75, False, 3
854,0, 75, False, 3
855,0, 75, False, 1
856,0, 75, False, 1
857,0, 75, False, 1
858,0, 75, False, 1
859,0, 75, False, 1
860,0, 75, False, 1
861,0, 75, False, 1
862,0, 75, False, 1
863,0, 75, False, 1
864,0, 75, False, 1
865,0, 75, False, 1
866,0, 75, False, 1
867,0, 75, False, 0
868,0, 75, False, 0
869,0, 75, False, 0
870,0, 75, False, 0
871,0, 75, False, 0
872,0, 75, False, 0
873,0, 75, False, 0
874,0, 75, False, 0
875,0, 75, False, 0
876,0, 75, False, 0
877,0, 75, False, 0
878,0, 75, False, 0
879,0, 75, False, 0
880,0, 75, False, 3
881,0, 75, False, 3
882,0, 75, False, 3
883,0, 75, False, 3
884,0, 75, False, 3
885,0, 75, False, 3
886,0, 75, False, 3
887,0, 75, False, 3
888,0, 75, False, 3
889,0, 75, False, 3
890,0, 75, False, 0
891,0, 75, False, 0
892,0, 75, False, 0
893,0, 75, False, 0
894,0, 75, False, 0
895,0, 75, False, 0
896,0, 75, False, 1
897,0, 75, False, 1
898,0, 75, False, 1
899,0, 75, False, 1
900,0, 75, False, 1
901,0, 75, False, 1
902,0, 75, False, 1
903,0, 75, False, 1
904,0, 75, False, 1
905,0, 75, False, 1
906,0, 75, False, 1
907,0, 75, False, 1
908,0, 75, False, 0
909,0, 75, False, 0
910,0, 75, False, 0
911,0, 75, False, 0
912,0, 75, False, 0
913,0, 75, False, 0
914,0, 75, False, 0
915,0, 75, False, 0
916,0, 75, False, 0
917,0, 75, False, 0
918,0, 75, False, 0
919,0, 75, False, 1
920,0, 75, False, 1
921,0, 75, False, 1
922,5, 80, False, 1
923,0, 80, False, 1
924,0, 80, False, 1
925,0, 80, False, 1
926,0, 80, False, 0
927,0, 80, False, 0
928,0, 80, False, 0
929,0, 80, False, 3
930,0, 80, False, 3
931,0, 80, False, 3
932,0, 80, False, 3
933,0, 80, False, 3
934,0, 80, False, 3
935,0, 80, False, 0
936,0, 80, False, 0
937,0, 80, False, 0
938,0, 80, False, 0
939,0, 80, False, 0
940,0, 80, False, 0
941,0, 80, False, 0
942,0, 80, False, 0
943,0, 80, False, 0
944,0, 80, False, 0
945,0, 80, False, 0
946,0, 80, False, 0
947,0, 80, False, 0
948,0, 80, False, 0
949,0, 80, False, 0
950,0, 80, False, 0
951,0, 80, False, 0
952,0, 80, False, 0
953,0, 80, False, 0
954,0, 80, False, 0
955,0, 80, False, 0
956,10, 90, False, 1
957,0, 90, False, 1
958,0, 90, False, 1
959,0, 90, False, 1
960,0, 90, False, 1
961,0, 90, False, 1
962,0, 90, False, 1
963,0, 90, False, 1
964,0, 90, False, 1
965,0, 90, False, 1
966,0, 90, False, 1
967,0, 90, False, 1
968,0, 90, False, 1
969,0, 90, False, 1
970,0, 90, False, 1
971,0, 90, False, 0
972,0, 90, False, 0
973,0, 90, False, 0
974,0, 90, False, 0
975,0, 90, False, 0
976,0, 90, False, 0
977,0, 90, False, 0
978,0, 90, False, 0
979,0, 90, False, 0
980,0, 90, False, 0
981,0, 90, False, 0
982,0, 90, False, 0
983,0, 90, False, 0
984,0, 90, False, 0
985,0, 90, False, 0
986,0, 90, False, 0
987,0, 90, False, 0
988,0, 90, False, 0
989,0, 90, False, 0
990,0, 90, False, 0
991,0, 90, False, 0
992,0, 90, False, 0
993,0, 90, False, 0
994,0, 90, False, 0
995,0, 90, False, 0
996,0, 90, False, 0
997,0, 90, False, 0
998,15, 105, False, 0
999,0, 105, False, 1
1000,0, 105, False, 1
1001,0, 105, False, 1
1002,0, 105, False, 1
1003,0, 105, False, 1
1004,0, 105, False, 1
1005,0, 105, False, 1
1006,0, 105, False, 1
1007,0, 105, False, 1
1008,0, 105, False, 1
1009,0, 105, False, 1
1010,0, 105, False, 1
1011,0, 105, False, 1
1012,0, 105, False, 0
1013,0, 105, False, 0
1014,0, 105, False, 0
1015,0, 105, False, 0
1016,0, 105, False, 0
1017,0, 105, False, 0
1018,0, 105, False, 0
1019,0, 105, False, 0
1020,0, 105, False, 0
1021,0, 105, False, 0
1022,0, 105, False, 0
1023,0, 105, False, 0
1024,0, 105, False, 0
1025,0, 105, False, 0
1026,0, 105, False, 0
1027,0, 105, False, 0
1028,0, 105, False, 0
1029,0, 105, False, 0
1030,0, 105, False, 0
1031,0, 105, False, 0
1032,0, 105, False, 0
1033,0, 105, False, 0
1034,0, 105, False, 0
1035,0, 105, False, 4
1036,0, 105, False, 4
1037,0, 105, False, 4
1038,0, 105, False, 4
1039,0, 105, False, 4
1040,0, 105, False, 4
1041,0, 105, False, 4
1042,0, 105, False, 0
1043,0, 105, False, 0
1044,0, 105, False, 1
1045,0, 105, False, 1
1046,0, 105, False, 1
1047,0, 105, False, 1
1048,0, 105, False, 1
1049,0, 105, False, 1
1050,0, 105, False, 1
1051,0, 105, False, 1
1052,0, 105, False, 0
1053,0, 105, False, 0
1054,0, 105, False, 0
1055,0, 105, False, 0
1056,0, 105, False, 0
1057,0, 105, False, 0
1058,0, 105, False, 0
1059,0, 105, False, 0
1060,0, 105, False, 0
1061,0, 105, False, 0
1062,0, 105, False, 0
1063,0, 105, False, 0
1064,0, 105, False, 0
1065,0, 105, False, 0
1066,0, 105, False, 0
1067,0, 105, False, 0
1068,0, 105, False, 0
1069,0, 105, False, 0
1070,0, 105, False, 0
1071,0, 105, False, 0
1072,0, 105, False, 1
1073,0, 105, False, 1
1074,0, 105, False, 1
1075,0, 105, False, 1
1076,0, 105, False, 1
1077,0, 105, False, 1
1078,0, 105, False, 1
1079,0, 105, False, 1
1080,0, 105, False, 1
1081,0, 105, False, 0
1082,0, 105, False, 0
1083,0, 105, False, 0
1084,0, 105, False, 0
1085,0, 105, False, 0
1086,0, 105, False, 0
1087,0, 105, False, 0
1088,0, 105, False, 0
1089,0, 105, False, 0
1090,0, 105, False, 0
1091,0, 105, False, 0
1092,0, 105, False, 0
1093,0, 105, False, 0
1094,0, 105, False, 0
1095,0, 105, False, 0
1096,0, 105, False, 0
1097,0, 105, False, 0
1098,0, 105, False, 0
1099,0, 105, False, 0
1100,0, 105, False, 0
1101,0, 105, False, 0
1102,0, 105, False, 0
1103,0, 105, False, 0
1104,0, 105, False, 0
1105,0, 105, False, 0
1106,0, 105, False, 0
1107,0, 105, False, 0
1108,0, 105, False, 0
1109,0, 105, False, 0
1110,0, 105, False, 0
1111,0, 105, False, 0
1112,0, 105, False, 0
1113,0, 105, False, 0
1114,0, 105, False, 3
1115,0, 105, False, 3
1116,0, 105, False, 3
1117,0, 105, False, 3
1118,0, 105, False, 3
1119,0, 105, False, 3
1120,0, 105, False, 3
1121,0, 105, False, 0
1122,0, 105, False, 0
1123,0, 105, False, 0
1124,0, 105, False, 0
1125,0, 105, False, 1
1126,0, 105, False, 1
1127,0, 105, False, 1
1128,0, 105, False, 1
1129,0, 105, False, 1
1130,0, 105, False, 1
1131,0, 105, False, 1
1132,0, 105, False, 1
1133,0, 105, False, 1
1134,0, 105, False, 1
1135,0, 105, False, 1
1136,0, 105, False, 1
1137,0, 105, False, 1
1138,0, 105, False, 1
1139,0, 105, False, 1
1140,0, 105, False, 1
1141,0, 105, False, 0
1142,0, 105, False, 0
1143,0, 105, False, 0
1144,0, 105, False, 0
1145,0, 105, False, 0
1146,0, 105, False, 0
1147,0, 105, False, 0
1148,0, 105, False, 0
1149,0, 105, False, 0
1150,0, 105, False, 0
1151,0, 105, False, 0
1152,0, 105, False, 0
1153,0, 105, False, 0
1154,0, 105, False, 0
1155,0, 105, False, 0
1156,0, 105, False, 0
1157,0, 105, False, 0
1158,0, 105, False, 0
1159,0, 105, False, 0
1160,0, 105, False, 0
1161,0, 105, False, 0
1162,0, 105, False, 0
1163,0, 105, False, 0
1164,0, 105, False, 0
1165,0, 105, False, 0
1166,0, 105, False, 0
1167,0, 105, False, 0
1168,0, 105, False, 0
1169,0, 105, False, 0
1170,0, 105, False, 0
1171,0, 105, False, 0
1172,0, 105, False, 0
1173,0, 105, False, 0
1174,0, 105, False, 0
1175,0, 105, False, 0
1176,0, 105, False, 0
1177,0, 105, False, 0
1178,0, 105, False, 0
1179,0, 105, False, 0
1180,0, 105, False, 0
1181,0, 105, False, 0
1182,0, 105, False, 0
1183,0, 105, False, 0
1184,0, 105, False, 0
1185,0, 105, False, 0
1186,0, 105, False, 0
1187,0, 105, False, 0
1188,0, 105, False, 0
1189,0, 105, False, 0
1190,0, 105, False, 0
1191,0, 105, False, 0
1192,0, 105, False, 0
1193,0, 105, False, 0
1194,0, 105, False, 0
1195,0, 105, False, 0
1196,0, 105, False, 0
1197,0, 105, False, 0
1198,0, 105, False, 0
1199,0, 105, False, 0
1200,0, 105, False, 0
1201,0, 105, False, 0
1202,0, 105, False, 0
1203,0, 105, False, 0
1204,0, 105, False, 0
1205,0, 105, False, 0
1206,0, 105, False, 0
1207,0, 105, False, 0
1208,0, 105, False, 0
1209,0, 105, False, 0
1210,0, 105, False, 0
1211,0, 105, False, 0
1212,0, 105, False, 0
1213,0, 105, False, 0
1214,0, 105, False, 0
1215,0, 105, False, 0
1216,0, 105, False, 0
1217,0, 105, False, 0
1218,0, 105, False, 0
1219,0, 105, False, 0
1220,0, 105, False, 0
1221,0, 105, False, 0
1222,0, 105, False, 0
1223,0, 105, False, 1
1224,0, 105, False, 1
1225,0, 105, False, 1
1226,0, 105, False, 1
1227,0, 105, False, 1
1228,0, 105, False, 1
1229,0, 105, False, 1
1230,0, 105, False, 1
1231,0, 105, False, 0
1232,0, 105, False, 0
1233,0, 105, False, 0
1234,0, 105, False, 0
1235,0, 105, False, 0
1236,0, 105, False, 0
1237,0, 105, False, 0
1238,0, 105, False, 0
1239,0, 105, False, 0
1240,0, 105, False, 0
1241,0, 105, False, 0
1242,0, 105, False, 0
1243,0, 105, False, 0
1244,0, 105, False, 0
1245,0, 105, False, 0
1246,0, 105, False, 0
1247,0, 105, False, 0
1248,0, 105, False, 0
1249,0, 105, False, 0
1250,0, 105, False, 0
1251,0, 105, False, 0
1252,0, 105, False, 0
1253,0, 105, False, 0
1254,0, 105, False, 0
1255,0, 105, False, 0
1256,0, 105, False, 0
1257,0, 105, False, 0
1258,0, 105, False, 0
1259,0, 105, False, 0
1260,0, 105, False, 0
1261,0, 105, False, 0
1262,0, 105, False, 0
1263,0, 105, False, 0
1264,0, 105, False, 0
1265,0, 105, False, 0
1266,0, 105, False, 0
1267,0, 105, False, 0
1268,0, 105, False, 0
1269,0, 105, False, 0
1270,0, 105, False, 0
1271,0, 105, False, 0
1272,0, 105, False, 4
1273,0, 105, False, 4
1274,0, 105, False, 4
1275,0, 105, False, 4
1276,0, 105, False, 4
1277,0, 105, False, 0
1278,0, 105, False, 0
1279,0, 105, False, 0
1280,0, 105, False, 0
1281,0, 105, False, 0
1282,25, 130, False, 0
1283,0, 130, False, 0
1284,0, 130, False, 0
1285,0, 130, False, 0
1286,0, 130, False, 0
1287,0, 130, False, 0
1288,0, 130, False, 0
1289,0, 130, False, 0
1290,0, 130, False, 0
1291,0, 130, False, 0
1292,0, 130, False, 0
1293,0, 130, False, 0
1294,0, 130, False, 0
1295,0, 130, False, 0
1296,0, 130, False, 0
1297,0, 130, False, 0
1298,0, 130, False, 0
1299,0, 130, False, 1
1300,0, 130, False, 1
1301,0, 130, False, 1
1302,0, 130, False, 1
1303,0, 130, False, 1
1304,0, 130, False, 1
1305,0, 130, False, 1
1306,0, 130, False, 1
1307,0, 130, False, 0
1308,0, 130, False, 0
1309,0, 130, False, 0
1310,0, 130, False, 0
1311,0, 130, False, 0
1312,0, 130, False, 0
1313,0, 130, False, 0
1314,0, 130, False, 0
1315,0, 130, False, 0
1316,0, 130, False, 0
1317,0, 130, False, 0
1318,0, 130, False, 0
1319,0, 130, False, 0
1320,0, 130, False, 0
1321,0, 130, False, 0
1322,0, 130, False, 0
1323,0, 130, False, 0
1324,0, 130, False, 0
1325,0, 130, False, 0
1326,0, 130, False, 0
1327,0, 130, False, 0
1328,0, 130, False, 0
1329,0, 130, False, 0
1330,0, 130, False, 0
1331,0, 130, False, 0
1332,0, 130, False, 0
1333,0, 130, False, 0
1334,0, 130, False, 0
1335,0, 130, False, 0
1336,0, 130, False, 0
1337,0, 130, False, 0
1338,0, 130, False, 0
1339,0, 130, False, 0
1340,0, 130, False, 0
1341,0, 130, False, 0
1342,0, 130, False, 0
1343,0, 130, False, 0
1344,0, 130, False, 0
1345,0, 130, False, 0
1346,0, 130, False, 0
1347,0, 130, False, 0
1348,0, 130, False, 0
1349,0, 130, False, 0
1350,0, 130, False, 0
1351,0, 130, False, 0
1352,0, 130, False, 0
1353,0, 130, False, 0
1354,0, 130, False, 0
1355,0, 130, False, 0
1356,0, 130, False, 0
1357,0, 130, False, 0
1358,0, 130, False, 0
1359,0, 130, False, 0
1360,0, 130, False, 0
1361,0, 130, False, 0
1362,0, 130, False, 0
1363,0, 130, False, 0
1364,30, 160, False, 0
1365,0, 160, False, 0
1366,0, 160, False, 0
1367,0, 160, False, 0
1368,0, 160, False, 0
1369,0, 160, False, 0
1370,0, 160, False, 1
1371,0, 160, False, 1
1372,0, 160, False, 1
1373,0, 160, False, 1
1374,0, 160, False, 1
1375,0, 160, False, 1
1376,0, 160, False, 1
1377,0, 160, False, 1
1378,0, 160, False, 1
1379,0, 160, False, 1
1380,0, 160, False, 1
1381,0, 160, False, 1
1382,0, 160, False, 1
1383,0, 160, False, 1
1384,0, 160, False, 0
1385,0, 160, False, 0
1386,0, 160, False, 0
1387,0, 160, False, 0
1388,0, 160, False, 0
1389,0, 160, False, 0
1390,0, 160, False, 0
1391,0, 160, False, 0
1392,0, 160, False, 0
1393,0, 160, False, 0
1394,0, 160, False, 0
1395,0, 160, False, 0
1396,0, 160, False, 0
1397,0, 160, False, 0
1398,0, 160, False, 0
1399,0, 160, False, 0
1400,0, 160, False, 0
1401,0, 160, False, 0
1402,0, 160, False, 0
1403,0, 160, False, 0
1404,0, 160, False, 0
1405,0, 160, False, 0
1406,0, 160, False, 0
1407,0, 160, False, 0
1408,0, 160, False, 0
1409,0, 160, False, 4
1410,0, 160, False, 4
1411,0, 160, False, 4
1412,0, 160, False, 4
1413,0, 160, False, 4
1414,0, 160, False, 4
1415,0, 160, False, 4
1416,0, 160, False, 4
1417,0, 160, False, 4
1418,0, 160, False, 4
1419,0, 160, False, 4
1420,0, 160, False, 4
1421,0, 160, False, 4
1422,0, 160, False, 4
1423,0, 160, False, 4
1424,0, 160, False, 4
1425,0, 160, False, 4
1426,0, 160, False, 4
1427,0, 160, False, 4
1428,0, 160, False, 4
1429,0, 160, False, 4
1430,0, 160, False, 4
1431,0, 160, False, 4
1432,0, 160, False, 4
1433,0, 160, False, 4
1434,0, 160, False, 4
1435,0, 160, False, 4
1436,0, 160, False, 4
1437,0, 160, False, 0
1438,0, 160, False, 0
1439,0, 160, False, 0
1440,0, 160, False, 0
1441,0, 160, False, 0
1442,0, 160, False, 0
1443,0, 160, False, 0
1444,0, 160, False, 0
1445,0, 160, False, 0
1446,0, 160, False, 0
1447,0, 160, False, 0
1448,0, 160, False, 0
1449,0, 160, False, 0
1450,0, 160, False, 0
1451,0, 160, False, 0
1452,0, 160, False, 0
1453,0, 160, False, 0
1454,0, 160, False, 0
1455,0, 160, False, 0
1456,0, 160, False, 0
1457,0, 160, False, 0
1458,0, 160, False, 0
1459,0, 160, False, 0
1460,0, 160, False, 0
1461,0, 160, False, 0
1462,0, 160, False, 0
1463,0, 160, False, 0
1464,0, 160, False, 0
1465,0, 160, False, 0
1466,0, 160, False, 0
1467,0, 160, False, 0
1468,0, 160, False, 0
1469,0, 160, False, 0
1470,0, 160, False, 0
1471,0, 160, False, 0
1472,0, 160, False, 4
1473,0, 160, False, 4
1474,0, 160, False, 4
1475,0, 160, False, 4
1476,0, 160, False, 4
1477,0, 160, False, 4
1478,0, 160, False, 4
1479,0, 160, False, 4
1480,0, 160, False, 4
1481,0, 160, False, 4
1482,0, 160, False, 4
1483,0, 160, False, 12
1484,0, 160, False, 1
1485,0, 160, False, 1
1486,0, 160, False, 1
1487,0, 160, False, 1
1488,0, 160, False, 1
1489,0, 160, False, 1
1490,0, 160, False, 1
1491,0, 160, False, 1
1492,0, 160, False, 11
1493,0, 160, False, 3
1494,0, 160, False, 3
1495,0, 160, False, 3
1496,0, 160, False, 3
1497,0, 160, False, 3
1498,0, 160, False, 3
1499,0, 160, False, 3
1500,0, 160, False, 3
1501,0, 160, False, 3
1502,0, 160, False, 3
1503,0, 160, False, 3
1504,0, 160, False, 3
1505,0, 160, False, 3
1506,0, 160, False, 3
1507,0, 160, False, 3
1508,0, 160, False, 3
1509,0, 160, False, 3
1510,0, 160, False, 3
1511,0, 160, False, 3
1512,0, 160, False, 3
1513,0, 160, False, 3
1514,0, 160, False, 3
1515,0, 160, False, 3
1516,0, 160, False, 3
1517,0, 160, False, 3
1518,0, 160, False, 3
1519,0, 160, False, 3
1520,0, 160, False, 3
1521,0, 160, False, 3
1522,0, 160, False, 3
1523,0, 160, False, 3
1524,0, 160, False, 3
1525,0, 160, False, 3
1526,0, 160, False, 3
1527,0, 160, False, 3
1528,0, 160, False, 3
1529,0, 160, False, 3
1530,20, 180, False, 3
1531,0, 180, False, 3
1532,0, 180, False, 3
1533,0, 180, False, 0
1534,0, 180, False, 0
1535,0, 180, False, 0
1536,0, 180, False, 0
1537,0, 180, False, 0
1538,0, 180, False, 0
1539,0, 180, False, 0
1540,0, 180, False, 0
1541,0, 180, False, 0
1542,0, 180, False, 0
1543,0, 180, False, 0
1544,0, 180, False, 0
1545,0, 180, False, 0
1546,0, 180, False, 3
1547,0, 180, False, 3
1548,0, 180, False, 3
1549,0, 180, False, 3
1550,0, 180, False, 3
1551,0, 180, False, 3
1552,0, 180, False, 3
1553,0, 180, False, 3
1554,0, 180, False, 3
1555,0, 180, False, 3
1556,0, 180, False, 3
1557,0, 180, False, 3
1558,0, 180, False, 3
1559,0, 180, False, 3
1560,0, 180, False, 3
1561,0, 180, False, 0
1562,0, 180, False, 0
1563,0, 180, False, 0
1564,0, 180, False, 0
1565,0, 180, False, 1
1566,0, 180, False, 1
1567,0, 180, False, 1
1568,0, 180, False, 1
1569,0, 180, False, 1
1570,0, 180, False, 1
1571,0, 180, False, 1
1572,0, 180, False, 1
1573,0, 180, False, 0
1574,0, 180, False, 0
1575,0, 180, False, 0
1576,0, 180, False, 0
1577,0, 180, False, 0
1578,0, 180, False, 0
1579,0, 180, False, 0
1580,0, 180, False, 0
1581,0, 180, False, 0
1582,0, 180, False, 0
1583,0, 180, False, 0
1584,0, 180, False, 0
1585,0, 180, False, 0
1586,5, 185, False, 0
1587,0, 185, False, 0
1588,0, 185, False, 0
1589,0, 185, False, 0
1590,0, 185, False, 0
1591,0, 185, False, 0
1592,0, 185, False, 0
1593,0, 185, False, 0
1594,0, 185, False, 0
1595,0, 185, False, 0
1596,0, 185, False, 1
1597,0, 185, False, 1
1598,0, 185, False, 1
1599,0, 185, False, 1
1600,0, 185, False, 1
1601,0, 185, False, 1
1602,0, 185, False, 1
1603,0, 185, False, 1
1604,0, 185, False, 1
1605,0, 185, False, 0
1606,0, 185, False, 0
1607,0, 185, False, 0
1608,0, 185, False, 0
1609,0, 185, False, 0
1610,0, 185, False, 0
1611,0, 185, False, 4
1612,0, 185, False, 4
1613,0, 185, False, 4
1614,0, 185, False, 4
1615,0, 185, False, 4
1616,0, 185, False, 4
1617,0, 185, False, 0
1618,0, 185, False, 0
1619,0, 185, False, 0
1620,0, 185, False, 0
1621,0, 185, False, 0
1622,0, 185, False, 0
1623,0, 185, False, 0
1624,0, 185, False, 0
1625,0, 185, False, 1
1626,10, 195, False, 1
1627,0, 195, False, 1
1628,0, 195, False, 1
1629,0, 195, False, 1
1630,0, 195, False, 1
1631,0, 195, False, 1
1632,0, 195, False, 1
1633,0, 195, False, 1
1634,0, 195, False, 0
1635,0, 195, False, 0
1636,0, 195, False, 0
1637,0, 195, False, 0
1638,0, 195, False, 0
1639,0, 195, False, 0
1640,0, 195, False, 0
1641,0, 195, False, 0
1642,0, 195, False, 0
1643,0, 195, False, 0
1644,0, 195, False, 0
1645,0, 195, False, 0
1646,0, 195, False, 0
1647,0, 195, False, 0
1648,0, 195, False, 0
1649,0, 195, False, 0
1650,0, 195, False, 0
1651,0, 195, False, 0
1652,0, 195, False, 0
1653,0, 195, False, 0
1654,0, 195, False, 0
1655,0, 195, False, 0
1656,0, 195, False, 0
1657,0, 195, False, 0
1658,0, 195, False, 0
1659,0, 195, False, 0
1660,0, 195, False, 0
1661,0, 195, False, 4
1662,0, 195, False, 4
1663,0, 195, False, 4
1664,0, 195, False, 4
1665,0, 195, False, 4
1666,15, 210, False, 0
1667,0, 210, False, 1
1668,0, 210, False, 1
1669,0, 210, False, 1
1670,0, 210, False, 1
1671,0, 210, False, 1
1672,0, 210, False, 1
1673,0, 210, False, 1
1674,0, 210, False, 0
1675,0, 210, False, 0
1676,0, 210, False, 0
1677,0, 210, False, 0
1678,0, 210, False, 0
1679,0, 210, False, 0
1680,0, 210, False, 0
1681,0, 210, False, 0
1682,0, 210, False, 0
1683,0, 210, False, 0
1684,0, 210, False, 0
1685,0, 210, False, 0
1686,0, 210, False, 0
1687,0, 210, False, 0
1688,0, 210, False, 0
1689,0, 210, False, 0
1690,0, 210, False, 0
1691,0, 210, False, 4
1692,0, 210, False, 4
1693,0, 210, False, 4
1694,0, 210, False, 4
1695,0, 210, False, 4
1696,0, 210, False, 4
1697,0, 210, False, 4
1698,0, 210, False, 4
1699,0, 210, False, 0
1700,0, 210, False, 0
1701,0, 210, False, 1
1702,0, 210, False, 1
1703,0, 210, False, 1
1704,0, 210, False, 1
1705,0, 210, False, 1
1706,0, 210, False, 1
1707,0, 210, False, 1
1708,0, 210, False, 1
1709,0, 210, False, 1
1710,0, 210, False, 1
1711,0, 210, False, 1
1712,0, 210, False, 0
1713,0, 210, False, 0
1714,20, 230, False, 0
1715,0, 230, False, 0
1716,0, 230, False, 0
1717,0, 230, False, 0
1718,0, 230, False, 0
1719,0, 230, False, 0
1720,0, 230, False, 0
1721,0, 230, False, 0
1722,0, 230, False, 0
1723,0, 230, False, 0
1724,0, 230, False, 0
1725,0, 230, False, 0
1726,0, 230, False, 0
1727,0, 230, False, 0
1728,0, 230, False, 0
1729,0, 230, False, 0
1730,0, 230, False, 0
1731,0, 230, False, 0
1732,0, 230, False, 0
1733,0, 230, False, 0
1734,0, 230, False, 0
1735,0, 230, False, 0
1736,0, 230, False, 0
1737,0, 230, False, 0
1738,0, 230, False, 0
1739,0, 230, False, 0
1740,0, 230, False, 0
1741,0, 230, False, 0
1742,0, 230, False, 0
1743,0, 230, False, 1
1744,0, 230, False, 1
1745,0, 230, False, 1
1746,0, 230, False, 1
1747,0, 230, False, 1
1748,0, 230, False, 1
1749,0, 230, False, 1
1750,0, 230, False, 1
1751,0, 230, False, 1
1752,0, 230, False, 1
1753,0, 230, False, 0
1754,0, 230, False, 0
1755,0, 230, False, 0
1756,0, 230, False, 0
1757,0, 230, False, 0
1758,0, 230, False, 0
1759,0, 230, False, 0
1760,0, 230, False, 3
1761,0, 230, False, 3
1762,0, 230, False, 3
1763,0, 230, False, 3
1764,0, 230, False, 3
1765,0, 230, False, 3
1766,0, 230, False, 3
1767,0, 230, False, 3
1768,0, 230, False, 3
1769,0, 230, False, 3
1770,0, 230, False, 3
1771,0, 230, False, 3
1772,0, 230, False, 3
1773,0, 230, False, 0
1774,0, 230, False, 0
1775,0, 230, False, 0
1776,0, 230, False, 0
1777,0, 230, False, 0
1778,0, 230, False, 0
1779,0, 230, False, 0
1780,0, 230, False, 0
1781,0, 230, False, 0
1782,0, 230, False, 0
1783,0, 230, False, 0
1784,0, 230, False, 0
1785,0, 230, False, 0
1786,0, 230, False, 0
1787,0, 230, False, 0
1788,0, 230, False, 1
1789,0, 230, False, 1
1790,0, 230, False, 1
1791,0, 230, False, 1
1792,0, 230, False, 1
1793,0, 230, False, 1
1794,25, 255, False, 1
1795,0, 255, False, 0
1796,0, 255, False, 0
1797,0, 255, False, 3
1798,0, 255, False, 3
1799,0, 255, False, 3
1800,0, 255, False, 3
1801,0, 255, False, 3
1802,0, 255, False, 3
1803,0, 255, False, 3
1804,0, 255, False, 3
1805,0, 255, False, 3
1806,0, 255, False, 3
1807,0, 255, False, 3
1808,0, 255, False, 3
1809,0, 255, False, 3
1810,0, 255, False, 3
1811,0, 255, False, 3
1812,0, 255, False, 3
1813,0, 255, False, 3
1814,0, 255, False, 3
1815,0, 255, False, 3
1816,0, 255, False, 3
1817,0, 255, False, 3
1818,0, 255, False, 3
1819,0, 255, False, 3
1820,0, 255, False, 3
1821,0, 255, False, 3
1822,0, 255, False, 3
1823,0, 255, False, 3
1824,0, 255, False, 3
1825,0, 255, False, 3
1826,0, 255, False, 3
1827,0, 255, False, 3
1828,0, 255, False, 3
1829,0, 255, False, 3
1830,0, 255, False, 3
1831,0, 255, False, 3
1832,0, 255, False, 3
1833,0, 255, False, 3
1834,0, 255, False, 3
1835,0, 255, False, 3
1836,0, 255, False, 3
1837,0, 255, False, 3
1838,0, 255, False, 3
1839,0, 255, False, 3
1840,0, 255, False, 3
1841,0, 255, False, 3
1842,0, 255, False, 3
1843,0, 255, False, 3
1844,0, 255, False, 3
1845,0, 255, False, 3
1846,0, 255, False, 3
1847,0, 255, False, 3
1848,0, 255, False, 3
1849,0, 255, False, 3
1850,0, 255, False, 3
1851,0, 255, False, 3
1852,0, 255, False, 3
1853,0, 255, False, 3
1854,0, 255, False, 3
1855,0, 255, False, 3
1856,0, 255, False, 3
1857,0, 255, False, 11
1858,0, 255, False, 11
1859,0, 255, False, 1
1860,0, 255, False, 1
1861,0, 255, False, 1
1862,0, 255, False, 1
1863,0, 255, False, 1
1864,0, 255, False, 1
1865,0, 255, False, 1
1866,0, 255, False, 1
1867,0, 255, False, 1
1868,0, 255, False, 1
1869,0, 255, False, 1
1870,0, 255, False, 0
1871,0, 255, False, 0
1872,0, 255, False, 0
1873,0, 255, False, 0
1874,5, 260, False, 0
1875,0, 260, False, 0
1876,0, 260, False, 0
1877,0, 260, False, 0
1878,0, 260, False, 0
1879,0, 260, False, 0
1880,0, 260, False, 0
1881,0, 260, False, 0
1882,0, 260, False, 0
1883,0, 260, False, 0
1884,0, 260, False, 3
1885,0, 260, False, 3
1886,0, 260, False, 3
1887,0, 260, False, 3
1888,0, 260, False, 3
1889,0, 260, False, 3
1890,0, 260, False, 3
1891,0, 260, False, 3
1892,0, 260, False, 3
1893,0, 260, False, 3
1894,0, 260, False, 3
1895,0, 260, False, 3
1896,0, 260, False, 3
1897,0, 260, False, 3
1898,0, 260, False, 3
1899,0, 260, False, 3
1900,0, 260, False, 0
1901,0, 260, False, 1
1902,0, 260, False, 1
1903,0, 260, False, 1
1904,0, 260, False, 1
1905,0, 260, False, 1
1906,0, 260, False, 1
1907,0, 260, False, 1
1908,0, 260, False, 1
1909,0, 260, False, 1
1910,0, 260, False, 1
1911,0, 260, False, 1
1912,0, 260, False, 1
1913,0, 260, False, 1
1914,0, 260, False, 0
1915,0, 260, False, 0
1916,0, 260, False, 0
1917,0, 260, False, 0
1918,0, 260, False, 0
1919,0, 260, False, 0
1920,0, 260, False, 0
1921,0, 260, False, 0
1922,0, 260, False, 0
1923,0, 260, False, 0
1924,10, 270, False, 0
1925,0, 270, False, 0
1926,0, 270, False, 0
1927,0, 270, False, 0
1928,0, 270, False, 0
1929,0, 270, False, 0
1930,0, 270, False, 0
1931,0, 270, False, 0
1932,0, 270, False, 0
1933,0, 270, False, 0
1934,0, 270, False, 0
1935,0, 270, False, 0
1936,0, 270, False, 4
1937,0, 270, False, 4
1938,0, 270, False, 4
1939,0, 270, False, 4
1940,0, 270, False, 4
1941,0, 270, False, 4
1942,0, 270, False, 4
1943,0, 270, False, 4
1944,0, 270, False, 4
1945,0, 270, False, 4
1946,0, 270, False, 12
1947,0, 270, False, 1
1948,0, 270, False, 1
1949,0, 270, False, 1
1950,0, 270, False, 1
1951,0, 270, False, 1
1952,0, 270, False, 1
1953,0, 270, False, 1
1954,0, 270, False, 1
1955,0, 270, False, 1
1956,0, 270, False, 1
1957,0, 270, False, 1
1958,0, 270, False, 1
1959,0, 270, False, 0
1960,0, 270, False, 0
1961,0, 270, False, 0
1962,0, 270, False, 0
1963,0, 270, False, 0
1964,0, 270, False, 0
1965,0, 270, False, 0
1966,0, 270, False, 0
1967,0, 270, False, 0
1968,0, 270, False, 0
1969,0, 270, False, 0
1970,0, 270, False, 0
1971,0, 270, False, 0
1972,0, 270, False, 0
1973,0, 270, False, 0
1974,0, 270, False, 0
1975,0, 270, False, 0
1976,0, 270, False, 0
1977,0, 270, False, 0
1978,0, 270, False, 0
1979,0, 270, False, 0
1980,0, 270, False, 0
1981,0, 270, False, 0
1982,0, 270, False, 0
1983,0, 270, False, 0
1984,0, 270, False, 0
1985,0, 270, False, 0
1986,0, 270, False, 0
1987,0, 270, False, 0
1988,0, 270, False, 0
1989,0, 270, False, 0
1990,0, 270, False, 0
1991,0, 270, False, 1
1992,0, 270, False, 1
1993,0, 270, False, 1
1994,0, 270, False, 1
1995,0, 270, False, 1
1996,0, 270, False, 1
1997,0, 270, False, 1
1998,0, 270, False, 1
1999,0, 270, False, 1
2000,0, 270, False, 1
2001,0, 270, False, 0
2002,0, 270, False, 0
2003,0, 270, False, 0
2004,0, 270, False, 0
2005,0, 270, False, 0
2006,0, 270, False, 0
2007,0, 270, False, 0
2008,0, 270, False, 1
2009,0, 270, False, 1
2010,0, 270, False, 1
2011,0, 270, False, 1
2012,0, 270, False, 1
2013,0, 270, False, 1
2014,0, 270, False, 1
2015,0, 270, False, 1
2016,0, 270, False, 1
2017,0, 270, False, 1
2018,0, 270, False, 1
2019,0, 270, False, 0
2020,0, 270, False, 0
2021,0, 270, False, 0
2022,0, 270, False, 0
2023,0, 270, False, 0
2024,0, 270, False, 0
2025,0, 270, False, 0
2026,0, 270, False, 0
2027,0, 270, False, 0
2028,0, 270, False, 0
2029,0, 270, False, 0
2030,0, 270, False, 0
2031,0, 270, False, 0
2032,0, 270, False, 0
2033,0, 270, False, 0
2034,0, 270, False, 0
2035,0, 270, False, 0
2036,0, 270, False, 0
2037,0, 270, False, 0
2038,0, 270, False, 1
2039,0, 270, False, 1
2040,0, 270, False, 1
2041,0, 270, False, 1
2042,0, 270, False, 1
2043,0, 270, False, 1
2044,0, 270, False, 1
2045,0, 270, False, 1
2046,0, 270, False, 1
2047,0, 270, False, 0
2048,0, 270, False, 3
2049,0, 270, False, 3
2050,0, 270, False, 3
2051,0, 270, False, 3
2052,0, 270, False, 0
2053,0, 270, False, 0
2054,5, 275, False, 0
2055,0, 275, False, 4
2056,0, 275, False, 4
2057,0, 275, False, 4
2058,0, 275, False, 4
2059,0, 275, False, 4
2060,0, 275, False, 4
2061,0, 275, False, 4
2062,0, 275, False, 4
2063,0, 275, False, 4
2064,0, 275, False, 0
2065,0, 275, False, 0
2066,0, 275, False, 0
2067,0, 275, False, 0
2068,0, 275, False, 0
2069,0, 275, False, 0
2070,0, 275, False, 4
2071,0, 275, False, 4
2072,0, 275, False, 4
2073,0, 275, False, 4
2074,0, 275, False, 4
2075,0, 275, False, 4
2076,0, 275, False, 4
2077,0, 275, False, 4
2078,0, 275, False, 4
2079,0, 275, False, 4
2080,0, 275, False, 4
2081,0, 275, False, 4
2082,0, 275, False, 4
2083,0, 275, False, 4
2084,0, 275, False, 0
2085,0, 275, False, 0
2086,0, 275, False, 0
2087,0, 275, False, 0
2088,0, 275, False, 0
2089,0, 275, False, 0
2090,0, 275, False, 0
2091,0, 275, False, 0
2092,0, 275, False, 0
2093,0, 275, False, 0
2094,0, 275, False, 0
2095,0, 275, False, 0
2096,0, 275, False, 0
2097,0, 275, False, 0
2098,0, 275, False, 0
2099,0, 275, False, 3
2100,0, 275, False, 3
2101,0, 275, False, 3
2102,0, 275, False, 3
2103,0, 275, False, 3
2104,0, 275, False, 3
2105,0, 275, False, 3
2106,0, 275, False, 3
2107,0, 275, False, 3
2108,0, 275, False, 3
2109,0, 275, False, 3
2110,0, 275, False, 3
2111,0, 275, False, 3
2112,0, 275, False, 3
2113,0, 275, False, 3
2114,0, 275, False, 3
2115,0, 275, False, 0
2116,0, 275, False, 0
2117,0, 275, False, 0
2118,0, 275, False, 0
2119,0, 275, False, 0
2120,0, 275, False, 0
2121,0, 275, False, 0
2122,0, 275, False, 0
2123,0, 275, False, 0
2124,0, 275, False, 0
2125,0, 275, False, 0
2126,0, 275, False, 0
2127,0, 275, False, 0
2128,0, 275, False, 0
2129,0, 275, False, 0
2130,0, 275, False, 3
2131,0, 275, False, 3
2132,0, 275, False, 3
2133,0, 275, False, 3
2134,0, 275, False, 3
2135,0, 275, False, 3
2136,0, 275, False, 3
2137,0, 275, False, 3
2138,0, 275, False, 3
2139,0, 275, False, 3
2140,0, 275, False, 3
2141,0, 275, False, 3
2142,0, 275, False, 3
2143,0, 275, False, 3
2144,0, 275, False, 3
2145,0, 275, False, 3
2146,0, 275, False, 3
2147,0, 275, False, 3
2148,0, 275, False, 3
2149,0, 275, False, 3
2150,0, 275, False, 3
2151,0, 275, False, 3
2152,0, 275, False, 3
2153,0, 275, False, 3
2154,0, 275, False, 3
2155,0, 275, False, 3
2156,0, 275, False, 3
2157,0, 275, False, 3
2158,0, 275, False, 0
2159,0, 275, False, 0
2160,0, 275, False, 0
2161,0, 275, False, 0
2162,0, 275, False, 0
2163,0, 275, False, 0
2164,0, 275, False, 0
2165,0, 275, False, 0
2166,0, 275, False, 0
2167,0, 275, False, 0
2168,0, 275, False, 0
2169,0, 275, False, 0
2170,0, 275, False, 0
2171,0, 275, False, 0
2172,0, 275, False, 0
2173,0, 275, False, 0
2174,0, 275, False, 0
2175,0, 275, False, 0
2176,0, 275, False, 0
2177,0, 275, False, 0
2178,0, 275, False, 0
2179,0, 275, False, 0
2180,0, 275, False, 0
2181,0, 275, False, 0
2182,0, 275, False, 0
2183,0, 275, False, 0
2184,0, 275, False, 0
2185,0, 275, False, 0
2186,0, 275, False, 0
2187,0, 275, False, 0
2188,0, 275, False, 0
2189,0, 275, False, 0
2190,0, 275, False, 0
2191,0, 275, False, 0
2192,0, 275, False, 0
2193,0, 275, False, 0
2194,0, 275, False, 0
2195,0, 275, False, 0
2196,0, 275, False, 0
2197,0, 275, False, 0
2198,0, 275, False, 0
2199,0, 275, False, 0
2200,0, 275, False, 0
2201,0, 275, False, 0
2202,0, 275, False, 0
2203,0, 275, False, 0
2204,0, 275, False, 0
2205,0, 275, False, 0
2206,0, 275, False, 0
2207,0, 275, False, 0
2208,0, 275, False, 0
2209,0, 275, False, 0
2210,0, 275, False, 0
2211,0, 275, False, 0
2212,0, 275, False, 0
2213,0, 275, False, 0
2214,0, 275, False, 3
2215,0, 275, False, 3
2216,0, 275, False, 3
2217,0, 275, False, 3
2218,0, 275, False, 3
2219,0, 275, False, 3
2220,0, 275, False, 3
2221,0, 275, False, 3
2222,0, 275, False, 3
2223,0, 275, False, 3
2224,0, 275, False, 3
2225,0, 275, False, 3
2226,0, 275, False, 3
2227,0, 275, False, 3
2228,0, 275, False, 3
2229,0, 275, False, 3
2230,0, 275, False, 3
2231,0, 275, False, 3
2232,0, 275, False, 3
2233,0, 275, False, 3
2234,0, 275, False, 3
2235,0, 275, False, 3
2236,0, 275, False, 3
2237,0, 275, False, 3
2238,0, 275, False, 3
2239,0, 275, False, 3
2240,0, 275, False, 3
2241,0, 275, False, 3
2242,0, 275, False, 3
2243,0, 275, False, 3
2244,0, 275, False, 3
2245,0, 275, False, 3
2246,0, 275, False, 3
2247,0, 275, False, 3
2248,0, 275, False, 3
2249,0, 275, False, 3
2250,0, 275, False, 3
2251,0, 275, False, 3
2252,0, 275, False, 3
2253,0, 275, False, 3
2254,0, 275, False, 3
2255,0, 275, False, 3
2256,0, 275, False, 3
2257,0, 275, False, 3
2258,0, 275, False, 3
2259,0, 275, False, 3
2260,0, 275, False, 3
2261,0, 275, False, 3
2262,0, 275, False, 3
2263,0, 275, False, 3
2264,0, 275, False, 3
2265,0, 275, False, 3
2266,0, 275, False, 3
2267,0, 275, False, 3
2268,0, 275, False, 3
2269,0, 275, False, 3
2270,0, 275, False, 3
2271,0, 275, False, 3
2272,0, 275, False, 3
2273,0, 275, False, 3
2274,0, 275, False, 3
2275,0, 275, False, 3
2276,0, 275, False, 3
2277,0, 275, False, 3
2278,0, 275, False, 3
2279,0, 275, False, 3
2280,0, 275, False, 3
2281,0, 275, False, 3
2282,0, 275, False, 3
2283,0, 275, False, 3
2284,0, 275, False, 3
2285,0, 275, False, 3
2286,0, 275, False, 3
2287,0, 275, False, 3
2288,0, 275, False, 3
2289,0, 275, False, 3
2290,0, 275, False, 3
2291,0, 275, False, 3
2292,0, 275, False, 3
2293,0, 275, False, 3
2294,0, 275, False, 3
2295,0, 275, False, 3
2296,0, 275, False, 3
2297,0, 275, False, 3
2298,0, 275, False, 3
2299,0, 275, False, 3
2300,0, 275, False, 3
2301,0, 275, False, 3
2302,0, 275, False, 3
2303,0, 275, False, 3
2304,0, 275, False, 3
2305,0, 275, False, 3
2306,0, 275, False, 3
2307,0, 275, False, 3
2308,0, 275, False, 3
2309,0, 275, False, 3
2310,0, 275, False, 3
2311,0, 275, False, 3
2312,0, 275, False, 3
2313,0, 275, False, 3
2314,0, 275, False, 3
2315,0, 275, False, 3
2316,0, 275, False, 3
2317,0, 275, False, 3
2318,0, 275, False, 3
2319,0, 275, False, 3
2320,0, 275, False, 3
2321,0, 275, False, 3
2322,0, 275, False, 3
2323,0, 275, False, 3
2324,0, 275, False, 3
2325,0, 275, False, 3
2326,0, 275, False, 3
2327,0, 275, False, 3
2328,0, 275, False, 3
2329,0, 275, False, 3
2330,0, 275, False, 3
2331,0, 275, False, 3
2332,0, 275, False, 3
2333,0, 275, False, 3
2334,0, 275, False, 3
2335,0, 275, False, 3
2336,0, 275, False, 3
2337,0, 275, False, 3
2338,0, 275, False, 3
2339,0, 275, False, 3
2340,0, 275, False, 3
2341,0, 275, False, 3
2342,0, 275, False, 3
2343,0, 275, False, 3
2344,0, 275, False, 3
2345,0, 275, False, 3
2346,0, 275, False, 11
2347,0, 275, False, 11
2348,0, 275, False, 11
2349,0, 275, False, 11
2350,0, 275, False, 11
2351,0, 275, False, 11
2352,0, 275, False, 11
2353,0, 275, False, 3
2354,0, 275, False, 3
2355,0, 275, False, 3
2356,0, 275, False, 3
2357,0, 275, False, 3
2358,0, 275, False, 3
2359,0, 275, False, 3
2360,0, 275, False, 3
2361,0, 275, False, 3
2362,0, 275, False, 3
2363,0, 275, False, 3
2364,0, 275, False, 3
2365,0, 275, False, 3
2366,0, 275, False, 3
2367,0, 275, False, 3
2368,0, 275, False, 3
2369,0, 275, False, 3
2370,0, 275, False, 3
2371,0, 275, False, 3
2372,0, 275, False, 3
2373,0, 275, False, 3
2374,0, 275, False, 3
2375,0, 275, False, 3
2376,0, 275, False, 3
2377,0, 275, False, 3
2378,0, 275, False, 3
2379,0, 275, False, 3
2380,0, 275, False, 3
2381,0, 275, False, 3
2382,0, 275, False, 3
2383,0, 275, False, 3
2384,20, 295, False, 3
2385,0, 295, False, 3
2386,0, 295, False, 3
2387,0, 295, False, 3
2388,0, 295, False, 3
2389,0, 295, False, 3
2390,0, 295, False, 3
2391,0, 295, False, 3
2392,0, 295, False, 3
2393,0, 295, False, 3
2394,0, 295, False, 3
2395,0, 295, False, 3
2396,0, 295, False, 3
2397,0, 295, False, 3
2398,0, 295, False, 3
2399,0, 295, False, 3
2400,0, 295, False, 3
2401,0, 295, False, 3
2402,0, 295, False, 3
2403,0, 295, False, 3
2404,0, 295, False, 3
2405,0, 295, False, 3
2406,0, 295, False, 3
2407,0, 295, False, 3
2408,0, 295, False, 3
2409,0, 295, False, 3
2410,0, 295, False, 3
2411,0, 295, False, 3
2412,0, 295, False, 3
2413,0, 295, False, 3
2414,0, 295, False, 3
2415,0, 295, False, 3
2416,0, 295, False, 3
2417,0, 295, False, 3
2418,0, 295, False, 0
2419,0, 295, False, 1
2420,0, 295, False, 1
2421,0, 295, False, 1
2422,0, 295, False, 1
2423,0, 295, False, 1
2424,0, 295, False, 1
2425,0, 295, False, 1
2426,0, 295, False, 1
2427,0, 295, False, 12
2428,5, 300, False, 4
2429,0, 300, False, 4
2430,0, 300, False, 4
2431,0, 300, False, 4
2432,0, 300, False, 4
2433,0, 300, False, 4
2434,0, 300, False, 4
2435,0, 300, False, 4
2436,0, 300, False, 4
2437,0, 300, False, 4
2438,0, 300, False, 4
2439,0, 300, False, 4
2440,0, 300, False, 4
2441,0, 300, False, 4
2442,0, 300, False, 4
2443,0, 300, False, 4
2444,0, 300, False, 4
2445,0, 300, False, 4
2446,0, 300, False, 4
2447,0, 300, False, 4
2448,0, 300, False, 4
2449,0, 300, False, 4
2450,0, 300, False, 4
2451,0, 300, False, 4
2452,0, 300, False, 4
2453,0, 300, False, 4
2454,0, 300, False, 4
2455,0, 300, False, 4
2456,0, 300, False, 4
2457,0, 300, False, 4
2458,0, 300, False, 4
2459,0, 300, False, 4
2460,0, 300, False, 4
2461,0, 300, False, 4
2462,0, 300, False, 4
2463,0, 300, False, 4
2464,0, 300, False, 4
2465,0, 300, False, 4
2466,0, 300, False, 4
2467,0, 300, False, 4
2468,0, 300, False, 4
2469,0, 300, False, 4
2470,0, 300, False, 4
2471,0, 300, False, 4
2472,0, 300, False, 4
2473,0, 300, False, 4
2474,0, 300, False, 4
2475,0, 300, False, 4
2476,0, 300, False, 4
2477,0, 300, False, 4
2478,0, 300, False, 4
2479,0, 300, False, 4
2480,0, 300, False, 4
2481,0, 300, False, 4
2482,0, 300, False, 4
2483,0, 300, False, 4
2484,0, 300, False, 4
2485,0, 300, False, 4
2486,0, 300, False, 4
2487,0, 300, False, 4
2488,0, 300, False, 4
2489,0, 300, False, 4
2490,0, 300, False, 4
2491,0, 300, False, 4
2492,0, 300, False, 4
2493,0, 300, False, 4
2494,0, 300, False, 4
2495,0, 300, False, 4
2496,0, 300, False, 4
2497,0, 300, False, 4
2498,0, 300, False, 4
2499,0, 300, False, 4
2500,0, 300, False, 4
2501,0, 300, False, 4
2502,0, 300, False, 4
2503,0, 300, False, 4
2504,0, 300, False, 4
2505,0, 300, False, 4
2506,0, 300, False, 4
2507,0, 300, False, 4
2508,0, 300, False, 4
2509,0, 300, False, 4
2510,0, 300, False, 4
2511,0, 300, False, 12
2512,0, 300, False, 12
2513,0, 300, False, 12
2514,0, 300, False, 12
2515,0, 300, False, 1
2516,0, 300, False, 1
2517,0, 300, False, 1
2518,0, 300, False, 11
2519,0, 300, False, 11
2520,0, 300, False, 11
2521,0, 300, False, 3
2522,0, 300, False, 3
2523,0, 300, False, 3
2524,0, 300, False, 3
2525,0, 300, False, 3
2526,0, 300, False, 3
2527,0, 300, False, 3
2528,0, 300, False, 3
2529,0, 300, False, 3
2530,10, 310, False, 3
2531,0, 310, False, 3
2532,0, 310, False, 3
2533,0, 310, False, 3
2534,0, 310, False, 3
2535,0, 310, False, 3
2536,0, 310, False, 3
2537,0, 310, False, 3
2538,0, 310, False, 3
2539,0, 310, False, 3
2540,0, 310, False, 3
2541,0, 310, False, 3
2542,0, 310, False, 3
2543,0, 310, False, 3
2544,0, 310, False, 3
2545,0, 310, False, 3
2546,0, 310, False, 3
2547,0, 310, False, 3
2548,0, 310, False, 3
2549,0, 310, False, 3
2550,0, 310, False, 3
2551,0, 310, False, 3
2552,0, 310, False, 3
2553,0, 310, False, 3
2554,0, 310, False, 3
2555,0, 310, False, 3
2556,0, 310, False, 3
2557,0, 310, False, 3
2558,0, 310, False, 3
2559,0, 310, False, 3
2560,0, 310, False, 3
2561,0, 310, False, 3
2562,0, 310, False, 3
2563,0, 310, False, 3
2564,0, 310, False, 3
2565,0, 310, False, 3
2566,0, 310, False, 3
2567,0, 310, False, 3
2568,0, 310, False, 3
2569,0, 310, False, 3
2570,0, 310, False, 3
2571,0, 310, False, 3
2572,0, 310, False, 3
2573,0, 310, False, 3
2574,0, 310, False, 3
2575,0, 310, False, 3
2576,0, 310, False, 3
2577,0, 310, False, 3
2578,0, 310, False, 3
2579,0, 310, False, 1
2580,0, 310, False, 1
2581,0, 310, False, 1
2582,0, 310, False, 1
2583,0, 310, False, 1
2584,0, 310, False, 1
2585,0, 310, False, 1
2586,0, 310, False, 1
2587,0, 310, False, 1
2588,0, 310, False, 1
2589,0, 310, False, 0
2590,0, 310, False, 0
2591,0, 310, False, 0
2592,10, 320, False, 0
2593,0, 320, False, 0
2594,0, 320, False, 0
2595,0, 320, False, 0
2596,0, 320, False, 0
2597,0, 320, False, 0
2598,0, 320, False, 0
2599,0, 320, False, 0
2600,0, 320, False, 0
2601,0, 320, False, 0
2602,0, 320, False, 0
2603,0, 320, False, 0
2604,0, 320, False, 0
2605,0, 320, False, 0
2606,0, 320, False, 0
2607,0, 320, False, 0
2608,0, 320, False, 0
2609,0, 320, False, 0
2610,0, 320, False, 0
2611,0, 320, False, 0
2612,0, 320, False, 0
2613,0, 320, False, 0
2614,0, 320, False, 0
2615,0, 320, False, 0
2616,0, 320, False, 0
2617,0, 320, False, 0
2618,0, 320, False, 0
2619,0, 320, False, 0
2620,0, 320, False, 0
2621,0, 320, False, 0
2622,0, 320, False, 0
2623,0, 320, False, 0
2624,0, 320, False, 0
2625,0, 320, False, 0
2626,0, 320, False, 0
2627,0, 320, False, 0
2628,0, 320, False, 0
2629,0, 320, False, 0
2630,0, 320, False, 0
2631,0, 320, False, 0
2632,0, 320, False, 0
2633,0, 320, False, 0
2634,0, 320, False, 0
2635,0, 320, False, 0
2636,0, 320, False, 0
2637,0, 320, False, 0
2638,0, 320, False, 0
2639,0, 320, False, 0
2640,0, 320, False, 0
2641,0, 320, False, 0
2642,0, 320, False, 0
2643,0, 320, False, 0
2644,0, 320, False, 0
2645,0, 320, False, 0
2646,0, 320, False, 0
2647,0, 320, False, 0
2648,0, 320, False, 0
2649,0, 320, False, 0
2650,0, 320, False, 0
2651,0, 320, False, 0
2652,0, 320, False, 0
2653,0, 320, False, 0
2654,0, 320, False, 0
2655,0, 320, False, 0
2656,0, 320, False, 0
2657,0, 320, False, 0
2658,0, 320, False, 0
2659,0, 320, False, 0
2660,0, 320, False, 0
2661,0, 320, False, 0
2662,0, 320, False, 0
2663,0, 320, False, 0
2664,0, 320, False, 0
2665,0, 320, False, 0
2666,0, 320, False, 0
2667,0, 320, False, 0
2668,0, 320, False, 0
2669,0, 320, False, 0
2670,0, 320, False, 0
2671,0, 320, False, 0
2672,0, 320, False, 0
2673,0, 320, False, 0
2674,0, 320, False, 0
2675,0, 320, False, 0
2676,0, 320, False, 0
2677,0, 320, False, 0
2678,0, 320, False, 0
2679,0, 320, False, 0
2680,0, 320, False, 0
2681,0, 320, False, 0
2682,0, 320, False, 0
2683,0, 320, False, 0
2684,0, 320, False, 0
2685,0, 320, False, 0
2686,0, 320, False, 0
2687,0, 320, False, 0
2688,0, 320, False, 0
2689,0, 320, False, 0
2690,0, 320, False, 0
2691,0, 320, False, 0
2692,0, 320, False, 0
2693,0, 320, False, 0
2694,0, 320, False, 0
2695,0, 320, False, 0
2696,0, 320, False, 0
2697,0, 320, False, 0
2698,0, 320, False, 0
2699,0, 320, False, 0
2700,0, 320, False, 0
2701,0, 320, False, 0
2702,0, 320, False, 0
2703,0, 320, False, 0
2704,0, 320, False, 0
2705,0, 320, False, 0
2706,0, 320, False, 0
2707,0, 320, False, 0
2708,0, 320, False, 0
2709,0, 320, False, 0
2710,0, 320, False, 0
2711,0, 320, False, 0
2712,0, 320, False, 0
2713,0, 320, False, 0
2714,0, 320, False, 0
2715,0, 320, False, 0
2716,0, 320, False, 0
2717,0, 320, False, 0
2718,0, 320, False, 0
2719,0, 320, False, 0
2720,0, 320, False, 0
2721,0, 320, False, 0
2722,0, 320, False, 0
2723,0, 320, False, 0
2724,0, 320, False, 0
2725,0, 320, False, 0
2726,0, 320, False, 0
2727,0, 320, False, 0
2728,0, 320, False, 0
2729,0, 320, False, 0
2730,0, 320, False, 0
2731,0, 320, False, 0
2732,0, 320, False, 0
2733,0, 320, False, 0
2734,0, 320, False, 0
2735,0, 320, False, 0
2736,0, 320, False, 0
2737,0, 320, False, 0
2738,0, 320, False, 0
2739,0, 320, False, 0
2740,0, 320, False, 0
2741,0, 320, False, 0
2742,0, 320, False, 0
2743,0, 320, False, 0
2744,0, 320, False, 0
2745,0, 320, False, 0
2746,0, 320, False, 0
2747,0, 320, False, 0
2748,0, 320, False, 0
2749,0, 320, False, 0
2750,0, 320, False, 0
2751,0, 320, False, 0
2752,0, 320, False, 0
2753,0, 320, False, 0
2754,0, 320, False, 0
2755,0, 320, False, 0
2756,0, 320, False, 0
2757,0, 320, False, 0
2758,0, 320, False, 0
2759,0, 320, False, 0
2760,0, 320, False, 0
2761,0, 320, False, 0
2762,0, 320, False, 0
2763,0, 320, False, 0
2764,0, 320, False, 0
2765,0, 320, False, 0
2766,0, 320, False, 0
2767,0, 320, False, 0
2768,0, 320, False, 0
2769,0, 320, False, 0
2770,0, 320, False, 0
2771,0, 320, False, 0
2772,0, 320, False, 0
2773,0, 320, False, 0
2774,0, 320, False, 0
2775,0, 320, False, 0
2776,0, 320, False, 0
2777,0, 320, False, 0
2778,0, 320, False, 0
2779,0, 320, False, 0
2780,0, 320, False, 0
2781,0, 320, False, 0
2782,0, 320, False, 0
2783,0, 320, False, 0
2784,0, 320, False, 0
2785,0, 320, False, 0
2786,0, 320, False, 0
2787,0, 320, False, 0
2788,0, 320, False, 0
2789,0, 320, False, 0
2790,0, 320, False, 0
2791,0, 320, False, 0
2792,0, 320, False, 0
2793,0, 320, False, 0
2794,0, 320, False, 0
2795,0, 320, False, 0
2796,0, 320, False, 0
2797,0, 320, False, 0
2798,0, 320, False, 0
2799,0, 320, False, 0
2800,0, 320, False, 0
2801,0, 320, False, 0
2802,0, 320, False, 0
2803,0, 320, False, 0
2804,0, 320, False, 0
2805,0, 320, False, 0
2806,0, 320, False, 0
2807,0, 320, False, 0
2808,0, 320, False, 0
2809,0, 320, False, 0
2810,0, 320, False, 0
2811,0, 320, False, 0
2812,0, 320, False, 0
2813,0, 320, False, 0
2814,0, 320, False, 0
2815,0, 320, False, 0
2816,0, 320, False, 0
2817,0, 320, False, 0
2818,0, 320, False, 0
2819,0, 320, False, 0
2820,0, 320, False, 0
2821,0, 320, False, 0
2822,0, 320, False, 0
2823,0, 320, False, 0
2824,0, 320, False, 0
2825,0, 320, False, 0
2826,0, 320, False, 0
2827,0, 320, False, 0
2828,0, 320, False, 0
2829,0, 320, False, 0
2830,0, 320, False, 0
2831,0, 320, False, 0
2832,0, 320, False, 0
2833,0, 320, False, 0
2834,0, 320, False, 0
2835,0, 320, False, 0
2836,0, 320, False, 0
2837,0, 320, False, 0
2838,0, 320, False, 0
2839,0, 320, False, 0
2840,0, 320, False, 0
2841,0, 320, False, 0
2842,0, 320, False, 0
2843,0, 320, False, 0
2844,0, 320, False, 0
2845,0, 320, False, 0
2846,0, 320, False, 0
2847,0, 320, False, 0
2848,0, 320, False, 0
2849,0, 320, False, 0
2850,0, 320, False, 0
2851,0, 320, False, 0
2852,0, 320, False, 0
2853,0, 320, False, 0
2854,0, 320, False, 0
2855,0, 320, False, 0
2856,0, 320, False, 0
2857,0, 320, False, 0
2858,0, 320, False, 0
2859,0, 320, False, 0
2860,0, 320, False, 0
2861,0, 320, False, 0
2862,0, 320, False, 0
2863,0, 320, False, 0
2864,0, 320, False, 0
2865,0, 320, False, 0
2866,0, 320, False, 0
2867,0, 320, False, 0
2868,0, 320, False, 0
2869,0, 320, False, 0
2870,0, 320, False, 0
2871,0, 320, False, 0
2872,0, 320, False, 0
2873,0, 320, False, 0
2874,0, 320, False, 0
2875,0, 320, False, 0
2876,0, 320, False, 0
2877,0, 320, False, 0
2878,0, 320, False, 0
2879,0, 320, False, 0
2880,0, 320, False, 0
2881,0, 320, False, 0
2882,0, 320, False, 0
2883,0, 320, False, 0
2884,0, 320, False, 0
2885,0, 320, False, 0
2886,0, 320, False, 0
2887,0, 320, False, 0
2888,0, 320, False, 0
2889,0, 320, False, 0
2890,0, 320, False, 0
2891,0, 320, False, 0
2892,0, 320, False, 0
2893,0, 320, False, 0
2894,0, 320, False, 0
2895,0, 320, False, 0
2896,0, 320, False, 0
2897,0, 320, False, 0
2898,0, 320, False, 0
2899,0, 320, False, 0
2900,0, 320, False, 0
2901,0, 320, False, 0
2902,0, 320, False, 0
2903,0, 320, False, 0
2904,0, 320, False, 0
2905,0, 320, False, 0
2906,0, 320, False, 0
2907,0, 320, False, 0
2908,0, 320, False, 0
2909,0, 320, False, 0
2910,0, 320, False, 0
2911,0, 320, False, 0
2912,0, 320, False, 0
2913,0, 320, False, 0
2914,0, 320, False, 0
2915,0, 320, False, 0
2916,0, 320, False, 0
2917,0, 320, False, 0
2918,0, 320, False, 0
2919,0, 320, False, 0
2920,0, 320, False, 0
2921,0, 320, False, 0
2922,0, 320, False, 0
2923,0, 320, False, 0
2924,0, 320, False, 0
2925,0, 320, False, 0
2926,0, 320, False, 0
2927,0, 320, False, 0
2928,0, 320, False, 0
2929,0, 320, False, 0
2930,0, 320, False, 0
2931,0, 320, False, 0
2932,0, 320, False, 0
2933,0, 320, False, 0
2934,0, 320, False, 0
2935,0, 320, False, 0
2936,0, 320, False, 0
2937,0, 320, False, 0
2938,0, 320, False, 0
2939,0, 320, False, 0
2940,0, 320, False, 0
2941,0, 320, False, 0
2942,0, 320, False, 0
2943,0, 320, False, 0
2944,0, 320, False, 0
2945,0, 320, False, 0
2946,0, 320, False, 0
2947,0, 320, False, 0
2948,0, 320, False, 0
2949,0, 320, False, 0
2950,0, 320, False, 0
2951,0, 320, False, 0
2952,0, 320, False, 0
2953,0, 320, False, 0
2954,0, 320, False, 0
2955,0, 320, False, 0
2956,0, 320, False, 0
2957,0, 320, False, 0
2958,0, 320, False, 0
2959,0, 320, False, 0
2960,0, 320, False, 0
2961,0, 320, False, 0
2962,0, 320, False, 0
2963,0, 320, False, 0
2964,0, 320, False, 0
2965,0, 320, False, 0
2966,0, 320, False, 0
2967,0, 320, False, 0
2968,0, 320, False, 0
2969,0, 320, False, 0
2970,0, 320, False, 0
2971,0, 320, False, 0
2972,0, 320, False, 0
2973,0, 320, False, 0
2974,0, 320, False, 0
2975,0, 320, False, 0
2976,0, 320, False, 0
2977,0, 320, False, 0
2978,0, 320, False, 0
2979,0, 320, False, 0
2980,0, 320, False, 0
2981,0, 320, False, 0
2982,0, 320, False, 0
2983,0, 320, False, 0
2984,0, 320, False, 0
2985,0, 320, False, 0
2986,0, 320, False, 0
2987,0, 320, False, 0
2988,0, 320, False, 0
2989,0, 320, False, 0
2990,0, 320, False, 0
2991,0, 320, False, 0
2992,0, 320, False, 0
2993,0, 320, False, 0
2994,0, 320, False, 0
2995,0, 320, False, 0
2996,0, 320, False, 0
2997,0, 320, False, 0
2998,0, 320, False, 0
2999,0, 320, False, 0
3000,0, 320, False, 0
3001,0, 320, False, 0
3002,0, 320, False, 0
3003,0, 320, False, 0
3004,0, 320, False, 0
3005,0, 320, False, 0
3006,0, 320, False, 0
3007,0, 320, False, 0
3008,0, 320, False, 0
3009,0, 320, False, 0
3010,0, 320, False, 0
3011,0, 320, False, 0
3012,0, 320, False, 0
3013,0, 320, False, 0
3014,0, 320, False, 0
3015,0, 320, False, 0
3016,0, 320, False, 0
3017,0, 320, False, 0
3018,0, 320, False, 0
3019,0, 320, False, 0
3020,0, 320, False, 0
3021,0, 320, False, 0
3022,0, 320, False, 0
3023,0, 320, False, 0
3024,0, 320, False, 0
3025,0, 320, False, 0
3026,0, 320, False, 0
3027,0, 320, False, 0
3028,0, 320, False, 0
3029,0, 320, False, 0
3030,0, 320, False, 0
3031,0, 320, False, 0
3032,0, 320, False, 0
3033,0, 320, False, 0
3034,0, 320, False, 0
3035,0, 320, False, 0
3036,0, 320, False, 0
3037,0, 320, False, 0
3038,0, 320, False, 0
3039,0, 320, False, 0
3040,0, 320, False, 0
3041,0, 320, False, 0
3042,0, 320, False, 0
3043,0, 320, False, 0
3044,0, 320, False, 0
3045,0, 320, False, 0
3046,0, 320, False, 0
3047,0, 320, False, 0
3048,0, 320, False, 0
3049,0, 320, False, 0
3050,0, 320, False, 0
3051,0, 320, False, 0
3052,0, 320, False, 0
3053,0, 320, False, 0
3054,0, 320, False, 0
3055,0, 320, False, 0
3056,0, 320, False, 0
3057,0, 320, False, 0
3058,0, 320, False, 0
3059,0, 320, False, 0
3060,0, 320, False, 0
3061,0, 320, False, 0
3062,0, 320, False, 0
3063,0, 320, False, 0
3064,0, 320, False, 0
3065,0, 320, False, 0
3066,0, 320, False, 0
3067,0, 320, False, 0
3068,0, 320, False, 0
3069,0, 320, False, 0
3070,0, 320, False, 0
3071,0, 320, False, 0
3072,0, 320, False, 0
3073,0, 320, False, 0
3074,0, 320, False, 0
3075,0, 320, False, 0
3076,0, 320, False, 0
3077,0, 320, False, 0
3078,0, 320, False, 0
3079,0, 320, False, 0
3080,0, 320, False, 0
3081,0, 320, False, 0
3082,0, 320, False, 0
3083,0, 320, False, 0
3084,0, 320, False, 0
3085,0, 320, False, 0
3086,0, 320, False, 0
3087,0, 320, False, 0
3088,0, 320, False, 0
3089,0, 320, False, 0
3090,0, 320, False, 0
3091,0, 320, False, 0
3092,0, 320, False, 0
3093,0, 320, False, 0
3094,0, 320, False, 0
3095,0, 320, False, 0
3096,0, 320, False, 0
3097,0, 320, False, 0
3098,0, 320, False, 0
3099,0, 320, False, 0
3100,0, 320, False, 0
3101,0, 320, False, 0
3102,0, 320, False, 0
3103,0, 320, False, 0
3104,0, 320, False, 0
3105,0, 320, False, 0
3106,0, 320, False, 0
3107,0, 320, False, 0
3108,0, 320, False, 0
3109,0, 320, False, 0
3110,0, 320, False, 0
3111,0, 320, False, 0
3112,0, 320, False, 0
3113,0, 320, False, 0
3114,0, 320, False, 0
3115,0, 320, False, 0
3116,0, 320, False, 0
3117,0, 320, False, 0
3118,0, 320, False, 0
3119,0, 320, False, 0
3120,0, 320, False, 0
3121,0, 320, False, 0
3122,0, 320, False, 0
3123,0, 320, False, 0
3124,0, 320, False, 0
3125,0, 320, False, 0
3126,0, 320, False, 0
3127,0, 320, False, 0
3128,0, 320, False, 0
3129,0, 320, False, 0
3130,0, 320, False, 0
3131,0, 320, False, 0
3132,0, 320, False, 0
3133,0, 320, False, 0
3134,0, 320, False, 0
3135,0, 320, False, 0
3136,0, 320, False, 0
3137,0, 320, False, 0
3138,0, 320, False, 0
3139,0, 320, False, 0
3140,0, 320, False, 0
3141,0, 320, False, 0
3142,0, 320, False, 0
3143,0, 320, False, 0
3144,0, 320, False, 0
3145,0, 320, False, 0
3146,0, 320, False, 0
3147,0, 320, False, 0
3148,0, 320, False, 0
3149,0, 320, False, 0
3150,0, 320, False, 0
3151,0, 320, False, 0
3152,0, 320, False, 0
3153,0, 320, False, 0
3154,0, 320, False, 0
3155,0, 320, False, 0
3156,0, 320, False, 0
3157,0, 320, False, 0
3158,0, 320, False, 0
3159,0, 320, False, 0
3160,0, 320, False, 0
3161,0, 320, False, 0
3162,0, 320, False, 0
3163,0, 320, False, 0
3164,0, 320, False, 0
3165,0, 320, False, 0
3166,0, 320, False, 0
3167,0, 320, False, 0
3168,0, 320, False, 0
3169,0, 320, False, 0
3170,0, 320, False, 0
3171,0, 320, False, 0
3172,0, 320, False, 0
3173,0, 320, False, 0
3174,0, 320, False, 0
3175,0, 320, False, 0
3176,0, 320, False, 0
3177,0, 320, False, 0
3178,0, 320, False, 0
3179,0, 320, False, 0
3180,0, 320, False, 0
3181,0, 320, False, 0
3182,0, 320, False, 0
3183,0, 320, False, 0
3184,0, 320, False, 0
3185,0, 320, False, 0
3186,0, 320, False, 0
3187,0, 320, False, 0
3188,0, 320, False, 0
3189,0, 320, False, 0
3190,0, 320, False, 0
3191,0, 320, False, 0
3192,0, 320, False, 0
3193,0, 320, False, 0
3194,0, 320, False, 0
3195,0, 320, False, 0
3196,0, 320, False, 0
3197,0, 320, False, 0
3198,0, 320, False, 0
3199,0, 320, False, 0
3200,0, 320, False, 0
3201,0, 320, False, 0
3202,0, 320, False, 0
3203,0, 320, False, 0
3204,0, 320, False, 0
3205,0, 320, False, 0
3206,0, 320, False, 0
3207,0, 320, False, 0
3208,0, 320, False, 0
3209,0, 320, False, 0
3210,0, 320, False, 0
3211,0, 320, False, 0
3212,0, 320, False, 0
3213,0, 320, False, 0
3214,0, 320, False, 0
3215,0, 320, False, 0
3216,0, 320, False, 0
3217,0, 320, False, 0
3218,0, 320, False, 0
3219,0, 320, False, 0
3220,0, 320, False, 0
3221,0, 320, False, 0
3222,0, 320, False, 0
3223,0, 320, False, 0
3224,0, 320, False, 0
3225,0, 320, False, 0
3226,0, 320, False, 0
3227,0, 320, False, 0
3228,0, 320, False, 0
3229,0, 320, False, 0
3230,0, 320, False, 0
3231,0, 320, False, 0
3232,0, 320, False, 0
3233,0, 320, False, 0
3234,0, 320, False, 0
3235,0, 320, False, 0
3236,0, 320, False, 0
3237,0, 320, False, 0
3238,0, 320, False, 0
3239,0, 320, False, 0
3240,0, 320, False, 0
3241,0, 320, False, 0
3242,0, 320, False, 0
3243,0, 320, False, 0
3244,0, 320, False, 0
3245,0, 320, False, 0
3246,0, 320, False, 0
3247,0, 320, False, 0
3248,0, 320, False, 0
3249,0, 320, False, 0
3250,0, 320, False, 0
3251,0, 320, False, 0
3252,0, 320, False, 0
3253,0, 320, False, 0
3254,0, 320, False, 0
3255,0, 320, False, 0
3256,0, 320, False, 0
3257,0, 320, False, 0
3258,0, 320, False, 0
3259,0, 320, False, 0
3260,0, 320, False, 0
3261,0, 320, False, 0
3262,0, 320, False, 0
3263,0, 320, False, 0
3264,0, 320, False, 0
3265,0, 320, False, 0
3266,0, 320, False, 0
3267,0, 320, False, 0
3268,0, 320, False, 0
3269,0, 320, False, 0
3270,0, 320, False, 0
3271,0, 320, False, 0
3272,0, 320, False, 0
3273,0, 320, False, 0
3274,0, 320, False, 0
3275,0, 320, False, 0
3276,0, 320, False, 0
3277,0, 320, False, 0
3278,0, 320, False, 0
3279,0, 320, False, 0
3280,0, 320, False, 0
3281,0, 320, False, 0
3282,0, 320, False, 0
3283,0, 320, False, 0
3284,0, 320, False, 0
3285,0, 320, False, 0
3286,0, 320, False, 0
3287,0, 320, False, 0
3288,0, 320, False, 0
3289,0, 320, False, 0
3290,0, 320, False, 0
3291,0, 320, False, 0
3292,0, 320, False, 0
3293,0, 320, False, 0
3294,0, 320, False, 0
3295,0, 320, False, 0
3296,0, 320, False, 0
3297,0, 320, False, 0
3298,0, 320, False, 0
3299,0, 320, False, 0
3300,0, 320, False, 0
3301,0, 320, False, 0
3302,0, 320, False, 0
3303,0, 320, False, 0
3304,0, 320, False, 0
3305,0, 320, False, 0
3306,0, 320, False, 0
3307,0, 320, False, 0
3308,0, 320, False, 0
3309,0, 320, False, 0
3310,0, 320, False, 0
3311,0, 320, False, 0
3312,0, 320, False, 0
3313,0, 320, False, 0
3314,0, 320, False, 0
3315,0, 320, False, 0
3316,0, 320, False, 0
3317,0, 320, False, 0
3318,0, 320, False, 0
3319,0, 320, False, 0
3320,0, 320, False, 0
3321,0, 320, False, 0
3322,0, 320, False, 0
3323,0, 320, False, 0
3324,0, 320, False, 0
3325,0, 320, False, 0
3326,0, 320, False, 0
3327,0, 320, False, 0
3328,0, 320, False, 0
3329,0, 320, False, 0
3330,0, 320, False, 0
3331,0, 320, False, 0
3332,0, 320, False, 0
3333,0, 320, False, 0
3334,0, 320, False, 0
3335,0, 320, False, 0
3336,0, 320, False, 0
3337,0, 320, False, 0
3338,0, 320, False, 0
3339,0, 320, False, 0
3340,0, 320, False, 0
3341,0, 320, False, 0
3342,0, 320, False, 0
3343,0, 320, False, 0
3344,0, 320, False, 0
3345,0, 320, False, 0
3346,0, 320, False, 0
3347,0, 320, False, 0
3348,0, 320, False, 0
3349,0, 320, False, 0
3350,0, 320, False, 0
3351,0, 320, False, 0
3352,0, 320, False, 0
3353,0, 320, False, 0
3354,0, 320, False, 0
3355,0, 320, False, 0
3356,0, 320, False, 0
3357,0, 320, False, 0
3358,0, 320, False, 0
3359,0, 320, False, 0
3360,0, 320, False, 0
3361,0, 320, False, 0
3362,0, 320, False, 0
3363,0, 320, False, 0
3364,0, 320, False, 0
3365,0, 320, False, 0
3366,0, 320, False, 0
3367,0, 320, False, 0
3368,0, 320, False, 0
3369,0, 320, False, 0
3370,0, 320, False, 0
3371,0, 320, False, 0
3372,0, 320, False, 0
3373,0, 320, False, 0
3374,0, 320, False, 0
3375,0, 320, False, 0
3376,0, 320, False, 0
3377,0, 320, False, 0
3378,0, 320, False, 0
3379,0, 320, False, 0
3380,0, 320, False, 0
3381,0, 320, False, 0
3382,0, 320, False, 0
3383,0, 320, False, 0
3384,0, 320, False, 0
3385,0, 320, False, 0
3386,0, 320, False, 0
3387,0, 320, False, 0
3388,0, 320, False, 0
3389,0, 320, True, 0
