db traj id : 2828
frame,reward,score,terminal, action
0,0, 0, False, 0
1,0, 0, False, 0
2,0, 0, False, 0
3,0, 0, False, 0
4,0, 0, False, 0
5,0, 0, False, 0
6,0, 0, False, 0
7,0, 0, False, 0
8,0, 0, False, 0
9,0, 0, False, 0
10,0, 0, False, 0
11,0, 0, False, 0
12,0, 0, False, 0
13,0, 0, False, 0
14,0, 0, False, 0
15,0, 0, False, 0
16,0, 0, False, 0
17,0, 0, False, 0
18,0, 0, False, 0
19,0, 0, False, 0
20,0, 0, False, 0
21,0, 0, False, 0
22,0, 0, False, 0
23,0, 0, False, 0
24,0, 0, False, 0
25,0, 0, False, 0
26,0, 0, False, 0
27,0, 0, False, 0
28,0, 0, False, 0
29,0, 0, False, 0
30,0, 0, False, 0
31,0, 0, False, 0
32,0, 0, False, 0
33,0, 0, False, 0
34,0, 0, False, 0
35,0, 0, False, 0
36,0, 0, False, 0
37,0, 0, False, 0
38,0, 0, False, 0
39,0, 0, False, 0
40,0, 0, False, 0
41,0, 0, False, 0
42,0, 0, False, 0
43,0, 0, False, 0
44,0, 0, False, 0
45,0, 0, False, 0
46,0, 0, False, 0
47,0, 0, False, 0
48,0, 0, False, 0
49,0, 0, False, 0
50,0, 0, False, 0
51,0, 0, False, 0
52,0, 0, False, 0
53,0, 0, False, 0
54,0, 0, False, 0
55,0, 0, False, 0
56,0, 0, False, 0
57,0, 0, False, 0
58,0, 0, False, 0
59,0, 0, False, 0
60,0, 0, False, 0
61,0, 0, False, 0
62,0, 0, False, 0
63,0, 0, False, 0
64,0, 0, False, 0
65,0, 0, False, 0
66,0, 0, False, 0
67,0, 0, False, 0
68,0, 0, False, 0
69,0, 0, False, 0
70,0, 0, False, 0
71,0, 0, False, 0
72,0, 0, False, 0
73,0, 0, False, 0
74,0, 0, False, 0
75,0, 0, False, 0
76,0, 0, False, 0
77,0, 0, False, 0
78,0, 0, False, 0
79,0, 0, False, 0
80,0, 0, False, 0
81,0, 0, False, 0
82,0, 0, False, 0
83,0, 0, False, 0
84,0, 0, False, 0
85,0, 0, False, 0
86,0, 0, False, 0
87,0, 0, False, 0
88,0, 0, False, 0
89,0, 0, False, 0
90,0, 0, False, 0
91,0, 0, False, 0
92,0, 0, False, 0
93,0, 0, False, 0
94,0, 0, False, 0
95,0, 0, False, 0
96,0, 0, False, 0
97,0, 0, False, 0
98,0, 0, False, 0
99,0, 0, False, 0
100,0, 0, False, 0
101,0, 0, False, 0
102,0, 0, False, 0
103,0, 0, False, 0
104,0, 0, False, 0
105,0, 0, False, 0
106,0, 0, False, 0
107,0, 0, False, 0
108,0, 0, False, 0
109,0, 0, False, 4
110,0, 0, False, 4
111,0, 0, False, 4
112,0, 0, False, 0
113,0, 0, False, 0
114,0, 0, False, 0
115,0, 0, False, 0
116,0, 0, False, 0
117,0, 0, False, 0
118,0, 0, False, 0
119,0, 0, False, 0
120,0, 0, False, 0
121,0, 0, False, 0
122,0, 0, False, 0
123,0, 0, False, 0
124,0, 0, False, 0
125,0, 0, False, 0
126,0, 0, False, 0
127,0, 0, False, 0
128,0, 0, False, 0
129,0, 0, False, 0
130,0, 0, False, 0
131,0, 0, False, 0
132,0, 0, False, 0
133,0, 0, False, 0
134,0, 0, False, 0
135,0, 0, False, 0
136,0, 0, False, 0
137,0, 0, False, 0
138,0, 0, False, 0
139,0, 0, False, 0
140,0, 0, False, 0
141,0, 0, False, 0
142,0, 0, False, 0
143,0, 0, False, 0
144,0, 0, False, 0
145,0, 0, False, 0
146,0, 0, False, 0
147,0, 0, False, 0
148,0, 0, False, 0
149,0, 0, False, 4
150,0, 0, False, 4
151,0, 0, False, 4
152,0, 0, False, 4
153,0, 0, False, 4
154,0, 0, False, 4
155,0, 0, False, 4
156,0, 0, False, 4
157,0, 0, False, 4
158,0, 0, False, 4
159,0, 0, False, 4
160,0, 0, False, 4
161,0, 0, False, 4
162,0, 0, False, 4
163,0, 0, False, 4
164,0, 0, False, 4
165,0, 0, False, 4
166,0, 0, False, 4
167,0, 0, False, 4
168,0, 0, False, 4
169,0, 0, False, 4
170,0, 0, False, 4
171,0, 0, False, 4
172,0, 0, False, 4
173,0, 0, False, 4
174,0, 0, False, 0
175,0, 0, False, 0
176,0, 0, False, 0
177,0, 0, False, 0
178,0, 0, False, 0
179,0, 0, False, 0
180,0, 0, False, 0
181,0, 0, False, 0
182,0, 0, False, 0
183,0, 0, False, 0
184,0, 0, False, 0
185,0, 0, False, 0
186,0, 0, False, 0
187,0, 0, False, 3
188,0, 0, False, 3
189,0, 0, False, 3
190,0, 0, False, 3
191,0, 0, False, 3
192,0, 0, False, 3
193,0, 0, False, 3
194,0, 0, False, 3
195,0, 0, False, 3
196,0, 0, False, 3
197,0, 0, False, 3
198,0, 0, False, 3
199,0, 0, False, 3
200,0, 0, False, 0
201,0, 0, False, 0
202,0, 0, False, 0
203,0, 0, False, 0
204,0, 0, False, 0
205,0, 0, False, 0
206,0, 0, False, 0
207,0, 0, False, 0
208,0, 0, False, 4
209,0, 0, False, 4
210,0, 0, False, 4
211,0, 0, False, 4
212,0, 0, False, 4
213,0, 0, False, 4
214,0, 0, False, 4
215,0, 0, False, 4
216,0, 0, False, 4
217,0, 0, False, 4
218,0, 0, False, 4
219,0, 0, False, 4
220,0, 0, False, 4
221,0, 0, False, 4
222,0, 0, False, 4
223,0, 0, False, 4
224,0, 0, False, 4
225,0, 0, False, 0
226,0, 0, False, 0
227,0, 0, False, 0
228,0, 0, False, 0
229,0, 0, False, 0
230,0, 0, False, 0
231,0, 0, False, 0
232,0, 0, False, 1
233,0, 0, False, 1
234,0, 0, False, 1
235,0, 0, False, 1
236,0, 0, False, 1
237,0, 0, False, 0
238,0, 0, False, 0
239,0, 0, False, 0
240,0, 0, False, 0
241,0, 0, False, 0
242,0, 0, False, 0
243,0, 0, False, 0
244,0, 0, False, 0
245,0, 0, False, 0
246,0, 0, False, 0
247,0, 0, False, 0
248,0, 0, False, 0
249,0, 0, False, 0
250,0, 0, False, 0
251,0, 0, False, 3
252,0, 0, False, 3
253,0, 0, False, 3
254,0, 0, False, 3
255,0, 0, False, 3
256,0, 0, False, 3
257,0, 0, False, 3
258,0, 0, False, 3
259,0, 0, False, 3
260,0, 0, False, 3
261,0, 0, False, 3
262,0, 0, False, 3
263,0, 0, False, 3
264,0, 0, False, 3
265,0, 0, False, 3
266,0, 0, False, 3
267,0, 0, False, 3
268,0, 0, False, 3
269,0, 0, False, 3
270,0, 0, False, 3
271,0, 0, False, 3
272,0, 0, False, 3
273,0, 0, False, 3
274,0, 0, False, 3
275,0, 0, False, 3
276,0, 0, False, 3
277,0, 0, False, 3
278,0, 0, False, 3
279,0, 0, False, 3
280,0, 0, False, 3
281,0, 0, False, 3
282,0, 0, False, 3
283,0, 0, False, 3
284,0, 0, False, 0
285,0, 0, False, 0
286,0, 0, False, 0
287,0, 0, False, 0
288,0, 0, False, 0
289,0, 0, False, 0
290,0, 0, False, 0
291,0, 0, False, 0
292,0, 0, False, 0
293,0, 0, False, 0
294,0, 0, False, 0
295,0, 0, False, 0
296,0, 0, False, 0
297,0, 0, False, 0
298,0, 0, False, 0
299,0, 0, False, 4
300,0, 0, False, 4
301,0, 0, False, 4
302,0, 0, False, 4
303,0, 0, False, 0
304,0, 0, False, 0
305,0, 0, False, 0
306,0, 0, False, 0
307,0, 0, False, 0
308,0, 0, False, 0
309,0, 0, False, 0
310,0, 0, False, 0
311,0, 0, False, 0
312,0, 0, False, 0
313,0, 0, False, 0
314,0, 0, False, 0
315,0, 0, False, 0
316,0, 0, False, 0
317,0, 0, False, 0
318,0, 0, False, 1
319,0, 0, False, 1
320,0, 0, False, 1
321,0, 0, False, 1
322,0, 0, False, 1
323,0, 0, False, 0
324,0, 0, False, 0
325,0, 0, False, 0
326,0, 0, False, 0
327,0, 0, False, 0
328,0, 0, False, 0
329,0, 0, False, 0
330,0, 0, False, 0
331,0, 0, False, 0
332,0, 0, False, 0
333,0, 0, False, 0
334,0, 0, False, 0
335,0, 0, False, 0
336,0, 0, False, 0
337,0, 0, False, 0
338,0, 0, False, 0
339,0, 0, False, 0
340,0, 0, False, 0
341,0, 0, False, 0
342,0, 0, False, 0
343,0, 0, False, 0
344,0, 0, False, 0
345,0, 0, False, 0
346,0, 0, False, 0
347,0, 0, False, 0
348,0, 0, False, 0
349,0, 0, False, 0
350,0, 0, False, 0
351,0, 0, False, 0
352,0, 0, False, 0
353,10, 10, False, 0
354,0, 10, False, 0
355,0, 10, False, 0
356,0, 10, False, 0
357,0, 10, False, 0
358,0, 10, False, 0
359,0, 10, False, 0
360,0, 10, False, 0
361,0, 10, False, 0
362,0, 10, False, 0
363,0, 10, False, 0
364,0, 10, False, 0
365,0, 10, False, 0
366,0, 10, False, 0
367,0, 10, False, 0
368,0, 10, False, 0
369,0, 10, False, 1
370,0, 10, False, 1
371,0, 10, False, 1
372,0, 10, False, 1
373,0, 10, False, 1
374,0, 10, False, 1
375,0, 10, False, 1
376,0, 10, False, 0
377,0, 10, False, 0
378,0, 10, False, 0
379,0, 10, False, 0
380,0, 10, False, 0
381,0, 10, False, 0
382,0, 10, False, 0
383,0, 10, False, 0
384,0, 10, False, 0
385,0, 10, False, 0
386,0, 10, False, 0
387,0, 10, False, 0
388,0, 10, False, 0
389,0, 10, False, 0
390,0, 10, False, 0
391,0, 10, False, 0
392,0, 10, False, 0
393,0, 10, False, 0
394,0, 10, False, 0
395,5, 15, False, 0
396,0, 15, False, 0
397,0, 15, False, 0
398,0, 15, False, 0
399,0, 15, False, 0
400,0, 15, False, 0
401,0, 15, False, 0
402,0, 15, False, 0
403,0, 15, False, 0
404,0, 15, False, 0
405,0, 15, False, 0
406,0, 15, False, 0
407,0, 15, False, 0
408,0, 15, False, 0
409,0, 15, False, 0
410,0, 15, False, 0
411,0, 15, False, 1
412,0, 15, False, 1
413,0, 15, False, 1
414,0, 15, False, 1
415,0, 15, False, 1
416,0, 15, False, 1
417,0, 15, False, 0
418,0, 15, False, 0
419,0, 15, False, 0
420,0, 15, False, 0
421,0, 15, False, 0
422,0, 15, False, 0
423,0, 15, False, 0
424,0, 15, False, 0
425,0, 15, False, 0
426,0, 15, False, 0
427,0, 15, False, 0
428,0, 15, False, 0
429,0, 15, False, 0
430,0, 15, False, 0
431,0, 15, False, 0
432,0, 15, False, 0
433,0, 15, False, 0
434,0, 15, False, 3
435,0, 15, False, 3
436,0, 15, False, 3
437,0, 15, False, 3
438,0, 15, False, 3
439,0, 15, False, 3
440,0, 15, False, 3
441,0, 15, False, 3
442,0, 15, False, 3
443,0, 15, False, 3
444,0, 15, False, 3
445,0, 15, False, 3
446,0, 15, False, 3
447,0, 15, False, 0
448,0, 15, False, 0
449,0, 15, False, 0
450,0, 15, False, 0
451,0, 15, False, 0
452,0, 15, False, 3
453,0, 15, False, 3
454,0, 15, False, 3
455,15, 30, False, 3
456,0, 30, False, 3
457,0, 30, False, 3
458,0, 30, False, 3
459,0, 30, False, 3
460,0, 30, False, 3
461,0, 30, False, 3
462,0, 30, False, 3
463,0, 30, False, 3
464,0, 30, False, 3
465,0, 30, False, 3
466,0, 30, False, 3
467,0, 30, False, 3
468,0, 30, False, 3
469,0, 30, False, 3
470,0, 30, False, 3
471,0, 30, False, 3
472,0, 30, False, 0
473,0, 30, False, 0
474,0, 30, False, 1
475,0, 30, False, 1
476,0, 30, False, 1
477,0, 30, False, 1
478,0, 30, False, 1
479,0, 30, False, 0
480,0, 30, False, 0
481,0, 30, False, 0
482,0, 30, False, 0
483,0, 30, False, 0
484,0, 30, False, 0
485,0, 30, False, 0
486,0, 30, False, 0
487,0, 30, False, 0
488,0, 30, False, 0
489,0, 30, False, 0
490,0, 30, False, 0
491,0, 30, False, 0
492,0, 30, False, 0
493,0, 30, False, 0
494,0, 30, False, 0
495,0, 30, False, 0
496,0, 30, False, 0
497,0, 30, False, 0
498,0, 30, False, 0
499,5, 35, False, 0
500,0, 35, False, 0
501,0, 35, False, 0
502,0, 35, False, 0
503,0, 35, False, 0
504,0, 35, False, 0
505,0, 35, False, 0
506,0, 35, False, 3
507,0, 35, False, 3
508,0, 35, False, 3
509,0, 35, False, 3
510,0, 35, False, 3
511,0, 35, False, 3
512,0, 35, False, 3
513,0, 35, False, 3
514,0, 35, False, 3
515,0, 35, False, 0
516,0, 35, False, 0
517,0, 35, False, 1
518,0, 35, False, 1
519,0, 35, False, 1
520,0, 35, False, 1
521,0, 35, False, 0
522,0, 35, False, 0
523,0, 35, False, 0
524,0, 35, False, 0
525,0, 35, False, 0
526,0, 35, False, 0
527,0, 35, False, 0
528,0, 35, False, 0
529,0, 35, False, 0
530,0, 35, False, 0
531,0, 35, False, 0
532,0, 35, False, 0
533,0, 35, False, 0
534,0, 35, False, 0
535,0, 35, False, 0
536,0, 35, False, 0
537,0, 35, False, 0
538,0, 35, False, 0
539,0, 35, False, 0
540,0, 35, False, 0
541,0, 35, False, 0
542,0, 35, False, 0
543,0, 35, False, 0
544,0, 35, False, 0
545,0, 35, False, 0
546,0, 35, False, 0
547,0, 35, False, 0
548,0, 35, False, 0
549,0, 35, False, 0
550,0, 35, False, 0
551,10, 45, False, 0
552,0, 45, False, 0
553,0, 45, False, 0
554,0, 45, False, 0
555,0, 45, False, 0
556,0, 45, False, 0
557,0, 45, False, 0
558,0, 45, False, 0
559,0, 45, False, 0
560,0, 45, False, 1
561,0, 45, False, 1
562,0, 45, False, 1
563,0, 45, False, 1
564,0, 45, False, 1
565,0, 45, False, 1
566,0, 45, False, 0
567,0, 45, False, 0
568,0, 45, False, 0
569,0, 45, False, 0
570,0, 45, False, 0
571,0, 45, False, 0
572,0, 45, False, 0
573,0, 45, False, 0
574,0, 45, False, 0
575,0, 45, False, 0
576,0, 45, False, 0
577,0, 45, False, 0
578,0, 45, False, 0
579,0, 45, False, 0
580,0, 45, False, 0
581,0, 45, False, 0
582,0, 45, False, 0
583,0, 45, False, 0
584,0, 45, False, 3
585,0, 45, False, 3
586,0, 45, False, 3
587,0, 45, False, 3
588,0, 45, False, 3
589,0, 45, False, 3
590,0, 45, False, 3
591,0, 45, False, 3
592,0, 45, False, 3
593,0, 45, False, 3
594,0, 45, False, 0
595,0, 45, False, 0
596,0, 45, False, 0
597,0, 45, False, 0
598,0, 45, False, 3
599,0, 45, False, 3
600,0, 45, False, 3
601,0, 45, False, 3
602,0, 45, False, 3
603,15, 60, False, 3
604,0, 60, False, 3
605,0, 60, False, 3
606,0, 60, False, 3
607,0, 60, False, 3
608,0, 60, False, 3
609,0, 60, False, 3
610,0, 60, False, 3
611,0, 60, False, 3
612,0, 60, False, 3
613,0, 60, False, 3
614,0, 60, False, 3
615,0, 60, False, 3
616,0, 60, False, 3
617,0, 60, False, 3
618,0, 60, False, 3
619,0, 60, False, 3
620,0, 60, False, 3
621,0, 60, False, 3
622,0, 60, False, 3
623,0, 60, False, 3
624,0, 60, False, 3
625,0, 60, False, 3
626,0, 60, False, 3
627,0, 60, False, 3
628,0, 60, False, 3
629,0, 60, False, 0
630,0, 60, False, 0
631,0, 60, False, 0
632,0, 60, False, 1
633,0, 60, False, 1
634,0, 60, False, 1
635,0, 60, False, 0
636,0, 60, False, 0
637,0, 60, False, 0
638,0, 60, False, 0
639,0, 60, False, 0
640,0, 60, False, 0
641,0, 60, False, 0
642,0, 60, False, 0
643,0, 60, False, 0
644,0, 60, False, 0
645,0, 60, False, 0
646,0, 60, False, 0
647,0, 60, False, 0
648,0, 60, False, 0
649,0, 60, False, 0
650,0, 60, False, 0
651,0, 60, False, 0
652,0, 60, False, 0
653,0, 60, False, 0
654,0, 60, False, 0
655,0, 60, False, 0
656,0, 60, False, 0
657,5, 65, False, 0
658,0, 65, False, 0
659,0, 65, False, 0
660,0, 65, False, 0
661,0, 65, False, 0
662,0, 65, False, 0
663,0, 65, False, 0
664,0, 65, False, 0
665,0, 65, False, 0
666,0, 65, False, 0
667,0, 65, False, 0
668,0, 65, False, 0
669,0, 65, False, 0
670,0, 65, False, 1
671,0, 65, False, 1
672,0, 65, False, 1
673,0, 65, False, 1
674,0, 65, False, 1
675,0, 65, False, 0
676,0, 65, False, 0
677,0, 65, False, 0
678,0, 65, False, 0
679,0, 65, False, 0
680,0, 65, False, 0
681,0, 65, False, 0
682,0, 65, False, 0
683,0, 65, False, 0
684,0, 65, False, 0
685,0, 65, False, 0
686,0, 65, False, 0
687,0, 65, False, 0
688,0, 65, False, 0
689,0, 65, False, 0
690,0, 65, False, 0
691,0, 65, False, 0
692,0, 65, False, 0
693,0, 65, False, 0
694,0, 65, False, 0
695,0, 65, False, 0
696,0, 65, False, 0
697,0, 65, False, 0
698,0, 65, False, 0
699,0, 65, False, 0
700,0, 65, False, 0
701,0, 65, False, 0
702,0, 65, False, 0
703,10, 75, False, 0
704,0, 75, False, 0
705,0, 75, False, 0
706,0, 75, False, 0
707,0, 75, False, 0
708,0, 75, False, 0
709,0, 75, False, 0
710,0, 75, False, 1
711,0, 75, False, 1
712,0, 75, False, 1
713,0, 75, False, 1
714,0, 75, False, 1
715,0, 75, False, 1
716,0, 75, False, 0
717,0, 75, False, 0
718,0, 75, False, 0
719,0, 75, False, 0
720,0, 75, False, 0
721,0, 75, False, 0
722,0, 75, False, 0
723,0, 75, False, 0
724,0, 75, False, 0
725,0, 75, False, 0
726,0, 75, False, 0
727,0, 75, False, 0
728,0, 75, False, 0
729,0, 75, False, 0
730,0, 75, False, 0
731,0, 75, False, 0
732,0, 75, False, 3
733,0, 75, False, 3
734,0, 75, False, 3
735,0, 75, False, 3
736,0, 75, False, 3
737,0, 75, False, 3
738,0, 75, False, 3
739,0, 75, False, 3
740,0, 75, False, 3
741,0, 75, False, 3
742,0, 75, False, 3
743,0, 75, False, 0
744,0, 75, False, 0
745,0, 75, False, 0
746,0, 75, False, 0
747,0, 75, False, 0
748,0, 75, False, 3
749,0, 75, False, 3
750,0, 75, False, 3
751,0, 75, False, 3
752,0, 75, False, 3
753,0, 75, False, 3
754,0, 75, False, 3
755,15, 90, False, 3
756,0, 90, False, 3
757,0, 90, False, 3
758,0, 90, False, 3
759,0, 90, False, 3
760,0, 90, False, 3
761,0, 90, False, 3
762,0, 90, False, 3
763,0, 90, False, 3
764,0, 90, False, 3
765,0, 90, False, 3
766,0, 90, False, 3
767,0, 90, False, 3
768,0, 90, False, 3
769,0, 90, False, 3
770,0, 90, False, 3
771,0, 90, False, 3
772,0, 90, False, 3
773,0, 90, False, 3
774,0, 90, False, 3
775,0, 90, False, 3
776,0, 90, False, 3
777,0, 90, False, 3
778,0, 90, False, 3
779,0, 90, False, 3
780,0, 90, False, 3
781,0, 90, False, 3
782,0, 90, False, 3
783,0, 90, False, 3
784,0, 90, False, 3
785,0, 90, False, 3
786,0, 90, False, 3
787,0, 90, False, 3
788,0, 90, False, 3
789,0, 90, False, 3
790,0, 90, False, 3
791,0, 90, False, 3
792,0, 90, False, 3
793,0, 90, False, 0
794,0, 90, False, 0
795,0, 90, False, 0
796,0, 90, False, 0
797,0, 90, False, 0
798,0, 90, False, 0
799,0, 90, False, 1
800,0, 90, False, 1
801,0, 90, False, 1
802,0, 90, False, 1
803,0, 90, False, 1
804,0, 90, False, 0
805,0, 90, False, 0
806,0, 90, False, 0
807,0, 90, False, 0
808,0, 90, False, 0
809,0, 90, False, 0
810,0, 90, False, 0
811,0, 90, False, 0
812,0, 90, False, 0
813,0, 90, False, 0
814,0, 90, False, 0
815,0, 90, False, 0
816,0, 90, False, 0
817,0, 90, False, 0
818,0, 90, False, 0
819,0, 90, False, 0
820,0, 90, False, 0
821,0, 90, False, 0
822,0, 90, False, 0
823,0, 90, False, 0
824,0, 90, False, 0
825,0, 90, False, 0
826,0, 90, False, 0
827,0, 90, False, 0
828,0, 90, False, 0
829,0, 90, False, 0
830,0, 90, False, 0
831,0, 90, False, 0
832,0, 90, False, 0
833,0, 90, False, 0
834,0, 90, False, 0
835,0, 90, False, 0
836,0, 90, False, 0
837,0, 90, False, 0
838,0, 90, False, 0
839,0, 90, False, 0
840,0, 90, False, 0
841,0, 90, False, 0
842,0, 90, False, 0
843,0, 90, False, 0
844,0, 90, False, 0
845,0, 90, False, 0
846,0, 90, False, 0
847,0, 90, False, 0
848,0, 90, False, 0
849,0, 90, False, 0
850,0, 90, False, 0
851,0, 90, False, 0
852,0, 90, False, 0
853,0, 90, False, 0
854,0, 90, False, 0
855,0, 90, False, 0
856,0, 90, False, 0
857,0, 90, False, 0
858,0, 90, False, 0
859,0, 90, False, 0
860,0, 90, False, 0
861,0, 90, False, 0
862,0, 90, False, 0
863,0, 90, False, 0
864,0, 90, False, 0
865,0, 90, False, 0
866,0, 90, False, 4
867,0, 90, False, 4
868,0, 90, False, 4
869,0, 90, False, 4
870,0, 90, False, 4
871,0, 90, False, 4
872,0, 90, False, 0
873,0, 90, False, 0
874,0, 90, False, 0
875,0, 90, False, 0
876,0, 90, False, 0
877,0, 90, False, 0
878,0, 90, False, 0
879,0, 90, False, 0
880,0, 90, False, 0
881,0, 90, False, 0
882,0, 90, False, 0
883,0, 90, False, 0
884,0, 90, False, 0
885,0, 90, False, 0
886,0, 90, False, 0
887,0, 90, False, 1
888,0, 90, False, 1
889,0, 90, False, 1
890,0, 90, False, 1
891,0, 90, False, 1
892,0, 90, False, 1
893,0, 90, False, 1
894,0, 90, False, 0
895,0, 90, False, 0
896,0, 90, False, 0
897,0, 90, False, 0
898,0, 90, False, 0
899,0, 90, False, 0
900,0, 90, False, 0
901,0, 90, False, 0
902,0, 90, False, 0
903,0, 90, False, 0
904,0, 90, False, 0
905,0, 90, False, 0
906,0, 90, False, 0
907,0, 90, False, 0
908,0, 90, False, 0
909,0, 90, False, 3
910,0, 90, False, 3
911,0, 90, False, 3
912,0, 90, False, 3
913,5, 95, False, 3
914,0, 95, False, 3
915,0, 95, False, 3
916,0, 95, False, 3
917,0, 95, False, 3
918,0, 95, False, 3
919,0, 95, False, 3
920,0, 95, False, 3
921,0, 95, False, 3
922,0, 95, False, 3
923,0, 95, False, 0
924,0, 95, False, 0
925,0, 95, False, 0
926,0, 95, False, 0
927,0, 95, False, 0
928,0, 95, False, 0
929,0, 95, False, 0
930,0, 95, False, 0
931,0, 95, False, 0
932,0, 95, False, 0
933,0, 95, False, 0
934,0, 95, False, 0
935,0, 95, False, 0
936,0, 95, False, 0
937,0, 95, False, 0
938,0, 95, False, 4
939,0, 95, False, 4
940,0, 95, False, 4
941,0, 95, False, 4
942,0, 95, False, 4
943,0, 95, False, 4
944,0, 95, False, 4
945,0, 95, False, 0
946,0, 95, False, 0
947,0, 95, False, 0
948,0, 95, False, 0
949,0, 95, False, 0
950,0, 95, False, 0
951,0, 95, False, 1
952,0, 95, False, 1
953,0, 95, False, 1
954,0, 95, False, 1
955,0, 95, False, 1
956,0, 95, False, 0
957,0, 95, False, 0
958,0, 95, False, 0
959,0, 95, False, 0
960,0, 95, False, 0
961,0, 95, False, 0
962,0, 95, False, 0
963,0, 95, False, 0
964,0, 95, False, 0
965,0, 95, False, 0
966,0, 95, False, 0
967,0, 95, False, 0
968,0, 95, False, 0
969,0, 95, False, 0
970,0, 95, False, 0
971,0, 95, False, 0
972,0, 95, False, 0
973,0, 95, False, 0
974,0, 95, False, 0
975,0, 95, False, 0
976,0, 95, False, 0
977,0, 95, False, 0
978,0, 95, False, 0
979,0, 95, False, 0
980,0, 95, False, 0
981,10, 105, False, 0
982,0, 105, False, 0
983,0, 105, False, 0
984,0, 105, False, 0
985,0, 105, False, 3
986,0, 105, False, 3
987,0, 105, False, 3
988,0, 105, False, 3
989,0, 105, False, 3
990,0, 105, False, 3
991,0, 105, False, 3
992,0, 105, False, 3
993,0, 105, False, 3
994,0, 105, False, 3
995,0, 105, False, 0
996,0, 105, False, 0
997,0, 105, False, 0
998,0, 105, False, 1
999,0, 105, False, 1
1000,0, 105, False, 1
1001,0, 105, False, 1
1002,0, 105, False, 1
1003,0, 105, False, 0
1004,0, 105, False, 0
1005,0, 105, False, 0
1006,0, 105, False, 0
1007,0, 105, False, 0
1008,0, 105, False, 0
1009,0, 105, False, 0
1010,0, 105, False, 0
1011,0, 105, False, 0
1012,0, 105, False, 0
1013,0, 105, False, 0
1014,0, 105, False, 0
1015,0, 105, False, 0
1016,0, 105, False, 0
1017,0, 105, False, 0
1018,0, 105, False, 0
1019,0, 105, False, 0
1020,0, 105, False, 0
1021,0, 105, False, 0
1022,0, 105, False, 0
1023,0, 105, False, 0
1024,0, 105, False, 0
1025,0, 105, False, 0
1026,0, 105, False, 0
1027,0, 105, False, 0
1028,0, 105, False, 0
1029,0, 105, False, 0
1030,0, 105, False, 0
1031,0, 105, False, 0
1032,0, 105, False, 0
1033,0, 105, False, 0
1034,0, 105, False, 0
1035,0, 105, False, 0
1036,0, 105, False, 0
1037,0, 105, False, 0
1038,0, 105, False, 0
1039,0, 105, False, 0
1040,0, 105, False, 0
1041,0, 105, False, 0
1042,0, 105, False, 0
1043,0, 105, False, 0
1044,0, 105, False, 0
1045,0, 105, False, 0
1046,0, 105, False, 0
1047,0, 105, False, 0
1048,0, 105, False, 0
1049,0, 105, False, 0
1050,0, 105, False, 0
1051,0, 105, False, 0
1052,0, 105, False, 0
1053,0, 105, False, 0
1054,0, 105, False, 0
1055,0, 105, False, 0
1056,0, 105, False, 0
1057,0, 105, False, 0
1058,0, 105, False, 0
1059,0, 105, False, 0
1060,0, 105, False, 0
1061,0, 105, False, 0
1062,0, 105, False, 4
1063,0, 105, False, 4
1064,0, 105, False, 4
1065,0, 105, False, 4
1066,0, 105, False, 4
1067,0, 105, False, 4
1068,0, 105, False, 4
1069,0, 105, False, 4
1070,0, 105, False, 4
1071,0, 105, False, 4
1072,0, 105, False, 4
1073,0, 105, False, 4
1074,0, 105, False, 4
1075,0, 105, False, 0
1076,0, 105, False, 0
1077,0, 105, False, 0
1078,0, 105, False, 0
1079,0, 105, False, 0
1080,0, 105, False, 0
1081,0, 105, False, 0
1082,0, 105, False, 0
1083,0, 105, False, 0
1084,0, 105, False, 4
1085,0, 105, False, 4
1086,0, 105, False, 4
1087,0, 105, False, 4
1088,0, 105, False, 4
1089,0, 105, False, 4
1090,0, 105, False, 4
1091,0, 105, False, 4
1092,0, 105, False, 4
1093,0, 105, False, 4
1094,0, 105, False, 4
1095,0, 105, False, 4
1096,0, 105, False, 0
1097,0, 105, False, 0
1098,0, 105, False, 0
1099,0, 105, False, 0
1100,0, 105, False, 0
1101,0, 105, False, 0
1102,0, 105, False, 0
1103,0, 105, False, 0
1104,0, 105, False, 4
1105,0, 105, False, 4
1106,0, 105, False, 4
1107,0, 105, False, 4
1108,0, 105, False, 4
1109,0, 105, False, 4
1110,0, 105, False, 4
1111,0, 105, False, 4
1112,0, 105, False, 4
1113,0, 105, False, 4
1114,0, 105, False, 4
1115,0, 105, False, 4
1116,0, 105, False, 4
1117,0, 105, False, 4
1118,0, 105, False, 4
1119,0, 105, False, 4
1120,0, 105, False, 4
1121,0, 105, False, 4
1122,0, 105, False, 4
1123,0, 105, False, 4
1124,0, 105, False, 4
1125,0, 105, False, 4
1126,0, 105, False, 4
1127,0, 105, False, 4
1128,0, 105, False, 4
1129,0, 105, False, 4
1130,0, 105, False, 4
1131,0, 105, False, 4
1132,0, 105, False, 4
1133,0, 105, False, 0
1134,0, 105, False, 0
1135,0, 105, False, 1
1136,0, 105, False, 1
1137,0, 105, False, 1
1138,0, 105, False, 1
1139,0, 105, False, 1
1140,0, 105, False, 1
1141,0, 105, False, 1
1142,0, 105, False, 0
1143,0, 105, False, 0
1144,0, 105, False, 0
1145,0, 105, False, 0
1146,0, 105, False, 0
1147,0, 105, False, 0
1148,0, 105, False, 0
1149,0, 105, False, 0
1150,0, 105, False, 0
1151,0, 105, False, 0
1152,0, 105, False, 0
1153,0, 105, False, 0
1154,0, 105, False, 0
1155,0, 105, False, 0
1156,0, 105, False, 0
1157,0, 105, False, 0
1158,0, 105, False, 0
1159,0, 105, False, 0
1160,0, 105, False, 0
1161,0, 105, False, 0
1162,0, 105, False, 0
1163,0, 105, False, 4
1164,0, 105, False, 4
1165,0, 105, False, 4
1166,0, 105, False, 4
1167,0, 105, False, 4
1168,0, 105, False, 4
1169,0, 105, False, 4
1170,0, 105, False, 4
1171,0, 105, False, 4
1172,0, 105, False, 4
1173,0, 105, False, 4
1174,0, 105, False, 0
1175,0, 105, False, 0
1176,0, 105, False, 0
1177,0, 105, False, 0
1178,0, 105, False, 0
1179,0, 105, False, 0
1180,0, 105, False, 0
1181,0, 105, False, 0
1182,0, 105, False, 0
1183,0, 105, False, 0
1184,0, 105, False, 0
1185,20, 125, False, 0
1186,0, 125, False, 0
1187,0, 125, False, 0
1188,0, 125, False, 0
1189,0, 125, False, 0
1190,0, 125, False, 0
1191,0, 125, False, 0
1192,0, 125, False, 0
1193,0, 125, False, 0
1194,0, 125, False, 0
1195,0, 125, False, 0
1196,0, 125, False, 0
1197,0, 125, False, 0
1198,0, 125, False, 0
1199,0, 125, False, 0
1200,0, 125, False, 4
1201,0, 125, False, 4
1202,0, 125, False, 4
1203,0, 125, False, 4
1204,0, 125, False, 4
1205,0, 125, False, 4
1206,0, 125, False, 4
1207,0, 125, False, 4
1208,0, 125, False, 4
1209,0, 125, False, 4
1210,0, 125, False, 4
1211,0, 125, False, 4
1212,0, 125, False, 4
1213,0, 125, False, 4
1214,0, 125, False, 4
1215,0, 125, False, 4
1216,0, 125, False, 4
1217,0, 125, False, 4
1218,0, 125, False, 4
1219,0, 125, False, 4
1220,0, 125, False, 4
1221,0, 125, False, 4
1222,0, 125, False, 4
1223,0, 125, False, 4
1224,0, 125, False, 4
1225,0, 125, False, 4
1226,0, 125, False, 4
1227,0, 125, False, 4
1228,0, 125, False, 4
1229,0, 125, False, 4
1230,0, 125, False, 4
1231,0, 125, False, 4
1232,0, 125, False, 4
1233,0, 125, False, 4
1234,0, 125, False, 4
1235,0, 125, False, 4
1236,0, 125, False, 4
1237,0, 125, False, 4
1238,0, 125, False, 4
1239,0, 125, False, 4
1240,0, 125, False, 4
1241,0, 125, False, 4
1242,0, 125, False, 4
1243,0, 125, False, 4
1244,0, 125, False, 4
1245,0, 125, False, 4
1246,0, 125, False, 4
1247,0, 125, False, 4
1248,0, 125, False, 4
1249,0, 125, False, 4
1250,0, 125, False, 4
1251,0, 125, False, 4
1252,0, 125, False, 4
1253,0, 125, False, 4
1254,0, 125, False, 4
1255,0, 125, False, 4
1256,0, 125, False, 4
1257,0, 125, False, 4
1258,0, 125, False, 4
1259,0, 125, False, 4
1260,0, 125, False, 4
1261,0, 125, False, 4
1262,0, 125, False, 4
1263,0, 125, False, 4
1264,0, 125, False, 4
1265,0, 125, False, 4
1266,0, 125, False, 4
1267,0, 125, False, 4
1268,0, 125, False, 4
1269,0, 125, False, 4
1270,0, 125, False, 4
1271,0, 125, False, 4
1272,0, 125, False, 4
1273,0, 125, False, 4
1274,0, 125, False, 4
1275,0, 125, False, 4
1276,0, 125, False, 4
1277,0, 125, False, 4
1278,0, 125, False, 4
1279,0, 125, False, 4
1280,0, 125, False, 1
1281,0, 125, False, 1
1282,0, 125, False, 1
1283,0, 125, False, 1
1284,0, 125, False, 0
1285,0, 125, False, 0
1286,0, 125, False, 0
1287,0, 125, False, 0
1288,0, 125, False, 0
1289,0, 125, False, 0
1290,0, 125, False, 0
1291,0, 125, False, 0
1292,0, 125, False, 0
1293,0, 125, False, 0
1294,0, 125, False, 0
1295,0, 125, False, 0
1296,0, 125, False, 0
1297,0, 125, False, 0
1298,0, 125, False, 0
1299,0, 125, False, 0
1300,0, 125, False, 0
1301,0, 125, False, 0
1302,0, 125, False, 0
1303,0, 125, False, 0
1304,0, 125, False, 0
1305,0, 125, False, 0
1306,0, 125, False, 0
1307,0, 125, False, 0
1308,0, 125, False, 0
1309,0, 125, False, 0
1310,0, 125, False, 0
1311,0, 125, False, 0
1312,0, 125, False, 0
1313,0, 125, False, 0
1314,0, 125, False, 4
1315,0, 125, False, 4
1316,0, 125, False, 4
1317,0, 125, False, 4
1318,0, 125, False, 4
1319,0, 125, False, 4
1320,0, 125, False, 4
1321,0, 125, False, 4
1322,0, 125, False, 4
1323,0, 125, False, 4
1324,0, 125, False, 4
1325,0, 125, False, 4
1326,0, 125, False, 4
1327,0, 125, False, 4
1328,0, 125, False, 4
1329,0, 125, False, 4
1330,0, 125, False, 4
1331,0, 125, False, 4
1332,0, 125, False, 4
1333,0, 125, False, 4
1334,0, 125, False, 4
1335,0, 125, False, 4
1336,0, 125, False, 4
1337,0, 125, False, 4
1338,0, 125, False, 4
1339,0, 125, False, 4
1340,0, 125, False, 4
1341,0, 125, False, 4
1342,0, 125, False, 4
1343,0, 125, False, 4
1344,0, 125, False, 12
1345,0, 125, False, 12
1346,0, 125, False, 12
1347,0, 125, False, 12
1348,0, 125, False, 1
1349,0, 125, False, 0
1350,0, 125, False, 0
1351,0, 125, False, 0
1352,0, 125, False, 0
1353,0, 125, False, 0
1354,0, 125, False, 0
1355,0, 125, False, 0
1356,0, 125, False, 0
1357,0, 125, False, 0
1358,0, 125, False, 0
1359,0, 125, False, 0
1360,0, 125, False, 0
1361,0, 125, False, 0
1362,0, 125, False, 0
1363,0, 125, False, 0
1364,0, 125, False, 0
1365,5, 130, False, 0
1366,0, 130, False, 0
1367,0, 130, False, 0
1368,0, 130, False, 0
1369,0, 130, False, 0
1370,0, 130, False, 0
1371,0, 130, False, 0
1372,0, 130, False, 0
1373,0, 130, False, 0
1374,0, 130, False, 0
1375,0, 130, False, 0
1376,0, 130, False, 0
1377,0, 130, False, 0
1378,0, 130, False, 0
1379,0, 130, False, 0
1380,0, 130, False, 1
1381,0, 130, False, 1
1382,0, 130, False, 1
1383,0, 130, False, 1
1384,0, 130, False, 1
1385,0, 130, False, 1
1386,0, 130, False, 0
1387,0, 130, False, 0
1388,0, 130, False, 0
1389,0, 130, False, 0
1390,0, 130, False, 0
1391,0, 130, False, 0
1392,0, 130, False, 0
1393,0, 130, False, 0
1394,0, 130, False, 0
1395,0, 130, False, 0
1396,0, 130, False, 0
1397,0, 130, False, 0
1398,0, 130, False, 0
1399,0, 130, False, 0
1400,0, 130, False, 0
1401,0, 130, False, 0
1402,0, 130, False, 0
1403,0, 130, False, 0
1404,0, 130, False, 0
1405,0, 130, False, 0
1406,0, 130, False, 0
1407,0, 130, False, 0
1408,0, 130, False, 0
1409,0, 130, False, 0
1410,0, 130, False, 0
1411,10, 140, False, 0
1412,0, 140, False, 0
1413,0, 140, False, 0
1414,0, 140, False, 0
1415,0, 140, False, 1
1416,0, 140, False, 1
1417,0, 140, False, 1
1418,0, 140, False, 1
1419,0, 140, False, 0
1420,0, 140, False, 0
1421,0, 140, False, 0
1422,0, 140, False, 0
1423,0, 140, False, 0
1424,0, 140, False, 0
1425,0, 140, False, 0
1426,0, 140, False, 0
1427,0, 140, False, 0
1428,0, 140, False, 0
1429,0, 140, False, 0
1430,0, 140, False, 0
1431,0, 140, False, 0
1432,0, 140, False, 0
1433,0, 140, False, 0
1434,0, 140, False, 0
1435,0, 140, False, 0
1436,0, 140, False, 0
1437,0, 140, False, 0
1438,0, 140, False, 0
1439,0, 140, False, 0
1440,0, 140, False, 0
1441,0, 140, False, 0
1442,0, 140, False, 0
1443,0, 140, False, 0
1444,0, 140, False, 0
1445,0, 140, False, 0
1446,0, 140, False, 0
1447,0, 140, False, 0
1448,0, 140, False, 0
1449,0, 140, False, 0
1450,0, 140, False, 0
1451,0, 140, False, 0
1452,0, 140, False, 0
1453,0, 140, False, 0
1454,0, 140, False, 1
1455,15, 155, False, 1
1456,0, 155, False, 1
1457,0, 155, False, 1
1458,0, 155, False, 1
1459,0, 155, False, 0
1460,0, 155, False, 0
1461,0, 155, False, 0
1462,0, 155, False, 0
1463,0, 155, False, 0
1464,0, 155, False, 0
1465,0, 155, False, 0
1466,0, 155, False, 0
1467,0, 155, False, 0
1468,0, 155, False, 0
1469,0, 155, False, 0
1470,0, 155, False, 0
1471,0, 155, False, 0
1472,0, 155, False, 0
1473,0, 155, False, 0
1474,0, 155, False, 0
1475,0, 155, False, 0
1476,0, 155, False, 0
1477,0, 155, False, 0
1478,0, 155, False, 0
1479,0, 155, False, 0
1480,0, 155, False, 0
1481,0, 155, False, 0
1482,0, 155, False, 0
1483,0, 155, False, 0
1484,0, 155, False, 0
1485,0, 155, False, 0
1486,0, 155, False, 0
1487,0, 155, False, 1
1488,0, 155, False, 1
1489,0, 155, False, 1
1490,0, 155, False, 1
1491,0, 155, False, 1
1492,0, 155, False, 1
1493,0, 155, False, 1
1494,0, 155, False, 0
1495,0, 155, False, 0
1496,0, 155, False, 0
1497,0, 155, False, 0
1498,0, 155, False, 0
1499,0, 155, False, 0
1500,0, 155, False, 0
1501,0, 155, False, 0
1502,0, 155, False, 0
1503,0, 155, False, 0
1504,0, 155, False, 0
1505,0, 155, False, 0
1506,0, 155, False, 0
1507,0, 155, False, 0
1508,0, 155, False, 0
1509,0, 155, False, 0
1510,0, 155, False, 0
1511,0, 155, False, 0
1512,0, 155, False, 0
1513,0, 155, False, 0
1514,0, 155, False, 0
1515,0, 155, False, 0
1516,0, 155, False, 0
1517,0, 155, False, 0
1518,0, 155, False, 0
1519,0, 155, False, 0
1520,0, 155, False, 0
1521,0, 155, False, 0
1522,0, 155, False, 0
1523,0, 155, False, 0
1524,0, 155, False, 0
1525,0, 155, False, 3
1526,0, 155, False, 3
1527,0, 155, False, 3
1528,0, 155, False, 3
1529,0, 155, False, 3
1530,0, 155, False, 3
1531,0, 155, False, 3
1532,0, 155, False, 3
1533,0, 155, False, 3
1534,0, 155, False, 3
1535,0, 155, False, 3
1536,0, 155, False, 3
1537,0, 155, False, 3
1538,0, 155, False, 3
1539,0, 155, False, 0
1540,0, 155, False, 0
1541,0, 155, False, 0
1542,0, 155, False, 0
1543,0, 155, False, 0
1544,0, 155, False, 0
1545,0, 155, False, 0
1546,0, 155, False, 0
1547,0, 155, False, 3
1548,0, 155, False, 3
1549,0, 155, False, 3
1550,0, 155, False, 3
1551,0, 155, False, 3
1552,0, 155, False, 3
1553,0, 155, False, 3
1554,0, 155, False, 3
1555,0, 155, False, 3
1556,0, 155, False, 3
1557,0, 155, False, 3
1558,0, 155, False, 3
1559,0, 155, False, 3
1560,0, 155, False, 3
1561,0, 155, False, 3
1562,0, 155, False, 3
1563,0, 155, False, 3
1564,0, 155, False, 0
1565,0, 155, False, 0
1566,0, 155, False, 0
1567,0, 155, False, 0
1568,0, 155, False, 0
1569,0, 155, False, 0
1570,0, 155, False, 0
1571,0, 155, False, 0
1572,0, 155, False, 0
1573,0, 155, False, 0
1574,0, 155, False, 3
1575,0, 155, False, 3
1576,0, 155, False, 3
1577,0, 155, False, 3
1578,0, 155, False, 3
1579,0, 155, False, 3
1580,0, 155, False, 3
1581,0, 155, False, 3
1582,0, 155, False, 3
1583,0, 155, False, 3
1584,0, 155, False, 3
1585,0, 155, False, 3
1586,0, 155, False, 3
1587,0, 155, False, 3
1588,0, 155, False, 3
1589,0, 155, False, 3
1590,0, 155, False, 3
1591,0, 155, False, 3
1592,0, 155, False, 3
1593,0, 155, False, 3
1594,0, 155, False, 3
1595,0, 155, False, 3
1596,0, 155, False, 3
1597,0, 155, False, 3
1598,0, 155, False, 3
1599,0, 155, False, 3
1600,0, 155, False, 3
1601,0, 155, False, 3
1602,0, 155, False, 3
1603,0, 155, False, 3
1604,0, 155, False, 3
1605,0, 155, False, 3
1606,0, 155, False, 3
1607,0, 155, False, 3
1608,0, 155, False, 3
1609,0, 155, False, 3
1610,0, 155, False, 3
1611,0, 155, False, 3
1612,0, 155, False, 3
1613,0, 155, False, 3
1614,0, 155, False, 3
1615,0, 155, False, 3
1616,0, 155, False, 3
1617,0, 155, False, 3
1618,0, 155, False, 3
1619,0, 155, False, 3
1620,0, 155, False, 3
1621,0, 155, False, 3
1622,0, 155, False, 3
1623,0, 155, False, 3
1624,0, 155, False, 3
1625,0, 155, False, 3
1626,0, 155, False, 3
1627,0, 155, False, 3
1628,0, 155, False, 3
1629,0, 155, False, 3
1630,0, 155, False, 3
1631,0, 155, False, 3
1632,0, 155, False, 3
1633,0, 155, False, 3
1634,0, 155, False, 3
1635,0, 155, False, 3
1636,0, 155, False, 3
1637,0, 155, False, 3
1638,0, 155, False, 3
1639,0, 155, False, 3
1640,0, 155, False, 3
1641,0, 155, False, 3
1642,0, 155, False, 3
1643,0, 155, False, 3
1644,0, 155, False, 3
1645,0, 155, False, 3
1646,0, 155, False, 3
1647,0, 155, False, 3
1648,0, 155, False, 3
1649,0, 155, False, 3
1650,0, 155, False, 3
1651,0, 155, False, 3
1652,0, 155, False, 3
1653,0, 155, False, 3
1654,0, 155, False, 3
1655,0, 155, False, 3
1656,0, 155, False, 3
1657,0, 155, False, 3
1658,0, 155, False, 3
1659,0, 155, False, 3
1660,0, 155, False, 3
1661,0, 155, False, 3
1662,0, 155, False, 3
1663,0, 155, False, 3
1664,0, 155, False, 3
1665,0, 155, False, 3
1666,0, 155, False, 3
1667,0, 155, False, 3
1668,0, 155, False, 3
1669,0, 155, False, 3
1670,0, 155, False, 3
1671,0, 155, False, 3
1672,0, 155, False, 3
1673,0, 155, False, 3
1674,0, 155, False, 3
1675,0, 155, False, 3
1676,0, 155, False, 3
1677,0, 155, False, 3
1678,0, 155, False, 3
1679,0, 155, False, 3
1680,0, 155, False, 3
1681,0, 155, False, 3
1682,0, 155, False, 3
1683,0, 155, False, 3
1684,0, 155, False, 3
1685,0, 155, False, 3
1686,0, 155, False, 3
1687,0, 155, False, 3
1688,0, 155, False, 3
1689,0, 155, False, 3
1690,0, 155, False, 3
1691,0, 155, False, 3
1692,0, 155, False, 3
1693,0, 155, False, 3
1694,0, 155, False, 3
1695,0, 155, False, 3
1696,0, 155, False, 3
1697,0, 155, False, 3
1698,0, 155, False, 3
1699,0, 155, False, 3
1700,0, 155, False, 3
1701,0, 155, False, 3
1702,0, 155, False, 3
1703,0, 155, False, 3
1704,0, 155, False, 3
1705,0, 155, False, 3
1706,0, 155, False, 3
1707,0, 155, False, 3
1708,0, 155, False, 3
1709,0, 155, False, 3
1710,0, 155, False, 3
1711,0, 155, False, 3
1712,0, 155, False, 3
1713,0, 155, False, 3
1714,0, 155, False, 0
1715,0, 155, False, 0
1716,0, 155, False, 0
1717,0, 155, False, 1
1718,0, 155, False, 1
1719,0, 155, False, 1
1720,0, 155, False, 1
1721,0, 155, False, 1
1722,0, 155, False, 0
1723,0, 155, False, 0
1724,0, 155, False, 0
1725,0, 155, False, 0
1726,0, 155, False, 0
1727,0, 155, False, 0
1728,0, 155, False, 0
1729,0, 155, False, 0
1730,0, 155, False, 0
1731,0, 155, False, 0
1732,0, 155, False, 0
1733,5, 160, False, 0
1734,0, 160, False, 0
1735,0, 160, False, 0
1736,0, 160, False, 0
1737,0, 160, False, 0
1738,0, 160, False, 0
1739,0, 160, False, 0
1740,0, 160, False, 0
1741,0, 160, False, 0
1742,0, 160, False, 0
1743,0, 160, False, 0
1744,0, 160, False, 0
1745,0, 160, False, 0
1746,0, 160, False, 0
1747,0, 160, False, 1
1748,0, 160, False, 1
1749,0, 160, False, 1
1750,0, 160, False, 1
1751,0, 160, False, 1
1752,0, 160, False, 1
1753,0, 160, False, 1
1754,0, 160, False, 0
1755,0, 160, False, 0
1756,0, 160, False, 0
1757,0, 160, False, 0
1758,0, 160, False, 0
1759,0, 160, False, 0
1760,0, 160, False, 0
1761,0, 160, False, 0
1762,0, 160, False, 0
1763,0, 160, False, 0
1764,0, 160, False, 0
1765,0, 160, False, 0
1766,0, 160, False, 0
1767,0, 160, False, 0
1768,0, 160, False, 0
1769,0, 160, False, 0
1770,0, 160, False, 0
1771,10, 170, False, 0
1772,0, 170, False, 0
1773,0, 170, False, 0
1774,0, 170, False, 0
1775,0, 170, False, 0
1776,0, 170, False, 0
1777,0, 170, False, 0
1778,0, 170, False, 0
1779,0, 170, False, 0
1780,0, 170, False, 1
1781,0, 170, False, 1
1782,0, 170, False, 1
1783,0, 170, False, 1
1784,0, 170, False, 4
1785,0, 170, False, 4
1786,0, 170, False, 4
1787,0, 170, False, 4
1788,0, 170, False, 4
1789,0, 170, False, 4
1790,0, 170, False, 4
1791,0, 170, False, 4
1792,0, 170, False, 4
1793,0, 170, False, 4
1794,0, 170, False, 4
1795,0, 170, False, 4
1796,0, 170, False, 4
1797,0, 170, False, 4
1798,0, 170, False, 4
1799,0, 170, False, 4
1800,0, 170, False, 4
1801,0, 170, False, 4
1802,0, 170, False, 4
1803,0, 170, False, 4
1804,0, 170, False, 4
1805,0, 170, False, 4
1806,0, 170, False, 4
1807,0, 170, False, 4
1808,0, 170, False, 4
1809,0, 170, False, 4
1810,0, 170, False, 4
1811,0, 170, False, 4
1812,0, 170, False, 4
1813,15, 185, False, 4
1814,0, 185, False, 4
1815,0, 185, False, 0
1816,0, 185, False, 0
1817,0, 185, False, 0
1818,0, 185, False, 0
1819,0, 185, False, 0
1820,0, 185, False, 0
1821,0, 185, False, 0
1822,0, 185, False, 0
1823,0, 185, False, 3
1824,0, 185, False, 3
1825,0, 185, False, 3
1826,0, 185, False, 3
1827,0, 185, False, 3
1828,0, 185, False, 3
1829,0, 185, False, 3
1830,0, 185, False, 3
1831,0, 185, False, 3
1832,0, 185, False, 3
1833,0, 185, False, 3
1834,0, 185, False, 3
1835,0, 185, False, 3
1836,0, 185, False, 3
1837,0, 185, False, 3
1838,0, 185, False, 3
1839,0, 185, False, 3
1840,0, 185, False, 3
1841,0, 185, False, 3
1842,0, 185, False, 3
1843,0, 185, False, 3
1844,0, 185, False, 3
1845,0, 185, False, 3
1846,0, 185, False, 3
1847,0, 185, False, 3
1848,0, 185, False, 3
1849,0, 185, False, 3
1850,0, 185, False, 3
1851,0, 185, False, 3
1852,0, 185, False, 3
1853,0, 185, False, 3
1854,0, 185, False, 3
1855,0, 185, False, 3
1856,0, 185, False, 3
1857,0, 185, False, 11
1858,0, 185, False, 11
1859,0, 185, False, 1
1860,0, 185, False, 1
1861,0, 185, False, 0
1862,0, 185, False, 0
1863,0, 185, False, 0
1864,0, 185, False, 0
1865,0, 185, False, 0
1866,0, 185, False, 0
1867,0, 185, False, 0
1868,0, 185, False, 0
1869,0, 185, False, 0
1870,0, 185, False, 0
1871,0, 185, False, 0
1872,0, 185, False, 0
1873,0, 185, False, 0
1874,0, 185, False, 0
1875,0, 185, False, 0
1876,0, 185, False, 0
1877,0, 185, False, 0
1878,0, 185, False, 0
1879,0, 185, False, 0
1880,0, 185, False, 0
1881,0, 185, False, 0
1882,0, 185, False, 0
1883,0, 185, False, 0
1884,0, 185, False, 0
1885,0, 185, False, 0
1886,0, 185, False, 0
1887,0, 185, False, 0
1888,0, 185, False, 0
1889,0, 185, False, 3
1890,0, 185, False, 3
1891,0, 185, False, 3
1892,0, 185, False, 3
1893,0, 185, False, 3
1894,0, 185, False, 3
1895,0, 185, False, 3
1896,0, 185, False, 3
1897,0, 185, False, 3
1898,0, 185, False, 3
1899,20, 205, False, 3
1900,0, 205, False, 0
1901,0, 205, False, 0
1902,0, 205, False, 0
1903,0, 205, False, 0
1904,0, 205, False, 0
1905,0, 205, False, 0
1906,0, 205, False, 0
1907,0, 205, False, 0
1908,0, 205, False, 0
1909,0, 205, False, 0
1910,0, 205, False, 0
1911,0, 205, False, 0
1912,0, 205, False, 0
1913,0, 205, False, 0
1914,0, 205, False, 0
1915,0, 205, False, 0
1916,0, 205, False, 0
1917,0, 205, False, 0
1918,0, 205, False, 0
1919,0, 205, False, 0
1920,0, 205, False, 0
1921,0, 205, False, 0
1922,0, 205, False, 0
1923,0, 205, False, 0
1924,0, 205, False, 0
1925,0, 205, False, 0
1926,0, 205, False, 0
1927,0, 205, False, 1
1928,0, 205, False, 1
1929,0, 205, False, 1
1930,0, 205, False, 1
1931,0, 205, False, 1
1932,0, 205, False, 0
1933,0, 205, False, 0
1934,0, 205, False, 0
1935,0, 205, False, 0
1936,0, 205, False, 0
1937,0, 205, False, 0
1938,0, 205, False, 0
1939,0, 205, False, 0
1940,0, 205, False, 0
1941,0, 205, False, 0
1942,0, 205, False, 0
1943,0, 205, False, 0
1944,0, 205, False, 0
1945,0, 205, False, 3
1946,0, 205, False, 3
1947,0, 205, False, 3
1948,0, 205, False, 3
1949,0, 205, False, 3
1950,0, 205, False, 3
1951,0, 205, False, 3
1952,0, 205, False, 3
1953,0, 205, False, 3
1954,0, 205, False, 3
1955,0, 205, False, 3
1956,0, 205, False, 3
1957,0, 205, False, 3
1958,0, 205, False, 3
1959,0, 205, False, 3
1960,0, 205, False, 3
1961,0, 205, False, 3
1962,0, 205, False, 3
1963,0, 205, False, 3
1964,0, 205, False, 3
1965,0, 205, False, 3
1966,0, 205, False, 3
1967,0, 205, False, 3
1968,0, 205, False, 3
1969,0, 205, False, 3
1970,0, 205, False, 3
1971,0, 205, False, 3
1972,0, 205, False, 3
1973,0, 205, False, 3
1974,0, 205, False, 3
1975,0, 205, False, 0
1976,0, 205, False, 0
1977,0, 205, False, 0
1978,0, 205, False, 0
1979,0, 205, False, 0
1980,0, 205, False, 0
1981,0, 205, False, 0
1982,0, 205, False, 0
1983,0, 205, False, 0
1984,0, 205, False, 0
1985,0, 205, False, 0
1986,0, 205, False, 0
1987,0, 205, False, 0
1988,0, 205, False, 0
1989,0, 205, False, 0
1990,0, 205, False, 0
1991,0, 205, False, 0
1992,0, 205, False, 0
1993,0, 205, False, 0
1994,0, 205, False, 0
1995,0, 205, False, 4
1996,0, 205, False, 4
1997,0, 205, False, 4
1998,0, 205, False, 4
1999,0, 205, False, 4
2000,0, 205, False, 4
2001,0, 205, False, 4
2002,0, 205, False, 4
2003,0, 205, False, 4
2004,0, 205, False, 4
2005,0, 205, False, 4
2006,0, 205, False, 4
2007,0, 205, False, 4
2008,0, 205, False, 4
2009,0, 205, False, 4
2010,0, 205, False, 4
2011,0, 205, False, 4
2012,0, 205, False, 4
2013,0, 205, False, 4
2014,0, 205, False, 4
2015,0, 205, False, 4
2016,0, 205, False, 4
2017,0, 205, False, 4
2018,0, 205, False, 4
2019,0, 205, False, 4
2020,0, 205, False, 4
2021,0, 205, False, 4
2022,0, 205, False, 4
2023,0, 205, False, 4
2024,0, 205, False, 4
2025,0, 205, False, 4
2026,0, 205, False, 4
2027,0, 205, False, 4
2028,0, 205, False, 4
2029,0, 205, False, 4
2030,0, 205, False, 4
2031,0, 205, False, 4
2032,0, 205, False, 4
2033,0, 205, False, 4
2034,0, 205, False, 0
2035,0, 205, False, 1
2036,0, 205, False, 1
2037,0, 205, False, 1
2038,0, 205, False, 1
2039,0, 205, False, 0
2040,0, 205, False, 0
2041,0, 205, False, 0
2042,0, 205, False, 0
2043,0, 205, False, 0
2044,0, 205, False, 0
2045,0, 205, False, 0
2046,0, 205, False, 0
2047,0, 205, False, 0
2048,0, 205, False, 0
2049,0, 205, False, 0
2050,0, 205, False, 0
2051,0, 205, False, 0
2052,0, 205, False, 0
2053,0, 205, False, 0
2054,0, 205, False, 0
2055,0, 205, False, 0
2056,0, 205, False, 0
2057,0, 205, False, 0
2058,0, 205, False, 0
2059,0, 205, False, 0
2060,0, 205, False, 0
2061,0, 205, False, 0
2062,0, 205, False, 0
2063,15, 220, False, 0
2064,0, 220, False, 0
2065,0, 220, False, 0
2066,0, 220, False, 0
2067,0, 220, False, 0
2068,0, 220, False, 0
2069,0, 220, False, 4
2070,0, 220, False, 4
2071,0, 220, False, 4
2072,0, 220, False, 4
2073,0, 220, False, 4
2074,0, 220, False, 4
2075,0, 220, False, 4
2076,0, 220, False, 4
2077,0, 220, False, 4
2078,0, 220, False, 4
2079,0, 220, False, 4
2080,0, 220, False, 4
2081,0, 220, False, 4
2082,0, 220, False, 4
2083,0, 220, False, 4
2084,0, 220, False, 4
2085,0, 220, False, 4
2086,0, 220, False, 4
2087,0, 220, False, 4
2088,0, 220, False, 4
2089,0, 220, False, 4
2090,0, 220, False, 4
2091,0, 220, False, 4
2092,0, 220, False, 4
2093,0, 220, False, 4
2094,0, 220, False, 4
2095,0, 220, False, 4
2096,0, 220, False, 4
2097,0, 220, False, 4
2098,0, 220, False, 4
2099,0, 220, False, 4
2100,0, 220, False, 4
2101,0, 220, False, 4
2102,0, 220, False, 4
2103,0, 220, False, 4
2104,0, 220, False, 4
2105,0, 220, False, 4
2106,0, 220, False, 4
2107,0, 220, False, 4
2108,0, 220, False, 4
2109,0, 220, False, 4
2110,0, 220, False, 4
2111,0, 220, False, 4
2112,0, 220, False, 4
2113,0, 220, False, 4
2114,0, 220, False, 4
2115,0, 220, False, 4
2116,0, 220, False, 4
2117,0, 220, False, 4
2118,0, 220, False, 4
2119,0, 220, False, 4
2120,0, 220, False, 4
2121,0, 220, False, 4
2122,0, 220, False, 4
2123,0, 220, False, 4
2124,0, 220, False, 4
2125,0, 220, False, 4
2126,0, 220, False, 4
2127,0, 220, False, 4
2128,0, 220, False, 4
2129,0, 220, False, 4
2130,0, 220, False, 4
2131,0, 220, False, 4
2132,0, 220, False, 4
2133,0, 220, False, 4
2134,0, 220, False, 4
2135,0, 220, False, 4
2136,0, 220, False, 4
2137,0, 220, False, 4
2138,0, 220, False, 4
2139,0, 220, False, 4
2140,0, 220, False, 4
2141,0, 220, False, 4
2142,0, 220, False, 4
2143,0, 220, False, 4
2144,0, 220, False, 4
2145,0, 220, False, 4
2146,0, 220, False, 4
2147,0, 220, False, 4
2148,0, 220, False, 4
2149,0, 220, False, 4
2150,0, 220, False, 4
2151,0, 220, False, 4
2152,0, 220, False, 4
2153,0, 220, False, 4
2154,0, 220, False, 4
2155,0, 220, False, 4
2156,0, 220, False, 12
2157,0, 220, False, 1
2158,0, 220, False, 1
2159,0, 220, False, 0
2160,0, 220, False, 0
2161,0, 220, False, 0
2162,0, 220, False, 0
2163,0, 220, False, 0
2164,0, 220, False, 0
2165,0, 220, False, 0
2166,0, 220, False, 0
2167,0, 220, False, 0
2168,0, 220, False, 0
2169,0, 220, False, 0
2170,0, 220, False, 0
2171,0, 220, False, 0
2172,0, 220, False, 0
2173,0, 220, False, 0
2174,0, 220, False, 0
2175,0, 220, False, 0
2176,0, 220, False, 0
2177,0, 220, False, 0
2178,0, 220, False, 0
2179,0, 220, False, 0
2180,0, 220, False, 0
2181,0, 220, False, 4
2182,0, 220, False, 4
2183,0, 220, False, 4
2184,0, 220, False, 4
2185,0, 220, False, 4
2186,0, 220, False, 4
2187,0, 220, False, 4
2188,0, 220, False, 4
2189,0, 220, False, 4
2190,0, 220, False, 4
2191,0, 220, False, 4
2192,0, 220, False, 4
2193,20, 240, False, 4
2194,0, 240, False, 4
2195,0, 240, False, 4
2196,0, 240, False, 4
2197,0, 240, False, 4
2198,0, 240, False, 4
2199,0, 240, False, 4
2200,0, 240, False, 4
2201,0, 240, False, 4
2202,0, 240, False, 4
2203,0, 240, False, 4
2204,0, 240, False, 4
2205,0, 240, False, 4
2206,0, 240, False, 4
2207,0, 240, False, 4
2208,0, 240, False, 4
2209,0, 240, False, 4
2210,0, 240, False, 4
2211,0, 240, False, 4
2212,0, 240, False, 4
2213,0, 240, False, 4
2214,0, 240, False, 4
2215,0, 240, False, 4
2216,0, 240, False, 4
2217,0, 240, False, 4
2218,0, 240, False, 4
2219,0, 240, False, 4
2220,0, 240, False, 4
2221,0, 240, False, 4
2222,0, 240, False, 4
2223,0, 240, False, 4
2224,0, 240, False, 12
2225,0, 240, False, 1
2226,0, 240, False, 1
2227,0, 240, False, 1
2228,0, 240, False, 0
2229,0, 240, False, 0
2230,0, 240, False, 0
2231,0, 240, False, 0
2232,0, 240, False, 0
2233,0, 240, False, 0
2234,0, 240, False, 0
2235,0, 240, False, 0
2236,0, 240, False, 0
2237,0, 240, False, 0
2238,0, 240, False, 0
2239,0, 240, False, 0
2240,0, 240, False, 0
2241,0, 240, False, 0
2242,0, 240, False, 0
2243,0, 240, False, 0
2244,0, 240, False, 0
2245,0, 240, False, 0
2246,0, 240, False, 0
2247,0, 240, False, 0
2248,0, 240, False, 0
2249,0, 240, False, 0
2250,0, 240, False, 0
2251,0, 240, False, 0
2252,0, 240, False, 0
2253,0, 240, False, 0
2254,0, 240, False, 0
2255,0, 240, False, 0
2256,0, 240, False, 0
2257,0, 240, False, 0
2258,0, 240, False, 0
2259,0, 240, False, 0
2260,0, 240, False, 0
2261,0, 240, False, 0
2262,0, 240, False, 0
2263,0, 240, False, 0
2264,0, 240, False, 0
2265,0, 240, False, 0
2266,0, 240, False, 0
2267,0, 240, False, 0
2268,0, 240, False, 0
2269,0, 240, False, 0
2270,0, 240, False, 0
2271,0, 240, False, 0
2272,0, 240, False, 0
2273,0, 240, False, 0
2274,0, 240, False, 0
2275,0, 240, False, 1
2276,0, 240, False, 1
2277,0, 240, False, 1
2278,0, 240, False, 1
2279,0, 240, False, 1
2280,0, 240, False, 1
2281,0, 240, False, 0
2282,0, 240, False, 0
2283,0, 240, False, 0
2284,0, 240, False, 0
2285,0, 240, False, 0
2286,0, 240, False, 0
2287,0, 240, False, 0
2288,0, 240, False, 0
2289,0, 240, False, 0
2290,0, 240, False, 0
2291,0, 240, False, 0
2292,0, 240, False, 0
2293,0, 240, False, 0
2294,0, 240, False, 0
2295,0, 240, False, 0
2296,0, 240, False, 1
2297,0, 240, False, 1
2298,0, 240, False, 1
2299,0, 240, False, 1
2300,0, 240, False, 1
2301,0, 240, False, 1
2302,0, 240, False, 0
2303,0, 240, False, 0
2304,0, 240, False, 0
2305,0, 240, False, 0
2306,0, 240, False, 0
2307,0, 240, False, 0
2308,0, 240, False, 0
2309,0, 240, False, 0
2310,0, 240, False, 0
2311,0, 240, False, 0
2312,0, 240, False, 0
2313,0, 240, False, 0
2314,0, 240, False, 0
2315,0, 240, False, 1
2316,0, 240, False, 1
2317,0, 240, False, 1
2318,0, 240, False, 1
2319,0, 240, False, 1
2320,0, 240, False, 1
2321,0, 240, False, 0
2322,0, 240, False, 0
2323,0, 240, False, 0
2324,0, 240, False, 0
2325,0, 240, False, 0
2326,0, 240, False, 0
2327,0, 240, False, 0
2328,0, 240, False, 0
2329,0, 240, False, 0
2330,0, 240, False, 0
2331,0, 240, False, 0
2332,0, 240, False, 0
2333,0, 240, False, 0
2334,0, 240, False, 0
2335,0, 240, False, 0
2336,0, 240, False, 0
2337,0, 240, False, 0
2338,0, 240, False, 0
2339,0, 240, False, 0
2340,0, 240, False, 0
2341,0, 240, False, 0
2342,0, 240, False, 0
2343,0, 240, False, 0
2344,0, 240, False, 0
2345,0, 240, False, 0
2346,0, 240, False, 0
2347,20, 260, False, 0
2348,0, 260, False, 0
2349,0, 260, False, 0
2350,0, 260, False, 0
2351,0, 260, False, 1
2352,0, 260, False, 1
2353,0, 260, False, 1
2354,0, 260, False, 1
2355,0, 260, False, 1
2356,0, 260, False, 1
2357,0, 260, False, 1
2358,0, 260, False, 0
2359,0, 260, False, 0
2360,0, 260, False, 0
2361,0, 260, False, 0
2362,0, 260, False, 0
2363,0, 260, False, 0
2364,0, 260, False, 0
2365,0, 260, False, 0
2366,0, 260, False, 0
2367,0, 260, False, 0
2368,0, 260, False, 0
2369,0, 260, False, 0
2370,0, 260, False, 0
2371,0, 260, False, 0
2372,0, 260, False, 0
2373,0, 260, False, 0
2374,0, 260, False, 0
2375,0, 260, False, 0
2376,0, 260, False, 0
2377,0, 260, False, 0
2378,0, 260, False, 0
2379,0, 260, False, 0
2380,0, 260, False, 0
2381,0, 260, False, 0
2382,0, 260, False, 0
2383,0, 260, False, 3
2384,0, 260, False, 3
2385,0, 260, False, 3
2386,0, 260, False, 3
2387,0, 260, False, 3
2388,0, 260, False, 3
2389,0, 260, False, 3
2390,0, 260, False, 3
2391,0, 260, False, 3
2392,0, 260, False, 3
2393,0, 260, False, 3
2394,0, 260, False, 3
2395,0, 260, False, 3
2396,0, 260, False, 3
2397,0, 260, False, 3
2398,0, 260, False, 3
2399,0, 260, False, 3
2400,0, 260, False, 3
2401,0, 260, False, 3
2402,0, 260, False, 3
2403,0, 260, False, 3
2404,0, 260, False, 3
2405,0, 260, False, 3
2406,0, 260, False, 3
2407,0, 260, False, 3
2408,0, 260, False, 3
2409,0, 260, False, 3
2410,0, 260, False, 3
2411,0, 260, False, 3
2412,0, 260, False, 3
2413,0, 260, False, 3
2414,0, 260, False, 3
2415,0, 260, False, 3
2416,0, 260, False, 3
2417,0, 260, False, 3
2418,0, 260, False, 3
2419,0, 260, False, 11
2420,0, 260, False, 1
2421,0, 260, False, 1
2422,0, 260, False, 1
2423,0, 260, False, 1
2424,0, 260, False, 0
2425,0, 260, False, 0
2426,0, 260, False, 0
2427,0, 260, False, 0
2428,0, 260, False, 0
2429,0, 260, False, 0
2430,0, 260, False, 0
2431,0, 260, False, 0
2432,0, 260, False, 0
2433,0, 260, False, 0
2434,0, 260, False, 0
2435,0, 260, False, 0
2436,0, 260, False, 0
2437,0, 260, False, 0
2438,0, 260, False, 0
2439,0, 260, False, 0
2440,0, 260, False, 0
2441,0, 260, False, 0
2442,0, 260, False, 0
2443,0, 260, False, 0
2444,0, 260, False, 0
2445,0, 260, False, 0
2446,0, 260, False, 0
2447,0, 260, False, 0
2448,0, 260, False, 0
2449,0, 260, False, 0
2450,0, 260, False, 3
2451,0, 260, False, 3
2452,0, 260, False, 3
2453,0, 260, False, 3
2454,0, 260, False, 3
2455,0, 260, False, 3
2456,0, 260, False, 3
2457,0, 260, False, 3
2458,0, 260, False, 3
2459,0, 260, False, 3
2460,0, 260, False, 3
2461,0, 260, False, 3
2462,0, 260, False, 3
2463,0, 260, False, 3
2464,0, 260, False, 3
2465,0, 260, False, 3
2466,0, 260, False, 3
2467,0, 260, False, 3
2468,0, 260, False, 3
2469,0, 260, False, 3
2470,0, 260, False, 3
2471,0, 260, False, 3
2472,0, 260, False, 3
2473,0, 260, False, 3
2474,0, 260, False, 3
2475,0, 260, False, 3
2476,0, 260, False, 11
2477,0, 260, False, 11
2478,0, 260, False, 1
2479,0, 260, False, 1
2480,0, 260, False, 0
2481,0, 260, False, 0
2482,0, 260, False, 0
2483,0, 260, False, 0
2484,0, 260, False, 0
2485,0, 260, False, 0
2486,0, 260, False, 0
2487,0, 260, False, 0
2488,0, 260, False, 0
2489,0, 260, False, 0
2490,0, 260, False, 0
2491,0, 260, False, 0
2492,0, 260, False, 0
2493,0, 260, False, 0
2494,0, 260, False, 0
2495,0, 260, False, 0
2496,0, 260, False, 0
2497,0, 260, False, 0
2498,0, 260, False, 3
2499,0, 260, False, 3
2500,0, 260, False, 3
2501,0, 260, False, 3
2502,0, 260, False, 3
2503,20, 280, False, 3
2504,0, 280, False, 3
2505,0, 280, False, 3
2506,0, 280, False, 3
2507,0, 280, False, 3
2508,0, 280, False, 3
2509,0, 280, False, 3
2510,0, 280, False, 3
2511,0, 280, False, 3
2512,0, 280, False, 3
2513,0, 280, False, 3
2514,0, 280, False, 3
2515,0, 280, False, 3
2516,0, 280, False, 3
2517,0, 280, False, 3
2518,0, 280, False, 3
2519,0, 280, False, 3
2520,0, 280, False, 3
2521,0, 280, False, 3
2522,0, 280, False, 3
2523,0, 280, False, 3
2524,0, 280, False, 3
2525,0, 280, False, 3
2526,0, 280, False, 3
2527,0, 280, False, 3
2528,0, 280, False, 3
2529,0, 280, False, 3
2530,0, 280, False, 3
2531,0, 280, False, 3
2532,0, 280, False, 3
2533,0, 280, False, 3
2534,0, 280, False, 3
2535,0, 280, False, 3
2536,0, 280, False, 3
2537,0, 280, False, 3
2538,0, 280, False, 3
2539,0, 280, False, 3
2540,0, 280, False, 3
2541,0, 280, False, 3
2542,0, 280, False, 3
2543,0, 280, False, 3
2544,0, 280, False, 3
2545,0, 280, False, 3
2546,0, 280, False, 3
2547,0, 280, False, 3
2548,0, 280, False, 3
2549,0, 280, False, 3
2550,0, 280, False, 3
2551,0, 280, False, 3
2552,0, 280, False, 3
2553,0, 280, False, 3
2554,0, 280, False, 3
2555,0, 280, False, 3
2556,0, 280, False, 3
2557,0, 280, False, 3
2558,0, 280, False, 3
2559,0, 280, False, 0
2560,0, 280, False, 0
2561,0, 280, False, 0
2562,0, 280, False, 0
2563,0, 280, False, 0
2564,0, 280, False, 0
2565,0, 280, False, 0
2566,0, 280, False, 0
2567,0, 280, False, 0
2568,0, 280, False, 0
2569,0, 280, False, 0
2570,0, 280, False, 0
2571,0, 280, False, 0
2572,0, 280, False, 0
2573,0, 280, False, 0
2574,0, 280, False, 0
2575,0, 280, False, 0
2576,0, 280, False, 1
2577,0, 280, False, 1
2578,0, 280, False, 1
2579,0, 280, False, 1
2580,0, 280, False, 1
2581,0, 280, False, 0
2582,0, 280, False, 0
2583,0, 280, False, 0
2584,0, 280, False, 0
2585,0, 280, False, 0
2586,0, 280, False, 0
2587,0, 280, False, 0
2588,0, 280, False, 0
2589,0, 280, False, 3
2590,0, 280, False, 3
2591,0, 280, False, 3
2592,0, 280, False, 3
2593,0, 280, False, 3
2594,0, 280, False, 3
2595,0, 280, False, 3
2596,0, 280, False, 3
2597,0, 280, False, 3
2598,0, 280, False, 3
2599,0, 280, False, 3
2600,0, 280, False, 3
2601,0, 280, False, 3
2602,0, 280, False, 3
2603,0, 280, False, 3
2604,0, 280, False, 3
2605,0, 280, False, 3
2606,0, 280, False, 3
2607,0, 280, False, 3
2608,0, 280, False, 3
2609,0, 280, False, 3
2610,0, 280, False, 3
2611,0, 280, False, 3
2612,0, 280, False, 3
2613,0, 280, False, 3
2614,0, 280, False, 3
2615,0, 280, False, 3
2616,0, 280, False, 3
2617,0, 280, False, 3
2618,0, 280, False, 3
2619,0, 280, False, 3
2620,0, 280, False, 3
2621,0, 280, False, 3
2622,0, 280, False, 3
2623,0, 280, False, 3
2624,0, 280, False, 3
2625,30, 310, False, 3
2626,0, 310, False, 3
2627,0, 310, False, 3
2628,0, 310, False, 3
2629,0, 310, False, 3
2630,0, 310, False, 3
2631,0, 310, False, 3
2632,0, 310, False, 0
2633,0, 310, False, 0
2634,0, 310, False, 0
2635,0, 310, False, 0
2636,0, 310, False, 0
2637,0, 310, False, 0
2638,0, 310, False, 0
2639,0, 310, False, 0
2640,0, 310, False, 0
2641,0, 310, False, 0
2642,0, 310, False, 0
2643,0, 310, False, 0
2644,0, 310, False, 0
2645,0, 310, False, 0
2646,0, 310, False, 0
2647,0, 310, False, 0
2648,0, 310, False, 0
2649,0, 310, False, 0
2650,0, 310, False, 0
2651,0, 310, False, 0
2652,0, 310, False, 0
2653,0, 310, False, 0
2654,0, 310, False, 4
2655,0, 310, False, 4
2656,0, 310, False, 0
2657,0, 310, False, 1
2658,0, 310, False, 1
2659,0, 310, False, 1
2660,0, 310, False, 1
2661,0, 310, False, 1
2662,0, 310, False, 0
2663,0, 310, False, 0
2664,0, 310, False, 0
2665,0, 310, False, 0
2666,0, 310, False, 0
2667,0, 310, False, 0
2668,0, 310, False, 0
2669,0, 310, False, 0
2670,0, 310, False, 0
2671,0, 310, False, 0
2672,0, 310, False, 4
2673,0, 310, False, 4
2674,0, 310, False, 4
2675,0, 310, False, 4
2676,0, 310, False, 4
2677,0, 310, False, 4
2678,0, 310, False, 4
2679,0, 310, False, 4
2680,0, 310, False, 4
2681,0, 310, False, 4
2682,0, 310, False, 4
2683,0, 310, False, 4
2684,0, 310, False, 4
2685,20, 330, False, 4
2686,0, 330, False, 4
2687,0, 330, False, 4
2688,0, 330, False, 4
2689,0, 330, False, 4
2690,0, 330, False, 4
2691,0, 330, False, 4
2692,0, 330, False, 4
2693,0, 330, False, 4
2694,0, 330, False, 4
2695,0, 330, False, 4
2696,0, 330, False, 4
2697,0, 330, False, 4
2698,0, 330, False, 4
2699,0, 330, False, 4
2700,0, 330, False, 4
2701,0, 330, False, 4
2702,0, 330, False, 4
2703,0, 330, False, 4
2704,0, 330, False, 4
2705,0, 330, False, 4
2706,0, 330, False, 4
2707,0, 330, False, 4
2708,0, 330, False, 4
2709,0, 330, False, 4
2710,0, 330, False, 4
2711,0, 330, False, 4
2712,0, 330, False, 4
2713,0, 330, False, 4
2714,0, 330, False, 4
2715,0, 330, False, 4
2716,0, 330, False, 4
2717,0, 330, False, 4
2718,0, 330, False, 4
2719,0, 330, False, 4
2720,0, 330, False, 4
2721,0, 330, False, 4
2722,0, 330, False, 4
2723,0, 330, False, 4
2724,0, 330, False, 4
2725,0, 330, False, 4
2726,0, 330, False, 4
2727,0, 330, False, 4
2728,0, 330, False, 4
2729,0, 330, False, 4
2730,0, 330, False, 4
2731,0, 330, False, 4
2732,0, 330, False, 4
2733,0, 330, False, 4
2734,0, 330, False, 4
2735,0, 330, False, 4
2736,0, 330, False, 4
2737,0, 330, False, 4
2738,0, 330, False, 4
2739,0, 330, False, 4
2740,0, 330, False, 4
2741,0, 330, False, 4
2742,0, 330, False, 4
2743,0, 330, False, 4
2744,0, 330, False, 4
2745,0, 330, False, 4
2746,0, 330, False, 4
2747,0, 330, False, 4
2748,0, 330, False, 4
2749,0, 330, False, 4
2750,0, 330, False, 4
2751,0, 330, False, 4
2752,0, 330, False, 4
2753,0, 330, False, 4
2754,0, 330, False, 4
2755,0, 330, False, 4
2756,0, 330, False, 4
2757,0, 330, False, 4
2758,0, 330, False, 4
2759,0, 330, False, 4
2760,0, 330, False, 4
2761,0, 330, False, 4
2762,0, 330, False, 4
2763,0, 330, False, 4
2764,0, 330, False, 4
2765,0, 330, False, 4
2766,0, 330, False, 4
2767,0, 330, False, 4
2768,0, 330, False, 4
2769,0, 330, False, 4
2770,0, 330, False, 4
2771,0, 330, False, 4
2772,0, 330, False, 4
2773,0, 330, False, 4
2774,0, 330, False, 4
2775,0, 330, False, 4
2776,0, 330, False, 4
2777,0, 330, False, 4
2778,0, 330, False, 4
2779,0, 330, False, 4
2780,0, 330, False, 4
2781,0, 330, False, 4
2782,0, 330, False, 4
2783,0, 330, False, 4
2784,0, 330, False, 4
2785,0, 330, False, 4
2786,0, 330, False, 4
2787,0, 330, False, 4
2788,0, 330, False, 4
2789,0, 330, False, 4
2790,0, 330, False, 4
2791,0, 330, False, 4
2792,0, 330, False, 4
2793,0, 330, False, 4
2794,0, 330, False, 4
2795,0, 330, False, 4
2796,0, 330, False, 4
2797,0, 330, False, 4
2798,0, 330, False, 4
2799,0, 330, False, 4
2800,0, 330, False, 4
2801,0, 330, False, 4
2802,0, 330, False, 4
2803,0, 330, False, 4
2804,0, 330, False, 4
2805,0, 330, False, 4
2806,0, 330, False, 4
2807,0, 330, False, 4
2808,0, 330, False, 4
2809,0, 330, False, 4
2810,0, 330, False, 4
2811,0, 330, False, 4
2812,0, 330, False, 4
2813,0, 330, False, 4
2814,0, 330, False, 4
2815,0, 330, False, 4
2816,0, 330, False, 4
2817,0, 330, False, 4
2818,0, 330, False, 4
2819,0, 330, False, 4
2820,0, 330, False, 4
2821,0, 330, False, 4
2822,0, 330, False, 4
2823,0, 330, False, 4
2824,0, 330, False, 4
2825,0, 330, False, 4
2826,0, 330, False, 4
2827,0, 330, False, 4
2828,0, 330, False, 4
2829,0, 330, False, 4
2830,0, 330, False, 4
2831,0, 330, False, 4
2832,0, 330, False, 4
2833,0, 330, False, 12
2834,0, 330, False, 12
2835,0, 330, False, 12
2836,0, 330, False, 12
2837,0, 330, False, 12
2838,0, 330, False, 4
2839,0, 330, False, 0
2840,0, 330, False, 0
2841,0, 330, False, 0
2842,0, 330, False, 0
2843,0, 330, False, 0
2844,0, 330, False, 0
2845,0, 330, False, 0
2846,0, 330, False, 0
2847,0, 330, False, 0
2848,0, 330, False, 0
2849,0, 330, False, 0
2850,0, 330, False, 0
2851,0, 330, False, 0
2852,0, 330, False, 3
2853,0, 330, False, 3
2854,0, 330, False, 3
2855,0, 330, False, 3
2856,0, 330, False, 3
2857,0, 330, False, 3
2858,0, 330, False, 3
2859,0, 330, False, 3
2860,0, 330, False, 3
2861,0, 330, False, 3
2862,0, 330, False, 3
2863,0, 330, False, 3
2864,0, 330, False, 3
2865,0, 330, False, 3
2866,0, 330, False, 3
2867,0, 330, False, 3
2868,0, 330, False, 3
2869,0, 330, False, 3
2870,0, 330, False, 3
2871,0, 330, False, 3
2872,0, 330, False, 3
2873,0, 330, False, 3
2874,0, 330, False, 3
2875,0, 330, False, 3
2876,0, 330, False, 3
2877,0, 330, False, 3
2878,0, 330, False, 3
2879,0, 330, False, 3
2880,0, 330, False, 3
2881,0, 330, False, 3
2882,0, 330, False, 3
2883,0, 330, False, 3
2884,0, 330, False, 3
2885,0, 330, False, 3
2886,0, 330, False, 3
2887,0, 330, False, 3
2888,0, 330, False, 3
2889,0, 330, False, 3
2890,0, 330, False, 3
2891,0, 330, False, 3
2892,0, 330, False, 3
2893,0, 330, False, 3
2894,0, 330, False, 3
2895,0, 330, False, 3
2896,0, 330, False, 3
2897,0, 330, False, 3
2898,0, 330, False, 3
2899,0, 330, False, 3
2900,0, 330, False, 3
2901,0, 330, False, 3
2902,0, 330, False, 3
2903,0, 330, False, 3
2904,0, 330, False, 3
2905,0, 330, False, 3
2906,0, 330, False, 0
2907,0, 330, False, 0
2908,0, 330, False, 0
2909,0, 330, False, 0
2910,0, 330, False, 0
2911,0, 330, False, 0
2912,0, 330, False, 0
2913,0, 330, False, 0
2914,0, 330, False, 0
2915,0, 330, False, 0
2916,0, 330, False, 0
2917,0, 330, False, 0
2918,0, 330, False, 0
2919,0, 330, False, 0
2920,0, 330, False, 0
2921,0, 330, False, 0
2922,0, 330, False, 0
2923,0, 330, False, 0
2924,0, 330, False, 0
2925,0, 330, False, 0
2926,0, 330, False, 0
2927,0, 330, False, 0
2928,0, 330, False, 0
2929,0, 330, False, 0
2930,0, 330, False, 0
2931,0, 330, False, 1
2932,0, 330, False, 1
2933,0, 330, False, 1
2934,0, 330, False, 1
2935,0, 330, False, 1
2936,0, 330, False, 1
2937,0, 330, False, 0
2938,0, 330, False, 0
2939,0, 330, False, 0
2940,0, 330, False, 0
2941,0, 330, False, 0
2942,0, 330, False, 0
2943,0, 330, False, 0
2944,0, 330, False, 0
2945,0, 330, False, 0
2946,0, 330, False, 0
2947,0, 330, False, 0
2948,0, 330, False, 0
2949,0, 330, False, 0
2950,0, 330, False, 0
2951,0, 330, False, 0
2952,0, 330, False, 0
2953,0, 330, False, 3
2954,0, 330, False, 3
2955,0, 330, False, 3
2956,0, 330, False, 3
2957,0, 330, False, 3
2958,0, 330, False, 3
2959,0, 330, False, 3
2960,0, 330, False, 3
2961,0, 330, False, 3
2962,0, 330, False, 3
2963,0, 330, False, 3
2964,0, 330, False, 3
2965,0, 330, False, 3
2966,0, 330, False, 3
2967,0, 330, False, 3
2968,0, 330, False, 0
2969,0, 330, False, 0
2970,0, 330, False, 0
2971,0, 330, False, 0
2972,0, 330, False, 0
2973,0, 330, False, 0
2974,0, 330, False, 0
2975,0, 330, False, 0
2976,0, 330, False, 0
2977,0, 330, False, 0
2978,0, 330, False, 4
2979,0, 330, False, 4
2980,0, 330, False, 4
2981,0, 330, False, 4
2982,0, 330, False, 4
2983,0, 330, False, 4
2984,0, 330, False, 4
2985,0, 330, False, 4
2986,0, 330, False, 4
2987,0, 330, False, 4
2988,0, 330, False, 4
2989,0, 330, False, 4
2990,0, 330, False, 4
2991,0, 330, False, 4
2992,0, 330, False, 0
2993,0, 330, False, 0
2994,0, 330, False, 0
2995,0, 330, False, 0
2996,0, 330, False, 0
2997,0, 330, False, 0
2998,0, 330, False, 0
2999,0, 330, False, 0
3000,0, 330, False, 0
3001,0, 330, False, 0
3002,0, 330, False, 1
3003,0, 330, False, 1
3004,0, 330, False, 1
3005,0, 330, False, 1
3006,0, 330, False, 1
3007,0, 330, False, 1
3008,0, 330, False, 0
3009,0, 330, False, 0
3010,0, 330, False, 0
3011,0, 330, False, 0
3012,0, 330, False, 0
3013,0, 330, False, 0
3014,0, 330, False, 0
3015,0, 330, False, 0
3016,0, 330, False, 0
3017,0, 330, False, 0
3018,0, 330, False, 0
3019,0, 330, False, 0
3020,0, 330, False, 0
3021,0, 330, False, 0
3022,0, 330, False, 0
3023,0, 330, False, 0
3024,0, 330, False, 0
3025,0, 330, False, 0
3026,0, 330, False, 1
3027,0, 330, False, 1
3028,0, 330, False, 1
3029,0, 330, False, 1
3030,0, 330, False, 1
3031,0, 330, False, 1
3032,0, 330, False, 0
3033,0, 330, False, 0
3034,0, 330, False, 0
3035,0, 330, False, 0
3036,0, 330, False, 0
3037,0, 330, False, 0
3038,0, 330, False, 0
3039,0, 330, False, 0
3040,0, 330, False, 0
3041,0, 330, False, 0
3042,0, 330, False, 0
3043,0, 330, False, 0
3044,0, 330, False, 0
3045,0, 330, False, 0
3046,0, 330, False, 0
3047,0, 330, False, 0
3048,0, 330, False, 0
3049,0, 330, False, 3
3050,0, 330, False, 3
3051,0, 330, False, 3
3052,0, 330, False, 3
3053,0, 330, False, 3
3054,0, 330, False, 3
3055,0, 330, False, 3
3056,0, 330, False, 3
3057,25, 355, False, 3
3058,0, 355, False, 0
3059,0, 355, False, 0
3060,0, 355, False, 0
3061,0, 355, False, 0
3062,0, 355, False, 0
3063,0, 355, False, 0
3064,0, 355, False, 0
3065,0, 355, False, 0
3066,0, 355, False, 0
3067,0, 355, False, 0
3068,0, 355, False, 0
3069,0, 355, False, 3
3070,0, 355, False, 3
3071,0, 355, False, 3
3072,0, 355, False, 3
3073,0, 355, False, 3
3074,0, 355, False, 3
3075,0, 355, False, 3
3076,0, 355, False, 3
3077,0, 355, False, 0
3078,0, 355, False, 0
3079,0, 355, False, 0
3080,0, 355, False, 0
3081,0, 355, False, 0
3082,0, 355, False, 0
3083,0, 355, False, 0
3084,0, 355, False, 0
3085,0, 355, False, 0
3086,0, 355, False, 0
3087,0, 355, False, 0
3088,0, 355, False, 0
3089,0, 355, False, 0
3090,0, 355, False, 4
3091,0, 355, False, 4
3092,0, 355, False, 4
3093,0, 355, False, 4
3094,0, 355, False, 4
3095,0, 355, False, 4
3096,0, 355, False, 4
3097,0, 355, False, 4
3098,0, 355, False, 4
3099,0, 355, False, 4
3100,0, 355, False, 0
3101,0, 355, False, 0
3102,0, 355, False, 0
3103,0, 355, False, 0
3104,0, 355, False, 0
3105,0, 355, False, 1
3106,0, 355, False, 1
3107,0, 355, False, 1
3108,0, 355, False, 1
3109,0, 355, False, 1
3110,0, 355, False, 0
3111,0, 355, False, 0
3112,0, 355, False, 0
3113,0, 355, False, 0
3114,0, 355, False, 0
3115,0, 355, False, 0
3116,0, 355, False, 0
3117,0, 355, False, 0
3118,0, 355, False, 3
3119,0, 355, False, 3
3120,0, 355, False, 3
3121,0, 355, False, 3
3122,0, 355, False, 3
3123,0, 355, False, 3
3124,0, 355, False, 3
3125,0, 355, False, 3
3126,0, 355, False, 3
3127,0, 355, False, 3
3128,0, 355, False, 0
3129,0, 355, False, 0
3130,0, 355, False, 0
3131,0, 355, False, 0
3132,0, 355, False, 0
3133,0, 355, False, 0
3134,0, 355, False, 4
3135,0, 355, False, 4
3136,0, 355, False, 4
3137,0, 355, False, 4
3138,0, 355, False, 4
3139,0, 355, False, 4
3140,0, 355, False, 4
3141,0, 355, False, 4
3142,0, 355, False, 4
3143,0, 355, False, 4
3144,0, 355, False, 4
3145,0, 355, False, 4
3146,0, 355, False, 4
3147,0, 355, False, 4
3148,0, 355, False, 4
3149,0, 355, False, 4
3150,0, 355, False, 4
3151,0, 355, False, 4
3152,0, 355, False, 4
3153,0, 355, False, 4
3154,0, 355, False, 4
3155,0, 355, False, 4
3156,0, 355, False, 4
3157,0, 355, False, 4
3158,0, 355, False, 4
3159,0, 355, False, 4
3160,0, 355, False, 4
3161,0, 355, False, 4
3162,0, 355, False, 4
3163,0, 355, False, 4
3164,0, 355, False, 4
3165,0, 355, False, 4
3166,0, 355, False, 4
3167,0, 355, False, 4
3168,0, 355, False, 4
3169,0, 355, False, 4
3170,0, 355, False, 4
3171,0, 355, False, 4
3172,0, 355, False, 4
3173,0, 355, False, 4
3174,0, 355, False, 4
3175,0, 355, False, 4
3176,0, 355, False, 4
3177,0, 355, False, 4
3178,0, 355, False, 4
3179,0, 355, False, 4
3180,0, 355, False, 4
3181,0, 355, False, 4
3182,0, 355, False, 4
3183,0, 355, False, 4
3184,0, 355, False, 4
3185,0, 355, False, 4
3186,0, 355, False, 4
3187,0, 355, False, 4
3188,0, 355, False, 4
3189,0, 355, False, 4
3190,0, 355, False, 4
3191,0, 355, False, 4
3192,0, 355, False, 4
3193,0, 355, False, 4
3194,0, 355, False, 4
3195,0, 355, False, 4
3196,0, 355, False, 4
3197,0, 355, False, 4
3198,0, 355, False, 4
3199,0, 355, False, 4
3200,0, 355, False, 4
3201,0, 355, False, 4
3202,0, 355, False, 4
3203,0, 355, False, 4
3204,0, 355, False, 4
3205,0, 355, False, 4
3206,0, 355, False, 4
3207,0, 355, False, 4
3208,0, 355, False, 4
3209,0, 355, False, 4
3210,0, 355, False, 4
3211,0, 355, False, 4
3212,0, 355, False, 4
3213,0, 355, False, 4
3214,0, 355, False, 4
3215,0, 355, False, 4
3216,0, 355, False, 0
3217,0, 355, False, 0
3218,0, 355, False, 0
3219,0, 355, False, 0
3220,0, 355, False, 0
3221,0, 355, False, 1
3222,0, 355, False, 1
3223,0, 355, False, 1
3224,0, 355, False, 0
3225,0, 355, False, 0
3226,0, 355, False, 0
3227,0, 355, False, 0
3228,0, 355, False, 0
3229,0, 355, False, 0
3230,0, 355, False, 0
3231,0, 355, False, 0
3232,0, 355, False, 0
3233,0, 355, False, 0
3234,0, 355, False, 0
3235,0, 355, False, 0
3236,0, 355, False, 0
3237,0, 355, False, 0
3238,0, 355, False, 0
3239,0, 355, False, 0
3240,0, 355, False, 0
3241,0, 355, False, 0
3242,0, 355, False, 0
3243,0, 355, False, 0
3244,0, 355, False, 0
3245,0, 355, False, 0
3246,0, 355, False, 0
3247,0, 355, False, 0
3248,0, 355, False, 0
3249,25, 380, False, 0
3250,0, 380, False, 0
3251,0, 380, False, 0
3252,0, 380, False, 0
3253,0, 380, False, 0
3254,0, 380, False, 0
3255,0, 380, False, 0
3256,0, 380, False, 0
3257,0, 380, False, 0
3258,0, 380, False, 0
3259,0, 380, False, 0
3260,0, 380, False, 1
3261,0, 380, False, 1
3262,0, 380, False, 1
3263,0, 380, False, 1
3264,0, 380, False, 1
3265,0, 380, False, 0
3266,0, 380, False, 0
3267,0, 380, False, 0
3268,0, 380, False, 0
3269,0, 380, False, 0
3270,0, 380, False, 0
3271,0, 380, False, 0
3272,0, 380, False, 0
3273,0, 380, False, 0
3274,0, 380, False, 0
3275,0, 380, False, 0
3276,0, 380, False, 0
3277,0, 380, False, 0
3278,0, 380, False, 0
3279,0, 380, False, 0
3280,0, 380, False, 0
3281,0, 380, False, 0
3282,0, 380, False, 0
3283,0, 380, False, 0
3284,0, 380, False, 0
3285,0, 380, False, 0
3286,0, 380, False, 0
3287,0, 380, False, 0
3288,0, 380, False, 0
3289,0, 380, False, 0
3290,0, 380, False, 0
3291,0, 380, False, 0
3292,0, 380, False, 0
3293,0, 380, False, 0
3294,0, 380, False, 0
3295,30, 410, False, 0
3296,0, 410, False, 3
3297,0, 410, False, 3
3298,0, 410, False, 3
3299,0, 410, False, 3
3300,0, 410, False, 3
3301,0, 410, False, 3
3302,0, 410, False, 3
3303,0, 410, False, 3
3304,0, 410, False, 3
3305,0, 410, False, 3
3306,0, 410, False, 3
3307,0, 410, False, 3
3308,0, 410, False, 3
3309,0, 410, False, 0
3310,0, 410, False, 0
3311,0, 410, False, 0
3312,0, 410, False, 0
3313,0, 410, False, 0
3314,0, 410, False, 0
3315,0, 410, False, 0
3316,0, 410, False, 0
3317,0, 410, False, 0
3318,0, 410, False, 0
3319,0, 410, False, 0
3320,0, 410, False, 0
3321,0, 410, False, 0
3322,0, 410, False, 0
3323,0, 410, False, 0
3324,0, 410, False, 0
3325,0, 410, False, 0
3326,0, 410, False, 0
3327,0, 410, False, 0
3328,0, 410, False, 0
3329,0, 410, False, 0
3330,0, 410, False, 0
3331,0, 410, False, 0
3332,0, 410, False, 0
3333,0, 410, False, 0
3334,0, 410, False, 0
3335,0, 410, False, 0
3336,0, 410, False, 0
3337,0, 410, False, 0
3338,0, 410, False, 0
3339,0, 410, False, 0
3340,0, 410, False, 0
3341,0, 410, False, 0
3342,0, 410, False, 0
3343,0, 410, False, 0
3344,0, 410, False, 0
3345,0, 410, False, 0
3346,0, 410, False, 0
3347,0, 410, False, 3
3348,0, 410, False, 3
3349,0, 410, False, 3
3350,0, 410, False, 3
3351,0, 410, False, 3
3352,0, 410, False, 3
3353,0, 410, False, 3
3354,0, 410, False, 3
3355,0, 410, False, 3
3356,0, 410, False, 3
3357,0, 410, False, 3
3358,0, 410, False, 3
3359,0, 410, False, 3
3360,0, 410, False, 3
3361,0, 410, False, 3
3362,0, 410, False, 3
3363,0, 410, False, 3
3364,0, 410, False, 3
3365,0, 410, False, 3
3366,0, 410, False, 3
3367,0, 410, False, 3
3368,0, 410, False, 3
3369,0, 410, False, 3
3370,0, 410, False, 1
3371,0, 410, False, 1
3372,0, 410, False, 1
3373,0, 410, False, 1
3374,0, 410, False, 1
3375,0, 410, False, 1
3376,0, 410, False, 0
3377,0, 410, False, 0
3378,0, 410, False, 0
3379,0, 410, False, 0
3380,0, 410, False, 0
3381,0, 410, False, 0
3382,0, 410, False, 0
3383,0, 410, False, 0
3384,0, 410, False, 0
3385,0, 410, False, 0
3386,0, 410, False, 0
3387,0, 410, False, 0
3388,0, 410, False, 0
3389,0, 410, False, 0
3390,0, 410, False, 0
3391,0, 410, False, 0
3392,0, 410, False, 0
3393,0, 410, False, 0
3394,0, 410, False, 0
3395,25, 435, False, 0
3396,0, 435, False, 0
3397,0, 435, False, 0
3398,0, 435, False, 0
3399,0, 435, False, 0
3400,0, 435, False, 0
3401,0, 435, False, 0
3402,0, 435, False, 0
3403,0, 435, False, 0
3404,0, 435, False, 0
3405,0, 435, False, 0
3406,0, 435, False, 0
3407,0, 435, False, 1
3408,0, 435, False, 1
3409,0, 435, False, 1
3410,0, 435, False, 1
3411,0, 435, False, 1
3412,0, 435, False, 1
3413,0, 435, False, 1
3414,0, 435, False, 1
3415,0, 435, False, 0
3416,0, 435, False, 0
3417,0, 435, False, 0
3418,0, 435, False, 0
3419,0, 435, False, 0
3420,0, 435, False, 0
3421,0, 435, False, 0
3422,0, 435, False, 0
3423,0, 435, False, 0
3424,0, 435, False, 0
3425,0, 435, False, 0
3426,0, 435, False, 0
3427,0, 435, False, 0
3428,0, 435, False, 0
3429,0, 435, False, 0
3430,0, 435, False, 0
3431,0, 435, False, 0
3432,0, 435, False, 0
3433,0, 435, False, 0
3434,0, 435, False, 0
3435,0, 435, False, 0
3436,0, 435, False, 0
3437,0, 435, False, 0
3438,0, 435, False, 0
3439,0, 435, False, 0
3440,0, 435, False, 0
3441,0, 435, False, 0
3442,0, 435, False, 0
3443,0, 435, False, 3
3444,0, 435, False, 3
3445,0, 435, False, 3
3446,0, 435, False, 3
3447,0, 435, False, 3
3448,0, 435, False, 3
3449,0, 435, False, 3
3450,0, 435, False, 3
3451,0, 435, False, 3
3452,0, 435, False, 3
3453,0, 435, False, 3
3454,0, 435, False, 3
3455,0, 435, False, 3
3456,0, 435, False, 3
3457,0, 435, False, 3
3458,0, 435, False, 3
3459,0, 435, False, 0
3460,0, 435, False, 0
3461,0, 435, False, 0
3462,0, 435, False, 0
3463,0, 435, False, 0
3464,0, 435, False, 0
3465,0, 435, False, 0
3466,0, 435, False, 0
3467,0, 435, False, 0
3468,0, 435, False, 0
3469,0, 435, False, 0
3470,0, 435, False, 4
3471,0, 435, False, 4
3472,0, 435, False, 4
3473,0, 435, False, 4
3474,0, 435, False, 4
3475,0, 435, False, 4
3476,0, 435, False, 4
3477,0, 435, False, 4
3478,0, 435, False, 4
3479,0, 435, False, 4
3480,0, 435, False, 4
3481,0, 435, False, 4
3482,0, 435, False, 4
3483,0, 435, False, 4
3484,0, 435, False, 0
3485,0, 435, False, 0
3486,0, 435, False, 0
3487,0, 435, False, 0
3488,0, 435, False, 0
3489,0, 435, False, 0
3490,0, 435, False, 0
3491,0, 435, False, 0
3492,0, 435, False, 1
3493,0, 435, False, 1
3494,0, 435, False, 1
3495,0, 435, False, 1
3496,0, 435, False, 1
3497,0, 435, False, 1
3498,0, 435, False, 1
3499,0, 435, False, 0
3500,0, 435, False, 0
3501,0, 435, False, 0
3502,0, 435, False, 0
3503,0, 435, False, 0
3504,0, 435, False, 0
3505,0, 435, False, 0
3506,0, 435, False, 0
3507,0, 435, False, 0
3508,0, 435, False, 0
3509,0, 435, False, 0
3510,0, 435, False, 0
3511,0, 435, False, 0
3512,0, 435, False, 3
3513,25, 460, False, 3
3514,0, 460, False, 3
3515,0, 460, False, 3
3516,0, 460, False, 3
3517,0, 460, False, 3
3518,0, 460, False, 3
3519,0, 460, False, 3
3520,0, 460, False, 3
3521,0, 460, False, 3
3522,0, 460, False, 3
3523,0, 460, False, 3
3524,0, 460, False, 3
3525,0, 460, False, 3
3526,0, 460, False, 3
3527,0, 460, False, 3
3528,0, 460, False, 3
3529,0, 460, False, 3
3530,0, 460, False, 3
3531,0, 460, False, 3
3532,0, 460, False, 3
3533,0, 460, False, 3
3534,0, 460, False, 3
3535,0, 460, False, 3
3536,0, 460, False, 3
3537,0, 460, False, 3
3538,0, 460, False, 3
3539,0, 460, False, 3
3540,0, 460, False, 3
3541,0, 460, False, 3
3542,0, 460, False, 3
3543,0, 460, False, 3
3544,0, 460, False, 3
3545,0, 460, False, 3
3546,0, 460, False, 3
3547,0, 460, False, 3
3548,0, 460, False, 3
3549,0, 460, False, 3
3550,0, 460, False, 3
3551,0, 460, False, 3
3552,0, 460, False, 3
3553,0, 460, False, 3
3554,0, 460, False, 3
3555,0, 460, False, 3
3556,0, 460, False, 3
3557,0, 460, False, 3
3558,0, 460, False, 3
3559,0, 460, False, 3
3560,0, 460, False, 3
3561,0, 460, False, 3
3562,0, 460, False, 3
3563,0, 460, False, 3
3564,0, 460, False, 3
3565,0, 460, False, 3
3566,0, 460, False, 3
3567,0, 460, False, 3
3568,0, 460, False, 3
3569,0, 460, False, 3
3570,0, 460, False, 3
3571,0, 460, False, 3
3572,0, 460, False, 3
3573,0, 460, False, 3
3574,0, 460, False, 3
3575,0, 460, False, 3
3576,0, 460, False, 3
3577,0, 460, False, 3
3578,0, 460, False, 3
3579,0, 460, False, 3
3580,0, 460, False, 3
3581,0, 460, False, 3
3582,0, 460, False, 3
3583,0, 460, False, 3
3584,0, 460, False, 3
3585,0, 460, False, 3
3586,0, 460, False, 3
3587,0, 460, False, 3
3588,0, 460, False, 3
3589,0, 460, False, 3
3590,0, 460, False, 3
3591,0, 460, False, 3
3592,0, 460, False, 3
3593,0, 460, False, 3
3594,0, 460, False, 0
3595,0, 460, False, 0
3596,0, 460, False, 1
3597,0, 460, False, 1
3598,0, 460, False, 1
3599,0, 460, False, 0
3600,0, 460, False, 0
3601,0, 460, False, 0
3602,0, 460, False, 0
3603,0, 460, False, 0
3604,0, 460, False, 0
3605,0, 460, False, 0
3606,0, 460, False, 0
3607,0, 460, False, 0
3608,0, 460, False, 0
3609,0, 460, False, 0
3610,0, 460, False, 0
3611,0, 460, False, 0
3612,0, 460, False, 0
3613,0, 460, False, 0
3614,0, 460, False, 0
3615,0, 460, False, 3
3616,0, 460, False, 3
3617,25, 485, False, 3
3618,0, 485, False, 3
3619,0, 485, False, 3
3620,0, 485, False, 3
3621,0, 485, False, 3
3622,0, 485, False, 3
3623,0, 485, False, 3
3624,0, 485, False, 3
3625,0, 485, False, 3
3626,0, 485, False, 3
3627,0, 485, False, 3
3628,0, 485, False, 3
3629,0, 485, False, 3
3630,0, 485, False, 3
3631,0, 485, False, 3
3632,0, 485, False, 3
3633,0, 485, False, 3
3634,0, 485, False, 3
3635,0, 485, False, 3
3636,0, 485, False, 3
3637,0, 485, False, 3
3638,0, 485, False, 3
3639,0, 485, False, 3
3640,0, 485, False, 3
3641,0, 485, False, 3
3642,0, 485, False, 3
3643,0, 485, False, 3
3644,0, 485, False, 3
3645,0, 485, False, 3
3646,0, 485, False, 3
3647,0, 485, False, 3
3648,0, 485, False, 3
3649,0, 485, False, 3
3650,0, 485, False, 3
3651,0, 485, False, 3
3652,0, 485, False, 3
3653,0, 485, False, 3
3654,0, 485, False, 3
3655,0, 485, False, 3
3656,0, 485, False, 3
3657,0, 485, False, 3
3658,0, 485, False, 3
3659,0, 485, False, 3
3660,0, 485, False, 3
3661,0, 485, False, 3
3662,0, 485, False, 3
3663,0, 485, False, 3
3664,0, 485, False, 3
3665,0, 485, False, 3
3666,0, 485, False, 3
3667,0, 485, False, 3
3668,0, 485, False, 3
3669,0, 485, False, 3
3670,0, 485, False, 3
3671,0, 485, False, 1
3672,0, 485, False, 1
3673,0, 485, False, 1
3674,0, 485, False, 1
3675,0, 485, False, 0
3676,0, 485, False, 0
3677,0, 485, False, 0
3678,0, 485, False, 0
3679,0, 485, False, 0
3680,0, 485, False, 0
3681,0, 485, False, 0
3682,0, 485, False, 0
3683,0, 485, False, 0
3684,0, 485, False, 0
3685,0, 485, False, 0
3686,0, 485, False, 0
3687,0, 485, False, 0
3688,0, 485, False, 0
3689,0, 485, False, 0
3690,0, 485, False, 0
3691,0, 485, False, 0
3692,0, 485, False, 0
3693,0, 485, False, 0
3694,0, 485, False, 0
3695,0, 485, False, 0
3696,0, 485, False, 0
3697,0, 485, False, 0
3698,0, 485, False, 0
3699,0, 485, False, 0
3700,0, 485, False, 0
3701,0, 485, False, 0
3702,0, 485, False, 0
3703,0, 485, False, 0
3704,0, 485, False, 0
3705,0, 485, False, 0
3706,0, 485, False, 0
3707,0, 485, False, 0
3708,0, 485, False, 0
3709,0, 485, False, 0
3710,0, 485, False, 0
3711,0, 485, False, 0
3712,0, 485, False, 0
3713,0, 485, False, 0
3714,0, 485, False, 0
3715,0, 485, False, 0
3716,0, 485, False, 0
3717,0, 485, False, 0
3718,0, 485, False, 0
3719,0, 485, False, 0
3720,0, 485, False, 0
3721,0, 485, False, 0
3722,0, 485, False, 0
3723,0, 485, False, 0
3724,0, 485, False, 0
3725,0, 485, False, 0
3726,0, 485, False, 0
3727,0, 485, False, 0
3728,0, 485, False, 0
3729,0, 485, False, 0
3730,0, 485, False, 0
3731,0, 485, False, 0
3732,0, 485, False, 0
3733,0, 485, False, 0
3734,0, 485, False, 0
3735,0, 485, False, 0
3736,0, 485, False, 0
3737,0, 485, False, 0
3738,0, 485, False, 0
3739,0, 485, False, 0
3740,0, 485, False, 0
3741,0, 485, False, 0
3742,0, 485, False, 0
3743,0, 485, False, 0
3744,0, 485, False, 0
3745,0, 485, False, 0
3746,0, 485, False, 0
3747,0, 485, False, 0
3748,0, 485, False, 0
3749,0, 485, False, 0
3750,0, 485, False, 0
3751,0, 485, False, 0
3752,0, 485, False, 0
3753,0, 485, False, 0
3754,0, 485, False, 0
3755,0, 485, False, 0
3756,0, 485, False, 0
3757,0, 485, False, 0
3758,0, 485, False, 0
3759,0, 485, False, 0
3760,0, 485, False, 0
3761,0, 485, False, 0
3762,0, 485, False, 0
3763,0, 485, False, 0
3764,0, 485, False, 0
3765,0, 485, False, 0
3766,0, 485, False, 0
3767,0, 485, False, 0
3768,0, 485, False, 0
3769,0, 485, False, 0
3770,0, 485, False, 0
3771,0, 485, False, 0
3772,0, 485, False, 0
3773,0, 485, False, 0
3774,0, 485, False, 0
3775,0, 485, False, 0
3776,0, 485, False, 0
3777,0, 485, False, 0
3778,0, 485, False, 0
3779,0, 485, False, 0
3780,0, 485, False, 1
3781,0, 485, False, 1
3782,0, 485, False, 1
3783,0, 485, False, 1
3784,0, 485, False, 1
3785,0, 485, False, 1
3786,0, 485, False, 1
3787,0, 485, False, 0
3788,0, 485, False, 0
3789,0, 485, False, 0
3790,0, 485, False, 0
3791,0, 485, False, 0
3792,0, 485, False, 0
3793,0, 485, False, 0
3794,0, 485, False, 0
3795,0, 485, False, 0
3796,0, 485, False, 0
3797,25, 510, False, 0
3798,0, 510, False, 0
3799,0, 510, False, 0
3800,0, 510, False, 0
3801,0, 510, False, 0
3802,0, 510, False, 0
3803,0, 510, False, 0
3804,0, 510, False, 0
3805,0, 510, False, 0
3806,0, 510, False, 0
3807,0, 510, False, 0
3808,0, 510, False, 0
3809,0, 510, False, 0
3810,0, 510, False, 0
3811,0, 510, False, 1
3812,0, 510, False, 1
3813,0, 510, False, 1
3814,0, 510, False, 1
3815,0, 510, False, 1
3816,0, 510, False, 1
3817,0, 510, False, 1
3818,0, 510, False, 0
3819,0, 510, False, 0
3820,0, 510, False, 0
3821,0, 510, False, 0
3822,0, 510, False, 0
3823,0, 510, False, 0
3824,0, 510, False, 0
3825,0, 510, False, 0
3826,0, 510, False, 0
3827,0, 510, False, 0
3828,0, 510, False, 0
3829,0, 510, False, 0
3830,0, 510, False, 0
3831,0, 510, False, 0
3832,0, 510, False, 0
3833,0, 510, False, 0
3834,0, 510, False, 0
3835,0, 510, False, 0
3836,0, 510, False, 4
3837,0, 510, False, 4
3838,0, 510, False, 4
3839,0, 510, False, 4
3840,0, 510, False, 4
3841,0, 510, False, 4
3842,0, 510, False, 4
3843,0, 510, False, 4
3844,0, 510, False, 4
3845,0, 510, False, 4
3846,0, 510, False, 4
3847,0, 510, False, 4
3848,0, 510, False, 4
3849,0, 510, False, 4
3850,0, 510, False, 4
3851,0, 510, False, 4
3852,0, 510, False, 4
3853,0, 510, False, 4
3854,0, 510, False, 4
3855,0, 510, False, 4
3856,0, 510, False, 4
3857,0, 510, False, 4
3858,0, 510, False, 4
3859,0, 510, False, 4
3860,0, 510, False, 4
3861,0, 510, False, 4
3862,0, 510, False, 4
3863,0, 510, False, 4
3864,0, 510, False, 4
3865,0, 510, False, 4
3866,0, 510, False, 4
3867,0, 510, False, 4
3868,0, 510, False, 4
3869,0, 510, False, 4
3870,0, 510, False, 4
3871,0, 510, False, 4
3872,0, 510, False, 4
3873,0, 510, False, 0
3874,0, 510, False, 0
3875,0, 510, False, 0
3876,0, 510, False, 0
3877,0, 510, False, 0
3878,0, 510, False, 0
3879,0, 510, False, 4
3880,0, 510, False, 4
3881,0, 510, False, 4
3882,0, 510, False, 4
3883,0, 510, False, 4
3884,0, 510, False, 4
3885,0, 510, False, 4
3886,0, 510, False, 4
3887,0, 510, False, 4
3888,0, 510, False, 4
3889,0, 510, False, 4
3890,0, 510, False, 4
3891,0, 510, False, 0
3892,0, 510, False, 0
3893,0, 510, False, 0
3894,0, 510, False, 1
3895,0, 510, False, 1
3896,0, 510, False, 1
3897,0, 510, False, 1
3898,0, 510, False, 0
3899,0, 510, False, 0
3900,0, 510, False, 0
3901,0, 510, False, 0
3902,0, 510, False, 0
3903,0, 510, False, 0
3904,0, 510, False, 0
3905,0, 510, False, 0
3906,0, 510, False, 0
3907,0, 510, False, 0
3908,0, 510, False, 0
3909,0, 510, False, 0
3910,0, 510, False, 0
3911,0, 510, False, 0
3912,0, 510, False, 0
3913,0, 510, False, 0
3914,0, 510, False, 0
3915,0, 510, False, 0
3916,0, 510, False, 0
3917,0, 510, False, 0
3918,0, 510, False, 0
3919,0, 510, False, 0
3920,0, 510, False, 0
3921,30, 540, False, 0
3922,0, 540, False, 0
3923,0, 540, False, 0
3924,0, 540, False, 0
3925,0, 540, False, 0
3926,0, 540, False, 0
3927,0, 540, False, 0
3928,0, 540, False, 4
3929,0, 540, False, 4
3930,0, 540, False, 4
3931,0, 540, False, 4
3932,0, 540, False, 4
3933,0, 540, False, 4
3934,0, 540, False, 4
3935,0, 540, False, 4
3936,0, 540, False, 4
3937,0, 540, False, 4
3938,0, 540, False, 4
3939,0, 540, False, 4
3940,0, 540, False, 4
3941,0, 540, False, 4
3942,0, 540, False, 4
3943,0, 540, False, 4
3944,0, 540, False, 4
3945,0, 540, False, 4
3946,0, 540, False, 4
3947,0, 540, False, 4
3948,0, 540, False, 4
3949,0, 540, False, 4
3950,0, 540, False, 4
3951,0, 540, False, 4
3952,0, 540, False, 4
3953,0, 540, False, 4
3954,0, 540, False, 4
3955,0, 540, False, 4
3956,0, 540, False, 4
3957,0, 540, False, 4
3958,0, 540, False, 4
3959,0, 540, False, 4
3960,0, 540, False, 4
3961,0, 540, False, 4
3962,0, 540, False, 4
3963,0, 540, False, 4
3964,0, 540, False, 4
3965,0, 540, False, 0
3966,0, 540, False, 0
3967,0, 540, False, 0
3968,0, 540, False, 3
3969,0, 540, False, 3
3970,0, 540, False, 3
3971,0, 540, False, 3
3972,0, 540, False, 3
3973,0, 540, False, 3
3974,0, 540, False, 3
3975,0, 540, False, 3
3976,0, 540, False, 3
3977,0, 540, False, 3
3978,0, 540, False, 3
3979,0, 540, False, 3
3980,0, 540, False, 3
3981,0, 540, False, 3
3982,0, 540, False, 3
3983,0, 540, False, 3
3984,0, 540, False, 3
3985,0, 540, False, 3
3986,0, 540, False, 3
3987,0, 540, False, 3
3988,0, 540, False, 3
3989,0, 540, False, 3
3990,0, 540, False, 3
3991,0, 540, False, 3
3992,0, 540, False, 3
3993,0, 540, False, 3
3994,0, 540, False, 3
3995,0, 540, False, 3
3996,0, 540, False, 3
3997,0, 540, False, 3
3998,0, 540, False, 3
3999,0, 540, False, 3
4000,0, 540, False, 11
4001,0, 540, False, 1
4002,0, 540, False, 1
4003,0, 540, False, 1
4004,0, 540, False, 1
4005,0, 540, False, 1
4006,0, 540, False, 0
4007,0, 540, False, 0
4008,0, 540, False, 0
4009,0, 540, False, 0
4010,0, 540, False, 0
4011,0, 540, False, 0
4012,0, 540, False, 0
4013,0, 540, False, 0
4014,0, 540, False, 0
4015,0, 540, False, 0
4016,0, 540, False, 0
4017,0, 540, False, 0
4018,0, 540, False, 0
4019,0, 540, False, 0
4020,0, 540, False, 0
4021,30, 570, False, 0
4022,0, 570, False, 0
4023,0, 570, False, 0
4024,0, 570, False, 0
4025,0, 570, False, 0
4026,0, 570, False, 0
4027,0, 570, False, 0
4028,0, 570, False, 0
4029,0, 570, False, 0
4030,0, 570, False, 0
4031,0, 570, False, 0
4032,0, 570, False, 1
4033,0, 570, False, 1
4034,0, 570, False, 1
4035,0, 570, False, 1
4036,0, 570, False, 1
4037,0, 570, False, 1
4038,0, 570, False, 0
4039,0, 570, False, 0
4040,0, 570, False, 0
4041,0, 570, False, 0
4042,0, 570, False, 0
4043,0, 570, False, 0
4044,0, 570, False, 0
4045,0, 570, False, 0
4046,0, 570, False, 0
4047,0, 570, False, 0
4048,0, 570, False, 0
4049,0, 570, False, 0
4050,0, 570, False, 0
4051,0, 570, False, 0
4052,0, 570, False, 0
4053,30, 600, False, 0
4054,0, 600, False, 0
4055,0, 600, False, 0
4056,0, 600, False, 3
4057,0, 600, False, 3
4058,0, 600, False, 3
4059,0, 600, False, 3
4060,0, 600, False, 3
4061,0, 600, False, 3
4062,0, 600, False, 3
4063,0, 600, False, 3
4064,0, 600, False, 3
4065,0, 600, False, 3
4066,0, 600, False, 3
4067,0, 600, False, 3
4068,0, 600, False, 3
4069,0, 600, False, 3
4070,0, 600, False, 3
4071,0, 600, False, 3
4072,0, 600, False, 3
4073,0, 600, False, 3
4074,0, 600, False, 3
4075,0, 600, False, 0
4076,0, 600, False, 0
4077,0, 600, False, 1
4078,0, 600, False, 1
4079,0, 600, False, 1
4080,0, 600, False, 1
4081,0, 600, False, 1
4082,0, 600, False, 1
4083,0, 600, False, 0
4084,0, 600, False, 0
4085,0, 600, False, 0
4086,0, 600, False, 0
4087,0, 600, False, 0
4088,0, 600, False, 0
4089,0, 600, False, 0
4090,0, 600, False, 0
4091,0, 600, False, 0
4092,0, 600, False, 0
4093,0, 600, False, 0
4094,0, 600, False, 0
4095,0, 600, False, 0
4096,0, 600, False, 0
4097,0, 600, False, 0
4098,0, 600, False, 0
4099,0, 600, False, 0
4100,0, 600, False, 0
4101,0, 600, False, 0
4102,0, 600, False, 0
4103,0, 600, False, 0
4104,0, 600, False, 0
4105,0, 600, False, 0
4106,0, 600, False, 0
4107,0, 600, False, 0
4108,0, 600, False, 0
4109,0, 600, False, 0
4110,0, 600, False, 0
4111,0, 600, False, 0
4112,0, 600, False, 0
4113,0, 600, False, 0
4114,0, 600, False, 0
4115,0, 600, False, 0
4116,0, 600, False, 0
4117,0, 600, False, 0
4118,0, 600, False, 0
4119,0, 600, False, 0
4120,0, 600, False, 0
4121,0, 600, False, 1
4122,0, 600, False, 1
4123,0, 600, False, 1
4124,0, 600, False, 1
4125,0, 600, False, 1
4126,0, 600, False, 0
4127,0, 600, False, 0
4128,0, 600, False, 0
4129,0, 600, False, 0
4130,0, 600, False, 0
4131,0, 600, False, 0
4132,0, 600, False, 0
4133,0, 600, False, 0
4134,0, 600, False, 0
4135,0, 600, False, 0
4136,0, 600, False, 0
4137,0, 600, False, 0
4138,0, 600, False, 0
4139,0, 600, False, 0
4140,0, 600, False, 0
4141,0, 600, False, 0
4142,0, 600, False, 0
4143,0, 600, False, 0
4144,0, 600, False, 0
4145,0, 600, False, 0
4146,0, 600, False, 0
4147,0, 600, False, 0
4148,0, 600, False, 0
4149,0, 600, False, 0
4150,0, 600, False, 4
4151,0, 600, False, 4
4152,0, 600, False, 4
4153,0, 600, False, 4
4154,0, 600, False, 4
4155,0, 600, False, 4
4156,0, 600, False, 4
4157,0, 600, False, 4
4158,0, 600, False, 4
4159,0, 600, False, 4
4160,0, 600, False, 4
4161,0, 600, False, 4
4162,0, 600, False, 4
4163,0, 600, False, 4
4164,0, 600, False, 4
4165,0, 600, False, 0
4166,0, 600, False, 0
4167,0, 600, False, 0
4168,0, 600, False, 0
4169,0, 600, False, 3
4170,0, 600, False, 3
4171,0, 600, False, 3
4172,0, 600, False, 3
4173,0, 600, False, 3
4174,0, 600, False, 3
4175,0, 600, False, 3
4176,0, 600, False, 3
4177,0, 600, False, 3
4178,0, 600, False, 3
4179,0, 600, False, 3
4180,0, 600, False, 3
4181,0, 600, False, 3
4182,0, 600, False, 3
4183,0, 600, False, 3
4184,0, 600, False, 0
4185,0, 600, False, 0
4186,0, 600, False, 0
4187,0, 600, False, 0
4188,0, 600, False, 0
4189,0, 600, False, 0
4190,0, 600, False, 0
4191,0, 600, False, 0
4192,0, 600, False, 0
4193,0, 600, False, 0
4194,0, 600, False, 0
4195,0, 600, False, 0
4196,0, 600, False, 0
4197,0, 600, False, 0
4198,0, 600, False, 0
4199,0, 600, False, 0
4200,0, 600, False, 0
4201,0, 600, False, 0
4202,0, 600, False, 0
4203,0, 600, False, 0
4204,0, 600, False, 0
4205,0, 600, False, 0
4206,0, 600, False, 0
4207,0, 600, False, 0
4208,0, 600, False, 0
4209,0, 600, False, 0
4210,0, 600, False, 0
4211,0, 600, False, 0
4212,0, 600, False, 0
4213,0, 600, False, 0
4214,0, 600, False, 0
4215,0, 600, False, 0
4216,0, 600, False, 0
4217,0, 600, False, 0
4218,0, 600, False, 0
4219,0, 600, False, 0
4220,0, 600, False, 0
4221,0, 600, False, 0
4222,0, 600, False, 0
4223,0, 600, False, 0
4224,0, 600, False, 0
4225,0, 600, False, 0
4226,0, 600, False, 0
4227,0, 600, False, 0
4228,0, 600, False, 0
4229,0, 600, False, 0
4230,0, 600, False, 0
4231,0, 600, False, 0
4232,0, 600, False, 0
4233,0, 600, False, 0
4234,0, 600, False, 0
4235,0, 600, False, 0
4236,0, 600, False, 0
4237,0, 600, False, 0
4238,0, 600, False, 0
4239,0, 600, False, 0
4240,0, 600, False, 0
4241,0, 600, False, 0
4242,0, 600, False, 0
4243,0, 600, False, 0
4244,0, 600, False, 0
4245,0, 600, False, 0
4246,0, 600, False, 0
4247,0, 600, False, 0
4248,0, 600, False, 0
4249,0, 600, False, 0
4250,0, 600, False, 0
4251,0, 600, False, 0
4252,0, 600, False, 0
4253,0, 600, False, 0
4254,0, 600, False, 0
4255,0, 600, False, 0
4256,0, 600, False, 0
4257,0, 600, False, 0
4258,0, 600, False, 0
4259,0, 600, False, 0
4260,0, 600, False, 0
4261,0, 600, False, 0
4262,0, 600, False, 0
4263,0, 600, False, 0
4264,0, 600, False, 0
4265,0, 600, False, 0
4266,0, 600, False, 0
4267,0, 600, False, 0
4268,0, 600, False, 0
4269,0, 600, False, 0
4270,0, 600, False, 0
4271,0, 600, False, 0
4272,0, 600, False, 0
4273,0, 600, False, 0
4274,0, 600, False, 0
4275,0, 600, False, 0
4276,0, 600, False, 0
4277,0, 600, False, 0
4278,0, 600, False, 0
4279,0, 600, False, 0
4280,0, 600, False, 0
4281,0, 600, False, 0
4282,0, 600, False, 0
4283,0, 600, False, 0
4284,0, 600, False, 0
4285,0, 600, False, 0
4286,0, 600, False, 0
4287,0, 600, False, 0
4288,0, 600, False, 0
4289,0, 600, False, 0
4290,0, 600, False, 0
4291,0, 600, False, 0
4292,0, 600, False, 0
4293,0, 600, False, 0
4294,0, 600, False, 0
4295,0, 600, False, 0
4296,0, 600, False, 0
4297,0, 600, False, 0
4298,0, 600, False, 0
4299,0, 600, False, 0
4300,0, 600, False, 0
4301,0, 600, False, 0
4302,0, 600, False, 0
4303,0, 600, False, 0
4304,0, 600, False, 0
4305,0, 600, False, 0
4306,0, 600, False, 0
4307,0, 600, False, 0
4308,0, 600, False, 0
4309,0, 600, False, 0
4310,0, 600, False, 0
4311,0, 600, False, 0
4312,0, 600, False, 0
4313,0, 600, False, 0
4314,0, 600, False, 0
4315,0, 600, False, 0
4316,0, 600, False, 0
4317,0, 600, False, 0
4318,0, 600, False, 0
4319,0, 600, False, 0
4320,0, 600, False, 0
4321,0, 600, False, 0
4322,0, 600, False, 0
4323,0, 600, False, 0
4324,0, 600, False, 0
4325,0, 600, False, 0
4326,0, 600, False, 0
4327,0, 600, False, 0
4328,0, 600, False, 0
4329,0, 600, False, 0
4330,0, 600, False, 0
4331,0, 600, False, 0
4332,0, 600, False, 0
4333,0, 600, False, 0
4334,0, 600, False, 0
4335,0, 600, False, 0
4336,0, 600, False, 0
4337,0, 600, False, 3
4338,0, 600, False, 3
4339,0, 600, False, 3
4340,0, 600, False, 3
4341,0, 600, False, 3
4342,0, 600, False, 3
4343,0, 600, False, 3
4344,0, 600, False, 3
4345,0, 600, False, 3
4346,0, 600, False, 3
4347,0, 600, False, 3
4348,0, 600, False, 3
4349,0, 600, False, 3
4350,0, 600, False, 0
4351,0, 600, False, 0
4352,0, 600, False, 0
4353,0, 600, False, 0
4354,0, 600, False, 0
4355,0, 600, False, 0
4356,0, 600, False, 3
4357,0, 600, False, 3
4358,0, 600, False, 3
4359,0, 600, False, 3
4360,0, 600, False, 3
4361,0, 600, False, 3
4362,0, 600, False, 3
4363,0, 600, False, 3
4364,0, 600, False, 3
4365,0, 600, False, 3
4366,0, 600, False, 3
4367,0, 600, False, 3
4368,0, 600, False, 3
4369,0, 600, False, 3
4370,0, 600, False, 3
4371,0, 600, False, 3
4372,0, 600, False, 3
4373,0, 600, False, 3
4374,0, 600, False, 3
4375,0, 600, False, 3
4376,0, 600, False, 3
4377,0, 600, False, 3
4378,0, 600, False, 3
4379,0, 600, False, 3
4380,0, 600, False, 3
4381,0, 600, False, 3
4382,0, 600, False, 3
4383,0, 600, False, 3
4384,0, 600, False, 3
4385,0, 600, False, 3
4386,0, 600, False, 3
4387,0, 600, False, 3
4388,0, 600, False, 3
4389,0, 600, False, 3
4390,0, 600, False, 3
4391,0, 600, False, 3
4392,0, 600, False, 3
4393,0, 600, False, 3
4394,0, 600, False, 3
4395,0, 600, False, 3
4396,0, 600, False, 3
4397,0, 600, False, 3
4398,0, 600, False, 3
4399,0, 600, False, 3
4400,0, 600, False, 3
4401,0, 600, False, 3
4402,0, 600, False, 3
4403,0, 600, False, 3
4404,0, 600, False, 11
4405,0, 600, False, 11
4406,0, 600, False, 11
4407,0, 600, False, 11
4408,0, 600, False, 11
4409,0, 600, False, 11
4410,0, 600, False, 3
4411,0, 600, False, 3
4412,0, 600, False, 3
4413,0, 600, False, 3
4414,0, 600, False, 3
4415,0, 600, False, 3
4416,0, 600, False, 3
4417,0, 600, False, 3
4418,0, 600, False, 3
4419,0, 600, False, 3
4420,0, 600, False, 3
4421,0, 600, False, 3
4422,0, 600, False, 3
4423,0, 600, False, 3
4424,0, 600, False, 3
4425,0, 600, False, 3
4426,0, 600, False, 3
4427,0, 600, False, 3
4428,0, 600, False, 3
4429,0, 600, False, 3
4430,0, 600, False, 3
4431,0, 600, False, 3
4432,0, 600, False, 3
4433,0, 600, False, 3
4434,0, 600, False, 3
4435,0, 600, False, 3
4436,0, 600, False, 3
4437,0, 600, False, 3
4438,0, 600, False, 3
4439,0, 600, False, 3
4440,0, 600, False, 3
4441,0, 600, False, 3
4442,0, 600, False, 3
4443,0, 600, False, 3
4444,0, 600, False, 3
4445,0, 600, False, 3
4446,0, 600, False, 3
4447,0, 600, False, 3
4448,0, 600, False, 3
4449,0, 600, False, 3
4450,0, 600, False, 3
4451,0, 600, False, 3
4452,0, 600, False, 3
4453,0, 600, False, 3
4454,0, 600, False, 3
4455,0, 600, False, 3
4456,0, 600, False, 3
4457,0, 600, False, 3
4458,0, 600, False, 3
4459,0, 600, False, 3
4460,0, 600, False, 0
4461,0, 600, False, 0
4462,0, 600, False, 0
4463,0, 600, False, 0
4464,0, 600, False, 0
4465,0, 600, False, 0
4466,0, 600, False, 0
4467,0, 600, False, 0
4468,0, 600, False, 0
4469,0, 600, False, 0
4470,0, 600, False, 0
4471,0, 600, False, 0
4472,0, 600, False, 0
4473,0, 600, False, 0
4474,0, 600, False, 0
4475,0, 600, False, 0
4476,0, 600, False, 0
4477,0, 600, False, 0
4478,0, 600, False, 0
4479,0, 600, False, 0
4480,0, 600, False, 0
4481,0, 600, False, 0
4482,0, 600, False, 0
4483,0, 600, False, 0
4484,0, 600, False, 0
4485,0, 600, False, 0
4486,0, 600, False, 0
4487,0, 600, False, 0
4488,0, 600, False, 1
4489,0, 600, False, 1
4490,0, 600, False, 1
4491,0, 600, False, 1
4492,0, 600, False, 1
4493,0, 600, False, 1
4494,0, 600, False, 1
4495,0, 600, False, 0
4496,0, 600, False, 0
4497,0, 600, False, 0
4498,0, 600, False, 0
4499,0, 600, False, 0
4500,0, 600, False, 0
4501,0, 600, False, 0
4502,0, 600, False, 0
4503,0, 600, False, 0
4504,0, 600, False, 0
4505,0, 600, False, 0
4506,0, 600, False, 0
4507,0, 600, False, 0
4508,0, 600, False, 0
4509,0, 600, False, 0
4510,0, 600, False, 0
4511,0, 600, False, 0
4512,0, 600, False, 1
4513,0, 600, False, 1
4514,0, 600, False, 1
4515,0, 600, False, 1
4516,0, 600, False, 0
4517,0, 600, False, 0
4518,0, 600, False, 0
4519,0, 600, False, 0
4520,0, 600, False, 0
4521,0, 600, False, 0
4522,0, 600, False, 0
4523,0, 600, False, 0
4524,0, 600, False, 0
4525,0, 600, False, 0
4526,0, 600, False, 0
4527,0, 600, False, 0
4528,0, 600, False, 0
4529,0, 600, False, 0
4530,0, 600, False, 0
4531,0, 600, False, 0
4532,0, 600, False, 0
4533,0, 600, False, 0
4534,0, 600, False, 0
4535,0, 600, False, 0
4536,0, 600, False, 0
4537,0, 600, False, 0
4538,0, 600, False, 0
4539,0, 600, False, 0
4540,0, 600, False, 0
4541,0, 600, False, 0
4542,0, 600, False, 0
4543,0, 600, False, 0
4544,0, 600, False, 4
4545,0, 600, False, 4
4546,0, 600, False, 4
4547,0, 600, False, 4
4548,0, 600, False, 4
4549,0, 600, False, 4
4550,0, 600, True, 4
