db traj id : 2883
frame,reward,score,terminal, action
0,0, 0, False, 0
1,0, 0, False, 0
2,0, 0, False, 0
3,0, 0, False, 0
4,0, 0, False, 0
5,0, 0, False, 0
6,0, 0, False, 0
7,0, 0, False, 0
8,0, 0, False, 0
9,0, 0, False, 0
10,0, 0, False, 0
11,0, 0, False, 0
12,0, 0, False, 0
13,0, 0, False, 0
14,0, 0, False, 0
15,0, 0, False, 0
16,0, 0, False, 0
17,0, 0, False, 0
18,0, 0, False, 0
19,0, 0, False, 0
20,0, 0, False, 0
21,0, 0, False, 0
22,0, 0, False, 0
23,0, 0, False, 0
24,0, 0, False, 0
25,0, 0, False, 0
26,0, 0, False, 0
27,0, 0, False, 0
28,0, 0, False, 0
29,0, 0, False, 0
30,0, 0, False, 0
31,0, 0, False, 0
32,0, 0, False, 0
33,0, 0, False, 0
34,0, 0, False, 0
35,0, 0, False, 0
36,0, 0, False, 0
37,0, 0, False, 0
38,0, 0, False, 0
39,0, 0, False, 0
40,0, 0, False, 0
41,0, 0, False, 0
42,0, 0, False, 0
43,0, 0, False, 0
44,0, 0, False, 0
45,0, 0, False, 0
46,0, 0, False, 0
47,0, 0, False, 0
48,0, 0, False, 0
49,0, 0, False, 0
50,0, 0, False, 0
51,0, 0, False, 0
52,0, 0, False, 0
53,0, 0, False, 0
54,0, 0, False, 0
55,0, 0, False, 0
56,0, 0, False, 0
57,0, 0, False, 0
58,0, 0, False, 0
59,0, 0, False, 0
60,0, 0, False, 0
61,0, 0, False, 0
62,0, 0, False, 0
63,0, 0, False, 0
64,0, 0, False, 0
65,0, 0, False, 0
66,0, 0, False, 0
67,0, 0, False, 0
68,0, 0, False, 0
69,0, 0, False, 0
70,0, 0, False, 0
71,0, 0, False, 0
72,0, 0, False, 0
73,0, 0, False, 0
74,0, 0, False, 0
75,0, 0, False, 0
76,0, 0, False, 0
77,0, 0, False, 0
78,0, 0, False, 4
79,0, 0, False, 4
80,0, 0, False, 4
81,0, 0, False, 4
82,0, 0, False, 4
83,0, 0, False, 4
84,0, 0, False, 4
85,0, 0, False, 4
86,0, 0, False, 4
87,0, 0, False, 4
88,0, 0, False, 4
89,0, 0, False, 4
90,0, 0, False, 4
91,0, 0, False, 4
92,0, 0, False, 4
93,0, 0, False, 4
94,0, 0, False, 4
95,0, 0, False, 4
96,0, 0, False, 4
97,0, 0, False, 4
98,0, 0, False, 4
99,0, 0, False, 4
100,0, 0, False, 4
101,0, 0, False, 4
102,0, 0, False, 4
103,0, 0, False, 4
104,0, 0, False, 4
105,0, 0, False, 4
106,0, 0, False, 4
107,0, 0, False, 4
108,0, 0, False, 4
109,0, 0, False, 4
110,0, 0, False, 4
111,0, 0, False, 4
112,0, 0, False, 4
113,0, 0, False, 4
114,0, 0, False, 4
115,0, 0, False, 4
116,0, 0, False, 4
117,0, 0, False, 4
118,0, 0, False, 4
119,0, 0, False, 4
120,0, 0, False, 4
121,0, 0, False, 4
122,0, 0, False, 4
123,0, 0, False, 4
124,0, 0, False, 4
125,0, 0, False, 4
126,0, 0, False, 4
127,0, 0, False, 4
128,0, 0, False, 4
129,0, 0, False, 4
130,0, 0, False, 4
131,0, 0, False, 4
132,0, 0, False, 4
133,0, 0, False, 4
134,0, 0, False, 4
135,0, 0, False, 4
136,0, 0, False, 4
137,0, 0, False, 4
138,0, 0, False, 4
139,0, 0, False, 4
140,0, 0, False, 0
141,0, 0, False, 0
142,0, 0, False, 0
143,0, 0, False, 0
144,0, 0, False, 0
145,0, 0, False, 0
146,0, 0, False, 0
147,0, 0, False, 0
148,0, 0, False, 0
149,0, 0, False, 0
150,0, 0, False, 4
151,0, 0, False, 4
152,0, 0, False, 4
153,0, 0, False, 4
154,0, 0, False, 4
155,0, 0, False, 4
156,0, 0, False, 4
157,0, 0, False, 4
158,0, 0, False, 4
159,0, 0, False, 4
160,0, 0, False, 4
161,0, 0, False, 4
162,0, 0, False, 4
163,0, 0, False, 4
164,0, 0, False, 4
165,0, 0, False, 4
166,0, 0, False, 4
167,0, 0, False, 4
168,0, 0, False, 4
169,0, 0, False, 4
170,0, 0, False, 4
171,0, 0, False, 4
172,0, 0, False, 4
173,0, 0, False, 4
174,0, 0, False, 4
175,0, 0, False, 4
176,0, 0, False, 4
177,0, 0, False, 4
178,0, 0, False, 4
179,0, 0, False, 0
180,0, 0, False, 0
181,0, 0, False, 0
182,0, 0, False, 0
183,0, 0, False, 0
184,0, 0, False, 0
185,0, 0, False, 0
186,0, 0, False, 1
187,0, 0, False, 1
188,0, 0, False, 1
189,0, 0, False, 1
190,0, 0, False, 1
191,0, 0, False, 0
192,0, 0, False, 0
193,0, 0, False, 0
194,0, 0, False, 0
195,0, 0, False, 0
196,0, 0, False, 0
197,0, 0, False, 0
198,0, 0, False, 0
199,0, 0, False, 0
200,0, 0, False, 0
201,0, 0, False, 0
202,0, 0, False, 0
203,0, 0, False, 0
204,0, 0, False, 0
205,0, 0, False, 0
206,0, 0, False, 0
207,0, 0, False, 0
208,0, 0, False, 0
209,0, 0, False, 0
210,0, 0, False, 0
211,0, 0, False, 0
212,0, 0, False, 0
213,0, 0, False, 0
214,0, 0, False, 0
215,0, 0, False, 0
216,0, 0, False, 0
217,0, 0, False, 0
218,0, 0, False, 0
219,0, 0, False, 0
220,0, 0, False, 0
221,0, 0, False, 0
222,0, 0, False, 0
223,0, 0, False, 0
224,0, 0, False, 0
225,0, 0, False, 0
226,0, 0, False, 0
227,0, 0, False, 0
228,0, 0, False, 0
229,0, 0, False, 0
230,0, 0, False, 0
231,0, 0, False, 0
232,0, 0, False, 0
233,0, 0, False, 0
234,0, 0, False, 0
235,0, 0, False, 0
236,0, 0, False, 0
237,0, 0, False, 0
238,0, 0, False, 0
239,0, 0, False, 0
240,0, 0, False, 0
241,0, 0, False, 0
242,0, 0, False, 0
243,0, 0, False, 0
244,0, 0, False, 0
245,0, 0, False, 0
246,0, 0, False, 0
247,0, 0, False, 0
248,0, 0, False, 0
249,0, 0, False, 0
250,0, 0, False, 0
251,0, 0, False, 0
252,0, 0, False, 0
253,0, 0, False, 0
254,0, 0, False, 0
255,0, 0, False, 0
256,0, 0, False, 0
257,0, 0, False, 0
258,0, 0, False, 0
259,0, 0, False, 0
260,0, 0, False, 0
261,0, 0, False, 0
262,0, 0, False, 0
263,0, 0, False, 0
264,0, 0, False, 0
265,0, 0, False, 0
266,0, 0, False, 0
267,0, 0, False, 0
268,0, 0, False, 0
269,0, 0, False, 0
270,0, 0, False, 0
271,0, 0, False, 0
272,0, 0, False, 0
273,0, 0, False, 0
274,0, 0, False, 0
275,0, 0, False, 0
276,0, 0, False, 0
277,0, 0, False, 0
278,0, 0, False, 0
279,0, 0, False, 0
280,0, 0, False, 0
281,0, 0, False, 0
282,0, 0, False, 0
283,0, 0, False, 0
284,0, 0, False, 0
285,0, 0, False, 0
286,0, 0, False, 0
287,0, 0, False, 0
288,0, 0, False, 0
289,0, 0, False, 0
290,0, 0, False, 0
291,0, 0, False, 0
292,0, 0, False, 0
293,0, 0, False, 0
294,0, 0, False, 0
295,0, 0, False, 0
296,0, 0, False, 0
297,0, 0, False, 0
298,0, 0, False, 0
299,0, 0, False, 0
300,0, 0, False, 0
301,0, 0, False, 0
302,0, 0, False, 0
303,0, 0, False, 0
304,0, 0, False, 0
305,0, 0, False, 0
306,0, 0, False, 0
307,0, 0, False, 0
308,0, 0, False, 0
309,0, 0, False, 0
310,0, 0, False, 0
311,0, 0, False, 0
312,0, 0, False, 0
313,0, 0, False, 0
314,0, 0, False, 0
315,0, 0, False, 0
316,0, 0, False, 0
317,0, 0, False, 0
318,0, 0, False, 0
319,0, 0, False, 0
320,0, 0, False, 0
321,0, 0, False, 0
322,0, 0, False, 0
323,0, 0, False, 0
324,0, 0, False, 0
325,0, 0, False, 0
326,0, 0, False, 0
327,0, 0, False, 0
328,0, 0, False, 0
329,0, 0, False, 0
330,0, 0, False, 0
331,0, 0, False, 0
332,0, 0, False, 0
333,0, 0, False, 0
334,0, 0, False, 0
335,0, 0, False, 0
336,0, 0, False, 0
337,0, 0, False, 0
338,0, 0, False, 0
339,0, 0, False, 0
340,0, 0, False, 0
341,0, 0, False, 0
342,0, 0, False, 0
343,0, 0, False, 0
344,0, 0, False, 1
345,0, 0, False, 1
346,0, 0, False, 1
347,0, 0, False, 1
348,0, 0, False, 1
349,0, 0, False, 0
350,0, 0, False, 0
351,0, 0, False, 0
352,0, 0, False, 0
353,0, 0, False, 0
354,0, 0, False, 0
355,0, 0, False, 0
356,0, 0, False, 0
357,0, 0, False, 0
358,0, 0, False, 0
359,0, 0, False, 0
360,0, 0, False, 0
361,0, 0, False, 0
362,0, 0, False, 0
363,0, 0, False, 0
364,0, 0, False, 0
365,0, 0, False, 0
366,0, 0, False, 0
367,0, 0, False, 0
368,0, 0, False, 0
369,0, 0, False, 0
370,0, 0, False, 0
371,0, 0, False, 0
372,0, 0, False, 0
373,0, 0, False, 0
374,0, 0, False, 0
375,0, 0, False, 0
376,0, 0, False, 1
377,0, 0, False, 1
378,0, 0, False, 1
379,0, 0, False, 1
380,0, 0, False, 1
381,0, 0, False, 1
382,0, 0, False, 1
383,0, 0, False, 1
384,0, 0, False, 0
385,0, 0, False, 0
386,0, 0, False, 0
387,0, 0, False, 0
388,0, 0, False, 0
389,0, 0, False, 0
390,0, 0, False, 0
391,0, 0, False, 0
392,0, 0, False, 0
393,0, 0, False, 0
394,0, 0, False, 0
395,0, 0, False, 0
396,0, 0, False, 0
397,20, 20, False, 1
398,0, 20, False, 1
399,0, 20, False, 1
400,0, 20, False, 1
401,0, 20, False, 1
402,0, 20, False, 1
403,0, 20, False, 1
404,0, 20, False, 0
405,0, 20, False, 0
406,0, 20, False, 0
407,0, 20, False, 0
408,0, 20, False, 0
409,0, 20, False, 0
410,0, 20, False, 0
411,0, 20, False, 0
412,0, 20, False, 1
413,0, 20, False, 1
414,0, 20, False, 1
415,0, 20, False, 1
416,0, 20, False, 1
417,0, 20, False, 1
418,0, 20, False, 1
419,0, 20, False, 0
420,0, 20, False, 0
421,0, 20, False, 0
422,0, 20, False, 0
423,5, 25, False, 0
424,0, 25, False, 0
425,0, 25, False, 1
426,0, 25, False, 1
427,0, 25, False, 1
428,0, 25, False, 1
429,0, 25, False, 1
430,0, 25, False, 1
431,0, 25, False, 1
432,0, 25, False, 0
433,0, 25, False, 0
434,0, 25, False, 0
435,0, 25, False, 0
436,0, 25, False, 0
437,0, 25, False, 0
438,0, 25, False, 0
439,0, 25, False, 0
440,0, 25, False, 0
441,0, 25, False, 0
442,0, 25, False, 0
443,0, 25, False, 0
444,0, 25, False, 1
445,0, 25, False, 1
446,0, 25, False, 1
447,0, 25, False, 1
448,0, 25, False, 1
449,0, 25, False, 1
450,0, 25, False, 1
451,0, 25, False, 0
452,0, 25, False, 0
453,0, 25, False, 0
454,0, 25, False, 0
455,0, 25, False, 0
456,0, 25, False, 0
457,0, 25, False, 0
458,0, 25, False, 0
459,10, 35, False, 0
460,0, 35, False, 0
461,0, 35, False, 0
462,0, 35, False, 1
463,0, 35, False, 1
464,0, 35, False, 1
465,0, 35, False, 1
466,0, 35, False, 1
467,0, 35, False, 1
468,0, 35, False, 0
469,0, 35, False, 0
470,0, 35, False, 0
471,0, 35, False, 0
472,0, 35, False, 0
473,0, 35, False, 0
474,0, 35, False, 0
475,0, 35, False, 1
476,0, 35, False, 1
477,0, 35, False, 1
478,0, 35, False, 1
479,0, 35, False, 1
480,0, 35, False, 1
481,0, 35, False, 1
482,0, 35, False, 0
483,0, 35, False, 0
484,0, 35, False, 0
485,0, 35, False, 0
486,0, 35, False, 0
487,0, 35, False, 0
488,0, 35, False, 0
489,0, 35, False, 1
490,0, 35, False, 1
491,0, 35, False, 1
492,0, 35, False, 11
493,0, 35, False, 11
494,0, 35, False, 3
495,0, 35, False, 3
496,0, 35, False, 3
497,0, 35, False, 3
498,0, 35, False, 3
499,0, 35, False, 3
500,0, 35, False, 3
501,0, 35, False, 3
502,0, 35, False, 3
503,0, 35, False, 3
504,0, 35, False, 3
505,0, 35, False, 3
506,0, 35, False, 3
507,15, 50, False, 3
508,0, 50, False, 3
509,0, 50, False, 3
510,0, 50, False, 3
511,0, 50, False, 3
512,0, 50, False, 0
513,0, 50, False, 0
514,0, 50, False, 0
515,0, 50, False, 0
516,0, 50, False, 0
517,0, 50, False, 3
518,0, 50, False, 3
519,0, 50, False, 3
520,0, 50, False, 3
521,0, 50, False, 3
522,0, 50, False, 3
523,0, 50, False, 3
524,0, 50, False, 3
525,0, 50, False, 3
526,0, 50, False, 3
527,0, 50, False, 3
528,0, 50, False, 3
529,0, 50, False, 3
530,0, 50, False, 3
531,0, 50, False, 3
532,0, 50, False, 3
533,0, 50, False, 3
534,0, 50, False, 3
535,0, 50, False, 3
536,0, 50, False, 3
537,0, 50, False, 3
538,0, 50, False, 0
539,0, 50, False, 0
540,0, 50, False, 0
541,0, 50, False, 1
542,0, 50, False, 1
543,0, 50, False, 1
544,0, 50, False, 1
545,0, 50, False, 1
546,0, 50, False, 1
547,0, 50, False, 1
548,0, 50, False, 0
549,0, 50, False, 0
550,0, 50, False, 0
551,0, 50, False, 0
552,0, 50, False, 0
553,0, 50, False, 0
554,0, 50, False, 0
555,0, 50, False, 0
556,0, 50, False, 0
557,0, 50, False, 0
558,0, 50, False, 0
559,0, 50, False, 0
560,0, 50, False, 0
561,0, 50, False, 1
562,0, 50, False, 1
563,0, 50, False, 1
564,0, 50, False, 1
565,0, 50, False, 1
566,0, 50, False, 1
567,0, 50, False, 0
568,0, 50, False, 0
569,5, 55, False, 0
570,0, 55, False, 0
571,0, 55, False, 0
572,0, 55, False, 0
573,0, 55, False, 0
574,0, 55, False, 0
575,0, 55, False, 0
576,0, 55, False, 0
577,0, 55, False, 1
578,0, 55, False, 1
579,0, 55, False, 1
580,0, 55, False, 1
581,0, 55, False, 1
582,0, 55, False, 1
583,0, 55, False, 0
584,0, 55, False, 0
585,0, 55, False, 0
586,0, 55, False, 0
587,0, 55, False, 0
588,0, 55, False, 0
589,0, 55, False, 0
590,0, 55, False, 1
591,0, 55, False, 1
592,0, 55, False, 1
593,0, 55, False, 1
594,0, 55, False, 1
595,0, 55, False, 1
596,0, 55, False, 1
597,0, 55, False, 0
598,0, 55, False, 0
599,0, 55, False, 0
600,0, 55, False, 0
601,0, 55, False, 0
602,0, 55, False, 0
603,0, 55, False, 1
604,0, 55, False, 1
605,0, 55, False, 1
606,0, 55, False, 1
607,0, 55, False, 1
608,0, 55, False, 1
609,0, 55, False, 1
610,0, 55, False, 0
611,10, 65, False, 0
612,0, 65, False, 0
613,0, 65, False, 0
614,0, 65, False, 0
615,0, 65, False, 0
616,0, 65, False, 0
617,0, 65, False, 1
618,0, 65, False, 1
619,0, 65, False, 1
620,0, 65, False, 1
621,0, 65, False, 1
622,0, 65, False, 1
623,0, 65, False, 1
624,0, 65, False, 0
625,0, 65, False, 0
626,0, 65, False, 0
627,0, 65, False, 0
628,0, 65, False, 3
629,0, 65, False, 3
630,0, 65, False, 3
631,0, 65, False, 3
632,0, 65, False, 3
633,0, 65, False, 3
634,0, 65, False, 3
635,0, 65, False, 3
636,0, 65, False, 3
637,0, 65, False, 3
638,0, 65, False, 3
639,0, 65, False, 3
640,0, 65, False, 3
641,0, 65, False, 3
642,0, 65, False, 3
643,0, 65, False, 0
644,0, 65, False, 0
645,0, 65, False, 0
646,0, 65, False, 0
647,0, 65, False, 0
648,0, 65, False, 1
649,0, 65, False, 1
650,0, 65, False, 1
651,0, 65, False, 1
652,0, 65, False, 1
653,0, 65, False, 1
654,0, 65, False, 1
655,0, 65, False, 0
656,0, 65, False, 0
657,0, 65, False, 0
658,0, 65, False, 0
659,0, 65, False, 0
660,0, 65, False, 0
661,15, 80, False, 0
662,0, 80, False, 0
663,0, 80, False, 0
664,0, 80, False, 0
665,0, 80, False, 0
666,0, 80, False, 0
667,0, 80, False, 1
668,0, 80, False, 1
669,0, 80, False, 1
670,0, 80, False, 1
671,0, 80, False, 1
672,0, 80, False, 1
673,0, 80, False, 1
674,0, 80, False, 0
675,0, 80, False, 0
676,0, 80, False, 0
677,0, 80, False, 0
678,0, 80, False, 0
679,0, 80, False, 0
680,0, 80, False, 1
681,0, 80, False, 1
682,0, 80, False, 1
683,0, 80, False, 1
684,0, 80, False, 1
685,0, 80, False, 1
686,0, 80, False, 0
687,0, 80, False, 0
688,0, 80, False, 0
689,0, 80, False, 0
690,0, 80, False, 0
691,0, 80, False, 0
692,0, 80, False, 0
693,0, 80, False, 0
694,0, 80, False, 0
695,0, 80, False, 1
696,0, 80, False, 1
697,0, 80, False, 1
698,0, 80, False, 1
699,0, 80, False, 1
700,0, 80, False, 1
701,0, 80, False, 1
702,0, 80, False, 0
703,0, 80, False, 0
704,0, 80, False, 0
705,0, 80, False, 0
706,0, 80, False, 0
707,0, 80, False, 0
708,0, 80, False, 0
709,0, 80, False, 0
710,0, 80, False, 1
711,0, 80, False, 1
712,0, 80, False, 1
713,0, 80, False, 1
714,0, 80, False, 1
715,0, 80, False, 1
716,0, 80, False, 1
717,0, 80, False, 1
718,0, 80, False, 0
719,0, 80, False, 0
720,0, 80, False, 0
721,0, 80, False, 0
722,0, 80, False, 0
723,0, 80, False, 0
724,0, 80, False, 0
725,0, 80, False, 1
726,0, 80, False, 1
727,0, 80, False, 1
728,0, 80, False, 1
729,0, 80, False, 1
730,0, 80, False, 1
731,0, 80, False, 1
732,0, 80, False, 1
733,0, 80, False, 0
734,0, 80, False, 0
735,0, 80, False, 0
736,0, 80, False, 0
737,0, 80, False, 0
738,0, 80, False, 1
739,0, 80, False, 1
740,0, 80, False, 1
741,0, 80, False, 1
742,0, 80, False, 1
743,0, 80, False, 1
744,0, 80, False, 1
745,0, 80, False, 0
746,0, 80, False, 0
747,0, 80, False, 0
748,0, 80, False, 0
749,0, 80, False, 0
750,0, 80, False, 0
751,0, 80, False, 1
752,0, 80, False, 1
753,0, 80, False, 1
754,0, 80, False, 1
755,0, 80, False, 1
756,0, 80, False, 1
757,0, 80, False, 1
758,0, 80, False, 0
759,0, 80, False, 0
760,0, 80, False, 0
761,0, 80, False, 0
762,0, 80, False, 0
763,0, 80, False, 0
764,0, 80, False, 1
765,0, 80, False, 1
766,0, 80, False, 1
767,0, 80, False, 1
768,0, 80, False, 1
769,0, 80, False, 1
770,0, 80, False, 0
771,0, 80, False, 0
772,0, 80, False, 0
773,0, 80, False, 0
774,0, 80, False, 0
775,0, 80, False, 0
776,0, 80, False, 0
777,0, 80, False, 0
778,0, 80, False, 0
779,0, 80, False, 0
780,0, 80, False, 0
781,0, 80, False, 0
782,0, 80, False, 0
783,0, 80, False, 0
784,0, 80, False, 0
785,0, 80, False, 0
786,0, 80, False, 0
787,0, 80, False, 0
788,0, 80, False, 0
789,0, 80, False, 0
790,0, 80, False, 0
791,0, 80, False, 3
792,0, 80, False, 3
793,0, 80, False, 3
794,0, 80, False, 3
795,0, 80, False, 3
796,0, 80, False, 3
797,0, 80, False, 3
798,0, 80, False, 3
799,0, 80, False, 3
800,0, 80, False, 3
801,0, 80, False, 3
802,0, 80, False, 3
803,0, 80, False, 3
804,0, 80, False, 3
805,20, 100, False, 3
806,0, 100, False, 0
807,0, 100, False, 0
808,0, 100, False, 0
809,0, 100, False, 0
810,0, 100, False, 0
811,0, 100, False, 1
812,0, 100, False, 1
813,0, 100, False, 1
814,0, 100, False, 1
815,0, 100, False, 1
816,0, 100, False, 1
817,0, 100, False, 1
818,0, 100, False, 1
819,0, 100, False, 1
820,0, 100, False, 0
821,0, 100, False, 0
822,0, 100, False, 0
823,0, 100, False, 0
824,0, 100, False, 0
825,0, 100, False, 0
826,0, 100, False, 0
827,0, 100, False, 0
828,0, 100, False, 0
829,0, 100, False, 0
830,0, 100, False, 0
831,0, 100, False, 0
832,0, 100, False, 0
833,0, 100, False, 0
834,0, 100, False, 0
835,0, 100, False, 0
836,0, 100, False, 0
837,0, 100, False, 0
838,0, 100, False, 0
839,0, 100, False, 0
840,0, 100, False, 0
841,0, 100, False, 3
842,0, 100, False, 3
843,0, 100, False, 3
844,0, 100, False, 3
845,0, 100, False, 3
846,0, 100, False, 3
847,0, 100, False, 3
848,0, 100, False, 3
849,0, 100, False, 3
850,0, 100, False, 3
851,0, 100, False, 3
852,0, 100, False, 3
853,0, 100, False, 3
854,0, 100, False, 3
855,0, 100, False, 3
856,0, 100, False, 3
857,0, 100, False, 3
858,0, 100, False, 3
859,0, 100, False, 3
860,0, 100, False, 3
861,0, 100, False, 3
862,0, 100, False, 3
863,0, 100, False, 3
864,0, 100, False, 3
865,0, 100, False, 0
866,0, 100, False, 1
867,0, 100, False, 1
868,0, 100, False, 1
869,0, 100, False, 1
870,0, 100, False, 1
871,0, 100, False, 1
872,0, 100, False, 1
873,0, 100, False, 0
874,0, 100, False, 0
875,0, 100, False, 0
876,0, 100, False, 0
877,0, 100, False, 0
878,0, 100, False, 0
879,0, 100, False, 1
880,0, 100, False, 1
881,0, 100, False, 1
882,0, 100, False, 1
883,0, 100, False, 1
884,0, 100, False, 1
885,0, 100, False, 1
886,0, 100, False, 0
887,0, 100, False, 0
888,0, 100, False, 0
889,0, 100, False, 0
890,0, 100, False, 0
891,0, 100, False, 0
892,0, 100, False, 0
893,0, 100, False, 0
894,0, 100, False, 0
895,0, 100, False, 1
896,0, 100, False, 1
897,0, 100, False, 1
898,0, 100, False, 1
899,0, 100, False, 1
900,0, 100, False, 1
901,0, 100, False, 1
902,0, 100, False, 1
903,0, 100, False, 0
904,0, 100, False, 0
905,10, 110, False, 0
906,0, 110, False, 0
907,0, 110, False, 0
908,0, 110, False, 1
909,0, 110, False, 1
910,0, 110, False, 1
911,0, 110, False, 1
912,0, 110, False, 1
913,0, 110, False, 1
914,0, 110, False, 1
915,0, 110, False, 0
916,0, 110, False, 0
917,0, 110, False, 0
918,0, 110, False, 0
919,0, 110, False, 0
920,0, 110, False, 0
921,0, 110, False, 1
922,0, 110, False, 1
923,0, 110, False, 1
924,0, 110, False, 1
925,0, 110, False, 1
926,0, 110, False, 1
927,0, 110, False, 0
928,0, 110, False, 0
929,0, 110, False, 0
930,0, 110, False, 0
931,0, 110, False, 0
932,0, 110, False, 0
933,5, 115, False, 0
934,0, 115, False, 0
935,0, 115, False, 1
936,0, 115, False, 1
937,0, 115, False, 1
938,0, 115, False, 1
939,0, 115, False, 1
940,0, 115, False, 1
941,0, 115, False, 1
942,0, 115, False, 0
943,0, 115, False, 0
944,0, 115, False, 0
945,0, 115, False, 0
946,0, 115, False, 0
947,0, 115, False, 0
948,0, 115, False, 0
949,0, 115, False, 1
950,0, 115, False, 1
951,0, 115, False, 1
952,0, 115, False, 1
953,0, 115, False, 1
954,0, 115, False, 1
955,0, 115, False, 1
956,0, 115, False, 0
957,0, 115, False, 0
958,0, 115, False, 0
959,0, 115, False, 0
960,0, 115, False, 0
961,0, 115, False, 0
962,0, 115, False, 0
963,0, 115, False, 1
964,0, 115, False, 1
965,0, 115, False, 1
966,0, 115, False, 1
967,0, 115, False, 1
968,0, 115, False, 1
969,0, 115, False, 1
970,0, 115, False, 1
971,0, 115, False, 0
972,0, 115, False, 0
973,15, 130, False, 0
974,0, 130, False, 0
975,0, 130, False, 0
976,0, 130, False, 0
977,0, 130, False, 0
978,0, 130, False, 1
979,0, 130, False, 1
980,0, 130, False, 1
981,0, 130, False, 1
982,0, 130, False, 1
983,0, 130, False, 1
984,0, 130, False, 1
985,0, 130, False, 0
986,0, 130, False, 0
987,0, 130, False, 0
988,0, 130, False, 0
989,0, 130, False, 0
990,0, 130, False, 0
991,0, 130, False, 0
992,0, 130, False, 1
993,0, 130, False, 1
994,0, 130, False, 1
995,0, 130, False, 1
996,0, 130, False, 1
997,0, 130, False, 1
998,0, 130, False, 0
999,0, 130, False, 0
1000,0, 130, False, 0
1001,0, 130, False, 0
1002,0, 130, False, 0
1003,0, 130, False, 0
1004,0, 130, False, 1
1005,0, 130, False, 1
1006,0, 130, False, 1
1007,0, 130, False, 1
1008,0, 130, False, 1
1009,0, 130, False, 1
1010,0, 130, False, 1
1011,0, 130, False, 1
1012,0, 130, False, 0
1013,0, 130, False, 0
1014,0, 130, False, 0
1015,0, 130, False, 0
1016,0, 130, False, 0
1017,0, 130, False, 0
1018,0, 130, False, 0
1019,0, 130, False, 1
1020,0, 130, False, 1
1021,0, 130, False, 1
1022,0, 130, False, 1
1023,0, 130, False, 1
1024,0, 130, False, 1
1025,20, 150, False, 1
1026,0, 150, False, 1
1027,0, 150, False, 0
1028,0, 150, False, 0
1029,0, 150, False, 0
1030,0, 150, False, 0
1031,0, 150, False, 0
1032,0, 150, False, 0
1033,0, 150, False, 1
1034,0, 150, False, 1
1035,0, 150, False, 1
1036,0, 150, False, 1
1037,0, 150, False, 1
1038,0, 150, False, 1
1039,0, 150, False, 0
1040,0, 150, False, 0
1041,0, 150, False, 0
1042,0, 150, False, 0
1043,0, 150, False, 0
1044,0, 150, False, 1
1045,0, 150, False, 1
1046,0, 150, False, 1
1047,0, 150, False, 1
1048,0, 150, False, 1
1049,0, 150, False, 1
1050,0, 150, False, 0
1051,0, 150, False, 0
1052,0, 150, False, 0
1053,0, 150, False, 0
1054,0, 150, False, 0
1055,0, 150, False, 0
1056,0, 150, False, 0
1057,0, 150, False, 0
1058,0, 150, False, 0
1059,0, 150, False, 0
1060,0, 150, False, 0
1061,0, 150, False, 0
1062,0, 150, False, 3
1063,0, 150, False, 3
1064,0, 150, False, 3
1065,0, 150, False, 3
1066,0, 150, False, 3
1067,0, 150, False, 3
1068,0, 150, False, 3
1069,0, 150, False, 3
1070,0, 150, False, 3
1071,0, 150, False, 3
1072,0, 150, False, 3
1073,0, 150, False, 3
1074,0, 150, False, 3
1075,0, 150, False, 3
1076,0, 150, False, 3
1077,0, 150, False, 3
1078,0, 150, False, 3
1079,0, 150, False, 3
1080,0, 150, False, 0
1081,0, 150, False, 0
1082,0, 150, False, 1
1083,0, 150, False, 1
1084,0, 150, False, 1
1085,0, 150, False, 1
1086,0, 150, False, 1
1087,0, 150, False, 1
1088,0, 150, False, 1
1089,0, 150, False, 0
1090,0, 150, False, 0
1091,0, 150, False, 0
1092,0, 150, False, 0
1093,0, 150, False, 0
1094,0, 150, False, 0
1095,0, 150, False, 1
1096,0, 150, False, 1
1097,0, 150, False, 1
1098,0, 150, False, 1
1099,0, 150, False, 1
1100,0, 150, False, 1
1101,0, 150, False, 0
1102,0, 150, False, 0
1103,0, 150, False, 0
1104,0, 150, False, 0
1105,0, 150, False, 0
1106,0, 150, False, 0
1107,0, 150, False, 0
1108,0, 150, False, 1
1109,0, 150, False, 1
1110,0, 150, False, 1
1111,0, 150, False, 1
1112,0, 150, False, 1
1113,0, 150, False, 1
1114,0, 150, False, 1
1115,0, 150, False, 0
1116,0, 150, False, 0
1117,0, 150, False, 0
1118,0, 150, False, 0
1119,0, 150, False, 0
1120,0, 150, False, 1
1121,0, 150, False, 1
1122,0, 150, False, 1
1123,0, 150, False, 1
1124,0, 150, False, 1
1125,0, 150, False, 1
1126,0, 150, False, 1
1127,0, 150, False, 0
1128,0, 150, False, 0
1129,5, 155, False, 0
1130,0, 155, False, 0
1131,0, 155, False, 0
1132,0, 155, False, 0
1133,0, 155, False, 1
1134,0, 155, False, 1
1135,0, 155, False, 1
1136,0, 155, False, 1
1137,0, 155, False, 1
1138,0, 155, False, 1
1139,0, 155, False, 1
1140,0, 155, False, 1
1141,0, 155, False, 0
1142,0, 155, False, 0
1143,0, 155, False, 0
1144,0, 155, False, 0
1145,0, 155, False, 0
1146,0, 155, False, 0
1147,0, 155, False, 1
1148,0, 155, False, 1
1149,0, 155, False, 1
1150,0, 155, False, 1
1151,0, 155, False, 1
1152,0, 155, False, 1
1153,0, 155, False, 1
1154,0, 155, False, 1
1155,0, 155, False, 0
1156,0, 155, False, 0
1157,0, 155, False, 0
1158,0, 155, False, 0
1159,0, 155, False, 0
1160,0, 155, False, 0
1161,0, 155, False, 0
1162,0, 155, False, 1
1163,10, 165, False, 1
1164,0, 165, False, 1
1165,0, 165, False, 1
1166,0, 165, False, 1
1167,0, 165, False, 1
1168,0, 165, False, 1
1169,0, 165, False, 0
1170,0, 165, False, 0
1171,0, 165, False, 0
1172,0, 165, False, 0
1173,0, 165, False, 0
1174,0, 165, False, 0
1175,0, 165, False, 1
1176,0, 165, False, 1
1177,0, 165, False, 1
1178,0, 165, False, 1
1179,0, 165, False, 1
1180,0, 165, False, 1
1181,0, 165, False, 0
1182,0, 165, False, 0
1183,0, 165, False, 0
1184,0, 165, False, 0
1185,0, 165, False, 0
1186,0, 165, False, 1
1187,0, 165, False, 1
1188,0, 165, False, 1
1189,0, 165, False, 1
1190,0, 165, False, 11
1191,0, 165, False, 3
1192,0, 165, False, 3
1193,0, 165, False, 3
1194,0, 165, False, 3
1195,0, 165, False, 3
1196,0, 165, False, 3
1197,0, 165, False, 3
1198,0, 165, False, 3
1199,0, 165, False, 3
1200,0, 165, False, 3
1201,0, 165, False, 3
1202,0, 165, False, 3
1203,15, 180, False, 3
1204,0, 180, False, 3
1205,0, 180, False, 0
1206,0, 180, False, 0
1207,0, 180, False, 0
1208,0, 180, False, 0
1209,0, 180, False, 0
1210,0, 180, False, 3
1211,0, 180, False, 3
1212,0, 180, False, 3
1213,0, 180, False, 3
1214,0, 180, False, 3
1215,0, 180, False, 3
1216,0, 180, False, 3
1217,0, 180, False, 0
1218,0, 180, False, 0
1219,0, 180, False, 0
1220,0, 180, False, 0
1221,0, 180, False, 0
1222,0, 180, False, 0
1223,0, 180, False, 0
1224,0, 180, False, 0
1225,0, 180, False, 0
1226,0, 180, False, 0
1227,0, 180, False, 0
1228,0, 180, False, 0
1229,0, 180, False, 0
1230,0, 180, False, 0
1231,0, 180, False, 0
1232,0, 180, False, 1
1233,0, 180, False, 1
1234,0, 180, False, 1
1235,0, 180, False, 1
1236,0, 180, False, 1
1237,0, 180, False, 1
1238,0, 180, False, 0
1239,0, 180, False, 0
1240,0, 180, False, 0
1241,0, 180, False, 0
1242,0, 180, False, 0
1243,0, 180, False, 0
1244,0, 180, False, 0
1245,0, 180, False, 0
1246,0, 180, False, 0
1247,0, 180, False, 0
1248,0, 180, False, 0
1249,0, 180, False, 0
1250,0, 180, False, 0
1251,5, 185, False, 1
1252,0, 185, False, 1
1253,0, 185, False, 1
1254,0, 185, False, 1
1255,0, 185, False, 1
1256,0, 185, False, 1
1257,0, 185, False, 1
1258,0, 185, False, 0
1259,0, 185, False, 0
1260,0, 185, False, 0
1261,0, 185, False, 0
1262,0, 185, False, 0
1263,0, 185, False, 0
1264,0, 185, False, 0
1265,0, 185, False, 0
1266,0, 185, False, 1
1267,0, 185, False, 1
1268,0, 185, False, 1
1269,0, 185, False, 1
1270,0, 185, False, 1
1271,0, 185, False, 1
1272,0, 185, False, 0
1273,0, 185, False, 0
1274,0, 185, False, 0
1275,0, 185, False, 0
1276,0, 185, False, 0
1277,0, 185, False, 0
1278,0, 185, False, 0
1279,0, 185, False, 1
1280,0, 185, False, 1
1281,10, 195, False, 1
1282,0, 195, False, 1
1283,0, 195, False, 1
1284,0, 195, False, 1
1285,0, 195, False, 1
1286,0, 195, False, 0
1287,0, 195, False, 0
1288,0, 195, False, 0
1289,0, 195, False, 0
1290,0, 195, False, 0
1291,0, 195, False, 0
1292,0, 195, False, 0
1293,0, 195, False, 3
1294,0, 195, False, 3
1295,0, 195, False, 3
1296,0, 195, False, 3
1297,0, 195, False, 3
1298,0, 195, False, 3
1299,0, 195, False, 3
1300,0, 195, False, 3
1301,0, 195, False, 3
1302,0, 195, False, 3
1303,0, 195, False, 3
1304,0, 195, False, 3
1305,0, 195, False, 3
1306,0, 195, False, 3
1307,0, 195, False, 3
1308,0, 195, False, 3
1309,0, 195, False, 3
1310,0, 195, False, 3
1311,0, 195, False, 3
1312,0, 195, False, 3
1313,0, 195, False, 0
1314,0, 195, False, 0
1315,0, 195, False, 0
1316,0, 195, False, 0
1317,0, 195, False, 0
1318,0, 195, False, 0
1319,15, 210, False, 0
1320,0, 210, False, 0
1321,0, 210, False, 0
1322,0, 210, False, 0
1323,0, 210, False, 0
1324,0, 210, False, 0
1325,0, 210, False, 0
1326,0, 210, False, 0
1327,0, 210, False, 0
1328,0, 210, False, 0
1329,0, 210, False, 0
1330,0, 210, False, 0
1331,0, 210, False, 0
1332,0, 210, False, 0
1333,0, 210, False, 0
1334,0, 210, False, 0
1335,0, 210, False, 0
1336,0, 210, False, 0
1337,0, 210, False, 0
1338,0, 210, False, 0
1339,0, 210, False, 0
1340,0, 210, False, 0
1341,0, 210, False, 0
1342,0, 210, False, 0
1343,0, 210, False, 0
1344,0, 210, False, 0
1345,0, 210, False, 0
1346,0, 210, False, 0
1347,0, 210, False, 0
1348,0, 210, False, 0
1349,0, 210, False, 0
1350,0, 210, False, 0
1351,0, 210, False, 0
1352,0, 210, False, 0
1353,0, 210, False, 0
1354,0, 210, False, 0
1355,0, 210, False, 0
1356,0, 210, False, 0
1357,0, 210, False, 0
1358,0, 210, False, 0
1359,0, 210, False, 0
1360,0, 210, False, 0
1361,0, 210, False, 0
1362,0, 210, False, 0
1363,0, 210, False, 0
1364,0, 210, False, 0
1365,0, 210, False, 0
1366,0, 210, False, 0
1367,0, 210, False, 0
1368,0, 210, False, 0
1369,0, 210, False, 0
1370,0, 210, False, 0
1371,0, 210, False, 0
1372,0, 210, False, 0
1373,0, 210, False, 0
1374,0, 210, False, 0
1375,0, 210, False, 0
1376,0, 210, False, 0
1377,0, 210, False, 0
1378,0, 210, False, 0
1379,0, 210, False, 0
1380,0, 210, False, 0
1381,0, 210, False, 0
1382,0, 210, False, 0
1383,0, 210, False, 0
1384,0, 210, False, 0
1385,0, 210, False, 0
1386,0, 210, False, 0
1387,0, 210, False, 0
1388,0, 210, False, 0
1389,0, 210, False, 3
1390,0, 210, False, 3
1391,0, 210, False, 3
1392,0, 210, False, 3
1393,0, 210, False, 3
1394,0, 210, False, 3
1395,0, 210, False, 3
1396,0, 210, False, 3
1397,0, 210, False, 3
1398,0, 210, False, 3
1399,0, 210, False, 3
1400,0, 210, False, 3
1401,0, 210, False, 3
1402,0, 210, False, 3
1403,0, 210, False, 3
1404,0, 210, False, 3
1405,0, 210, False, 3
1406,0, 210, False, 3
1407,0, 210, False, 3
1408,0, 210, False, 3
1409,0, 210, False, 3
1410,0, 210, False, 3
1411,0, 210, False, 3
1412,0, 210, False, 3
1413,0, 210, False, 3
1414,0, 210, False, 3
1415,0, 210, False, 3
1416,0, 210, False, 3
1417,0, 210, False, 3
1418,0, 210, False, 3
1419,0, 210, False, 3
1420,0, 210, False, 3
1421,0, 210, False, 3
1422,0, 210, False, 3
1423,0, 210, False, 3
1424,0, 210, False, 3
1425,0, 210, False, 3
1426,0, 210, False, 3
1427,0, 210, False, 3
1428,0, 210, False, 3
1429,0, 210, False, 3
1430,0, 210, False, 3
1431,0, 210, False, 3
1432,0, 210, False, 3
1433,0, 210, False, 3
1434,0, 210, False, 3
1435,0, 210, False, 3
1436,0, 210, False, 3
1437,0, 210, False, 3
1438,0, 210, False, 3
1439,0, 210, False, 3
1440,0, 210, False, 3
1441,0, 210, False, 3
1442,0, 210, False, 3
1443,0, 210, False, 3
1444,0, 210, False, 3
1445,0, 210, False, 3
1446,0, 210, False, 3
1447,0, 210, False, 3
1448,0, 210, False, 3
1449,0, 210, False, 3
1450,0, 210, False, 3
1451,0, 210, False, 3
1452,0, 210, False, 3
1453,0, 210, False, 3
1454,0, 210, False, 3
1455,0, 210, False, 3
1456,0, 210, False, 3
1457,0, 210, False, 3
1458,0, 210, False, 3
1459,0, 210, False, 3
1460,0, 210, False, 3
1461,0, 210, False, 3
1462,0, 210, False, 3
1463,0, 210, False, 3
1464,0, 210, False, 3
1465,0, 210, False, 3
1466,0, 210, False, 3
1467,0, 210, False, 3
1468,0, 210, False, 3
1469,0, 210, False, 3
1470,0, 210, False, 3
1471,0, 210, False, 3
1472,0, 210, False, 3
1473,0, 210, False, 3
1474,0, 210, False, 3
1475,0, 210, False, 3
1476,0, 210, False, 3
1477,0, 210, False, 3
1478,0, 210, False, 3
1479,0, 210, False, 3
1480,0, 210, False, 3
1481,0, 210, False, 3
1482,0, 210, False, 3
1483,0, 210, False, 3
1484,0, 210, False, 3
1485,0, 210, False, 3
1486,0, 210, False, 3
1487,0, 210, False, 3
1488,0, 210, False, 3
1489,0, 210, False, 3
1490,0, 210, False, 3
1491,0, 210, False, 3
1492,0, 210, False, 3
1493,0, 210, False, 3
1494,0, 210, False, 3
1495,0, 210, False, 3
1496,0, 210, False, 3
1497,0, 210, False, 3
1498,0, 210, False, 3
1499,0, 210, False, 3
1500,0, 210, False, 3
1501,0, 210, False, 3
1502,0, 210, False, 3
1503,0, 210, False, 3
1504,0, 210, False, 3
1505,0, 210, False, 3
1506,0, 210, False, 3
1507,0, 210, False, 3
1508,0, 210, False, 3
1509,0, 210, False, 3
1510,0, 210, False, 3
1511,0, 210, False, 3
1512,0, 210, False, 3
1513,0, 210, False, 3
1514,0, 210, False, 3
1515,0, 210, False, 3
1516,0, 210, False, 3
1517,0, 210, False, 3
1518,0, 210, False, 3
1519,0, 210, False, 3
1520,0, 210, False, 3
1521,0, 210, False, 3
1522,0, 210, False, 3
1523,0, 210, False, 3
1524,0, 210, False, 3
1525,0, 210, False, 3
1526,0, 210, False, 3
1527,0, 210, False, 3
1528,0, 210, False, 3
1529,0, 210, False, 3
1530,0, 210, False, 0
1531,0, 210, False, 1
1532,0, 210, False, 1
1533,0, 210, False, 1
1534,0, 210, False, 1
1535,0, 210, False, 1
1536,0, 210, False, 0
1537,0, 210, False, 0
1538,0, 210, False, 0
1539,0, 210, False, 0
1540,0, 210, False, 0
1541,0, 210, False, 0
1542,0, 210, False, 0
1543,0, 210, False, 0
1544,0, 210, False, 0
1545,0, 210, False, 3
1546,0, 210, False, 3
1547,0, 210, False, 3
1548,0, 210, False, 3
1549,0, 210, False, 3
1550,0, 210, False, 3
1551,0, 210, False, 3
1552,0, 210, False, 3
1553,0, 210, False, 3
1554,0, 210, False, 3
1555,0, 210, False, 3
1556,0, 210, False, 3
1557,0, 210, False, 3
1558,0, 210, False, 3
1559,0, 210, False, 3
1560,0, 210, False, 3
1561,0, 210, False, 3
1562,0, 210, False, 3
1563,0, 210, False, 3
1564,0, 210, False, 3
1565,0, 210, False, 3
1566,0, 210, False, 3
1567,0, 210, False, 3
1568,0, 210, False, 3
1569,0, 210, False, 3
1570,0, 210, False, 3
1571,0, 210, False, 3
1572,0, 210, False, 3
1573,0, 210, False, 3
1574,0, 210, False, 3
1575,0, 210, False, 3
1576,0, 210, False, 3
1577,0, 210, False, 3
1578,0, 210, False, 3
1579,0, 210, False, 3
1580,0, 210, False, 3
1581,0, 210, False, 3
1582,0, 210, False, 3
1583,0, 210, False, 3
1584,0, 210, False, 3
1585,0, 210, False, 3
1586,0, 210, False, 3
1587,0, 210, False, 3
1588,0, 210, False, 3
1589,25, 235, False, 3
1590,0, 235, False, 3
1591,0, 235, False, 3
1592,0, 235, False, 3
1593,0, 235, False, 3
1594,0, 235, False, 3
1595,0, 235, False, 3
1596,0, 235, False, 3
1597,0, 235, False, 3
1598,0, 235, False, 3
1599,0, 235, False, 3
1600,0, 235, False, 3
1601,0, 235, False, 3
1602,0, 235, False, 3
1603,0, 235, False, 3
1604,0, 235, False, 3
1605,0, 235, False, 3
1606,0, 235, False, 3
1607,0, 235, False, 3
1608,0, 235, False, 3
1609,0, 235, False, 3
1610,0, 235, False, 3
1611,0, 235, False, 3
1612,0, 235, False, 3
1613,0, 235, False, 3
1614,0, 235, False, 3
1615,0, 235, False, 3
1616,0, 235, False, 3
1617,0, 235, False, 3
1618,0, 235, False, 3
1619,0, 235, False, 3
1620,0, 235, False, 3
1621,0, 235, False, 3
1622,0, 235, False, 3
1623,0, 235, False, 3
1624,0, 235, False, 3
1625,0, 235, False, 3
1626,0, 235, False, 3
1627,0, 235, False, 3
1628,0, 235, False, 0
1629,0, 235, False, 1
1630,0, 235, False, 1
1631,0, 235, False, 1
1632,0, 235, False, 1
1633,0, 235, False, 1
1634,0, 235, False, 1
1635,0, 235, False, 1
1636,0, 235, False, 1
1637,0, 235, False, 0
1638,0, 235, False, 0
1639,0, 235, False, 0
1640,0, 235, False, 0
1641,0, 235, False, 0
1642,0, 235, False, 0
1643,0, 235, False, 0
1644,0, 235, False, 0
1645,0, 235, False, 0
1646,0, 235, False, 1
1647,0, 235, False, 1
1648,0, 235, False, 1
1649,0, 235, False, 1
1650,0, 235, False, 1
1651,0, 235, False, 1
1652,0, 235, False, 1
1653,0, 235, False, 1
1654,0, 235, False, 0
1655,0, 235, False, 0
1656,0, 235, False, 0
1657,0, 235, False, 0
1658,0, 235, False, 3
1659,0, 235, False, 3
1660,0, 235, False, 3
1661,0, 235, False, 3
1662,0, 235, False, 3
1663,0, 235, False, 3
1664,0, 235, False, 3
1665,0, 235, False, 3
1666,0, 235, False, 3
1667,0, 235, False, 3
1668,0, 235, False, 3
1669,0, 235, False, 3
1670,0, 235, False, 3
1671,0, 235, False, 3
1672,0, 235, False, 3
1673,0, 235, False, 3
1674,0, 235, False, 3
1675,0, 235, False, 3
1676,0, 235, False, 3
1677,0, 235, False, 3
1678,0, 235, False, 3
1679,0, 235, False, 3
1680,0, 235, False, 3
1681,0, 235, False, 3
1682,0, 235, False, 3
1683,0, 235, False, 3
1684,0, 235, False, 3
1685,0, 235, False, 3
1686,0, 235, False, 3
1687,0, 235, False, 3
1688,0, 235, False, 0
1689,0, 235, False, 0
1690,0, 235, False, 0
1691,0, 235, False, 1
1692,0, 235, False, 1
1693,0, 235, False, 1
1694,0, 235, False, 1
1695,0, 235, False, 1
1696,0, 235, False, 1
1697,0, 235, False, 1
1698,0, 235, False, 1
1699,0, 235, False, 0
1700,0, 235, False, 0
1701,0, 235, False, 0
1702,0, 235, False, 0
1703,0, 235, False, 0
1704,0, 235, False, 0
1705,0, 235, False, 1
1706,0, 235, False, 1
1707,0, 235, False, 1
1708,0, 235, False, 1
1709,0, 235, False, 1
1710,0, 235, False, 1
1711,0, 235, False, 1
1712,0, 235, False, 1
1713,0, 235, False, 0
1714,0, 235, False, 0
1715,0, 235, False, 0
1716,0, 235, False, 0
1717,0, 235, False, 0
1718,0, 235, False, 1
1719,0, 235, False, 1
1720,0, 235, False, 1
1721,0, 235, False, 1
1722,0, 235, False, 1
1723,0, 235, False, 1
1724,0, 235, False, 1
1725,0, 235, False, 0
1726,0, 235, False, 0
1727,0, 235, False, 0
1728,0, 235, False, 0
1729,0, 235, False, 0
1730,0, 235, False, 1
1731,0, 235, False, 1
1732,0, 235, False, 1
1733,0, 235, False, 1
1734,0, 235, False, 1
1735,5, 240, False, 1
1736,0, 240, False, 1
1737,0, 240, False, 0
1738,0, 240, False, 0
1739,0, 240, False, 0
1740,0, 240, False, 0
1741,0, 240, False, 0
1742,0, 240, False, 1
1743,0, 240, False, 1
1744,0, 240, False, 1
1745,0, 240, False, 1
1746,0, 240, False, 1
1747,0, 240, False, 1
1748,0, 240, False, 1
1749,0, 240, False, 0
1750,0, 240, False, 0
1751,0, 240, False, 0
1752,0, 240, False, 0
1753,0, 240, False, 0
1754,0, 240, False, 1
1755,0, 240, False, 1
1756,0, 240, False, 1
1757,0, 240, False, 1
1758,0, 240, False, 1
1759,10, 250, False, 1
1760,0, 250, False, 1
1761,0, 250, False, 1
1762,0, 250, False, 1
1763,0, 250, False, 0
1764,0, 250, False, 0
1765,0, 250, False, 0
1766,0, 250, False, 0
1767,0, 250, False, 0
1768,0, 250, False, 0
1769,0, 250, False, 1
1770,0, 250, False, 1
1771,0, 250, False, 1
1772,0, 250, False, 1
1773,0, 250, False, 1
1774,0, 250, False, 1
1775,0, 250, False, 0
1776,0, 250, False, 0
1777,0, 250, False, 0
1778,0, 250, False, 4
1779,0, 250, False, 4
1780,0, 250, False, 4
1781,0, 250, False, 4
1782,0, 250, False, 4
1783,0, 250, False, 4
1784,0, 250, False, 4
1785,0, 250, False, 4
1786,0, 250, False, 4
1787,0, 250, False, 4
1788,0, 250, False, 4
1789,0, 250, False, 4
1790,0, 250, False, 4
1791,0, 250, False, 4
1792,0, 250, False, 4
1793,0, 250, False, 4
1794,0, 250, False, 4
1795,15, 265, False, 4
1796,0, 265, False, 4
1797,0, 265, False, 4
1798,0, 265, False, 4
1799,0, 265, False, 4
1800,0, 265, False, 4
1801,0, 265, False, 4
1802,0, 265, False, 4
1803,0, 265, False, 4
1804,0, 265, False, 4
1805,0, 265, False, 4
1806,0, 265, False, 4
1807,0, 265, False, 0
1808,0, 265, False, 0
1809,0, 265, False, 0
1810,0, 265, False, 0
1811,0, 265, False, 0
1812,0, 265, False, 0
1813,0, 265, False, 0
1814,0, 265, False, 0
1815,0, 265, False, 0
1816,0, 265, False, 0
1817,0, 265, False, 0
1818,0, 265, False, 0
1819,0, 265, False, 0
1820,0, 265, False, 0
1821,0, 265, False, 0
1822,0, 265, False, 0
1823,0, 265, False, 0
1824,0, 265, False, 0
1825,0, 265, False, 0
1826,0, 265, False, 0
1827,0, 265, False, 0
1828,0, 265, False, 0
1829,0, 265, False, 0
1830,0, 265, False, 0
1831,0, 265, False, 0
1832,0, 265, False, 0
1833,0, 265, False, 0
1834,0, 265, False, 0
1835,0, 265, False, 0
1836,0, 265, False, 0
1837,0, 265, False, 0
1838,0, 265, False, 0
1839,0, 265, False, 0
1840,0, 265, False, 0
1841,0, 265, False, 0
1842,0, 265, False, 0
1843,0, 265, False, 4
1844,0, 265, False, 4
1845,0, 265, False, 4
1846,0, 265, False, 4
1847,0, 265, False, 4
1848,0, 265, False, 4
1849,0, 265, False, 4
1850,0, 265, False, 4
1851,0, 265, False, 4
1852,0, 265, False, 4
1853,0, 265, False, 4
1854,0, 265, False, 4
1855,0, 265, False, 0
1856,0, 265, False, 1
1857,0, 265, False, 1
1858,0, 265, False, 1
1859,0, 265, False, 1
1860,0, 265, False, 1
1861,0, 265, False, 1
1862,0, 265, False, 1
1863,0, 265, False, 0
1864,0, 265, False, 0
1865,0, 265, False, 0
1866,0, 265, False, 0
1867,0, 265, False, 0
1868,0, 265, False, 0
1869,0, 265, False, 0
1870,0, 265, False, 0
1871,0, 265, False, 0
1872,0, 265, False, 0
1873,0, 265, False, 0
1874,0, 265, False, 0
1875,0, 265, False, 0
1876,0, 265, False, 0
1877,0, 265, False, 0
1878,0, 265, False, 0
1879,0, 265, False, 0
1880,0, 265, False, 0
1881,0, 265, False, 0
1882,0, 265, False, 0
1883,0, 265, False, 0
1884,0, 265, False, 0
1885,0, 265, False, 0
1886,0, 265, False, 0
1887,0, 265, False, 0
1888,0, 265, False, 0
1889,0, 265, False, 0
1890,0, 265, False, 0
1891,0, 265, False, 0
1892,0, 265, False, 0
1893,0, 265, False, 0
1894,0, 265, False, 0
1895,0, 265, False, 0
1896,0, 265, False, 0
1897,20, 285, False, 0
1898,0, 285, False, 0
1899,0, 285, False, 0
1900,0, 285, False, 0
1901,0, 285, False, 0
1902,0, 285, False, 0
1903,0, 285, False, 0
1904,0, 285, False, 0
1905,0, 285, False, 0
1906,0, 285, False, 0
1907,0, 285, False, 0
1908,0, 285, False, 0
1909,0, 285, False, 0
1910,0, 285, False, 0
1911,0, 285, False, 0
1912,0, 285, False, 0
1913,0, 285, False, 0
1914,0, 285, False, 0
1915,0, 285, False, 0
1916,0, 285, False, 3
1917,0, 285, False, 3
1918,0, 285, False, 3
1919,0, 285, False, 3
1920,0, 285, False, 3
1921,0, 285, False, 3
1922,0, 285, False, 3
1923,0, 285, False, 3
1924,0, 285, False, 3
1925,0, 285, False, 3
1926,0, 285, False, 3
1927,0, 285, False, 3
1928,0, 285, False, 3
1929,0, 285, False, 3
1930,0, 285, False, 3
1931,0, 285, False, 3
1932,0, 285, False, 3
1933,0, 285, False, 3
1934,0, 285, False, 3
1935,0, 285, False, 3
1936,0, 285, False, 3
1937,0, 285, False, 3
1938,0, 285, False, 3
1939,0, 285, False, 3
1940,0, 285, False, 3
1941,0, 285, False, 3
1942,0, 285, False, 3
1943,0, 285, False, 3
1944,0, 285, False, 3
1945,0, 285, False, 3
1946,0, 285, False, 3
1947,0, 285, False, 3
1948,0, 285, False, 3
1949,0, 285, False, 3
1950,0, 285, False, 3
1951,0, 285, False, 3
1952,0, 285, False, 3
1953,0, 285, False, 3
1954,0, 285, False, 3
1955,0, 285, False, 3
1956,0, 285, False, 3
1957,0, 285, False, 3
1958,0, 285, False, 3
1959,0, 285, False, 0
1960,0, 285, False, 1
1961,0, 285, False, 1
1962,0, 285, False, 1
1963,0, 285, False, 1
1964,0, 285, False, 1
1965,0, 285, False, 0
1966,0, 285, False, 0
1967,0, 285, False, 0
1968,0, 285, False, 0
1969,0, 285, False, 0
1970,0, 285, False, 0
1971,0, 285, False, 0
1972,0, 285, False, 0
1973,0, 285, False, 0
1974,0, 285, False, 0
1975,0, 285, False, 0
1976,0, 285, False, 1
1977,0, 285, False, 1
1978,0, 285, False, 1
1979,0, 285, False, 1
1980,0, 285, False, 1
1981,0, 285, False, 1
1982,0, 285, False, 0
1983,0, 285, False, 0
1984,0, 285, False, 0
1985,0, 285, False, 0
1986,0, 285, False, 0
1987,0, 285, False, 0
1988,0, 285, False, 0
1989,0, 285, False, 0
1990,0, 285, False, 0
1991,0, 285, False, 0
1992,0, 285, False, 0
1993,0, 285, False, 0
1994,0, 285, False, 0
1995,0, 285, False, 1
1996,0, 285, False, 1
1997,0, 285, False, 1
1998,0, 285, False, 1
1999,0, 285, False, 1
2000,0, 285, False, 1
2001,0, 285, False, 1
2002,0, 285, False, 0
2003,0, 285, False, 0
2004,0, 285, False, 0
2005,0, 285, False, 0
2006,0, 285, False, 0
2007,0, 285, False, 0
2008,0, 285, False, 0
2009,0, 285, False, 0
2010,0, 285, False, 0
2011,0, 285, False, 0
2012,0, 285, False, 1
2013,0, 285, False, 1
2014,0, 285, False, 1
2015,0, 285, False, 1
2016,0, 285, False, 1
2017,0, 285, False, 1
2018,0, 285, False, 0
2019,0, 285, False, 0
2020,0, 285, False, 0
2021,0, 285, False, 0
2022,0, 285, False, 0
2023,0, 285, False, 0
2024,0, 285, False, 0
2025,0, 285, False, 1
2026,0, 285, False, 1
2027,0, 285, False, 1
2028,0, 285, False, 1
2029,0, 285, False, 1
2030,0, 285, False, 1
2031,0, 285, False, 0
2032,0, 285, False, 0
2033,0, 285, False, 0
2034,0, 285, False, 0
2035,0, 285, False, 0
2036,0, 285, False, 0
2037,0, 285, False, 1
2038,0, 285, False, 1
2039,0, 285, False, 1
2040,0, 285, False, 1
2041,0, 285, False, 1
2042,0, 285, False, 0
2043,0, 285, False, 0
2044,0, 285, False, 0
2045,0, 285, False, 0
2046,0, 285, False, 0
2047,0, 285, False, 0
2048,0, 285, False, 1
2049,0, 285, False, 1
2050,0, 285, False, 1
2051,0, 285, False, 1
2052,0, 285, False, 1
2053,0, 285, False, 1
2054,0, 285, False, 0
2055,0, 285, False, 0
2056,0, 285, False, 0
2057,0, 285, False, 0
2058,0, 285, False, 0
2059,0, 285, False, 1
2060,0, 285, False, 1
2061,0, 285, False, 1
2062,0, 285, False, 1
2063,0, 285, False, 1
2064,0, 285, False, 1
2065,0, 285, False, 0
2066,0, 285, False, 0
2067,0, 285, False, 0
2068,0, 285, False, 0
2069,0, 285, False, 0
2070,0, 285, False, 0
2071,0, 285, False, 0
2072,0, 285, False, 1
2073,0, 285, False, 1
2074,0, 285, False, 1
2075,0, 285, False, 1
2076,0, 285, False, 1
2077,0, 285, False, 1
2078,0, 285, False, 1
2079,0, 285, False, 0
2080,0, 285, False, 0
2081,0, 285, False, 0
2082,0, 285, False, 0
2083,0, 285, False, 0
2084,0, 285, False, 4
2085,20, 305, False, 4
2086,0, 305, False, 4
2087,0, 305, False, 4
2088,0, 305, False, 4
2089,0, 305, False, 4
2090,0, 305, False, 4
2091,0, 305, False, 4
2092,0, 305, False, 4
2093,0, 305, False, 4
2094,0, 305, False, 4
2095,0, 305, False, 4
2096,0, 305, False, 4
2097,0, 305, False, 4
2098,0, 305, False, 4
2099,0, 305, False, 4
2100,0, 305, False, 4
2101,0, 305, False, 4
2102,0, 305, False, 4
2103,0, 305, False, 4
2104,0, 305, False, 4
2105,0, 305, False, 4
2106,0, 305, False, 4
2107,0, 305, False, 4
2108,0, 305, False, 4
2109,0, 305, False, 4
2110,0, 305, False, 4
2111,0, 305, False, 4
2112,0, 305, False, 4
2113,0, 305, False, 4
2114,0, 305, False, 4
2115,0, 305, False, 4
2116,0, 305, False, 4
2117,0, 305, False, 4
2118,0, 305, False, 4
2119,0, 305, False, 4
2120,0, 305, False, 4
2121,0, 305, False, 0
2122,0, 305, False, 1
2123,0, 305, False, 1
2124,0, 305, False, 1
2125,0, 305, False, 1
2126,0, 305, False, 1
2127,0, 305, False, 1
2128,0, 305, False, 1
2129,0, 305, False, 0
2130,0, 305, False, 0
2131,0, 305, False, 0
2132,0, 305, False, 0
2133,0, 305, False, 0
2134,0, 305, False, 0
2135,0, 305, False, 0
2136,0, 305, False, 0
2137,0, 305, False, 0
2138,0, 305, False, 0
2139,0, 305, False, 0
2140,0, 305, False, 0
2141,0, 305, False, 0
2142,0, 305, False, 0
2143,0, 305, False, 4
2144,0, 305, False, 4
2145,0, 305, False, 4
2146,0, 305, False, 4
2147,0, 305, False, 4
2148,0, 305, False, 4
2149,0, 305, False, 4
2150,0, 305, False, 4
2151,0, 305, False, 4
2152,0, 305, False, 4
2153,0, 305, False, 4
2154,0, 305, False, 4
2155,0, 305, False, 4
2156,0, 305, False, 4
2157,0, 305, False, 4
2158,0, 305, False, 4
2159,0, 305, False, 4
2160,0, 305, False, 4
2161,0, 305, False, 4
2162,0, 305, False, 4
2163,0, 305, False, 4
2164,0, 305, False, 4
2165,0, 305, False, 4
2166,0, 305, False, 0
2167,0, 305, False, 0
2168,0, 305, False, 1
2169,0, 305, False, 1
2170,0, 305, False, 1
2171,0, 305, False, 1
2172,0, 305, False, 1
2173,0, 305, False, 1
2174,0, 305, False, 1
2175,0, 305, False, 0
2176,0, 305, False, 0
2177,0, 305, False, 0
2178,0, 305, False, 0
2179,0, 305, False, 0
2180,0, 305, False, 0
2181,0, 305, False, 0
2182,0, 305, False, 0
2183,0, 305, False, 0
2184,0, 305, False, 0
2185,0, 305, False, 0
2186,0, 305, False, 0
2187,0, 305, False, 0
2188,0, 305, False, 0
2189,0, 305, False, 1
2190,0, 305, False, 1
2191,0, 305, False, 1
2192,0, 305, False, 1
2193,0, 305, False, 1
2194,0, 305, False, 1
2195,0, 305, False, 0
2196,0, 305, False, 0
2197,0, 305, False, 0
2198,0, 305, False, 0
2199,0, 305, False, 0
2200,0, 305, False, 0
2201,0, 305, False, 0
2202,0, 305, False, 0
2203,0, 305, False, 0
2204,0, 305, False, 0
2205,0, 305, False, 1
2206,0, 305, False, 1
2207,0, 305, False, 1
2208,0, 305, False, 1
2209,0, 305, False, 1
2210,0, 305, False, 1
2211,0, 305, False, 0
2212,0, 305, False, 0
2213,0, 305, False, 0
2214,0, 305, False, 0
2215,0, 305, False, 4
2216,0, 305, False, 4
2217,0, 305, False, 4
2218,0, 305, False, 4
2219,0, 305, False, 4
2220,0, 305, False, 4
2221,0, 305, False, 4
2222,0, 305, False, 4
2223,0, 305, False, 4
2224,0, 305, False, 0
2225,0, 305, False, 0
2226,0, 305, False, 0
2227,0, 305, False, 0
2228,0, 305, False, 0
2229,0, 305, False, 0
2230,0, 305, False, 0
2231,0, 305, False, 0
2232,0, 305, False, 0
2233,0, 305, False, 0
2234,0, 305, False, 0
2235,0, 305, False, 0
2236,0, 305, False, 0
2237,20, 325, False, 0
2238,0, 325, False, 0
2239,0, 325, False, 0
2240,0, 325, False, 0
2241,0, 325, False, 0
2242,0, 325, False, 0
2243,0, 325, False, 0
2244,0, 325, False, 0
2245,0, 325, False, 0
2246,0, 325, False, 3
2247,0, 325, False, 3
2248,0, 325, False, 3
2249,0, 325, False, 3
2250,0, 325, False, 3
2251,0, 325, False, 3
2252,0, 325, False, 3
2253,0, 325, False, 3
2254,0, 325, False, 3
2255,0, 325, False, 3
2256,0, 325, False, 3
2257,0, 325, False, 3
2258,0, 325, False, 3
2259,0, 325, False, 3
2260,0, 325, False, 3
2261,0, 325, False, 3
2262,0, 325, False, 3
2263,0, 325, False, 3
2264,0, 325, False, 3
2265,0, 325, False, 3
2266,0, 325, False, 3
2267,0, 325, False, 3
2268,0, 325, False, 0
2269,0, 325, False, 0
2270,0, 325, False, 0
2271,0, 325, False, 0
2272,0, 325, False, 0
2273,0, 325, False, 0
2274,0, 325, False, 0
2275,0, 325, False, 0
2276,0, 325, False, 3
2277,0, 325, False, 3
2278,0, 325, False, 3
2279,0, 325, False, 3
2280,0, 325, False, 3
2281,0, 325, False, 3
2282,0, 325, False, 3
2283,0, 325, False, 3
2284,0, 325, False, 3
2285,0, 325, False, 3
2286,0, 325, False, 3
2287,0, 325, False, 3
2288,0, 325, False, 3
2289,0, 325, False, 3
2290,0, 325, False, 3
2291,0, 325, False, 3
2292,0, 325, False, 3
2293,0, 325, False, 3
2294,0, 325, False, 3
2295,0, 325, False, 3
2296,0, 325, False, 3
2297,0, 325, False, 3
2298,0, 325, False, 0
2299,0, 325, False, 0
2300,0, 325, False, 1
2301,0, 325, False, 1
2302,0, 325, False, 1
2303,0, 325, False, 1
2304,0, 325, False, 1
2305,0, 325, False, 1
2306,0, 325, False, 1
2307,0, 325, False, 1
2308,0, 325, False, 0
2309,0, 325, False, 0
2310,0, 325, False, 0
2311,0, 325, False, 0
2312,0, 325, False, 0
2313,0, 325, False, 0
2314,0, 325, False, 0
2315,0, 325, False, 0
2316,0, 325, False, 0
2317,0, 325, False, 0
2318,0, 325, False, 0
2319,0, 325, False, 0
2320,0, 325, False, 0
2321,0, 325, False, 0
2322,0, 325, False, 0
2323,0, 325, False, 0
2324,0, 325, False, 0
2325,0, 325, False, 0
2326,0, 325, False, 0
2327,0, 325, False, 0
2328,0, 325, False, 0
2329,0, 325, False, 0
2330,0, 325, False, 0
2331,0, 325, False, 0
2332,0, 325, False, 0
2333,0, 325, False, 0
2334,0, 325, False, 0
2335,0, 325, False, 3
2336,0, 325, False, 3
2337,0, 325, False, 3
2338,0, 325, False, 3
2339,0, 325, False, 3
2340,0, 325, False, 3
2341,0, 325, False, 3
2342,0, 325, False, 3
2343,0, 325, False, 3
2344,0, 325, False, 3
2345,0, 325, False, 3
2346,0, 325, False, 3
2347,0, 325, False, 3
2348,0, 325, False, 3
2349,0, 325, False, 3
2350,0, 325, False, 3
2351,0, 325, False, 3
2352,0, 325, False, 3
2353,0, 325, False, 3
2354,0, 325, False, 3
2355,0, 325, False, 3
2356,0, 325, False, 3
2357,0, 325, False, 3
2358,0, 325, False, 3
2359,0, 325, False, 3
2360,0, 325, False, 3
2361,0, 325, False, 3
2362,0, 325, False, 3
2363,0, 325, False, 3
2364,0, 325, False, 3
2365,0, 325, False, 3
2366,0, 325, False, 3
2367,0, 325, False, 3
2368,0, 325, False, 3
2369,0, 325, False, 3
2370,0, 325, False, 3
2371,0, 325, False, 3
2372,0, 325, False, 3
2373,0, 325, False, 3
2374,0, 325, False, 3
2375,0, 325, False, 3
2376,0, 325, False, 3
2377,0, 325, False, 0
2378,0, 325, False, 0
2379,0, 325, False, 0
2380,0, 325, False, 0
2381,0, 325, False, 0
2382,0, 325, False, 0
2383,0, 325, False, 0
2384,0, 325, False, 0
2385,0, 325, False, 0
2386,0, 325, False, 0
2387,0, 325, False, 0
2388,0, 325, False, 0
2389,0, 325, False, 0
2390,0, 325, False, 0
2391,0, 325, False, 0
2392,0, 325, False, 0
2393,0, 325, False, 0
2394,0, 325, False, 0
2395,0, 325, False, 0
2396,0, 325, False, 0
2397,0, 325, False, 0
2398,0, 325, False, 0
2399,0, 325, False, 0
2400,0, 325, False, 0
2401,0, 325, False, 0
2402,0, 325, False, 0
2403,0, 325, False, 0
2404,0, 325, False, 0
2405,0, 325, False, 0
2406,0, 325, False, 0
2407,0, 325, False, 0
2408,0, 325, False, 0
2409,0, 325, False, 0
2410,0, 325, False, 0
2411,0, 325, False, 0
2412,0, 325, False, 0
2413,0, 325, False, 0
2414,0, 325, False, 0
2415,0, 325, False, 0
2416,0, 325, False, 0
2417,0, 325, False, 0
2418,0, 325, False, 0
2419,0, 325, False, 0
2420,0, 325, False, 0
2421,0, 325, False, 0
2422,0, 325, False, 0
2423,0, 325, False, 0
2424,0, 325, False, 0
2425,0, 325, False, 0
2426,0, 325, False, 0
2427,0, 325, False, 0
2428,0, 325, False, 0
2429,0, 325, False, 0
2430,0, 325, False, 0
2431,0, 325, False, 0
2432,0, 325, False, 0
2433,0, 325, False, 0
2434,0, 325, False, 0
2435,0, 325, False, 0
2436,0, 325, False, 0
2437,0, 325, False, 0
2438,0, 325, False, 0
2439,0, 325, False, 0
2440,0, 325, False, 0
2441,0, 325, False, 0
2442,0, 325, False, 0
2443,0, 325, False, 0
2444,0, 325, False, 0
2445,0, 325, False, 0
2446,0, 325, False, 0
2447,0, 325, False, 0
2448,0, 325, False, 0
2449,0, 325, False, 0
2450,0, 325, False, 0
2451,0, 325, False, 0
2452,0, 325, False, 0
2453,0, 325, False, 0
2454,0, 325, False, 0
2455,0, 325, False, 0
2456,0, 325, False, 0
2457,0, 325, False, 0
2458,0, 325, False, 0
2459,0, 325, False, 0
2460,0, 325, False, 0
2461,0, 325, False, 0
2462,0, 325, False, 0
2463,0, 325, False, 0
2464,0, 325, False, 0
2465,0, 325, False, 0
2466,0, 325, False, 0
2467,0, 325, False, 0
2468,0, 325, False, 0
2469,0, 325, False, 0
2470,0, 325, False, 1
2471,0, 325, False, 1
2472,0, 325, False, 1
2473,0, 325, False, 1
2474,0, 325, False, 1
2475,0, 325, False, 1
2476,0, 325, False, 0
2477,0, 325, False, 0
2478,0, 325, False, 0
2479,0, 325, False, 0
2480,0, 325, False, 0
2481,0, 325, False, 0
2482,0, 325, False, 0
2483,0, 325, False, 0
2484,0, 325, False, 0
2485,0, 325, False, 0
2486,0, 325, False, 0
2487,0, 325, False, 0
2488,0, 325, False, 0
2489,0, 325, False, 0
2490,0, 325, False, 0
2491,0, 325, False, 0
2492,0, 325, False, 0
2493,0, 325, False, 0
2494,0, 325, False, 0
2495,0, 325, False, 0
2496,0, 325, False, 0
2497,0, 325, False, 0
2498,0, 325, False, 0
2499,0, 325, False, 0
2500,0, 325, False, 0
2501,0, 325, False, 0
2502,0, 325, False, 0
2503,0, 325, False, 0
2504,0, 325, False, 0
2505,0, 325, False, 0
2506,0, 325, False, 0
2507,0, 325, False, 0
2508,0, 325, False, 0
2509,0, 325, False, 0
2510,0, 325, False, 0
2511,25, 350, False, 0
2512,0, 350, False, 0
2513,0, 350, False, 0
2514,0, 350, False, 0
2515,0, 350, False, 0
2516,0, 350, False, 0
2517,0, 350, False, 0
2518,0, 350, False, 0
2519,0, 350, False, 0
2520,0, 350, False, 0
2521,0, 350, False, 0
2522,0, 350, False, 0
2523,0, 350, False, 0
2524,0, 350, False, 0
2525,0, 350, False, 1
2526,0, 350, False, 1
2527,0, 350, False, 1
2528,0, 350, False, 1
2529,0, 350, False, 1
2530,0, 350, False, 1
2531,0, 350, False, 1
2532,0, 350, False, 0
2533,0, 350, False, 0
2534,0, 350, False, 0
2535,0, 350, False, 0
2536,0, 350, False, 0
2537,0, 350, False, 0
2538,0, 350, False, 0
2539,0, 350, False, 0
2540,0, 350, False, 0
2541,0, 350, False, 0
2542,0, 350, False, 0
2543,0, 350, False, 0
2544,0, 350, False, 0
2545,0, 350, False, 0
2546,0, 350, False, 0
2547,0, 350, False, 0
2548,0, 350, False, 0
2549,0, 350, False, 0
2550,0, 350, False, 0
2551,0, 350, False, 0
2552,0, 350, False, 0
2553,0, 350, False, 0
2554,0, 350, False, 0
2555,0, 350, False, 0
2556,0, 350, False, 0
2557,0, 350, False, 0
2558,0, 350, False, 0
2559,0, 350, False, 0
2560,0, 350, False, 0
2561,0, 350, False, 0
2562,0, 350, False, 0
2563,0, 350, False, 0
2564,0, 350, False, 0
2565,0, 350, False, 0
2566,0, 350, False, 0
2567,0, 350, False, 0
2568,0, 350, False, 0
2569,0, 350, False, 0
2570,0, 350, False, 0
2571,0, 350, False, 0
2572,0, 350, False, 0
2573,0, 350, False, 0
2574,0, 350, False, 0
2575,0, 350, False, 0
2576,0, 350, False, 0
2577,0, 350, False, 0
2578,0, 350, False, 0
2579,0, 350, False, 0
2580,0, 350, False, 0
2581,0, 350, False, 1
2582,0, 350, False, 1
2583,0, 350, False, 1
2584,0, 350, False, 1
2585,0, 350, False, 1
2586,0, 350, False, 1
2587,0, 350, False, 1
2588,0, 350, False, 0
2589,0, 350, False, 0
2590,0, 350, False, 0
2591,0, 350, False, 0
2592,0, 350, False, 0
2593,0, 350, False, 0
2594,0, 350, False, 0
2595,0, 350, False, 0
2596,0, 350, False, 0
2597,0, 350, False, 0
2598,0, 350, False, 0
2599,0, 350, False, 0
2600,0, 350, False, 0
2601,0, 350, False, 0
2602,0, 350, False, 0
2603,0, 350, False, 0
2604,0, 350, False, 0
2605,0, 350, False, 0
2606,0, 350, False, 0
2607,0, 350, False, 0
2608,0, 350, False, 0
2609,0, 350, False, 0
2610,0, 350, False, 0
2611,0, 350, False, 0
2612,0, 350, False, 0
2613,0, 350, False, 0
2614,0, 350, False, 0
2615,0, 350, False, 0
2616,0, 350, False, 0
2617,0, 350, False, 0
2618,0, 350, False, 0
2619,0, 350, False, 0
2620,0, 350, False, 0
2621,0, 350, False, 0
2622,0, 350, False, 0
2623,0, 350, False, 1
2624,0, 350, False, 1
2625,0, 350, False, 1
2626,0, 350, False, 1
2627,0, 350, False, 0
2628,0, 350, False, 0
2629,0, 350, False, 0
2630,0, 350, False, 0
2631,0, 350, False, 0
2632,0, 350, False, 0
2633,0, 350, False, 0
2634,0, 350, False, 0
2635,0, 350, False, 0
2636,0, 350, False, 0
2637,0, 350, False, 0
2638,0, 350, False, 0
2639,0, 350, False, 1
2640,0, 350, False, 1
2641,0, 350, False, 1
2642,0, 350, False, 1
2643,0, 350, False, 1
2644,0, 350, False, 0
2645,0, 350, False, 0
2646,0, 350, False, 0
2647,0, 350, False, 0
2648,0, 350, False, 0
2649,0, 350, False, 0
2650,0, 350, False, 0
2651,0, 350, False, 0
2652,0, 350, False, 0
2653,0, 350, False, 0
2654,0, 350, False, 0
2655,0, 350, False, 0
2656,0, 350, False, 0
2657,0, 350, False, 0
2658,0, 350, False, 0
2659,25, 375, False, 0
2660,0, 375, False, 1
2661,0, 375, False, 1
2662,0, 375, False, 1
2663,0, 375, False, 1
2664,0, 375, False, 1
2665,0, 375, False, 1
2666,0, 375, False, 0
2667,0, 375, False, 0
2668,0, 375, False, 0
2669,0, 375, False, 0
2670,0, 375, False, 0
2671,0, 375, False, 0
2672,0, 375, False, 1
2673,0, 375, False, 1
2674,0, 375, False, 1
2675,0, 375, False, 1
2676,0, 375, False, 1
2677,0, 375, False, 1
2678,0, 375, False, 1
2679,0, 375, False, 0
2680,0, 375, False, 4
2681,0, 375, False, 4
2682,0, 375, False, 4
2683,0, 375, False, 4
2684,0, 375, False, 4
2685,0, 375, False, 4
2686,0, 375, False, 4
2687,0, 375, False, 4
2688,0, 375, False, 4
2689,0, 375, False, 4
2690,0, 375, False, 4
2691,0, 375, False, 4
2692,0, 375, False, 4
2693,0, 375, False, 4
2694,0, 375, False, 4
2695,0, 375, False, 4
2696,0, 375, False, 4
2697,0, 375, False, 4
2698,0, 375, False, 4
2699,0, 375, False, 4
2700,0, 375, False, 4
2701,0, 375, False, 4
2702,0, 375, False, 4
2703,0, 375, False, 4
2704,0, 375, False, 4
2705,0, 375, False, 4
2706,0, 375, False, 4
2707,0, 375, False, 4
2708,0, 375, False, 4
2709,0, 375, False, 4
2710,0, 375, False, 4
2711,0, 375, False, 4
2712,0, 375, False, 4
2713,0, 375, False, 4
2714,0, 375, False, 4
2715,0, 375, False, 4
2716,0, 375, False, 4
2717,0, 375, False, 4
2718,0, 375, False, 4
2719,0, 375, False, 4
2720,0, 375, False, 4
2721,0, 375, False, 4
2722,0, 375, False, 4
2723,0, 375, False, 4
2724,0, 375, False, 4
2725,0, 375, False, 4
2726,0, 375, False, 4
2727,0, 375, False, 4
2728,0, 375, False, 4
2729,0, 375, False, 4
2730,0, 375, False, 4
2731,0, 375, False, 4
2732,0, 375, False, 4
2733,0, 375, False, 4
2734,0, 375, False, 4
2735,0, 375, False, 4
2736,0, 375, False, 4
2737,0, 375, False, 4
2738,0, 375, False, 4
2739,0, 375, False, 4
2740,0, 375, False, 4
2741,0, 375, False, 4
2742,0, 375, False, 4
2743,0, 375, False, 4
2744,0, 375, False, 4
2745,0, 375, False, 4
2746,0, 375, False, 4
2747,0, 375, False, 4
2748,0, 375, False, 4
2749,0, 375, False, 4
2750,0, 375, False, 4
2751,0, 375, False, 0
2752,0, 375, False, 0
2753,0, 375, False, 0
2754,0, 375, False, 0
2755,0, 375, False, 0
2756,0, 375, False, 0
2757,0, 375, False, 0
2758,0, 375, False, 1
2759,0, 375, False, 1
2760,0, 375, False, 1
2761,0, 375, False, 1
2762,0, 375, False, 1
2763,0, 375, False, 1
2764,0, 375, False, 0
2765,0, 375, False, 0
2766,0, 375, False, 0
2767,0, 375, False, 0
2768,0, 375, False, 0
2769,0, 375, False, 0
2770,0, 375, False, 0
2771,0, 375, False, 0
2772,0, 375, False, 0
2773,0, 375, False, 0
2774,0, 375, False, 0
2775,0, 375, False, 0
2776,0, 375, False, 0
2777,0, 375, False, 0
2778,0, 375, False, 0
2779,0, 375, False, 0
2780,0, 375, False, 0
2781,0, 375, False, 0
2782,0, 375, False, 0
2783,0, 375, False, 0
2784,0, 375, False, 0
2785,0, 375, False, 0
2786,0, 375, False, 0
2787,0, 375, False, 0
2788,0, 375, False, 0
2789,0, 375, False, 0
2790,0, 375, False, 0
2791,0, 375, False, 0
2792,0, 375, False, 0
2793,0, 375, False, 0
2794,0, 375, False, 0
2795,0, 375, False, 0
2796,0, 375, False, 0
2797,0, 375, False, 0
2798,0, 375, False, 0
2799,0, 375, False, 4
2800,0, 375, False, 4
2801,0, 375, False, 4
2802,0, 375, False, 4
2803,0, 375, False, 4
2804,0, 375, False, 4
2805,0, 375, False, 4
2806,0, 375, False, 4
2807,0, 375, False, 4
2808,0, 375, False, 4
2809,0, 375, False, 4
2810,0, 375, False, 4
2811,0, 375, False, 4
2812,0, 375, False, 4
2813,0, 375, False, 4
2814,0, 375, False, 4
2815,0, 375, False, 4
2816,0, 375, False, 4
2817,0, 375, False, 4
2818,0, 375, False, 4
2819,0, 375, False, 4
2820,0, 375, False, 4
2821,0, 375, False, 4
2822,0, 375, False, 4
2823,0, 375, False, 4
2824,0, 375, False, 4
2825,0, 375, False, 4
2826,0, 375, False, 4
2827,0, 375, False, 4
2828,0, 375, False, 4
2829,0, 375, False, 4
2830,0, 375, False, 4
2831,0, 375, False, 0
2832,0, 375, False, 1
2833,0, 375, False, 1
2834,0, 375, False, 1
2835,0, 375, False, 1
2836,0, 375, False, 1
2837,0, 375, False, 1
2838,0, 375, False, 0
2839,0, 375, False, 0
2840,0, 375, False, 0
2841,0, 375, False, 0
2842,0, 375, False, 0
2843,0, 375, False, 0
2844,0, 375, False, 0
2845,0, 375, False, 0
2846,0, 375, False, 0
2847,0, 375, False, 0
2848,0, 375, False, 0
2849,0, 375, False, 0
2850,0, 375, False, 0
2851,0, 375, False, 0
2852,0, 375, False, 0
2853,0, 375, False, 0
2854,0, 375, False, 0
2855,0, 375, False, 0
2856,0, 375, False, 0
2857,0, 375, False, 0
2858,0, 375, False, 0
2859,0, 375, False, 0
2860,0, 375, False, 0
2861,0, 375, False, 0
2862,0, 375, False, 0
2863,0, 375, False, 0
2864,0, 375, False, 0
2865,0, 375, False, 0
2866,0, 375, False, 0
2867,0, 375, False, 0
2868,0, 375, False, 0
2869,0, 375, False, 0
2870,0, 375, False, 0
2871,0, 375, False, 0
2872,0, 375, False, 0
2873,0, 375, False, 0
2874,0, 375, False, 0
2875,0, 375, False, 0
2876,0, 375, False, 0
2877,0, 375, False, 0
2878,0, 375, False, 0
2879,0, 375, False, 0
2880,0, 375, False, 0
2881,0, 375, False, 0
2882,0, 375, False, 0
2883,0, 375, False, 0
2884,0, 375, False, 0
2885,0, 375, False, 1
2886,0, 375, False, 1
2887,0, 375, False, 1
2888,0, 375, False, 1
2889,0, 375, False, 0
2890,0, 375, False, 0
2891,0, 375, False, 0
2892,0, 375, False, 0
2893,0, 375, False, 0
2894,0, 375, False, 0
2895,0, 375, False, 0
2896,0, 375, False, 0
2897,0, 375, False, 0
2898,0, 375, False, 0
2899,0, 375, False, 0
2900,0, 375, False, 0
2901,0, 375, False, 0
2902,0, 375, False, 0
2903,0, 375, False, 0
2904,0, 375, False, 0
2905,0, 375, False, 0
2906,0, 375, False, 0
2907,0, 375, False, 0
2908,0, 375, False, 0
2909,0, 375, False, 0
2910,0, 375, False, 0
2911,0, 375, False, 0
2912,0, 375, False, 0
2913,0, 375, False, 0
2914,0, 375, False, 0
2915,0, 375, False, 0
2916,0, 375, False, 0
2917,0, 375, False, 0
2918,0, 375, False, 0
2919,0, 375, False, 0
2920,0, 375, False, 0
2921,0, 375, False, 0
2922,0, 375, False, 0
2923,0, 375, False, 0
2924,0, 375, False, 4
2925,30, 405, False, 4
2926,0, 405, False, 4
2927,0, 405, False, 4
2928,0, 405, False, 4
2929,0, 405, False, 4
2930,0, 405, False, 4
2931,0, 405, False, 4
2932,0, 405, False, 4
2933,0, 405, False, 4
2934,0, 405, False, 4
2935,0, 405, False, 4
2936,0, 405, False, 4
2937,0, 405, False, 4
2938,0, 405, False, 4
2939,0, 405, False, 4
2940,0, 405, False, 4
2941,0, 405, False, 4
2942,0, 405, False, 4
2943,0, 405, False, 4
2944,0, 405, False, 4
2945,0, 405, False, 4
2946,0, 405, False, 4
2947,0, 405, False, 4
2948,0, 405, False, 4
2949,0, 405, False, 4
2950,0, 405, False, 4
2951,0, 405, False, 4
2952,0, 405, False, 4
2953,0, 405, False, 4
2954,0, 405, False, 0
2955,0, 405, False, 0
2956,0, 405, False, 0
2957,0, 405, False, 0
2958,0, 405, False, 1
2959,0, 405, False, 1
2960,0, 405, False, 1
2961,0, 405, False, 1
2962,0, 405, False, 1
2963,0, 405, False, 1
2964,0, 405, False, 0
2965,0, 405, False, 0
2966,0, 405, False, 0
2967,0, 405, False, 0
2968,0, 405, False, 0
2969,0, 405, False, 0
2970,0, 405, False, 0
2971,0, 405, False, 0
2972,0, 405, False, 0
2973,0, 405, False, 0
2974,0, 405, False, 0
2975,0, 405, False, 0
2976,0, 405, False, 0
2977,0, 405, False, 0
2978,0, 405, False, 0
2979,0, 405, False, 0
2980,0, 405, False, 0
2981,0, 405, False, 0
2982,0, 405, False, 0
2983,0, 405, False, 0
2984,0, 405, False, 0
2985,0, 405, False, 0
2986,0, 405, False, 0
2987,0, 405, False, 0
2988,0, 405, False, 0
2989,0, 405, False, 0
2990,0, 405, False, 0
2991,25, 430, False, 0
2992,0, 430, False, 0
2993,0, 430, False, 0
2994,0, 430, False, 0
2995,0, 430, False, 0
2996,0, 430, False, 0
2997,0, 430, False, 0
2998,0, 430, False, 0
2999,0, 430, False, 0
3000,0, 430, False, 0
3001,0, 430, False, 0
3002,0, 430, False, 0
3003,0, 430, False, 0
3004,0, 430, False, 0
3005,0, 430, False, 0
3006,0, 430, False, 0
3007,0, 430, False, 0
3008,0, 430, False, 0
3009,0, 430, False, 0
3010,0, 430, False, 0
3011,0, 430, False, 0
3012,0, 430, False, 0
3013,0, 430, False, 0
3014,0, 430, False, 0
3015,0, 430, False, 0
3016,0, 430, False, 0
3017,0, 430, False, 0
3018,0, 430, False, 0
3019,0, 430, False, 0
3020,0, 430, False, 0
3021,0, 430, False, 0
3022,0, 430, False, 0
3023,0, 430, False, 0
3024,0, 430, False, 0
3025,0, 430, False, 0
3026,0, 430, False, 0
3027,0, 430, False, 0
3028,0, 430, False, 0
3029,0, 430, False, 0
3030,0, 430, False, 0
3031,0, 430, False, 0
3032,0, 430, False, 0
3033,0, 430, False, 0
3034,0, 430, False, 0
3035,0, 430, False, 0
3036,0, 430, False, 0
3037,0, 430, False, 0
3038,0, 430, False, 0
3039,0, 430, False, 0
3040,0, 430, False, 0
3041,0, 430, False, 0
3042,0, 430, False, 0
3043,0, 430, False, 0
3044,0, 430, False, 0
3045,0, 430, False, 0
3046,0, 430, False, 0
3047,0, 430, False, 0
3048,0, 430, False, 0
3049,0, 430, False, 0
3050,0, 430, False, 0
3051,0, 430, False, 0
3052,0, 430, False, 1
3053,0, 430, False, 1
3054,0, 430, False, 1
3055,0, 430, False, 1
3056,0, 430, False, 1
3057,0, 430, False, 0
3058,0, 430, False, 0
3059,0, 430, False, 0
3060,0, 430, False, 0
3061,0, 430, False, 0
3062,0, 430, False, 0
3063,0, 430, False, 0
3064,0, 430, False, 0
3065,0, 430, False, 0
3066,0, 430, False, 0
3067,0, 430, False, 0
3068,0, 430, False, 0
3069,0, 430, False, 0
3070,0, 430, False, 0
3071,0, 430, False, 0
3072,0, 430, False, 0
3073,0, 430, False, 0
3074,0, 430, False, 0
3075,0, 430, False, 0
3076,0, 430, False, 0
3077,0, 430, False, 0
3078,0, 430, False, 0
3079,0, 430, False, 0
3080,0, 430, False, 0
3081,0, 430, False, 0
3082,0, 430, False, 0
3083,0, 430, False, 0
3084,0, 430, False, 0
3085,0, 430, False, 0
3086,0, 430, False, 0
3087,0, 430, False, 0
3088,0, 430, False, 0
3089,0, 430, False, 0
3090,0, 430, False, 0
3091,0, 430, False, 0
3092,0, 430, False, 0
3093,0, 430, False, 0
3094,0, 430, False, 0
3095,0, 430, False, 0
3096,0, 430, False, 0
3097,0, 430, False, 0
3098,0, 430, False, 0
3099,0, 430, False, 0
3100,0, 430, False, 0
3101,0, 430, False, 0
3102,0, 430, False, 0
3103,0, 430, False, 0
3104,0, 430, False, 0
3105,0, 430, False, 0
3106,0, 430, False, 0
3107,0, 430, False, 3
3108,0, 430, False, 3
3109,0, 430, False, 0
3110,0, 430, False, 0
3111,0, 430, False, 0
3112,0, 430, False, 0
3113,0, 430, False, 0
3114,0, 430, False, 0
3115,0, 430, False, 0
3116,0, 430, False, 0
3117,0, 430, False, 0
3118,0, 430, False, 0
3119,0, 430, False, 0
3120,0, 430, False, 0
3121,0, 430, False, 0
3122,0, 430, False, 0
3123,0, 430, False, 0
3124,0, 430, False, 0
3125,0, 430, False, 0
3126,0, 430, False, 0
3127,0, 430, False, 0
3128,0, 430, False, 0
3129,0, 430, False, 0
3130,0, 430, False, 0
3131,0, 430, False, 0
3132,0, 430, False, 0
3133,0, 430, False, 0
3134,0, 430, False, 0
3135,0, 430, False, 0
3136,0, 430, False, 1
3137,0, 430, False, 1
3138,0, 430, False, 1
3139,0, 430, False, 1
3140,0, 430, False, 1
3141,0, 430, False, 1
3142,0, 430, False, 0
3143,0, 430, False, 0
3144,0, 430, False, 0
3145,0, 430, False, 0
3146,0, 430, False, 0
3147,0, 430, False, 0
3148,0, 430, False, 0
3149,0, 430, False, 0
3150,0, 430, False, 0
3151,0, 430, False, 0
3152,0, 430, False, 0
3153,0, 430, False, 0
3154,0, 430, False, 0
3155,0, 430, False, 0
3156,0, 430, False, 0
3157,0, 430, False, 0
3158,0, 430, False, 0
3159,0, 430, False, 0
3160,0, 430, False, 0
3161,0, 430, False, 0
3162,0, 430, False, 0
3163,0, 430, False, 0
3164,0, 430, False, 0
3165,0, 430, False, 0
3166,0, 430, False, 0
3167,0, 430, False, 0
3168,0, 430, False, 0
3169,0, 430, False, 0
3170,0, 430, False, 0
3171,0, 430, False, 0
3172,0, 430, False, 0
3173,0, 430, False, 0
3174,0, 430, False, 0
3175,0, 430, False, 0
3176,0, 430, False, 0
3177,0, 430, False, 0
3178,0, 430, False, 0
3179,0, 430, False, 0
3180,0, 430, False, 0
3181,0, 430, False, 0
3182,0, 430, False, 0
3183,0, 430, False, 0
3184,0, 430, False, 3
3185,0, 430, False, 3
3186,0, 430, False, 3
3187,0, 430, False, 3
3188,0, 430, False, 3
3189,0, 430, False, 3
3190,0, 430, False, 3
3191,0, 430, False, 3
3192,0, 430, False, 3
3193,0, 430, False, 3
3194,0, 430, False, 3
3195,0, 430, False, 3
3196,0, 430, False, 3
3197,0, 430, False, 3
3198,0, 430, False, 3
3199,0, 430, False, 3
3200,0, 430, False, 3
3201,0, 430, False, 3
3202,0, 430, False, 3
3203,0, 430, False, 3
3204,0, 430, False, 3
3205,0, 430, False, 3
3206,0, 430, False, 3
3207,0, 430, False, 3
3208,0, 430, False, 3
3209,0, 430, False, 3
3210,0, 430, False, 3
3211,0, 430, False, 3
3212,0, 430, False, 3
3213,0, 430, False, 3
3214,0, 430, False, 0
3215,0, 430, False, 0
3216,0, 430, False, 1
3217,0, 430, False, 1
3218,0, 430, False, 1
3219,0, 430, False, 1
3220,0, 430, False, 1
3221,0, 430, False, 1
3222,0, 430, False, 1
3223,0, 430, False, 1
3224,0, 430, False, 0
3225,0, 430, False, 0
3226,0, 430, False, 0
3227,0, 430, False, 0
3228,0, 430, False, 0
3229,0, 430, False, 0
3230,0, 430, False, 0
3231,0, 430, False, 0
3232,0, 430, False, 0
3233,0, 430, False, 0
3234,0, 430, False, 0
3235,0, 430, False, 0
3236,0, 430, False, 0
3237,0, 430, False, 0
3238,0, 430, False, 0
3239,0, 430, False, 0
3240,0, 430, False, 0
3241,0, 430, False, 3
3242,0, 430, False, 3
3243,0, 430, False, 3
3244,0, 430, False, 3
3245,0, 430, False, 3
3246,0, 430, False, 3
3247,0, 430, False, 3
3248,0, 430, False, 3
3249,0, 430, False, 3
3250,0, 430, False, 3
3251,0, 430, False, 3
3252,0, 430, False, 3
3253,0, 430, False, 3
3254,0, 430, False, 3
3255,0, 430, False, 3
3256,0, 430, False, 3
3257,0, 430, False, 3
3258,0, 430, False, 3
3259,0, 430, False, 3
3260,0, 430, False, 3
3261,0, 430, False, 3
3262,0, 430, False, 3
3263,0, 430, False, 3
3264,0, 430, False, 3
3265,0, 430, False, 3
3266,0, 430, False, 3
3267,0, 430, False, 3
3268,0, 430, False, 3
3269,0, 430, False, 3
3270,0, 430, False, 3
3271,0, 430, False, 3
3272,0, 430, False, 3
3273,0, 430, False, 3
3274,0, 430, False, 3
3275,0, 430, False, 3
3276,0, 430, False, 3
3277,0, 430, False, 3
3278,0, 430, False, 3
3279,0, 430, False, 3
3280,0, 430, False, 3
3281,0, 430, False, 3
3282,0, 430, False, 3
3283,0, 430, False, 3
3284,0, 430, False, 3
3285,0, 430, False, 3
3286,0, 430, False, 3
3287,0, 430, False, 3
3288,0, 430, False, 3
3289,0, 430, False, 3
3290,0, 430, False, 3
3291,0, 430, False, 3
3292,0, 430, False, 3
3293,0, 430, False, 11
3294,0, 430, False, 11
3295,0, 430, False, 1
3296,0, 430, False, 1
3297,0, 430, False, 1
3298,0, 430, False, 0
3299,0, 430, False, 0
3300,0, 430, False, 0
3301,0, 430, False, 0
3302,0, 430, False, 0
3303,0, 430, False, 0
3304,0, 430, False, 0
3305,0, 430, False, 0
3306,0, 430, False, 0
3307,0, 430, False, 0
3308,0, 430, False, 0
3309,0, 430, False, 0
3310,0, 430, False, 0
3311,0, 430, False, 0
3312,0, 430, False, 0
3313,0, 430, False, 0
3314,0, 430, False, 0
3315,0, 430, False, 0
3316,0, 430, False, 0
3317,0, 430, False, 0
3318,0, 430, False, 0
3319,0, 430, False, 1
3320,0, 430, False, 1
3321,0, 430, False, 1
3322,0, 430, False, 1
3323,0, 430, False, 1
3324,0, 430, False, 1
3325,0, 430, False, 1
3326,0, 430, False, 0
3327,0, 430, False, 0
3328,0, 430, False, 0
3329,0, 430, False, 0
3330,0, 430, False, 0
3331,0, 430, False, 0
3332,0, 430, False, 1
3333,0, 430, False, 1
3334,0, 430, False, 1
3335,0, 430, False, 1
3336,0, 430, False, 1
3337,0, 430, False, 1
3338,0, 430, False, 0
3339,0, 430, False, 0
3340,0, 430, False, 0
3341,0, 430, False, 0
3342,0, 430, False, 0
3343,25, 455, False, 0
3344,0, 455, False, 0
3345,0, 455, False, 0
3346,0, 455, False, 0
3347,0, 455, False, 0
3348,0, 455, False, 0
3349,0, 455, False, 0
3350,0, 455, False, 0
3351,0, 455, False, 0
3352,0, 455, False, 0
3353,0, 455, False, 0
3354,0, 455, False, 0
3355,0, 455, False, 0
3356,0, 455, False, 0
3357,0, 455, False, 0
3358,0, 455, False, 0
3359,0, 455, False, 0
3360,0, 455, False, 0
3361,0, 455, False, 0
3362,0, 455, False, 0
3363,0, 455, False, 0
3364,0, 455, False, 0
3365,0, 455, False, 3
3366,0, 455, False, 3
3367,0, 455, False, 3
3368,0, 455, False, 3
3369,0, 455, False, 3
3370,0, 455, False, 3
3371,0, 455, False, 11
3372,0, 455, False, 11
3373,0, 455, False, 11
3374,0, 455, False, 1
3375,0, 455, False, 1
3376,0, 455, False, 0
3377,0, 455, False, 0
3378,0, 455, False, 0
3379,0, 455, False, 0
3380,0, 455, False, 0
3381,0, 455, False, 0
3382,0, 455, False, 0
3383,0, 455, False, 0
3384,0, 455, False, 1
3385,0, 455, False, 1
3386,0, 455, False, 1
3387,0, 455, False, 1
3388,0, 455, False, 1
3389,0, 455, False, 11
3390,0, 455, False, 3
3391,0, 455, False, 3
3392,0, 455, False, 3
3393,0, 455, False, 3
3394,0, 455, False, 3
3395,0, 455, False, 3
3396,0, 455, False, 0
3397,0, 455, False, 0
3398,0, 455, False, 0
3399,0, 455, False, 0
3400,0, 455, False, 0
3401,0, 455, False, 0
3402,0, 455, False, 0
3403,0, 455, False, 0
3404,0, 455, False, 3
3405,0, 455, False, 3
3406,0, 455, False, 3
3407,0, 455, False, 3
3408,0, 455, False, 3
3409,0, 455, False, 3
3410,0, 455, False, 3
3411,0, 455, False, 3
3412,0, 455, False, 3
3413,0, 455, False, 3
3414,0, 455, False, 3
3415,0, 455, False, 3
3416,0, 455, False, 3
3417,0, 455, False, 3
3418,0, 455, False, 3
3419,0, 455, False, 3
3420,0, 455, False, 3
3421,0, 455, False, 3
3422,0, 455, False, 3
3423,0, 455, False, 11
3424,0, 455, False, 1
3425,0, 455, False, 1
3426,0, 455, False, 1
3427,0, 455, False, 1
3428,0, 455, False, 1
3429,0, 455, False, 0
3430,0, 455, False, 0
3431,0, 455, False, 0
3432,0, 455, False, 0
3433,0, 455, False, 0
3434,0, 455, False, 0
3435,0, 455, False, 0
3436,0, 455, False, 0
3437,0, 455, False, 0
3438,0, 455, False, 0
3439,0, 455, False, 0
3440,0, 455, False, 0
3441,0, 455, False, 0
3442,0, 455, False, 0
3443,0, 455, False, 0
3444,0, 455, False, 0
3445,0, 455, False, 0
3446,0, 455, False, 0
3447,0, 455, False, 0
3448,0, 455, False, 3
3449,0, 455, False, 3
3450,0, 455, False, 3
3451,0, 455, False, 3
3452,0, 455, False, 3
3453,0, 455, False, 3
3454,0, 455, False, 3
3455,0, 455, False, 3
3456,0, 455, False, 3
3457,0, 455, False, 3
3458,0, 455, False, 3
3459,0, 455, False, 3
3460,0, 455, False, 3
3461,0, 455, False, 3
3462,0, 455, False, 11
3463,0, 455, False, 11
3464,0, 455, False, 1
3465,0, 455, False, 1
3466,0, 455, False, 1
3467,0, 455, False, 1
3468,0, 455, False, 0
3469,0, 455, False, 0
3470,0, 455, False, 0
3471,0, 455, False, 0
3472,0, 455, False, 0
3473,0, 455, False, 1
3474,0, 455, False, 1
3475,0, 455, False, 1
3476,0, 455, False, 1
3477,0, 455, False, 1
3478,0, 455, False, 0
3479,0, 455, False, 0
3480,0, 455, False, 0
3481,0, 455, False, 0
3482,0, 455, False, 0
3483,0, 455, False, 0
3484,0, 455, False, 4
3485,0, 455, False, 4
3486,0, 455, False, 4
3487,0, 455, False, 4
3488,0, 455, False, 4
3489,0, 455, False, 4
3490,0, 455, False, 4
3491,0, 455, False, 4
3492,0, 455, False, 4
3493,0, 455, False, 4
3494,0, 455, False, 4
3495,0, 455, False, 4
3496,0, 455, False, 4
3497,0, 455, False, 4
3498,0, 455, False, 4
3499,0, 455, False, 4
3500,0, 455, False, 4
3501,0, 455, False, 4
3502,0, 455, False, 4
3503,0, 455, False, 4
3504,0, 455, False, 4
3505,0, 455, False, 4
3506,0, 455, False, 4
3507,0, 455, False, 4
3508,0, 455, False, 4
3509,0, 455, False, 4
3510,0, 455, False, 4
3511,0, 455, False, 4
3512,0, 455, False, 4
3513,0, 455, False, 4
3514,0, 455, False, 4
3515,0, 455, False, 4
3516,0, 455, False, 4
3517,0, 455, False, 4
3518,0, 455, False, 4
3519,0, 455, False, 4
3520,0, 455, False, 4
3521,0, 455, False, 4
3522,0, 455, False, 4
3523,0, 455, False, 4
3524,0, 455, False, 4
3525,0, 455, False, 4
3526,0, 455, False, 12
3527,0, 455, False, 1
3528,0, 455, False, 1
3529,0, 455, False, 1
3530,0, 455, False, 1
3531,0, 455, False, 0
3532,0, 455, False, 0
3533,0, 455, False, 0
3534,0, 455, False, 0
3535,0, 455, False, 0
3536,0, 455, False, 0
3537,0, 455, False, 0
3538,0, 455, False, 0
3539,0, 455, False, 0
3540,0, 455, False, 0
3541,0, 455, False, 0
3542,0, 455, False, 0
3543,0, 455, False, 0
3544,0, 455, False, 0
3545,0, 455, False, 0
3546,0, 455, False, 4
3547,0, 455, False, 4
3548,0, 455, False, 4
3549,0, 455, False, 4
3550,0, 455, False, 4
3551,0, 455, False, 4
3552,0, 455, False, 4
3553,0, 455, False, 4
3554,0, 455, False, 4
3555,0, 455, False, 4
3556,0, 455, False, 4
3557,0, 455, False, 4
3558,0, 455, False, 4
3559,0, 455, False, 4
3560,0, 455, False, 4
3561,0, 455, False, 4
3562,0, 455, False, 4
3563,0, 455, False, 12
3564,0, 455, False, 1
3565,0, 455, False, 1
3566,0, 455, False, 1
3567,0, 455, False, 1
3568,0, 455, False, 0
3569,0, 455, False, 0
3570,0, 455, False, 0
3571,0, 455, False, 0
3572,0, 455, False, 0
3573,0, 455, False, 0
3574,0, 455, False, 0
3575,0, 455, False, 0
3576,0, 455, False, 0
3577,0, 455, False, 0
3578,0, 455, False, 1
3579,0, 455, False, 1
3580,0, 455, False, 1
3581,0, 455, False, 1
3582,0, 455, False, 1
3583,0, 455, False, 1
3584,0, 455, False, 1
3585,0, 455, False, 0
3586,0, 455, False, 0
3587,0, 455, False, 0
3588,0, 455, False, 0
3589,0, 455, False, 0
3590,0, 455, False, 1
3591,0, 455, False, 1
3592,0, 455, False, 12
3593,0, 455, False, 12
3594,0, 455, False, 12
3595,0, 455, False, 4
3596,0, 455, False, 4
3597,0, 455, False, 4
3598,0, 455, False, 4
3599,0, 455, False, 4
3600,0, 455, False, 4
3601,0, 455, False, 4
3602,0, 455, False, 4
3603,0, 455, False, 4
3604,0, 455, False, 4
3605,0, 455, False, 4
3606,0, 455, False, 12
3607,0, 455, False, 12
3608,0, 455, False, 12
3609,0, 455, False, 1
3610,0, 455, False, 1
3611,0, 455, False, 0
3612,0, 455, False, 0
3613,0, 455, False, 0
3614,0, 455, False, 0
3615,0, 455, False, 0
3616,0, 455, False, 0
3617,0, 455, False, 0
3618,0, 455, False, 0
3619,0, 455, False, 0
3620,0, 455, False, 0
3621,0, 455, False, 0
3622,0, 455, False, 0
3623,0, 455, False, 0
3624,0, 455, False, 0
3625,0, 455, False, 0
3626,0, 455, False, 0
3627,0, 455, False, 0
3628,0, 455, False, 0
3629,0, 455, False, 0
3630,0, 455, False, 0
3631,0, 455, False, 0
3632,0, 455, False, 0
3633,0, 455, False, 0
3634,0, 455, False, 0
3635,0, 455, False, 0
3636,0, 455, False, 0
3637,0, 455, False, 0
3638,0, 455, False, 0
3639,0, 455, False, 0
3640,0, 455, False, 0
3641,0, 455, False, 0
3642,0, 455, False, 0
3643,0, 455, False, 0
3644,0, 455, False, 0
3645,0, 455, False, 0
3646,0, 455, False, 0
3647,0, 455, False, 0
3648,0, 455, False, 0
3649,0, 455, False, 0
3650,0, 455, False, 0
3651,0, 455, False, 0
3652,0, 455, False, 0
3653,0, 455, False, 0
3654,0, 455, False, 0
3655,0, 455, False, 0
3656,0, 455, False, 0
3657,0, 455, False, 0
3658,0, 455, False, 0
3659,0, 455, False, 0
3660,0, 455, False, 0
3661,0, 455, False, 0
3662,0, 455, False, 0
3663,0, 455, False, 0
3664,0, 455, False, 0
3665,0, 455, False, 0
3666,0, 455, False, 0
3667,0, 455, False, 0
3668,0, 455, False, 0
3669,0, 455, False, 0
3670,0, 455, False, 0
3671,0, 455, False, 0
3672,0, 455, False, 0
3673,0, 455, False, 0
3674,0, 455, False, 0
3675,0, 455, False, 0
3676,0, 455, False, 0
3677,0, 455, False, 0
3678,0, 455, False, 0
3679,0, 455, False, 0
3680,0, 455, False, 0
3681,0, 455, False, 0
3682,0, 455, False, 0
3683,0, 455, False, 0
3684,0, 455, False, 0
3685,0, 455, False, 0
3686,0, 455, False, 0
3687,0, 455, False, 0
3688,0, 455, False, 0
3689,0, 455, False, 0
3690,0, 455, False, 0
3691,0, 455, False, 0
3692,0, 455, False, 0
3693,0, 455, False, 0
3694,0, 455, False, 0
3695,0, 455, False, 0
3696,0, 455, False, 0
