db traj id : 2884
frame,reward,score,terminal, action
0,0, 0, False, 0
1,0, 0, False, 0
2,0, 0, False, 0
3,0, 0, False, 0
4,0, 0, False, 0
5,0, 0, False, 0
6,0, 0, False, 0
7,0, 0, False, 0
8,0, 0, False, 0
9,0, 0, False, 0
10,0, 0, False, 0
11,0, 0, False, 0
12,0, 0, False, 0
13,0, 0, False, 0
14,0, 0, False, 0
15,0, 0, False, 0
16,0, 0, False, 0
17,0, 0, False, 0
18,0, 0, False, 0
19,0, 0, False, 0
20,0, 0, False, 0
21,0, 0, False, 0
22,0, 0, False, 0
23,0, 0, False, 0
24,0, 0, False, 0
25,0, 0, False, 0
26,0, 0, False, 0
27,0, 0, False, 0
28,0, 0, False, 0
29,0, 0, False, 0
30,0, 0, False, 0
31,0, 0, False, 0
32,0, 0, False, 0
33,0, 0, False, 0
34,0, 0, False, 0
35,0, 0, False, 0
36,0, 0, False, 0
37,0, 0, False, 0
38,0, 0, False, 0
39,0, 0, False, 0
40,0, 0, False, 0
41,0, 0, False, 0
42,0, 0, False, 0
43,0, 0, False, 0
44,0, 0, False, 0
45,0, 0, False, 0
46,0, 0, False, 0
47,0, 0, False, 0
48,0, 0, False, 0
49,0, 0, False, 0
50,0, 0, False, 0
51,0, 0, False, 0
52,0, 0, False, 0
53,0, 0, False, 0
54,0, 0, False, 0
55,0, 0, False, 0
56,0, 0, False, 0
57,0, 0, False, 0
58,0, 0, False, 0
59,0, 0, False, 0
60,0, 0, False, 0
61,0, 0, False, 0
62,0, 0, False, 0
63,0, 0, False, 0
64,0, 0, False, 0
65,0, 0, False, 0
66,0, 0, False, 0
67,0, 0, False, 0
68,0, 0, False, 0
69,0, 0, False, 0
70,0, 0, False, 0
71,0, 0, False, 0
72,0, 0, False, 0
73,0, 0, False, 0
74,0, 0, False, 0
75,0, 0, False, 4
76,0, 0, False, 4
77,0, 0, False, 4
78,0, 0, False, 4
79,0, 0, False, 4
80,0, 0, False, 4
81,0, 0, False, 4
82,0, 0, False, 4
83,0, 0, False, 4
84,0, 0, False, 4
85,0, 0, False, 4
86,0, 0, False, 4
87,0, 0, False, 4
88,0, 0, False, 4
89,0, 0, False, 4
90,0, 0, False, 4
91,0, 0, False, 4
92,0, 0, False, 4
93,0, 0, False, 4
94,0, 0, False, 4
95,0, 0, False, 4
96,0, 0, False, 4
97,0, 0, False, 0
98,0, 0, False, 0
99,0, 0, False, 0
100,0, 0, False, 0
101,0, 0, False, 0
102,0, 0, False, 0
103,0, 0, False, 0
104,0, 0, False, 0
105,0, 0, False, 4
106,0, 0, False, 4
107,0, 0, False, 4
108,0, 0, False, 4
109,0, 0, False, 4
110,0, 0, False, 4
111,0, 0, False, 4
112,0, 0, False, 4
113,0, 0, False, 4
114,0, 0, False, 4
115,0, 0, False, 4
116,0, 0, False, 4
117,0, 0, False, 4
118,0, 0, False, 4
119,0, 0, False, 4
120,0, 0, False, 4
121,0, 0, False, 4
122,0, 0, False, 4
123,0, 0, False, 4
124,0, 0, False, 4
125,0, 0, False, 4
126,0, 0, False, 4
127,0, 0, False, 4
128,0, 0, False, 4
129,0, 0, False, 4
130,0, 0, False, 4
131,0, 0, False, 4
132,0, 0, False, 4
133,0, 0, False, 4
134,0, 0, False, 4
135,0, 0, False, 4
136,0, 0, False, 0
137,0, 0, False, 0
138,0, 0, False, 0
139,0, 0, False, 0
140,0, 0, False, 0
141,0, 0, False, 0
142,0, 0, False, 0
143,0, 0, False, 0
144,0, 0, False, 0
145,0, 0, False, 0
146,0, 0, False, 0
147,0, 0, False, 0
148,0, 0, False, 0
149,0, 0, False, 0
150,0, 0, False, 0
151,0, 0, False, 0
152,0, 0, False, 0
153,0, 0, False, 0
154,0, 0, False, 0
155,0, 0, False, 0
156,0, 0, False, 0
157,0, 0, False, 0
158,0, 0, False, 0
159,0, 0, False, 0
160,0, 0, False, 0
161,0, 0, False, 0
162,0, 0, False, 0
163,0, 0, False, 0
164,0, 0, False, 0
165,0, 0, False, 0
166,0, 0, False, 0
167,0, 0, False, 0
168,0, 0, False, 0
169,0, 0, False, 0
170,0, 0, False, 0
171,0, 0, False, 0
172,0, 0, False, 0
173,0, 0, False, 0
174,0, 0, False, 0
175,0, 0, False, 0
176,0, 0, False, 0
177,0, 0, False, 0
178,0, 0, False, 0
179,0, 0, False, 0
180,0, 0, False, 0
181,0, 0, False, 0
182,0, 0, False, 0
183,0, 0, False, 0
184,0, 0, False, 0
185,0, 0, False, 0
186,0, 0, False, 0
187,0, 0, False, 0
188,0, 0, False, 0
189,0, 0, False, 0
190,0, 0, False, 0
191,0, 0, False, 0
192,0, 0, False, 0
193,0, 0, False, 0
194,0, 0, False, 0
195,0, 0, False, 0
196,0, 0, False, 0
197,0, 0, False, 0
198,0, 0, False, 0
199,0, 0, False, 0
200,0, 0, False, 0
201,0, 0, False, 0
202,0, 0, False, 0
203,0, 0, False, 0
204,0, 0, False, 0
205,0, 0, False, 0
206,0, 0, False, 0
207,0, 0, False, 0
208,0, 0, False, 0
209,0, 0, False, 0
210,0, 0, False, 0
211,0, 0, False, 0
212,0, 0, False, 0
213,0, 0, False, 0
214,0, 0, False, 0
215,0, 0, False, 0
216,0, 0, False, 0
217,0, 0, False, 0
218,0, 0, False, 0
219,0, 0, False, 0
220,0, 0, False, 0
221,0, 0, False, 0
222,0, 0, False, 0
223,0, 0, False, 0
224,0, 0, False, 0
225,0, 0, False, 0
226,0, 0, False, 0
227,0, 0, False, 0
228,0, 0, False, 0
229,0, 0, False, 0
230,0, 0, False, 0
231,0, 0, False, 0
232,0, 0, False, 0
233,0, 0, False, 0
234,0, 0, False, 0
235,0, 0, False, 0
236,0, 0, False, 0
237,0, 0, False, 0
238,0, 0, False, 0
239,0, 0, False, 0
240,0, 0, False, 0
241,0, 0, False, 0
242,0, 0, False, 0
243,0, 0, False, 0
244,0, 0, False, 0
245,0, 0, False, 0
246,0, 0, False, 0
247,0, 0, False, 0
248,0, 0, False, 0
249,0, 0, False, 0
250,0, 0, False, 0
251,0, 0, False, 0
252,0, 0, False, 0
253,0, 0, False, 0
254,0, 0, False, 0
255,0, 0, False, 0
256,0, 0, False, 0
257,0, 0, False, 0
258,0, 0, False, 0
259,0, 0, False, 0
260,0, 0, False, 0
261,0, 0, False, 0
262,0, 0, False, 0
263,0, 0, False, 0
264,0, 0, False, 0
265,0, 0, False, 0
266,0, 0, False, 1
267,0, 0, False, 1
268,0, 0, False, 1
269,0, 0, False, 1
270,0, 0, False, 1
271,0, 0, False, 1
272,0, 0, False, 0
273,0, 0, False, 0
274,0, 0, False, 0
275,0, 0, False, 0
276,0, 0, False, 0
277,0, 0, False, 0
278,0, 0, False, 0
279,0, 0, False, 0
280,0, 0, False, 0
281,0, 0, False, 0
282,0, 0, False, 0
283,0, 0, False, 0
284,0, 0, False, 0
285,0, 0, False, 0
286,0, 0, False, 0
287,0, 0, False, 0
288,0, 0, False, 0
289,0, 0, False, 0
290,0, 0, False, 0
291,0, 0, False, 0
292,0, 0, False, 0
293,0, 0, False, 0
294,0, 0, False, 0
295,0, 0, False, 0
296,0, 0, False, 0
297,0, 0, False, 0
298,0, 0, False, 0
299,0, 0, False, 0
300,0, 0, False, 0
301,0, 0, False, 0
302,0, 0, False, 0
303,0, 0, False, 0
304,0, 0, False, 0
305,0, 0, False, 0
306,0, 0, False, 0
307,0, 0, False, 0
308,0, 0, False, 0
309,0, 0, False, 0
310,0, 0, False, 0
311,0, 0, False, 0
312,0, 0, False, 0
313,0, 0, False, 0
314,0, 0, False, 1
315,0, 0, False, 1
316,0, 0, False, 1
317,0, 0, False, 1
318,0, 0, False, 1
319,0, 0, False, 0
320,0, 0, False, 0
321,0, 0, False, 0
322,0, 0, False, 0
323,0, 0, False, 0
324,0, 0, False, 0
325,0, 0, False, 0
326,0, 0, False, 0
327,0, 0, False, 0
328,0, 0, False, 0
329,0, 0, False, 0
330,0, 0, False, 0
331,0, 0, False, 0
332,0, 0, False, 0
333,0, 0, False, 0
334,0, 0, False, 1
335,0, 0, False, 1
336,0, 0, False, 1
337,0, 0, False, 1
338,0, 0, False, 1
339,0, 0, False, 1
340,0, 0, False, 1
341,0, 0, False, 0
342,0, 0, False, 0
343,0, 0, False, 0
344,0, 0, False, 0
345,0, 0, False, 0
346,0, 0, False, 0
347,0, 0, False, 0
348,0, 0, False, 0
349,0, 0, False, 1
350,0, 0, False, 1
351,0, 0, False, 1
352,0, 0, False, 1
353,0, 0, False, 1
354,0, 0, False, 1
355,0, 0, False, 1
356,0, 0, False, 1
357,0, 0, False, 0
358,0, 0, False, 0
359,0, 0, False, 0
360,0, 0, False, 0
361,0, 0, False, 0
362,0, 0, False, 0
363,0, 0, False, 1
364,0, 0, False, 1
365,0, 0, False, 1
366,0, 0, False, 1
367,0, 0, False, 1
368,0, 0, False, 1
369,0, 0, False, 0
370,0, 0, False, 0
371,0, 0, False, 0
372,0, 0, False, 0
373,0, 0, False, 0
374,0, 0, False, 0
375,0, 0, False, 0
376,0, 0, False, 0
377,0, 0, False, 1
378,0, 0, False, 1
379,0, 0, False, 1
380,0, 0, False, 1
381,0, 0, False, 1
382,0, 0, False, 1
383,0, 0, False, 0
384,0, 0, False, 0
385,0, 0, False, 0
386,0, 0, False, 0
387,0, 0, False, 0
388,0, 0, False, 0
389,0, 0, False, 0
390,10, 10, False, 0
391,0, 10, False, 1
392,0, 10, False, 1
393,0, 10, False, 1
394,0, 10, False, 1
395,0, 10, False, 1
396,0, 10, False, 1
397,0, 10, False, 0
398,0, 10, False, 0
399,0, 10, False, 0
400,0, 10, False, 0
401,0, 10, False, 0
402,0, 10, False, 1
403,0, 10, False, 1
404,0, 10, False, 1
405,0, 10, False, 1
406,0, 10, False, 1
407,0, 10, False, 1
408,0, 10, False, 1
409,0, 10, False, 0
410,0, 10, False, 0
411,0, 10, False, 0
412,0, 10, False, 0
413,0, 10, False, 0
414,0, 10, False, 0
415,0, 10, False, 0
416,5, 15, False, 1
417,0, 15, False, 1
418,0, 15, False, 1
419,0, 15, False, 1
420,0, 15, False, 1
421,0, 15, False, 1
422,0, 15, False, 1
423,0, 15, False, 0
424,0, 15, False, 3
425,0, 15, False, 3
426,0, 15, False, 3
427,0, 15, False, 3
428,0, 15, False, 3
429,0, 15, False, 3
430,0, 15, False, 3
431,0, 15, False, 3
432,0, 15, False, 3
433,0, 15, False, 3
434,0, 15, False, 3
435,0, 15, False, 3
436,0, 15, False, 3
437,0, 15, False, 3
438,0, 15, False, 3
439,0, 15, False, 3
440,0, 15, False, 3
441,0, 15, False, 3
442,0, 15, False, 3
443,0, 15, False, 3
444,0, 15, False, 3
445,0, 15, False, 3
446,0, 15, False, 3
447,0, 15, False, 3
448,0, 15, False, 3
449,0, 15, False, 3
450,0, 15, False, 3
451,0, 15, False, 3
452,0, 15, False, 3
453,0, 15, False, 3
454,0, 15, False, 3
455,0, 15, False, 3
456,0, 15, False, 3
457,0, 15, False, 3
458,0, 15, False, 3
459,0, 15, False, 0
460,15, 30, False, 0
461,0, 30, False, 0
462,0, 30, False, 0
463,0, 30, False, 0
464,0, 30, False, 0
465,0, 30, False, 1
466,0, 30, False, 1
467,0, 30, False, 1
468,0, 30, False, 1
469,0, 30, False, 1
470,0, 30, False, 1
471,0, 30, False, 0
472,0, 30, False, 0
473,0, 30, False, 0
474,0, 30, False, 0
475,0, 30, False, 0
476,0, 30, False, 0
477,0, 30, False, 0
478,0, 30, False, 0
479,0, 30, False, 1
480,0, 30, False, 1
481,0, 30, False, 1
482,0, 30, False, 1
483,0, 30, False, 1
484,0, 30, False, 1
485,0, 30, False, 1
486,0, 30, False, 0
487,0, 30, False, 0
488,0, 30, False, 0
489,0, 30, False, 0
490,0, 30, False, 0
491,0, 30, False, 0
492,5, 35, False, 1
493,0, 35, False, 1
494,0, 35, False, 1
495,0, 35, False, 1
496,0, 35, False, 1
497,0, 35, False, 1
498,0, 35, False, 1
499,0, 35, False, 0
500,0, 35, False, 0
501,0, 35, False, 0
502,0, 35, False, 0
503,0, 35, False, 0
504,0, 35, False, 0
505,0, 35, False, 1
506,0, 35, False, 1
507,0, 35, False, 1
508,0, 35, False, 1
509,0, 35, False, 1
510,0, 35, False, 0
511,0, 35, False, 0
512,0, 35, False, 0
513,0, 35, False, 0
514,0, 35, False, 0
515,0, 35, False, 0
516,0, 35, False, 0
517,0, 35, False, 0
518,0, 35, False, 1
519,0, 35, False, 1
520,0, 35, False, 1
521,0, 35, False, 1
522,0, 35, False, 1
523,0, 35, False, 1
524,0, 35, False, 1
525,0, 35, False, 0
526,10, 45, False, 0
527,0, 45, False, 0
528,0, 45, False, 0
529,0, 45, False, 0
530,0, 45, False, 1
531,0, 45, False, 1
532,0, 45, False, 1
533,0, 45, False, 1
534,0, 45, False, 1
535,0, 45, False, 0
536,0, 45, False, 0
537,0, 45, False, 3
538,0, 45, False, 3
539,0, 45, False, 3
540,0, 45, False, 3
541,0, 45, False, 3
542,0, 45, False, 3
543,0, 45, False, 3
544,0, 45, False, 3
545,0, 45, False, 3
546,0, 45, False, 3
547,0, 45, False, 3
548,0, 45, False, 3
549,0, 45, False, 3
550,0, 45, False, 3
551,0, 45, False, 3
552,0, 45, False, 3
553,0, 45, False, 3
554,0, 45, False, 3
555,0, 45, False, 3
556,0, 45, False, 3
557,0, 45, False, 3
558,0, 45, False, 3
559,0, 45, False, 3
560,0, 45, False, 3
561,0, 45, False, 3
562,0, 45, False, 3
563,0, 45, False, 3
564,0, 45, False, 3
565,0, 45, False, 3
566,0, 45, False, 3
567,0, 45, False, 3
568,0, 45, False, 0
569,0, 45, False, 0
570,0, 45, False, 0
571,0, 45, False, 0
572,0, 45, False, 1
573,0, 45, False, 1
574,0, 45, False, 1
575,0, 45, False, 1
576,15, 60, False, 1
577,0, 60, False, 1
578,0, 60, False, 0
579,0, 60, False, 0
580,0, 60, False, 0
581,0, 60, False, 0
582,0, 60, False, 0
583,0, 60, False, 1
584,0, 60, False, 1
585,0, 60, False, 1
586,0, 60, False, 1
587,0, 60, False, 1
588,0, 60, False, 1
589,0, 60, False, 1
590,0, 60, False, 0
591,0, 60, False, 0
592,0, 60, False, 0
593,0, 60, False, 0
594,0, 60, False, 0
595,0, 60, False, 0
596,0, 60, False, 0
597,0, 60, False, 1
598,0, 60, False, 1
599,0, 60, False, 1
600,0, 60, False, 1
601,0, 60, False, 1
602,5, 65, False, 1
603,0, 65, False, 0
604,0, 65, False, 0
605,0, 65, False, 3
606,0, 65, False, 3
607,0, 65, False, 3
608,0, 65, False, 3
609,0, 65, False, 3
610,0, 65, False, 3
611,0, 65, False, 3
612,0, 65, False, 3
613,0, 65, False, 3
614,0, 65, False, 11
615,0, 65, False, 11
616,0, 65, False, 11
617,0, 65, False, 1
618,0, 65, False, 1
619,0, 65, False, 1
620,0, 65, False, 1
621,0, 65, False, 0
622,0, 65, False, 0
623,0, 65, False, 0
624,0, 65, False, 0
625,0, 65, False, 0
626,0, 65, False, 0
627,0, 65, False, 0
628,0, 65, False, 0
629,0, 65, False, 0
630,0, 65, False, 0
631,0, 65, False, 0
632,0, 65, False, 0
633,0, 65, False, 0
634,0, 65, False, 0
635,0, 65, False, 0
636,0, 65, False, 0
637,0, 65, False, 0
638,0, 65, False, 0
639,0, 65, False, 0
640,0, 65, False, 0
641,0, 65, False, 0
642,0, 65, False, 0
643,0, 65, False, 3
644,0, 65, False, 3
645,0, 65, False, 3
646,0, 65, False, 3
647,0, 65, False, 3
648,0, 65, False, 3
649,0, 65, False, 3
650,0, 65, False, 3
651,0, 65, False, 3
652,0, 65, False, 3
653,0, 65, False, 3
654,0, 65, False, 3
655,0, 65, False, 3
656,0, 65, False, 3
657,0, 65, False, 3
658,0, 65, False, 3
659,0, 65, False, 3
660,0, 65, False, 3
661,0, 65, False, 3
662,0, 65, False, 3
663,0, 65, False, 3
664,0, 65, False, 3
665,0, 65, False, 3
666,0, 65, False, 3
667,0, 65, False, 3
668,0, 65, False, 3
669,0, 65, False, 3
670,0, 65, False, 3
671,0, 65, False, 3
672,0, 65, False, 3
673,0, 65, False, 3
674,0, 65, False, 3
675,0, 65, False, 3
676,0, 65, False, 3
677,0, 65, False, 3
678,0, 65, False, 3
679,0, 65, False, 11
680,0, 65, False, 1
681,0, 65, False, 1
682,0, 65, False, 1
683,0, 65, False, 1
684,0, 65, False, 0
685,0, 65, False, 0
686,0, 65, False, 0
687,0, 65, False, 0
688,0, 65, False, 0
689,0, 65, False, 0
690,0, 65, False, 1
691,0, 65, False, 1
692,0, 65, False, 1
693,0, 65, False, 1
694,0, 65, False, 1
695,0, 65, False, 1
696,0, 65, False, 0
697,0, 65, False, 0
698,0, 65, False, 0
699,0, 65, False, 0
700,0, 65, False, 0
701,0, 65, False, 0
702,0, 65, False, 0
703,0, 65, False, 1
704,0, 65, False, 1
705,0, 65, False, 1
706,5, 70, False, 1
707,0, 70, False, 1
708,0, 70, False, 1
709,0, 70, False, 1
710,0, 70, False, 0
711,0, 70, False, 0
712,0, 70, False, 0
713,0, 70, False, 0
714,0, 70, False, 0
715,0, 70, False, 0
716,0, 70, False, 0
717,0, 70, False, 1
718,0, 70, False, 1
719,0, 70, False, 1
720,0, 70, False, 1
721,0, 70, False, 1
722,0, 70, False, 1
723,0, 70, False, 0
724,0, 70, False, 0
725,0, 70, False, 0
726,0, 70, False, 0
727,0, 70, False, 0
728,0, 70, False, 0
729,0, 70, False, 0
730,0, 70, False, 1
731,0, 70, False, 1
732,0, 70, False, 1
733,0, 70, False, 1
734,0, 70, False, 1
735,0, 70, False, 1
736,0, 70, False, 0
737,0, 70, False, 0
738,0, 70, False, 0
739,0, 70, False, 0
740,10, 80, False, 0
741,0, 80, False, 0
742,0, 80, False, 1
743,0, 80, False, 1
744,0, 80, False, 1
745,0, 80, False, 1
746,0, 80, False, 1
747,0, 80, False, 1
748,0, 80, False, 0
749,0, 80, False, 0
750,0, 80, False, 0
751,0, 80, False, 0
752,0, 80, False, 0
753,0, 80, False, 1
754,0, 80, False, 1
755,0, 80, False, 1
756,0, 80, False, 1
757,0, 80, False, 1
758,0, 80, False, 1
759,0, 80, False, 1
760,0, 80, False, 0
761,0, 80, False, 0
762,0, 80, False, 0
763,0, 80, False, 0
764,0, 80, False, 0
765,0, 80, False, 1
766,0, 80, False, 1
767,0, 80, False, 1
768,0, 80, False, 1
769,0, 80, False, 1
770,0, 80, False, 1
771,0, 80, False, 1
772,0, 80, False, 1
773,0, 80, False, 0
774,0, 80, False, 0
775,0, 80, False, 0
776,0, 80, False, 0
777,0, 80, False, 1
778,0, 80, False, 1
779,0, 80, False, 1
780,0, 80, False, 1
781,0, 80, False, 1
782,0, 80, False, 1
783,0, 80, False, 1
784,0, 80, False, 0
785,0, 80, False, 0
786,15, 95, False, 0
787,0, 95, False, 0
788,0, 95, False, 0
789,0, 95, False, 0
790,0, 95, False, 0
791,0, 95, False, 1
792,0, 95, False, 1
793,0, 95, False, 1
794,0, 95, False, 1
795,0, 95, False, 1
796,0, 95, False, 1
797,0, 95, False, 1
798,0, 95, False, 0
799,0, 95, False, 0
800,0, 95, False, 0
801,0, 95, False, 0
802,0, 95, False, 0
803,0, 95, False, 1
804,0, 95, False, 1
805,0, 95, False, 1
806,0, 95, False, 1
807,0, 95, False, 1
808,0, 95, False, 1
809,0, 95, False, 1
810,0, 95, False, 0
811,0, 95, False, 0
812,0, 95, False, 0
813,0, 95, False, 0
814,0, 95, False, 0
815,0, 95, False, 0
816,0, 95, False, 1
817,0, 95, False, 1
818,0, 95, False, 1
819,0, 95, False, 1
820,0, 95, False, 1
821,0, 95, False, 1
822,0, 95, False, 0
823,0, 95, False, 0
824,0, 95, False, 0
825,0, 95, False, 0
826,0, 95, False, 0
827,0, 95, False, 0
828,0, 95, False, 0
829,0, 95, False, 0
830,0, 95, False, 0
831,0, 95, False, 0
832,0, 95, False, 0
833,0, 95, False, 0
834,0, 95, False, 0
835,0, 95, False, 0
836,0, 95, False, 0
837,0, 95, False, 0
838,0, 95, False, 0
839,0, 95, False, 0
840,0, 95, False, 0
841,0, 95, False, 0
842,20, 115, False, 0
843,0, 115, False, 0
844,0, 115, False, 0
845,0, 115, False, 0
846,0, 115, False, 0
847,0, 115, False, 0
848,0, 115, False, 0
849,0, 115, False, 0
850,0, 115, False, 0
851,0, 115, False, 0
852,0, 115, False, 0
853,0, 115, False, 0
854,0, 115, False, 0
855,0, 115, False, 0
856,0, 115, False, 0
857,0, 115, False, 0
858,0, 115, False, 4
859,0, 115, False, 4
860,0, 115, False, 4
861,0, 115, False, 4
862,0, 115, False, 4
863,0, 115, False, 4
864,0, 115, False, 4
865,0, 115, False, 4
866,0, 115, False, 4
867,0, 115, False, 4
868,0, 115, False, 4
869,0, 115, False, 4
870,0, 115, False, 4
871,0, 115, False, 4
872,0, 115, False, 4
873,0, 115, False, 4
874,0, 115, False, 4
875,0, 115, False, 4
876,0, 115, False, 0
877,0, 115, False, 0
878,0, 115, False, 0
879,0, 115, False, 1
880,0, 115, False, 1
881,0, 115, False, 1
882,0, 115, False, 1
883,0, 115, False, 1
884,0, 115, False, 1
885,0, 115, False, 1
886,0, 115, False, 0
887,0, 115, False, 0
888,0, 115, False, 0
889,0, 115, False, 0
890,0, 115, False, 0
891,0, 115, False, 0
892,0, 115, False, 1
893,0, 115, False, 1
894,0, 115, False, 1
895,0, 115, False, 1
896,0, 115, False, 1
897,0, 115, False, 1
898,0, 115, False, 1
899,0, 115, False, 1
900,0, 115, False, 1
901,0, 115, False, 0
902,0, 115, False, 0
903,0, 115, False, 0
904,0, 115, False, 0
905,0, 115, False, 0
906,0, 115, False, 0
907,0, 115, False, 0
908,0, 115, False, 1
909,0, 115, False, 1
910,0, 115, False, 1
911,0, 115, False, 1
912,0, 115, False, 1
913,0, 115, False, 1
914,10, 125, False, 1
915,0, 125, False, 0
916,0, 125, False, 0
917,0, 125, False, 0
918,0, 125, False, 0
919,0, 125, False, 0
920,0, 125, False, 0
921,0, 125, False, 1
922,0, 125, False, 1
923,0, 125, False, 1
924,0, 125, False, 1
925,0, 125, False, 1
926,0, 125, False, 1
927,0, 125, False, 0
928,0, 125, False, 0
929,0, 125, False, 0
930,0, 125, False, 0
931,0, 125, False, 0
932,0, 125, False, 1
933,0, 125, False, 1
934,0, 125, False, 1
935,0, 125, False, 1
936,0, 125, False, 1
937,0, 125, False, 1
938,0, 125, False, 1
939,0, 125, False, 0
940,0, 125, False, 0
941,0, 125, False, 0
942,0, 125, False, 0
943,0, 125, False, 0
944,0, 125, False, 0
945,0, 125, False, 0
946,0, 125, False, 1
947,0, 125, False, 1
948,0, 125, False, 1
949,0, 125, False, 1
950,0, 125, False, 1
951,0, 125, False, 1
952,0, 125, False, 1
953,0, 125, False, 0
954,0, 125, False, 0
955,0, 125, False, 0
956,0, 125, False, 0
957,0, 125, False, 0
958,0, 125, False, 0
959,0, 125, False, 1
960,0, 125, False, 1
961,0, 125, False, 1
962,0, 125, False, 1
963,0, 125, False, 1
964,15, 140, False, 1
965,0, 140, False, 1
966,0, 140, False, 1
967,0, 140, False, 0
968,0, 140, False, 0
969,0, 140, False, 0
970,0, 140, False, 0
971,0, 140, False, 0
972,0, 140, False, 0
973,0, 140, False, 0
974,0, 140, False, 1
975,0, 140, False, 1
976,0, 140, False, 1
977,0, 140, False, 1
978,0, 140, False, 1
979,0, 140, False, 1
980,0, 140, False, 1
981,0, 140, False, 0
982,0, 140, False, 0
983,0, 140, False, 0
984,0, 140, False, 0
985,0, 140, False, 0
986,0, 140, False, 0
987,0, 140, False, 1
988,0, 140, False, 1
989,0, 140, False, 1
990,0, 140, False, 1
991,0, 140, False, 1
992,0, 140, False, 1
993,0, 140, False, 1
994,0, 140, False, 0
995,0, 140, False, 0
996,0, 140, False, 0
997,0, 140, False, 0
998,0, 140, False, 0
999,0, 140, False, 0
1000,0, 140, False, 0
1001,0, 140, False, 1
1002,0, 140, False, 1
1003,0, 140, False, 1
1004,0, 140, False, 1
1005,0, 140, False, 1
1006,0, 140, False, 1
1007,0, 140, False, 1
1008,0, 140, False, 1
1009,0, 140, False, 0
1010,0, 140, False, 0
1011,0, 140, False, 0
1012,20, 160, False, 0
1013,0, 160, False, 0
1014,0, 160, False, 0
1015,0, 160, False, 1
1016,0, 160, False, 1
1017,0, 160, False, 1
1018,0, 160, False, 1
1019,0, 160, False, 1
1020,0, 160, False, 1
1021,0, 160, False, 1
1022,0, 160, False, 1
1023,0, 160, False, 0
1024,0, 160, False, 0
1025,0, 160, False, 0
1026,0, 160, False, 0
1027,0, 160, False, 0
1028,0, 160, False, 1
1029,0, 160, False, 1
1030,0, 160, False, 1
1031,0, 160, False, 1
1032,0, 160, False, 1
1033,0, 160, False, 1
1034,0, 160, False, 1
1035,0, 160, False, 1
1036,0, 160, False, 0
1037,0, 160, False, 0
1038,0, 160, False, 0
1039,0, 160, False, 0
1040,0, 160, False, 0
1041,0, 160, False, 0
1042,0, 160, False, 0
1043,0, 160, False, 0
1044,0, 160, False, 0
1045,0, 160, False, 0
1046,0, 160, False, 0
1047,0, 160, False, 0
1048,0, 160, False, 0
1049,0, 160, False, 0
1050,0, 160, False, 0
1051,0, 160, False, 0
1052,0, 160, False, 0
1053,0, 160, False, 0
1054,0, 160, False, 3
1055,0, 160, False, 3
1056,0, 160, False, 3
1057,0, 160, False, 3
1058,0, 160, False, 3
1059,0, 160, False, 3
1060,0, 160, False, 3
1061,0, 160, False, 3
1062,0, 160, False, 3
1063,0, 160, False, 3
1064,0, 160, False, 3
1065,0, 160, False, 3
1066,0, 160, False, 3
1067,0, 160, False, 0
1068,0, 160, False, 0
1069,0, 160, False, 0
1070,0, 160, False, 0
1071,0, 160, False, 0
1072,0, 160, False, 1
1073,0, 160, False, 1
1074,0, 160, False, 1
1075,0, 160, False, 1
1076,0, 160, False, 1
1077,0, 160, False, 1
1078,0, 160, False, 1
1079,0, 160, False, 1
1080,0, 160, False, 1
1081,0, 160, False, 0
1082,0, 160, False, 0
1083,0, 160, False, 0
1084,0, 160, False, 0
1085,0, 160, False, 3
1086,0, 160, False, 3
1087,0, 160, False, 3
1088,0, 160, False, 3
1089,0, 160, False, 3
1090,0, 160, False, 3
1091,0, 160, False, 3
1092,0, 160, False, 3
1093,0, 160, False, 3
1094,0, 160, False, 3
1095,0, 160, False, 0
1096,0, 160, False, 0
1097,0, 160, False, 0
1098,0, 160, False, 0
1099,0, 160, False, 0
1100,0, 160, False, 0
1101,0, 160, False, 0
1102,0, 160, False, 0
1103,0, 160, False, 0
1104,0, 160, False, 0
1105,0, 160, False, 0
1106,0, 160, False, 0
1107,0, 160, False, 0
1108,0, 160, False, 0
1109,0, 160, False, 1
1110,0, 160, False, 1
1111,0, 160, False, 1
1112,0, 160, False, 1
1113,0, 160, False, 1
1114,0, 160, False, 1
1115,0, 160, False, 1
1116,0, 160, False, 0
1117,0, 160, False, 0
1118,0, 160, False, 0
1119,0, 160, False, 0
1120,0, 160, False, 0
1121,0, 160, False, 0
1122,0, 160, False, 0
1123,0, 160, False, 0
1124,0, 160, False, 1
1125,0, 160, False, 1
1126,0, 160, False, 1
1127,0, 160, False, 1
1128,0, 160, False, 1
1129,0, 160, False, 1
1130,0, 160, False, 0
1131,0, 160, False, 0
1132,0, 160, False, 0
1133,0, 160, False, 0
1134,0, 160, False, 0
1135,0, 160, False, 0
1136,0, 160, False, 0
1137,0, 160, False, 0
1138,0, 160, False, 0
1139,0, 160, False, 0
1140,0, 160, False, 0
1141,0, 160, False, 0
1142,0, 160, False, 0
1143,0, 160, False, 0
1144,0, 160, False, 0
1145,0, 160, False, 0
1146,0, 160, False, 0
1147,0, 160, False, 0
1148,0, 160, False, 0
1149,0, 160, False, 0
1150,0, 160, False, 0
1151,0, 160, False, 3
1152,0, 160, False, 3
1153,0, 160, False, 3
1154,0, 160, False, 3
1155,0, 160, False, 3
1156,0, 160, False, 3
1157,0, 160, False, 3
1158,0, 160, False, 0
1159,0, 160, False, 0
1160,0, 160, False, 0
1161,0, 160, False, 0
1162,0, 160, False, 0
1163,0, 160, False, 0
1164,0, 160, False, 0
1165,0, 160, False, 0
1166,25, 185, False, 0
1167,0, 185, False, 0
1168,0, 185, False, 0
1169,0, 185, False, 0
1170,0, 185, False, 0
1171,0, 185, False, 0
1172,0, 185, False, 0
1173,0, 185, False, 3
1174,0, 185, False, 3
1175,0, 185, False, 3
1176,0, 185, False, 3
1177,0, 185, False, 3
1178,0, 185, False, 3
1179,0, 185, False, 3
1180,0, 185, False, 3
1181,0, 185, False, 0
1182,0, 185, False, 0
1183,0, 185, False, 0
1184,0, 185, False, 0
1185,0, 185, False, 0
1186,0, 185, False, 0
1187,0, 185, False, 0
1188,0, 185, False, 0
1189,0, 185, False, 0
1190,0, 185, False, 0
1191,0, 185, False, 0
1192,0, 185, False, 0
1193,0, 185, False, 0
1194,0, 185, False, 0
1195,0, 185, False, 0
1196,0, 185, False, 3
1197,0, 185, False, 3
1198,0, 185, False, 3
1199,0, 185, False, 3
1200,0, 185, False, 3
1201,0, 185, False, 3
1202,0, 185, False, 3
1203,0, 185, False, 0
1204,0, 185, False, 0
1205,0, 185, False, 0
1206,0, 185, False, 0
1207,0, 185, False, 0
1208,0, 185, False, 0
1209,0, 185, False, 0
1210,0, 185, False, 0
1211,0, 185, False, 1
1212,0, 185, False, 1
1213,0, 185, False, 1
1214,0, 185, False, 1
1215,0, 185, False, 0
1216,0, 185, False, 0
1217,0, 185, False, 0
1218,0, 185, False, 0
1219,0, 185, False, 0
1220,0, 185, False, 0
1221,0, 185, False, 0
1222,0, 185, False, 0
1223,0, 185, False, 0
1224,0, 185, False, 0
1225,0, 185, False, 0
1226,0, 185, False, 0
1227,0, 185, False, 0
1228,0, 185, False, 0
1229,0, 185, False, 4
1230,0, 185, False, 4
1231,0, 185, False, 4
1232,0, 185, False, 4
1233,0, 185, False, 4
1234,0, 185, False, 4
1235,0, 185, False, 4
1236,0, 185, False, 4
1237,0, 185, False, 4
1238,0, 185, False, 4
1239,0, 185, False, 0
1240,0, 185, False, 0
1241,0, 185, False, 1
1242,0, 185, False, 1
1243,0, 185, False, 1
1244,0, 185, False, 1
1245,0, 185, False, 1
1246,0, 185, False, 1
1247,0, 185, False, 1
1248,0, 185, False, 1
1249,0, 185, False, 0
1250,0, 185, False, 0
1251,0, 185, False, 0
1252,0, 185, False, 0
1253,0, 185, False, 0
1254,0, 185, False, 0
1255,0, 185, False, 1
1256,0, 185, False, 1
1257,0, 185, False, 1
1258,0, 185, False, 1
1259,0, 185, False, 1
1260,0, 185, False, 0
1261,0, 185, False, 0
1262,0, 185, False, 0
1263,0, 185, False, 0
1264,5, 190, False, 0
1265,0, 190, False, 0
1266,0, 190, False, 1
1267,0, 190, False, 1
1268,0, 190, False, 1
1269,0, 190, False, 1
1270,0, 190, False, 1
1271,0, 190, False, 1
1272,0, 190, False, 0
1273,0, 190, False, 0
1274,0, 190, False, 0
1275,0, 190, False, 0
1276,0, 190, False, 0
1277,0, 190, False, 0
1278,0, 190, False, 1
1279,0, 190, False, 1
1280,0, 190, False, 1
1281,0, 190, False, 1
1282,0, 190, False, 1
1283,0, 190, False, 1
1284,0, 190, False, 0
1285,0, 190, False, 0
1286,0, 190, False, 0
1287,0, 190, False, 0
1288,0, 190, False, 0
1289,0, 190, False, 0
1290,0, 190, False, 0
1291,0, 190, False, 0
1292,0, 190, False, 0
1293,0, 190, False, 0
1294,0, 190, False, 0
1295,0, 190, False, 0
1296,0, 190, False, 0
1297,0, 190, False, 0
1298,0, 190, False, 0
1299,0, 190, False, 0
1300,0, 190, False, 0
1301,0, 190, False, 0
1302,0, 190, False, 0
1303,0, 190, False, 0
1304,0, 190, False, 0
1305,0, 190, False, 0
1306,0, 190, False, 0
1307,0, 190, False, 3
1308,0, 190, False, 3
1309,0, 190, False, 3
1310,0, 190, False, 3
1311,0, 190, False, 3
1312,0, 190, False, 3
1313,0, 190, False, 3
1314,0, 190, False, 3
1315,0, 190, False, 3
1316,0, 190, False, 3
1317,0, 190, False, 3
1318,0, 190, False, 3
1319,0, 190, False, 3
1320,0, 190, False, 3
1321,0, 190, False, 3
1322,0, 190, False, 3
1323,0, 190, False, 3
1324,0, 190, False, 3
1325,0, 190, False, 3
1326,0, 190, False, 3
1327,0, 190, False, 3
1328,0, 190, False, 3
1329,0, 190, False, 3
1330,0, 190, False, 3
1331,0, 190, False, 3
1332,0, 190, False, 3
1333,0, 190, False, 0
1334,0, 190, False, 0
1335,0, 190, False, 0
1336,0, 190, False, 0
1337,0, 190, False, 0
1338,0, 190, False, 0
1339,0, 190, False, 0
1340,0, 190, False, 0
1341,0, 190, False, 0
1342,0, 190, False, 0
1343,0, 190, False, 0
1344,0, 190, False, 0
1345,0, 190, False, 0
1346,0, 190, False, 0
1347,0, 190, False, 0
1348,0, 190, False, 0
1349,0, 190, False, 0
1350,0, 190, False, 0
1351,0, 190, False, 0
1352,0, 190, False, 0
1353,0, 190, False, 0
1354,0, 190, False, 0
1355,0, 190, False, 0
1356,0, 190, False, 0
1357,0, 190, False, 0
1358,0, 190, False, 0
1359,0, 190, False, 0
1360,0, 190, False, 0
1361,0, 190, False, 0
1362,0, 190, False, 0
1363,0, 190, False, 0
1364,0, 190, False, 0
1365,0, 190, False, 0
1366,0, 190, False, 0
1367,0, 190, False, 0
1368,0, 190, False, 0
1369,0, 190, False, 0
1370,0, 190, False, 0
1371,0, 190, False, 0
1372,0, 190, False, 0
1373,0, 190, False, 0
1374,0, 190, False, 0
1375,0, 190, False, 0
1376,0, 190, False, 0
1377,0, 190, False, 0
1378,0, 190, False, 0
1379,0, 190, False, 0
1380,0, 190, False, 0
1381,0, 190, False, 0
1382,0, 190, False, 0
1383,0, 190, False, 0
1384,0, 190, False, 0
1385,0, 190, False, 0
1386,0, 190, False, 0
1387,0, 190, False, 0
1388,0, 190, False, 0
1389,0, 190, False, 0
1390,0, 190, False, 0
1391,0, 190, False, 0
1392,0, 190, False, 0
1393,0, 190, False, 0
1394,0, 190, False, 0
1395,0, 190, False, 0
1396,0, 190, False, 0
1397,0, 190, False, 0
1398,0, 190, False, 0
1399,0, 190, False, 0
1400,0, 190, False, 0
1401,0, 190, False, 0
1402,0, 190, False, 0
1403,0, 190, False, 0
1404,0, 190, False, 0
1405,0, 190, False, 0
1406,0, 190, False, 0
1407,0, 190, False, 0
1408,0, 190, False, 0
1409,0, 190, False, 0
1410,0, 190, False, 0
1411,0, 190, False, 0
1412,0, 190, False, 0
1413,0, 190, False, 0
1414,0, 190, False, 0
1415,0, 190, False, 0
1416,0, 190, False, 0
1417,0, 190, False, 0
1418,0, 190, False, 0
1419,0, 190, False, 0
1420,0, 190, False, 0
1421,0, 190, False, 0
1422,0, 190, False, 0
1423,0, 190, False, 0
1424,0, 190, False, 0
1425,0, 190, False, 0
1426,0, 190, False, 0
1427,0, 190, False, 0
1428,0, 190, False, 0
1429,0, 190, False, 0
1430,0, 190, False, 0
1431,0, 190, False, 0
1432,0, 190, False, 0
1433,0, 190, False, 0
1434,0, 190, False, 0
1435,0, 190, False, 0
1436,0, 190, False, 0
1437,0, 190, False, 0
1438,0, 190, False, 0
1439,0, 190, False, 0
1440,0, 190, False, 0
1441,0, 190, False, 0
1442,0, 190, False, 0
1443,0, 190, False, 0
1444,0, 190, False, 0
1445,0, 190, False, 0
1446,0, 190, False, 0
1447,0, 190, False, 0
1448,0, 190, False, 0
1449,0, 190, False, 0
1450,0, 190, False, 0
1451,0, 190, False, 0
1452,0, 190, False, 0
1453,0, 190, False, 0
1454,0, 190, False, 0
1455,0, 190, False, 0
1456,0, 190, False, 0
1457,0, 190, False, 0
1458,0, 190, False, 0
1459,0, 190, False, 0
1460,0, 190, False, 0
1461,0, 190, False, 0
1462,0, 190, False, 0
1463,0, 190, False, 0
1464,0, 190, False, 0
1465,0, 190, False, 0
1466,0, 190, False, 0
1467,0, 190, False, 0
1468,0, 190, False, 0
1469,0, 190, False, 0
1470,0, 190, False, 0
1471,0, 190, False, 0
1472,0, 190, False, 0
1473,0, 190, False, 0
1474,0, 190, False, 0
1475,0, 190, False, 0
1476,0, 190, False, 0
1477,0, 190, False, 0
1478,0, 190, False, 0
1479,0, 190, False, 0
1480,0, 190, False, 0
1481,0, 190, False, 0
1482,0, 190, False, 0
1483,0, 190, False, 0
1484,0, 190, False, 0
1485,0, 190, False, 0
1486,0, 190, False, 0
1487,0, 190, False, 0
1488,0, 190, False, 0
1489,0, 190, False, 0
1490,0, 190, False, 0
1491,0, 190, False, 0
1492,0, 190, False, 0
1493,0, 190, False, 0
1494,0, 190, False, 0
1495,0, 190, False, 0
1496,0, 190, False, 0
1497,0, 190, False, 0
1498,0, 190, False, 0
1499,0, 190, False, 0
1500,0, 190, False, 0
1501,0, 190, False, 0
1502,0, 190, False, 0
1503,0, 190, False, 0
1504,0, 190, False, 0
1505,0, 190, False, 0
1506,0, 190, False, 0
1507,0, 190, False, 0
1508,0, 190, False, 0
1509,0, 190, False, 0
1510,0, 190, False, 0
1511,0, 190, False, 0
1512,0, 190, False, 0
1513,0, 190, False, 0
1514,0, 190, False, 0
1515,0, 190, False, 0
1516,0, 190, False, 0
1517,0, 190, False, 0
1518,0, 190, False, 0
1519,0, 190, False, 0
1520,0, 190, False, 0
1521,0, 190, False, 0
1522,0, 190, False, 0
1523,0, 190, False, 0
1524,0, 190, False, 0
1525,0, 190, False, 0
1526,0, 190, False, 0
1527,0, 190, False, 0
1528,0, 190, False, 0
1529,0, 190, False, 0
1530,0, 190, False, 0
1531,0, 190, False, 0
1532,0, 190, False, 0
1533,0, 190, False, 0
1534,0, 190, False, 0
1535,0, 190, False, 0
1536,0, 190, False, 0
1537,0, 190, False, 0
1538,0, 190, False, 0
1539,0, 190, False, 0
1540,0, 190, False, 0
1541,0, 190, False, 0
1542,0, 190, False, 0
1543,0, 190, False, 0
1544,0, 190, False, 0
1545,0, 190, False, 0
1546,0, 190, False, 0
1547,0, 190, False, 0
1548,0, 190, False, 0
1549,0, 190, False, 0
1550,0, 190, False, 0
1551,0, 190, False, 0
1552,0, 190, False, 0
1553,0, 190, False, 0
1554,0, 190, False, 0
1555,0, 190, False, 0
1556,0, 190, False, 1
1557,0, 190, False, 1
1558,0, 190, False, 1
1559,0, 190, False, 1
1560,0, 190, False, 1
1561,0, 190, False, 0
1562,0, 190, False, 0
1563,0, 190, False, 0
1564,0, 190, False, 0
1565,0, 190, False, 0
1566,0, 190, False, 0
1567,0, 190, False, 0
1568,0, 190, False, 0
1569,0, 190, False, 0
1570,0, 190, False, 0
1571,0, 190, False, 0
1572,0, 190, False, 0
1573,0, 190, False, 0
1574,0, 190, False, 0
1575,0, 190, False, 0
1576,0, 190, False, 0
1577,0, 190, False, 0
1578,0, 190, False, 0
1579,0, 190, False, 0
1580,0, 190, False, 0
1581,0, 190, False, 0
1582,0, 190, False, 0
1583,0, 190, False, 0
1584,0, 190, False, 0
1585,0, 190, False, 0
1586,0, 190, False, 0
1587,0, 190, False, 0
1588,0, 190, False, 0
1589,0, 190, False, 0
1590,0, 190, False, 0
1591,0, 190, False, 0
1592,0, 190, False, 0
1593,0, 190, False, 0
1594,0, 190, False, 3
1595,0, 190, False, 3
1596,0, 190, False, 3
1597,0, 190, False, 3
1598,0, 190, False, 3
1599,0, 190, False, 3
1600,0, 190, False, 3
1601,0, 190, False, 3
1602,0, 190, False, 3
1603,0, 190, False, 3
1604,0, 190, False, 3
1605,0, 190, False, 3
1606,0, 190, False, 3
1607,0, 190, False, 3
1608,0, 190, False, 3
1609,0, 190, False, 3
1610,0, 190, False, 3
1611,0, 190, False, 3
1612,0, 190, False, 3
1613,0, 190, False, 3
1614,0, 190, False, 3
1615,0, 190, False, 3
1616,0, 190, False, 3
1617,0, 190, False, 3
1618,0, 190, False, 3
1619,0, 190, False, 3
1620,0, 190, False, 3
1621,0, 190, False, 3
1622,0, 190, False, 3
1623,0, 190, False, 3
1624,0, 190, False, 3
1625,0, 190, False, 3
1626,0, 190, False, 3
1627,0, 190, False, 3
1628,0, 190, False, 3
1629,0, 190, False, 3
1630,0, 190, False, 3
1631,0, 190, False, 0
1632,0, 190, False, 0
1633,0, 190, False, 1
1634,0, 190, False, 1
1635,0, 190, False, 1
1636,0, 190, False, 1
1637,0, 190, False, 1
1638,0, 190, False, 1
1639,0, 190, False, 0
1640,0, 190, False, 0
1641,0, 190, False, 0
1642,0, 190, False, 0
1643,0, 190, False, 0
1644,0, 190, False, 0
1645,0, 190, False, 0
1646,0, 190, False, 0
1647,0, 190, False, 0
1648,0, 190, False, 0
1649,0, 190, False, 0
1650,0, 190, False, 0
1651,0, 190, False, 0
1652,0, 190, False, 0
1653,0, 190, False, 0
1654,0, 190, False, 0
1655,0, 190, False, 0
1656,0, 190, False, 0
1657,0, 190, False, 0
1658,0, 190, False, 1
1659,0, 190, False, 1
1660,0, 190, False, 1
1661,0, 190, False, 1
1662,0, 190, False, 1
1663,0, 190, False, 1
1664,0, 190, False, 0
1665,0, 190, False, 0
1666,0, 190, False, 0
1667,0, 190, False, 0
1668,0, 190, False, 0
1669,0, 190, False, 0
1670,0, 190, False, 0
1671,0, 190, False, 0
1672,0, 190, False, 0
1673,0, 190, False, 0
1674,0, 190, False, 0
1675,0, 190, False, 0
1676,0, 190, False, 0
1677,0, 190, False, 0
1678,0, 190, False, 0
1679,0, 190, False, 0
1680,0, 190, False, 0
1681,0, 190, False, 0
1682,0, 190, False, 0
1683,0, 190, False, 0
1684,0, 190, False, 0
1685,0, 190, False, 0
1686,0, 190, False, 0
1687,0, 190, False, 0
1688,0, 190, False, 0
1689,0, 190, False, 0
1690,0, 190, False, 0
1691,0, 190, False, 0
1692,0, 190, False, 0
1693,0, 190, False, 0
1694,0, 190, False, 0
1695,0, 190, False, 0
1696,0, 190, False, 0
1697,0, 190, False, 0
1698,0, 190, False, 0
1699,0, 190, False, 0
1700,20, 210, False, 0
1701,0, 210, False, 0
1702,0, 210, False, 0
1703,0, 210, False, 0
1704,0, 210, False, 0
1705,0, 210, False, 0
1706,0, 210, False, 0
1707,0, 210, False, 0
1708,0, 210, False, 0
1709,0, 210, False, 0
1710,0, 210, False, 0
1711,0, 210, False, 0
1712,0, 210, False, 0
1713,0, 210, False, 0
1714,0, 210, False, 0
1715,0, 210, False, 0
1716,0, 210, False, 0
1717,0, 210, False, 0
1718,0, 210, False, 0
1719,0, 210, False, 0
1720,0, 210, False, 0
1721,0, 210, False, 0
1722,0, 210, False, 0
1723,0, 210, False, 0
1724,0, 210, False, 0
1725,0, 210, False, 0
1726,0, 210, False, 0
1727,0, 210, False, 0
1728,0, 210, False, 0
1729,0, 210, False, 0
1730,0, 210, False, 0
1731,0, 210, False, 0
1732,0, 210, False, 0
1733,0, 210, False, 1
1734,0, 210, False, 1
1735,0, 210, False, 1
1736,0, 210, False, 1
1737,0, 210, False, 1
1738,0, 210, False, 0
1739,0, 210, False, 0
1740,0, 210, False, 0
1741,0, 210, False, 0
1742,0, 210, False, 0
1743,0, 210, False, 0
1744,0, 210, False, 0
1745,0, 210, False, 0
1746,0, 210, False, 0
1747,0, 210, False, 0
1748,0, 210, False, 0
1749,0, 210, False, 0
1750,0, 210, False, 0
1751,0, 210, False, 0
1752,0, 210, False, 0
1753,0, 210, False, 0
1754,0, 210, False, 0
1755,0, 210, False, 0
1756,0, 210, False, 0
1757,0, 210, False, 0
1758,0, 210, False, 0
1759,0, 210, False, 0
1760,0, 210, False, 0
1761,0, 210, False, 0
1762,0, 210, False, 0
1763,0, 210, False, 0
1764,0, 210, False, 0
1765,0, 210, False, 0
1766,0, 210, False, 0
1767,0, 210, False, 0
1768,0, 210, False, 0
1769,0, 210, False, 0
1770,0, 210, False, 0
1771,0, 210, False, 0
1772,0, 210, False, 0
1773,0, 210, False, 0
1774,0, 210, False, 0
1775,0, 210, False, 3
1776,0, 210, False, 3
1777,0, 210, False, 3
1778,0, 210, False, 3
1779,0, 210, False, 3
1780,0, 210, False, 3
1781,0, 210, False, 3
1782,0, 210, False, 3
1783,0, 210, False, 3
1784,0, 210, False, 3
1785,0, 210, False, 3
1786,0, 210, False, 3
1787,0, 210, False, 3
1788,0, 210, False, 3
1789,0, 210, False, 3
1790,0, 210, False, 3
1791,0, 210, False, 3
1792,0, 210, False, 3
1793,0, 210, False, 3
1794,0, 210, False, 3
1795,0, 210, False, 3
1796,0, 210, False, 3
1797,0, 210, False, 3
1798,0, 210, False, 3
1799,0, 210, False, 3
1800,0, 210, False, 3
1801,0, 210, False, 3
1802,0, 210, False, 3
1803,0, 210, False, 3
1804,0, 210, False, 3
1805,0, 210, False, 3
1806,0, 210, False, 3
1807,0, 210, False, 3
1808,0, 210, False, 11
1809,0, 210, False, 1
1810,0, 210, False, 1
1811,0, 210, False, 1
1812,0, 210, False, 1
1813,0, 210, False, 1
1814,0, 210, False, 0
1815,0, 210, False, 0
1816,0, 210, False, 0
1817,0, 210, False, 0
1818,0, 210, False, 0
1819,0, 210, False, 0
1820,0, 210, False, 0
1821,0, 210, False, 0
1822,0, 210, False, 0
1823,0, 210, False, 0
1824,0, 210, False, 0
1825,0, 210, False, 0
1826,0, 210, False, 0
1827,0, 210, False, 0
1828,0, 210, False, 0
1829,0, 210, False, 0
1830,0, 210, False, 0
1831,0, 210, False, 0
1832,0, 210, False, 0
1833,0, 210, False, 0
1834,0, 210, False, 0
1835,0, 210, False, 0
1836,0, 210, False, 0
1837,0, 210, False, 0
1838,0, 210, False, 0
1839,0, 210, False, 0
1840,0, 210, False, 1
1841,0, 210, False, 1
1842,0, 210, False, 1
1843,0, 210, False, 1
1844,0, 210, False, 1
1845,0, 210, False, 1
1846,0, 210, False, 1
1847,0, 210, False, 0
1848,0, 210, False, 0
1849,0, 210, False, 0
1850,0, 210, False, 0
1851,0, 210, False, 0
1852,0, 210, False, 0
1853,0, 210, False, 0
1854,0, 210, False, 0
1855,0, 210, False, 0
1856,0, 210, False, 0
1857,0, 210, False, 0
1858,0, 210, False, 0
1859,0, 210, False, 0
1860,0, 210, False, 0
1861,0, 210, False, 0
1862,0, 210, False, 0
1863,0, 210, False, 0
1864,0, 210, False, 0
1865,0, 210, False, 0
1866,0, 210, False, 0
1867,0, 210, False, 1
1868,0, 210, False, 1
1869,0, 210, False, 1
1870,0, 210, False, 1
1871,0, 210, False, 1
1872,0, 210, False, 0
1873,0, 210, False, 0
1874,0, 210, False, 0
1875,0, 210, False, 0
1876,0, 210, False, 0
1877,0, 210, False, 0
1878,0, 210, False, 0
1879,0, 210, False, 0
1880,0, 210, False, 0
1881,0, 210, False, 0
1882,0, 210, False, 0
1883,0, 210, False, 0
1884,0, 210, False, 0
1885,0, 210, False, 0
1886,0, 210, False, 0
1887,0, 210, False, 0
1888,0, 210, False, 0
1889,0, 210, False, 0
1890,0, 210, False, 0
1891,0, 210, False, 0
1892,0, 210, False, 0
1893,0, 210, False, 0
1894,0, 210, False, 0
1895,0, 210, False, 0
1896,0, 210, False, 0
1897,0, 210, False, 0
1898,0, 210, False, 0
1899,0, 210, False, 0
1900,0, 210, False, 0
1901,0, 210, False, 0
1902,0, 210, False, 0
1903,0, 210, False, 0
1904,0, 210, False, 0
1905,0, 210, False, 0
1906,0, 210, False, 0
1907,0, 210, False, 0
1908,0, 210, False, 0
1909,0, 210, False, 0
1910,0, 210, False, 0
1911,0, 210, False, 0
1912,0, 210, False, 0
1913,0, 210, False, 0
1914,0, 210, False, 0
1915,0, 210, False, 0
1916,0, 210, False, 0
1917,0, 210, False, 0
1918,0, 210, False, 0
1919,0, 210, False, 0
1920,0, 210, False, 0
1921,0, 210, False, 3
1922,0, 210, False, 3
1923,0, 210, False, 3
1924,0, 210, False, 3
1925,0, 210, False, 3
1926,0, 210, False, 3
1927,0, 210, False, 3
1928,0, 210, False, 3
1929,0, 210, False, 3
1930,0, 210, False, 3
1931,0, 210, False, 3
1932,0, 210, False, 3
1933,0, 210, False, 3
1934,0, 210, False, 3
1935,0, 210, False, 3
1936,0, 210, False, 3
1937,0, 210, False, 3
1938,0, 210, False, 3
1939,0, 210, False, 3
1940,0, 210, False, 3
1941,0, 210, False, 3
1942,0, 210, False, 3
1943,0, 210, False, 3
1944,0, 210, False, 3
1945,0, 210, False, 3
1946,0, 210, False, 3
1947,0, 210, False, 3
1948,0, 210, False, 3
1949,0, 210, False, 3
1950,0, 210, False, 3
1951,0, 210, False, 3
1952,0, 210, False, 0
1953,0, 210, False, 0
1954,0, 210, False, 0
1955,0, 210, False, 0
1956,0, 210, False, 0
1957,0, 210, False, 0
1958,0, 210, False, 0
1959,0, 210, False, 0
1960,0, 210, False, 0
1961,0, 210, False, 0
1962,0, 210, False, 0
1963,0, 210, False, 0
1964,0, 210, False, 0
1965,0, 210, False, 0
1966,0, 210, False, 0
1967,0, 210, False, 0
1968,0, 210, False, 0
1969,0, 210, False, 3
1970,0, 210, False, 3
1971,0, 210, False, 3
1972,0, 210, False, 3
1973,0, 210, False, 3
1974,0, 210, False, 3
1975,0, 210, False, 3
1976,0, 210, False, 3
1977,0, 210, False, 3
1978,0, 210, False, 3
1979,0, 210, False, 3
1980,0, 210, False, 3
1981,0, 210, False, 3
1982,0, 210, False, 3
1983,0, 210, False, 3
1984,0, 210, False, 3
1985,0, 210, False, 3
1986,0, 210, False, 3
1987,0, 210, False, 3
1988,0, 210, False, 3
1989,0, 210, False, 3
1990,0, 210, False, 3
1991,0, 210, False, 3
1992,0, 210, False, 3
1993,0, 210, False, 0
1994,0, 210, False, 0
1995,0, 210, False, 1
1996,0, 210, False, 1
1997,0, 210, False, 1
1998,0, 210, False, 1
1999,0, 210, False, 1
2000,0, 210, False, 1
2001,0, 210, False, 1
2002,0, 210, False, 1
2003,0, 210, False, 1
2004,0, 210, False, 1
2005,0, 210, False, 0
2006,0, 210, False, 0
2007,0, 210, False, 0
2008,0, 210, False, 0
2009,0, 210, False, 0
2010,0, 210, False, 0
2011,0, 210, False, 0
2012,0, 210, False, 0
2013,0, 210, False, 0
2014,10, 220, False, 0
2015,0, 220, False, 0
2016,0, 220, False, 0
2017,0, 220, False, 0
2018,0, 220, False, 0
2019,0, 220, False, 0
2020,0, 220, False, 0
2021,0, 220, False, 0
2022,0, 220, False, 0
2023,0, 220, False, 0
2024,0, 220, False, 0
2025,0, 220, False, 0
2026,0, 220, False, 1
2027,0, 220, False, 1
2028,0, 220, False, 1
2029,0, 220, False, 1
2030,0, 220, False, 1
2031,0, 220, False, 1
2032,0, 220, False, 1
2033,0, 220, False, 1
2034,0, 220, False, 1
2035,0, 220, False, 0
2036,0, 220, False, 0
2037,0, 220, False, 0
2038,0, 220, False, 0
2039,0, 220, False, 0
2040,0, 220, False, 0
2041,0, 220, False, 0
2042,0, 220, False, 0
2043,0, 220, False, 0
2044,0, 220, False, 0
2045,0, 220, False, 0
2046,0, 220, False, 0
2047,0, 220, False, 0
2048,0, 220, False, 0
2049,0, 220, False, 0
2050,0, 220, False, 0
2051,0, 220, False, 0
2052,0, 220, False, 0
2053,0, 220, False, 0
2054,0, 220, False, 0
2055,0, 220, False, 0
2056,15, 235, False, 0
2057,0, 235, False, 0
2058,0, 235, False, 0
2059,0, 235, False, 0
2060,0, 235, False, 3
2061,0, 235, False, 3
2062,0, 235, False, 3
2063,0, 235, False, 3
2064,0, 235, False, 3
2065,0, 235, False, 3
2066,0, 235, False, 3
2067,0, 235, False, 3
2068,0, 235, False, 3
2069,0, 235, False, 3
2070,0, 235, False, 3
2071,0, 235, False, 3
2072,0, 235, False, 3
2073,0, 235, False, 3
2074,0, 235, False, 3
2075,0, 235, False, 3
2076,0, 235, False, 3
2077,0, 235, False, 3
2078,0, 235, False, 3
2079,0, 235, False, 3
2080,0, 235, False, 3
2081,0, 235, False, 3
2082,0, 235, False, 3
2083,0, 235, False, 0
2084,0, 235, False, 0
2085,0, 235, False, 0
2086,0, 235, False, 0
2087,0, 235, False, 1
2088,0, 235, False, 1
2089,0, 235, False, 1
2090,0, 235, False, 1
2091,0, 235, False, 1
2092,0, 235, False, 0
2093,0, 235, False, 0
2094,0, 235, False, 0
2095,0, 235, False, 0
2096,5, 240, False, 0
2097,0, 240, False, 0
2098,0, 240, False, 0
2099,0, 240, False, 1
2100,0, 240, False, 1
2101,0, 240, False, 1
2102,0, 240, False, 1
2103,0, 240, False, 1
2104,0, 240, False, 1
2105,0, 240, False, 1
2106,0, 240, False, 0
2107,0, 240, False, 0
2108,0, 240, False, 0
2109,0, 240, False, 0
2110,0, 240, False, 0
2111,0, 240, False, 0
2112,0, 240, False, 1
2113,0, 240, False, 1
2114,0, 240, False, 1
2115,0, 240, False, 1
2116,0, 240, False, 1
2117,0, 240, False, 1
2118,0, 240, False, 0
2119,0, 240, False, 0
2120,0, 240, False, 0
2121,0, 240, False, 0
2122,0, 240, False, 0
2123,0, 240, False, 0
2124,0, 240, False, 0
2125,0, 240, False, 1
2126,0, 240, False, 1
2127,0, 240, False, 1
2128,0, 240, False, 1
2129,0, 240, False, 1
2130,0, 240, False, 1
2131,0, 240, False, 0
2132,0, 240, False, 0
2133,0, 240, False, 0
2134,0, 240, False, 0
2135,0, 240, False, 0
2136,0, 240, False, 1
2137,0, 240, False, 1
2138,0, 240, False, 1
2139,0, 240, False, 1
2140,0, 240, False, 1
2141,0, 240, False, 12
2142,0, 240, False, 4
2143,0, 240, False, 4
2144,0, 240, False, 4
2145,0, 240, False, 4
2146,0, 240, False, 4
2147,0, 240, False, 4
2148,0, 240, False, 4
2149,0, 240, False, 4
2150,0, 240, False, 4
2151,0, 240, False, 4
2152,0, 240, False, 4
2153,0, 240, False, 4
2154,0, 240, False, 4
2155,0, 240, False, 4
2156,0, 240, False, 4
2157,0, 240, False, 4
2158,0, 240, False, 4
2159,0, 240, False, 4
2160,0, 240, False, 0
2161,0, 240, False, 0
2162,0, 240, False, 0
2163,0, 240, False, 0
2164,0, 240, False, 0
2165,0, 240, False, 0
2166,0, 240, False, 0
2167,0, 240, False, 0
2168,0, 240, False, 0
2169,0, 240, False, 0
2170,0, 240, False, 1
2171,0, 240, False, 1
2172,0, 240, False, 1
2173,0, 240, False, 1
2174,0, 240, False, 1
2175,0, 240, False, 1
2176,0, 240, False, 1
2177,0, 240, False, 1
2178,0, 240, False, 0
2179,0, 240, False, 0
2180,0, 240, False, 0
2181,0, 240, False, 0
2182,0, 240, False, 0
2183,0, 240, False, 0
2184,0, 240, False, 0
2185,0, 240, False, 0
2186,0, 240, False, 0
2187,0, 240, False, 1
2188,0, 240, False, 1
2189,0, 240, False, 1
2190,0, 240, False, 1
2191,0, 240, False, 1
2192,0, 240, False, 1
2193,0, 240, False, 0
2194,0, 240, False, 0
2195,0, 240, False, 0
2196,0, 240, False, 0
2197,0, 240, False, 0
2198,0, 240, False, 1
2199,0, 240, False, 1
2200,10, 250, False, 1
2201,0, 250, False, 1
2202,0, 250, False, 1
2203,0, 250, False, 0
2204,0, 250, False, 3
2205,0, 250, False, 3
2206,0, 250, False, 3
2207,0, 250, False, 3
2208,0, 250, False, 3
2209,0, 250, False, 3
2210,0, 250, False, 3
2211,0, 250, False, 3
2212,0, 250, False, 3
2213,0, 250, False, 3
2214,0, 250, False, 3
2215,0, 250, False, 3
2216,0, 250, False, 3
2217,0, 250, False, 3
2218,0, 250, False, 3
2219,0, 250, False, 3
2220,0, 250, False, 3
2221,0, 250, False, 3
2222,0, 250, False, 3
2223,0, 250, False, 3
2224,0, 250, False, 3
2225,0, 250, False, 3
2226,0, 250, False, 0
2227,0, 250, False, 1
2228,0, 250, False, 1
2229,0, 250, False, 1
2230,0, 250, False, 1
2231,0, 250, False, 1
2232,0, 250, False, 1
2233,0, 250, False, 0
2234,0, 250, False, 0
2235,0, 250, False, 0
2236,0, 250, False, 0
2237,0, 250, False, 0
2238,0, 250, False, 1
2239,0, 250, False, 1
2240,0, 250, False, 1
2241,0, 250, False, 1
2242,0, 250, False, 1
2243,0, 250, False, 1
2244,0, 250, False, 0
2245,0, 250, False, 0
2246,0, 250, False, 0
2247,0, 250, False, 0
2248,0, 250, False, 0
2249,0, 250, False, 0
2250,0, 250, False, 1
2251,0, 250, False, 1
2252,0, 250, False, 1
2253,0, 250, False, 1
2254,0, 250, False, 1
2255,0, 250, False, 1
2256,0, 250, False, 0
2257,0, 250, False, 0
2258,0, 250, False, 0
2259,0, 250, False, 0
2260,0, 250, False, 0
2261,0, 250, False, 0
2262,0, 250, False, 1
2263,0, 250, False, 1
2264,0, 250, False, 1
2265,0, 250, False, 1
2266,0, 250, False, 1
2267,0, 250, False, 0
2268,0, 250, False, 0
2269,0, 250, False, 0
2270,0, 250, False, 0
2271,0, 250, False, 0
2272,0, 250, False, 0
2273,0, 250, False, 1
2274,0, 250, False, 1
2275,0, 250, False, 1
2276,0, 250, False, 1
2277,0, 250, False, 1
2278,0, 250, False, 0
2279,0, 250, False, 0
2280,0, 250, False, 0
2281,0, 250, False, 0
2282,0, 250, False, 0
2283,0, 250, False, 0
2284,0, 250, False, 1
2285,0, 250, False, 1
2286,0, 250, False, 1
2287,0, 250, False, 1
2288,0, 250, False, 1
2289,0, 250, False, 1
2290,0, 250, False, 1
2291,0, 250, False, 0
2292,0, 250, False, 3
2293,0, 250, False, 3
2294,0, 250, False, 3
2295,0, 250, False, 3
2296,0, 250, False, 3
2297,0, 250, False, 3
2298,0, 250, False, 3
2299,0, 250, False, 3
2300,0, 250, False, 3
2301,0, 250, False, 3
2302,0, 250, False, 3
2303,0, 250, False, 3
2304,0, 250, False, 0
2305,0, 250, False, 0
2306,0, 250, False, 0
2307,0, 250, False, 0
2308,15, 265, False, 0
2309,0, 265, False, 1
2310,0, 265, False, 1
2311,0, 265, False, 1
2312,0, 265, False, 1
2313,0, 265, False, 1
2314,0, 265, False, 1
2315,0, 265, False, 1
2316,0, 265, False, 0
2317,0, 265, False, 0
2318,0, 265, False, 0
2319,0, 265, False, 0
2320,0, 265, False, 0
2321,0, 265, False, 0
2322,0, 265, False, 0
2323,0, 265, False, 1
2324,0, 265, False, 1
2325,0, 265, False, 1
2326,0, 265, False, 1
2327,0, 265, False, 1
2328,0, 265, False, 1
2329,0, 265, False, 11
2330,0, 265, False, 3
2331,0, 265, False, 3
2332,0, 265, False, 0
2333,0, 265, False, 0
2334,0, 265, False, 0
2335,0, 265, False, 0
2336,0, 265, False, 0
2337,0, 265, False, 0
2338,0, 265, False, 0
2339,0, 265, False, 0
2340,20, 285, False, 0
2341,0, 285, False, 0
2342,0, 285, False, 0
2343,0, 285, False, 0
2344,0, 285, False, 0
2345,0, 285, False, 0
2346,0, 285, False, 0
2347,0, 285, False, 0
2348,0, 285, False, 0
2349,0, 285, False, 0
2350,0, 285, False, 0
2351,0, 285, False, 0
2352,0, 285, False, 0
2353,0, 285, False, 3
2354,0, 285, False, 3
2355,0, 285, False, 3
2356,0, 285, False, 3
2357,0, 285, False, 3
2358,0, 285, False, 3
2359,0, 285, False, 3
2360,0, 285, False, 3
2361,0, 285, False, 3
2362,0, 285, False, 3
2363,0, 285, False, 3
2364,0, 285, False, 3
2365,0, 285, False, 3
2366,0, 285, False, 0
2367,0, 285, False, 0
2368,0, 285, False, 0
2369,0, 285, False, 0
2370,0, 285, False, 1
2371,0, 285, False, 1
2372,0, 285, False, 1
2373,0, 285, False, 1
2374,0, 285, False, 1
2375,0, 285, False, 1
2376,0, 285, False, 1
2377,0, 285, False, 1
2378,0, 285, False, 0
2379,0, 285, False, 0
2380,0, 285, False, 0
2381,0, 285, False, 0
2382,0, 285, False, 0
2383,0, 285, False, 0
2384,0, 285, False, 0
2385,0, 285, False, 0
2386,0, 285, False, 0
2387,0, 285, False, 0
2388,0, 285, False, 0
2389,0, 285, False, 4
2390,0, 285, False, 4
2391,0, 285, False, 4
2392,0, 285, False, 4
2393,0, 285, False, 4
2394,0, 285, False, 4
2395,0, 285, False, 4
2396,0, 285, False, 4
2397,0, 285, False, 4
2398,0, 285, False, 4
2399,0, 285, False, 4
2400,0, 285, False, 4
2401,0, 285, False, 4
2402,0, 285, False, 4
2403,0, 285, False, 4
2404,0, 285, False, 4
2405,0, 285, False, 4
2406,0, 285, False, 4
2407,0, 285, False, 4
2408,0, 285, False, 0
2409,0, 285, False, 0
2410,0, 285, False, 0
2411,0, 285, False, 1
2412,0, 285, False, 1
2413,0, 285, False, 1
2414,0, 285, False, 1
2415,0, 285, False, 1
2416,0, 285, False, 1
2417,0, 285, False, 1
2418,0, 285, False, 0
2419,0, 285, False, 0
2420,0, 285, False, 0
2421,0, 285, False, 0
2422,0, 285, False, 0
2423,0, 285, False, 0
2424,0, 285, False, 1
2425,0, 285, False, 1
2426,0, 285, False, 1
2427,0, 285, False, 0
2428,0, 285, False, 0
2429,0, 285, False, 0
2430,0, 285, False, 0
2431,0, 285, False, 0
2432,0, 285, False, 0
2433,0, 285, False, 0
2434,0, 285, False, 0
2435,0, 285, False, 0
2436,0, 285, False, 0
2437,0, 285, False, 0
2438,0, 285, False, 0
2439,0, 285, False, 0
2440,0, 285, False, 0
2441,0, 285, False, 0
2442,0, 285, False, 0
2443,0, 285, False, 0
2444,0, 285, False, 0
2445,0, 285, False, 0
2446,0, 285, False, 0
2447,0, 285, False, 0
2448,0, 285, False, 0
2449,0, 285, False, 0
2450,0, 285, False, 0
2451,0, 285, False, 0
2452,200, 485, False, 4
2453,0, 485, False, 4
2454,0, 485, False, 4
2455,0, 485, False, 4
2456,0, 485, False, 4
2457,0, 485, False, 4
2458,0, 485, False, 4
2459,0, 485, False, 4
2460,0, 485, False, 4
2461,0, 485, False, 4
2462,0, 485, False, 4
2463,0, 485, False, 4
2464,0, 485, False, 4
2465,0, 485, False, 4
2466,0, 485, False, 4
2467,0, 485, False, 4
2468,0, 485, False, 4
2469,0, 485, False, 4
2470,0, 485, False, 4
2471,0, 485, False, 4
2472,0, 485, False, 4
2473,0, 485, False, 4
2474,0, 485, False, 4
2475,0, 485, False, 4
2476,0, 485, False, 4
2477,0, 485, False, 4
2478,0, 485, False, 4
2479,0, 485, False, 4
2480,0, 485, False, 4
2481,0, 485, False, 4
2482,0, 485, False, 4
2483,0, 485, False, 4
2484,0, 485, False, 4
2485,0, 485, False, 4
2486,0, 485, False, 4
2487,0, 485, False, 4
2488,0, 485, False, 4
2489,0, 485, False, 4
2490,0, 485, False, 4
2491,0, 485, False, 4
2492,0, 485, False, 4
2493,0, 485, False, 4
2494,0, 485, False, 4
2495,0, 485, False, 4
2496,0, 485, False, 4
2497,0, 485, False, 4
2498,0, 485, False, 4
2499,0, 485, False, 4
2500,0, 485, False, 4
2501,0, 485, False, 4
2502,0, 485, False, 4
2503,0, 485, False, 4
2504,0, 485, False, 4
2505,0, 485, False, 4
2506,0, 485, False, 4
2507,0, 485, False, 4
2508,0, 485, False, 4
2509,0, 485, False, 4
2510,0, 485, False, 4
2511,0, 485, False, 4
2512,0, 485, False, 0
2513,0, 485, False, 0
2514,0, 485, False, 0
2515,0, 485, False, 3
2516,0, 485, False, 3
2517,0, 485, False, 3
2518,0, 485, False, 3
2519,0, 485, False, 3
2520,0, 485, False, 3
2521,0, 485, False, 3
2522,0, 485, False, 3
2523,0, 485, False, 3
2524,0, 485, False, 3
2525,0, 485, False, 3
2526,0, 485, False, 3
2527,0, 485, False, 3
2528,0, 485, False, 3
2529,0, 485, False, 3
2530,0, 485, False, 0
2531,0, 485, False, 0
2532,0, 485, False, 0
2533,0, 485, False, 0
2534,0, 485, False, 0
2535,0, 485, False, 0
2536,0, 485, False, 0
2537,0, 485, False, 0
2538,0, 485, False, 0
2539,0, 485, False, 0
2540,0, 485, False, 0
2541,0, 485, False, 3
2542,0, 485, False, 3
2543,0, 485, False, 3
2544,0, 485, False, 3
2545,0, 485, False, 3
2546,0, 485, False, 3
2547,0, 485, False, 3
2548,0, 485, False, 0
2549,0, 485, False, 0
2550,0, 485, False, 0
2551,0, 485, False, 0
2552,0, 485, False, 0
2553,0, 485, False, 0
2554,0, 485, False, 0
2555,0, 485, False, 0
2556,0, 485, False, 0
2557,0, 485, False, 1
2558,0, 485, False, 1
2559,0, 485, False, 1
2560,0, 485, False, 1
2561,0, 485, False, 1
2562,0, 485, False, 0
2563,0, 485, False, 0
2564,0, 485, False, 0
2565,0, 485, False, 0
2566,0, 485, False, 0
2567,0, 485, False, 0
2568,0, 485, False, 0
2569,0, 485, False, 0
2570,0, 485, False, 0
2571,0, 485, False, 0
2572,0, 485, False, 0
2573,0, 485, False, 0
2574,0, 485, False, 0
2575,0, 485, False, 0
2576,0, 485, False, 0
2577,0, 485, False, 0
2578,0, 485, False, 0
2579,0, 485, False, 0
2580,0, 485, False, 4
2581,0, 485, False, 4
2582,0, 485, False, 4
2583,0, 485, False, 4
2584,0, 485, False, 4
2585,0, 485, False, 4
2586,0, 485, False, 4
2587,0, 485, False, 4
2588,0, 485, False, 4
2589,0, 485, False, 4
2590,0, 485, False, 4
2591,0, 485, False, 4
2592,0, 485, False, 4
2593,0, 485, False, 4
2594,0, 485, False, 4
2595,0, 485, False, 4
2596,0, 485, False, 4
2597,0, 485, False, 4
2598,0, 485, False, 4
2599,0, 485, False, 4
2600,0, 485, False, 4
2601,0, 485, False, 4
2602,30, 515, False, 4
2603,0, 515, False, 4
2604,0, 515, False, 4
2605,0, 515, False, 4
2606,0, 515, False, 4
2607,0, 515, False, 4
2608,0, 515, False, 4
2609,0, 515, False, 4
2610,0, 515, False, 4
2611,0, 515, False, 4
2612,0, 515, False, 4
2613,0, 515, False, 4
2614,0, 515, False, 4
2615,0, 515, False, 4
2616,0, 515, False, 4
2617,0, 515, False, 4
2618,0, 515, False, 4
2619,0, 515, False, 4
2620,0, 515, False, 4
2621,0, 515, False, 4
2622,0, 515, False, 4
2623,0, 515, False, 4
2624,0, 515, False, 4
2625,0, 515, False, 4
2626,0, 515, False, 4
2627,0, 515, False, 4
2628,0, 515, False, 4
2629,0, 515, False, 4
2630,0, 515, False, 4
2631,0, 515, False, 4
2632,0, 515, False, 4
2633,0, 515, False, 4
2634,0, 515, False, 4
2635,0, 515, False, 4
2636,0, 515, False, 4
2637,0, 515, False, 4
2638,0, 515, False, 4
2639,0, 515, False, 4
2640,0, 515, False, 4
2641,0, 515, False, 4
2642,0, 515, False, 4
2643,0, 515, False, 4
2644,0, 515, False, 4
2645,0, 515, False, 4
2646,0, 515, False, 4
2647,0, 515, False, 4
2648,0, 515, False, 4
2649,0, 515, False, 4
2650,0, 515, False, 4
2651,0, 515, False, 4
2652,0, 515, False, 4
2653,0, 515, False, 4
2654,0, 515, False, 4
2655,0, 515, False, 4
2656,0, 515, False, 4
2657,0, 515, False, 4
2658,0, 515, False, 4
2659,0, 515, False, 4
2660,0, 515, False, 4
2661,0, 515, False, 4
2662,0, 515, False, 0
2663,0, 515, False, 0
2664,0, 515, False, 0
2665,0, 515, False, 0
2666,0, 515, False, 0
2667,0, 515, False, 0
2668,0, 515, False, 0
2669,0, 515, False, 0
2670,0, 515, False, 0
2671,0, 515, False, 0
2672,0, 515, False, 0
2673,0, 515, False, 1
2674,0, 515, False, 1
2675,0, 515, False, 1
2676,0, 515, False, 1
2677,0, 515, False, 1
2678,0, 515, False, 1
2679,0, 515, False, 0
2680,0, 515, False, 0
2681,0, 515, False, 0
2682,0, 515, False, 0
2683,0, 515, False, 0
2684,0, 515, False, 0
2685,0, 515, False, 0
2686,0, 515, False, 0
2687,0, 515, False, 1
2688,0, 515, False, 1
2689,0, 515, False, 1
2690,0, 515, False, 1
2691,0, 515, False, 1
2692,0, 515, False, 1
2693,0, 515, False, 1
2694,0, 515, False, 0
2695,0, 515, False, 0
2696,0, 515, False, 0
2697,0, 515, False, 0
2698,0, 515, False, 0
2699,0, 515, False, 0
2700,0, 515, False, 0
2701,0, 515, False, 0
2702,0, 515, False, 0
2703,0, 515, False, 0
2704,0, 515, False, 0
2705,0, 515, False, 0
2706,0, 515, False, 0
2707,0, 515, False, 0
2708,0, 515, False, 0
2709,0, 515, False, 0
2710,25, 540, False, 0
2711,0, 540, False, 0
2712,0, 540, False, 0
2713,0, 540, False, 0
2714,0, 540, False, 0
2715,0, 540, False, 0
2716,0, 540, False, 0
2717,0, 540, False, 0
2718,0, 540, False, 0
2719,0, 540, False, 0
2720,0, 540, False, 4
2721,0, 540, False, 4
2722,0, 540, False, 4
2723,0, 540, False, 4
2724,0, 540, False, 4
2725,0, 540, False, 4
2726,0, 540, False, 4
2727,0, 540, False, 4
2728,0, 540, False, 4
2729,0, 540, False, 4
2730,0, 540, False, 4
2731,0, 540, False, 4
2732,0, 540, False, 4
2733,0, 540, False, 4
2734,0, 540, False, 4
2735,0, 540, False, 4
2736,0, 540, False, 4
2737,0, 540, False, 4
2738,0, 540, False, 4
2739,0, 540, False, 4
2740,0, 540, False, 4
2741,0, 540, False, 4
2742,0, 540, False, 4
2743,0, 540, False, 4
2744,0, 540, False, 4
2745,0, 540, False, 4
2746,0, 540, False, 4
2747,0, 540, False, 4
2748,0, 540, False, 4
2749,0, 540, False, 4
2750,0, 540, False, 4
2751,0, 540, False, 4
2752,0, 540, False, 4
2753,0, 540, False, 4
2754,0, 540, False, 4
2755,0, 540, False, 4
2756,0, 540, False, 4
2757,0, 540, False, 4
2758,0, 540, False, 4
2759,0, 540, False, 4
2760,0, 540, False, 4
2761,0, 540, False, 4
2762,0, 540, False, 4
2763,0, 540, False, 4
2764,0, 540, False, 4
2765,0, 540, False, 4
2766,0, 540, False, 4
2767,0, 540, False, 4
2768,0, 540, False, 4
2769,0, 540, False, 4
2770,0, 540, False, 4
2771,0, 540, False, 4
2772,0, 540, False, 4
2773,0, 540, False, 4
2774,0, 540, False, 4
2775,0, 540, False, 0
2776,0, 540, False, 0
2777,0, 540, False, 0
2778,0, 540, False, 0
2779,0, 540, False, 0
2780,0, 540, False, 0
2781,0, 540, False, 0
2782,0, 540, False, 0
2783,0, 540, False, 0
2784,0, 540, False, 0
2785,0, 540, False, 0
2786,0, 540, False, 0
2787,0, 540, False, 0
2788,0, 540, False, 0
2789,0, 540, False, 0
2790,0, 540, False, 0
2791,0, 540, False, 0
2792,0, 540, False, 0
2793,0, 540, False, 0
2794,0, 540, False, 0
2795,0, 540, False, 0
2796,0, 540, False, 0
2797,0, 540, False, 0
2798,0, 540, False, 0
2799,0, 540, False, 0
2800,0, 540, False, 0
2801,0, 540, False, 0
2802,0, 540, False, 0
2803,0, 540, False, 0
2804,0, 540, False, 0
2805,0, 540, False, 0
2806,0, 540, False, 0
2807,0, 540, False, 0
2808,0, 540, False, 0
2809,0, 540, False, 0
2810,0, 540, False, 0
2811,0, 540, False, 0
2812,0, 540, False, 0
2813,0, 540, False, 0
2814,0, 540, False, 0
2815,0, 540, False, 0
2816,0, 540, False, 0
2817,0, 540, False, 0
2818,0, 540, False, 0
2819,0, 540, False, 0
2820,0, 540, False, 0
2821,0, 540, False, 0
2822,0, 540, False, 0
2823,0, 540, False, 0
2824,0, 540, False, 0
2825,0, 540, False, 0
2826,0, 540, False, 0
2827,0, 540, False, 0
2828,0, 540, False, 0
2829,0, 540, False, 0
2830,0, 540, False, 0
2831,0, 540, False, 0
2832,0, 540, False, 0
2833,0, 540, False, 0
2834,0, 540, False, 0
2835,0, 540, False, 0
2836,0, 540, False, 0
2837,0, 540, False, 0
2838,0, 540, False, 1
2839,0, 540, False, 1
2840,0, 540, False, 1
2841,0, 540, False, 1
2842,0, 540, False, 1
2843,0, 540, False, 1
2844,0, 540, False, 0
2845,0, 540, False, 0
2846,0, 540, False, 0
2847,0, 540, False, 0
2848,0, 540, False, 0
2849,0, 540, False, 0
2850,0, 540, False, 0
2851,0, 540, False, 0
2852,0, 540, False, 0
2853,0, 540, False, 0
2854,0, 540, False, 0
2855,0, 540, False, 0
2856,0, 540, False, 0
2857,0, 540, False, 0
2858,0, 540, False, 0
2859,0, 540, False, 0
2860,0, 540, False, 0
2861,0, 540, False, 0
2862,0, 540, False, 0
2863,0, 540, False, 0
2864,0, 540, False, 0
2865,0, 540, False, 0
2866,20, 560, False, 1
2867,0, 560, False, 1
2868,0, 560, False, 1
2869,0, 560, False, 1
2870,0, 560, False, 1
2871,0, 560, False, 0
2872,0, 560, False, 0
2873,0, 560, False, 0
2874,0, 560, False, 0
2875,0, 560, False, 0
2876,0, 560, False, 0
2877,0, 560, False, 0
2878,0, 560, False, 0
2879,0, 560, False, 1
2880,0, 560, False, 1
2881,0, 560, False, 1
2882,0, 560, False, 1
2883,0, 560, False, 1
2884,0, 560, False, 0
2885,0, 560, False, 0
2886,0, 560, False, 0
2887,0, 560, False, 0
2888,0, 560, False, 0
2889,0, 560, False, 0
2890,0, 560, False, 1
2891,0, 560, False, 1
2892,0, 560, False, 1
2893,0, 560, False, 1
2894,0, 560, False, 1
2895,0, 560, False, 1
2896,0, 560, False, 0
2897,0, 560, False, 0
2898,25, 585, False, 0
2899,0, 585, False, 0
2900,0, 585, False, 0
2901,0, 585, False, 0
2902,0, 585, False, 0
2903,0, 585, False, 1
2904,0, 585, False, 1
2905,0, 585, False, 1
2906,0, 585, False, 1
2907,0, 585, False, 1
2908,0, 585, False, 1
2909,0, 585, False, 0
2910,0, 585, False, 0
2911,0, 585, False, 0
2912,0, 585, False, 0
2913,0, 585, False, 0
2914,0, 585, False, 1
2915,0, 585, False, 1
2916,0, 585, False, 1
2917,0, 585, False, 1
2918,0, 585, False, 1
2919,0, 585, False, 1
2920,0, 585, False, 1
2921,0, 585, False, 0
2922,0, 585, False, 0
2923,0, 585, False, 0
2924,0, 585, False, 0
2925,0, 585, False, 0
2926,0, 585, False, 0
2927,0, 585, False, 0
2928,0, 585, False, 0
2929,0, 585, False, 0
2930,0, 585, False, 3
2931,0, 585, False, 3
2932,0, 585, False, 3
2933,0, 585, False, 3
2934,0, 585, False, 3
2935,0, 585, False, 3
2936,0, 585, False, 3
2937,0, 585, False, 3
2938,0, 585, False, 3
2939,0, 585, False, 3
2940,0, 585, False, 3
2941,0, 585, False, 3
2942,30, 615, False, 3
2943,0, 615, False, 3
2944,0, 615, False, 3
2945,0, 615, False, 3
2946,0, 615, False, 3
2947,0, 615, False, 3
2948,0, 615, False, 3
2949,0, 615, False, 3
2950,0, 615, False, 3
2951,0, 615, False, 3
2952,0, 615, False, 3
2953,0, 615, False, 3
2954,0, 615, False, 3
2955,0, 615, False, 3
2956,0, 615, False, 0
2957,0, 615, False, 0
2958,0, 615, False, 0
2959,0, 615, False, 0
2960,0, 615, False, 0
2961,0, 615, False, 0
2962,0, 615, False, 0
2963,0, 615, False, 0
2964,0, 615, False, 0
2965,0, 615, False, 0
2966,0, 615, False, 0
2967,0, 615, False, 0
2968,0, 615, False, 0
2969,0, 615, False, 0
2970,0, 615, False, 0
2971,0, 615, False, 0
2972,0, 615, False, 0
2973,0, 615, False, 0
2974,0, 615, False, 0
2975,0, 615, False, 4
2976,0, 615, False, 4
2977,0, 615, False, 4
2978,0, 615, False, 4
2979,0, 615, False, 4
2980,0, 615, False, 4
2981,0, 615, False, 4
2982,0, 615, False, 4
2983,0, 615, False, 4
2984,0, 615, False, 4
2985,0, 615, False, 4
2986,0, 615, False, 4
2987,0, 615, False, 4
2988,0, 615, False, 4
2989,0, 615, False, 0
2990,0, 615, False, 0
2991,0, 615, False, 0
2992,0, 615, False, 0
2993,0, 615, False, 0
2994,0, 615, False, 0
2995,0, 615, False, 0
2996,0, 615, False, 0
2997,0, 615, False, 0
2998,0, 615, False, 0
2999,0, 615, False, 0
3000,0, 615, False, 0
3001,0, 615, False, 0
3002,0, 615, False, 0
3003,0, 615, False, 0
3004,0, 615, False, 0
3005,0, 615, False, 0
3006,0, 615, False, 0
3007,0, 615, False, 0
3008,0, 615, False, 0
3009,0, 615, False, 0
3010,0, 615, False, 0
3011,0, 615, False, 0
3012,0, 615, False, 0
3013,0, 615, False, 0
3014,0, 615, False, 0
3015,0, 615, False, 0
3016,0, 615, False, 0
3017,0, 615, False, 0
3018,0, 615, False, 0
3019,0, 615, False, 0
3020,0, 615, False, 0
3021,0, 615, False, 0
3022,0, 615, False, 0
3023,0, 615, False, 0
3024,0, 615, False, 0
3025,0, 615, False, 0
3026,0, 615, False, 0
3027,0, 615, False, 0
3028,0, 615, False, 0
3029,0, 615, False, 0
3030,0, 615, False, 0
3031,0, 615, False, 0
3032,0, 615, False, 0
3033,0, 615, False, 0
3034,0, 615, False, 0
3035,0, 615, False, 0
3036,0, 615, False, 0
3037,0, 615, False, 0
3038,0, 615, False, 0
3039,0, 615, False, 0
3040,0, 615, False, 0
3041,0, 615, False, 0
3042,0, 615, False, 0
3043,0, 615, False, 0
3044,0, 615, False, 0
3045,0, 615, False, 0
3046,0, 615, False, 0
3047,0, 615, False, 0
3048,0, 615, False, 0
3049,0, 615, False, 0
3050,0, 615, False, 0
3051,0, 615, False, 0
3052,0, 615, False, 0
3053,0, 615, False, 0
3054,0, 615, False, 0
3055,0, 615, False, 0
3056,0, 615, False, 0
3057,0, 615, False, 0
3058,0, 615, False, 0
3059,0, 615, False, 0
3060,0, 615, False, 0
3061,0, 615, False, 0
3062,0, 615, False, 0
3063,0, 615, False, 0
3064,0, 615, False, 0
3065,0, 615, False, 0
3066,0, 615, False, 0
3067,0, 615, False, 0
3068,0, 615, False, 3
3069,0, 615, False, 3
3070,0, 615, False, 3
3071,0, 615, False, 3
3072,0, 615, False, 3
3073,0, 615, False, 3
3074,0, 615, False, 3
3075,0, 615, False, 3
3076,0, 615, False, 3
3077,0, 615, False, 3
3078,0, 615, False, 3
3079,0, 615, False, 3
3080,0, 615, False, 3
3081,0, 615, False, 3
3082,0, 615, False, 3
3083,0, 615, False, 3
3084,0, 615, False, 3
3085,0, 615, False, 3
3086,0, 615, False, 0
3087,0, 615, False, 0
3088,0, 615, False, 0
3089,0, 615, False, 0
3090,0, 615, False, 0
3091,0, 615, False, 0
3092,0, 615, False, 0
3093,0, 615, False, 0
3094,0, 615, False, 0
3095,0, 615, False, 0
3096,0, 615, False, 0
3097,0, 615, False, 0
3098,0, 615, False, 0
3099,0, 615, False, 0
3100,0, 615, False, 0
3101,0, 615, False, 0
3102,0, 615, False, 0
3103,0, 615, False, 0
3104,0, 615, False, 0
3105,0, 615, False, 0
3106,0, 615, False, 0
3107,0, 615, False, 0
3108,0, 615, False, 0
3109,0, 615, False, 0
3110,0, 615, False, 0
3111,0, 615, False, 0
3112,0, 615, False, 3
3113,0, 615, False, 3
3114,0, 615, False, 3
3115,0, 615, False, 3
3116,0, 615, False, 3
3117,0, 615, False, 3
3118,0, 615, False, 0
3119,0, 615, False, 0
3120,0, 615, False, 0
3121,0, 615, False, 0
3122,0, 615, False, 0
3123,0, 615, False, 0
3124,0, 615, False, 0
3125,0, 615, False, 0
3126,0, 615, False, 3
3127,0, 615, False, 3
3128,0, 615, False, 3
3129,0, 615, False, 3
3130,0, 615, False, 3
3131,0, 615, False, 3
3132,0, 615, False, 3
3133,0, 615, False, 3
3134,0, 615, False, 0
3135,0, 615, False, 0
3136,0, 615, False, 0
3137,0, 615, False, 0
3138,0, 615, False, 0
3139,0, 615, False, 0
3140,0, 615, False, 0
3141,0, 615, False, 0
3142,0, 615, False, 0
3143,0, 615, False, 1
3144,0, 615, False, 1
3145,0, 615, False, 1
3146,0, 615, False, 1
3147,0, 615, False, 0
3148,0, 615, False, 0
3149,0, 615, False, 0
3150,0, 615, False, 0
3151,0, 615, False, 0
3152,0, 615, False, 0
3153,0, 615, False, 0
3154,0, 615, False, 0
3155,0, 615, False, 0
3156,0, 615, False, 0
3157,0, 615, False, 0
3158,0, 615, False, 0
3159,0, 615, False, 0
3160,0, 615, False, 0
3161,0, 615, False, 0
3162,0, 615, False, 0
3163,0, 615, False, 0
3164,0, 615, False, 0
3165,0, 615, False, 0
3166,0, 615, False, 0
3167,0, 615, False, 0
3168,0, 615, False, 0
3169,0, 615, False, 0
3170,0, 615, False, 0
3171,0, 615, False, 0
3172,0, 615, False, 0
3173,0, 615, False, 0
3174,0, 615, False, 0
3175,0, 615, False, 0
3176,0, 615, False, 0
3177,0, 615, False, 0
3178,30, 645, False, 0
3179,0, 645, False, 0
3180,0, 645, False, 0
3181,0, 645, False, 0
3182,0, 645, False, 0
3183,0, 645, False, 0
3184,0, 645, False, 0
3185,0, 645, False, 0
3186,0, 645, False, 0
3187,0, 645, False, 3
3188,0, 645, False, 3
3189,0, 645, False, 3
3190,0, 645, False, 3
3191,0, 645, False, 3
3192,0, 645, False, 3
3193,0, 645, False, 3
3194,0, 645, False, 3
3195,0, 645, False, 3
3196,0, 645, False, 3
3197,0, 645, False, 3
3198,0, 645, False, 3
3199,0, 645, False, 0
3200,0, 645, False, 0
3201,0, 645, False, 0
3202,0, 645, False, 0
3203,0, 645, False, 0
3204,0, 645, False, 0
3205,0, 645, False, 0
3206,0, 645, False, 0
3207,0, 645, False, 0
3208,0, 645, False, 0
3209,0, 645, False, 0
3210,0, 645, False, 3
3211,0, 645, False, 3
3212,0, 645, False, 3
3213,0, 645, False, 3
3214,0, 645, False, 3
3215,0, 645, False, 3
3216,0, 645, False, 0
3217,0, 645, False, 0
3218,0, 645, False, 0
3219,0, 645, False, 0
3220,0, 645, False, 0
3221,0, 645, False, 1
3222,0, 645, False, 1
3223,0, 645, False, 1
3224,0, 645, False, 1
3225,0, 645, False, 1
3226,0, 645, False, 1
3227,0, 645, False, 0
3228,0, 645, False, 0
3229,0, 645, False, 0
3230,0, 645, False, 0
3231,0, 645, False, 0
3232,0, 645, False, 0
3233,0, 645, False, 0
3234,0, 645, False, 0
3235,0, 645, False, 0
3236,0, 645, False, 4
3237,0, 645, False, 4
3238,0, 645, False, 4
3239,0, 645, False, 4
3240,0, 645, False, 4
3241,0, 645, False, 4
3242,0, 645, False, 4
3243,0, 645, False, 4
3244,0, 645, False, 4
3245,0, 645, False, 4
3246,0, 645, False, 4
3247,0, 645, False, 4
3248,0, 645, False, 4
3249,0, 645, False, 4
3250,0, 645, False, 4
3251,0, 645, False, 4
3252,0, 645, False, 4
3253,0, 645, False, 4
3254,0, 645, False, 4
3255,0, 645, False, 4
3256,0, 645, False, 4
3257,0, 645, False, 4
3258,0, 645, False, 4
3259,0, 645, False, 4
3260,0, 645, False, 4
3261,0, 645, False, 4
3262,0, 645, False, 4
3263,0, 645, False, 4
3264,0, 645, False, 4
3265,0, 645, False, 4
3266,0, 645, False, 4
3267,0, 645, False, 4
3268,0, 645, False, 4
3269,0, 645, False, 4
3270,0, 645, False, 4
3271,0, 645, False, 4
3272,0, 645, False, 4
3273,0, 645, False, 4
3274,0, 645, False, 4
3275,0, 645, False, 4
3276,0, 645, False, 0
3277,0, 645, False, 0
3278,0, 645, False, 1
3279,0, 645, False, 1
3280,0, 645, False, 1
3281,0, 645, False, 1
3282,0, 645, False, 1
3283,0, 645, False, 1
3284,0, 645, False, 1
3285,0, 645, False, 1
3286,0, 645, False, 1
3287,0, 645, False, 0
3288,0, 645, False, 0
3289,0, 645, False, 0
3290,0, 645, False, 0
3291,0, 645, False, 0
3292,0, 645, False, 0
3293,0, 645, False, 0
3294,0, 645, False, 0
3295,0, 645, False, 0
3296,0, 645, False, 0
3297,0, 645, False, 0
3298,0, 645, False, 0
3299,0, 645, False, 0
3300,0, 645, False, 4
3301,0, 645, False, 4
3302,0, 645, False, 4
3303,0, 645, False, 4
3304,0, 645, False, 4
3305,0, 645, False, 4
3306,0, 645, False, 4
3307,0, 645, False, 4
3308,0, 645, False, 4
3309,0, 645, False, 4
3310,0, 645, False, 4
3311,0, 645, False, 4
3312,0, 645, False, 4
3313,0, 645, False, 4
3314,0, 645, False, 4
3315,0, 645, False, 4
3316,0, 645, False, 4
3317,0, 645, False, 4
3318,0, 645, False, 4
3319,0, 645, False, 4
3320,0, 645, False, 4
3321,0, 645, False, 4
3322,0, 645, False, 4
3323,0, 645, False, 4
3324,0, 645, False, 4
3325,0, 645, False, 4
3326,0, 645, False, 12
3327,0, 645, False, 1
3328,0, 645, False, 1
3329,0, 645, False, 1
3330,0, 645, False, 1
3331,0, 645, False, 1
3332,0, 645, False, 1
3333,0, 645, False, 0
3334,0, 645, False, 0
3335,0, 645, False, 0
3336,0, 645, False, 0
3337,0, 645, False, 0
3338,0, 645, False, 0
3339,0, 645, False, 0
3340,0, 645, False, 0
3341,0, 645, False, 0
3342,0, 645, False, 0
3343,0, 645, False, 0
3344,0, 645, False, 0
3345,0, 645, False, 0
3346,0, 645, False, 0
3347,0, 645, False, 0
3348,0, 645, False, 0
3349,0, 645, False, 0
3350,0, 645, False, 0
3351,0, 645, False, 0
3352,25, 670, False, 3
3353,0, 670, False, 3
3354,0, 670, False, 3
3355,0, 670, False, 3
3356,0, 670, False, 3
3357,0, 670, False, 3
3358,0, 670, False, 3
3359,0, 670, False, 3
3360,0, 670, False, 3
3361,0, 670, False, 3
3362,0, 670, False, 3
3363,0, 670, False, 3
3364,0, 670, False, 3
3365,0, 670, False, 3
3366,0, 670, False, 3
3367,0, 670, False, 3
3368,0, 670, False, 3
3369,0, 670, False, 3
3370,0, 670, False, 3
3371,0, 670, False, 3
3372,0, 670, False, 3
3373,0, 670, False, 3
3374,0, 670, False, 3
3375,0, 670, False, 3
3376,0, 670, False, 3
3377,0, 670, False, 3
3378,0, 670, False, 3
3379,0, 670, False, 3
3380,0, 670, False, 3
3381,0, 670, False, 3
3382,0, 670, False, 3
3383,0, 670, False, 3
3384,0, 670, False, 3
3385,0, 670, False, 3
3386,0, 670, False, 3
3387,0, 670, False, 3
3388,0, 670, False, 3
3389,0, 670, False, 3
3390,0, 670, False, 3
3391,0, 670, False, 3
3392,0, 670, False, 3
3393,0, 670, False, 3
3394,0, 670, False, 3
3395,0, 670, False, 3
3396,0, 670, False, 3
3397,0, 670, False, 3
3398,0, 670, False, 3
3399,0, 670, False, 3
3400,0, 670, False, 3
3401,0, 670, False, 3
3402,0, 670, False, 3
3403,0, 670, False, 3
3404,0, 670, False, 3
3405,0, 670, False, 3
3406,0, 670, False, 3
3407,0, 670, False, 3
3408,0, 670, False, 3
3409,0, 670, False, 3
3410,0, 670, False, 3
3411,0, 670, False, 3
3412,0, 670, False, 3
3413,0, 670, False, 3
3414,0, 670, False, 3
3415,0, 670, False, 3
3416,0, 670, False, 3
3417,0, 670, False, 3
3418,0, 670, False, 3
3419,0, 670, False, 0
3420,0, 670, False, 1
3421,0, 670, False, 1
3422,0, 670, False, 1
3423,0, 670, False, 0
3424,0, 670, False, 0
3425,0, 670, False, 0
3426,0, 670, False, 0
3427,0, 670, False, 0
3428,0, 670, False, 0
3429,0, 670, False, 0
3430,0, 670, False, 0
3431,0, 670, False, 0
3432,0, 670, False, 0
3433,0, 670, False, 0
3434,0, 670, False, 0
3435,0, 670, False, 0
3436,0, 670, False, 0
3437,0, 670, False, 0
3438,0, 670, False, 0
3439,0, 670, False, 0
3440,0, 670, False, 0
3441,0, 670, False, 0
3442,25, 695, False, 0
3443,0, 695, False, 0
3444,0, 695, False, 0
3445,0, 695, False, 0
3446,0, 695, False, 0
3447,0, 695, False, 4
3448,0, 695, False, 4
3449,0, 695, False, 4
3450,0, 695, False, 4
3451,0, 695, False, 4
3452,0, 695, False, 4
3453,0, 695, False, 4
3454,0, 695, False, 4
3455,0, 695, False, 4
3456,0, 695, False, 4
3457,0, 695, False, 4
3458,0, 695, False, 4
3459,0, 695, False, 4
3460,0, 695, False, 4
3461,0, 695, False, 4
3462,0, 695, False, 4
3463,0, 695, False, 4
3464,0, 695, False, 4
3465,0, 695, False, 4
3466,0, 695, False, 0
3467,0, 695, False, 0
3468,0, 695, False, 0
3469,0, 695, False, 1
3470,0, 695, False, 1
3471,0, 695, False, 11
3472,0, 695, False, 11
3473,0, 695, False, 11
3474,0, 695, False, 11
3475,0, 695, False, 11
3476,0, 695, False, 11
3477,0, 695, False, 11
3478,0, 695, False, 3
3479,0, 695, False, 3
3480,0, 695, False, 3
3481,0, 695, False, 3
3482,20, 715, False, 3
3483,0, 715, False, 3
3484,0, 715, False, 3
3485,0, 715, False, 3
3486,0, 715, False, 3
3487,0, 715, False, 3
3488,0, 715, False, 3
3489,0, 715, False, 3
3490,0, 715, False, 3
3491,0, 715, False, 3
3492,0, 715, False, 3
3493,0, 715, False, 3
3494,0, 715, False, 3
3495,0, 715, False, 3
3496,0, 715, False, 3
3497,0, 715, False, 3
3498,0, 715, False, 3
3499,0, 715, False, 3
3500,0, 715, False, 3
3501,0, 715, False, 3
3502,0, 715, False, 3
3503,0, 715, False, 3
3504,0, 715, False, 3
3505,0, 715, False, 3
3506,0, 715, False, 3
3507,0, 715, False, 0
3508,0, 715, False, 1
3509,0, 715, False, 1
3510,0, 715, False, 1
3511,0, 715, False, 1
3512,0, 715, False, 1
3513,0, 715, False, 1
3514,0, 715, False, 0
3515,0, 715, False, 0
3516,0, 715, False, 0
3517,0, 715, False, 0
3518,0, 715, False, 0
3519,0, 715, False, 0
3520,0, 715, False, 0
3521,0, 715, False, 0
3522,0, 715, False, 0
3523,0, 715, False, 0
3524,0, 715, False, 0
3525,0, 715, False, 0
3526,0, 715, False, 0
3527,0, 715, False, 0
3528,0, 715, False, 0
3529,0, 715, False, 0
3530,0, 715, False, 0
3531,0, 715, False, 0
3532,0, 715, False, 0
3533,0, 715, False, 0
3534,0, 715, False, 0
3535,0, 715, False, 0
3536,25, 740, False, 0
3537,0, 740, False, 0
3538,0, 740, False, 0
3539,0, 740, False, 0
3540,0, 740, False, 0
3541,0, 740, False, 0
3542,0, 740, False, 0
3543,0, 740, False, 0
3544,0, 740, False, 0
3545,0, 740, False, 0
3546,0, 740, False, 0
3547,0, 740, False, 0
3548,0, 740, False, 0
3549,0, 740, False, 0
3550,0, 740, False, 0
3551,0, 740, False, 0
3552,0, 740, False, 1
3553,0, 740, False, 1
3554,0, 740, False, 1
3555,0, 740, False, 1
3556,0, 740, False, 1
3557,0, 740, False, 1
3558,0, 740, False, 0
3559,0, 740, False, 0
3560,0, 740, False, 0
3561,0, 740, False, 0
3562,0, 740, False, 0
3563,0, 740, False, 3
3564,0, 740, False, 3
3565,0, 740, False, 3
3566,0, 740, False, 3
3567,0, 740, False, 3
3568,0, 740, False, 3
3569,0, 740, False, 3
3570,0, 740, False, 3
3571,0, 740, False, 3
3572,0, 740, False, 3
3573,0, 740, False, 3
3574,0, 740, False, 3
3575,0, 740, False, 3
3576,0, 740, False, 3
3577,0, 740, False, 3
3578,0, 740, False, 3
3579,0, 740, False, 3
3580,0, 740, False, 3
3581,0, 740, False, 3
3582,0, 740, False, 3
3583,0, 740, False, 3
3584,0, 740, False, 3
3585,0, 740, False, 3
3586,0, 740, False, 3
3587,0, 740, False, 3
3588,0, 740, False, 3
3589,0, 740, False, 3
3590,0, 740, False, 3
3591,0, 740, False, 3
3592,0, 740, False, 3
3593,0, 740, False, 3
3594,0, 740, False, 3
3595,0, 740, False, 3
3596,0, 740, False, 3
3597,0, 740, False, 3
3598,0, 740, False, 3
3599,0, 740, False, 3
3600,0, 740, False, 3
3601,0, 740, False, 3
3602,0, 740, False, 3
3603,0, 740, False, 3
3604,0, 740, False, 3
3605,0, 740, False, 3
3606,0, 740, False, 3
3607,0, 740, False, 3
3608,0, 740, False, 3
3609,0, 740, False, 3
3610,0, 740, False, 3
3611,0, 740, False, 3
3612,0, 740, False, 3
3613,0, 740, False, 3
3614,0, 740, False, 3
3615,0, 740, False, 3
3616,0, 740, False, 3
3617,0, 740, False, 3
3618,0, 740, False, 0
3619,0, 740, False, 0
3620,0, 740, False, 0
3621,0, 740, False, 0
3622,0, 740, False, 0
3623,0, 740, False, 0
3624,0, 740, False, 0
3625,0, 740, False, 0
3626,0, 740, False, 0
3627,0, 740, False, 0
3628,0, 740, False, 0
3629,0, 740, False, 0
3630,0, 740, False, 0
3631,0, 740, False, 0
3632,0, 740, False, 0
3633,0, 740, False, 0
3634,0, 740, False, 1
3635,0, 740, False, 1
3636,0, 740, False, 1
3637,0, 740, False, 1
3638,0, 740, False, 1
3639,0, 740, False, 0
3640,0, 740, False, 0
3641,0, 740, False, 0
3642,0, 740, False, 0
3643,0, 740, False, 0
3644,0, 740, False, 0
3645,0, 740, False, 0
3646,0, 740, False, 0
3647,0, 740, False, 0
3648,0, 740, False, 0
3649,0, 740, False, 0
3650,0, 740, False, 0
3651,0, 740, False, 0
3652,0, 740, False, 0
3653,0, 740, False, 0
3654,0, 740, False, 0
3655,0, 740, False, 0
3656,0, 740, False, 0
3657,0, 740, False, 0
3658,0, 740, False, 0
3659,0, 740, False, 0
3660,0, 740, False, 0
3661,0, 740, False, 0
3662,0, 740, False, 0
3663,0, 740, False, 0
3664,0, 740, False, 0
3665,0, 740, False, 0
3666,0, 740, False, 0
3667,0, 740, False, 4
3668,0, 740, False, 4
3669,0, 740, False, 4
3670,0, 740, False, 4
3671,0, 740, False, 4
3672,0, 740, False, 4
3673,0, 740, False, 4
3674,0, 740, False, 4
3675,0, 740, False, 4
3676,0, 740, False, 4
3677,0, 740, False, 4
3678,0, 740, False, 4
3679,0, 740, False, 4
3680,0, 740, False, 4
3681,0, 740, False, 4
3682,0, 740, False, 4
3683,0, 740, False, 4
3684,0, 740, False, 4
3685,0, 740, False, 4
3686,0, 740, False, 4
3687,0, 740, False, 4
3688,0, 740, False, 4
3689,0, 740, False, 4
3690,0, 740, False, 4
3691,0, 740, False, 4
3692,0, 740, False, 4
3693,0, 740, False, 4
3694,0, 740, False, 4
3695,0, 740, False, 4
3696,0, 740, False, 4
3697,0, 740, False, 4
3698,0, 740, False, 4
3699,0, 740, False, 4
3700,0, 740, False, 4
3701,0, 740, False, 4
3702,0, 740, False, 4
3703,0, 740, False, 4
3704,0, 740, False, 4
3705,0, 740, False, 4
3706,0, 740, False, 4
3707,0, 740, False, 4
3708,0, 740, False, 4
3709,0, 740, False, 4
3710,0, 740, False, 4
3711,0, 740, False, 4
3712,0, 740, False, 4
3713,0, 740, False, 4
3714,0, 740, False, 4
3715,0, 740, False, 4
3716,0, 740, False, 4
3717,0, 740, False, 4
3718,0, 740, False, 4
3719,0, 740, False, 4
3720,0, 740, False, 4
3721,0, 740, False, 4
3722,0, 740, False, 4
3723,0, 740, False, 4
3724,0, 740, False, 4
3725,0, 740, False, 4
3726,0, 740, False, 4
3727,0, 740, False, 4
3728,0, 740, False, 4
3729,0, 740, False, 4
3730,0, 740, False, 4
3731,0, 740, False, 4
3732,0, 740, False, 4
3733,0, 740, False, 4
3734,0, 740, False, 4
3735,0, 740, False, 4
3736,0, 740, False, 4
3737,0, 740, False, 4
3738,0, 740, False, 4
3739,0, 740, False, 4
3740,0, 740, False, 4
3741,0, 740, False, 4
3742,0, 740, False, 4
3743,0, 740, False, 4
3744,0, 740, False, 4
3745,0, 740, False, 4
3746,0, 740, False, 0
3747,0, 740, False, 0
3748,0, 740, False, 0
3749,0, 740, False, 0
3750,0, 740, False, 0
3751,0, 740, False, 0
3752,0, 740, False, 0
3753,0, 740, False, 0
3754,0, 740, False, 0
3755,0, 740, False, 0
3756,0, 740, False, 0
3757,0, 740, False, 0
3758,0, 740, False, 0
3759,0, 740, False, 0
3760,0, 740, False, 1
3761,0, 740, False, 1
3762,0, 740, False, 1
3763,0, 740, False, 1
3764,0, 740, False, 1
3765,0, 740, False, 1
3766,0, 740, False, 0
3767,0, 740, False, 0
3768,0, 740, False, 0
3769,0, 740, False, 0
3770,0, 740, False, 0
3771,0, 740, False, 0
3772,0, 740, False, 0
3773,0, 740, False, 0
3774,0, 740, False, 0
3775,0, 740, False, 0
3776,0, 740, False, 0
3777,0, 740, False, 4
3778,0, 740, False, 4
3779,0, 740, False, 4
3780,0, 740, False, 4
3781,0, 740, False, 4
3782,0, 740, False, 4
3783,0, 740, False, 4
3784,0, 740, False, 4
3785,0, 740, False, 4
3786,0, 740, False, 4
3787,0, 740, False, 4
3788,0, 740, False, 4
3789,0, 740, False, 4
3790,0, 740, False, 4
3791,0, 740, False, 4
3792,0, 740, False, 4
3793,0, 740, False, 4
3794,0, 740, False, 4
3795,0, 740, False, 4
3796,0, 740, False, 4
3797,0, 740, False, 4
3798,0, 740, False, 4
3799,0, 740, False, 0
3800,0, 740, False, 0
3801,0, 740, False, 0
3802,0, 740, False, 0
3803,0, 740, False, 0
3804,0, 740, False, 3
3805,0, 740, False, 3
3806,0, 740, False, 3
3807,0, 740, False, 3
3808,0, 740, False, 3
3809,0, 740, False, 3
3810,0, 740, False, 3
3811,0, 740, False, 3
3812,0, 740, False, 3
3813,0, 740, False, 3
3814,0, 740, False, 3
3815,0, 740, False, 3
3816,0, 740, False, 3
3817,0, 740, False, 3
3818,0, 740, False, 3
3819,0, 740, False, 3
3820,0, 740, False, 3
3821,0, 740, False, 3
3822,0, 740, False, 3
3823,0, 740, False, 3
3824,0, 740, False, 3
3825,0, 740, False, 3
3826,0, 740, False, 3
3827,0, 740, False, 3
3828,0, 740, False, 3
3829,0, 740, False, 3
3830,0, 740, False, 3
3831,0, 740, False, 0
3832,0, 740, False, 0
3833,0, 740, False, 0
3834,0, 740, False, 1
3835,0, 740, False, 1
3836,0, 740, False, 1
3837,0, 740, False, 1
3838,0, 740, False, 1
3839,0, 740, False, 1
3840,0, 740, False, 0
3841,0, 740, False, 0
3842,0, 740, False, 0
3843,0, 740, False, 0
3844,0, 740, False, 0
3845,0, 740, False, 0
3846,0, 740, False, 0
3847,0, 740, False, 0
3848,0, 740, False, 0
3849,0, 740, False, 0
3850,0, 740, False, 0
3851,0, 740, False, 0
3852,0, 740, False, 0
3853,0, 740, False, 0
3854,0, 740, False, 0
3855,0, 740, False, 0
3856,0, 740, False, 0
3857,0, 740, False, 0
3858,0, 740, False, 0
3859,0, 740, False, 0
3860,0, 740, False, 0
3861,0, 740, False, 0
3862,0, 740, False, 0
3863,0, 740, False, 0
3864,0, 740, False, 0
3865,0, 740, False, 0
3866,0, 740, False, 0
3867,0, 740, False, 0
3868,0, 740, False, 0
3869,0, 740, False, 0
3870,0, 740, False, 0
3871,0, 740, False, 0
3872,0, 740, False, 0
3873,0, 740, False, 0
3874,0, 740, False, 0
3875,0, 740, False, 0
3876,0, 740, False, 0
3877,0, 740, False, 0
3878,0, 740, False, 0
3879,0, 740, False, 0
3880,0, 740, False, 0
3881,0, 740, False, 0
3882,0, 740, False, 0
3883,0, 740, False, 3
3884,0, 740, False, 3
3885,0, 740, False, 3
3886,0, 740, False, 3
3887,0, 740, False, 3
3888,0, 740, False, 3
3889,0, 740, False, 3
3890,0, 740, False, 3
3891,0, 740, False, 3
3892,0, 740, False, 0
3893,0, 740, False, 0
3894,0, 740, False, 3
3895,0, 740, False, 3
3896,0, 740, False, 3
3897,0, 740, False, 3
3898,0, 740, False, 3
3899,0, 740, False, 3
3900,0, 740, False, 3
3901,0, 740, False, 3
3902,0, 740, False, 3
3903,0, 740, False, 3
3904,0, 740, False, 3
3905,0, 740, False, 3
3906,0, 740, False, 3
3907,0, 740, False, 3
3908,0, 740, False, 3
3909,0, 740, False, 3
3910,0, 740, False, 3
3911,0, 740, False, 3
3912,0, 740, False, 3
3913,0, 740, False, 3
3914,0, 740, False, 3
3915,0, 740, False, 3
3916,0, 740, False, 3
3917,0, 740, False, 0
3918,0, 740, False, 0
3919,0, 740, False, 0
3920,0, 740, False, 0
3921,0, 740, False, 0
3922,0, 740, False, 0
3923,0, 740, False, 0
3924,0, 740, False, 0
3925,0, 740, False, 0
3926,0, 740, False, 0
3927,0, 740, False, 0
3928,0, 740, False, 0
3929,0, 740, False, 0
3930,0, 740, False, 0
3931,0, 740, False, 0
3932,0, 740, False, 0
3933,0, 740, False, 1
3934,0, 740, False, 1
3935,0, 740, False, 1
3936,0, 740, False, 1
3937,0, 740, False, 1
3938,0, 740, False, 1
3939,0, 740, False, 0
3940,0, 740, False, 0
3941,0, 740, False, 0
3942,0, 740, False, 0
3943,0, 740, False, 0
3944,0, 740, False, 0
3945,0, 740, False, 0
3946,0, 740, False, 0
3947,0, 740, False, 0
3948,0, 740, False, 0
3949,0, 740, False, 0
3950,0, 740, False, 0
3951,0, 740, False, 0
3952,0, 740, False, 0
3953,0, 740, False, 0
3954,0, 740, False, 0
3955,0, 740, False, 0
3956,0, 740, False, 0
3957,0, 740, False, 0
3958,0, 740, False, 0
3959,0, 740, False, 0
3960,0, 740, False, 0
3961,0, 740, False, 0
3962,0, 740, False, 0
3963,0, 740, False, 4
3964,0, 740, False, 4
3965,0, 740, False, 4
3966,0, 740, False, 0
3967,0, 740, False, 3
3968,0, 740, False, 3
3969,0, 740, False, 3
3970,0, 740, False, 3
3971,0, 740, False, 3
3972,0, 740, False, 3
3973,0, 740, False, 3
3974,0, 740, False, 3
3975,0, 740, False, 3
3976,0, 740, False, 3
3977,0, 740, False, 3
3978,0, 740, False, 0
3979,0, 740, False, 0
3980,0, 740, False, 0
3981,0, 740, False, 0
3982,0, 740, False, 0
3983,0, 740, False, 0
3984,0, 740, False, 1
3985,0, 740, False, 1
3986,0, 740, False, 1
3987,0, 740, False, 1
3988,0, 740, False, 1
3989,0, 740, False, 1
3990,0, 740, False, 0
3991,0, 740, False, 0
3992,0, 740, False, 0
3993,0, 740, False, 0
3994,0, 740, False, 0
3995,0, 740, False, 0
3996,0, 740, False, 0
3997,0, 740, False, 0
3998,0, 740, False, 0
3999,0, 740, False, 0
4000,0, 740, False, 0
4001,0, 740, False, 0
4002,0, 740, False, 1
4003,0, 740, False, 1
4004,0, 740, False, 1
4005,0, 740, False, 1
4006,0, 740, False, 1
4007,0, 740, False, 1
4008,0, 740, False, 0
4009,0, 740, False, 0
4010,0, 740, False, 4
4011,0, 740, False, 4
4012,0, 740, False, 4
4013,0, 740, False, 4
4014,0, 740, False, 4
4015,0, 740, False, 4
4016,0, 740, False, 4
4017,0, 740, False, 4
4018,0, 740, False, 4
4019,0, 740, False, 4
4020,0, 740, False, 4
4021,0, 740, False, 4
4022,0, 740, False, 4
4023,0, 740, False, 4
4024,0, 740, False, 4
4025,0, 740, False, 4
4026,0, 740, False, 4
4027,0, 740, False, 4
4028,0, 740, False, 4
4029,0, 740, False, 4
4030,0, 740, False, 4
4031,0, 740, False, 4
4032,0, 740, False, 4
4033,0, 740, False, 4
4034,0, 740, False, 4
4035,0, 740, False, 4
4036,0, 740, False, 4
4037,0, 740, False, 4
4038,0, 740, False, 4
4039,0, 740, False, 4
4040,0, 740, False, 4
4041,0, 740, False, 4
4042,0, 740, False, 4
4043,0, 740, False, 4
4044,0, 740, False, 4
4045,0, 740, False, 4
4046,0, 740, False, 4
4047,0, 740, False, 4
4048,0, 740, False, 4
4049,0, 740, False, 4
4050,0, 740, False, 4
4051,0, 740, False, 4
4052,0, 740, False, 4
4053,0, 740, False, 4
4054,0, 740, False, 4
4055,0, 740, False, 12
4056,0, 740, False, 12
4057,0, 740, False, 12
4058,0, 740, False, 12
4059,0, 740, False, 12
4060,0, 740, False, 1
4061,0, 740, False, 1
4062,0, 740, False, 0
4063,0, 740, False, 0
4064,0, 740, False, 0
4065,0, 740, False, 0
4066,0, 740, False, 0
4067,0, 740, False, 0
4068,0, 740, False, 0
4069,0, 740, False, 0
4070,0, 740, False, 0
4071,0, 740, False, 0
4072,0, 740, False, 0
4073,0, 740, False, 0
4074,0, 740, False, 0
4075,0, 740, False, 0
4076,0, 740, False, 0
4077,0, 740, False, 0
4078,0, 740, False, 4
4079,0, 740, False, 4
4080,0, 740, False, 4
4081,0, 740, False, 4
4082,0, 740, False, 4
4083,0, 740, False, 4
4084,0, 740, False, 4
4085,0, 740, False, 0
4086,0, 740, False, 0
4087,0, 740, False, 0
4088,0, 740, False, 0
4089,0, 740, False, 0
4090,0, 740, False, 3
4091,0, 740, False, 3
4092,0, 740, False, 3
4093,0, 740, False, 3
4094,0, 740, False, 3
4095,0, 740, False, 3
4096,0, 740, False, 3
4097,0, 740, False, 3
4098,0, 740, False, 3
4099,0, 740, False, 3
4100,0, 740, False, 3
4101,0, 740, False, 0
4102,0, 740, False, 0
4103,0, 740, False, 0
4104,0, 740, False, 0
4105,0, 740, False, 0
4106,0, 740, False, 0
4107,0, 740, False, 0
4108,0, 740, False, 0
4109,0, 740, False, 0
4110,0, 740, False, 0
4111,0, 740, False, 0
4112,0, 740, False, 0
4113,0, 740, False, 0
4114,0, 740, False, 0
4115,0, 740, False, 0
4116,0, 740, False, 0
4117,0, 740, False, 0
4118,0, 740, False, 0
4119,0, 740, False, 0
4120,0, 740, False, 0
4121,0, 740, False, 0
4122,0, 740, False, 0
4123,0, 740, False, 0
4124,0, 740, False, 0
4125,0, 740, False, 0
4126,0, 740, False, 0
4127,0, 740, False, 0
4128,0, 740, False, 0
4129,0, 740, False, 0
4130,0, 740, False, 0
4131,0, 740, False, 0
4132,0, 740, False, 0
4133,0, 740, False, 0
4134,0, 740, False, 0
4135,0, 740, False, 0
4136,0, 740, False, 0
4137,0, 740, False, 0
4138,0, 740, False, 0
4139,0, 740, False, 0
4140,0, 740, False, 0
4141,0, 740, False, 0
4142,0, 740, False, 0
4143,0, 740, False, 0
4144,0, 740, False, 0
4145,0, 740, False, 0
4146,0, 740, False, 0
4147,0, 740, False, 0
4148,0, 740, False, 0
4149,0, 740, False, 0
4150,0, 740, False, 0
4151,0, 740, False, 0
4152,0, 740, False, 0
4153,0, 740, False, 0
4154,0, 740, False, 0
4155,0, 740, False, 0
4156,0, 740, False, 0
4157,0, 740, False, 0
4158,0, 740, False, 0
4159,0, 740, False, 0
4160,0, 740, False, 0
4161,0, 740, False, 0
4162,0, 740, False, 0
4163,0, 740, False, 0
4164,0, 740, False, 0
4165,0, 740, False, 0
4166,0, 740, False, 0
4167,0, 740, False, 0
4168,0, 740, False, 0
4169,0, 740, False, 0
4170,0, 740, False, 0
4171,0, 740, False, 0
4172,0, 740, False, 0
4173,0, 740, False, 0
4174,0, 740, False, 0
4175,0, 740, False, 0
4176,0, 740, False, 0
4177,0, 740, False, 0
4178,0, 740, False, 0
4179,0, 740, False, 0
4180,0, 740, False, 0
4181,0, 740, False, 0
4182,0, 740, False, 0
4183,0, 740, False, 0
4184,0, 740, False, 0
4185,0, 740, False, 0
4186,0, 740, False, 0
4187,0, 740, False, 0
4188,0, 740, False, 0
4189,0, 740, False, 0
4190,0, 740, False, 0
4191,0, 740, False, 0
4192,0, 740, False, 0
4193,0, 740, False, 0
4194,0, 740, False, 0
4195,0, 740, False, 0
4196,0, 740, False, 0
4197,0, 740, False, 0
4198,0, 740, False, 0
4199,0, 740, False, 0
4200,0, 740, False, 0
4201,0, 740, False, 0
4202,0, 740, False, 0
4203,0, 740, False, 0
4204,0, 740, False, 0
4205,0, 740, False, 0
4206,0, 740, False, 0
4207,0, 740, False, 0
4208,0, 740, False, 0
4209,0, 740, False, 0
4210,0, 740, False, 0
4211,0, 740, False, 0
4212,0, 740, False, 0
4213,0, 740, False, 0
4214,0, 740, False, 0
4215,0, 740, False, 0
4216,0, 740, False, 0
4217,0, 740, False, 0
4218,0, 740, False, 0
4219,0, 740, False, 0
4220,0, 740, False, 0
4221,0, 740, False, 0
4222,0, 740, False, 0
4223,0, 740, False, 0
4224,0, 740, False, 0
4225,0, 740, False, 0
4226,0, 740, False, 0
4227,0, 740, False, 0
4228,0, 740, False, 0
4229,0, 740, False, 0
4230,0, 740, False, 0
4231,0, 740, False, 0
4232,0, 740, False, 0
4233,0, 740, False, 0
4234,0, 740, False, 0
4235,0, 740, False, 0
4236,0, 740, False, 0
4237,0, 740, False, 0
4238,0, 740, False, 0
4239,0, 740, False, 0
4240,0, 740, False, 0
4241,0, 740, False, 0
4242,0, 740, False, 0
4243,0, 740, False, 0
4244,0, 740, False, 0
4245,0, 740, False, 0
