db traj id : 2895
frame,reward,score,terminal, action
0,0, 0, False, 0
1,0, 0, False, 0
2,0, 0, False, 0
3,0, 0, False, 0
4,0, 0, False, 0
5,0, 0, False, 0
6,0, 0, False, 0
7,0, 0, False, 0
8,0, 0, False, 0
9,0, 0, False, 0
10,0, 0, False, 0
11,0, 0, False, 0
12,0, 0, False, 0
13,0, 0, False, 0
14,0, 0, False, 0
15,0, 0, False, 0
16,0, 0, False, 0
17,0, 0, False, 0
18,0, 0, False, 0
19,0, 0, False, 0
20,0, 0, False, 0
21,0, 0, False, 0
22,0, 0, False, 0
23,0, 0, False, 0
24,0, 0, False, 0
25,0, 0, False, 0
26,0, 0, False, 0
27,0, 0, False, 0
28,0, 0, False, 0
29,0, 0, False, 0
30,0, 0, False, 0
31,0, 0, False, 0
32,0, 0, False, 0
33,0, 0, False, 0
34,0, 0, False, 0
35,0, 0, False, 0
36,0, 0, False, 0
37,0, 0, False, 0
38,0, 0, False, 0
39,0, 0, False, 0
40,0, 0, False, 0
41,0, 0, False, 0
42,0, 0, False, 0
43,0, 0, False, 0
44,0, 0, False, 0
45,0, 0, False, 0
46,0, 0, False, 0
47,0, 0, False, 0
48,0, 0, False, 0
49,0, 0, False, 0
50,0, 0, False, 0
51,0, 0, False, 0
52,0, 0, False, 0
53,0, 0, False, 0
54,0, 0, False, 0
55,0, 0, False, 0
56,0, 0, False, 0
57,0, 0, False, 0
58,0, 0, False, 0
59,0, 0, False, 0
60,0, 0, False, 0
61,0, 0, False, 0
62,0, 0, False, 0
63,0, 0, False, 0
64,0, 0, False, 0
65,0, 0, False, 0
66,0, 0, False, 0
67,0, 0, False, 0
68,0, 0, False, 0
69,0, 0, False, 0
70,0, 0, False, 0
71,0, 0, False, 0
72,0, 0, False, 0
73,0, 0, False, 0
74,0, 0, False, 0
75,0, 0, False, 0
76,0, 0, False, 3
77,0, 0, False, 3
78,0, 0, False, 3
79,0, 0, False, 3
80,0, 0, False, 3
81,0, 0, False, 3
82,0, 0, False, 3
83,0, 0, False, 3
84,0, 0, False, 3
85,0, 0, False, 3
86,0, 0, False, 3
87,0, 0, False, 3
88,0, 0, False, 0
89,0, 0, False, 0
90,0, 0, False, 0
91,0, 0, False, 0
92,0, 0, False, 0
93,0, 0, False, 0
94,0, 0, False, 0
95,0, 0, False, 0
96,0, 0, False, 0
97,0, 0, False, 0
98,0, 0, False, 0
99,0, 0, False, 0
100,0, 0, False, 0
101,0, 0, False, 0
102,0, 0, False, 0
103,0, 0, False, 0
104,0, 0, False, 0
105,0, 0, False, 0
106,0, 0, False, 0
107,0, 0, False, 0
108,0, 0, False, 0
109,0, 0, False, 0
110,0, 0, False, 0
111,0, 0, False, 0
112,0, 0, False, 0
113,0, 0, False, 0
114,0, 0, False, 0
115,0, 0, False, 0
116,0, 0, False, 0
117,0, 0, False, 0
118,0, 0, False, 0
119,0, 0, False, 0
120,0, 0, False, 0
121,0, 0, False, 0
122,0, 0, False, 0
123,0, 0, False, 0
124,0, 0, False, 0
125,0, 0, False, 0
126,0, 0, False, 0
127,0, 0, False, 0
128,0, 0, False, 3
129,0, 0, False, 3
130,0, 0, False, 3
131,0, 0, False, 3
132,0, 0, False, 3
133,0, 0, False, 3
134,0, 0, False, 3
135,0, 0, False, 3
136,0, 0, False, 3
137,0, 0, False, 3
138,0, 0, False, 3
139,0, 0, False, 3
140,0, 0, False, 3
141,0, 0, False, 3
142,0, 0, False, 3
143,0, 0, False, 3
144,0, 0, False, 3
145,0, 0, False, 3
146,0, 0, False, 3
147,0, 0, False, 3
148,0, 0, False, 3
149,0, 0, False, 3
150,0, 0, False, 3
151,0, 0, False, 3
152,0, 0, False, 3
153,0, 0, False, 3
154,0, 0, False, 3
155,0, 0, False, 3
156,0, 0, False, 3
157,0, 0, False, 3
158,0, 0, False, 3
159,0, 0, False, 3
160,0, 0, False, 3
161,0, 0, False, 3
162,0, 0, False, 3
163,0, 0, False, 3
164,0, 0, False, 3
165,0, 0, False, 3
166,0, 0, False, 3
167,0, 0, False, 3
168,0, 0, False, 0
169,0, 0, False, 0
170,0, 0, False, 0
171,0, 0, False, 0
172,0, 0, False, 0
173,0, 0, False, 0
174,0, 0, False, 0
175,0, 0, False, 0
176,0, 0, False, 0
177,0, 0, False, 0
178,0, 0, False, 0
179,0, 0, False, 0
180,0, 0, False, 0
181,0, 0, False, 0
182,0, 0, False, 0
183,0, 0, False, 0
184,0, 0, False, 0
185,0, 0, False, 0
186,0, 0, False, 0
187,0, 0, False, 0
188,0, 0, False, 0
189,0, 0, False, 0
190,0, 0, False, 0
191,0, 0, False, 0
192,0, 0, False, 0
193,0, 0, False, 0
194,0, 0, False, 0
195,0, 0, False, 1
196,0, 0, False, 1
197,0, 0, False, 1
198,0, 0, False, 1
199,0, 0, False, 1
200,0, 0, False, 1
201,0, 0, False, 1
202,0, 0, False, 1
203,0, 0, False, 1
204,0, 0, False, 1
205,0, 0, False, 1
206,0, 0, False, 1
207,0, 0, False, 0
208,0, 0, False, 0
209,0, 0, False, 0
210,0, 0, False, 0
211,0, 0, False, 0
212,0, 0, False, 0
213,0, 0, False, 0
214,0, 0, False, 4
215,0, 0, False, 4
216,0, 0, False, 4
217,0, 0, False, 4
218,0, 0, False, 4
219,0, 0, False, 4
220,0, 0, False, 4
221,0, 0, False, 4
222,0, 0, False, 4
223,5, 5, False, 4
224,0, 5, False, 4
225,0, 5, False, 4
226,0, 5, False, 4
227,0, 5, False, 4
228,0, 5, False, 0
229,0, 5, False, 0
230,0, 5, False, 0
231,0, 5, False, 0
232,0, 5, False, 0
233,0, 5, False, 0
234,0, 5, False, 0
235,0, 5, False, 0
236,0, 5, False, 0
237,0, 5, False, 0
238,0, 5, False, 0
239,0, 5, False, 0
240,0, 5, False, 0
241,0, 5, False, 0
242,0, 5, False, 0
243,0, 5, False, 0
244,0, 5, False, 0
245,0, 5, False, 0
246,0, 5, False, 0
247,0, 5, False, 0
248,0, 5, False, 0
249,0, 5, False, 0
250,0, 5, False, 0
251,0, 5, False, 0
252,0, 5, False, 0
253,0, 5, False, 0
254,0, 5, False, 0
255,0, 5, False, 0
256,0, 5, False, 0
257,0, 5, False, 0
258,0, 5, False, 0
259,0, 5, False, 0
260,0, 5, False, 0
261,0, 5, False, 0
262,0, 5, False, 0
263,0, 5, False, 0
264,0, 5, False, 0
265,0, 5, False, 0
266,0, 5, False, 0
267,0, 5, False, 0
268,0, 5, False, 0
269,0, 5, False, 0
270,0, 5, False, 3
271,0, 5, False, 3
272,0, 5, False, 3
273,0, 5, False, 3
274,0, 5, False, 3
275,0, 5, False, 3
276,0, 5, False, 3
277,0, 5, False, 3
278,0, 5, False, 3
279,0, 5, False, 3
280,0, 5, False, 3
281,0, 5, False, 3
282,0, 5, False, 3
283,0, 5, False, 3
284,0, 5, False, 3
285,0, 5, False, 3
286,0, 5, False, 11
287,0, 5, False, 11
288,0, 5, False, 11
289,0, 5, False, 1
290,0, 5, False, 1
291,0, 5, False, 1
292,0, 5, False, 1
293,0, 5, False, 1
294,0, 5, False, 0
295,0, 5, False, 0
296,0, 5, False, 0
297,0, 5, False, 0
298,0, 5, False, 0
299,0, 5, False, 0
300,0, 5, False, 0
301,0, 5, False, 0
302,0, 5, False, 3
303,0, 5, False, 3
304,0, 5, False, 3
305,0, 5, False, 3
306,0, 5, False, 3
307,0, 5, False, 3
308,0, 5, False, 3
309,0, 5, False, 3
310,0, 5, False, 3
311,0, 5, False, 3
312,0, 5, False, 3
313,0, 5, False, 3
314,0, 5, False, 3
315,0, 5, False, 11
316,0, 5, False, 11
317,0, 5, False, 11
318,0, 5, False, 11
319,0, 5, False, 11
320,0, 5, False, 11
321,0, 5, False, 11
322,0, 5, False, 11
323,0, 5, False, 11
324,0, 5, False, 11
325,0, 5, False, 11
326,0, 5, False, 11
327,0, 5, False, 11
328,0, 5, False, 3
329,0, 5, False, 3
330,0, 5, False, 3
331,0, 5, False, 3
332,0, 5, False, 3
333,0, 5, False, 3
334,0, 5, False, 3
335,0, 5, False, 3
336,0, 5, False, 3
337,0, 5, False, 3
338,0, 5, False, 3
339,0, 5, False, 3
340,0, 5, False, 3
341,0, 5, False, 3
342,0, 5, False, 3
343,0, 5, False, 3
344,0, 5, False, 3
345,0, 5, False, 3
346,0, 5, False, 3
347,0, 5, False, 3
348,0, 5, False, 3
349,0, 5, False, 3
350,0, 5, False, 3
351,0, 5, False, 11
352,0, 5, False, 11
353,0, 5, False, 1
354,0, 5, False, 1
355,0, 5, False, 1
356,0, 5, False, 1
357,0, 5, False, 1
358,0, 5, False, 1
359,0, 5, False, 1
360,0, 5, False, 1
361,0, 5, False, 1
362,0, 5, False, 0
363,0, 5, False, 0
364,0, 5, False, 0
365,0, 5, False, 0
366,0, 5, False, 0
367,0, 5, False, 0
368,0, 5, False, 0
369,0, 5, False, 0
370,0, 5, False, 0
371,0, 5, False, 0
372,0, 5, False, 1
373,0, 5, False, 1
374,0, 5, False, 1
375,0, 5, False, 1
376,0, 5, False, 1
377,0, 5, False, 0
378,0, 5, False, 0
379,0, 5, False, 0
380,0, 5, False, 0
381,0, 5, False, 0
382,0, 5, False, 0
383,0, 5, False, 0
384,0, 5, False, 0
385,0, 5, False, 0
386,0, 5, False, 0
387,0, 5, False, 0
388,0, 5, False, 0
389,0, 5, False, 0
390,0, 5, False, 0
391,0, 5, False, 0
392,0, 5, False, 0
393,0, 5, False, 0
394,0, 5, False, 0
395,0, 5, False, 0
396,0, 5, False, 0
397,5, 10, False, 0
398,0, 10, False, 0
399,0, 10, False, 0
400,0, 10, False, 0
401,0, 10, False, 0
402,0, 10, False, 0
403,0, 10, False, 0
404,0, 10, False, 0
405,0, 10, False, 0
406,0, 10, False, 1
407,0, 10, False, 1
408,0, 10, False, 1
409,0, 10, False, 1
410,0, 10, False, 1
411,0, 10, False, 1
412,0, 10, False, 1
413,0, 10, False, 1
414,0, 10, False, 1
415,0, 10, False, 1
416,0, 10, False, 1
417,0, 10, False, 1
418,0, 10, False, 0
419,0, 10, False, 0
420,0, 10, False, 0
421,0, 10, False, 0
422,0, 10, False, 0
423,0, 10, False, 0
424,0, 10, False, 0
425,0, 10, False, 0
426,0, 10, False, 0
427,0, 10, False, 0
428,0, 10, False, 0
429,0, 10, False, 0
430,0, 10, False, 0
431,0, 10, False, 0
432,0, 10, False, 0
433,0, 10, False, 0
434,0, 10, False, 0
435,0, 10, False, 0
436,0, 10, False, 0
437,0, 10, False, 0
438,0, 10, False, 0
439,10, 20, False, 0
440,0, 20, False, 1
441,0, 20, False, 1
442,0, 20, False, 1
443,0, 20, False, 1
444,0, 20, False, 1
445,0, 20, False, 1
446,0, 20, False, 1
447,0, 20, False, 1
448,0, 20, False, 1
449,0, 20, False, 1
450,0, 20, False, 1
451,0, 20, False, 1
452,0, 20, False, 0
453,0, 20, False, 0
454,0, 20, False, 0
455,0, 20, False, 0
456,0, 20, False, 0
457,0, 20, False, 0
458,0, 20, False, 0
459,0, 20, False, 0
460,0, 20, False, 0
461,0, 20, False, 0
462,0, 20, False, 0
463,0, 20, False, 0
464,0, 20, False, 3
465,0, 20, False, 3
466,0, 20, False, 3
467,0, 20, False, 3
468,0, 20, False, 3
469,0, 20, False, 3
470,0, 20, False, 3
471,0, 20, False, 3
472,0, 20, False, 3
473,0, 20, False, 3
474,0, 20, False, 3
475,0, 20, False, 3
476,0, 20, False, 3
477,0, 20, False, 3
478,0, 20, False, 3
479,0, 20, False, 3
480,0, 20, False, 3
481,0, 20, False, 3
482,0, 20, False, 3
483,0, 20, False, 3
484,0, 20, False, 3
485,15, 35, False, 3
486,0, 35, False, 0
487,0, 35, False, 0
488,0, 35, False, 0
489,0, 35, False, 4
490,0, 35, False, 4
491,0, 35, False, 4
492,0, 35, False, 4
493,0, 35, False, 4
494,0, 35, False, 4
495,0, 35, False, 4
496,0, 35, False, 4
497,0, 35, False, 4
498,0, 35, False, 4
499,0, 35, False, 4
500,0, 35, False, 0
501,0, 35, False, 0
502,0, 35, False, 0
503,0, 35, False, 1
504,0, 35, False, 1
505,0, 35, False, 1
506,0, 35, False, 1
507,0, 35, False, 1
508,0, 35, False, 1
509,0, 35, False, 1
510,0, 35, False, 1
511,0, 35, False, 1
512,0, 35, False, 1
513,0, 35, False, 1
514,0, 35, False, 1
515,0, 35, False, 1
516,0, 35, False, 0
517,0, 35, False, 0
518,0, 35, False, 0
519,0, 35, False, 0
520,0, 35, False, 0
521,0, 35, False, 0
522,0, 35, False, 0
523,0, 35, False, 0
524,0, 35, False, 0
525,0, 35, False, 0
526,0, 35, False, 0
527,0, 35, False, 0
528,0, 35, False, 0
529,0, 35, False, 0
530,0, 35, False, 1
531,0, 35, False, 1
532,0, 35, False, 1
533,0, 35, False, 1
534,0, 35, False, 1
535,0, 35, False, 1
536,0, 35, False, 1
537,0, 35, False, 1
538,0, 35, False, 1
539,0, 35, False, 1
540,0, 35, False, 0
541,0, 35, False, 0
542,0, 35, False, 0
543,0, 35, False, 0
544,0, 35, False, 0
545,0, 35, False, 0
546,0, 35, False, 0
547,0, 35, False, 0
548,0, 35, False, 0
549,0, 35, False, 0
550,0, 35, False, 0
551,0, 35, False, 0
552,0, 35, False, 0
553,0, 35, False, 0
554,0, 35, False, 0
555,20, 55, False, 0
556,0, 55, False, 0
557,0, 55, False, 0
558,0, 55, False, 0
559,0, 55, False, 1
560,0, 55, False, 1
561,0, 55, False, 1
562,0, 55, False, 1
563,0, 55, False, 1
564,0, 55, False, 1
565,0, 55, False, 1
566,0, 55, False, 1
567,0, 55, False, 1
568,0, 55, False, 1
569,0, 55, False, 0
570,0, 55, False, 0
571,0, 55, False, 0
572,0, 55, False, 0
573,0, 55, False, 0
574,0, 55, False, 0
575,0, 55, False, 0
576,0, 55, False, 3
577,0, 55, False, 3
578,0, 55, False, 3
579,0, 55, False, 3
580,0, 55, False, 3
581,0, 55, False, 3
582,0, 55, False, 3
583,0, 55, False, 3
584,0, 55, False, 3
585,0, 55, False, 3
586,0, 55, False, 3
587,0, 55, False, 3
588,0, 55, False, 3
589,0, 55, False, 3
590,0, 55, False, 3
591,0, 55, False, 3
592,0, 55, False, 3
593,0, 55, False, 3
594,0, 55, False, 3
595,0, 55, False, 3
596,0, 55, False, 3
597,0, 55, False, 3
598,0, 55, False, 3
599,0, 55, False, 3
600,0, 55, False, 0
601,0, 55, False, 0
602,0, 55, False, 0
603,0, 55, False, 0
604,0, 55, False, 0
605,0, 55, False, 0
606,0, 55, False, 0
607,0, 55, False, 0
608,0, 55, False, 3
609,0, 55, False, 3
610,0, 55, False, 3
611,0, 55, False, 3
612,0, 55, False, 3
613,0, 55, False, 3
614,0, 55, False, 3
615,0, 55, False, 3
616,0, 55, False, 3
617,0, 55, False, 3
618,0, 55, False, 3
619,0, 55, False, 3
620,0, 55, False, 3
621,25, 80, False, 3
622,0, 80, False, 3
623,0, 80, False, 3
624,0, 80, False, 3
625,0, 80, False, 3
626,0, 80, False, 3
627,0, 80, False, 3
628,0, 80, False, 3
629,0, 80, False, 3
630,0, 80, False, 3
631,0, 80, False, 3
632,0, 80, False, 3
633,0, 80, False, 3
634,0, 80, False, 3
635,0, 80, False, 3
636,0, 80, False, 3
637,0, 80, False, 3
638,0, 80, False, 3
639,0, 80, False, 3
640,0, 80, False, 3
641,0, 80, False, 3
642,0, 80, False, 3
643,0, 80, False, 3
644,0, 80, False, 3
645,0, 80, False, 3
646,0, 80, False, 3
647,0, 80, False, 3
648,0, 80, False, 3
649,0, 80, False, 3
650,0, 80, False, 3
651,0, 80, False, 3
652,0, 80, False, 3
653,0, 80, False, 3
654,0, 80, False, 3
655,0, 80, False, 3
656,0, 80, False, 3
657,0, 80, False, 3
658,0, 80, False, 3
659,0, 80, False, 11
660,0, 80, False, 11
661,0, 80, False, 11
662,0, 80, False, 11
663,0, 80, False, 11
664,0, 80, False, 1
665,0, 80, False, 1
666,0, 80, False, 1
667,0, 80, False, 1
668,0, 80, False, 1
669,0, 80, False, 1
670,0, 80, False, 1
671,0, 80, False, 0
672,0, 80, False, 0
673,0, 80, False, 0
674,0, 80, False, 0
675,0, 80, False, 0
676,0, 80, False, 0
677,0, 80, False, 0
678,0, 80, False, 0
679,0, 80, False, 0
680,0, 80, False, 0
681,0, 80, False, 0
682,0, 80, False, 0
683,0, 80, False, 0
684,0, 80, False, 0
685,5, 85, False, 0
686,0, 85, False, 1
687,0, 85, False, 1
688,0, 85, False, 1
689,0, 85, False, 1
690,0, 85, False, 1
691,0, 85, False, 1
692,0, 85, False, 1
693,0, 85, False, 1
694,0, 85, False, 0
695,0, 85, False, 0
696,0, 85, False, 0
697,0, 85, False, 0
698,0, 85, False, 0
699,0, 85, False, 1
700,0, 85, False, 1
701,0, 85, False, 1
702,0, 85, False, 1
703,0, 85, False, 1
704,0, 85, False, 1
705,0, 85, False, 1
706,0, 85, False, 1
707,0, 85, False, 0
708,0, 85, False, 0
709,0, 85, False, 0
710,0, 85, False, 0
711,0, 85, False, 0
712,0, 85, False, 0
713,0, 85, False, 0
714,0, 85, False, 0
715,0, 85, False, 0
716,0, 85, False, 0
717,0, 85, False, 0
718,0, 85, False, 0
719,0, 85, False, 0
720,0, 85, False, 0
721,0, 85, False, 0
722,0, 85, False, 0
723,0, 85, False, 0
724,0, 85, False, 0
725,0, 85, False, 0
726,0, 85, False, 0
727,0, 85, False, 0
728,0, 85, False, 0
729,0, 85, False, 0
730,0, 85, False, 0
731,0, 85, False, 4
732,0, 85, False, 4
733,0, 85, False, 4
734,0, 85, False, 4
735,0, 85, False, 4
736,0, 85, False, 4
737,0, 85, False, 0
738,0, 85, False, 0
739,0, 85, False, 0
740,0, 85, False, 0
741,0, 85, False, 0
742,0, 85, False, 0
743,0, 85, False, 0
744,0, 85, False, 0
745,0, 85, False, 0
746,0, 85, False, 0
747,0, 85, False, 0
748,0, 85, False, 0
749,0, 85, False, 0
750,0, 85, False, 0
751,0, 85, False, 0
752,0, 85, False, 0
753,0, 85, False, 0
754,0, 85, False, 0
755,0, 85, False, 0
756,0, 85, False, 0
757,0, 85, False, 0
758,0, 85, False, 0
759,0, 85, False, 0
760,0, 85, False, 0
761,0, 85, False, 0
762,0, 85, False, 0
763,0, 85, False, 0
764,0, 85, False, 0
765,0, 85, False, 0
766,0, 85, False, 1
767,0, 85, False, 1
768,0, 85, False, 1
769,0, 85, False, 1
770,0, 85, False, 1
771,0, 85, False, 1
772,0, 85, False, 1
773,0, 85, False, 1
774,0, 85, False, 1
775,0, 85, False, 1
776,0, 85, False, 0
777,0, 85, False, 0
778,0, 85, False, 0
779,0, 85, False, 0
780,0, 85, False, 0
781,0, 85, False, 0
782,0, 85, False, 0
783,0, 85, False, 0
784,0, 85, False, 0
785,0, 85, False, 4
786,0, 85, False, 4
787,0, 85, False, 4
788,0, 85, False, 4
789,0, 85, False, 4
790,0, 85, False, 4
791,0, 85, False, 0
792,0, 85, False, 0
793,0, 85, False, 0
794,0, 85, False, 0
795,0, 85, False, 0
796,0, 85, False, 0
797,0, 85, False, 0
798,0, 85, False, 0
799,0, 85, False, 1
800,0, 85, False, 1
801,0, 85, False, 1
802,0, 85, False, 1
803,0, 85, False, 1
804,0, 85, False, 1
805,0, 85, False, 1
806,0, 85, False, 1
807,0, 85, False, 1
808,0, 85, False, 1
809,0, 85, False, 0
810,0, 85, False, 0
811,0, 85, False, 0
812,0, 85, False, 0
813,0, 85, False, 1
814,0, 85, False, 1
815,0, 85, False, 1
816,0, 85, False, 1
817,0, 85, False, 1
818,0, 85, False, 1
819,0, 85, False, 1
820,0, 85, False, 1
821,0, 85, False, 0
822,0, 85, False, 0
823,0, 85, False, 0
824,0, 85, False, 1
825,0, 85, False, 1
826,0, 85, False, 1
827,0, 85, False, 1
828,0, 85, False, 11
829,0, 85, False, 11
830,0, 85, False, 11
831,0, 85, False, 11
832,0, 85, False, 3
833,0, 85, False, 3
834,0, 85, False, 0
835,0, 85, False, 0
836,0, 85, False, 1
837,0, 85, False, 1
838,0, 85, False, 1
839,0, 85, False, 1
840,0, 85, False, 1
841,0, 85, False, 1
842,0, 85, False, 1
843,0, 85, False, 1
844,0, 85, False, 1
845,0, 85, False, 1
846,0, 85, False, 1
847,0, 85, False, 1
848,0, 85, False, 1
849,0, 85, False, 1
850,0, 85, False, 1
851,0, 85, False, 1
852,0, 85, False, 1
853,0, 85, False, 1
854,0, 85, False, 1
855,0, 85, False, 1
856,0, 85, False, 1
857,0, 85, False, 1
858,0, 85, False, 1
859,0, 85, False, 1
860,0, 85, False, 1
861,0, 85, False, 0
862,0, 85, False, 0
863,0, 85, False, 0
864,0, 85, False, 0
865,0, 85, False, 0
866,0, 85, False, 0
867,0, 85, False, 0
868,0, 85, False, 0
869,0, 85, False, 0
870,0, 85, False, 0
871,0, 85, False, 0
872,0, 85, False, 0
873,0, 85, False, 0
874,0, 85, False, 0
875,0, 85, False, 0
876,0, 85, False, 0
877,0, 85, False, 0
878,0, 85, False, 0
879,0, 85, False, 0
880,0, 85, False, 0
881,5, 90, False, 0
882,0, 90, False, 0
883,0, 90, False, 0
884,0, 90, False, 0
885,0, 90, False, 0
886,0, 90, False, 0
887,0, 90, False, 0
888,0, 90, False, 0
889,0, 90, False, 0
890,0, 90, False, 0
891,0, 90, False, 0
892,0, 90, False, 0
893,0, 90, False, 0
894,0, 90, False, 1
895,0, 90, False, 1
896,0, 90, False, 1
897,0, 90, False, 1
898,0, 90, False, 1
899,0, 90, False, 1
900,0, 90, False, 1
901,0, 90, False, 1
902,0, 90, False, 1
903,0, 90, False, 1
904,0, 90, False, 1
905,0, 90, False, 1
906,0, 90, False, 1
907,0, 90, False, 1
908,0, 90, False, 1
909,0, 90, False, 1
910,0, 90, False, 1
911,0, 90, False, 1
912,0, 90, False, 0
913,0, 90, False, 0
914,0, 90, False, 0
915,0, 90, False, 0
916,0, 90, False, 0
917,0, 90, False, 0
918,0, 90, False, 0
919,0, 90, False, 0
920,0, 90, False, 0
921,0, 90, False, 0
922,0, 90, False, 0
923,0, 90, False, 0
924,0, 90, False, 0
925,0, 90, False, 0
926,0, 90, False, 0
927,10, 100, False, 0
928,0, 100, False, 0
929,0, 100, False, 0
930,0, 100, False, 0
931,0, 100, False, 0
932,0, 100, False, 1
933,0, 100, False, 1
934,0, 100, False, 1
935,0, 100, False, 1
936,0, 100, False, 1
937,0, 100, False, 1
938,0, 100, False, 1
939,0, 100, False, 1
940,0, 100, False, 1
941,0, 100, False, 1
942,0, 100, False, 1
943,0, 100, False, 1
944,0, 100, False, 1
945,0, 100, False, 1
946,0, 100, False, 1
947,0, 100, False, 1
948,0, 100, False, 1
949,0, 100, False, 1
950,0, 100, False, 0
951,0, 100, False, 0
952,0, 100, False, 0
953,0, 100, False, 0
954,0, 100, False, 0
955,0, 100, False, 0
956,0, 100, False, 0
957,0, 100, False, 0
958,0, 100, False, 0
959,0, 100, False, 0
960,0, 100, False, 0
961,0, 100, False, 0
962,0, 100, False, 0
963,0, 100, False, 0
964,0, 100, False, 0
965,0, 100, False, 0
966,0, 100, False, 0
967,0, 100, False, 0
968,0, 100, False, 1
969,0, 100, False, 1
970,0, 100, False, 1
971,15, 115, False, 1
972,0, 115, False, 1
973,0, 115, False, 1
974,0, 115, False, 1
975,0, 115, False, 1
976,0, 115, False, 1
977,0, 115, False, 1
978,0, 115, False, 1
979,0, 115, False, 1
980,0, 115, False, 1
981,0, 115, False, 1
982,0, 115, False, 1
983,0, 115, False, 1
984,0, 115, False, 1
985,0, 115, False, 1
986,0, 115, False, 0
987,0, 115, False, 0
988,0, 115, False, 0
989,0, 115, False, 0
990,0, 115, False, 0
991,0, 115, False, 0
992,0, 115, False, 0
993,0, 115, False, 0
994,0, 115, False, 0
995,0, 115, False, 0
996,0, 115, False, 0
997,0, 115, False, 0
998,0, 115, False, 0
999,0, 115, False, 0
1000,0, 115, False, 0
1001,0, 115, False, 0
1002,0, 115, False, 0
1003,0, 115, False, 0
1004,0, 115, False, 0
1005,0, 115, False, 0
1006,0, 115, False, 0
1007,0, 115, False, 0
1008,0, 115, False, 1
1009,0, 115, False, 1
1010,0, 115, False, 1
1011,0, 115, False, 1
1012,0, 115, False, 1
1013,0, 115, False, 1
1014,0, 115, False, 1
1015,0, 115, False, 1
1016,0, 115, False, 1
1017,0, 115, False, 1
1018,0, 115, False, 1
1019,20, 135, False, 1
1020,0, 135, False, 1
1021,0, 135, False, 0
1022,0, 135, False, 0
1023,0, 135, False, 0
1024,0, 135, False, 0
1025,0, 135, False, 0
1026,0, 135, False, 0
1027,0, 135, False, 0
1028,0, 135, False, 0
1029,0, 135, False, 0
1030,0, 135, False, 0
1031,0, 135, False, 0
1032,0, 135, False, 0
1033,0, 135, False, 0
1034,0, 135, False, 1
1035,0, 135, False, 1
1036,0, 135, False, 1
1037,0, 135, False, 1
1038,0, 135, False, 1
1039,0, 135, False, 1
1040,0, 135, False, 1
1041,0, 135, False, 1
1042,0, 135, False, 1
1043,0, 135, False, 1
1044,0, 135, False, 1
1045,0, 135, False, 1
1046,0, 135, False, 1
1047,0, 135, False, 1
1048,0, 135, False, 1
1049,0, 135, False, 1
1050,0, 135, False, 1
1051,0, 135, False, 0
1052,0, 135, False, 0
1053,0, 135, False, 0
1054,0, 135, False, 0
1055,0, 135, False, 0
1056,0, 135, False, 0
1057,0, 135, False, 0
1058,0, 135, False, 0
1059,0, 135, False, 0
1060,0, 135, False, 0
1061,0, 135, False, 0
1062,0, 135, False, 0
1063,0, 135, False, 0
1064,0, 135, False, 0
1065,0, 135, False, 0
1066,0, 135, False, 0
1067,0, 135, False, 3
1068,0, 135, False, 3
1069,0, 135, False, 3
1070,0, 135, False, 3
1071,0, 135, False, 3
1072,0, 135, False, 3
1073,0, 135, False, 3
1074,0, 135, False, 3
1075,25, 160, False, 3
1076,0, 160, False, 3
1077,0, 160, False, 3
1078,0, 160, False, 3
1079,0, 160, False, 3
1080,0, 160, False, 3
1081,0, 160, False, 3
1082,0, 160, False, 3
1083,0, 160, False, 1
1084,0, 160, False, 1
1085,0, 160, False, 1
1086,0, 160, False, 1
1087,0, 160, False, 1
1088,0, 160, False, 1
1089,0, 160, False, 1
1090,0, 160, False, 1
1091,0, 160, False, 1
1092,0, 160, False, 1
1093,0, 160, False, 1
1094,0, 160, False, 1
1095,0, 160, False, 0
1096,0, 160, False, 0
1097,0, 160, False, 0
1098,0, 160, False, 4
1099,0, 160, False, 4
1100,0, 160, False, 4
1101,0, 160, False, 4
1102,0, 160, False, 4
1103,0, 160, False, 4
1104,0, 160, False, 4
1105,0, 160, False, 4
1106,0, 160, False, 4
1107,0, 160, False, 4
1108,0, 160, False, 4
1109,0, 160, False, 4
1110,0, 160, False, 4
1111,0, 160, False, 4
1112,0, 160, False, 4
1113,0, 160, False, 4
1114,0, 160, False, 4
1115,0, 160, False, 4
1116,0, 160, False, 4
1117,0, 160, False, 4
1118,0, 160, False, 4
1119,0, 160, False, 4
1120,0, 160, False, 4
1121,0, 160, False, 4
1122,0, 160, False, 4
1123,0, 160, False, 4
1124,0, 160, False, 4
1125,0, 160, False, 4
1126,0, 160, False, 4
1127,0, 160, False, 4
1128,0, 160, False, 4
1129,0, 160, False, 4
1130,0, 160, False, 4
1131,0, 160, False, 4
1132,0, 160, False, 4
1133,0, 160, False, 4
1134,0, 160, False, 4
1135,0, 160, False, 4
1136,0, 160, False, 4
1137,0, 160, False, 4
1138,0, 160, False, 4
1139,0, 160, False, 4
1140,0, 160, False, 4
1141,0, 160, False, 4
1142,0, 160, False, 4
1143,0, 160, False, 4
1144,0, 160, False, 4
1145,0, 160, False, 4
1146,0, 160, False, 4
1147,0, 160, False, 4
1148,0, 160, False, 4
1149,0, 160, False, 4
1150,0, 160, False, 4
1151,0, 160, False, 4
1152,0, 160, False, 4
1153,0, 160, False, 4
1154,0, 160, False, 4
1155,0, 160, False, 4
1156,0, 160, False, 4
1157,0, 160, False, 4
1158,0, 160, False, 4
1159,0, 160, False, 4
1160,0, 160, False, 4
1161,0, 160, False, 4
1162,0, 160, False, 4
1163,0, 160, False, 4
1164,0, 160, False, 4
1165,0, 160, False, 4
1166,0, 160, False, 4
1167,0, 160, False, 4
1168,0, 160, False, 4
1169,0, 160, False, 4
1170,0, 160, False, 4
1171,0, 160, False, 4
1172,0, 160, False, 4
1173,0, 160, False, 4
1174,0, 160, False, 4
1175,0, 160, False, 4
1176,0, 160, False, 4
1177,0, 160, False, 4
1178,0, 160, False, 4
1179,0, 160, False, 4
1180,0, 160, False, 4
1181,0, 160, False, 4
1182,0, 160, False, 4
1183,0, 160, False, 4
1184,0, 160, False, 4
1185,0, 160, False, 4
1186,0, 160, False, 4
1187,0, 160, False, 4
1188,0, 160, False, 4
1189,0, 160, False, 4
1190,0, 160, False, 4
1191,0, 160, False, 4
1192,0, 160, False, 4
1193,0, 160, False, 4
1194,0, 160, False, 12
1195,0, 160, False, 12
1196,0, 160, False, 12
1197,0, 160, False, 12
1198,0, 160, False, 12
1199,0, 160, False, 12
1200,0, 160, False, 12
1201,0, 160, False, 12
1202,0, 160, False, 12
1203,0, 160, False, 12
1204,0, 160, False, 4
1205,0, 160, False, 4
1206,0, 160, False, 4
1207,0, 160, False, 4
1208,0, 160, False, 4
1209,0, 160, False, 4
1210,0, 160, False, 4
1211,0, 160, False, 4
1212,0, 160, False, 4
1213,0, 160, False, 4
1214,0, 160, False, 4
1215,0, 160, False, 4
1216,0, 160, False, 4
1217,0, 160, False, 4
1218,0, 160, False, 4
1219,0, 160, False, 4
1220,0, 160, False, 4
1221,0, 160, False, 4
1222,0, 160, False, 4
1223,0, 160, False, 4
1224,0, 160, False, 4
1225,0, 160, False, 4
1226,0, 160, False, 4
1227,0, 160, False, 4
1228,0, 160, False, 4
1229,0, 160, False, 4
1230,0, 160, False, 4
1231,0, 160, False, 4
1232,0, 160, False, 4
1233,0, 160, False, 4
1234,0, 160, False, 4
1235,0, 160, False, 4
1236,0, 160, False, 4
1237,0, 160, False, 4
1238,0, 160, False, 4
1239,0, 160, False, 4
1240,0, 160, False, 4
1241,0, 160, False, 4
1242,0, 160, False, 4
1243,0, 160, False, 4
1244,0, 160, False, 4
1245,0, 160, False, 4
1246,0, 160, False, 4
1247,0, 160, False, 4
1248,0, 160, False, 4
1249,25, 185, False, 4
1250,0, 185, False, 4
1251,0, 185, False, 4
1252,0, 185, False, 4
1253,0, 185, False, 4
1254,0, 185, False, 4
1255,0, 185, False, 4
1256,0, 185, False, 4
1257,0, 185, False, 4
1258,0, 185, False, 4
1259,0, 185, False, 4
1260,0, 185, False, 4
1261,0, 185, False, 4
1262,0, 185, False, 4
1263,0, 185, False, 4
1264,0, 185, False, 4
1265,0, 185, False, 12
1266,0, 185, False, 12
1267,0, 185, False, 1
1268,0, 185, False, 1
1269,0, 185, False, 1
1270,0, 185, False, 1
1271,0, 185, False, 1
1272,0, 185, False, 1
1273,0, 185, False, 1
1274,0, 185, False, 1
1275,0, 185, False, 1
1276,0, 185, False, 0
1277,0, 185, False, 0
1278,0, 185, False, 0
1279,0, 185, False, 0
1280,0, 185, False, 0
1281,0, 185, False, 0
1282,0, 185, False, 0
1283,0, 185, False, 0
1284,0, 185, False, 0
1285,0, 185, False, 0
1286,0, 185, False, 0
1287,0, 185, False, 0
1288,0, 185, False, 0
1289,0, 185, False, 0
1290,0, 185, False, 0
1291,0, 185, False, 0
1292,0, 185, False, 0
1293,0, 185, False, 0
1294,0, 185, False, 0
1295,0, 185, False, 0
1296,0, 185, False, 0
1297,0, 185, False, 0
1298,0, 185, False, 0
1299,0, 185, False, 0
1300,0, 185, False, 0
1301,0, 185, False, 0
1302,0, 185, False, 0
1303,0, 185, False, 0
1304,0, 185, False, 0
1305,0, 185, False, 0
1306,0, 185, False, 1
1307,0, 185, False, 1
1308,0, 185, False, 1
1309,0, 185, False, 1
1310,0, 185, False, 1
1311,0, 185, False, 1
1312,0, 185, False, 1
1313,20, 205, False, 1
1314,0, 205, False, 1
1315,0, 205, False, 1
1316,0, 205, False, 1
1317,0, 205, False, 1
1318,0, 205, False, 1
1319,0, 205, False, 1
1320,0, 205, False, 1
1321,0, 205, False, 0
1322,0, 205, False, 0
1323,0, 205, False, 0
1324,0, 205, False, 0
1325,0, 205, False, 0
1326,0, 205, False, 0
1327,0, 205, False, 0
1328,0, 205, False, 0
1329,0, 205, False, 0
1330,0, 205, False, 0
1331,0, 205, False, 0
1332,0, 205, False, 1
1333,5, 210, False, 1
1334,0, 210, False, 1
1335,0, 210, False, 1
1336,0, 210, False, 1
1337,0, 210, False, 1
1338,0, 210, False, 1
1339,0, 210, False, 1
1340,0, 210, False, 1
1341,0, 210, False, 1
1342,0, 210, False, 0
1343,0, 210, False, 0
1344,0, 210, False, 0
1345,0, 210, False, 1
1346,0, 210, False, 1
1347,0, 210, False, 1
1348,0, 210, False, 1
1349,0, 210, False, 1
1350,0, 210, False, 1
1351,0, 210, False, 1
1352,0, 210, False, 0
1353,0, 210, False, 1
1354,0, 210, False, 1
1355,0, 210, False, 1
1356,0, 210, False, 1
1357,0, 210, False, 1
1358,0, 210, False, 1
1359,0, 210, False, 1
1360,0, 210, False, 0
1361,0, 210, False, 0
1362,0, 210, False, 1
1363,10, 220, False, 1
1364,0, 220, False, 1
1365,0, 220, False, 1
1366,0, 220, False, 1
1367,0, 220, False, 1
1368,0, 220, False, 1
1369,0, 220, False, 1
1370,0, 220, False, 0
1371,0, 220, False, 0
1372,0, 220, False, 0
1373,0, 220, False, 1
1374,0, 220, False, 1
1375,0, 220, False, 1
1376,0, 220, False, 1
1377,0, 220, False, 1
1378,0, 220, False, 1
1379,0, 220, False, 0
1380,0, 220, False, 0
1381,0, 220, False, 0
1382,0, 220, False, 1
1383,0, 220, False, 1
1384,0, 220, False, 1
1385,0, 220, False, 1
1386,0, 220, False, 1
1387,0, 220, False, 1
1388,0, 220, False, 1
1389,0, 220, False, 0
1390,0, 220, False, 0
1391,0, 220, False, 0
1392,0, 220, False, 3
1393,0, 220, False, 3
1394,0, 220, False, 3
1395,0, 220, False, 3
1396,0, 220, False, 3
1397,0, 220, False, 3
1398,0, 220, False, 3
1399,0, 220, False, 3
1400,0, 220, False, 3
1401,0, 220, False, 3
1402,0, 220, False, 3
1403,15, 235, False, 3
1404,0, 235, False, 3
1405,0, 235, False, 3
1406,0, 235, False, 3
1407,0, 235, False, 3
1408,0, 235, False, 3
1409,0, 235, False, 3
1410,0, 235, False, 3
1411,0, 235, False, 3
1412,0, 235, False, 3
1413,0, 235, False, 3
1414,0, 235, False, 3
1415,0, 235, False, 3
1416,0, 235, False, 0
1417,0, 235, False, 0
1418,0, 235, False, 4
1419,0, 235, False, 4
1420,0, 235, False, 4
1421,0, 235, False, 4
1422,0, 235, False, 4
1423,0, 235, False, 4
1424,0, 235, False, 4
1425,0, 235, False, 4
1426,0, 235, False, 4
1427,0, 235, False, 4
1428,0, 235, False, 4
1429,0, 235, False, 4
1430,0, 235, False, 4
1431,0, 235, False, 4
1432,0, 235, False, 4
1433,0, 235, False, 4
1434,0, 235, False, 4
1435,0, 235, False, 4
1436,0, 235, False, 4
1437,0, 235, False, 4
1438,0, 235, False, 0
1439,0, 235, False, 0
1440,0, 235, False, 0
1441,0, 235, False, 0
1442,0, 235, False, 0
1443,0, 235, False, 0
1444,0, 235, False, 0
1445,0, 235, False, 0
1446,0, 235, False, 0
1447,0, 235, False, 0
1448,0, 235, False, 0
1449,0, 235, False, 0
1450,0, 235, False, 0
1451,0, 235, False, 0
1452,0, 235, False, 0
1453,0, 235, False, 0
1454,0, 235, False, 0
1455,0, 235, False, 0
1456,0, 235, False, 0
1457,0, 235, False, 0
1458,0, 235, False, 0
1459,0, 235, False, 0
1460,0, 235, False, 0
1461,0, 235, False, 0
1462,0, 235, False, 0
1463,0, 235, False, 0
1464,0, 235, False, 0
1465,0, 235, False, 0
1466,0, 235, False, 1
1467,0, 235, False, 1
1468,0, 235, False, 1
1469,0, 235, False, 1
1470,0, 235, False, 1
1471,0, 235, False, 1
1472,0, 235, False, 1
1473,0, 235, False, 1
1474,0, 235, False, 1
1475,0, 235, False, 0
1476,0, 235, False, 0
1477,0, 235, False, 0
1478,0, 235, False, 0
1479,0, 235, False, 0
1480,0, 235, False, 0
1481,0, 235, False, 0
1482,0, 235, False, 0
1483,0, 235, False, 0
1484,0, 235, False, 0
1485,0, 235, False, 1
1486,0, 235, False, 1
1487,0, 235, False, 1
1488,0, 235, False, 1
1489,5, 240, False, 1
1490,0, 240, False, 1
1491,0, 240, False, 1
1492,0, 240, False, 1
1493,0, 240, False, 0
1494,0, 240, False, 0
1495,0, 240, False, 0
1496,0, 240, False, 1
1497,0, 240, False, 1
1498,0, 240, False, 1
1499,0, 240, False, 1
1500,0, 240, False, 1
1501,0, 240, False, 0
1502,0, 240, False, 0
1503,0, 240, False, 0
1504,0, 240, False, 1
1505,0, 240, False, 1
1506,0, 240, False, 1
1507,0, 240, False, 1
1508,0, 240, False, 1
1509,0, 240, False, 1
1510,0, 240, False, 0
1511,0, 240, False, 0
1512,0, 240, False, 1
1513,0, 240, False, 1
1514,0, 240, False, 1
1515,10, 250, False, 1
1516,0, 250, False, 1
1517,0, 250, False, 1
1518,0, 250, False, 0
1519,0, 250, False, 0
1520,0, 250, False, 1
1521,0, 250, False, 1
1522,0, 250, False, 1
1523,0, 250, False, 1
1524,0, 250, False, 1
1525,0, 250, False, 0
1526,0, 250, False, 3
1527,0, 250, False, 11
1528,0, 250, False, 11
1529,0, 250, False, 11
1530,0, 250, False, 11
1531,0, 250, False, 11
1532,0, 250, False, 11
1533,0, 250, False, 3
1534,0, 250, False, 3
1535,0, 250, False, 3
1536,0, 250, False, 3
1537,0, 250, False, 3
1538,0, 250, False, 3
1539,0, 250, False, 11
1540,0, 250, False, 11
1541,0, 250, False, 11
1542,0, 250, False, 11
1543,0, 250, False, 11
1544,0, 250, False, 11
1545,0, 250, False, 11
1546,0, 250, False, 11
1547,0, 250, False, 11
1548,0, 250, False, 11
1549,15, 265, False, 3
1550,0, 265, False, 3
1551,0, 265, False, 3
1552,0, 265, False, 3
1553,0, 265, False, 3
1554,0, 265, False, 3
1555,0, 265, False, 3
1556,0, 265, False, 3
1557,0, 265, False, 3
1558,0, 265, False, 3
1559,0, 265, False, 3
1560,0, 265, False, 3
1561,0, 265, False, 3
1562,0, 265, False, 3
1563,0, 265, False, 3
1564,0, 265, False, 3
1565,0, 265, False, 3
1566,0, 265, False, 3
1567,0, 265, False, 11
1568,0, 265, False, 11
1569,0, 265, False, 11
1570,0, 265, False, 11
1571,0, 265, False, 11
1572,0, 265, False, 11
1573,0, 265, False, 11
1574,0, 265, False, 3
1575,0, 265, False, 3
1576,0, 265, False, 3
1577,0, 265, False, 11
1578,0, 265, False, 11
1579,0, 265, False, 11
1580,0, 265, False, 11
1581,0, 265, False, 1
1582,0, 265, False, 1
1583,0, 265, False, 1
1584,0, 265, False, 0
1585,0, 265, False, 1
1586,0, 265, False, 1
1587,0, 265, False, 1
1588,0, 265, False, 1
1589,0, 265, False, 1
1590,0, 265, False, 0
1591,10, 275, False, 0
1592,0, 275, False, 0
1593,0, 275, False, 1
1594,0, 275, False, 1
1595,0, 275, False, 1
1596,0, 275, False, 1
1597,0, 275, False, 1
1598,0, 275, False, 1
1599,0, 275, False, 0
1600,0, 275, False, 0
1601,0, 275, False, 1
1602,0, 275, False, 1
1603,0, 275, False, 1
1604,0, 275, False, 1
1605,0, 275, False, 1
1606,0, 275, False, 1
1607,0, 275, False, 0
1608,0, 275, False, 0
1609,0, 275, False, 1
1610,0, 275, False, 1
1611,0, 275, False, 1
1612,0, 275, False, 1
1613,0, 275, False, 1
1614,0, 275, False, 3
1615,0, 275, False, 3
1616,0, 275, False, 3
1617,0, 275, False, 11
1618,0, 275, False, 11
1619,0, 275, False, 11
1620,0, 275, False, 11
1621,0, 275, False, 11
1622,0, 275, False, 3
1623,0, 275, False, 3
1624,0, 275, False, 3
1625,0, 275, False, 11
1626,0, 275, False, 11
1627,0, 275, False, 11
1628,0, 275, False, 11
1629,15, 290, False, 11
1630,0, 290, False, 11
1631,0, 290, False, 11
1632,0, 290, False, 3
1633,0, 290, False, 3
1634,0, 290, False, 3
1635,0, 290, False, 3
1636,0, 290, False, 3
1637,0, 290, False, 3
1638,0, 290, False, 3
1639,0, 290, False, 3
1640,0, 290, False, 3
1641,0, 290, False, 3
1642,0, 290, False, 3
1643,0, 290, False, 3
1644,0, 290, False, 3
1645,0, 290, False, 3
1646,0, 290, False, 3
1647,0, 290, False, 3
1648,0, 290, False, 3
1649,0, 290, False, 3
1650,0, 290, False, 3
1651,0, 290, False, 3
1652,0, 290, False, 3
1653,0, 290, False, 3
1654,0, 290, False, 3
1655,0, 290, False, 3
1656,0, 290, False, 3
1657,0, 290, False, 3
1658,0, 290, False, 3
1659,0, 290, False, 3
1660,0, 290, False, 3
1661,0, 290, False, 3
1662,0, 290, False, 3
1663,0, 290, False, 3
1664,0, 290, False, 3
1665,0, 290, False, 3
1666,0, 290, False, 3
1667,0, 290, False, 3
1668,0, 290, False, 3
1669,0, 290, False, 3
1670,0, 290, False, 3
1671,0, 290, False, 3
1672,0, 290, False, 3
1673,0, 290, False, 3
1674,0, 290, False, 3
1675,0, 290, False, 3
1676,0, 290, False, 3
1677,0, 290, False, 3
1678,0, 290, False, 3
1679,0, 290, False, 3
1680,0, 290, False, 3
1681,0, 290, False, 3
1682,0, 290, False, 3
1683,0, 290, False, 3
1684,0, 290, False, 3
1685,0, 290, False, 3
1686,0, 290, False, 3
1687,0, 290, False, 3
1688,0, 290, False, 3
1689,0, 290, False, 3
1690,0, 290, False, 3
1691,0, 290, False, 3
1692,0, 290, False, 3
1693,0, 290, False, 3
1694,0, 290, False, 3
1695,0, 290, False, 3
1696,0, 290, False, 3
1697,0, 290, False, 3
1698,0, 290, False, 3
1699,0, 290, False, 3
1700,0, 290, False, 3
1701,0, 290, False, 3
1702,0, 290, False, 3
1703,0, 290, False, 3
1704,0, 290, False, 3
1705,0, 290, False, 3
1706,0, 290, False, 3
1707,0, 290, False, 3
1708,0, 290, False, 3
1709,0, 290, False, 3
1710,0, 290, False, 3
1711,0, 290, False, 3
1712,0, 290, False, 3
1713,0, 290, False, 3
1714,0, 290, False, 3
1715,0, 290, False, 3
1716,0, 290, False, 3
1717,0, 290, False, 3
1718,0, 290, False, 3
1719,0, 290, False, 3
1720,0, 290, False, 3
1721,0, 290, False, 3
1722,0, 290, False, 3
1723,0, 290, False, 3
1724,0, 290, False, 3
1725,0, 290, False, 11
1726,0, 290, False, 11
1727,0, 290, False, 11
1728,0, 290, False, 1
1729,0, 290, False, 1
1730,0, 290, False, 1
1731,0, 290, False, 1
1732,0, 290, False, 1
1733,0, 290, False, 1
1734,0, 290, False, 0
1735,0, 290, False, 0
1736,0, 290, False, 1
1737,0, 290, False, 1
1738,0, 290, False, 1
1739,0, 290, False, 1
1740,0, 290, False, 1
1741,0, 290, False, 1
1742,0, 290, False, 0
1743,0, 290, False, 0
1744,0, 290, False, 0
1745,0, 290, False, 0
1746,0, 290, False, 0
1747,0, 290, False, 0
1748,0, 290, False, 0
1749,0, 290, False, 0
1750,0, 290, False, 0
1751,0, 290, False, 0
1752,0, 290, False, 0
1753,0, 290, False, 0
1754,0, 290, False, 0
1755,0, 290, False, 0
1756,0, 290, False, 1
1757,0, 290, False, 1
1758,0, 290, False, 1
1759,0, 290, False, 1
1760,0, 290, False, 1
1761,0, 290, False, 1
1762,0, 290, False, 1
1763,0, 290, False, 1
1764,0, 290, False, 0
1765,0, 290, False, 0
1766,0, 290, False, 0
1767,0, 290, False, 0
1768,0, 290, False, 0
1769,0, 290, False, 0
1770,0, 290, False, 1
1771,0, 290, False, 1
1772,0, 290, False, 1
1773,0, 290, False, 1
1774,0, 290, False, 1
1775,0, 290, False, 1
1776,0, 290, False, 0
1777,0, 290, False, 0
1778,0, 290, False, 0
1779,0, 290, False, 0
1780,0, 290, False, 0
1781,0, 290, False, 0
1782,0, 290, False, 0
1783,0, 290, False, 0
1784,0, 290, False, 0
1785,0, 290, False, 0
1786,0, 290, False, 0
1787,0, 290, False, 0
1788,0, 290, False, 0
1789,0, 290, False, 0
1790,0, 290, False, 0
1791,0, 290, False, 0
1792,0, 290, False, 0
1793,0, 290, False, 0
1794,0, 290, False, 0
1795,0, 290, False, 0
1796,0, 290, False, 0
1797,0, 290, False, 0
1798,0, 290, False, 0
1799,0, 290, False, 0
1800,0, 290, False, 1
1801,0, 290, False, 1
1802,0, 290, False, 1
1803,0, 290, False, 1
1804,0, 290, False, 1
1805,0, 290, False, 1
1806,0, 290, False, 1
1807,0, 290, False, 1
1808,0, 290, False, 1
1809,0, 290, False, 1
1810,0, 290, False, 0
1811,0, 290, False, 0
1812,0, 290, False, 0
1813,0, 290, False, 0
1814,0, 290, False, 0
1815,0, 290, False, 0
1816,0, 290, False, 0
1817,0, 290, False, 0
1818,0, 290, False, 0
1819,0, 290, False, 0
1820,0, 290, False, 0
1821,0, 290, False, 0
1822,0, 290, False, 0
1823,0, 290, False, 0
1824,0, 290, False, 0
1825,0, 290, False, 0
1826,0, 290, False, 0
1827,0, 290, False, 0
1828,0, 290, False, 0
1829,0, 290, False, 0
1830,0, 290, False, 0
1831,0, 290, False, 1
1832,0, 290, False, 1
1833,0, 290, False, 1
1834,0, 290, False, 1
1835,0, 290, False, 1
1836,0, 290, False, 1
1837,0, 290, False, 1
1838,0, 290, False, 1
1839,0, 290, False, 1
1840,0, 290, False, 0
1841,0, 290, False, 0
1842,0, 290, False, 0
1843,0, 290, False, 0
1844,0, 290, False, 0
1845,0, 290, False, 0
1846,0, 290, False, 0
1847,0, 290, False, 0
1848,0, 290, False, 0
1849,0, 290, False, 0
1850,0, 290, False, 0
1851,0, 290, False, 1
1852,0, 290, False, 1
1853,0, 290, False, 1
1854,0, 290, False, 1
1855,0, 290, False, 1
1856,0, 290, False, 1
1857,0, 290, False, 1
1858,0, 290, False, 0
1859,0, 290, False, 0
1860,0, 290, False, 0
1861,0, 290, False, 0
1862,0, 290, False, 0
1863,0, 290, False, 1
1864,0, 290, False, 1
1865,0, 290, False, 1
1866,0, 290, False, 1
1867,0, 290, False, 1
1868,0, 290, False, 1
1869,0, 290, False, 0
1870,0, 290, False, 0
1871,0, 290, False, 0
1872,0, 290, False, 0
1873,0, 290, False, 1
1874,0, 290, False, 1
1875,0, 290, False, 1
1876,0, 290, False, 1
1877,0, 290, False, 1
1878,0, 290, False, 0
1879,0, 290, False, 0
1880,0, 290, False, 0
1881,0, 290, False, 1
1882,0, 290, False, 1
1883,0, 290, False, 1
1884,0, 290, False, 1
1885,0, 290, False, 1
1886,0, 290, False, 1
1887,0, 290, False, 1
1888,0, 290, False, 1
1889,0, 290, False, 0
1890,0, 290, False, 0
1891,0, 290, False, 0
1892,0, 290, False, 1
1893,0, 290, False, 1
1894,0, 290, False, 1
1895,0, 290, False, 1
1896,0, 290, False, 1
1897,0, 290, False, 1
1898,0, 290, False, 0
1899,0, 290, False, 0
1900,0, 290, False, 0
1901,0, 290, False, 0
1902,0, 290, False, 0
1903,0, 290, False, 0
1904,0, 290, False, 0
1905,0, 290, False, 0
1906,0, 290, False, 0
1907,0, 290, False, 0
1908,0, 290, False, 0
1909,0, 290, False, 0
1910,0, 290, False, 0
1911,0, 290, False, 0
1912,0, 290, False, 0
1913,0, 290, False, 0
1914,0, 290, False, 0
1915,0, 290, False, 1
1916,0, 290, False, 1
1917,0, 290, False, 1
1918,0, 290, False, 1
1919,0, 290, False, 1
1920,0, 290, False, 1
1921,0, 290, False, 1
1922,0, 290, False, 1
1923,0, 290, False, 0
1924,0, 290, False, 0
1925,0, 290, False, 0
1926,0, 290, False, 0
1927,0, 290, False, 0
1928,0, 290, False, 0
1929,0, 290, False, 0
1930,0, 290, False, 1
1931,0, 290, False, 1
1932,0, 290, False, 1
1933,0, 290, False, 1
1934,0, 290, False, 1
1935,10, 300, False, 1
1936,0, 300, False, 1
1937,0, 300, False, 1
1938,0, 300, False, 1
1939,0, 300, False, 1
1940,0, 300, False, 0
1941,0, 300, False, 0
1942,0, 300, False, 0
1943,0, 300, False, 0
1944,0, 300, False, 0
1945,0, 300, False, 1
1946,0, 300, False, 1
1947,0, 300, False, 1
1948,0, 300, False, 1
1949,0, 300, False, 1
1950,0, 300, False, 1
1951,0, 300, False, 0
1952,0, 300, False, 0
1953,0, 300, False, 0
1954,0, 300, False, 0
1955,0, 300, False, 1
1956,0, 300, False, 1
1957,0, 300, False, 1
1958,0, 300, False, 1
1959,0, 300, False, 1
1960,0, 300, False, 0
1961,0, 300, False, 0
1962,0, 300, False, 1
1963,0, 300, False, 1
1964,0, 300, False, 1
1965,15, 315, False, 1
1966,0, 315, False, 1
1967,0, 315, False, 1
1968,0, 315, False, 1
1969,0, 315, False, 0
1970,0, 315, False, 0
1971,0, 315, False, 0
1972,0, 315, False, 1
1973,0, 315, False, 1
1974,0, 315, False, 1
1975,0, 315, False, 1
1976,0, 315, False, 1
1977,0, 315, False, 12
1978,0, 315, False, 12
1979,0, 315, False, 4
1980,0, 315, False, 4
1981,0, 315, False, 4
1982,0, 315, False, 4
1983,0, 315, False, 12
1984,0, 315, False, 12
1985,0, 315, False, 12
1986,0, 315, False, 12
1987,0, 315, False, 12
1988,0, 315, False, 12
1989,0, 315, False, 12
1990,0, 315, False, 12
1991,0, 315, False, 4
1992,0, 315, False, 4
1993,0, 315, False, 4
1994,0, 315, False, 12
1995,0, 315, False, 12
1996,0, 315, False, 12
1997,0, 315, False, 12
1998,0, 315, False, 12
1999,0, 315, False, 12
2000,0, 315, False, 4
2001,0, 315, False, 4
2002,0, 315, False, 4
2003,20, 335, False, 4
2004,0, 335, False, 12
2005,0, 335, False, 12
2006,0, 335, False, 12
2007,0, 335, False, 12
2008,0, 335, False, 12
2009,0, 335, False, 12
2010,0, 335, False, 12
2011,0, 335, False, 4
2012,0, 335, False, 4
2013,0, 335, False, 4
2014,0, 335, False, 4
2015,0, 335, False, 4
2016,0, 335, False, 4
2017,0, 335, False, 4
2018,0, 335, False, 4
2019,0, 335, False, 12
2020,0, 335, False, 12
2021,0, 335, False, 12
2022,0, 335, False, 12
2023,0, 335, False, 12
2024,0, 335, False, 12
2025,0, 335, False, 12
2026,0, 335, False, 12
2027,0, 335, False, 12
2028,0, 335, False, 4
2029,0, 335, False, 4
2030,0, 335, False, 4
2031,0, 335, False, 12
2032,0, 335, False, 12
2033,0, 335, False, 12
2034,0, 335, False, 12
2035,0, 335, False, 12
2036,0, 335, False, 12
2037,0, 335, False, 1
2038,0, 335, False, 0
2039,0, 335, False, 0
2040,0, 335, False, 0
2041,0, 335, False, 0
2042,0, 335, False, 0
2043,0, 335, False, 0
2044,0, 335, False, 0
2045,0, 335, False, 0
2046,0, 335, False, 4
2047,0, 335, False, 4
2048,0, 335, False, 4
2049,0, 335, False, 4
2050,0, 335, False, 4
2051,0, 335, False, 4
2052,0, 335, False, 4
2053,0, 335, False, 4
2054,0, 335, False, 4
2055,0, 335, False, 4
2056,0, 335, False, 4
2057,0, 335, False, 4
2058,0, 335, False, 4
2059,0, 335, False, 4
2060,0, 335, False, 4
2061,0, 335, False, 4
2062,0, 335, False, 4
2063,0, 335, False, 4
2064,0, 335, False, 4
2065,0, 335, False, 4
2066,0, 335, False, 4
2067,0, 335, False, 4
2068,0, 335, False, 4
2069,0, 335, False, 4
2070,0, 335, False, 4
2071,0, 335, False, 4
2072,0, 335, False, 4
2073,0, 335, False, 4
2074,0, 335, False, 4
2075,0, 335, False, 4
2076,0, 335, False, 4
2077,0, 335, False, 4
2078,0, 335, False, 4
2079,0, 335, False, 4
2080,0, 335, False, 4
2081,0, 335, False, 4
2082,0, 335, False, 4
2083,0, 335, False, 4
2084,0, 335, False, 4
2085,0, 335, False, 4
2086,0, 335, False, 4
2087,0, 335, False, 4
2088,0, 335, False, 4
2089,0, 335, False, 4
2090,0, 335, False, 4
2091,0, 335, False, 4
2092,0, 335, False, 12
2093,0, 335, False, 12
2094,0, 335, False, 12
2095,0, 335, False, 12
2096,0, 335, False, 1
2097,0, 335, False, 1
2098,0, 335, False, 1
2099,0, 335, False, 1
2100,0, 335, False, 1
2101,0, 335, False, 0
2102,0, 335, False, 0
2103,0, 335, False, 0
2104,0, 335, False, 0
2105,0, 335, False, 0
2106,0, 335, False, 0
2107,0, 335, False, 12
2108,0, 335, False, 12
2109,0, 335, False, 12
2110,0, 335, False, 12
2111,0, 335, False, 12
2112,0, 335, False, 12
2113,0, 335, False, 12
2114,0, 335, False, 12
2115,0, 335, False, 12
2116,0, 335, False, 12
2117,0, 335, False, 4
2118,0, 335, False, 4
2119,0, 335, False, 4
2120,0, 335, False, 12
2121,0, 335, False, 12
2122,0, 335, False, 12
2123,0, 335, False, 12
2124,0, 335, False, 12
2125,0, 335, False, 12
2126,0, 335, False, 12
2127,0, 335, False, 12
2128,0, 335, False, 4
2129,0, 335, False, 4
2130,0, 335, False, 4
2131,0, 335, False, 4
2132,0, 335, False, 4
2133,0, 335, False, 4
2134,0, 335, False, 4
2135,0, 335, False, 4
2136,0, 335, False, 4
2137,0, 335, False, 4
2138,0, 335, False, 4
2139,0, 335, False, 4
2140,0, 335, False, 4
2141,0, 335, False, 4
2142,0, 335, False, 4
2143,0, 335, False, 0
2144,0, 335, False, 0
2145,0, 335, False, 0
2146,0, 335, False, 0
2147,0, 335, False, 0
2148,0, 335, False, 0
2149,0, 335, False, 0
2150,0, 335, False, 0
2151,0, 335, False, 0
2152,0, 335, False, 0
2153,0, 335, False, 0
2154,0, 335, False, 0
2155,0, 335, False, 0
2156,0, 335, False, 0
2157,30, 365, False, 3
2158,0, 365, False, 3
2159,0, 365, False, 3
2160,0, 365, False, 3
2161,0, 365, False, 3
2162,0, 365, False, 3
2163,0, 365, False, 3
2164,0, 365, False, 3
2165,0, 365, False, 3
2166,0, 365, False, 3
2167,0, 365, False, 3
2168,0, 365, False, 3
2169,0, 365, False, 0
2170,0, 365, False, 0
2171,0, 365, False, 0
2172,0, 365, False, 0
2173,0, 365, False, 0
2174,0, 365, False, 0
2175,0, 365, False, 0
2176,0, 365, False, 0
2177,0, 365, False, 0
2178,0, 365, False, 1
2179,0, 365, False, 1
2180,0, 365, False, 11
2181,0, 365, False, 11
2182,0, 365, False, 11
2183,0, 365, False, 11
2184,0, 365, False, 11
2185,0, 365, False, 11
2186,0, 365, False, 11
2187,0, 365, False, 11
2188,0, 365, False, 11
2189,0, 365, False, 11
2190,0, 365, False, 11
2191,0, 365, False, 11
2192,0, 365, False, 1
2193,0, 365, False, 0
2194,0, 365, False, 0
2195,0, 365, False, 0
2196,0, 365, False, 0
2197,0, 365, False, 0
2198,0, 365, False, 0
2199,0, 365, False, 0
2200,0, 365, False, 0
2201,0, 365, False, 0
2202,0, 365, False, 0
2203,0, 365, False, 0
2204,0, 365, False, 0
2205,0, 365, False, 0
2206,0, 365, False, 0
2207,0, 365, False, 0
2208,0, 365, False, 0
2209,0, 365, False, 0
2210,0, 365, False, 0
2211,20, 385, False, 0
2212,0, 385, False, 0
2213,0, 385, False, 0
2214,0, 385, False, 0
2215,0, 385, False, 0
2216,0, 385, False, 0
2217,0, 385, False, 0
2218,0, 385, False, 1
2219,0, 385, False, 1
2220,0, 385, False, 1
2221,0, 385, False, 1
2222,0, 385, False, 1
2223,0, 385, False, 1
2224,0, 385, False, 1
2225,0, 385, False, 1
2226,0, 385, False, 1
2227,0, 385, False, 1
2228,0, 385, False, 1
2229,0, 385, False, 1
2230,0, 385, False, 12
2231,0, 385, False, 12
2232,0, 385, False, 4
2233,0, 385, False, 4
2234,0, 385, False, 4
2235,0, 385, False, 0
2236,0, 385, False, 0
2237,0, 385, False, 0
2238,0, 385, False, 0
2239,0, 385, False, 0
2240,0, 385, False, 0
2241,0, 385, False, 1
2242,0, 385, False, 1
2243,0, 385, False, 1
2244,0, 385, False, 1
2245,0, 385, False, 1
2246,0, 385, False, 0
2247,0, 385, False, 0
2248,0, 385, False, 0
2249,0, 385, False, 0
2250,0, 385, False, 0
2251,0, 385, False, 0
2252,0, 385, False, 0
2253,0, 385, False, 0
2254,0, 385, False, 0
2255,0, 385, False, 0
2256,0, 385, False, 0
2257,0, 385, False, 0
2258,0, 385, False, 0
2259,0, 385, False, 0
2260,0, 385, False, 0
2261,0, 385, False, 0
2262,0, 385, False, 0
2263,25, 410, False, 0
2264,0, 410, False, 0
2265,0, 410, False, 0
2266,0, 410, False, 0
2267,0, 410, False, 0
2268,0, 410, False, 0
2269,0, 410, False, 0
2270,0, 410, False, 0
2271,0, 410, False, 0
2272,0, 410, False, 0
2273,0, 410, False, 1
2274,0, 410, False, 1
2275,0, 410, False, 1
2276,0, 410, False, 1
2277,0, 410, False, 1
2278,0, 410, False, 1
2279,0, 410, False, 1
2280,0, 410, False, 11
2281,0, 410, False, 11
2282,0, 410, False, 11
2283,0, 410, False, 11
2284,0, 410, False, 11
2285,0, 410, False, 11
2286,0, 410, False, 3
2287,0, 410, False, 3
2288,0, 410, False, 3
2289,0, 410, False, 3
2290,0, 410, False, 3
2291,0, 410, False, 3
2292,0, 410, False, 3
2293,0, 410, False, 0
2294,0, 410, False, 0
2295,0, 410, False, 0
2296,0, 410, False, 0
2297,0, 410, False, 0
2298,0, 410, False, 0
2299,0, 410, False, 0
2300,0, 410, False, 0
2301,0, 410, False, 0
2302,0, 410, False, 0
2303,0, 410, False, 0
2304,0, 410, False, 0
2305,0, 410, False, 0
2306,0, 410, False, 0
2307,0, 410, False, 0
2308,0, 410, False, 0
2309,0, 410, False, 0
2310,0, 410, False, 0
2311,0, 410, False, 0
2312,0, 410, False, 0
2313,0, 410, False, 0
2314,0, 410, False, 0
2315,0, 410, False, 0
2316,0, 410, False, 0
2317,0, 410, False, 0
2318,0, 410, False, 0
2319,0, 410, False, 0
2320,0, 410, False, 0
2321,0, 410, False, 3
2322,0, 410, False, 3
2323,30, 440, False, 3
2324,0, 440, False, 3
2325,0, 440, False, 3
2326,0, 440, False, 3
2327,0, 440, False, 3
2328,0, 440, False, 3
2329,0, 440, False, 3
2330,0, 440, False, 0
2331,0, 440, False, 0
2332,0, 440, False, 0
2333,0, 440, False, 0
2334,0, 440, False, 0
2335,0, 440, False, 0
2336,0, 440, False, 0
2337,0, 440, False, 0
2338,0, 440, False, 0
2339,0, 440, False, 0
2340,0, 440, False, 0
2341,0, 440, False, 0
2342,0, 440, False, 0
2343,0, 440, False, 0
2344,0, 440, False, 0
2345,0, 440, False, 0
2346,0, 440, False, 0
2347,0, 440, False, 0
2348,0, 440, False, 0
2349,0, 440, False, 0
2350,0, 440, False, 0
2351,0, 440, False, 0
2352,0, 440, False, 0
2353,0, 440, False, 3
2354,0, 440, False, 3
2355,0, 440, False, 3
2356,0, 440, False, 3
2357,0, 440, False, 3
2358,0, 440, False, 3
2359,0, 440, False, 3
2360,0, 440, False, 3
2361,0, 440, False, 3
2362,0, 440, False, 3
2363,0, 440, False, 3
2364,0, 440, False, 3
2365,0, 440, False, 3
2366,0, 440, False, 3
2367,0, 440, False, 3
2368,0, 440, False, 3
2369,0, 440, False, 3
2370,0, 440, False, 3
2371,0, 440, False, 3
2372,0, 440, False, 3
2373,0, 440, False, 3
2374,0, 440, False, 3
2375,0, 440, False, 3
2376,0, 440, False, 3
2377,0, 440, False, 3
2378,0, 440, False, 3
2379,0, 440, False, 3
2380,0, 440, False, 3
2381,0, 440, False, 3
2382,0, 440, False, 3
2383,0, 440, False, 3
2384,0, 440, False, 3
2385,0, 440, False, 3
2386,0, 440, False, 3
2387,0, 440, False, 3
2388,0, 440, False, 3
2389,0, 440, False, 11
2390,0, 440, False, 11
2391,0, 440, False, 11
2392,0, 440, False, 11
2393,0, 440, False, 11
2394,0, 440, False, 11
2395,0, 440, False, 11
2396,0, 440, False, 11
2397,0, 440, False, 3
2398,0, 440, False, 3
2399,0, 440, False, 3
2400,0, 440, False, 3
2401,0, 440, False, 3
2402,0, 440, False, 3
2403,0, 440, False, 3
2404,0, 440, False, 3
2405,0, 440, False, 3
2406,0, 440, False, 3
2407,0, 440, False, 3
2408,0, 440, False, 3
2409,0, 440, False, 3
2410,0, 440, False, 3
2411,0, 440, False, 3
2412,0, 440, False, 3
2413,0, 440, False, 3
2414,0, 440, False, 3
2415,0, 440, False, 3
2416,0, 440, False, 3
2417,0, 440, False, 0
2418,0, 440, False, 4
2419,0, 440, False, 4
2420,0, 440, False, 4
2421,0, 440, False, 4
2422,0, 440, False, 4
2423,0, 440, False, 4
2424,0, 440, False, 4
2425,0, 440, False, 4
2426,0, 440, False, 4
2427,0, 440, False, 4
2428,0, 440, False, 4
2429,0, 440, False, 4
2430,0, 440, False, 4
2431,0, 440, False, 4
2432,0, 440, False, 4
2433,0, 440, False, 4
2434,0, 440, False, 4
2435,30, 470, False, 4
2436,0, 470, False, 4
2437,0, 470, False, 4
2438,0, 470, False, 4
2439,0, 470, False, 4
2440,0, 470, False, 4
2441,0, 470, False, 4
2442,0, 470, False, 4
2443,0, 470, False, 4
2444,0, 470, False, 4
2445,0, 470, False, 4
2446,0, 470, False, 4
2447,0, 470, False, 4
2448,0, 470, False, 0
2449,0, 470, False, 0
2450,0, 470, False, 0
2451,0, 470, False, 0
2452,0, 470, False, 0
2453,0, 470, False, 0
2454,0, 470, False, 0
2455,0, 470, False, 0
2456,0, 470, False, 0
2457,0, 470, False, 0
2458,0, 470, False, 0
2459,0, 470, False, 0
2460,0, 470, False, 0
2461,0, 470, False, 0
2462,0, 470, False, 0
2463,0, 470, False, 0
2464,0, 470, False, 0
2465,0, 470, False, 0
2466,0, 470, False, 0
2467,0, 470, False, 0
2468,0, 470, False, 0
2469,0, 470, False, 0
2470,0, 470, False, 3
2471,0, 470, False, 3
2472,0, 470, False, 3
2473,0, 470, False, 3
2474,0, 470, False, 3
2475,0, 470, False, 3
2476,0, 470, False, 3
2477,0, 470, False, 0
2478,0, 470, False, 0
2479,0, 470, False, 0
2480,0, 470, False, 0
2481,0, 470, False, 0
2482,0, 470, False, 0
2483,0, 470, False, 0
2484,0, 470, False, 0
2485,0, 470, False, 0
2486,0, 470, False, 0
2487,0, 470, False, 3
2488,0, 470, False, 3
2489,0, 470, False, 3
2490,0, 470, False, 3
2491,0, 470, False, 3
2492,0, 470, False, 3
2493,0, 470, False, 11
2494,0, 470, False, 11
2495,0, 470, False, 11
2496,0, 470, False, 11
2497,0, 470, False, 11
2498,0, 470, False, 11
2499,0, 470, False, 1
2500,0, 470, False, 12
2501,0, 470, False, 12
2502,0, 470, False, 12
2503,0, 470, False, 4
2504,0, 470, False, 4
2505,0, 470, False, 4
2506,0, 470, False, 4
2507,0, 470, False, 4
2508,0, 470, False, 4
2509,0, 470, False, 4
2510,0, 470, False, 4
2511,0, 470, False, 4
2512,0, 470, False, 4
2513,0, 470, False, 4
2514,0, 470, False, 4
2515,0, 470, False, 4
2516,0, 470, False, 4
2517,0, 470, False, 4
2518,0, 470, False, 4
2519,0, 470, False, 4
2520,0, 470, False, 4
2521,0, 470, False, 4
2522,0, 470, False, 4
2523,0, 470, False, 4
2524,0, 470, False, 4
2525,0, 470, False, 4
2526,0, 470, False, 4
2527,0, 470, False, 4
2528,0, 470, False, 4
2529,0, 470, False, 4
2530,0, 470, False, 4
2531,0, 470, False, 4
2532,0, 470, False, 4
2533,30, 500, False, 4
2534,0, 500, False, 4
2535,0, 500, False, 4
2536,0, 500, False, 4
2537,0, 500, False, 4
2538,0, 500, False, 4
2539,0, 500, False, 4
2540,0, 500, False, 4
2541,0, 500, False, 4
2542,0, 500, False, 4
2543,0, 500, False, 4
2544,0, 500, False, 4
2545,0, 500, False, 4
2546,0, 500, False, 4
2547,0, 500, False, 4
2548,0, 500, False, 4
2549,0, 500, False, 4
2550,0, 500, False, 4
2551,0, 500, False, 4
2552,0, 500, False, 4
2553,0, 500, False, 12
2554,0, 500, False, 12
2555,0, 500, False, 12
2556,0, 500, False, 1
2557,0, 500, False, 1
2558,0, 500, False, 1
2559,0, 500, False, 1
2560,0, 500, False, 1
2561,0, 500, False, 0
2562,0, 500, False, 0
2563,0, 500, False, 0
2564,0, 500, False, 0
2565,0, 500, False, 0
2566,0, 500, False, 0
2567,0, 500, False, 0
2568,0, 500, False, 0
2569,0, 500, False, 0
2570,0, 500, False, 0
2571,0, 500, False, 0
2572,0, 500, False, 0
2573,0, 500, False, 0
2574,0, 500, False, 0
2575,0, 500, False, 0
2576,0, 500, False, 0
2577,20, 520, False, 0
2578,0, 520, False, 0
2579,0, 520, False, 0
2580,0, 520, False, 0
2581,0, 520, False, 4
2582,0, 520, False, 4
2583,0, 520, False, 4
2584,0, 520, False, 4
2585,0, 520, False, 4
2586,0, 520, False, 4
2587,0, 520, False, 4
2588,0, 520, False, 4
2589,0, 520, False, 4
2590,0, 520, False, 4
2591,0, 520, False, 4
2592,0, 520, False, 4
2593,0, 520, False, 4
2594,0, 520, False, 4
2595,0, 520, False, 4
2596,0, 520, False, 4
2597,0, 520, False, 4
2598,0, 520, False, 0
2599,0, 520, False, 0
2600,0, 520, False, 0
2601,0, 520, False, 0
2602,0, 520, False, 0
2603,0, 520, False, 0
2604,0, 520, False, 0
2605,0, 520, False, 0
2606,0, 520, False, 0
2607,0, 520, False, 0
2608,0, 520, False, 0
2609,0, 520, False, 0
2610,0, 520, False, 0
2611,0, 520, False, 0
2612,0, 520, False, 0
2613,0, 520, False, 0
2614,0, 520, False, 1
2615,0, 520, False, 1
2616,0, 520, False, 1
2617,0, 520, False, 1
2618,0, 520, False, 1
2619,0, 520, False, 1
2620,0, 520, False, 1
2621,0, 520, False, 1
2622,0, 520, False, 1
2623,0, 520, False, 1
2624,0, 520, False, 1
2625,0, 520, False, 1
2626,0, 520, False, 1
2627,0, 520, False, 1
2628,0, 520, False, 1
2629,0, 520, False, 1
2630,0, 520, False, 1
2631,0, 520, False, 1
2632,0, 520, False, 0
2633,0, 520, False, 0
2634,0, 520, False, 0
2635,0, 520, False, 0
2636,0, 520, False, 0
2637,0, 520, False, 0
2638,0, 520, False, 0
2639,0, 520, False, 0
2640,0, 520, False, 0
2641,0, 520, False, 0
2642,0, 520, False, 0
2643,0, 520, False, 0
2644,0, 520, False, 0
2645,0, 520, False, 0
2646,0, 520, False, 1
2647,0, 520, False, 1
2648,0, 520, False, 1
2649,0, 520, False, 1
2650,0, 520, False, 1
2651,0, 520, False, 1
2652,0, 520, False, 1
2653,0, 520, False, 1
2654,0, 520, False, 1
2655,0, 520, False, 1
2656,0, 520, False, 1
2657,0, 520, False, 1
2658,0, 520, False, 0
2659,0, 520, False, 0
2660,0, 520, False, 0
2661,0, 520, False, 0
2662,0, 520, False, 0
2663,0, 520, False, 0
2664,0, 520, False, 0
2665,0, 520, False, 1
2666,0, 520, False, 1
2667,0, 520, False, 1
2668,0, 520, False, 1
2669,0, 520, False, 1
2670,0, 520, False, 1
2671,0, 520, False, 11
2672,0, 520, False, 11
2673,0, 520, False, 11
2674,0, 520, False, 3
2675,0, 520, False, 3
2676,0, 520, False, 3
2677,0, 520, False, 3
2678,0, 520, False, 3
2679,0, 520, False, 3
2680,0, 520, False, 3
2681,0, 520, False, 3
2682,0, 520, False, 0
2683,0, 520, False, 0
2684,0, 520, False, 0
2685,0, 520, False, 0
2686,0, 520, False, 0
2687,0, 520, False, 0
2688,0, 520, False, 0
2689,0, 520, False, 0
2690,0, 520, False, 4
2691,0, 520, False, 4
2692,0, 520, False, 4
2693,0, 520, False, 4
2694,0, 520, False, 4
2695,0, 520, False, 4
2696,0, 520, False, 4
2697,0, 520, False, 4
2698,0, 520, False, 4
2699,0, 520, False, 0
2700,0, 520, False, 0
2701,0, 520, False, 0
2702,0, 520, False, 0
2703,0, 520, False, 0
2704,0, 520, False, 0
2705,0, 520, False, 0
2706,0, 520, False, 0
2707,0, 520, False, 0
2708,0, 520, False, 4
2709,0, 520, False, 4
2710,0, 520, False, 4
2711,0, 520, False, 4
2712,0, 520, False, 4
2713,0, 520, False, 4
2714,0, 520, False, 4
2715,0, 520, False, 4
2716,0, 520, False, 4
2717,0, 520, False, 4
2718,0, 520, False, 0
2719,0, 520, False, 0
2720,0, 520, False, 0
2721,0, 520, False, 0
2722,0, 520, False, 0
2723,0, 520, False, 0
2724,0, 520, False, 4
2725,0, 520, False, 4
2726,0, 520, False, 4
2727,0, 520, False, 4
2728,0, 520, False, 4
2729,0, 520, False, 4
2730,0, 520, False, 4
2731,0, 520, False, 4
2732,0, 520, False, 4
2733,0, 520, False, 4
2734,0, 520, False, 4
2735,0, 520, False, 4
2736,0, 520, False, 4
2737,0, 520, False, 4
2738,0, 520, False, 4
2739,0, 520, False, 4
2740,0, 520, False, 4
2741,0, 520, False, 4
2742,0, 520, False, 4
2743,0, 520, False, 4
2744,0, 520, False, 4
2745,0, 520, False, 4
2746,0, 520, False, 4
2747,0, 520, False, 4
2748,0, 520, False, 4
2749,0, 520, False, 4
2750,0, 520, False, 4
2751,0, 520, False, 4
2752,0, 520, False, 4
2753,0, 520, False, 4
2754,0, 520, False, 4
2755,0, 520, False, 4
2756,0, 520, False, 4
2757,0, 520, False, 12
2758,0, 520, False, 12
2759,0, 520, False, 12
2760,0, 520, False, 12
2761,0, 520, False, 12
2762,0, 520, False, 12
2763,0, 520, False, 1
2764,0, 520, False, 1
2765,0, 520, False, 1
2766,0, 520, False, 1
2767,0, 520, False, 1
2768,0, 520, False, 1
2769,0, 520, False, 1
2770,0, 520, False, 1
2771,0, 520, False, 1
2772,0, 520, False, 1
2773,0, 520, False, 0
2774,0, 520, False, 0
2775,0, 520, False, 0
2776,0, 520, False, 0
2777,0, 520, False, 0
2778,0, 520, False, 0
2779,0, 520, False, 0
2780,0, 520, False, 0
2781,0, 520, False, 0
2782,0, 520, False, 0
2783,0, 520, False, 0
2784,0, 520, False, 0
2785,0, 520, False, 0
2786,0, 520, False, 0
2787,0, 520, False, 0
2788,0, 520, False, 0
2789,0, 520, False, 0
2790,0, 520, False, 0
2791,0, 520, False, 0
2792,0, 520, False, 0
2793,0, 520, False, 0
2794,0, 520, False, 0
2795,0, 520, False, 1
2796,0, 520, False, 1
2797,0, 520, False, 1
2798,0, 520, False, 11
2799,0, 520, False, 11
2800,0, 520, False, 11
2801,0, 520, False, 11
2802,0, 520, False, 11
2803,0, 520, False, 11
2804,0, 520, False, 11
2805,0, 520, False, 11
2806,0, 520, False, 3
2807,0, 520, False, 3
2808,0, 520, False, 3
2809,0, 520, False, 3
2810,0, 520, False, 3
2811,0, 520, False, 3
2812,0, 520, False, 3
2813,0, 520, False, 11
2814,0, 520, False, 11
2815,0, 520, False, 11
2816,0, 520, False, 11
2817,0, 520, False, 11
2818,0, 520, False, 11
2819,0, 520, False, 11
2820,0, 520, False, 11
2821,0, 520, False, 11
2822,0, 520, False, 11
2823,0, 520, False, 11
2824,0, 520, False, 3
2825,0, 520, False, 3
2826,0, 520, False, 3
2827,0, 520, False, 3
2828,0, 520, False, 3
2829,0, 520, False, 3
2830,0, 520, False, 3
2831,0, 520, False, 0
2832,0, 520, False, 0
2833,0, 520, False, 0
2834,0, 520, False, 1
2835,0, 520, False, 1
2836,0, 520, False, 1
2837,0, 520, False, 1
2838,0, 520, False, 1
2839,0, 520, False, 1
2840,0, 520, False, 1
2841,0, 520, False, 0
2842,0, 520, False, 0
2843,0, 520, False, 0
2844,0, 520, False, 0
2845,0, 520, False, 0
2846,0, 520, False, 0
2847,0, 520, False, 0
2848,0, 520, False, 0
2849,0, 520, False, 0
2850,0, 520, False, 0
2851,0, 520, False, 0
2852,0, 520, False, 1
2853,0, 520, False, 1
2854,0, 520, False, 1
2855,0, 520, False, 1
2856,0, 520, False, 1
2857,0, 520, False, 1
2858,0, 520, False, 1
2859,0, 520, False, 1
2860,0, 520, False, 1
2861,0, 520, False, 1
2862,0, 520, False, 1
2863,0, 520, False, 1
2864,0, 520, False, 1
2865,0, 520, False, 1
2866,0, 520, False, 1
2867,0, 520, False, 1
2868,0, 520, False, 1
2869,0, 520, False, 0
2870,0, 520, False, 0
2871,0, 520, False, 0
2872,0, 520, False, 0
2873,0, 520, False, 0
2874,0, 520, False, 0
2875,0, 520, False, 0
2876,0, 520, False, 0
2877,0, 520, False, 0
2878,0, 520, False, 0
2879,0, 520, False, 0
2880,0, 520, False, 0
2881,30, 550, False, 1
2882,0, 550, False, 1
2883,0, 550, False, 1
2884,0, 550, False, 1
2885,0, 550, False, 1
2886,0, 550, False, 1
2887,0, 550, False, 1
2888,0, 550, False, 1
2889,0, 550, False, 1
2890,0, 550, False, 1
2891,0, 550, False, 0
2892,0, 550, False, 0
2893,0, 550, False, 0
2894,0, 550, False, 0
2895,0, 550, False, 1
2896,0, 550, False, 1
2897,0, 550, False, 1
2898,0, 550, False, 1
2899,0, 550, False, 1
2900,0, 550, False, 1
2901,0, 550, False, 1
2902,0, 550, False, 0
2903,0, 550, False, 4
2904,0, 550, False, 4
2905,0, 550, False, 4
2906,0, 550, False, 4
2907,0, 550, False, 4
2908,0, 550, False, 4
2909,0, 550, False, 4
2910,0, 550, False, 4
2911,0, 550, False, 4
2912,0, 550, False, 4
2913,0, 550, False, 4
2914,0, 550, False, 4
2915,0, 550, False, 4
2916,0, 550, False, 4
2917,0, 550, False, 4
2918,0, 550, False, 4
2919,0, 550, False, 4
2920,0, 550, False, 4
2921,0, 550, False, 4
2922,0, 550, False, 4
2923,0, 550, False, 4
2924,0, 550, False, 4
2925,0, 550, False, 4
2926,0, 550, False, 4
2927,0, 550, False, 4
2928,0, 550, False, 4
2929,0, 550, False, 4
2930,0, 550, False, 4
2931,0, 550, False, 4
2932,0, 550, False, 4
2933,0, 550, False, 4
2934,0, 550, False, 4
2935,0, 550, False, 4
2936,0, 550, False, 4
2937,0, 550, False, 4
2938,0, 550, False, 4
2939,0, 550, False, 4
2940,0, 550, False, 4
2941,0, 550, False, 4
2942,0, 550, False, 4
2943,0, 550, False, 4
2944,0, 550, False, 4
2945,0, 550, False, 4
2946,0, 550, False, 4
2947,0, 550, False, 4
2948,0, 550, False, 4
2949,0, 550, False, 4
2950,0, 550, False, 4
2951,0, 550, False, 12
2952,0, 550, False, 12
2953,0, 550, False, 12
2954,0, 550, False, 12
2955,0, 550, False, 12
2956,0, 550, False, 12
2957,0, 550, False, 12
2958,0, 550, False, 12
2959,0, 550, False, 12
2960,0, 550, False, 11
2961,0, 550, False, 11
2962,0, 550, False, 11
2963,0, 550, False, 3
2964,0, 550, False, 3
2965,0, 550, False, 3
2966,0, 550, False, 3
2967,0, 550, False, 3
2968,0, 550, False, 3
2969,0, 550, False, 3
2970,0, 550, False, 3
2971,0, 550, False, 3
2972,0, 550, False, 3
2973,0, 550, False, 3
2974,0, 550, False, 3
2975,0, 550, False, 3
2976,0, 550, False, 3
2977,0, 550, False, 3
2978,0, 550, False, 3
2979,0, 550, False, 3
2980,0, 550, False, 3
2981,0, 550, False, 11
2982,0, 550, False, 11
2983,0, 550, False, 11
2984,0, 550, False, 11
2985,0, 550, False, 11
2986,0, 550, False, 1
2987,0, 550, False, 0
2988,0, 550, False, 0
2989,0, 550, False, 0
2990,0, 550, False, 0
2991,0, 550, False, 0
2992,0, 550, False, 0
2993,0, 550, False, 0
2994,0, 550, False, 0
2995,0, 550, False, 0
2996,0, 550, False, 0
2997,0, 550, False, 0
2998,0, 550, False, 0
2999,0, 550, False, 0
3000,0, 550, False, 0
3001,0, 550, False, 0
3002,0, 550, False, 0
3003,0, 550, False, 0
3004,0, 550, False, 0
3005,0, 550, False, 1
3006,0, 550, False, 1
3007,0, 550, False, 11
3008,0, 550, False, 11
3009,0, 550, False, 11
3010,0, 550, False, 11
3011,0, 550, False, 11
3012,0, 550, False, 11
3013,0, 550, False, 11
3014,0, 550, False, 11
3015,0, 550, False, 3
3016,0, 550, False, 3
3017,0, 550, False, 3
3018,0, 550, False, 11
3019,0, 550, False, 11
3020,0, 550, False, 11
3021,0, 550, False, 11
3022,0, 550, False, 11
3023,0, 550, False, 1
3024,0, 550, False, 1
3025,0, 550, False, 1
3026,0, 550, False, 1
3027,0, 550, False, 0
3028,0, 550, False, 0
3029,0, 550, False, 1
3030,0, 550, False, 1
3031,0, 550, False, 1
3032,0, 550, False, 12
3033,0, 550, False, 12
3034,0, 550, False, 12
3035,0, 550, False, 12
3036,0, 550, False, 12
3037,0, 550, False, 12
3038,0, 550, False, 4
3039,0, 550, False, 4
3040,0, 550, False, 4
3041,0, 550, False, 4
3042,0, 550, False, 4
3043,0, 550, False, 4
3044,0, 550, False, 4
3045,0, 550, False, 4
3046,0, 550, False, 0
3047,0, 550, False, 1
3048,0, 550, False, 1
3049,0, 550, False, 11
3050,0, 550, False, 11
3051,0, 550, False, 11
3052,0, 550, False, 11
3053,0, 550, False, 11
3054,0, 550, False, 3
3055,0, 550, False, 3
3056,0, 550, False, 3
3057,0, 550, False, 3
3058,0, 550, False, 3
3059,0, 550, False, 3
3060,0, 550, False, 3
3061,0, 550, False, 3
3062,0, 550, False, 3
3063,0, 550, False, 3
3064,0, 550, False, 3
3065,0, 550, False, 3
3066,0, 550, False, 3
3067,0, 550, False, 3
3068,0, 550, False, 3
3069,0, 550, False, 3
3070,0, 550, False, 3
3071,0, 550, False, 3
3072,0, 550, False, 0
3073,0, 550, False, 0
3074,0, 550, False, 0
3075,0, 550, False, 0
3076,0, 550, False, 0
3077,0, 550, False, 0
3078,0, 550, False, 0
3079,0, 550, False, 0
3080,0, 550, False, 0
3081,0, 550, False, 0
3082,0, 550, False, 0
3083,0, 550, False, 0
3084,0, 550, False, 0
3085,0, 550, False, 0
3086,0, 550, False, 0
3087,0, 550, False, 0
3088,0, 550, False, 0
3089,0, 550, False, 0
3090,0, 550, False, 0
3091,0, 550, False, 0
3092,0, 550, False, 0
3093,0, 550, False, 0
3094,0, 550, False, 0
3095,0, 550, False, 0
3096,0, 550, False, 0
3097,0, 550, False, 0
3098,0, 550, False, 0
3099,0, 550, False, 0
3100,0, 550, False, 0
3101,0, 550, False, 0
3102,0, 550, False, 0
3103,0, 550, False, 0
3104,0, 550, False, 0
3105,0, 550, False, 0
3106,0, 550, False, 0
3107,0, 550, False, 0
3108,0, 550, False, 0
3109,0, 550, False, 0
3110,0, 550, False, 0
3111,0, 550, False, 0
3112,0, 550, False, 0
3113,0, 550, False, 0
3114,0, 550, False, 0
3115,0, 550, False, 0
3116,0, 550, False, 0
3117,0, 550, False, 0
3118,0, 550, False, 0
3119,0, 550, False, 0
3120,0, 550, False, 0
3121,0, 550, False, 0
3122,0, 550, False, 0
3123,0, 550, False, 0
3124,0, 550, False, 0
3125,0, 550, False, 0
3126,0, 550, False, 0
3127,0, 550, False, 0
3128,0, 550, False, 0
3129,0, 550, False, 0
3130,0, 550, False, 0
3131,0, 550, False, 0
3132,0, 550, False, 0
3133,0, 550, False, 0
3134,0, 550, False, 0
3135,0, 550, False, 0
3136,0, 550, False, 0
3137,0, 550, False, 0
3138,0, 550, False, 0
3139,0, 550, False, 0
3140,0, 550, False, 0
3141,0, 550, False, 0
3142,0, 550, False, 0
3143,0, 550, False, 0
3144,0, 550, False, 0
3145,0, 550, False, 0
3146,0, 550, False, 0
3147,0, 550, False, 0
3148,0, 550, False, 0
3149,0, 550, False, 0
3150,0, 550, False, 0
3151,0, 550, False, 0
3152,0, 550, False, 0
3153,0, 550, False, 0
3154,0, 550, False, 0
3155,0, 550, False, 0
3156,0, 550, False, 0
3157,0, 550, False, 0
3158,0, 550, False, 0
3159,0, 550, False, 0
3160,0, 550, False, 0
3161,0, 550, False, 0
3162,0, 550, False, 0
3163,0, 550, False, 0
3164,0, 550, False, 0
3165,0, 550, False, 0
3166,0, 550, False, 0
3167,0, 550, False, 0
3168,0, 550, False, 0
3169,0, 550, False, 0
3170,0, 550, False, 0
3171,0, 550, False, 0
3172,0, 550, False, 0
3173,0, 550, False, 0
3174,0, 550, False, 0
3175,0, 550, False, 0
3176,0, 550, False, 0
3177,0, 550, False, 0
3178,0, 550, False, 0
3179,0, 550, False, 0
3180,0, 550, False, 0
3181,0, 550, False, 0
3182,0, 550, False, 0
3183,0, 550, False, 0
3184,0, 550, False, 0
3185,0, 550, False, 0
3186,0, 550, False, 0
3187,0, 550, False, 0
3188,0, 550, False, 0
3189,0, 550, False, 0
3190,0, 550, False, 0
3191,0, 550, False, 0
3192,0, 550, False, 0
3193,0, 550, False, 0
3194,0, 550, False, 0
3195,0, 550, False, 0
3196,0, 550, False, 0
3197,0, 550, False, 0
3198,0, 550, False, 0
3199,0, 550, False, 0
3200,0, 550, False, 0
3201,0, 550, False, 0
3202,0, 550, False, 0
3203,0, 550, False, 0
3204,0, 550, False, 0
3205,0, 550, False, 0
3206,0, 550, False, 0
3207,0, 550, False, 0
3208,0, 550, False, 0
3209,0, 550, False, 0
3210,0, 550, False, 0
3211,0, 550, False, 0
3212,0, 550, False, 0
3213,0, 550, False, 0
3214,0, 550, False, 0
3215,0, 550, False, 0
3216,0, 550, False, 0
3217,0, 550, False, 0
3218,0, 550, False, 0
3219,0, 550, False, 0
3220,0, 550, False, 0
3221,0, 550, False, 0
3222,0, 550, False, 0
3223,0, 550, False, 0
3224,0, 550, False, 0
3225,0, 550, False, 0
3226,0, 550, False, 3
3227,0, 550, False, 3
3228,0, 550, False, 3
3229,0, 550, False, 3
3230,0, 550, False, 3
3231,0, 550, False, 3
3232,0, 550, False, 3
3233,0, 550, False, 3
3234,0, 550, False, 3
3235,0, 550, False, 3
3236,0, 550, False, 0
3237,0, 550, False, 0
3238,0, 550, False, 0
3239,0, 550, False, 0
3240,0, 550, False, 0
3241,0, 550, False, 3
3242,0, 550, False, 3
3243,0, 550, False, 3
3244,0, 550, False, 3
3245,0, 550, False, 3
3246,0, 550, False, 3
3247,0, 550, False, 0
3248,0, 550, False, 0
3249,0, 550, False, 1
3250,0, 550, False, 1
3251,0, 550, False, 1
3252,0, 550, False, 1
3253,0, 550, False, 1
3254,0, 550, False, 1
3255,0, 550, False, 1
3256,0, 550, False, 1
3257,0, 550, False, 0
3258,0, 550, False, 0
3259,0, 550, False, 0
3260,0, 550, False, 0
3261,0, 550, False, 0
3262,0, 550, False, 0
3263,0, 550, False, 0
3264,0, 550, False, 0
3265,0, 550, False, 0
3266,0, 550, False, 0
3267,0, 550, False, 0
3268,0, 550, False, 0
3269,0, 550, False, 0
3270,0, 550, False, 0
3271,0, 550, False, 0
3272,0, 550, False, 0
3273,0, 550, False, 0
3274,0, 550, True, 0
