db traj id : 12
frame,reward,score,terminal, action
0,0, 0, False, 0
1,0, 0, False, 0
2,0, 0, False, 0
3,0, 0, False, 0
4,0, 0, False, 0
5,0, 0, False, 0
6,0, 0, False, 0
7,0, 0, False, 0
8,0, 0, False, 0
9,0, 0, False, 0
10,0, 0, False, 0
11,0, 0, False, 0
12,0, 0, False, 0
13,0, 0, False, 0
14,0, 0, False, 0
15,0, 0, False, 0
16,0, 0, False, 0
17,0, 0, False, 0
18,0, 0, False, 0
19,0, 0, False, 0
20,0, 0, False, 0
21,0, 0, False, 0
22,0, 0, False, 0
23,0, 0, False, 0
24,0, 0, False, 0
25,0, 0, False, 0
26,0, 0, False, 0
27,0, 0, False, 0
28,0, 0, False, 0
29,0, 0, False, 0
30,0, 0, False, 0
31,0, 0, False, 0
32,0, 0, False, 0
33,0, 0, False, 0
34,0, 0, False, 0
35,0, 0, False, 0
36,0, 0, False, 0
37,0, 0, False, 0
38,0, 0, False, 0
39,0, 0, False, 0
40,0, 0, False, 0
41,0, 0, False, 0
42,0, 0, False, 0
43,0, 0, False, 0
44,0, 0, False, 0
45,0, 0, False, 0
46,0, 0, False, 0
47,0, 0, False, 0
48,0, 0, False, 0
49,0, 0, False, 0
50,0, 0, False, 0
51,0, 0, False, 0
52,0, 0, False, 0
53,0, 0, False, 0
54,0, 0, False, 0
55,0, 0, False, 0
56,0, 0, False, 0
57,0, 0, False, 0
58,0, 0, False, 0
59,0, 0, False, 0
60,0, 0, False, 0
61,0, 0, False, 0
62,0, 0, False, 0
63,0, 0, False, 0
64,0, 0, False, 0
65,0, 0, False, 0
66,0, 0, False, 0
67,0, 0, False, 0
68,0, 0, False, 0
69,0, 0, False, 0
70,0, 0, False, 0
71,0, 0, False, 0
72,0, 0, False, 0
73,0, 0, False, 0
74,0, 0, False, 0
75,0, 0, False, 0
76,0, 0, False, 0
77,0, 0, False, 0
78,0, 0, False, 0
79,0, 0, False, 0
80,0, 0, False, 0
81,0, 0, False, 0
82,0, 0, False, 0
83,0, 0, False, 3
84,0, 0, False, 3
85,0, 0, False, 3
86,0, 0, False, 3
87,0, 0, False, 3
88,0, 0, False, 3
89,0, 0, False, 3
90,0, 0, False, 3
91,0, 0, False, 3
92,0, 0, False, 3
93,0, 0, False, 3
94,0, 0, False, 3
95,0, 0, False, 3
96,0, 0, False, 3
97,0, 0, False, 3
98,0, 0, False, 3
99,0, 0, False, 3
100,0, 0, False, 3
101,0, 0, False, 3
102,0, 0, False, 3
103,0, 0, False, 3
104,0, 0, False, 3
105,0, 0, False, 3
106,0, 0, False, 3
107,0, 0, False, 3
108,0, 0, False, 3
109,0, 0, False, 3
110,0, 0, False, 3
111,0, 0, False, 3
112,0, 0, False, 3
113,0, 0, False, 3
114,0, 0, False, 3
115,0, 0, False, 3
116,0, 0, False, 3
117,0, 0, False, 3
118,0, 0, False, 3
119,0, 0, False, 3
120,0, 0, False, 3
121,0, 0, False, 3
122,0, 0, False, 3
123,0, 0, False, 3
124,0, 0, False, 3
125,0, 0, False, 3
126,0, 0, False, 3
127,0, 0, False, 3
128,0, 0, False, 3
129,0, 0, False, 3
130,0, 0, False, 3
131,0, 0, False, 3
132,0, 0, False, 3
133,0, 0, False, 3
134,0, 0, False, 3
135,0, 0, False, 3
136,0, 0, False, 3
137,0, 0, False, 3
138,0, 0, False, 3
139,0, 0, False, 3
140,0, 0, False, 3
141,0, 0, False, 3
142,0, 0, False, 3
143,0, 0, False, 3
144,0, 0, False, 3
145,0, 0, False, 3
146,0, 0, False, 3
147,0, 0, False, 3
148,0, 0, False, 3
149,0, 0, False, 3
150,0, 0, False, 3
151,0, 0, False, 3
152,0, 0, False, 3
153,0, 0, False, 3
154,0, 0, False, 3
155,0, 0, False, 3
156,0, 0, False, 3
157,0, 0, False, 3
158,0, 0, False, 3
159,0, 0, False, 3
160,0, 0, False, 3
161,0, 0, False, 3
162,0, 0, False, 3
163,0, 0, False, 3
164,0, 0, False, 3
165,0, 0, False, 3
166,0, 0, False, 3
167,0, 0, False, 3
168,0, 0, False, 3
169,0, 0, False, 3
170,0, 0, False, 3
171,0, 0, False, 3
172,0, 0, False, 3
173,0, 0, False, 3
174,0, 0, False, 3
175,0, 0, False, 0
176,0, 0, False, 0
177,0, 0, False, 0
178,0, 0, False, 0
179,0, 0, False, 1
180,0, 0, False, 1
181,0, 0, False, 1
182,0, 0, False, 1
183,0, 0, False, 1
184,0, 0, False, 1
185,0, 0, False, 1
186,0, 0, False, 1
187,0, 0, False, 0
188,0, 0, False, 0
189,0, 0, False, 0
190,0, 0, False, 0
191,0, 0, False, 0
192,0, 0, False, 0
193,0, 0, False, 3
194,0, 0, False, 3
195,0, 0, False, 3
196,0, 0, False, 3
197,0, 0, False, 3
198,0, 0, False, 3
199,0, 0, False, 3
200,0, 0, False, 3
201,0, 0, False, 3
202,0, 0, False, 3
203,0, 0, False, 3
204,5, 5, False, 11
205,0, 5, False, 11
206,0, 5, False, 11
207,0, 5, False, 11
208,0, 5, False, 11
209,0, 5, False, 11
210,0, 5, False, 11
211,0, 5, False, 11
212,0, 5, False, 11
213,0, 5, False, 11
214,0, 5, False, 11
215,0, 5, False, 1
216,0, 5, False, 1
217,0, 5, False, 1
218,0, 5, False, 1
219,0, 5, False, 1
220,0, 5, False, 1
221,0, 5, False, 1
222,0, 5, False, 1
223,0, 5, False, 1
224,0, 5, False, 1
225,0, 5, False, 1
226,0, 5, False, 1
227,0, 5, False, 1
228,0, 5, False, 1
229,0, 5, False, 1
230,0, 5, False, 12
231,0, 5, False, 12
232,0, 5, False, 12
233,0, 5, False, 12
234,0, 5, False, 12
235,0, 5, False, 12
236,0, 5, False, 12
237,0, 5, False, 12
238,10, 15, False, 12
239,0, 15, False, 12
240,0, 15, False, 12
241,0, 15, False, 12
242,0, 15, False, 12
243,0, 15, False, 12
244,0, 15, False, 12
245,0, 15, False, 12
246,0, 15, False, 12
247,0, 15, False, 12
248,0, 15, False, 12
249,0, 15, False, 1
250,0, 15, False, 1
251,0, 15, False, 1
252,0, 15, False, 1
253,0, 15, False, 1
254,0, 15, False, 1
255,0, 15, False, 1
256,0, 15, False, 1
257,0, 15, False, 1
258,0, 15, False, 1
259,0, 15, False, 1
260,0, 15, False, 1
261,0, 15, False, 1
262,0, 15, False, 1
263,0, 15, False, 1
264,0, 15, False, 1
265,0, 15, False, 1
266,0, 15, False, 1
267,0, 15, False, 1
268,0, 15, False, 1
269,0, 15, False, 1
270,0, 15, False, 1
271,0, 15, False, 1
272,0, 15, False, 1
273,0, 15, False, 1
274,0, 15, False, 1
275,0, 15, False, 1
276,0, 15, False, 1
277,0, 15, False, 11
278,0, 15, False, 11
279,0, 15, False, 11
280,0, 15, False, 11
281,0, 15, False, 11
282,15, 30, False, 11
283,0, 30, False, 11
284,0, 30, False, 11
285,0, 30, False, 11
286,0, 30, False, 11
287,0, 30, False, 11
288,0, 30, False, 11
289,0, 30, False, 11
290,0, 30, False, 11
291,0, 30, False, 11
292,0, 30, False, 11
293,0, 30, False, 11
294,0, 30, False, 11
295,0, 30, False, 11
296,0, 30, False, 11
297,0, 30, False, 11
298,0, 30, False, 1
299,0, 30, False, 1
300,0, 30, False, 1
301,0, 30, False, 1
302,0, 30, False, 1
303,0, 30, False, 1
304,0, 30, False, 1
305,0, 30, False, 1
306,0, 30, False, 1
307,0, 30, False, 1
308,0, 30, False, 1
309,0, 30, False, 1
310,0, 30, False, 1
311,0, 30, False, 1
312,0, 30, False, 1
313,0, 30, False, 1
314,0, 30, False, 12
315,0, 30, False, 12
316,0, 30, False, 12
317,0, 30, False, 12
318,0, 30, False, 12
319,0, 30, False, 12
320,0, 30, False, 12
321,0, 30, False, 12
322,0, 30, False, 12
323,0, 30, False, 12
324,0, 30, False, 12
325,0, 30, False, 12
326,0, 30, False, 12
327,0, 30, False, 12
328,0, 30, False, 12
329,0, 30, False, 12
330,0, 30, False, 12
331,0, 30, False, 12
332,0, 30, False, 12
333,0, 30, False, 12
334,20, 50, False, 12
335,0, 50, False, 12
336,0, 50, False, 12
337,0, 50, False, 12
338,0, 50, False, 12
339,0, 50, False, 12
340,0, 50, False, 12
341,0, 50, False, 12
342,0, 50, False, 1
343,0, 50, False, 1
344,0, 50, False, 1
345,0, 50, False, 1
346,0, 50, False, 1
347,0, 50, False, 1
348,0, 50, False, 1
349,0, 50, False, 1
350,0, 50, False, 1
351,0, 50, False, 1
352,0, 50, False, 1
353,0, 50, False, 1
354,0, 50, False, 1
355,0, 50, False, 1
356,0, 50, False, 1
357,0, 50, False, 11
358,0, 50, False, 11
359,0, 50, False, 11
360,0, 50, False, 11
361,0, 50, False, 11
362,0, 50, False, 11
363,0, 50, False, 11
364,0, 50, False, 11
365,0, 50, False, 11
366,0, 50, False, 11
367,0, 50, False, 11
368,0, 50, False, 11
369,0, 50, False, 11
370,0, 50, False, 11
371,0, 50, False, 11
372,0, 50, False, 11
373,0, 50, False, 11
374,0, 50, False, 11
375,0, 50, False, 11
376,0, 50, False, 11
377,0, 50, False, 11
378,0, 50, False, 11
379,0, 50, False, 11
380,0, 50, False, 11
381,0, 50, False, 11
382,0, 50, False, 11
383,0, 50, False, 11
384,0, 50, False, 11
385,0, 50, False, 11
386,0, 50, False, 11
387,0, 50, False, 11
388,0, 50, False, 11
389,0, 50, False, 11
390,0, 50, False, 11
391,0, 50, False, 11
392,0, 50, False, 1
393,0, 50, False, 0
394,0, 50, False, 0
395,0, 50, False, 0
396,0, 50, False, 0
397,0, 50, False, 0
398,0, 50, False, 0
399,0, 50, False, 0
400,0, 50, False, 0
401,0, 50, False, 0
402,0, 50, False, 1
403,0, 50, False, 1
404,0, 50, False, 1
405,0, 50, False, 1
406,0, 50, False, 1
407,0, 50, False, 1
408,0, 50, False, 1
409,0, 50, False, 1
410,0, 50, False, 1
411,0, 50, False, 1
412,0, 50, False, 1
413,0, 50, False, 0
414,0, 50, False, 0
415,0, 50, False, 0
416,0, 50, False, 0
417,0, 50, False, 0
418,0, 50, False, 0
419,0, 50, False, 0
420,0, 50, False, 0
421,0, 50, False, 0
422,0, 50, False, 0
423,0, 50, False, 0
424,0, 50, False, 0
425,0, 50, False, 0
426,0, 50, False, 0
427,0, 50, False, 0
428,0, 50, False, 1
429,0, 50, False, 1
430,0, 50, False, 1
431,0, 50, False, 1
432,0, 50, False, 1
433,0, 50, False, 1
434,0, 50, False, 1
435,0, 50, False, 1
436,0, 50, False, 1
437,0, 50, False, 0
438,0, 50, False, 0
439,0, 50, False, 0
440,0, 50, False, 0
441,0, 50, False, 0
442,0, 50, False, 0
443,0, 50, False, 0
444,0, 50, False, 0
445,0, 50, False, 0
446,0, 50, False, 0
447,0, 50, False, 0
448,0, 50, False, 0
449,0, 50, False, 0
450,0, 50, False, 0
451,0, 50, False, 0
452,0, 50, False, 0
453,0, 50, False, 0
454,0, 50, False, 0
455,0, 50, False, 0
456,0, 50, False, 0
457,0, 50, False, 4
458,0, 50, False, 4
459,0, 50, False, 4
460,0, 50, False, 4
461,0, 50, False, 4
462,0, 50, False, 4
463,0, 50, False, 4
464,0, 50, False, 4
465,0, 50, False, 4
466,0, 50, False, 4
467,0, 50, False, 4
468,0, 50, False, 4
469,0, 50, False, 4
470,0, 50, False, 4
471,0, 50, False, 4
472,0, 50, False, 4
473,0, 50, False, 4
474,0, 50, False, 4
475,0, 50, False, 4
476,0, 50, False, 4
477,0, 50, False, 4
478,0, 50, False, 4
479,0, 50, False, 4
480,0, 50, False, 4
481,0, 50, False, 4
482,0, 50, False, 4
483,0, 50, False, 4
484,0, 50, False, 4
485,0, 50, False, 4
486,0, 50, False, 4
487,0, 50, False, 4
488,0, 50, False, 0
489,0, 50, False, 0
490,25, 75, False, 1
491,0, 75, False, 1
492,0, 75, False, 1
493,0, 75, False, 1
494,0, 75, False, 1
495,0, 75, False, 1
496,0, 75, False, 1
497,0, 75, False, 1
498,0, 75, False, 1
499,0, 75, False, 1
500,0, 75, False, 0
501,0, 75, False, 0
502,0, 75, False, 0
503,0, 75, False, 0
504,0, 75, False, 0
505,0, 75, False, 0
506,0, 75, False, 0
507,0, 75, False, 0
508,0, 75, False, 0
509,0, 75, False, 0
510,0, 75, False, 0
511,0, 75, False, 0
512,0, 75, False, 0
513,0, 75, False, 0
514,0, 75, False, 0
515,0, 75, False, 0
516,0, 75, False, 0
517,0, 75, False, 0
518,0, 75, False, 0
519,0, 75, False, 0
520,5, 80, False, 0
521,0, 80, False, 0
522,0, 80, False, 0
523,0, 80, False, 0
524,0, 80, False, 0
525,0, 80, False, 0
526,0, 80, False, 0
527,0, 80, False, 0
528,0, 80, False, 0
529,0, 80, False, 0
530,0, 80, False, 1
531,0, 80, False, 1
532,0, 80, False, 1
533,0, 80, False, 1
534,0, 80, False, 1
535,0, 80, False, 1
536,0, 80, False, 1
537,0, 80, False, 1
538,0, 80, False, 1
539,0, 80, False, 1
540,0, 80, False, 0
541,0, 80, False, 0
542,0, 80, False, 0
543,0, 80, False, 0
544,0, 80, False, 0
545,0, 80, False, 0
546,0, 80, False, 0
547,0, 80, False, 0
548,0, 80, False, 0
549,0, 80, False, 0
550,0, 80, False, 0
551,0, 80, False, 0
552,0, 80, False, 0
553,0, 80, False, 0
554,0, 80, False, 0
555,0, 80, False, 0
556,0, 80, False, 0
557,0, 80, False, 1
558,0, 80, False, 1
559,0, 80, False, 1
560,0, 80, False, 1
561,0, 80, False, 1
562,0, 80, False, 1
563,0, 80, False, 1
564,10, 90, False, 1
565,0, 90, False, 1
566,0, 90, False, 1
567,0, 90, False, 1
568,0, 90, False, 1
569,0, 90, False, 0
570,0, 90, False, 0
571,0, 90, False, 0
572,0, 90, False, 0
573,0, 90, False, 0
574,0, 90, False, 0
575,0, 90, False, 0
576,0, 90, False, 0
577,0, 90, False, 0
578,0, 90, False, 0
579,0, 90, False, 0
580,0, 90, False, 0
581,0, 90, False, 0
582,0, 90, False, 1
583,0, 90, False, 1
584,0, 90, False, 1
585,0, 90, False, 1
586,0, 90, False, 1
587,0, 90, False, 1
588,0, 90, False, 1
589,0, 90, False, 1
590,0, 90, False, 1
591,0, 90, False, 1
592,0, 90, False, 1
593,0, 90, False, 1
594,0, 90, False, 1
595,0, 90, False, 1
596,0, 90, False, 0
597,0, 90, False, 0
598,0, 90, False, 0
599,0, 90, False, 0
600,0, 90, False, 0
601,0, 90, False, 0
602,0, 90, False, 0
603,0, 90, False, 0
604,0, 90, False, 0
605,0, 90, False, 0
606,0, 90, False, 3
607,0, 90, False, 3
608,15, 105, False, 3
609,0, 105, False, 3
610,0, 105, False, 3
611,0, 105, False, 3
612,0, 105, False, 3
613,0, 105, False, 3
614,0, 105, False, 0
615,0, 105, False, 0
616,0, 105, False, 0
617,0, 105, False, 0
618,0, 105, False, 0
619,0, 105, False, 0
620,0, 105, False, 0
621,0, 105, False, 0
622,0, 105, False, 0
623,0, 105, False, 0
624,0, 105, False, 0
625,0, 105, False, 0
626,0, 105, False, 0
627,0, 105, False, 0
628,0, 105, False, 0
629,0, 105, False, 0
630,0, 105, False, 0
631,0, 105, False, 0
632,0, 105, False, 0
633,0, 105, False, 0
634,0, 105, False, 0
635,0, 105, False, 0
636,0, 105, False, 0
637,0, 105, False, 0
638,0, 105, False, 0
639,0, 105, False, 4
640,0, 105, False, 4
641,0, 105, False, 4
642,0, 105, False, 4
643,0, 105, False, 4
644,0, 105, False, 4
645,0, 105, False, 0
646,0, 105, False, 1
647,0, 105, False, 1
648,0, 105, False, 1
649,0, 105, False, 1
650,0, 105, False, 1
651,0, 105, False, 1
652,0, 105, False, 1
653,0, 105, False, 1
654,0, 105, False, 0
655,0, 105, False, 0
656,0, 105, False, 0
657,0, 105, False, 0
658,0, 105, False, 0
659,0, 105, False, 0
660,0, 105, False, 0
661,0, 105, False, 0
662,0, 105, False, 0
663,0, 105, False, 0
664,0, 105, False, 0
665,0, 105, False, 0
666,0, 105, False, 0
667,0, 105, False, 0
668,0, 105, False, 0
669,0, 105, False, 0
670,0, 105, False, 0
671,0, 105, False, 0
672,0, 105, False, 0
673,0, 105, False, 0
674,0, 105, False, 0
675,0, 105, False, 0
676,0, 105, False, 0
677,0, 105, False, 0
678,0, 105, False, 0
679,0, 105, False, 0
680,0, 105, False, 0
681,0, 105, False, 0
682,0, 105, False, 4
683,0, 105, False, 4
684,0, 105, False, 4
685,0, 105, False, 4
686,0, 105, False, 4
687,0, 105, False, 4
688,0, 105, False, 4
689,0, 105, False, 4
690,0, 105, False, 4
691,0, 105, False, 4
692,0, 105, False, 4
693,0, 105, False, 4
694,0, 105, False, 4
695,0, 105, False, 4
696,0, 105, False, 4
697,0, 105, False, 4
698,0, 105, False, 4
699,0, 105, False, 4
700,20, 125, False, 4
701,0, 125, False, 4
702,0, 125, False, 4
703,0, 125, False, 4
704,0, 125, False, 4
705,0, 125, False, 4
706,0, 125, False, 4
707,0, 125, False, 0
708,0, 125, False, 0
709,0, 125, False, 0
710,0, 125, False, 0
711,0, 125, False, 0
712,0, 125, False, 0
713,0, 125, False, 0
714,0, 125, False, 0
715,0, 125, False, 0
716,0, 125, False, 0
717,0, 125, False, 0
718,0, 125, False, 0
719,0, 125, False, 0
720,0, 125, False, 0
721,0, 125, False, 0
722,0, 125, False, 0
723,0, 125, False, 0
724,0, 125, False, 0
725,0, 125, False, 0
726,0, 125, False, 0
727,0, 125, False, 0
728,0, 125, False, 3
729,0, 125, False, 3
730,0, 125, False, 3
731,0, 125, False, 3
732,0, 125, False, 3
733,0, 125, False, 3
734,0, 125, False, 3
735,0, 125, False, 3
736,0, 125, False, 3
737,0, 125, False, 3
738,0, 125, False, 3
739,0, 125, False, 3
740,0, 125, False, 0
741,0, 125, False, 0
742,0, 125, False, 0
743,0, 125, False, 0
744,0, 125, False, 0
745,0, 125, False, 0
746,0, 125, False, 0
747,0, 125, False, 0
748,0, 125, False, 0
749,0, 125, False, 0
750,0, 125, False, 0
751,0, 125, False, 0
752,0, 125, False, 0
753,0, 125, False, 0
754,0, 125, False, 0
755,0, 125, False, 0
756,0, 125, False, 0
757,0, 125, False, 1
758,0, 125, False, 1
759,0, 125, False, 1
760,0, 125, False, 1
761,0, 125, False, 1
762,0, 125, False, 1
763,0, 125, False, 1
764,0, 125, False, 1
765,0, 125, False, 1
766,0, 125, False, 1
767,0, 125, False, 0
768,0, 125, False, 0
769,0, 125, False, 0
770,0, 125, False, 0
771,0, 125, False, 0
772,0, 125, False, 0
773,0, 125, False, 0
774,0, 125, False, 0
775,0, 125, False, 0
776,0, 125, False, 0
777,0, 125, False, 0
778,0, 125, False, 0
779,0, 125, False, 0
780,0, 125, False, 0
781,0, 125, False, 0
782,0, 125, False, 0
783,0, 125, False, 0
784,0, 125, False, 0
785,0, 125, False, 0
786,0, 125, False, 0
787,0, 125, False, 0
788,0, 125, False, 0
789,0, 125, False, 0
790,0, 125, False, 1
791,0, 125, False, 1
792,0, 125, False, 1
793,0, 125, False, 1
794,0, 125, False, 1
795,0, 125, False, 1
796,0, 125, False, 1
797,0, 125, False, 1
798,0, 125, False, 1
799,0, 125, False, 1
800,0, 125, False, 1
801,0, 125, False, 0
802,0, 125, False, 0
803,0, 125, False, 0
804,0, 125, False, 0
805,0, 125, False, 0
806,0, 125, False, 0
807,0, 125, False, 0
808,0, 125, False, 0
809,0, 125, False, 1
810,0, 125, False, 1
811,0, 125, False, 1
812,0, 125, False, 1
813,0, 125, False, 1
814,0, 125, False, 1
815,0, 125, False, 1
816,0, 125, False, 1
817,0, 125, False, 1
818,0, 125, False, 1
819,0, 125, False, 1
820,0, 125, False, 0
821,0, 125, False, 0
822,0, 125, False, 0
823,0, 125, False, 0
824,0, 125, False, 0
825,0, 125, False, 0
826,0, 125, False, 0
827,0, 125, False, 0
828,0, 125, False, 0
829,0, 125, False, 0
830,0, 125, False, 0
831,0, 125, False, 0
832,0, 125, False, 1
833,0, 125, False, 1
834,0, 125, False, 1
835,0, 125, False, 1
836,0, 125, False, 1
837,0, 125, False, 1
838,0, 125, False, 1
839,0, 125, False, 1
840,0, 125, False, 1
841,0, 125, False, 1
842,0, 125, False, 1
843,0, 125, False, 0
844,0, 125, False, 0
845,0, 125, False, 0
846,0, 125, False, 0
847,0, 125, False, 0
848,0, 125, False, 0
849,0, 125, False, 0
850,0, 125, False, 0
851,0, 125, False, 0
852,0, 125, False, 0
853,0, 125, False, 0
854,0, 125, False, 0
855,0, 125, False, 0
856,0, 125, False, 0
857,0, 125, False, 0
858,0, 125, False, 0
859,0, 125, False, 1
860,0, 125, False, 1
861,0, 125, False, 1
862,0, 125, False, 1
863,0, 125, False, 1
864,0, 125, False, 1
865,0, 125, False, 1
866,5, 130, False, 1
867,0, 130, False, 1
868,0, 130, False, 1
869,0, 130, False, 1
870,0, 130, False, 1
871,0, 130, False, 1
872,0, 130, False, 1
873,0, 130, False, 1
874,0, 130, False, 1
875,0, 130, False, 0
876,0, 130, False, 0
877,0, 130, False, 0
878,0, 130, False, 0
879,0, 130, False, 0
880,0, 130, False, 0
881,0, 130, False, 0
882,0, 130, False, 0
883,0, 130, False, 0
884,0, 130, False, 0
885,0, 130, False, 0
886,0, 130, False, 0
887,0, 130, False, 0
888,0, 130, False, 0
889,0, 130, False, 0
890,0, 130, False, 0
891,0, 130, False, 0
892,0, 130, False, 1
893,0, 130, False, 1
894,0, 130, False, 1
895,0, 130, False, 1
896,0, 130, False, 1
897,0, 130, False, 1
898,0, 130, False, 1
899,0, 130, False, 1
900,10, 140, False, 1
901,0, 140, False, 1
902,0, 140, False, 1
903,0, 140, False, 1
904,0, 140, False, 1
905,0, 140, False, 1
906,0, 140, False, 1
907,0, 140, False, 1
908,0, 140, False, 1
909,0, 140, False, 1
910,0, 140, False, 0
911,0, 140, False, 0
912,0, 140, False, 0
913,0, 140, False, 0
914,0, 140, False, 0
915,0, 140, False, 0
916,0, 140, False, 0
917,0, 140, False, 0
918,0, 140, False, 0
919,0, 140, False, 0
920,0, 140, False, 0
921,0, 140, False, 0
922,0, 140, False, 0
923,0, 140, False, 0
924,0, 140, False, 0
925,0, 140, False, 0
926,0, 140, False, 0
927,0, 140, False, 0
928,0, 140, False, 0
929,0, 140, False, 0
930,0, 140, False, 0
931,0, 140, False, 0
932,0, 140, False, 0
933,0, 140, False, 0
934,0, 140, False, 0
935,0, 140, False, 3
936,0, 140, False, 3
937,0, 140, False, 3
938,0, 140, False, 3
939,0, 140, False, 3
940,0, 140, False, 3
941,0, 140, False, 3
942,0, 140, False, 3
943,0, 140, False, 3
944,0, 140, False, 0
945,0, 140, False, 0
946,15, 155, False, 0
947,0, 155, False, 0
948,0, 155, False, 0
949,0, 155, False, 0
950,0, 155, False, 0
951,0, 155, False, 0
952,0, 155, False, 0
953,0, 155, False, 0
954,0, 155, False, 0
955,0, 155, False, 0
956,0, 155, False, 0
957,0, 155, False, 0
958,0, 155, False, 0
959,0, 155, False, 0
960,0, 155, False, 0
961,0, 155, False, 0
962,0, 155, False, 0
963,0, 155, False, 0
964,0, 155, False, 0
965,0, 155, False, 0
966,0, 155, False, 0
967,0, 155, False, 0
968,0, 155, False, 0
969,0, 155, False, 0
970,0, 155, False, 0
971,0, 155, False, 0
972,0, 155, False, 0
973,0, 155, False, 3
974,0, 155, False, 3
975,0, 155, False, 3
976,0, 155, False, 3
977,0, 155, False, 3
978,0, 155, False, 3
979,0, 155, False, 3
980,0, 155, False, 3
981,0, 155, False, 3
982,0, 155, False, 3
983,0, 155, False, 3
984,0, 155, False, 3
985,0, 155, False, 3
986,0, 155, False, 3
987,0, 155, False, 3
988,0, 155, False, 3
989,0, 155, False, 3
990,0, 155, False, 3
991,0, 155, False, 3
992,0, 155, False, 3
993,0, 155, False, 3
994,0, 155, False, 3
995,0, 155, False, 3
996,0, 155, False, 3
997,0, 155, False, 3
998,0, 155, False, 3
999,0, 155, False, 3
1000,0, 155, False, 3
1001,0, 155, False, 3
1002,0, 155, False, 3
1003,0, 155, False, 3
1004,0, 155, False, 3
1005,0, 155, False, 3
1006,0, 155, False, 3
1007,0, 155, False, 3
1008,0, 155, False, 3
1009,0, 155, False, 3
1010,0, 155, False, 3
1011,0, 155, False, 3
1012,0, 155, False, 3
1013,0, 155, False, 3
1014,0, 155, False, 3
1015,0, 155, False, 3
1016,0, 155, False, 3
1017,0, 155, False, 3
1018,0, 155, False, 3
1019,0, 155, False, 3
1020,0, 155, False, 3
1021,0, 155, False, 3
1022,0, 155, False, 3
1023,0, 155, False, 3
1024,0, 155, False, 3
1025,0, 155, False, 3
1026,0, 155, False, 3
1027,0, 155, False, 3
1028,0, 155, False, 3
1029,0, 155, False, 3
1030,0, 155, False, 3
1031,0, 155, False, 3
1032,0, 155, False, 3
1033,0, 155, False, 3
1034,0, 155, False, 3
1035,0, 155, False, 3
1036,0, 155, False, 3
1037,0, 155, False, 3
1038,0, 155, False, 3
1039,0, 155, False, 3
1040,0, 155, False, 3
1041,0, 155, False, 3
1042,0, 155, False, 3
1043,0, 155, False, 3
1044,0, 155, False, 11
1045,0, 155, False, 1
1046,0, 155, False, 1
1047,0, 155, False, 1
1048,0, 155, False, 1
1049,0, 155, False, 1
1050,0, 155, False, 1
1051,0, 155, False, 1
1052,0, 155, False, 1
1053,0, 155, False, 1
1054,0, 155, False, 1
1055,0, 155, False, 1
1056,0, 155, False, 0
1057,0, 155, False, 0
1058,0, 155, False, 3
1059,0, 155, False, 3
1060,0, 155, False, 3
1061,0, 155, False, 3
1062,0, 155, False, 3
1063,0, 155, False, 3
1064,0, 155, False, 3
1065,0, 155, False, 3
1066,0, 155, False, 3
1067,0, 155, False, 3
1068,0, 155, False, 3
1069,0, 155, False, 3
1070,0, 155, False, 3
1071,0, 155, False, 3
1072,0, 155, False, 3
1073,0, 155, False, 3
1074,0, 155, False, 3
1075,0, 155, False, 3
1076,0, 155, False, 0
1077,0, 155, False, 0
1078,0, 155, False, 1
1079,0, 155, False, 1
1080,0, 155, False, 1
1081,0, 155, False, 1
1082,0, 155, False, 1
1083,0, 155, False, 1
1084,0, 155, False, 1
1085,0, 155, False, 1
1086,0, 155, False, 1
1087,0, 155, False, 1
1088,0, 155, False, 0
1089,0, 155, False, 0
1090,0, 155, False, 4
1091,0, 155, False, 4
1092,0, 155, False, 4
1093,0, 155, False, 4
1094,0, 155, False, 4
1095,0, 155, False, 4
1096,0, 155, False, 4
1097,0, 155, False, 4
1098,0, 155, False, 4
1099,0, 155, False, 4
1100,0, 155, False, 4
1101,0, 155, False, 4
1102,0, 155, False, 12
1103,0, 155, False, 12
1104,0, 155, False, 12
1105,0, 155, False, 12
1106,0, 155, False, 12
1107,0, 155, False, 12
1108,0, 155, False, 12
1109,0, 155, False, 1
1110,0, 155, False, 1
1111,0, 155, False, 1
1112,0, 155, False, 1
1113,0, 155, False, 0
1114,0, 155, False, 0
1115,0, 155, False, 0
1116,0, 155, False, 0
1117,0, 155, False, 0
1118,0, 155, False, 0
1119,0, 155, False, 0
1120,0, 155, False, 0
1121,0, 155, False, 0
1122,0, 155, False, 0
1123,0, 155, False, 0
1124,0, 155, False, 1
1125,0, 155, False, 1
1126,0, 155, False, 1
1127,0, 155, False, 1
1128,0, 155, False, 1
1129,0, 155, False, 1
1130,0, 155, False, 1
1131,0, 155, False, 1
1132,0, 155, False, 1
1133,0, 155, False, 1
1134,0, 155, False, 0
1135,0, 155, False, 0
1136,0, 155, False, 0
1137,0, 155, False, 0
1138,0, 155, False, 0
1139,0, 155, False, 0
1140,0, 155, False, 0
1141,0, 155, False, 0
1142,0, 155, False, 0
1143,0, 155, False, 0
1144,0, 155, False, 0
1145,0, 155, False, 0
1146,0, 155, False, 0
1147,0, 155, False, 0
1148,0, 155, False, 0
1149,0, 155, False, 0
1150,0, 155, False, 0
1151,0, 155, False, 0
1152,0, 155, False, 0
1153,0, 155, False, 0
1154,0, 155, False, 0
1155,0, 155, False, 0
1156,0, 155, False, 0
1157,0, 155, False, 0
1158,0, 155, False, 0
1159,0, 155, False, 0
1160,10, 165, False, 0
1161,0, 165, False, 0
1162,0, 165, False, 0
1163,0, 165, False, 0
1164,0, 165, False, 0
1165,0, 165, False, 0
1166,0, 165, False, 0
1167,0, 165, False, 0
1168,0, 165, False, 0
1169,0, 165, False, 0
1170,0, 165, False, 0
1171,0, 165, False, 0
1172,0, 165, False, 0
1173,0, 165, False, 0
1174,0, 165, False, 1
1175,0, 165, False, 1
1176,0, 165, False, 1
1177,0, 165, False, 1
1178,0, 165, False, 1
1179,0, 165, False, 1
1180,0, 165, False, 1
1181,0, 165, False, 1
1182,0, 165, False, 1
1183,0, 165, False, 0
1184,0, 165, False, 0
1185,0, 165, False, 0
1186,0, 165, False, 0
1187,0, 165, False, 0
1188,0, 165, False, 0
1189,0, 165, False, 0
1190,0, 165, False, 0
1191,0, 165, False, 0
1192,0, 165, False, 0
1193,0, 165, False, 0
1194,0, 165, False, 0
1195,0, 165, False, 0
1196,5, 170, False, 0
1197,0, 170, False, 0
1198,0, 170, False, 0
1199,0, 170, False, 0
1200,0, 170, False, 0
1201,0, 170, False, 0
1202,0, 170, False, 0
1203,0, 170, False, 0
1204,0, 170, False, 0
1205,0, 170, False, 0
1206,0, 170, False, 0
1207,0, 170, False, 0
1208,0, 170, False, 1
1209,0, 170, False, 1
1210,0, 170, False, 1
1211,0, 170, False, 1
1212,0, 170, False, 1
1213,0, 170, False, 1
1214,0, 170, False, 1
1215,0, 170, False, 1
1216,0, 170, False, 1
1217,0, 170, False, 0
1218,0, 170, False, 0
1219,0, 170, False, 0
1220,0, 170, False, 0
1221,0, 170, False, 0
1222,0, 170, False, 0
1223,0, 170, False, 0
1224,0, 170, False, 0
1225,0, 170, False, 0
1226,0, 170, False, 0
1227,0, 170, False, 0
1228,0, 170, False, 0
1229,0, 170, False, 0
1230,0, 170, False, 0
1231,0, 170, False, 0
1232,0, 170, False, 0
1233,0, 170, False, 0
1234,0, 170, False, 0
1235,0, 170, False, 0
1236,0, 170, False, 3
1237,0, 170, False, 3
1238,0, 170, False, 3
1239,0, 170, False, 3
1240,0, 170, False, 3
1241,0, 170, False, 3
1242,0, 170, False, 3
1243,0, 170, False, 3
1244,0, 170, False, 3
1245,0, 170, False, 3
1246,15, 185, False, 3
1247,0, 185, False, 3
1248,0, 185, False, 3
1249,0, 185, False, 3
1250,0, 185, False, 3
1251,0, 185, False, 3
1252,0, 185, False, 3
1253,0, 185, False, 3
1254,0, 185, False, 3
1255,0, 185, False, 3
1256,0, 185, False, 3
1257,0, 185, False, 3
1258,0, 185, False, 0
1259,0, 185, False, 0
1260,0, 185, False, 1
1261,0, 185, False, 1
1262,0, 185, False, 1
1263,0, 185, False, 1
1264,0, 185, False, 1
1265,0, 185, False, 1
1266,0, 185, False, 1
1267,0, 185, False, 1
1268,0, 185, False, 0
1269,0, 185, False, 0
1270,0, 185, False, 0
1271,0, 185, False, 0
1272,0, 185, False, 0
1273,0, 185, False, 0
1274,0, 185, False, 0
1275,0, 185, False, 0
1276,0, 185, False, 0
1277,0, 185, False, 0
1278,0, 185, False, 0
1279,0, 185, False, 0
1280,0, 185, False, 0
1281,0, 185, False, 0
1282,0, 185, False, 0
1283,0, 185, False, 0
1284,0, 185, False, 0
1285,0, 185, False, 0
1286,0, 185, False, 0
1287,0, 185, False, 1
1288,0, 185, False, 1
1289,0, 185, False, 1
1290,10, 195, False, 1
1291,0, 195, False, 1
1292,0, 195, False, 1
1293,0, 195, False, 1
1294,0, 195, False, 1
1295,0, 195, False, 1
1296,0, 195, False, 1
1297,0, 195, False, 0
1298,0, 195, False, 0
1299,0, 195, False, 0
1300,0, 195, False, 0
1301,0, 195, False, 0
1302,0, 195, False, 0
1303,0, 195, False, 0
1304,0, 195, False, 0
1305,0, 195, False, 0
1306,0, 195, False, 0
1307,0, 195, False, 0
1308,0, 195, False, 0
1309,0, 195, False, 0
1310,5, 200, False, 0
1311,0, 200, False, 0
1312,0, 200, False, 0
1313,0, 200, False, 1
1314,0, 200, False, 1
1315,0, 200, False, 1
1316,0, 200, False, 1
1317,0, 200, False, 1
1318,0, 200, False, 1
1319,0, 200, False, 1
1320,0, 200, False, 1
1321,0, 200, False, 1
1322,0, 200, False, 1
1323,0, 200, False, 1
1324,0, 200, False, 1
1325,0, 200, False, 1
1326,0, 200, False, 1
1327,0, 200, False, 0
1328,0, 200, False, 0
1329,0, 200, False, 0
1330,0, 200, False, 0
1331,0, 200, False, 0
1332,0, 200, False, 0
1333,0, 200, False, 0
1334,0, 200, False, 0
1335,0, 200, False, 0
1336,0, 200, False, 0
1337,0, 200, False, 0
1338,0, 200, False, 0
1339,0, 200, False, 0
1340,0, 200, False, 0
1341,0, 200, False, 0
1342,0, 200, False, 3
1343,0, 200, False, 3
1344,0, 200, False, 3
1345,0, 200, False, 3
1346,0, 200, False, 3
1347,0, 200, False, 3
1348,0, 200, False, 3
1349,0, 200, False, 3
1350,15, 215, False, 3
1351,0, 215, False, 3
1352,0, 215, False, 3
1353,0, 215, False, 3
1354,0, 215, False, 3
1355,0, 215, False, 3
1356,0, 215, False, 3
1357,0, 215, False, 3
1358,0, 215, False, 3
1359,0, 215, False, 3
1360,0, 215, False, 3
1361,0, 215, False, 0
1362,0, 215, False, 0
1363,0, 215, False, 0
1364,0, 215, False, 0
1365,0, 215, False, 0
1366,0, 215, False, 0
1367,0, 215, False, 0
1368,0, 215, False, 0
1369,0, 215, False, 0
1370,0, 215, False, 0
1371,0, 215, False, 0
1372,0, 215, False, 0
1373,0, 215, False, 0
1374,0, 215, False, 0
1375,0, 215, False, 0
1376,0, 215, False, 0
1377,0, 215, False, 4
1378,0, 215, False, 4
1379,0, 215, False, 4
1380,0, 215, False, 4
1381,0, 215, False, 4
1382,0, 215, False, 4
1383,0, 215, False, 4
1384,0, 215, False, 4
1385,0, 215, False, 4
1386,0, 215, False, 4
1387,0, 215, False, 4
1388,0, 215, False, 4
1389,0, 215, False, 4
1390,0, 215, False, 4
1391,0, 215, False, 4
1392,0, 215, False, 4
1393,0, 215, False, 0
1394,0, 215, False, 0
1395,0, 215, False, 0
1396,0, 215, False, 0
1397,0, 215, False, 0
1398,0, 215, False, 0
1399,0, 215, False, 0
1400,0, 215, False, 0
1401,0, 215, False, 0
1402,0, 215, False, 0
1403,0, 215, False, 0
1404,0, 215, False, 0
1405,0, 215, False, 0
1406,0, 215, False, 0
1407,0, 215, False, 0
1408,0, 215, False, 0
1409,0, 215, False, 0
1410,0, 215, False, 3
1411,0, 215, False, 3
1412,0, 215, False, 3
1413,0, 215, False, 3
1414,0, 215, False, 0
1415,0, 215, False, 0
1416,0, 215, False, 0
1417,0, 215, False, 0
1418,0, 215, False, 0
1419,0, 215, False, 0
1420,0, 215, False, 0
1421,0, 215, False, 0
1422,0, 215, False, 0
1423,0, 215, False, 0
1424,0, 215, False, 1
1425,0, 215, False, 1
1426,0, 215, False, 1
1427,0, 215, False, 1
1428,0, 215, False, 1
1429,0, 215, False, 1
1430,0, 215, False, 1
1431,0, 215, False, 1
1432,0, 215, False, 0
1433,0, 215, False, 0
1434,0, 215, False, 0
1435,0, 215, False, 0
1436,0, 215, False, 0
1437,0, 215, False, 0
1438,0, 215, False, 0
1439,0, 215, False, 0
1440,0, 215, False, 0
1441,0, 215, False, 0
1442,0, 215, False, 0
1443,0, 215, False, 0
1444,0, 215, False, 0
1445,0, 215, False, 0
1446,0, 215, False, 0
1447,0, 215, False, 0
1448,0, 215, False, 0
1449,0, 215, False, 4
1450,0, 215, False, 4
1451,0, 215, False, 4
1452,0, 215, False, 4
1453,0, 215, False, 0
1454,0, 215, False, 1
1455,0, 215, False, 1
1456,0, 215, False, 1
1457,0, 215, False, 1
1458,0, 215, False, 1
1459,0, 215, False, 1
1460,0, 215, False, 1
1461,0, 215, False, 1
1462,0, 215, False, 1
1463,0, 215, False, 0
1464,0, 215, False, 0
1465,0, 215, False, 0
1466,0, 215, False, 0
1467,0, 215, False, 0
1468,0, 215, False, 0
1469,0, 215, False, 0
1470,5, 220, False, 0
1471,0, 220, False, 0
1472,0, 220, False, 0
1473,0, 220, False, 0
1474,0, 220, False, 0
1475,0, 220, False, 0
1476,0, 220, False, 0
1477,0, 220, False, 0
1478,0, 220, False, 0
1479,0, 220, False, 0
1480,0, 220, False, 1
1481,0, 220, False, 1
1482,0, 220, False, 1
1483,0, 220, False, 1
1484,0, 220, False, 1
1485,0, 220, False, 1
1486,0, 220, False, 1
1487,0, 220, False, 1
1488,0, 220, False, 1
1489,0, 220, False, 1
1490,0, 220, False, 1
1491,0, 220, False, 1
1492,0, 220, False, 0
1493,0, 220, False, 0
1494,0, 220, False, 0
1495,0, 220, False, 0
1496,0, 220, False, 0
1497,0, 220, False, 0
1498,0, 220, False, 0
1499,0, 220, False, 0
1500,0, 220, False, 0
1501,0, 220, False, 0
1502,0, 220, False, 0
1503,0, 220, False, 0
1504,0, 220, False, 1
1505,0, 220, False, 1
1506,0, 220, False, 1
1507,0, 220, False, 1
1508,0, 220, False, 1
1509,0, 220, False, 1
1510,0, 220, False, 1
1511,0, 220, False, 0
1512,0, 220, False, 0
1513,0, 220, False, 0
1514,0, 220, False, 0
1515,0, 220, False, 0
1516,0, 220, False, 0
1517,0, 220, False, 0
1518,0, 220, False, 0
1519,0, 220, False, 0
1520,0, 220, False, 0
1521,0, 220, False, 0
1522,0, 220, False, 0
1523,0, 220, False, 0
1524,0, 220, False, 0
1525,0, 220, False, 0
1526,0, 220, False, 0
1527,0, 220, False, 0
1528,0, 220, False, 0
1529,0, 220, False, 0
1530,0, 220, False, 0
1531,0, 220, False, 0
1532,0, 220, False, 0
1533,0, 220, False, 4
1534,0, 220, False, 4
1535,0, 220, False, 4
1536,0, 220, False, 4
1537,0, 220, False, 4
1538,0, 220, False, 4
1539,0, 220, False, 12
1540,0, 220, False, 1
1541,0, 220, False, 1
1542,0, 220, False, 1
1543,0, 220, False, 1
1544,0, 220, False, 1
1545,0, 220, False, 1
1546,0, 220, False, 1
1547,0, 220, False, 1
1548,0, 220, False, 0
1549,0, 220, False, 0
1550,0, 220, False, 0
1551,0, 220, False, 0
1552,0, 220, False, 0
1553,0, 220, False, 0
1554,0, 220, False, 0
1555,0, 220, False, 0
1556,0, 220, False, 0
1557,0, 220, False, 0
1558,0, 220, False, 0
1559,0, 220, False, 0
1560,0, 220, False, 0
1561,0, 220, False, 0
1562,0, 220, False, 0
1563,0, 220, False, 0
1564,0, 220, False, 1
1565,0, 220, False, 1
1566,0, 220, False, 1
1567,0, 220, False, 1
1568,0, 220, False, 1
1569,0, 220, False, 1
1570,0, 220, False, 1
1571,0, 220, False, 1
1572,0, 220, False, 1
1573,0, 220, False, 0
1574,0, 220, False, 0
1575,0, 220, False, 0
1576,0, 220, False, 0
1577,0, 220, False, 0
1578,0, 220, False, 3
1579,0, 220, False, 3
1580,0, 220, False, 3
1581,0, 220, False, 3
1582,0, 220, False, 3
1583,0, 220, False, 3
1584,0, 220, False, 3
1585,0, 220, False, 3
1586,0, 220, False, 3
1587,0, 220, False, 3
1588,0, 220, False, 3
1589,0, 220, False, 3
1590,0, 220, False, 3
1591,0, 220, False, 3
1592,0, 220, False, 3
1593,0, 220, False, 3
1594,0, 220, False, 3
1595,0, 220, False, 3
1596,0, 220, False, 3
1597,0, 220, False, 3
1598,0, 220, False, 3
1599,0, 220, False, 3
1600,0, 220, False, 3
1601,0, 220, False, 3
1602,0, 220, False, 3
1603,0, 220, False, 3
1604,0, 220, False, 3
1605,0, 220, False, 3
1606,0, 220, False, 3
1607,0, 220, False, 3
1608,20, 240, False, 3
1609,0, 240, False, 3
1610,0, 240, False, 3
1611,0, 240, False, 3
1612,0, 240, False, 3
1613,0, 240, False, 3
1614,0, 240, False, 3
1615,0, 240, False, 3
1616,0, 240, False, 3
1617,0, 240, False, 11
1618,0, 240, False, 11
1619,0, 240, False, 1
1620,0, 240, False, 1
1621,0, 240, False, 1
1622,0, 240, False, 1
1623,0, 240, False, 1
1624,0, 240, False, 1
1625,0, 240, False, 1
1626,0, 240, False, 0
1627,0, 240, False, 0
1628,0, 240, False, 0
1629,0, 240, False, 0
1630,0, 240, False, 0
1631,0, 240, False, 0
1632,0, 240, False, 0
1633,0, 240, False, 0
1634,0, 240, False, 0
1635,0, 240, False, 0
1636,0, 240, False, 0
1637,0, 240, False, 0
1638,0, 240, False, 0
1639,0, 240, False, 0
1640,10, 250, False, 0
1641,0, 250, False, 0
1642,0, 250, False, 0
1643,0, 250, False, 0
1644,0, 250, False, 0
1645,0, 250, False, 1
1646,0, 250, False, 1
1647,0, 250, False, 11
1648,0, 250, False, 11
1649,0, 250, False, 11
1650,0, 250, False, 11
1651,0, 250, False, 11
1652,0, 250, False, 11
1653,0, 250, False, 11
1654,0, 250, False, 3
1655,0, 250, False, 3
1656,0, 250, False, 3
1657,0, 250, False, 3
1658,0, 250, False, 3
1659,0, 250, False, 3
1660,0, 250, False, 3
1661,0, 250, False, 3
1662,0, 250, False, 11
1663,0, 250, False, 1
1664,0, 250, False, 1
1665,0, 250, False, 1
1666,0, 250, False, 1
1667,0, 250, False, 1
1668,0, 250, False, 1
1669,0, 250, False, 1
1670,0, 250, False, 1
1671,0, 250, False, 0
1672,0, 250, False, 0
1673,0, 250, False, 0
1674,0, 250, False, 0
1675,0, 250, False, 0
1676,0, 250, False, 0
1677,0, 250, False, 0
1678,0, 250, False, 0
1679,0, 250, False, 0
1680,0, 250, False, 0
1681,0, 250, False, 3
1682,0, 250, False, 3
1683,0, 250, False, 3
1684,0, 250, False, 3
1685,0, 250, False, 3
1686,0, 250, False, 3
1687,0, 250, False, 3
1688,0, 250, False, 3
1689,0, 250, False, 3
1690,0, 250, False, 3
1691,0, 250, False, 3
1692,0, 250, False, 3
1693,0, 250, False, 3
1694,0, 250, False, 3
1695,0, 250, False, 3
1696,0, 250, False, 3
1697,0, 250, False, 3
1698,0, 250, False, 3
1699,0, 250, False, 3
1700,0, 250, False, 0
1701,0, 250, False, 4
1702,0, 250, False, 4
1703,0, 250, False, 4
1704,0, 250, False, 4
1705,0, 250, False, 4
1706,0, 250, False, 4
1707,0, 250, False, 4
1708,0, 250, False, 4
1709,0, 250, False, 4
1710,0, 250, False, 4
1711,0, 250, False, 4
1712,0, 250, False, 4
1713,0, 250, False, 4
1714,0, 250, False, 4
1715,0, 250, False, 4
1716,0, 250, False, 4
1717,0, 250, False, 4
1718,0, 250, False, 4
1719,0, 250, False, 4
1720,0, 250, False, 4
1721,0, 250, False, 4
1722,0, 250, False, 4
1723,0, 250, False, 4
1724,0, 250, False, 4
1725,0, 250, False, 4
1726,0, 250, False, 4
1727,0, 250, False, 4
1728,0, 250, False, 4
1729,0, 250, False, 4
1730,0, 250, False, 4
1731,0, 250, False, 4
1732,0, 250, False, 4
1733,0, 250, False, 12
1734,0, 250, False, 12
1735,0, 250, False, 12
1736,0, 250, False, 1
1737,0, 250, False, 1
1738,0, 250, False, 1
1739,0, 250, False, 1
1740,0, 250, False, 1
1741,0, 250, False, 0
1742,0, 250, False, 0
1743,0, 250, False, 0
1744,0, 250, False, 0
1745,0, 250, False, 0
1746,0, 250, False, 0
1747,0, 250, False, 0
1748,0, 250, False, 0
1749,0, 250, False, 0
1750,0, 250, False, 0
1751,0, 250, False, 0
1752,0, 250, False, 0
1753,0, 250, False, 0
1754,0, 250, False, 0
1755,0, 250, False, 0
1756,0, 250, False, 0
1757,0, 250, False, 0
1758,0, 250, False, 0
1759,0, 250, False, 0
1760,0, 250, False, 0
1761,0, 250, False, 0
1762,0, 250, False, 0
1763,0, 250, False, 0
1764,0, 250, False, 0
1765,0, 250, False, 0
1766,0, 250, False, 0
1767,0, 250, False, 0
1768,0, 250, False, 0
1769,0, 250, False, 0
1770,20, 270, False, 0
1771,0, 270, False, 0
1772,0, 270, False, 0
1773,0, 270, False, 0
1774,0, 270, False, 1
1775,0, 270, False, 1
1776,0, 270, False, 1
1777,0, 270, False, 1
1778,0, 270, False, 1
1779,0, 270, False, 1
1780,0, 270, False, 1
1781,0, 270, False, 1
1782,0, 270, False, 0
1783,0, 270, False, 0
1784,0, 270, False, 0
1785,0, 270, False, 0
1786,0, 270, False, 0
1787,0, 270, False, 0
1788,0, 270, False, 0
1789,0, 270, False, 0
1790,0, 270, False, 0
1791,0, 270, False, 0
1792,0, 270, False, 0
1793,0, 270, False, 0
1794,0, 270, False, 0
1795,0, 270, False, 0
1796,0, 270, False, 0
1797,0, 270, False, 0
1798,0, 270, False, 0
1799,0, 270, False, 0
1800,0, 270, False, 0
1801,0, 270, False, 0
1802,0, 270, False, 0
1803,0, 270, False, 0
1804,0, 270, False, 3
1805,0, 270, False, 3
1806,0, 270, False, 3
1807,0, 270, False, 3
1808,0, 270, False, 3
1809,0, 270, False, 3
1810,0, 270, False, 3
1811,0, 270, False, 3
1812,0, 270, False, 3
1813,0, 270, False, 3
1814,0, 270, False, 3
1815,0, 270, False, 3
1816,0, 270, False, 3
1817,0, 270, False, 3
1818,0, 270, False, 3
1819,0, 270, False, 3
1820,0, 270, False, 3
1821,0, 270, False, 3
1822,0, 270, False, 3
1823,0, 270, False, 3
1824,0, 270, False, 3
1825,0, 270, False, 3
1826,0, 270, False, 3
1827,0, 270, False, 3
1828,0, 270, False, 3
1829,0, 270, False, 3
1830,0, 270, False, 3
1831,0, 270, False, 3
1832,0, 270, False, 3
1833,0, 270, False, 3
1834,0, 270, False, 3
1835,0, 270, False, 3
1836,0, 270, False, 3
1837,0, 270, False, 3
1838,0, 270, False, 3
1839,0, 270, False, 11
1840,0, 270, False, 11
1841,0, 270, False, 11
1842,0, 270, False, 11
1843,0, 270, False, 11
1844,0, 270, False, 1
1845,0, 270, False, 1
1846,0, 270, False, 1
1847,0, 270, False, 1
1848,0, 270, False, 1
1849,0, 270, False, 1
1850,0, 270, False, 0
1851,0, 270, False, 0
1852,0, 270, False, 0
1853,0, 270, False, 0
1854,0, 270, False, 0
1855,0, 270, False, 0
1856,0, 270, False, 0
1857,0, 270, False, 0
1858,0, 270, False, 0
1859,0, 270, False, 1
1860,0, 270, False, 1
1861,0, 270, False, 1
1862,0, 270, False, 1
1863,0, 270, False, 1
1864,0, 270, False, 1
1865,0, 270, False, 1
1866,0, 270, False, 0
1867,0, 270, False, 0
1868,0, 270, False, 0
1869,0, 270, False, 0
1870,0, 270, False, 0
1871,0, 270, False, 0
1872,0, 270, False, 0
1873,0, 270, False, 0
1874,0, 270, False, 0
1875,0, 270, False, 0
1876,0, 270, False, 0
1877,0, 270, False, 0
1878,0, 270, False, 0
1879,0, 270, False, 0
1880,0, 270, False, 0
1881,0, 270, False, 0
1882,0, 270, False, 0
1883,0, 270, False, 1
1884,0, 270, False, 1
1885,0, 270, False, 1
1886,0, 270, False, 1
1887,0, 270, False, 1
1888,15, 285, False, 1
1889,0, 285, False, 1
1890,0, 285, False, 4
1891,0, 285, False, 4
1892,0, 285, False, 4
1893,0, 285, False, 4
1894,0, 285, False, 4
1895,0, 285, False, 4
1896,0, 285, False, 4
1897,0, 285, False, 12
1898,0, 285, False, 1
1899,0, 285, False, 1
1900,0, 285, False, 1
1901,0, 285, False, 1
1902,0, 285, False, 1
1903,0, 285, False, 1
1904,0, 285, False, 0
1905,0, 285, False, 0
1906,0, 285, False, 0
1907,0, 285, False, 0
1908,0, 285, False, 0
1909,0, 285, False, 0
1910,0, 285, False, 0
1911,0, 285, False, 0
1912,0, 285, False, 0
1913,0, 285, False, 0
1914,0, 285, False, 0
1915,0, 285, False, 0
1916,0, 285, False, 0
1917,0, 285, False, 0
1918,0, 285, False, 0
1919,0, 285, False, 0
1920,0, 285, False, 0
1921,0, 285, False, 0
1922,0, 285, False, 0
1923,0, 285, False, 4
1924,0, 285, False, 4
1925,0, 285, False, 4
1926,20, 305, False, 4
1927,0, 305, False, 4
1928,0, 305, False, 4
1929,0, 305, False, 4
1930,0, 305, False, 4
1931,0, 305, False, 12
1932,0, 305, False, 12
1933,0, 305, False, 12
1934,0, 305, False, 12
1935,0, 305, False, 12
1936,0, 305, False, 12
1937,0, 305, False, 12
1938,0, 305, False, 12
1939,0, 305, False, 12
1940,0, 305, False, 12
1941,0, 305, False, 4
1942,0, 305, False, 4
1943,0, 305, False, 4
1944,0, 305, False, 4
1945,0, 305, False, 4
1946,0, 305, False, 4
1947,0, 305, False, 4
1948,0, 305, False, 4
1949,0, 305, False, 4
1950,0, 305, False, 4
1951,0, 305, False, 4
1952,0, 305, False, 4
1953,0, 305, False, 4
1954,0, 305, False, 4
1955,0, 305, False, 4
1956,0, 305, False, 4
1957,0, 305, False, 4
1958,0, 305, False, 4
1959,0, 305, False, 4
1960,0, 305, False, 4
1961,0, 305, False, 4
1962,0, 305, False, 4
1963,0, 305, False, 4
1964,0, 305, False, 0
1965,0, 305, False, 0
1966,0, 305, False, 1
1967,0, 305, False, 1
1968,0, 305, False, 1
1969,0, 305, False, 1
1970,0, 305, False, 1
1971,0, 305, False, 1
1972,0, 305, False, 1
1973,0, 305, False, 1
1974,0, 305, False, 1
1975,0, 305, False, 0
1976,0, 305, False, 0
1977,0, 305, False, 0
1978,0, 305, False, 0
1979,0, 305, False, 0
1980,0, 305, False, 0
1981,0, 305, False, 0
1982,0, 305, False, 0
1983,0, 305, False, 0
1984,0, 305, False, 0
1985,0, 305, False, 0
1986,0, 305, False, 0
1987,0, 305, False, 0
1988,0, 305, False, 0
1989,0, 305, False, 4
1990,0, 305, False, 4
1991,0, 305, False, 4
1992,0, 305, False, 4
1993,0, 305, False, 4
1994,0, 305, False, 4
1995,0, 305, False, 4
1996,0, 305, False, 4
1997,0, 305, False, 4
1998,0, 305, False, 4
1999,0, 305, False, 4
2000,0, 305, False, 4
2001,0, 305, False, 4
2002,0, 305, False, 4
2003,0, 305, False, 4
2004,0, 305, False, 4
2005,0, 305, False, 4
2006,0, 305, False, 4
2007,0, 305, False, 4
2008,0, 305, False, 4
2009,0, 305, False, 4
2010,0, 305, False, 4
2011,0, 305, False, 4
2012,25, 330, False, 4
2013,0, 330, False, 4
2014,0, 330, False, 4
2015,0, 330, False, 4
2016,0, 330, False, 4
2017,0, 330, False, 4
2018,0, 330, False, 4
2019,0, 330, False, 4
2020,0, 330, False, 4
2021,0, 330, False, 4
2022,0, 330, False, 4
2023,0, 330, False, 4
2024,0, 330, False, 4
2025,0, 330, False, 4
2026,0, 330, False, 4
2027,0, 330, False, 4
2028,0, 330, False, 4
2029,0, 330, False, 4
2030,0, 330, False, 4
2031,0, 330, False, 4
2032,0, 330, False, 4
2033,0, 330, False, 4
2034,0, 330, False, 4
2035,0, 330, False, 4
2036,0, 330, False, 4
2037,0, 330, False, 4
2038,0, 330, False, 1
2039,0, 330, False, 1
2040,0, 330, False, 1
2041,0, 330, False, 1
2042,0, 330, False, 1
2043,0, 330, False, 1
2044,0, 330, False, 1
2045,0, 330, False, 0
2046,0, 330, False, 0
2047,0, 330, False, 0
2048,0, 330, False, 0
2049,0, 330, False, 0
2050,0, 330, False, 0
2051,0, 330, False, 0
2052,0, 330, False, 0
2053,0, 330, False, 0
2054,0, 330, False, 0
2055,0, 330, False, 0
2056,0, 330, False, 0
2057,0, 330, False, 0
2058,0, 330, False, 0
2059,0, 330, False, 0
2060,0, 330, False, 0
2061,0, 330, False, 0
2062,0, 330, False, 0
2063,0, 330, False, 0
2064,0, 330, False, 0
2065,0, 330, False, 0
2066,0, 330, False, 0
2067,0, 330, False, 0
2068,0, 330, False, 4
2069,0, 330, False, 4
2070,0, 330, False, 4
2071,0, 330, False, 4
2072,0, 330, False, 4
2073,0, 330, False, 4
2074,0, 330, False, 4
2075,0, 330, False, 4
2076,0, 330, False, 4
2077,0, 330, False, 4
2078,0, 330, False, 4
2079,0, 330, False, 4
2080,25, 355, False, 4
2081,0, 355, False, 4
2082,0, 355, False, 4
2083,0, 355, False, 4
2084,0, 355, False, 4
2085,0, 355, False, 4
2086,0, 355, False, 4
2087,0, 355, False, 4
2088,0, 355, False, 4
2089,0, 355, False, 4
2090,0, 355, False, 4
2091,0, 355, False, 4
2092,0, 355, False, 4
2093,0, 355, False, 4
2094,0, 355, False, 4
2095,0, 355, False, 4
2096,0, 355, False, 4
2097,0, 355, False, 4
2098,0, 355, False, 4
2099,0, 355, False, 4
2100,0, 355, False, 4
2101,0, 355, False, 4
2102,0, 355, False, 4
2103,0, 355, False, 4
2104,0, 355, False, 4
2105,0, 355, False, 0
2106,0, 355, False, 0
2107,0, 355, False, 1
2108,0, 355, False, 1
2109,0, 355, False, 1
2110,0, 355, False, 1
2111,0, 355, False, 1
2112,0, 355, False, 1
2113,0, 355, False, 1
2114,0, 355, False, 1
2115,0, 355, False, 1
2116,0, 355, False, 1
2117,0, 355, False, 1
2118,0, 355, False, 0
2119,0, 355, False, 0
2120,0, 355, False, 0
2121,0, 355, False, 0
2122,0, 355, False, 0
2123,0, 355, False, 0
2124,0, 355, False, 0
2125,0, 355, False, 0
2126,0, 355, False, 0
2127,0, 355, False, 0
2128,0, 355, False, 0
2129,0, 355, False, 0
2130,0, 355, False, 0
2131,0, 355, False, 0
2132,0, 355, False, 0
2133,0, 355, False, 0
2134,0, 355, False, 0
2135,0, 355, False, 0
2136,0, 355, False, 0
2137,0, 355, False, 0
2138,0, 355, False, 0
2139,0, 355, False, 0
2140,0, 355, False, 0
2141,0, 355, False, 0
2142,0, 355, False, 0
2143,0, 355, False, 0
2144,0, 355, False, 0
2145,0, 355, False, 0
2146,0, 355, False, 0
2147,0, 355, False, 0
2148,0, 355, False, 4
2149,0, 355, False, 4
2150,25, 380, False, 4
2151,0, 380, False, 4
2152,0, 380, False, 4
2153,0, 380, False, 4
2154,0, 380, False, 4
2155,0, 380, False, 4
2156,0, 380, False, 4
2157,0, 380, False, 4
2158,0, 380, False, 4
2159,0, 380, False, 4
2160,0, 380, False, 4
2161,0, 380, False, 4
2162,0, 380, False, 4
2163,0, 380, False, 4
2164,0, 380, False, 4
2165,0, 380, False, 4
2166,0, 380, False, 4
2167,0, 380, False, 4
2168,0, 380, False, 4
2169,0, 380, False, 4
2170,0, 380, False, 4
2171,0, 380, False, 4
2172,0, 380, False, 4
2173,0, 380, False, 4
2174,0, 380, False, 4
2175,0, 380, False, 4
2176,0, 380, False, 4
2177,0, 380, False, 4
2178,0, 380, False, 12
2179,0, 380, False, 1
2180,0, 380, False, 1
2181,0, 380, False, 1
2182,0, 380, False, 1
2183,0, 380, False, 1
2184,0, 380, False, 1
2185,0, 380, False, 1
2186,0, 380, False, 0
2187,0, 380, False, 0
2188,0, 380, False, 0
2189,0, 380, False, 0
2190,0, 380, False, 0
2191,0, 380, False, 0
2192,0, 380, False, 0
2193,0, 380, False, 0
2194,0, 380, False, 0
2195,0, 380, False, 0
2196,0, 380, False, 0
2197,0, 380, False, 0
2198,0, 380, False, 0
2199,0, 380, False, 3
2200,0, 380, False, 3
2201,0, 380, False, 3
2202,0, 380, False, 3
2203,0, 380, False, 3
2204,0, 380, False, 3
2205,0, 380, False, 3
2206,0, 380, False, 3
2207,0, 380, False, 3
2208,0, 380, False, 3
2209,0, 380, False, 3
2210,20, 400, False, 3
2211,0, 400, False, 3
2212,0, 400, False, 3
2213,0, 400, False, 3
2214,0, 400, False, 3
2215,0, 400, False, 3
2216,0, 400, False, 3
2217,0, 400, False, 3
2218,0, 400, False, 3
2219,0, 400, False, 3
2220,0, 400, False, 3
2221,0, 400, False, 3
2222,0, 400, False, 3
2223,0, 400, False, 3
2224,0, 400, False, 3
2225,0, 400, False, 3
2226,0, 400, False, 3
2227,0, 400, False, 3
2228,0, 400, False, 3
2229,0, 400, False, 3
2230,0, 400, False, 3
2231,0, 400, False, 3
2232,0, 400, False, 3
2233,0, 400, False, 3
2234,0, 400, False, 3
2235,0, 400, False, 3
2236,0, 400, False, 3
2237,0, 400, False, 3
2238,0, 400, False, 11
2239,0, 400, False, 1
2240,0, 400, False, 1
2241,0, 400, False, 1
2242,0, 400, False, 1
2243,0, 400, False, 1
2244,0, 400, False, 1
2245,0, 400, False, 1
2246,0, 400, False, 0
2247,0, 400, False, 0
2248,0, 400, False, 0
2249,0, 400, False, 0
2250,0, 400, False, 0
2251,0, 400, False, 0
2252,0, 400, False, 0
2253,0, 400, False, 0
2254,0, 400, False, 0
2255,0, 400, False, 0
2256,0, 400, False, 0
2257,0, 400, False, 0
2258,0, 400, False, 0
2259,0, 400, False, 0
2260,0, 400, False, 0
2261,0, 400, False, 0
2262,0, 400, False, 3
2263,0, 400, False, 3
2264,0, 400, False, 3
2265,0, 400, False, 3
2266,0, 400, False, 3
2267,0, 400, False, 3
2268,0, 400, False, 3
2269,0, 400, False, 3
2270,0, 400, False, 3
2271,0, 400, False, 3
2272,0, 400, False, 3
2273,0, 400, False, 3
2274,0, 400, False, 3
2275,0, 400, False, 3
2276,0, 400, False, 3
2277,0, 400, False, 3
2278,0, 400, False, 3
2279,0, 400, False, 3
2280,0, 400, False, 3
2281,0, 400, False, 3
2282,0, 400, False, 3
2283,0, 400, False, 3
2284,0, 400, False, 3
2285,0, 400, False, 3
2286,0, 400, False, 3
2287,0, 400, False, 0
2288,30, 430, False, 0
2289,0, 430, False, 0
2290,0, 430, False, 0
2291,0, 430, False, 0
2292,0, 430, False, 0
2293,0, 430, False, 0
2294,0, 430, False, 0
2295,0, 430, False, 0
2296,0, 430, False, 0
2297,0, 430, False, 0
2298,0, 430, False, 0
2299,0, 430, False, 0
2300,0, 430, False, 0
2301,0, 430, False, 0
2302,0, 430, False, 0
2303,0, 430, False, 0
2304,0, 430, False, 0
2305,0, 430, False, 0
2306,0, 430, False, 4
2307,0, 430, False, 4
2308,0, 430, False, 4
2309,0, 430, False, 4
2310,0, 430, False, 4
2311,0, 430, False, 4
2312,0, 430, False, 4
2313,0, 430, False, 4
2314,0, 430, False, 4
2315,0, 430, False, 4
2316,0, 430, False, 4
2317,0, 430, False, 4
2318,0, 430, False, 4
2319,0, 430, False, 4
2320,0, 430, False, 4
2321,0, 430, False, 4
2322,0, 430, False, 4
2323,0, 430, False, 4
2324,0, 430, False, 4
2325,0, 430, False, 4
2326,0, 430, False, 4
2327,0, 430, False, 12
2328,0, 430, False, 12
2329,0, 430, False, 1
2330,0, 430, False, 1
2331,0, 430, False, 1
2332,0, 430, False, 1
2333,0, 430, False, 1
2334,0, 430, False, 1
2335,0, 430, False, 0
2336,0, 430, False, 0
2337,0, 430, False, 0
2338,0, 430, False, 0
2339,0, 430, False, 0
2340,0, 430, False, 0
2341,0, 430, False, 0
2342,0, 430, False, 0
2343,0, 430, False, 0
2344,0, 430, False, 0
2345,0, 430, False, 0
2346,0, 430, False, 0
2347,0, 430, False, 0
2348,0, 430, False, 0
2349,0, 430, False, 0
2350,0, 430, False, 0
2351,0, 430, False, 0
2352,0, 430, False, 0
2353,0, 430, False, 0
2354,0, 430, False, 0
2355,0, 430, False, 0
2356,0, 430, False, 0
2357,0, 430, False, 0
2358,0, 430, False, 0
2359,0, 430, False, 0
2360,0, 430, False, 0
2361,0, 430, False, 0
2362,0, 430, False, 3
2363,0, 430, False, 3
2364,0, 430, False, 3
2365,0, 430, False, 3
2366,0, 430, False, 3
2367,0, 430, False, 3
2368,0, 430, False, 3
2369,0, 430, False, 3
2370,0, 430, False, 3
2371,0, 430, False, 3
2372,0, 430, False, 3
2373,0, 430, False, 3
2374,0, 430, False, 3
2375,0, 430, False, 3
2376,0, 430, False, 3
2377,0, 430, False, 0
2378,0, 430, False, 0
2379,0, 430, False, 1
2380,0, 430, False, 1
2381,0, 430, False, 1
2382,0, 430, False, 1
2383,0, 430, False, 1
2384,0, 430, False, 1
2385,0, 430, False, 1
2386,0, 430, False, 1
2387,0, 430, False, 0
2388,0, 430, False, 0
2389,0, 430, False, 0
2390,0, 430, False, 0
2391,0, 430, False, 0
2392,0, 430, False, 0
2393,0, 430, False, 0
2394,0, 430, False, 0
2395,0, 430, False, 0
2396,0, 430, False, 0
2397,0, 430, False, 0
2398,0, 430, False, 0
2399,0, 430, False, 1
2400,0, 430, False, 1
2401,0, 430, False, 1
2402,0, 430, False, 1
2403,0, 430, False, 1
2404,0, 430, False, 1
2405,0, 430, False, 1
2406,0, 430, False, 1
2407,0, 430, False, 1
2408,0, 430, False, 0
2409,0, 430, False, 0
2410,0, 430, False, 0
2411,0, 430, False, 0
2412,0, 430, False, 0
2413,0, 430, False, 0
2414,0, 430, False, 0
2415,0, 430, False, 0
2416,0, 430, False, 0
2417,0, 430, False, 0
2418,0, 430, False, 0
2419,0, 430, False, 0
2420,0, 430, False, 0
2421,0, 430, False, 0
2422,0, 430, False, 0
2423,0, 430, False, 0
2424,0, 430, False, 1
2425,0, 430, False, 1
2426,0, 430, False, 1
2427,0, 430, False, 1
2428,0, 430, False, 1
2429,0, 430, False, 1
2430,0, 430, False, 1
2431,0, 430, False, 0
2432,0, 430, False, 0
2433,0, 430, False, 0
2434,0, 430, False, 0
2435,0, 430, False, 0
2436,0, 430, False, 0
2437,0, 430, False, 0
2438,0, 430, False, 0
2439,0, 430, False, 0
2440,0, 430, False, 0
2441,0, 430, False, 0
2442,0, 430, False, 0
2443,0, 430, False, 0
2444,0, 430, False, 0
2445,0, 430, False, 0
2446,0, 430, False, 0
2447,0, 430, False, 0
2448,0, 430, False, 0
2449,0, 430, False, 0
2450,0, 430, False, 0
2451,0, 430, False, 0
2452,0, 430, False, 0
2453,0, 430, False, 0
2454,0, 430, False, 0
2455,0, 430, False, 0
2456,0, 430, False, 0
2457,0, 430, False, 0
2458,0, 430, False, 4
2459,0, 430, False, 4
2460,0, 430, False, 4
2461,0, 430, False, 4
2462,0, 430, False, 4
2463,0, 430, False, 4
2464,0, 430, False, 4
2465,0, 430, False, 4
2466,0, 430, False, 4
2467,0, 430, False, 4
2468,0, 430, False, 4
2469,0, 430, False, 4
2470,0, 430, False, 4
2471,0, 430, False, 4
2472,0, 430, False, 4
2473,0, 430, False, 4
2474,0, 430, False, 4
2475,0, 430, False, 4
2476,0, 430, False, 4
2477,0, 430, False, 4
2478,0, 430, False, 4
2479,0, 430, False, 4
2480,0, 430, False, 4
2481,0, 430, False, 4
2482,0, 430, False, 4
2483,0, 430, False, 4
2484,0, 430, False, 4
2485,0, 430, False, 4
2486,0, 430, False, 4
2487,0, 430, False, 4
2488,0, 430, False, 4
2489,0, 430, False, 4
2490,0, 430, False, 4
2491,0, 430, False, 4
2492,0, 430, False, 4
2493,0, 430, False, 4
2494,0, 430, False, 4
2495,0, 430, False, 4
2496,0, 430, False, 4
2497,0, 430, False, 4
2498,0, 430, False, 4
2499,0, 430, False, 4
2500,0, 430, False, 4
2501,0, 430, False, 4
2502,0, 430, False, 4
2503,0, 430, False, 4
2504,0, 430, False, 4
2505,0, 430, False, 4
2506,0, 430, False, 4
2507,0, 430, False, 4
2508,0, 430, False, 4
2509,0, 430, False, 4
2510,0, 430, False, 4
2511,0, 430, False, 4
2512,0, 430, False, 4
2513,0, 430, False, 4
2514,0, 430, False, 4
2515,0, 430, False, 4
2516,0, 430, False, 4
2517,0, 430, False, 4
2518,0, 430, False, 1
2519,0, 430, False, 1
2520,0, 430, False, 1
2521,0, 430, False, 1
2522,0, 430, False, 1
2523,0, 430, False, 1
2524,0, 430, False, 0
2525,0, 430, False, 0
2526,0, 430, False, 0
2527,0, 430, False, 0
2528,0, 430, False, 0
2529,0, 430, False, 0
2530,0, 430, False, 0
2531,0, 430, False, 0
2532,0, 430, False, 0
2533,0, 430, False, 0
2534,0, 430, False, 0
2535,0, 430, False, 0
2536,0, 430, False, 0
2537,0, 430, False, 0
2538,0, 430, False, 0
2539,0, 430, False, 0
2540,0, 430, False, 0
2541,0, 430, False, 0
2542,0, 430, False, 0
2543,0, 430, False, 0
2544,0, 430, False, 0
2545,0, 430, False, 0
2546,0, 430, False, 0
2547,0, 430, False, 0
2548,0, 430, False, 0
2549,0, 430, False, 0
2550,0, 430, False, 0
2551,0, 430, False, 1
2552,25, 455, False, 1
2553,0, 455, False, 1
2554,0, 455, False, 1
2555,0, 455, False, 1
2556,0, 455, False, 1
2557,0, 455, False, 0
2558,0, 455, False, 0
2559,0, 455, False, 0
2560,0, 455, False, 0
2561,0, 455, False, 0
2562,0, 455, False, 0
2563,0, 455, False, 0
2564,0, 455, False, 0
2565,0, 455, False, 0
2566,0, 455, False, 0
2567,0, 455, False, 0
2568,0, 455, False, 0
2569,0, 455, False, 0
2570,0, 455, False, 0
2571,0, 455, False, 0
2572,0, 455, False, 0
2573,0, 455, False, 3
2574,0, 455, False, 3
2575,0, 455, False, 3
2576,0, 455, False, 3
2577,0, 455, False, 3
2578,0, 455, False, 3
2579,0, 455, False, 3
2580,0, 455, False, 3
2581,0, 455, False, 3
2582,0, 455, False, 3
2583,0, 455, False, 3
2584,0, 455, False, 3
2585,0, 455, False, 3
2586,0, 455, False, 3
2587,0, 455, False, 3
2588,0, 455, False, 3
2589,0, 455, False, 3
2590,0, 455, False, 3
2591,0, 455, False, 3
2592,0, 455, False, 3
2593,0, 455, False, 3
2594,0, 455, False, 3
2595,0, 455, False, 3
2596,0, 455, False, 3
2597,0, 455, False, 3
2598,0, 455, False, 3
2599,0, 455, False, 3
2600,0, 455, False, 3
2601,0, 455, False, 3
2602,0, 455, False, 3
2603,0, 455, False, 3
2604,0, 455, False, 0
2605,0, 455, False, 0
2606,0, 455, False, 0
2607,0, 455, False, 0
2608,0, 455, False, 0
2609,0, 455, False, 0
2610,0, 455, False, 1
2611,0, 455, False, 1
2612,0, 455, False, 1
2613,0, 455, False, 1
2614,0, 455, False, 1
2615,0, 455, False, 0
2616,0, 455, False, 0
2617,0, 455, False, 0
2618,0, 455, False, 0
2619,0, 455, False, 0
2620,0, 455, False, 0
2621,0, 455, False, 0
2622,0, 455, False, 0
2623,0, 455, False, 0
2624,0, 455, False, 0
2625,0, 455, False, 0
2626,0, 455, False, 0
2627,0, 455, False, 0
2628,0, 455, False, 0
2629,0, 455, False, 0
2630,0, 455, False, 0
2631,0, 455, False, 0
2632,200, 655, False, 1
2633,0, 655, False, 1
2634,0, 655, False, 1
2635,0, 655, False, 1
2636,0, 655, False, 1
2637,0, 655, False, 0
2638,0, 655, False, 0
2639,0, 655, False, 0
2640,0, 655, False, 0
2641,0, 655, False, 0
2642,0, 655, False, 0
2643,0, 655, False, 0
2644,0, 655, False, 0
2645,0, 655, False, 0
2646,0, 655, False, 0
2647,0, 655, False, 0
2648,0, 655, False, 0
2649,0, 655, False, 0
2650,0, 655, False, 0
2651,0, 655, False, 0
2652,0, 655, False, 0
2653,0, 655, False, 0
2654,0, 655, False, 0
2655,0, 655, False, 0
2656,0, 655, False, 0
2657,0, 655, False, 0
2658,0, 655, False, 1
2659,0, 655, False, 1
2660,0, 655, False, 1
2661,0, 655, False, 1
2662,0, 655, False, 1
2663,0, 655, False, 1
2664,0, 655, False, 1
2665,0, 655, False, 0
2666,0, 655, False, 0
2667,0, 655, False, 0
2668,0, 655, False, 0
2669,0, 655, False, 0
2670,0, 655, False, 0
2671,0, 655, False, 0
2672,0, 655, False, 0
2673,0, 655, False, 0
2674,0, 655, False, 0
2675,0, 655, False, 0
2676,0, 655, False, 0
2677,0, 655, False, 0
2678,0, 655, False, 0
2679,0, 655, False, 0
2680,0, 655, False, 0
2681,0, 655, False, 0
2682,0, 655, False, 3
2683,0, 655, False, 3
2684,0, 655, False, 3
2685,0, 655, False, 3
2686,0, 655, False, 3
2687,0, 655, False, 3
2688,0, 655, False, 3
2689,0, 655, False, 3
2690,0, 655, False, 3
2691,0, 655, False, 3
2692,0, 655, False, 3
2693,0, 655, False, 3
2694,0, 655, False, 3
2695,0, 655, False, 3
2696,0, 655, False, 3
2697,0, 655, False, 3
2698,0, 655, False, 3
2699,0, 655, False, 3
2700,0, 655, False, 3
2701,0, 655, False, 3
2702,0, 655, False, 3
2703,0, 655, False, 3
2704,0, 655, False, 3
2705,0, 655, False, 3
2706,0, 655, False, 3
2707,0, 655, False, 3
2708,0, 655, False, 3
2709,0, 655, False, 3
2710,0, 655, False, 3
2711,0, 655, False, 3
2712,0, 655, False, 3
2713,0, 655, False, 3
2714,0, 655, False, 3
2715,0, 655, False, 3
2716,0, 655, False, 3
2717,0, 655, False, 3
2718,0, 655, False, 3
2719,0, 655, False, 3
2720,0, 655, False, 3
2721,0, 655, False, 3
2722,0, 655, False, 3
2723,0, 655, False, 3
2724,0, 655, False, 3
2725,0, 655, False, 3
2726,0, 655, False, 3
2727,0, 655, False, 3
2728,0, 655, False, 3
2729,0, 655, False, 3
2730,0, 655, False, 3
2731,0, 655, False, 11
2732,0, 655, False, 11
2733,0, 655, False, 11
2734,0, 655, False, 11
2735,0, 655, False, 11
2736,0, 655, False, 11
2737,0, 655, False, 11
2738,0, 655, False, 11
2739,0, 655, False, 3
2740,0, 655, False, 3
2741,0, 655, False, 3
2742,0, 655, False, 3
2743,0, 655, False, 3
2744,0, 655, False, 3
2745,0, 655, False, 3
2746,0, 655, False, 3
2747,0, 655, False, 3
2748,0, 655, False, 3
2749,0, 655, False, 3
2750,0, 655, False, 3
2751,0, 655, False, 3
2752,0, 655, False, 3
2753,0, 655, False, 3
2754,0, 655, False, 3
2755,0, 655, False, 3
2756,0, 655, False, 3
2757,0, 655, False, 3
2758,0, 655, False, 3
2759,0, 655, False, 3
2760,0, 655, False, 3
2761,0, 655, False, 3
2762,0, 655, False, 3
2763,0, 655, False, 3
2764,0, 655, False, 3
2765,0, 655, False, 3
2766,0, 655, False, 3
2767,0, 655, False, 3
2768,0, 655, False, 3
2769,0, 655, False, 3
2770,0, 655, False, 3
2771,0, 655, False, 3
2772,0, 655, False, 3
2773,0, 655, False, 3
2774,0, 655, False, 3
2775,0, 655, False, 3
2776,0, 655, False, 11
2777,0, 655, False, 11
2778,0, 655, False, 1
2779,0, 655, False, 1
2780,0, 655, False, 1
2781,0, 655, False, 1
2782,0, 655, False, 1
2783,0, 655, False, 1
2784,0, 655, False, 0
2785,0, 655, False, 0
2786,0, 655, False, 0
2787,0, 655, False, 0
2788,0, 655, False, 0
2789,0, 655, False, 0
2790,0, 655, False, 0
2791,0, 655, False, 0
2792,0, 655, False, 0
2793,0, 655, False, 0
2794,0, 655, False, 0
2795,0, 655, False, 0
2796,0, 655, False, 0
2797,0, 655, False, 0
2798,0, 655, False, 0
2799,0, 655, False, 0
2800,0, 655, False, 0
2801,0, 655, False, 0
2802,0, 655, False, 0
2803,0, 655, False, 0
2804,0, 655, False, 0
2805,0, 655, False, 0
2806,0, 655, False, 0
2807,0, 655, False, 0
2808,0, 655, False, 0
2809,0, 655, False, 1
2810,0, 655, False, 1
2811,0, 655, False, 1
2812,0, 655, False, 1
2813,0, 655, False, 1
2814,0, 655, False, 1
2815,0, 655, False, 1
2816,0, 655, False, 0
2817,0, 655, False, 0
2818,0, 655, False, 0
2819,0, 655, False, 0
2820,0, 655, False, 0
2821,0, 655, False, 0
2822,0, 655, False, 0
2823,0, 655, False, 0
2824,0, 655, False, 0
2825,0, 655, False, 0
2826,0, 655, False, 0
2827,0, 655, False, 0
2828,0, 655, False, 0
2829,0, 655, False, 0
2830,0, 655, False, 0
2831,0, 655, False, 0
2832,0, 655, False, 0
2833,0, 655, False, 0
2834,0, 655, False, 0
2835,0, 655, False, 0
2836,0, 655, False, 0
2837,0, 655, False, 1
2838,0, 655, False, 1
2839,0, 655, False, 1
2840,0, 655, False, 1
2841,0, 655, False, 1
2842,0, 655, False, 1
2843,0, 655, False, 1
2844,0, 655, False, 1
2845,0, 655, False, 1
2846,0, 655, False, 0
2847,0, 655, False, 0
2848,0, 655, False, 0
2849,0, 655, False, 0
2850,0, 655, False, 0
2851,0, 655, False, 0
2852,0, 655, False, 0
2853,0, 655, False, 0
2854,0, 655, False, 0
2855,0, 655, False, 0
2856,0, 655, False, 0
2857,0, 655, False, 0
2858,0, 655, False, 0
2859,0, 655, False, 0
2860,0, 655, False, 0
2861,0, 655, False, 0
2862,0, 655, False, 0
2863,0, 655, False, 0
2864,0, 655, False, 0
2865,0, 655, False, 0
2866,0, 655, False, 0
2867,0, 655, False, 0
2868,0, 655, False, 0
2869,0, 655, False, 4
2870,0, 655, False, 4
2871,0, 655, False, 4
2872,0, 655, False, 4
2873,0, 655, False, 4
2874,0, 655, False, 4
2875,0, 655, False, 4
2876,0, 655, False, 12
2877,0, 655, False, 12
2878,0, 655, False, 12
2879,0, 655, False, 12
2880,0, 655, False, 12
2881,0, 655, False, 12
2882,0, 655, False, 1
2883,0, 655, False, 0
2884,0, 655, False, 0
2885,0, 655, False, 0
2886,0, 655, False, 0
2887,0, 655, False, 0
2888,0, 655, False, 0
2889,0, 655, False, 0
2890,0, 655, False, 0
2891,0, 655, False, 0
2892,0, 655, False, 0
2893,0, 655, False, 0
2894,0, 655, False, 0
2895,0, 655, False, 0
2896,0, 655, False, 0
2897,0, 655, False, 0
2898,0, 655, False, 0
2899,0, 655, False, 0
2900,0, 655, False, 0
2901,0, 655, False, 0
2902,0, 655, False, 0
2903,0, 655, False, 0
2904,0, 655, False, 0
2905,0, 655, False, 0
2906,30, 685, False, 0
2907,0, 685, False, 0
2908,0, 685, False, 0
2909,0, 685, False, 0
2910,0, 685, False, 4
2911,0, 685, False, 4
2912,0, 685, False, 4
2913,0, 685, False, 4
2914,0, 685, False, 4
2915,0, 685, False, 4
2916,0, 685, False, 4
2917,0, 685, False, 4
2918,0, 685, False, 4
2919,0, 685, False, 4
2920,0, 685, False, 4
2921,0, 685, False, 4
2922,0, 685, False, 4
2923,0, 685, False, 4
2924,0, 685, False, 4
2925,0, 685, False, 4
2926,0, 685, False, 4
2927,0, 685, False, 4
2928,0, 685, False, 4
2929,0, 685, False, 4
2930,0, 685, False, 4
2931,0, 685, False, 4
2932,0, 685, False, 4
2933,0, 685, False, 4
2934,0, 685, False, 4
2935,0, 685, False, 4
2936,0, 685, False, 4
2937,0, 685, False, 4
2938,0, 685, False, 4
2939,0, 685, False, 4
2940,0, 685, False, 4
2941,0, 685, False, 4
2942,0, 685, False, 4
2943,0, 685, False, 4
2944,0, 685, False, 4
2945,0, 685, False, 4
2946,0, 685, False, 4
2947,0, 685, False, 4
2948,0, 685, False, 4
2949,0, 685, False, 4
2950,0, 685, False, 4
2951,0, 685, False, 4
2952,0, 685, False, 4
2953,0, 685, False, 4
2954,0, 685, False, 4
2955,0, 685, False, 4
2956,0, 685, False, 4
2957,0, 685, False, 4
2958,0, 685, False, 4
2959,0, 685, False, 4
2960,0, 685, False, 4
2961,0, 685, False, 4
2962,0, 685, False, 4
2963,0, 685, False, 4
2964,0, 685, False, 4
2965,0, 685, False, 4
2966,0, 685, False, 4
2967,0, 685, False, 4
2968,0, 685, False, 4
2969,0, 685, False, 4
2970,0, 685, False, 4
2971,0, 685, False, 4
2972,0, 685, False, 4
2973,0, 685, False, 4
2974,0, 685, False, 0
2975,0, 685, False, 0
2976,0, 685, False, 0
2977,0, 685, False, 0
2978,0, 685, False, 0
2979,0, 685, False, 0
2980,0, 685, False, 0
2981,0, 685, False, 3
2982,0, 685, False, 3
2983,0, 685, False, 3
2984,0, 685, False, 3
2985,0, 685, False, 11
2986,0, 685, False, 11
2987,0, 685, False, 11
2988,0, 685, False, 3
2989,0, 685, False, 3
2990,0, 685, False, 3
2991,0, 685, False, 3
2992,0, 685, False, 3
2993,0, 685, False, 3
2994,0, 685, False, 3
2995,0, 685, False, 3
2996,0, 685, False, 3
2997,0, 685, False, 3
2998,0, 685, False, 3
2999,0, 685, False, 11
3000,0, 685, False, 11
3001,0, 685, False, 1
3002,0, 685, False, 1
3003,0, 685, False, 1
3004,0, 685, False, 1
3005,0, 685, False, 0
3006,0, 685, False, 0
3007,0, 685, False, 0
3008,0, 685, False, 0
3009,0, 685, False, 0
3010,0, 685, False, 0
3011,0, 685, False, 0
3012,0, 685, False, 0
3013,0, 685, False, 0
3014,0, 685, False, 0
3015,0, 685, False, 0
3016,0, 685, False, 1
3017,0, 685, False, 1
3018,0, 685, False, 1
3019,0, 685, False, 1
3020,0, 685, False, 1
3021,0, 685, False, 1
3022,0, 685, False, 0
3023,0, 685, False, 0
3024,0, 685, False, 0
3025,0, 685, False, 0
3026,0, 685, False, 0
3027,0, 685, False, 0
3028,0, 685, False, 0
3029,0, 685, False, 0
3030,0, 685, False, 4
3031,0, 685, False, 12
3032,0, 685, False, 12
3033,0, 685, False, 12
3034,0, 685, False, 12
3035,0, 685, False, 4
3036,0, 685, False, 4
3037,0, 685, False, 4
3038,0, 685, False, 4
3039,0, 685, False, 4
3040,0, 685, False, 4
3041,0, 685, False, 4
3042,0, 685, False, 4
3043,0, 685, False, 4
3044,0, 685, False, 4
3045,0, 685, False, 4
3046,0, 685, False, 4
3047,0, 685, False, 4
3048,0, 685, False, 4
3049,0, 685, False, 4
3050,0, 685, False, 4
3051,0, 685, False, 12
3052,0, 685, False, 12
3053,0, 685, False, 12
3054,0, 685, False, 12
3055,0, 685, False, 12
3056,0, 685, False, 4
3057,0, 685, False, 0
3058,0, 685, False, 0
3059,0, 685, False, 0
3060,0, 685, False, 0
3061,0, 685, False, 0
3062,0, 685, False, 0
3063,0, 685, False, 0
3064,0, 685, False, 0
3065,0, 685, False, 0
3066,0, 685, False, 0
3067,0, 685, False, 0
3068,0, 685, False, 0
3069,0, 685, False, 0
3070,0, 685, False, 0
3071,0, 685, False, 0
3072,0, 685, False, 0
3073,0, 685, False, 0
3074,0, 685, False, 0
3075,0, 685, False, 0
3076,0, 685, False, 0
3077,0, 685, False, 1
3078,0, 685, False, 1
3079,0, 685, False, 1
3080,0, 685, False, 1
3081,0, 685, False, 1
3082,0, 685, False, 1
3083,0, 685, False, 0
3084,0, 685, False, 0
3085,0, 685, False, 0
3086,0, 685, False, 0
3087,0, 685, False, 0
3088,0, 685, False, 0
3089,0, 685, False, 0
3090,0, 685, False, 0
3091,0, 685, False, 0
3092,0, 685, False, 0
3093,0, 685, False, 0
3094,0, 685, False, 0
3095,0, 685, False, 0
3096,30, 715, False, 0
3097,0, 715, False, 0
3098,0, 715, False, 0
3099,0, 715, False, 0
3100,0, 715, False, 0
3101,0, 715, False, 0
3102,0, 715, False, 0
3103,0, 715, False, 0
3104,0, 715, False, 0
3105,0, 715, False, 0
3106,0, 715, False, 0
3107,0, 715, False, 0
3108,0, 715, False, 0
3109,0, 715, False, 4
3110,0, 715, False, 4
3111,0, 715, False, 4
3112,0, 715, False, 4
3113,0, 715, False, 4
3114,0, 715, False, 4
3115,0, 715, False, 4
3116,0, 715, False, 4
3117,0, 715, False, 4
3118,0, 715, False, 4
3119,0, 715, False, 4
3120,0, 715, False, 4
3121,0, 715, False, 4
3122,0, 715, False, 4
3123,0, 715, False, 4
3124,0, 715, False, 4
3125,0, 715, False, 4
3126,0, 715, False, 4
3127,0, 715, False, 4
3128,0, 715, False, 4
3129,0, 715, False, 4
3130,0, 715, False, 4
3131,0, 715, False, 4
3132,0, 715, False, 4
3133,0, 715, False, 4
3134,0, 715, False, 0
3135,0, 715, False, 1
3136,0, 715, False, 1
3137,0, 715, False, 1
3138,0, 715, False, 1
3139,0, 715, False, 1
3140,0, 715, False, 1
3141,0, 715, False, 0
3142,0, 715, False, 0
3143,0, 715, False, 0
3144,0, 715, False, 0
3145,0, 715, False, 0
3146,0, 715, False, 0
3147,0, 715, False, 0
3148,0, 715, False, 0
3149,0, 715, False, 0
3150,0, 715, False, 0
3151,0, 715, False, 0
3152,0, 715, False, 0
3153,0, 715, False, 0
3154,0, 715, False, 0
3155,0, 715, False, 0
3156,0, 715, False, 0
3157,0, 715, False, 0
3158,0, 715, False, 0
3159,0, 715, False, 0
3160,0, 715, False, 0
3161,0, 715, False, 0
3162,0, 715, False, 0
3163,0, 715, False, 0
3164,0, 715, False, 1
3165,0, 715, False, 1
3166,0, 715, False, 1
3167,0, 715, False, 1
3168,0, 715, False, 1
3169,0, 715, False, 1
3170,0, 715, False, 1
3171,0, 715, False, 0
3172,0, 715, False, 0
3173,0, 715, False, 0
3174,0, 715, False, 0
3175,0, 715, False, 0
3176,0, 715, False, 0
3177,0, 715, False, 0
3178,0, 715, False, 1
3179,0, 715, False, 1
3180,0, 715, False, 1
3181,0, 715, False, 1
3182,0, 715, False, 1
3183,0, 715, False, 1
3184,0, 715, False, 0
3185,0, 715, False, 0
3186,0, 715, False, 3
3187,0, 715, False, 3
3188,0, 715, False, 3
3189,0, 715, False, 3
3190,0, 715, False, 3
3191,0, 715, False, 3
3192,0, 715, False, 3
3193,0, 715, False, 3
3194,0, 715, False, 3
3195,0, 715, False, 3
3196,0, 715, False, 3
3197,0, 715, False, 3
3198,0, 715, False, 3
3199,0, 715, False, 11
3200,0, 715, False, 11
3201,0, 715, False, 11
3202,0, 715, False, 11
3203,0, 715, False, 11
3204,0, 715, False, 11
3205,0, 715, False, 11
3206,0, 715, False, 3
3207,0, 715, False, 3
3208,0, 715, False, 3
3209,0, 715, False, 3
3210,0, 715, False, 3
3211,0, 715, False, 3
3212,0, 715, False, 0
3213,0, 715, False, 0
3214,0, 715, False, 0
3215,0, 715, False, 0
3216,0, 715, False, 0
3217,0, 715, False, 0
3218,0, 715, False, 0
3219,0, 715, False, 0
3220,0, 715, False, 0
3221,0, 715, False, 0
3222,0, 715, False, 0
3223,0, 715, False, 0
3224,0, 715, False, 0
3225,0, 715, False, 0
3226,0, 715, False, 0
3227,0, 715, False, 0
3228,0, 715, False, 4
3229,0, 715, False, 4
3230,0, 715, False, 4
3231,0, 715, False, 4
3232,0, 715, False, 4
3233,0, 715, False, 4
3234,0, 715, False, 4
3235,0, 715, False, 4
3236,0, 715, False, 4
3237,0, 715, False, 4
3238,0, 715, False, 4
3239,0, 715, False, 4
3240,0, 715, False, 4
3241,0, 715, False, 4
3242,0, 715, False, 4
3243,0, 715, False, 4
3244,0, 715, False, 4
3245,0, 715, False, 4
3246,0, 715, False, 4
3247,0, 715, False, 4
3248,0, 715, False, 4
3249,0, 715, False, 4
3250,0, 715, False, 4
3251,0, 715, False, 4
3252,0, 715, False, 4
3253,0, 715, False, 4
3254,0, 715, False, 4
3255,0, 715, False, 4
3256,0, 715, False, 4
3257,0, 715, False, 4
3258,0, 715, False, 4
3259,0, 715, False, 4
3260,0, 715, False, 0
3261,0, 715, False, 0
3262,0, 715, False, 0
3263,0, 715, False, 0
3264,0, 715, False, 0
3265,0, 715, False, 0
3266,0, 715, False, 0
3267,0, 715, False, 0
3268,0, 715, False, 0
3269,0, 715, False, 0
3270,0, 715, False, 0
3271,0, 715, False, 0
3272,0, 715, False, 0
3273,0, 715, False, 3
3274,0, 715, False, 3
3275,0, 715, False, 3
3276,0, 715, False, 3
3277,0, 715, False, 3
3278,0, 715, False, 0
3279,0, 715, False, 0
3280,0, 715, False, 0
3281,0, 715, False, 0
3282,0, 715, False, 0
3283,0, 715, False, 0
3284,0, 715, False, 0
3285,0, 715, False, 0
3286,0, 715, False, 0
3287,0, 715, False, 0
3288,0, 715, False, 0
3289,0, 715, False, 0
3290,0, 715, False, 0
3291,0, 715, False, 0
3292,0, 715, False, 0
3293,0, 715, False, 0
3294,0, 715, False, 0
3295,0, 715, False, 0
3296,0, 715, False, 0
3297,0, 715, False, 0
3298,0, 715, False, 0
3299,0, 715, False, 0
3300,0, 715, False, 0
3301,0, 715, False, 0
3302,0, 715, False, 0
3303,0, 715, False, 0
3304,0, 715, False, 0
3305,0, 715, False, 0
3306,0, 715, False, 0
3307,0, 715, False, 0
3308,0, 715, False, 0
3309,0, 715, False, 0
3310,0, 715, False, 0
3311,0, 715, False, 0
3312,0, 715, False, 0
3313,0, 715, False, 0
3314,0, 715, False, 0
3315,0, 715, False, 0
3316,0, 715, False, 0
3317,0, 715, False, 0
3318,0, 715, False, 0
3319,0, 715, False, 0
3320,0, 715, False, 0
3321,0, 715, False, 0
3322,0, 715, False, 0
3323,0, 715, False, 0
3324,0, 715, True, 0
