db traj id : 3095
frame,reward,score,terminal, action
0,0, 0, False, 0
1,0, 0, False, 0
2,0, 0, False, 0
3,0, 0, False, 0
4,0, 0, False, 0
5,0, 0, False, 0
6,0, 0, False, 0
7,0, 0, False, 0
8,0, 0, False, 0
9,0, 0, False, 0
10,0, 0, False, 0
11,0, 0, False, 0
12,0, 0, False, 0
13,0, 0, False, 0
14,0, 0, False, 0
15,0, 0, False, 0
16,0, 0, False, 0
17,0, 0, False, 0
18,0, 0, False, 0
19,0, 0, False, 0
20,0, 0, False, 0
21,0, 0, False, 0
22,0, 0, False, 0
23,0, 0, False, 0
24,0, 0, False, 0
25,0, 0, False, 0
26,0, 0, False, 0
27,0, 0, False, 0
28,0, 0, False, 0
29,0, 0, False, 0
30,0, 0, False, 0
31,0, 0, False, 0
32,0, 0, False, 0
33,0, 0, False, 0
34,0, 0, False, 0
35,0, 0, False, 0
36,0, 0, False, 0
37,0, 0, False, 0
38,0, 0, False, 0
39,0, 0, False, 0
40,0, 0, False, 0
41,0, 0, False, 0
42,0, 0, False, 0
43,0, 0, False, 0
44,0, 0, False, 0
45,0, 0, False, 0
46,0, 0, False, 0
47,0, 0, False, 0
48,0, 0, False, 0
49,0, 0, False, 0
50,0, 0, False, 0
51,0, 0, False, 0
52,0, 0, False, 0
53,0, 0, False, 0
54,0, 0, False, 0
55,0, 0, False, 0
56,0, 0, False, 0
57,0, 0, False, 0
58,0, 0, False, 0
59,0, 0, False, 0
60,0, 0, False, 0
61,0, 0, False, 0
62,0, 0, False, 0
63,0, 0, False, 0
64,0, 0, False, 0
65,0, 0, False, 0
66,0, 0, False, 0
67,0, 0, False, 0
68,0, 0, False, 0
69,0, 0, False, 0
70,0, 0, False, 0
71,0, 0, False, 0
72,0, 0, False, 0
73,0, 0, False, 0
74,0, 0, False, 0
75,0, 0, False, 0
76,0, 0, False, 0
77,0, 0, False, 0
78,0, 0, False, 0
79,0, 0, False, 0
80,0, 0, False, 0
81,0, 0, False, 0
82,0, 0, False, 0
83,0, 0, False, 0
84,0, 0, False, 0
85,0, 0, False, 0
86,0, 0, False, 0
87,0, 0, False, 0
88,0, 0, False, 0
89,0, 0, False, 0
90,0, 0, False, 1
91,0, 0, False, 1
92,0, 0, False, 1
93,0, 0, False, 1
94,0, 0, False, 1
95,0, 0, False, 1
96,0, 0, False, 1
97,0, 0, False, 1
98,0, 0, False, 1
99,0, 0, False, 1
100,0, 0, False, 1
101,0, 0, False, 1
102,0, 0, False, 1
103,0, 0, False, 1
104,0, 0, False, 1
105,0, 0, False, 0
106,0, 0, False, 0
107,0, 0, False, 0
108,0, 0, False, 0
109,0, 0, False, 0
110,0, 0, False, 0
111,0, 0, False, 0
112,0, 0, False, 0
113,0, 0, False, 0
114,0, 0, False, 0
115,0, 0, False, 0
116,0, 0, False, 0
117,0, 0, False, 0
118,0, 0, False, 0
119,0, 0, False, 0
120,0, 0, False, 0
121,0, 0, False, 0
122,0, 0, False, 0
123,0, 0, False, 0
124,0, 0, False, 0
125,0, 0, False, 0
126,0, 0, False, 0
127,0, 0, False, 0
128,0, 0, False, 0
129,0, 0, False, 0
130,0, 0, False, 0
131,0, 0, False, 0
132,0, 0, False, 0
133,0, 0, False, 0
134,0, 0, False, 0
135,0, 0, False, 0
136,0, 0, False, 0
137,0, 0, False, 0
138,0, 0, False, 0
139,0, 0, False, 0
140,0, 0, False, 0
141,0, 0, False, 0
142,0, 0, False, 0
143,0, 0, False, 0
144,0, 0, False, 0
145,0, 0, False, 0
146,0, 0, False, 0
147,0, 0, False, 0
148,0, 0, False, 0
149,0, 0, False, 0
150,0, 0, False, 0
151,0, 0, False, 0
152,0, 0, False, 2
153,0, 0, False, 2
154,0, 0, False, 2
155,0, 0, False, 2
156,0, 0, False, 2
157,0, 0, False, 2
158,0, 0, False, 2
159,0, 0, False, 2
160,0, 0, False, 2
161,0, 0, False, 2
162,0, 0, False, 0
163,0, 0, False, 0
164,0, 0, False, 0
165,0, 0, False, 0
166,0, 0, False, 0
167,0, 0, False, 0
168,0, 0, False, 0
169,0, 0, False, 0
170,0, 0, False, 0
171,0, 0, False, 0
172,0, 0, False, 0
173,0, 0, False, 0
174,0, 0, False, 0
175,0, 0, False, 0
176,0, 0, False, 4
177,0, 0, False, 4
178,0, 0, False, 4
179,0, 0, False, 4
180,0, 0, False, 4
181,0, 0, False, 4
182,0, 0, False, 4
183,0, 0, False, 4
184,0, 0, False, 4
185,0, 0, False, 4
186,0, 0, False, 4
187,0, 0, False, 4
188,0, 0, False, 4
189,0, 0, False, 4
190,0, 0, False, 4
191,0, 0, False, 4
192,0, 0, False, 4
193,0, 0, False, 4
194,0, 0, False, 4
195,0, 0, False, 4
196,0, 0, False, 4
197,0, 0, False, 4
198,0, 0, False, 4
199,0, 0, False, 4
200,0, 0, False, 4
201,0, 0, False, 4
202,0, 0, False, 4
203,0, 0, False, 4
204,0, 0, False, 4
205,0, 0, False, 4
206,0, 0, False, 4
207,0, 0, False, 4
208,0, 0, False, 4
209,0, 0, False, 0
210,0, 0, False, 0
211,0, 0, False, 0
212,0, 0, False, 0
213,0, 0, False, 0
214,0, 0, False, 0
215,0, 0, False, 0
216,0, 0, False, 0
217,0, 0, False, 0
218,0, 0, False, 0
219,0, 0, False, 3
220,0, 0, False, 3
221,0, 0, False, 3
222,0, 0, False, 3
223,0, 0, False, 3
224,0, 0, False, 3
225,0, 0, False, 3
226,0, 0, False, 3
227,0, 0, False, 3
228,0, 0, False, 3
229,0, 0, False, 3
230,0, 0, False, 3
231,0, 0, False, 3
232,0, 0, False, 3
233,0, 0, False, 3
234,0, 0, False, 3
235,0, 0, False, 0
236,0, 0, False, 0
237,0, 0, False, 0
238,0, 0, False, 0
239,0, 0, False, 0
240,0, 0, False, 0
241,0, 0, False, 0
242,0, 0, False, 0
243,0, 0, False, 0
244,0, 0, False, 0
245,0, 0, False, 0
246,0, 0, False, 0
247,0, 0, False, 0
248,0, 0, False, 3
249,0, 0, False, 3
250,0, 0, False, 3
251,0, 0, False, 3
252,0, 0, False, 3
253,0, 0, False, 3
254,0, 0, False, 3
255,0, 0, False, 3
256,0, 0, False, 3
257,0, 0, False, 3
258,0, 0, False, 3
259,0, 0, False, 3
260,0, 0, False, 3
261,0, 0, False, 3
262,0, 0, False, 3
263,0, 0, False, 3
264,0, 0, False, 3
265,0, 0, False, 3
266,0, 0, False, 3
267,0, 0, False, 3
268,0, 0, False, 3
269,0, 0, False, 3
270,0, 0, False, 0
271,0, 0, False, 2
272,0, 0, False, 2
273,0, 0, False, 2
274,0, 0, False, 2
275,0, 0, False, 2
276,0, 0, False, 2
277,0, 0, False, 2
278,0, 0, False, 2
279,0, 0, False, 2
280,0, 0, False, 2
281,0, 0, False, 2
282,0, 0, False, 2
283,0, 0, False, 2
284,0, 0, False, 0
285,0, 0, False, 0
286,0, 0, False, 0
287,0, 0, False, 0
288,0, 0, False, 0
289,0, 0, False, 0
290,0, 0, False, 4
291,0, 0, False, 4
292,0, 0, False, 4
293,0, 0, False, 4
294,0, 0, False, 4
295,0, 0, False, 4
296,0, 0, False, 4
297,0, 0, False, 4
298,0, 0, False, 4
299,0, 0, False, 4
300,0, 0, False, 4
301,0, 0, False, 4
302,0, 0, False, 4
303,0, 0, False, 4
304,0, 0, False, 4
305,0, 0, False, 4
306,0, 0, False, 4
307,0, 0, False, 4
308,0, 0, False, 4
309,0, 0, False, 4
310,0, 0, False, 4
311,0, 0, False, 4
312,0, 0, False, 4
313,0, 0, False, 4
314,0, 0, False, 4
315,0, 0, False, 4
316,0, 0, False, 4
317,0, 0, False, 4
318,0, 0, False, 4
319,0, 0, False, 4
320,0, 0, False, 4
321,0, 0, False, 4
322,0, 0, False, 4
323,0, 0, False, 4
324,0, 0, False, 4
325,0, 0, False, 4
326,0, 0, False, 4
327,0, 0, False, 4
328,0, 0, False, 4
329,0, 0, False, 4
330,0, 0, False, 4
331,0, 0, False, 4
332,0, 0, False, 4
333,0, 0, False, 0
334,0, 0, False, 0
335,0, 0, False, 0
336,0, 0, False, 0
337,0, 0, False, 0
338,0, 0, False, 0
339,0, 0, False, 2
340,0, 0, False, 2
341,0, 0, False, 2
342,0, 0, False, 2
343,0, 0, False, 2
344,0, 0, False, 2
345,0, 0, False, 2
346,0, 0, False, 2
347,0, 0, False, 2
348,0, 0, False, 2
349,0, 0, False, 2
350,0, 0, False, 2
351,0, 0, False, 2
352,0, 0, False, 2
353,0, 0, False, 2
354,0, 0, False, 0
355,0, 0, False, 0
356,0, 0, False, 0
357,0, 0, False, 0
358,0, 0, False, 0
359,0, 0, False, 0
360,0, 0, False, 0
361,0, 0, False, 1
362,0, 0, False, 1
363,0, 0, False, 1
364,0, 0, False, 1
365,0, 0, False, 1
366,0, 0, False, 1
367,0, 0, False, 1
368,0, 0, False, 1
369,0, 0, False, 1
370,0, 0, False, 1
371,0, 0, False, 1
372,0, 0, False, 1
373,0, 0, False, 1
374,0, 0, False, 1
375,0, 0, False, 1
376,0, 0, False, 1
377,0, 0, False, 1
378,0, 0, False, 1
379,0, 0, False, 1
380,0, 0, False, 1
381,0, 0, False, 1
382,0, 0, False, 1
383,0, 0, False, 0
384,0, 0, False, 0
385,0, 0, False, 0
386,0, 0, False, 0
387,0, 0, False, 0
388,0, 0, False, 0
389,0, 0, False, 0
390,0, 0, False, 0
391,5, 5, False, 0
392,0, 5, False, 0
393,0, 5, False, 0
394,0, 5, False, 0
395,0, 5, False, 0
396,0, 5, False, 0
397,0, 5, False, 0
398,0, 5, False, 0
399,0, 5, False, 0
400,0, 5, False, 0
401,0, 5, False, 0
402,0, 5, False, 0
403,0, 5, False, 0
404,0, 5, False, 0
405,0, 5, False, 0
406,0, 5, False, 0
407,0, 5, False, 0
408,0, 5, False, 0
409,0, 5, False, 0
410,0, 5, False, 1
411,0, 5, False, 1
412,0, 5, False, 1
413,0, 5, False, 1
414,0, 5, False, 1
415,0, 5, False, 1
416,0, 5, False, 1
417,0, 5, False, 1
418,0, 5, False, 1
419,0, 5, False, 1
420,0, 5, False, 1
421,0, 5, False, 1
422,0, 5, False, 0
423,0, 5, False, 0
424,0, 5, False, 0
425,0, 5, False, 0
426,0, 5, False, 0
427,0, 5, False, 0
428,0, 5, False, 1
429,0, 5, False, 1
430,0, 5, False, 1
431,0, 5, False, 1
432,0, 5, False, 1
433,0, 5, False, 1
434,0, 5, False, 1
435,0, 5, False, 1
436,0, 5, False, 1
437,0, 5, False, 0
438,0, 5, False, 0
439,0, 5, False, 0
440,0, 5, False, 0
441,0, 5, False, 1
442,0, 5, False, 1
443,10, 15, False, 1
444,0, 15, False, 1
445,0, 15, False, 1
446,0, 15, False, 1
447,0, 15, False, 1
448,0, 15, False, 1
449,0, 15, False, 1
450,0, 15, False, 0
451,0, 15, False, 0
452,0, 15, False, 0
453,0, 15, False, 0
454,0, 15, False, 0
455,0, 15, False, 0
456,0, 15, False, 0
457,0, 15, False, 1
458,0, 15, False, 1
459,0, 15, False, 1
460,0, 15, False, 1
461,0, 15, False, 11
462,0, 15, False, 11
463,0, 15, False, 11
464,0, 15, False, 3
465,0, 15, False, 3
466,0, 15, False, 3
467,0, 15, False, 3
468,0, 15, False, 3
469,0, 15, False, 3
470,0, 15, False, 3
471,0, 15, False, 3
472,0, 15, False, 3
473,0, 15, False, 3
474,0, 15, False, 0
475,0, 15, False, 0
476,0, 15, False, 0
477,0, 15, False, 0
478,0, 15, False, 0
479,0, 15, False, 0
480,0, 15, False, 0
481,0, 15, False, 0
482,0, 15, False, 0
483,0, 15, False, 0
484,0, 15, False, 0
485,0, 15, False, 0
486,0, 15, False, 0
487,0, 15, False, 0
488,0, 15, False, 0
489,15, 30, False, 0
490,0, 30, False, 0
491,0, 30, False, 0
492,0, 30, False, 0
493,0, 30, False, 0
494,0, 30, False, 0
495,0, 30, False, 0
496,0, 30, False, 0
497,0, 30, False, 0
498,0, 30, False, 0
499,0, 30, False, 0
500,0, 30, False, 0
501,0, 30, False, 0
502,0, 30, False, 1
503,0, 30, False, 1
504,0, 30, False, 1
505,0, 30, False, 1
506,0, 30, False, 1
507,0, 30, False, 1
508,0, 30, False, 1
509,0, 30, False, 1
510,0, 30, False, 0
511,0, 30, False, 0
512,0, 30, False, 0
513,0, 30, False, 0
514,0, 30, False, 0
515,0, 30, False, 1
516,0, 30, False, 1
517,0, 30, False, 1
518,0, 30, False, 1
519,0, 30, False, 1
520,0, 30, False, 1
521,0, 30, False, 1
522,0, 30, False, 1
523,0, 30, False, 0
524,0, 30, False, 0
525,0, 30, False, 0
526,0, 30, False, 0
527,0, 30, False, 0
528,0, 30, False, 0
529,0, 30, False, 1
530,0, 30, False, 1
531,0, 30, False, 1
532,0, 30, False, 1
533,0, 30, False, 1
534,0, 30, False, 1
535,0, 30, False, 1
536,0, 30, False, 1
537,0, 30, False, 0
538,0, 30, False, 0
539,0, 30, False, 0
540,0, 30, False, 0
541,0, 30, False, 0
542,0, 30, False, 0
543,0, 30, False, 0
544,0, 30, False, 0
545,0, 30, False, 0
546,0, 30, False, 1
547,0, 30, False, 1
548,0, 30, False, 1
549,0, 30, False, 1
550,0, 30, False, 1
551,0, 30, False, 1
552,0, 30, False, 1
553,0, 30, False, 0
554,0, 30, False, 0
555,0, 30, False, 0
556,0, 30, False, 0
557,0, 30, False, 0
558,0, 30, False, 1
559,0, 30, False, 1
560,0, 30, False, 1
561,0, 30, False, 11
562,0, 30, False, 11
563,0, 30, False, 11
564,0, 30, False, 11
565,0, 30, False, 11
566,0, 30, False, 11
567,0, 30, False, 3
568,0, 30, False, 3
569,0, 30, False, 3
570,0, 30, False, 3
571,0, 30, False, 3
572,0, 30, False, 3
573,0, 30, False, 3
574,0, 30, False, 3
575,0, 30, False, 3
576,0, 30, False, 3
577,0, 30, False, 3
578,0, 30, False, 3
579,0, 30, False, 3
580,0, 30, False, 3
581,0, 30, False, 3
582,0, 30, False, 3
583,0, 30, False, 3
584,0, 30, False, 3
585,0, 30, False, 3
586,0, 30, False, 3
587,0, 30, False, 3
588,0, 30, False, 3
589,0, 30, False, 3
590,0, 30, False, 3
591,0, 30, False, 3
592,0, 30, False, 3
593,0, 30, False, 3
594,0, 30, False, 11
595,0, 30, False, 11
596,0, 30, False, 11
597,0, 30, False, 1
598,0, 30, False, 1
599,0, 30, False, 1
600,0, 30, False, 1
601,0, 30, False, 1
602,0, 30, False, 1
603,0, 30, False, 0
604,0, 30, False, 0
605,0, 30, False, 0
606,0, 30, False, 1
607,0, 30, False, 1
608,0, 30, False, 1
609,0, 30, False, 1
610,0, 30, False, 1
611,0, 30, False, 1
612,0, 30, False, 1
613,0, 30, False, 1
614,0, 30, False, 0
615,0, 30, False, 0
616,0, 30, False, 0
617,0, 30, False, 0
618,0, 30, False, 0
619,0, 30, False, 1
620,0, 30, False, 1
621,0, 30, False, 1
622,0, 30, False, 1
623,0, 30, False, 1
624,0, 30, False, 1
625,0, 30, False, 1
626,0, 30, False, 1
627,0, 30, False, 0
628,0, 30, False, 0
629,0, 30, False, 0
630,0, 30, False, 0
631,0, 30, False, 0
632,0, 30, False, 1
633,0, 30, False, 1
634,0, 30, False, 1
635,0, 30, False, 1
636,0, 30, False, 1
637,0, 30, False, 1
638,0, 30, False, 0
639,0, 30, False, 0
640,0, 30, False, 0
641,0, 30, False, 0
642,0, 30, False, 0
643,0, 30, False, 1
644,0, 30, False, 1
645,0, 30, False, 1
646,0, 30, False, 1
647,20, 50, False, 1
648,0, 50, False, 1
649,0, 50, False, 1
650,0, 50, False, 0
651,0, 50, False, 0
652,0, 50, False, 0
653,0, 50, False, 0
654,0, 50, False, 0
655,0, 50, False, 0
656,0, 50, False, 0
657,0, 50, False, 1
658,0, 50, False, 1
659,0, 50, False, 1
660,0, 50, False, 1
661,0, 50, False, 1
662,0, 50, False, 1
663,0, 50, False, 1
664,0, 50, False, 1
665,0, 50, False, 1
666,0, 50, False, 0
667,0, 50, False, 0
668,0, 50, False, 0
669,0, 50, False, 0
670,0, 50, False, 1
671,0, 50, False, 1
672,0, 50, False, 1
673,0, 50, False, 1
674,0, 50, False, 1
675,0, 50, False, 1
676,0, 50, False, 0
677,0, 50, False, 0
678,0, 50, False, 0
679,0, 50, False, 0
680,0, 50, False, 0
681,10, 60, False, 1
682,0, 60, False, 1
683,0, 60, False, 1
684,0, 60, False, 1
685,0, 60, False, 1
686,0, 60, False, 1
687,0, 60, False, 0
688,0, 60, False, 0
689,0, 60, False, 0
690,0, 60, False, 0
691,0, 60, False, 1
692,0, 60, False, 1
693,0, 60, False, 1
694,0, 60, False, 1
695,0, 60, False, 1
696,0, 60, False, 1
697,0, 60, False, 1
698,0, 60, False, 1
699,0, 60, False, 0
700,0, 60, False, 0
701,0, 60, False, 0
702,0, 60, False, 0
703,0, 60, False, 4
704,0, 60, False, 4
705,0, 60, False, 4
706,0, 60, False, 4
707,0, 60, False, 4
708,0, 60, False, 4
709,5, 65, False, 4
710,0, 65, False, 4
711,0, 65, False, 4
712,0, 65, False, 4
713,0, 65, False, 4
714,0, 65, False, 4
715,0, 65, False, 4
716,0, 65, False, 4
717,0, 65, False, 4
718,0, 65, False, 4
719,0, 65, False, 4
720,0, 65, False, 4
721,0, 65, False, 4
722,0, 65, False, 4
723,0, 65, False, 4
724,0, 65, False, 4
725,0, 65, False, 4
726,0, 65, False, 4
727,0, 65, False, 4
728,0, 65, False, 4
729,0, 65, False, 4
730,0, 65, False, 4
731,0, 65, False, 4
732,0, 65, False, 4
733,0, 65, False, 4
734,0, 65, False, 4
735,0, 65, False, 4
736,0, 65, False, 4
737,0, 65, False, 4
738,0, 65, False, 4
739,0, 65, False, 4
740,0, 65, False, 4
741,0, 65, False, 4
742,0, 65, False, 4
743,0, 65, False, 4
744,0, 65, False, 0
745,0, 65, False, 0
746,0, 65, False, 0
747,0, 65, False, 0
748,0, 65, False, 0
749,0, 65, False, 0
750,0, 65, False, 0
751,0, 65, False, 0
752,0, 65, False, 0
753,0, 65, False, 0
754,0, 65, False, 0
755,0, 65, False, 3
756,0, 65, False, 3
757,0, 65, False, 3
758,0, 65, False, 3
759,0, 65, False, 3
760,0, 65, False, 3
761,0, 65, False, 3
762,0, 65, False, 3
763,0, 65, False, 3
764,0, 65, False, 3
765,0, 65, False, 3
766,0, 65, False, 3
767,0, 65, False, 3
768,0, 65, False, 3
769,0, 65, False, 3
770,0, 65, False, 3
771,0, 65, False, 3
772,0, 65, False, 3
773,0, 65, False, 3
774,0, 65, False, 3
775,0, 65, False, 3
776,0, 65, False, 3
777,0, 65, False, 3
778,0, 65, False, 3
779,0, 65, False, 3
780,0, 65, False, 3
781,0, 65, False, 3
782,0, 65, False, 3
783,0, 65, False, 3
784,0, 65, False, 3
785,0, 65, False, 3
786,0, 65, False, 3
787,0, 65, False, 3
788,0, 65, False, 3
789,0, 65, False, 3
790,0, 65, False, 3
791,0, 65, False, 3
792,0, 65, False, 3
793,0, 65, False, 3
794,0, 65, False, 3
795,0, 65, False, 3
796,0, 65, False, 3
797,0, 65, False, 3
798,0, 65, False, 3
799,0, 65, False, 3
800,0, 65, False, 3
801,0, 65, False, 3
802,0, 65, False, 3
803,0, 65, False, 3
804,0, 65, False, 3
805,0, 65, False, 0
806,0, 65, False, 0
807,0, 65, False, 0
808,0, 65, False, 0
809,0, 65, False, 0
810,0, 65, False, 0
811,0, 65, False, 0
812,0, 65, False, 0
813,0, 65, False, 1
814,0, 65, False, 1
815,0, 65, False, 1
816,0, 65, False, 1
817,0, 65, False, 1
818,0, 65, False, 1
819,0, 65, False, 1
820,0, 65, False, 1
821,0, 65, False, 0
822,0, 65, False, 0
823,0, 65, False, 0
824,0, 65, False, 0
825,0, 65, False, 1
826,0, 65, False, 1
827,0, 65, False, 1
828,0, 65, False, 1
829,0, 65, False, 1
830,0, 65, False, 1
831,0, 65, False, 1
832,0, 65, False, 1
833,0, 65, False, 0
834,0, 65, False, 0
835,0, 65, False, 0
836,0, 65, False, 0
837,0, 65, False, 0
838,0, 65, False, 1
839,0, 65, False, 1
840,0, 65, False, 1
841,0, 65, False, 1
842,0, 65, False, 1
843,0, 65, False, 1
844,0, 65, False, 1
845,0, 65, False, 0
846,0, 65, False, 0
847,0, 65, False, 0
848,0, 65, False, 0
849,0, 65, False, 0
850,0, 65, False, 1
851,0, 65, False, 1
852,0, 65, False, 1
853,0, 65, False, 1
854,0, 65, False, 1
855,0, 65, False, 1
856,0, 65, False, 1
857,15, 80, False, 0
858,0, 80, False, 0
859,0, 80, False, 0
860,0, 80, False, 0
861,0, 80, False, 0
862,0, 80, False, 1
863,0, 80, False, 1
864,0, 80, False, 1
865,0, 80, False, 1
866,0, 80, False, 1
867,0, 80, False, 1
868,0, 80, False, 0
869,0, 80, False, 0
870,0, 80, False, 0
871,0, 80, False, 0
872,0, 80, False, 1
873,0, 80, False, 1
874,0, 80, False, 1
875,0, 80, False, 1
876,0, 80, False, 1
877,0, 80, False, 1
878,0, 80, False, 1
879,0, 80, False, 0
880,0, 80, False, 0
881,0, 80, False, 0
882,0, 80, False, 0
883,0, 80, False, 0
884,0, 80, False, 1
885,0, 80, False, 1
886,0, 80, False, 1
887,0, 80, False, 1
888,0, 80, False, 11
889,0, 80, False, 11
890,0, 80, False, 11
891,0, 80, False, 11
892,0, 80, False, 3
893,0, 80, False, 3
894,0, 80, False, 3
895,0, 80, False, 3
896,0, 80, False, 3
897,0, 80, False, 11
898,0, 80, False, 11
899,0, 80, False, 11
900,0, 80, False, 11
901,0, 80, False, 11
902,0, 80, False, 11
903,0, 80, False, 11
904,0, 80, False, 11
905,0, 80, False, 11
906,0, 80, False, 3
907,0, 80, False, 3
908,0, 80, False, 3
909,0, 80, False, 3
910,0, 80, False, 11
911,0, 80, False, 11
912,0, 80, False, 11
913,0, 80, False, 11
914,0, 80, False, 11
915,0, 80, False, 11
916,0, 80, False, 11
917,0, 80, False, 11
918,0, 80, False, 11
919,0, 80, False, 3
920,0, 80, False, 3
921,0, 80, False, 3
922,0, 80, False, 3
923,25, 105, False, 11
924,0, 105, False, 11
925,0, 105, False, 11
926,0, 105, False, 11
927,0, 105, False, 11
928,0, 105, False, 11
929,0, 105, False, 11
930,0, 105, False, 11
931,0, 105, False, 3
932,0, 105, False, 3
933,0, 105, False, 3
934,0, 105, False, 3
935,0, 105, False, 11
936,0, 105, False, 11
937,0, 105, False, 11
938,0, 105, False, 11
939,0, 105, False, 11
940,0, 105, False, 11
941,0, 105, False, 11
942,0, 105, False, 3
943,0, 105, False, 3
944,0, 105, False, 3
945,0, 105, False, 3
946,0, 105, False, 11
947,0, 105, False, 11
948,0, 105, False, 11
949,5, 110, False, 11
950,0, 110, False, 11
951,0, 110, False, 11
952,0, 110, False, 11
953,0, 110, False, 3
954,0, 110, False, 3
955,0, 110, False, 3
956,0, 110, False, 3
957,0, 110, False, 3
958,0, 110, False, 11
959,0, 110, False, 11
960,0, 110, False, 11
961,0, 110, False, 11
962,0, 110, False, 11
963,0, 110, False, 11
964,0, 110, False, 11
965,0, 110, False, 3
966,0, 110, False, 3
967,0, 110, False, 3
968,0, 110, False, 3
969,0, 110, False, 3
970,0, 110, False, 3
971,5, 115, False, 0
972,0, 115, False, 0
973,0, 115, False, 0
974,0, 115, False, 0
975,0, 115, False, 0
976,0, 115, False, 0
977,0, 115, False, 0
978,0, 115, False, 0
979,0, 115, False, 0
980,0, 115, False, 0
981,0, 115, False, 0
982,0, 115, False, 0
983,0, 115, False, 0
984,0, 115, False, 0
985,0, 115, False, 0
986,0, 115, False, 0
987,0, 115, False, 1
988,0, 115, False, 1
989,0, 115, False, 1
990,0, 115, False, 1
991,0, 115, False, 1
992,0, 115, False, 1
993,0, 115, False, 1
994,0, 115, False, 1
995,0, 115, False, 0
996,0, 115, False, 4
997,0, 115, False, 4
998,0, 115, False, 4
999,0, 115, False, 4
1000,0, 115, False, 4
1001,0, 115, False, 4
1002,0, 115, False, 12
1003,0, 115, False, 12
1004,0, 115, False, 12
1005,0, 115, False, 12
1006,0, 115, False, 12
1007,0, 115, False, 12
1008,0, 115, False, 12
1009,0, 115, False, 12
1010,0, 115, False, 12
1011,0, 115, False, 4
1012,0, 115, False, 4
1013,0, 115, False, 4
1014,0, 115, False, 4
1015,0, 115, False, 12
1016,0, 115, False, 12
1017,0, 115, False, 12
1018,0, 115, False, 12
1019,0, 115, False, 12
1020,0, 115, False, 12
1021,0, 115, False, 12
1022,0, 115, False, 12
1023,0, 115, False, 4
1024,0, 115, False, 4
1025,0, 115, False, 4
1026,0, 115, False, 4
1027,0, 115, False, 4
1028,0, 115, False, 4
1029,0, 115, False, 4
1030,0, 115, False, 4
1031,0, 115, False, 12
1032,0, 115, False, 12
1033,0, 115, False, 12
1034,0, 115, False, 12
1035,0, 115, False, 12
1036,0, 115, False, 12
1037,0, 115, False, 12
1038,0, 115, False, 12
1039,0, 115, False, 12
1040,0, 115, False, 4
1041,0, 115, False, 4
1042,0, 115, False, 4
1043,0, 115, False, 4
1044,0, 115, False, 4
1045,0, 115, False, 12
1046,0, 115, False, 12
1047,0, 115, False, 12
1048,0, 115, False, 12
1049,0, 115, False, 12
1050,0, 115, False, 12
1051,0, 115, False, 12
1052,0, 115, False, 4
1053,0, 115, False, 4
1054,0, 115, False, 4
1055,0, 115, False, 4
1056,0, 115, False, 12
1057,0, 115, False, 12
1058,0, 115, False, 12
1059,0, 115, False, 12
1060,0, 115, False, 12
1061,0, 115, False, 12
1062,0, 115, False, 12
1063,0, 115, False, 12
1064,0, 115, False, 12
1065,0, 115, False, 12
1066,0, 115, False, 12
1067,0, 115, False, 4
1068,0, 115, False, 4
1069,0, 115, False, 4
1070,0, 115, False, 12
1071,0, 115, False, 12
1072,0, 115, False, 12
1073,0, 115, False, 12
1074,0, 115, False, 12
1075,0, 115, False, 12
1076,0, 115, False, 12
1077,0, 115, False, 12
1078,0, 115, False, 12
1079,0, 115, False, 4
1080,0, 115, False, 4
1081,0, 115, False, 4
1082,0, 115, False, 4
1083,0, 115, False, 4
1084,0, 115, False, 4
1085,0, 115, False, 4
1086,0, 115, False, 4
1087,0, 115, False, 4
1088,0, 115, False, 4
1089,0, 115, False, 4
1090,0, 115, False, 4
1091,0, 115, False, 4
1092,0, 115, False, 4
1093,0, 115, False, 0
1094,0, 115, False, 0
1095,0, 115, False, 0
1096,0, 115, False, 0
1097,0, 115, False, 0
1098,0, 115, False, 0
1099,0, 115, False, 0
1100,0, 115, False, 0
1101,0, 115, False, 0
1102,0, 115, False, 0
1103,0, 115, False, 0
1104,0, 115, False, 0
1105,0, 115, False, 0
1106,0, 115, False, 0
1107,0, 115, False, 0
1108,0, 115, False, 0
1109,0, 115, False, 0
1110,0, 115, False, 0
1111,0, 115, False, 0
1112,0, 115, False, 0
1113,0, 115, False, 0
1114,0, 115, False, 0
1115,0, 115, False, 0
1116,0, 115, False, 0
1117,0, 115, False, 0
1118,0, 115, False, 0
1119,0, 115, False, 0
1120,0, 115, False, 0
1121,0, 115, False, 0
1122,0, 115, False, 0
1123,0, 115, False, 0
1124,0, 115, False, 0
1125,0, 115, False, 0
1126,0, 115, False, 0
1127,0, 115, False, 0
1128,0, 115, False, 0
1129,0, 115, False, 0
1130,0, 115, False, 0
1131,0, 115, False, 0
1132,0, 115, False, 0
1133,0, 115, False, 0
1134,0, 115, False, 0
1135,0, 115, False, 0
1136,0, 115, False, 0
1137,0, 115, False, 0
1138,0, 115, False, 0
1139,0, 115, False, 0
1140,0, 115, False, 0
1141,0, 115, False, 0
1142,0, 115, False, 0
1143,0, 115, False, 0
1144,0, 115, False, 0
1145,0, 115, False, 0
1146,0, 115, False, 0
1147,0, 115, False, 0
1148,0, 115, False, 0
1149,0, 115, False, 0
1150,0, 115, False, 0
1151,0, 115, False, 0
1152,0, 115, False, 0
1153,0, 115, False, 0
1154,0, 115, False, 0
1155,0, 115, False, 0
1156,0, 115, False, 0
1157,0, 115, False, 0
1158,0, 115, False, 0
1159,0, 115, False, 0
1160,0, 115, False, 0
1161,0, 115, False, 0
1162,0, 115, False, 0
1163,0, 115, False, 0
1164,0, 115, False, 0
1165,0, 115, False, 0
1166,0, 115, False, 0
1167,0, 115, False, 0
1168,0, 115, False, 0
1169,0, 115, False, 0
1170,0, 115, False, 0
1171,0, 115, False, 0
1172,0, 115, False, 0
1173,0, 115, False, 0
1174,0, 115, False, 0
1175,0, 115, False, 0
1176,0, 115, False, 0
1177,0, 115, False, 0
1178,0, 115, False, 0
1179,0, 115, False, 0
1180,0, 115, False, 0
1181,0, 115, False, 0
1182,0, 115, False, 0
1183,0, 115, False, 0
1184,0, 115, False, 0
1185,0, 115, False, 0
1186,0, 115, False, 0
1187,0, 115, False, 0
1188,0, 115, False, 0
1189,0, 115, False, 0
1190,0, 115, False, 0
1191,0, 115, False, 0
1192,0, 115, False, 3
1193,0, 115, False, 3
1194,0, 115, False, 3
1195,0, 115, False, 3
1196,0, 115, False, 3
1197,0, 115, False, 3
1198,0, 115, False, 3
1199,0, 115, False, 3
1200,0, 115, False, 3
1201,0, 115, False, 3
1202,0, 115, False, 3
1203,0, 115, False, 3
1204,0, 115, False, 3
1205,0, 115, False, 3
1206,0, 115, False, 3
1207,0, 115, False, 3
1208,0, 115, False, 3
1209,0, 115, False, 3
1210,0, 115, False, 3
1211,0, 115, False, 3
1212,0, 115, False, 3
1213,0, 115, False, 3
1214,0, 115, False, 3
1215,0, 115, False, 3
1216,0, 115, False, 3
1217,0, 115, False, 3
1218,0, 115, False, 3
1219,0, 115, False, 3
1220,0, 115, False, 3
1221,0, 115, False, 3
1222,0, 115, False, 3
1223,0, 115, False, 3
1224,0, 115, False, 3
1225,0, 115, False, 3
1226,0, 115, False, 3
1227,0, 115, False, 3
1228,0, 115, False, 3
1229,0, 115, False, 3
1230,0, 115, False, 3
1231,0, 115, False, 3
1232,0, 115, False, 3
1233,0, 115, False, 3
1234,0, 115, False, 3
1235,0, 115, False, 3
1236,0, 115, False, 3
1237,0, 115, False, 3
1238,0, 115, False, 3
1239,0, 115, False, 3
1240,0, 115, False, 3
1241,0, 115, False, 3
1242,0, 115, False, 3
1243,0, 115, False, 3
1244,0, 115, False, 3
1245,0, 115, False, 0
1246,0, 115, False, 3
1247,0, 115, False, 3
1248,0, 115, False, 3
1249,0, 115, False, 3
1250,0, 115, False, 3
1251,0, 115, False, 3
1252,0, 115, False, 3
1253,0, 115, False, 3
1254,0, 115, False, 3
1255,0, 115, False, 3
1256,0, 115, False, 3
1257,0, 115, False, 3
1258,0, 115, False, 3
1259,0, 115, False, 3
1260,0, 115, False, 0
1261,0, 115, False, 0
1262,0, 115, False, 0
1263,0, 115, False, 0
1264,0, 115, False, 0
1265,0, 115, False, 0
1266,0, 115, False, 0
1267,0, 115, False, 0
1268,0, 115, False, 0
1269,0, 115, False, 1
1270,0, 115, False, 1
1271,0, 115, False, 1
1272,0, 115, False, 1
1273,0, 115, False, 1
1274,0, 115, False, 1
1275,0, 115, False, 1
1276,0, 115, False, 1
1277,0, 115, False, 0
1278,0, 115, False, 0
1279,0, 115, False, 0
1280,0, 115, False, 0
1281,0, 115, False, 1
1282,0, 115, False, 1
1283,0, 115, False, 1
1284,0, 115, False, 1
1285,0, 115, False, 1
1286,0, 115, False, 1
1287,0, 115, False, 1
1288,0, 115, False, 0
1289,0, 115, False, 0
1290,0, 115, False, 0
1291,0, 115, False, 0
1292,0, 115, False, 0
1293,0, 115, False, 1
1294,0, 115, False, 1
1295,0, 115, False, 1
1296,0, 115, False, 1
1297,0, 115, False, 1
1298,0, 115, False, 1
1299,0, 115, False, 0
1300,0, 115, False, 0
1301,0, 115, False, 0
1302,0, 115, False, 0
1303,0, 115, False, 0
1304,0, 115, False, 0
1305,0, 115, False, 1
1306,0, 115, False, 1
1307,0, 115, False, 1
1308,0, 115, False, 1
1309,0, 115, False, 1
1310,0, 115, False, 1
1311,0, 115, False, 1
1312,0, 115, False, 1
1313,0, 115, False, 0
1314,0, 115, False, 0
1315,0, 115, False, 0
1316,0, 115, False, 0
1317,0, 115, False, 1
1318,0, 115, False, 1
1319,0, 115, False, 1
1320,0, 115, False, 1
1321,0, 115, False, 1
1322,0, 115, False, 1
1323,0, 115, False, 1
1324,0, 115, False, 0
1325,0, 115, False, 0
1326,0, 115, False, 0
1327,0, 115, False, 0
1328,0, 115, False, 1
1329,0, 115, False, 1
1330,0, 115, False, 1
1331,0, 115, False, 1
1332,0, 115, False, 1
1333,0, 115, False, 1
1334,0, 115, False, 11
1335,0, 115, False, 3
1336,0, 115, False, 3
1337,0, 115, False, 3
1338,0, 115, False, 3
1339,0, 115, False, 3
1340,0, 115, False, 3
1341,0, 115, False, 3
1342,0, 115, False, 3
1343,0, 115, False, 3
1344,0, 115, False, 3
1345,0, 115, False, 3
1346,0, 115, False, 3
1347,0, 115, False, 3
1348,0, 115, False, 3
1349,0, 115, False, 3
1350,0, 115, False, 3
1351,0, 115, False, 3
1352,0, 115, False, 3
1353,0, 115, False, 3
1354,0, 115, False, 3
1355,0, 115, False, 3
1356,0, 115, False, 3
1357,0, 115, False, 3
1358,0, 115, False, 3
1359,0, 115, False, 3
1360,0, 115, False, 3
1361,0, 115, False, 3
1362,0, 115, False, 3
1363,0, 115, False, 3
1364,0, 115, False, 3
1365,0, 115, False, 3
1366,0, 115, False, 3
1367,0, 115, False, 3
1368,0, 115, False, 3
1369,0, 115, False, 3
1370,0, 115, False, 3
1371,0, 115, False, 3
1372,0, 115, False, 3
1373,0, 115, False, 3
1374,0, 115, False, 3
1375,0, 115, False, 3
1376,0, 115, False, 3
1377,0, 115, False, 3
1378,0, 115, False, 3
1379,0, 115, False, 3
1380,0, 115, False, 3
1381,0, 115, False, 3
1382,0, 115, False, 3
1383,0, 115, False, 3
1384,0, 115, False, 3
1385,0, 115, False, 3
1386,0, 115, False, 3
1387,0, 115, False, 3
1388,0, 115, False, 3
1389,0, 115, False, 3
1390,0, 115, False, 3
1391,0, 115, False, 3
1392,0, 115, False, 3
1393,0, 115, False, 3
1394,0, 115, False, 3
1395,0, 115, False, 3
1396,0, 115, False, 3
1397,0, 115, False, 3
1398,0, 115, False, 3
1399,0, 115, False, 3
1400,0, 115, False, 3
1401,0, 115, False, 3
1402,0, 115, False, 3
1403,0, 115, False, 3
1404,0, 115, False, 3
1405,0, 115, False, 3
1406,0, 115, False, 3
1407,0, 115, False, 3
1408,0, 115, False, 3
1409,0, 115, False, 3
1410,0, 115, False, 3
1411,0, 115, False, 3
1412,0, 115, False, 3
1413,0, 115, False, 3
1414,0, 115, False, 3
1415,0, 115, False, 3
1416,0, 115, False, 3
1417,0, 115, False, 3
1418,0, 115, False, 3
1419,0, 115, False, 0
1420,0, 115, False, 0
1421,0, 115, False, 0
1422,0, 115, False, 0
1423,0, 115, False, 0
1424,0, 115, False, 1
1425,0, 115, False, 1
1426,0, 115, False, 1
1427,0, 115, False, 1
1428,0, 115, False, 1
1429,0, 115, False, 1
1430,0, 115, False, 1
1431,0, 115, False, 0
1432,0, 115, False, 0
1433,0, 115, False, 0
1434,0, 115, False, 0
1435,0, 115, False, 1
1436,0, 115, False, 1
1437,0, 115, False, 1
1438,0, 115, False, 1
1439,0, 115, False, 1
1440,0, 115, False, 1
1441,0, 115, False, 1
1442,0, 115, False, 1
1443,0, 115, False, 0
1444,0, 115, False, 0
1445,0, 115, False, 0
1446,0, 115, False, 0
1447,0, 115, False, 1
1448,0, 115, False, 1
1449,0, 115, False, 1
1450,0, 115, False, 1
1451,0, 115, False, 1
1452,0, 115, False, 1
1453,10, 125, False, 1
1454,0, 125, False, 0
1455,0, 125, False, 0
1456,0, 125, False, 0
1457,0, 125, False, 0
1458,0, 125, False, 0
1459,0, 125, False, 0
1460,0, 125, False, 1
1461,0, 125, False, 1
1462,0, 125, False, 1
1463,0, 125, False, 1
1464,0, 125, False, 1
1465,0, 125, False, 0
1466,0, 125, False, 0
1467,0, 125, False, 0
1468,0, 125, False, 0
1469,0, 125, False, 0
1470,0, 125, False, 1
1471,0, 125, False, 1
1472,0, 125, False, 1
1473,0, 125, False, 1
1474,0, 125, False, 1
1475,0, 125, False, 1
1476,0, 125, False, 1
1477,0, 125, False, 0
1478,0, 125, False, 0
1479,0, 125, False, 0
1480,0, 125, False, 1
1481,0, 125, False, 1
1482,0, 125, False, 1
1483,0, 125, False, 1
1484,0, 125, False, 1
1485,0, 125, False, 1
1486,0, 125, False, 1
1487,0, 125, False, 1
1488,0, 125, False, 1
1489,0, 125, False, 0
1490,0, 125, False, 0
1491,0, 125, False, 0
1492,0, 125, False, 1
1493,0, 125, False, 1
1494,0, 125, False, 1
1495,0, 125, False, 1
1496,0, 125, False, 1
1497,0, 125, False, 1
1498,0, 125, False, 1
1499,0, 125, False, 1
1500,0, 125, False, 1
1501,0, 125, False, 0
1502,0, 125, False, 0
1503,0, 125, False, 0
1504,0, 125, False, 0
1505,0, 125, False, 1
1506,0, 125, False, 1
1507,0, 125, False, 1
1508,0, 125, False, 1
1509,0, 125, False, 1
1510,0, 125, False, 1
1511,0, 125, False, 1
1512,0, 125, False, 0
1513,0, 125, False, 0
1514,0, 125, False, 0
1515,0, 125, False, 0
1516,0, 125, False, 0
1517,0, 125, False, 0
1518,0, 125, False, 0
1519,0, 125, False, 4
1520,0, 125, False, 4
1521,0, 125, False, 12
1522,0, 125, False, 12
1523,0, 125, False, 12
1524,0, 125, False, 12
1525,0, 125, False, 12
1526,0, 125, False, 12
1527,0, 125, False, 12
1528,0, 125, False, 4
1529,0, 125, False, 4
1530,0, 125, False, 4
1531,0, 125, False, 4
1532,0, 125, False, 4
1533,0, 125, False, 4
1534,0, 125, False, 0
1535,0, 125, False, 0
1536,0, 125, False, 1
1537,0, 125, False, 1
1538,0, 125, False, 1
1539,0, 125, False, 1
1540,0, 125, False, 1
1541,0, 125, False, 1
1542,0, 125, False, 1
1543,0, 125, False, 1
1544,0, 125, False, 1
1545,0, 125, False, 0
1546,0, 125, False, 0
1547,0, 125, False, 0
1548,0, 125, False, 1
1549,0, 125, False, 1
1550,0, 125, False, 1
1551,0, 125, False, 1
1552,0, 125, False, 1
1553,0, 125, False, 1
1554,0, 125, False, 1
1555,0, 125, False, 1
1556,0, 125, False, 0
1557,0, 125, False, 0
1558,0, 125, False, 0
1559,0, 125, False, 0
1560,0, 125, False, 1
1561,0, 125, False, 1
1562,0, 125, False, 1
1563,0, 125, False, 1
1564,0, 125, False, 1
1565,0, 125, False, 1
1566,0, 125, False, 1
1567,0, 125, False, 1
1568,0, 125, False, 0
1569,0, 125, False, 0
1570,0, 125, False, 0
1571,0, 125, False, 1
1572,0, 125, False, 1
1573,0, 125, False, 1
1574,0, 125, False, 1
1575,0, 125, False, 1
1576,0, 125, False, 1
1577,0, 125, False, 1
1578,0, 125, False, 1
1579,0, 125, False, 1
1580,0, 125, False, 0
1581,0, 125, False, 0
1582,0, 125, False, 0
1583,15, 140, False, 1
1584,0, 140, False, 12
1585,0, 140, False, 12
1586,0, 140, False, 12
1587,0, 140, False, 4
1588,0, 140, False, 4
1589,0, 140, False, 4
1590,0, 140, False, 4
1591,0, 140, False, 4
1592,0, 140, False, 4
1593,0, 140, False, 4
1594,0, 140, False, 4
1595,0, 140, False, 4
1596,0, 140, False, 4
1597,0, 140, False, 4
1598,0, 140, False, 4
1599,0, 140, False, 4
1600,0, 140, False, 4
1601,0, 140, False, 4
1602,0, 140, False, 4
1603,0, 140, False, 4
1604,0, 140, False, 4
1605,0, 140, False, 4
1606,0, 140, False, 4
1607,0, 140, False, 4
1608,0, 140, False, 4
1609,0, 140, False, 4
1610,0, 140, False, 4
1611,0, 140, False, 4
1612,0, 140, False, 4
1613,0, 140, False, 4
1614,0, 140, False, 4
1615,0, 140, False, 4
1616,0, 140, False, 12
1617,0, 140, False, 12
1618,0, 140, False, 12
1619,0, 140, False, 1
1620,0, 140, False, 1
1621,0, 140, False, 1
1622,0, 140, False, 1
1623,0, 140, False, 0
1624,0, 140, False, 0
1625,0, 140, False, 0
1626,0, 140, False, 0
1627,0, 140, False, 1
1628,0, 140, False, 1
1629,0, 140, False, 1
1630,0, 140, False, 1
1631,20, 160, False, 1
1632,0, 160, False, 1
1633,0, 160, False, 1
1634,0, 160, False, 1
1635,0, 160, False, 0
1636,0, 160, False, 0
1637,0, 160, False, 0
1638,0, 160, False, 0
1639,0, 160, False, 0
1640,0, 160, False, 0
1641,0, 160, False, 1
1642,0, 160, False, 1
1643,0, 160, False, 1
1644,0, 160, False, 1
1645,0, 160, False, 1
1646,0, 160, False, 1
1647,0, 160, False, 1
1648,0, 160, False, 1
1649,0, 160, False, 1
1650,0, 160, False, 1
1651,0, 160, False, 0
1652,0, 160, False, 0
1653,0, 160, False, 0
1654,0, 160, False, 1
1655,0, 160, False, 1
1656,0, 160, False, 1
1657,0, 160, False, 1
1658,0, 160, False, 1
1659,0, 160, False, 1
1660,0, 160, False, 1
1661,10, 170, False, 0
1662,0, 170, False, 0
1663,0, 170, False, 0
1664,0, 170, False, 0
1665,0, 170, False, 1
1666,0, 170, False, 1
1667,0, 170, False, 1
1668,0, 170, False, 1
1669,0, 170, False, 1
1670,0, 170, False, 1
1671,0, 170, False, 1
1672,0, 170, False, 0
1673,0, 170, False, 0
1674,0, 170, False, 0
1675,0, 170, False, 1
1676,0, 170, False, 1
1677,0, 170, False, 1
1678,0, 170, False, 1
1679,0, 170, False, 1
1680,0, 170, False, 1
1681,0, 170, False, 1
1682,0, 170, False, 1
1683,0, 170, False, 0
1684,0, 170, False, 0
1685,0, 170, False, 0
1686,0, 170, False, 0
1687,0, 170, False, 0
1688,0, 170, False, 1
1689,0, 170, False, 1
1690,0, 170, False, 1
1691,0, 170, False, 1
1692,0, 170, False, 1
1693,0, 170, False, 0
1694,0, 170, False, 0
1695,0, 170, False, 0
1696,0, 170, False, 0
1697,0, 170, False, 0
1698,0, 170, False, 1
1699,0, 170, False, 1
1700,0, 170, False, 1
1701,0, 170, False, 1
1702,0, 170, False, 1
1703,0, 170, False, 1
1704,0, 170, False, 0
1705,15, 185, False, 0
1706,0, 185, False, 0
1707,0, 185, False, 1
1708,0, 185, False, 1
1709,0, 185, False, 1
1710,0, 185, False, 1
1711,0, 185, False, 1
1712,0, 185, False, 1
1713,0, 185, False, 1
1714,0, 185, False, 1
1715,0, 185, False, 0
1716,0, 185, False, 0
1717,0, 185, False, 0
1718,0, 185, False, 1
1719,0, 185, False, 1
1720,0, 185, False, 1
1721,0, 185, False, 1
1722,0, 185, False, 1
1723,0, 185, False, 1
1724,0, 185, False, 1
1725,0, 185, False, 0
1726,0, 185, False, 0
1727,0, 185, False, 0
1728,0, 185, False, 0
1729,0, 185, False, 1
1730,0, 185, False, 1
1731,0, 185, False, 1
1732,0, 185, False, 1
1733,0, 185, False, 1
1734,0, 185, False, 1
1735,0, 185, False, 0
1736,0, 185, False, 0
1737,0, 185, False, 0
1738,0, 185, False, 1
1739,0, 185, False, 1
1740,0, 185, False, 1
1741,0, 185, False, 11
1742,0, 185, False, 11
1743,0, 185, False, 11
1744,0, 185, False, 11
1745,0, 185, False, 11
1746,0, 185, False, 11
1747,0, 185, False, 3
1748,0, 185, False, 3
1749,0, 185, False, 3
1750,0, 185, False, 3
1751,0, 185, False, 3
1752,0, 185, False, 3
1753,0, 185, False, 3
1754,0, 185, False, 3
1755,0, 185, False, 3
1756,0, 185, False, 3
1757,0, 185, False, 3
1758,0, 185, False, 3
1759,0, 185, False, 3
1760,0, 185, False, 3
1761,0, 185, False, 3
1762,0, 185, False, 3
1763,0, 185, False, 3
1764,0, 185, False, 3
1765,0, 185, False, 3
1766,0, 185, False, 3
1767,0, 185, False, 3
1768,0, 185, False, 3
1769,0, 185, False, 3
1770,0, 185, False, 3
1771,0, 185, False, 3
1772,0, 185, False, 3
1773,0, 185, False, 3
1774,0, 185, False, 3
1775,0, 185, False, 3
1776,0, 185, False, 0
1777,0, 185, False, 0
1778,0, 185, False, 1
1779,0, 185, False, 1
1780,0, 185, False, 1
1781,0, 185, False, 1
1782,0, 185, False, 1
1783,0, 185, False, 1
1784,0, 185, False, 1
1785,0, 185, False, 1
1786,0, 185, False, 1
1787,0, 185, False, 1
1788,0, 185, False, 1
1789,0, 185, False, 0
1790,0, 185, False, 0
1791,0, 185, False, 0
1792,0, 185, False, 0
1793,0, 185, False, 1
1794,0, 185, False, 1
1795,0, 185, False, 1
1796,0, 185, False, 1
1797,0, 185, False, 1
1798,0, 185, False, 1
1799,0, 185, False, 1
1800,0, 185, False, 1
1801,0, 185, False, 0
1802,0, 185, False, 0
1803,0, 185, False, 0
1804,0, 185, False, 1
1805,0, 185, False, 1
1806,0, 185, False, 1
1807,0, 185, False, 1
1808,0, 185, False, 1
1809,0, 185, False, 1
1810,0, 185, False, 1
1811,0, 185, False, 0
1812,0, 185, False, 0
1813,0, 185, False, 0
1814,0, 185, False, 1
1815,5, 190, False, 1
1816,0, 190, False, 1
1817,0, 190, False, 1
1818,0, 190, False, 1
1819,0, 190, False, 1
1820,0, 190, False, 1
1821,0, 190, False, 0
1822,0, 190, False, 0
1823,0, 190, False, 0
1824,0, 190, False, 0
1825,0, 190, False, 1
1826,0, 190, False, 1
1827,0, 190, False, 1
1828,0, 190, False, 1
1829,0, 190, False, 1
1830,0, 190, False, 1
1831,0, 190, False, 1
1832,0, 190, False, 0
1833,0, 190, False, 0
1834,0, 190, False, 0
1835,0, 190, False, 0
1836,0, 190, False, 1
1837,0, 190, False, 1
1838,0, 190, False, 1
1839,10, 200, False, 1
1840,0, 200, False, 1
1841,0, 200, False, 1
1842,0, 200, False, 0
1843,0, 200, False, 0
1844,0, 200, False, 0
1845,0, 200, False, 0
1846,0, 200, False, 0
1847,0, 200, False, 1
1848,0, 200, False, 1
1849,0, 200, False, 1
1850,0, 200, False, 1
1851,0, 200, False, 1
1852,0, 200, False, 1
1853,0, 200, False, 0
1854,0, 200, False, 0
1855,0, 200, False, 0
1856,0, 200, False, 0
1857,0, 200, False, 1
1858,0, 200, False, 1
1859,0, 200, False, 1
1860,0, 200, False, 1
1861,0, 200, False, 1
1862,0, 200, False, 1
1863,0, 200, False, 1
1864,0, 200, False, 0
1865,0, 200, False, 0
1866,0, 200, False, 0
1867,0, 200, False, 0
1868,0, 200, False, 0
1869,0, 200, False, 1
1870,0, 200, False, 11
1871,0, 200, False, 11
1872,0, 200, False, 11
1873,0, 200, False, 11
1874,0, 200, False, 11
1875,0, 200, False, 11
1876,0, 200, False, 11
1877,0, 200, False, 11
1878,0, 200, False, 11
1879,0, 200, False, 11
1880,0, 200, False, 11
1881,0, 200, False, 11
1882,0, 200, False, 11
1883,0, 200, False, 11
1884,0, 200, False, 3
1885,0, 200, False, 3
1886,0, 200, False, 3
1887,0, 200, False, 3
1888,0, 200, False, 3
1889,0, 200, False, 11
1890,0, 200, False, 11
1891,0, 200, False, 11
1892,0, 200, False, 11
1893,0, 200, False, 11
1894,0, 200, False, 11
1895,0, 200, False, 11
1896,0, 200, False, 11
1897,0, 200, False, 11
1898,0, 200, False, 3
1899,0, 200, False, 3
1900,0, 200, False, 3
1901,0, 200, False, 3
1902,0, 200, False, 3
1903,0, 200, False, 3
1904,0, 200, False, 11
1905,0, 200, False, 11
1906,0, 200, False, 11
1907,0, 200, False, 11
1908,0, 200, False, 11
1909,0, 200, False, 11
1910,0, 200, False, 11
1911,0, 200, False, 11
1912,0, 200, False, 11
1913,0, 200, False, 11
1914,0, 200, False, 3
1915,0, 200, False, 3
1916,0, 200, False, 3
1917,0, 200, False, 3
1918,0, 200, False, 3
1919,0, 200, False, 3
1920,0, 200, False, 3
1921,0, 200, False, 3
1922,0, 200, False, 11
1923,0, 200, False, 11
1924,0, 200, False, 11
1925,0, 200, False, 11
1926,0, 200, False, 11
1927,0, 200, False, 11
1928,0, 200, False, 11
1929,0, 200, False, 11
1930,0, 200, False, 3
1931,0, 200, False, 3
1932,0, 200, False, 3
1933,0, 200, False, 3
1934,0, 200, False, 3
1935,0, 200, False, 3
1936,0, 200, False, 3
1937,0, 200, False, 3
1938,0, 200, False, 3
1939,5, 205, False, 3
1940,0, 205, False, 11
1941,0, 205, False, 11
1942,0, 205, False, 11
1943,0, 205, False, 11
1944,0, 205, False, 11
1945,0, 205, False, 11
1946,0, 205, False, 1
1947,0, 205, False, 0
1948,0, 205, False, 0
1949,0, 205, False, 0
1950,0, 205, False, 0
1951,0, 205, False, 0
1952,0, 205, False, 1
1953,0, 205, False, 1
1954,0, 205, False, 1
1955,0, 205, False, 1
1956,0, 205, False, 1
1957,0, 205, False, 1
1958,0, 205, False, 1
1959,0, 205, False, 0
1960,0, 205, False, 0
1961,0, 205, False, 0
1962,0, 205, False, 0
1963,10, 215, False, 1
1964,0, 215, False, 1
1965,0, 215, False, 1
1966,0, 215, False, 1
1967,0, 215, False, 1
1968,0, 215, False, 1
1969,0, 215, False, 1
1970,0, 215, False, 0
1971,0, 215, False, 0
1972,0, 215, False, 0
1973,0, 215, False, 0
1974,0, 215, False, 0
1975,0, 215, False, 1
1976,0, 215, False, 1
1977,0, 215, False, 1
1978,0, 215, False, 1
1979,0, 215, False, 1
1980,0, 215, False, 1
1981,0, 215, False, 1
1982,0, 215, False, 0
1983,0, 215, False, 0
1984,0, 215, False, 0
1985,0, 215, False, 1
1986,0, 215, False, 1
1987,0, 215, False, 1
1988,0, 215, False, 1
1989,0, 215, False, 1
1990,0, 215, False, 1
1991,0, 215, False, 1
1992,0, 215, False, 1
1993,0, 215, False, 0
1994,0, 215, False, 0
1995,0, 215, False, 0
1996,0, 215, False, 1
1997,15, 230, False, 1
1998,0, 230, False, 1
1999,0, 230, False, 1
2000,0, 230, False, 1
2001,0, 230, False, 1
2002,0, 230, False, 1
2003,0, 230, False, 0
2004,0, 230, False, 0
2005,0, 230, False, 0
2006,0, 230, False, 0
2007,0, 230, False, 0
2008,0, 230, False, 1
2009,0, 230, False, 1
2010,0, 230, False, 1
2011,0, 230, False, 1
2012,0, 230, False, 1
2013,0, 230, False, 1
2014,0, 230, False, 1
2015,0, 230, False, 0
2016,0, 230, False, 0
2017,0, 230, False, 0
2018,0, 230, False, 0
2019,0, 230, False, 1
2020,0, 230, False, 1
2021,0, 230, False, 1
2022,0, 230, False, 1
2023,0, 230, False, 1
2024,0, 230, False, 1
2025,0, 230, False, 0
2026,0, 230, False, 0
2027,0, 230, False, 0
2028,0, 230, False, 0
2029,0, 230, False, 0
2030,0, 230, False, 1
2031,0, 230, False, 1
2032,0, 230, False, 1
2033,0, 230, False, 1
2034,0, 230, False, 1
2035,0, 230, False, 1
2036,0, 230, False, 1
2037,0, 230, False, 0
2038,0, 230, False, 0
2039,0, 230, False, 0
2040,0, 230, False, 0
2041,20, 250, False, 1
2042,0, 250, False, 1
2043,0, 250, False, 1
2044,0, 250, False, 1
2045,0, 250, False, 1
2046,0, 250, False, 1
2047,0, 250, False, 1
2048,0, 250, False, 0
2049,0, 250, False, 0
2050,0, 250, False, 0
2051,0, 250, False, 0
2052,0, 250, False, 0
2053,0, 250, False, 0
2054,0, 250, False, 1
2055,0, 250, False, 1
2056,0, 250, False, 1
2057,0, 250, False, 1
2058,0, 250, False, 1
2059,0, 250, False, 1
2060,0, 250, False, 1
2061,0, 250, False, 1
2062,0, 250, False, 1
2063,0, 250, False, 0
2064,0, 250, False, 0
2065,0, 250, False, 0
2066,0, 250, False, 0
2067,0, 250, False, 1
2068,0, 250, False, 1
2069,0, 250, False, 1
2070,0, 250, False, 1
2071,0, 250, False, 1
2072,0, 250, False, 1
2073,0, 250, False, 1
2074,0, 250, False, 0
2075,0, 250, False, 0
2076,0, 250, False, 0
2077,0, 250, False, 0
2078,0, 250, False, 0
2079,0, 250, False, 0
2080,0, 250, False, 1
2081,0, 250, False, 1
2082,0, 250, False, 1
2083,0, 250, False, 1
2084,0, 250, False, 1
2085,0, 250, False, 1
2086,0, 250, False, 1
2087,0, 250, False, 1
2088,0, 250, False, 1
2089,0, 250, False, 1
2090,0, 250, False, 0
2091,0, 250, False, 0
2092,0, 250, False, 0
2093,0, 250, False, 0
2094,0, 250, False, 1
2095,0, 250, False, 1
2096,0, 250, False, 1
2097,0, 250, False, 1
2098,0, 250, False, 1
2099,0, 250, False, 1
2100,0, 250, False, 1
2101,0, 250, False, 1
2102,0, 250, False, 0
2103,0, 250, False, 0
2104,0, 250, False, 0
2105,0, 250, False, 0
2106,0, 250, False, 0
2107,0, 250, False, 1
2108,0, 250, False, 1
2109,0, 250, False, 1
2110,0, 250, False, 1
2111,0, 250, False, 1
2112,0, 250, False, 1
2113,0, 250, False, 1
2114,0, 250, False, 1
2115,0, 250, False, 0
2116,0, 250, False, 0
2117,0, 250, False, 0
2118,0, 250, False, 0
2119,0, 250, False, 1
2120,0, 250, False, 1
2121,0, 250, False, 1
2122,0, 250, False, 1
2123,0, 250, False, 1
2124,0, 250, False, 1
2125,0, 250, False, 1
2126,0, 250, False, 0
2127,0, 250, False, 0
2128,0, 250, False, 0
2129,0, 250, False, 0
2130,0, 250, False, 0
2131,0, 250, False, 1
2132,0, 250, False, 1
2133,0, 250, False, 1
2134,0, 250, False, 1
2135,0, 250, False, 1
2136,0, 250, False, 1
2137,0, 250, False, 1
2138,0, 250, False, 0
2139,0, 250, False, 0
2140,0, 250, False, 0
2141,0, 250, False, 0
2142,0, 250, False, 1
2143,0, 250, False, 1
2144,0, 250, False, 1
2145,0, 250, False, 1
2146,0, 250, False, 1
2147,0, 250, False, 1
2148,0, 250, False, 1
2149,0, 250, False, 1
2150,0, 250, False, 0
2151,0, 250, False, 0
2152,0, 250, False, 0
2153,0, 250, False, 1
2154,0, 250, False, 1
2155,0, 250, False, 1
2156,0, 250, False, 1
2157,0, 250, False, 1
2158,0, 250, False, 1
2159,0, 250, False, 1
2160,0, 250, False, 1
2161,0, 250, False, 1
2162,0, 250, False, 0
2163,0, 250, False, 0
2164,0, 250, False, 0
2165,0, 250, False, 0
2166,0, 250, False, 0
2167,0, 250, False, 0
2168,0, 250, False, 0
2169,0, 250, False, 1
2170,0, 250, False, 1
2171,0, 250, False, 1
2172,0, 250, False, 1
2173,0, 250, False, 1
2174,0, 250, False, 1
2175,0, 250, False, 1
2176,0, 250, False, 1
2177,0, 250, False, 0
2178,0, 250, False, 0
2179,0, 250, False, 0
2180,0, 250, False, 0
2181,0, 250, False, 0
2182,0, 250, False, 0
2183,0, 250, False, 1
2184,0, 250, False, 1
2185,0, 250, False, 1
2186,0, 250, False, 1
2187,0, 250, False, 1
2188,0, 250, False, 1
2189,0, 250, False, 1
2190,0, 250, False, 1
2191,0, 250, False, 1
2192,0, 250, False, 0
2193,0, 250, False, 0
2194,0, 250, False, 0
2195,0, 250, False, 0
2196,0, 250, False, 0
2197,0, 250, False, 0
2198,0, 250, False, 4
2199,0, 250, False, 4
2200,0, 250, False, 4
2201,0, 250, False, 4
2202,0, 250, False, 4
2203,0, 250, False, 4
2204,0, 250, False, 4
2205,0, 250, False, 4
2206,0, 250, False, 4
2207,0, 250, False, 4
2208,0, 250, False, 4
2209,0, 250, False, 4
2210,0, 250, False, 4
2211,0, 250, False, 4
2212,0, 250, False, 4
2213,0, 250, False, 4
2214,0, 250, False, 4
2215,0, 250, False, 4
2216,0, 250, False, 4
2217,0, 250, False, 4
2218,0, 250, False, 4
2219,0, 250, False, 4
2220,0, 250, False, 4
2221,0, 250, False, 4
2222,0, 250, False, 4
2223,0, 250, False, 4
2224,0, 250, False, 4
2225,0, 250, False, 4
2226,0, 250, False, 4
2227,0, 250, False, 4
2228,0, 250, False, 4
2229,0, 250, False, 4
2230,0, 250, False, 4
2231,0, 250, False, 4
2232,0, 250, False, 4
2233,0, 250, False, 4
2234,0, 250, False, 4
2235,0, 250, False, 4
2236,0, 250, False, 0
2237,0, 250, False, 4
2238,0, 250, False, 4
2239,0, 250, False, 4
2240,0, 250, False, 4
2241,0, 250, False, 4
2242,0, 250, False, 1
2243,0, 250, False, 1
2244,0, 250, False, 1
2245,0, 250, False, 1
2246,0, 250, False, 1
2247,0, 250, False, 1
2248,0, 250, False, 1
2249,0, 250, False, 0
2250,0, 250, False, 0
2251,0, 250, False, 0
2252,0, 250, False, 1
2253,0, 250, False, 1
2254,0, 250, False, 1
2255,0, 250, False, 1
2256,0, 250, False, 1
2257,0, 250, False, 1
2258,0, 250, False, 1
2259,0, 250, False, 1
2260,0, 250, False, 1
2261,0, 250, False, 0
2262,0, 250, False, 0
2263,0, 250, False, 0
2264,0, 250, False, 0
2265,0, 250, False, 0
2266,0, 250, False, 0
2267,0, 250, False, 0
2268,0, 250, False, 0
2269,0, 250, False, 0
2270,0, 250, False, 0
2271,0, 250, False, 1
2272,0, 250, False, 1
2273,0, 250, False, 1
2274,0, 250, False, 1
2275,0, 250, False, 1
2276,0, 250, False, 1
2277,0, 250, False, 1
2278,0, 250, False, 1
2279,0, 250, False, 1
2280,0, 250, False, 1
2281,0, 250, False, 1
2282,0, 250, False, 0
2283,0, 250, False, 0
2284,0, 250, False, 0
2285,0, 250, False, 0
2286,0, 250, False, 1
2287,0, 250, False, 1
2288,0, 250, False, 1
2289,0, 250, False, 1
2290,0, 250, False, 1
2291,0, 250, False, 1
2292,0, 250, False, 1
2293,0, 250, False, 1
2294,0, 250, False, 1
2295,0, 250, False, 1
2296,0, 250, False, 0
2297,0, 250, False, 0
2298,0, 250, False, 1
2299,30, 280, False, 1
2300,0, 280, False, 1
2301,0, 280, False, 1
2302,0, 280, False, 1
2303,0, 280, False, 1
2304,0, 280, False, 1
2305,0, 280, False, 1
2306,0, 280, False, 0
2307,0, 280, False, 0
2308,0, 280, False, 1
2309,0, 280, False, 1
2310,0, 280, False, 1
2311,0, 280, False, 1
2312,0, 280, False, 1
2313,0, 280, False, 1
2314,0, 280, False, 1
2315,0, 280, False, 1
2316,0, 280, False, 1
2317,0, 280, False, 1
2318,0, 280, False, 0
2319,0, 280, False, 0
2320,0, 280, False, 0
2321,0, 280, False, 1
2322,0, 280, False, 1
2323,0, 280, False, 1
2324,0, 280, False, 1
2325,0, 280, False, 1
2326,0, 280, False, 1
2327,0, 280, False, 1
2328,0, 280, False, 1
2329,15, 295, False, 0
2330,0, 295, False, 0
2331,0, 295, False, 0
2332,0, 295, False, 1
2333,0, 295, False, 1
2334,0, 295, False, 1
2335,0, 295, False, 1
2336,0, 295, False, 1
2337,0, 295, False, 1
2338,0, 295, False, 1
2339,0, 295, False, 1
2340,0, 295, False, 1
2341,0, 295, False, 0
2342,0, 295, False, 0
2343,0, 295, False, 0
2344,0, 295, False, 1
2345,0, 295, False, 1
2346,0, 295, False, 1
2347,0, 295, False, 1
2348,0, 295, False, 1
2349,0, 295, False, 1
2350,0, 295, False, 1
2351,0, 295, False, 1
2352,0, 295, False, 0
2353,0, 295, False, 0
2354,0, 295, False, 0
2355,0, 295, False, 1
2356,0, 295, False, 1
2357,0, 295, False, 1
2358,0, 295, False, 1
2359,0, 295, False, 1
2360,0, 295, False, 1
2361,0, 295, False, 1
2362,0, 295, False, 1
2363,0, 295, False, 1
2364,0, 295, False, 3
2365,0, 295, False, 3
2366,0, 295, False, 3
2367,0, 295, False, 3
2368,0, 295, False, 11
2369,20, 315, False, 11
2370,0, 315, False, 11
2371,0, 315, False, 11
2372,0, 315, False, 11
2373,0, 315, False, 11
2374,0, 315, False, 11
2375,0, 315, False, 11
2376,0, 315, False, 11
2377,0, 315, False, 11
2378,0, 315, False, 11
2379,0, 315, False, 11
2380,0, 315, False, 3
2381,0, 315, False, 3
2382,0, 315, False, 3
2383,0, 315, False, 3
2384,0, 315, False, 3
2385,0, 315, False, 11
2386,0, 315, False, 11
2387,0, 315, False, 11
2388,0, 315, False, 11
2389,0, 315, False, 11
2390,0, 315, False, 11
2391,0, 315, False, 11
2392,0, 315, False, 11
2393,0, 315, False, 11
2394,0, 315, False, 11
2395,0, 315, False, 11
2396,0, 315, False, 11
2397,0, 315, False, 0
2398,0, 315, False, 0
2399,0, 315, False, 0
2400,0, 315, False, 0
2401,0, 315, False, 0
2402,0, 315, False, 0
2403,0, 315, False, 1
2404,0, 315, False, 1
2405,0, 315, False, 1
2406,0, 315, False, 1
2407,0, 315, False, 1
2408,0, 315, False, 1
2409,0, 315, False, 1
2410,0, 315, False, 1
2411,0, 315, False, 1
2412,0, 315, False, 0
2413,0, 315, False, 0
2414,0, 315, False, 0
2415,0, 315, False, 0
2416,0, 315, False, 0
2417,0, 315, False, 1
2418,0, 315, False, 1
2419,0, 315, False, 1
2420,0, 315, False, 1
2421,0, 315, False, 1
2422,0, 315, False, 1
2423,0, 315, False, 1
2424,0, 315, False, 1
2425,0, 315, False, 1
2426,0, 315, False, 0
2427,0, 315, False, 0
2428,0, 315, False, 0
2429,0, 315, False, 0
2430,0, 315, False, 0
2431,0, 315, False, 0
2432,0, 315, False, 0
2433,0, 315, False, 0
2434,0, 315, False, 0
2435,0, 315, False, 1
2436,0, 315, False, 1
2437,0, 315, False, 1
2438,0, 315, False, 1
2439,0, 315, False, 1
2440,0, 315, False, 1
2441,0, 315, False, 1
2442,0, 315, False, 1
2443,0, 315, False, 1
2444,0, 315, False, 1
2445,0, 315, False, 0
2446,0, 315, False, 0
2447,0, 315, False, 0
2448,0, 315, False, 0
2449,200, 515, False, 0
2450,0, 515, False, 0
2451,0, 515, False, 0
2452,0, 515, False, 0
2453,0, 515, False, 0
2454,0, 515, False, 0
2455,0, 515, False, 0
2456,0, 515, False, 0
2457,0, 515, False, 0
2458,0, 515, False, 0
2459,0, 515, False, 0
2460,0, 515, False, 0
2461,0, 515, False, 0
2462,0, 515, False, 0
2463,0, 515, False, 0
2464,0, 515, False, 0
2465,0, 515, False, 0
2466,0, 515, False, 0
2467,0, 515, False, 0
2468,0, 515, False, 0
2469,0, 515, False, 0
2470,0, 515, False, 0
2471,0, 515, False, 0
2472,0, 515, False, 0
2473,0, 515, False, 0
2474,0, 515, False, 0
2475,0, 515, False, 0
2476,0, 515, False, 1
2477,0, 515, False, 1
2478,0, 515, False, 1
2479,0, 515, False, 1
2480,0, 515, False, 1
2481,0, 515, False, 1
2482,0, 515, False, 1
2483,0, 515, False, 1
2484,0, 515, False, 1
2485,0, 515, False, 1
2486,0, 515, False, 0
2487,0, 515, False, 0
2488,0, 515, False, 0
2489,0, 515, False, 0
2490,0, 515, False, 0
2491,0, 515, False, 1
2492,0, 515, False, 1
2493,0, 515, False, 1
2494,0, 515, False, 1
2495,0, 515, False, 1
2496,0, 515, False, 1
2497,0, 515, False, 1
2498,0, 515, False, 1
2499,0, 515, False, 1
2500,0, 515, False, 0
2501,0, 515, False, 0
2502,0, 515, False, 0
2503,0, 515, False, 0
2504,0, 515, False, 0
2505,0, 515, False, 0
2506,0, 515, False, 1
2507,0, 515, False, 1
2508,0, 515, False, 1
2509,0, 515, False, 1
2510,0, 515, False, 1
2511,0, 515, False, 1
2512,0, 515, False, 1
2513,0, 515, False, 1
2514,0, 515, False, 0
2515,0, 515, False, 0
2516,0, 515, False, 0
2517,25, 540, False, 0
2518,0, 540, False, 0
2519,0, 540, False, 0
2520,0, 540, False, 1
2521,0, 540, False, 1
2522,0, 540, False, 1
2523,0, 540, False, 1
2524,0, 540, False, 1
2525,0, 540, False, 1
2526,0, 540, False, 1
2527,0, 540, False, 1
2528,0, 540, False, 0
2529,0, 540, False, 0
2530,0, 540, False, 0
2531,0, 540, False, 0
2532,0, 540, False, 1
2533,0, 540, False, 1
2534,0, 540, False, 1
2535,0, 540, False, 1
2536,0, 540, False, 1
2537,0, 540, False, 1
2538,0, 540, False, 1
2539,0, 540, False, 1
2540,0, 540, False, 1
2541,0, 540, False, 0
2542,0, 540, False, 0
2543,0, 540, False, 3
2544,0, 540, False, 3
2545,0, 540, False, 3
2546,0, 540, False, 3
2547,0, 540, False, 3
2548,0, 540, False, 3
2549,0, 540, False, 3
2550,0, 540, False, 3
2551,0, 540, False, 3
2552,0, 540, False, 3
2553,0, 540, False, 3
2554,0, 540, False, 3
2555,0, 540, False, 3
2556,0, 540, False, 3
2557,0, 540, False, 3
2558,0, 540, False, 3
2559,0, 540, False, 3
2560,0, 540, False, 3
2561,0, 540, False, 3
2562,0, 540, False, 3
2563,0, 540, False, 3
2564,0, 540, False, 3
2565,0, 540, False, 3
2566,0, 540, False, 3
2567,0, 540, False, 11
2568,0, 540, False, 11
2569,30, 570, False, 11
2570,0, 570, False, 1
2571,0, 570, False, 1
2572,0, 570, False, 1
2573,0, 570, False, 1
2574,0, 570, False, 1
2575,0, 570, False, 0
2576,0, 570, False, 0
2577,0, 570, False, 0
2578,0, 570, False, 0
2579,0, 570, False, 0
2580,0, 570, False, 0
2581,0, 570, False, 1
2582,0, 570, False, 1
2583,0, 570, False, 1
2584,0, 570, False, 1
2585,0, 570, False, 1
2586,0, 570, False, 1
2587,0, 570, False, 1
2588,0, 570, False, 1
2589,0, 570, False, 0
2590,0, 570, False, 0
2591,0, 570, False, 0
2592,0, 570, False, 0
2593,0, 570, False, 0
2594,0, 570, False, 0
2595,0, 570, False, 0
2596,0, 570, False, 0
2597,0, 570, False, 0
2598,0, 570, False, 0
2599,0, 570, False, 0
2600,0, 570, False, 0
2601,0, 570, False, 0
2602,0, 570, False, 0
2603,0, 570, False, 0
2604,0, 570, False, 0
2605,0, 570, False, 0
2606,0, 570, False, 0
2607,0, 570, False, 0
2608,0, 570, False, 0
2609,0, 570, False, 0
2610,0, 570, False, 0
2611,0, 570, False, 0
2612,0, 570, False, 0
2613,0, 570, False, 0
2614,0, 570, False, 0
2615,0, 570, False, 0
2616,0, 570, False, 0
2617,0, 570, False, 0
2618,0, 570, False, 0
2619,0, 570, False, 0
2620,0, 570, False, 0
2621,0, 570, False, 0
2622,0, 570, False, 0
2623,0, 570, False, 0
2624,0, 570, False, 0
2625,0, 570, False, 0
2626,0, 570, False, 0
2627,0, 570, False, 0
2628,0, 570, False, 0
2629,0, 570, False, 0
2630,0, 570, False, 0
2631,0, 570, False, 0
2632,0, 570, False, 0
2633,0, 570, False, 0
2634,0, 570, False, 0
2635,0, 570, False, 0
2636,0, 570, False, 0
2637,0, 570, False, 0
2638,0, 570, False, 0
2639,0, 570, False, 0
2640,0, 570, False, 0
2641,0, 570, False, 0
2642,0, 570, False, 0
2643,0, 570, False, 0
2644,0, 570, False, 0
2645,0, 570, False, 0
2646,0, 570, False, 0
2647,0, 570, False, 0
2648,0, 570, False, 0
2649,0, 570, False, 0
2650,0, 570, False, 0
2651,0, 570, False, 0
2652,0, 570, False, 0
2653,0, 570, False, 0
2654,0, 570, False, 0
2655,0, 570, False, 0
2656,0, 570, False, 0
2657,0, 570, False, 0
2658,0, 570, False, 0
2659,0, 570, False, 0
2660,0, 570, False, 0
2661,0, 570, False, 0
2662,0, 570, False, 0
2663,0, 570, False, 0
2664,0, 570, False, 0
2665,0, 570, False, 0
2666,0, 570, False, 0
2667,0, 570, False, 0
2668,0, 570, False, 0
2669,0, 570, False, 0
2670,0, 570, False, 1
2671,0, 570, False, 1
2672,0, 570, False, 1
2673,0, 570, False, 1
2674,0, 570, False, 1
2675,0, 570, False, 1
2676,0, 570, False, 1
2677,0, 570, False, 1
2678,0, 570, False, 0
2679,0, 570, False, 0
2680,0, 570, False, 0
2681,0, 570, False, 0
2682,0, 570, False, 1
2683,0, 570, False, 1
2684,0, 570, False, 1
2685,0, 570, False, 1
2686,0, 570, False, 1
2687,0, 570, False, 1
2688,0, 570, False, 1
2689,0, 570, False, 1
2690,0, 570, False, 0
2691,0, 570, False, 0
2692,0, 570, False, 0
2693,0, 570, False, 0
2694,0, 570, False, 0
2695,0, 570, False, 0
2696,0, 570, False, 0
2697,0, 570, False, 0
2698,0, 570, False, 0
2699,0, 570, False, 1
2700,0, 570, False, 1
2701,0, 570, False, 1
2702,0, 570, False, 1
2703,0, 570, False, 1
2704,0, 570, False, 1
2705,0, 570, False, 1
2706,0, 570, False, 1
2707,0, 570, False, 0
2708,0, 570, False, 0
2709,0, 570, False, 0
2710,0, 570, False, 0
2711,0, 570, False, 0
2712,0, 570, False, 0
2713,0, 570, False, 0
2714,0, 570, False, 1
2715,0, 570, False, 1
2716,0, 570, False, 1
2717,0, 570, False, 1
2718,0, 570, False, 1
2719,0, 570, False, 1
2720,0, 570, False, 1
2721,0, 570, False, 1
2722,0, 570, False, 1
2723,0, 570, False, 0
2724,0, 570, False, 0
2725,0, 570, False, 0
2726,0, 570, False, 0
2727,0, 570, False, 0
2728,0, 570, False, 0
2729,0, 570, False, 0
2730,0, 570, False, 0
2731,0, 570, False, 0
2732,0, 570, False, 0
2733,0, 570, False, 0
2734,0, 570, False, 1
2735,0, 570, False, 1
2736,0, 570, False, 1
2737,0, 570, False, 1
2738,0, 570, False, 1
2739,0, 570, False, 1
2740,0, 570, False, 1
2741,0, 570, False, 0
2742,0, 570, False, 0
2743,0, 570, False, 0
2744,0, 570, False, 0
2745,0, 570, False, 0
2746,0, 570, False, 0
2747,0, 570, False, 1
2748,0, 570, False, 1
2749,0, 570, False, 1
2750,0, 570, False, 1
2751,0, 570, False, 1
2752,0, 570, False, 0
2753,0, 570, False, 0
2754,0, 570, False, 0
2755,0, 570, False, 0
2756,0, 570, False, 1
2757,0, 570, False, 1
2758,0, 570, False, 1
2759,0, 570, False, 1
2760,0, 570, False, 0
2761,0, 570, False, 0
2762,0, 570, False, 0
2763,0, 570, False, 0
2764,0, 570, False, 1
2765,0, 570, False, 1
2766,0, 570, False, 1
2767,0, 570, False, 1
2768,0, 570, False, 1
2769,0, 570, False, 1
2770,0, 570, False, 1
2771,0, 570, False, 0
2772,0, 570, False, 0
2773,0, 570, False, 0
2774,0, 570, False, 0
2775,0, 570, False, 0
2776,0, 570, False, 1
2777,0, 570, False, 1
2778,0, 570, False, 1
2779,0, 570, False, 1
2780,0, 570, False, 1
2781,0, 570, False, 1
2782,0, 570, False, 1
2783,0, 570, False, 1
2784,0, 570, False, 0
2785,0, 570, False, 0
2786,0, 570, False, 0
2787,0, 570, False, 0
2788,0, 570, False, 0
2789,0, 570, False, 0
2790,0, 570, False, 0
2791,0, 570, False, 0
2792,0, 570, False, 0
2793,0, 570, False, 0
2794,0, 570, False, 0
2795,0, 570, False, 0
2796,0, 570, False, 0
2797,0, 570, False, 0
2798,0, 570, False, 0
2799,25, 595, False, 0
2800,0, 595, False, 0
2801,0, 595, False, 0
2802,0, 595, False, 0
2803,0, 595, False, 0
2804,0, 595, False, 0
2805,0, 595, False, 0
2806,0, 595, False, 0
2807,0, 595, False, 0
2808,0, 595, False, 0
2809,0, 595, False, 0
2810,0, 595, False, 0
2811,0, 595, False, 0
2812,0, 595, False, 0
2813,0, 595, False, 0
2814,0, 595, False, 0
2815,0, 595, False, 0
2816,0, 595, False, 0
2817,0, 595, False, 0
2818,0, 595, False, 0
2819,0, 595, False, 0
2820,0, 595, False, 0
2821,0, 595, False, 0
2822,0, 595, False, 0
2823,0, 595, False, 0
2824,0, 595, False, 0
2825,0, 595, False, 0
2826,0, 595, False, 0
2827,0, 595, False, 0
2828,0, 595, False, 0
2829,0, 595, False, 0
2830,0, 595, False, 0
2831,0, 595, False, 0
2832,0, 595, False, 0
2833,0, 595, False, 0
2834,0, 595, False, 0
2835,0, 595, False, 0
2836,0, 595, False, 0
2837,0, 595, False, 0
2838,0, 595, False, 0
2839,0, 595, False, 0
2840,0, 595, False, 0
2841,0, 595, False, 0
2842,0, 595, False, 0
2843,0, 595, False, 1
2844,0, 595, False, 1
2845,0, 595, False, 1
2846,0, 595, False, 1
2847,0, 595, False, 1
2848,0, 595, False, 1
2849,0, 595, False, 1
2850,0, 595, False, 1
2851,0, 595, False, 1
2852,0, 595, False, 1
2853,0, 595, False, 1
2854,0, 595, False, 0
2855,0, 595, False, 0
2856,0, 595, False, 0
2857,0, 595, False, 0
2858,0, 595, False, 0
2859,0, 595, False, 0
2860,0, 595, False, 0
2861,0, 595, False, 0
2862,0, 595, False, 0
2863,0, 595, False, 4
2864,0, 595, False, 4
2865,0, 595, False, 4
2866,0, 595, False, 4
2867,0, 595, False, 4
2868,0, 595, False, 4
2869,0, 595, False, 4
2870,0, 595, False, 4
2871,0, 595, False, 4
2872,0, 595, False, 4
2873,0, 595, False, 4
2874,0, 595, False, 4
2875,0, 595, False, 4
2876,0, 595, False, 4
2877,0, 595, False, 4
2878,0, 595, False, 4
2879,0, 595, False, 4
2880,0, 595, False, 4
2881,0, 595, False, 4
2882,0, 595, False, 4
2883,0, 595, False, 4
2884,0, 595, False, 4
2885,0, 595, False, 4
2886,0, 595, False, 4
2887,0, 595, False, 4
2888,0, 595, False, 4
2889,0, 595, False, 4
2890,0, 595, False, 4
2891,0, 595, False, 4
2892,0, 595, False, 4
2893,0, 595, False, 0
2894,0, 595, False, 4
2895,0, 595, False, 4
2896,0, 595, False, 4
2897,30, 625, False, 4
2898,0, 625, False, 4
2899,0, 625, False, 4
2900,0, 625, False, 4
2901,0, 625, False, 4
2902,0, 625, False, 4
2903,0, 625, False, 4
2904,0, 625, False, 4
2905,0, 625, False, 4
2906,0, 625, False, 4
2907,0, 625, False, 0
2908,0, 625, False, 0
2909,0, 625, False, 0
2910,0, 625, False, 0
2911,0, 625, False, 0
2912,0, 625, False, 0
2913,0, 625, False, 0
2914,0, 625, False, 0
2915,0, 625, False, 0
2916,0, 625, False, 0
2917,0, 625, False, 1
2918,0, 625, False, 1
2919,0, 625, False, 1
2920,0, 625, False, 1
2921,0, 625, False, 1
2922,0, 625, False, 1
2923,0, 625, False, 1
2924,0, 625, False, 1
2925,0, 625, False, 1
2926,0, 625, False, 1
2927,0, 625, False, 0
2928,0, 625, False, 0
2929,0, 625, False, 0
2930,0, 625, False, 0
2931,0, 625, False, 0
2932,0, 625, False, 0
2933,0, 625, False, 0
2934,0, 625, False, 0
2935,0, 625, False, 0
2936,0, 625, False, 0
2937,0, 625, False, 0
2938,0, 625, False, 0
2939,0, 625, False, 0
2940,0, 625, False, 0
2941,0, 625, False, 0
2942,0, 625, False, 0
2943,0, 625, False, 0
2944,0, 625, False, 0
2945,0, 625, False, 0
2946,0, 625, False, 0
2947,0, 625, False, 0
2948,0, 625, False, 0
2949,0, 625, False, 0
2950,0, 625, False, 0
2951,0, 625, False, 0
2952,0, 625, False, 0
2953,0, 625, False, 0
2954,0, 625, False, 0
2955,0, 625, False, 0
2956,0, 625, False, 0
2957,0, 625, False, 3
2958,0, 625, False, 3
2959,0, 625, False, 3
2960,0, 625, False, 3
2961,0, 625, False, 3
2962,0, 625, False, 3
2963,0, 625, False, 3
2964,0, 625, False, 3
2965,0, 625, False, 3
2966,0, 625, False, 3
2967,0, 625, False, 3
2968,0, 625, False, 3
2969,0, 625, False, 0
2970,0, 625, False, 0
2971,0, 625, False, 0
2972,0, 625, False, 0
2973,0, 625, False, 0
2974,0, 625, False, 0
2975,0, 625, False, 0
2976,0, 625, False, 0
2977,0, 625, False, 0
2978,0, 625, False, 0
2979,0, 625, False, 0
2980,0, 625, False, 0
2981,0, 625, False, 3
2982,0, 625, False, 3
2983,0, 625, False, 3
2984,0, 625, False, 3
2985,0, 625, False, 3
2986,0, 625, False, 3
2987,0, 625, False, 3
2988,0, 625, False, 3
2989,0, 625, False, 3
2990,0, 625, False, 3
2991,0, 625, False, 3
2992,0, 625, False, 3
2993,0, 625, False, 3
2994,0, 625, False, 3
2995,0, 625, False, 3
2996,0, 625, False, 3
2997,0, 625, False, 3
2998,0, 625, False, 3
2999,0, 625, False, 3
3000,0, 625, False, 3
3001,0, 625, False, 3
3002,0, 625, False, 3
3003,0, 625, False, 3
3004,0, 625, False, 3
3005,0, 625, False, 0
3006,0, 625, False, 0
3007,0, 625, False, 0
3008,0, 625, False, 0
3009,0, 625, False, 0
3010,0, 625, False, 0
3011,0, 625, False, 0
3012,0, 625, False, 0
3013,0, 625, False, 0
3014,0, 625, False, 0
3015,0, 625, False, 0
3016,0, 625, False, 0
3017,0, 625, False, 0
3018,0, 625, False, 3
3019,0, 625, False, 3
3020,0, 625, False, 3
3021,0, 625, False, 3
3022,0, 625, False, 3
3023,0, 625, False, 3
3024,0, 625, False, 3
3025,0, 625, False, 3
3026,0, 625, False, 3
3027,0, 625, False, 3
3028,0, 625, False, 3
3029,0, 625, False, 3
3030,0, 625, False, 3
3031,0, 625, False, 3
3032,0, 625, False, 3
3033,0, 625, False, 3
3034,0, 625, False, 3
3035,0, 625, False, 3
3036,0, 625, False, 3
3037,0, 625, False, 3
3038,0, 625, False, 3
3039,0, 625, False, 3
3040,0, 625, False, 3
3041,0, 625, False, 3
3042,0, 625, False, 3
3043,0, 625, False, 3
3044,0, 625, False, 3
3045,0, 625, False, 3
3046,0, 625, False, 3
3047,0, 625, False, 3
3048,0, 625, False, 3
3049,0, 625, False, 3
3050,0, 625, False, 3
3051,0, 625, False, 3
3052,0, 625, False, 3
3053,0, 625, False, 3
3054,0, 625, False, 3
3055,0, 625, False, 3
3056,0, 625, False, 3
3057,0, 625, False, 3
3058,0, 625, False, 3
3059,0, 625, False, 3
3060,0, 625, False, 0
3061,0, 625, False, 0
3062,0, 625, False, 0
3063,0, 625, False, 0
3064,0, 625, False, 0
3065,0, 625, False, 1
3066,0, 625, False, 1
3067,0, 625, False, 1
3068,0, 625, False, 1
3069,0, 625, False, 1
3070,0, 625, False, 1
3071,0, 625, False, 1
3072,0, 625, False, 1
3073,0, 625, False, 1
3074,0, 625, False, 1
3075,0, 625, False, 0
3076,0, 625, False, 0
3077,0, 625, False, 0
3078,0, 625, False, 0
3079,0, 625, False, 1
3080,0, 625, False, 1
3081,0, 625, False, 1
3082,0, 625, False, 1
3083,0, 625, False, 1
3084,0, 625, False, 1
3085,0, 625, False, 1
3086,0, 625, False, 1
3087,0, 625, False, 0
3088,0, 625, False, 0
3089,0, 625, False, 0
3090,0, 625, False, 1
3091,0, 625, False, 1
3092,0, 625, False, 1
3093,0, 625, False, 1
3094,0, 625, False, 1
3095,0, 625, False, 1
3096,0, 625, False, 1
3097,0, 625, False, 1
3098,0, 625, False, 1
3099,0, 625, False, 0
3100,0, 625, False, 0
3101,0, 625, False, 0
3102,0, 625, False, 0
3103,0, 625, False, 1
3104,0, 625, False, 1
3105,0, 625, False, 1
3106,0, 625, False, 1
3107,0, 625, False, 1
3108,0, 625, False, 1
3109,0, 625, False, 1
3110,0, 625, False, 1
3111,0, 625, False, 0
3112,0, 625, False, 0
3113,0, 625, False, 0
3114,0, 625, False, 0
3115,0, 625, False, 0
3116,0, 625, False, 1
3117,0, 625, False, 1
3118,0, 625, False, 1
3119,0, 625, False, 1
3120,0, 625, False, 1
3121,0, 625, False, 1
3122,0, 625, False, 1
3123,0, 625, False, 1
3124,0, 625, False, 0
3125,0, 625, False, 0
3126,0, 625, False, 0
3127,0, 625, False, 0
3128,0, 625, False, 0
3129,0, 625, False, 0
3130,0, 625, False, 0
3131,0, 625, False, 0
3132,0, 625, False, 0
3133,0, 625, False, 0
3134,0, 625, False, 0
3135,0, 625, False, 0
3136,0, 625, False, 0
3137,0, 625, False, 0
3138,0, 625, False, 0
3139,0, 625, False, 0
3140,0, 625, False, 0
3141,0, 625, False, 0
3142,0, 625, False, 0
3143,0, 625, False, 0
3144,0, 625, False, 0
3145,0, 625, False, 4
3146,0, 625, False, 4
3147,0, 625, False, 4
3148,0, 625, False, 4
3149,0, 625, False, 4
3150,0, 625, False, 4
3151,0, 625, False, 4
3152,0, 625, False, 4
3153,0, 625, False, 4
3154,0, 625, False, 4
3155,0, 625, False, 4
3156,0, 625, False, 4
3157,0, 625, False, 4
3158,0, 625, False, 4
3159,0, 625, False, 4
3160,0, 625, False, 4
3161,0, 625, False, 4
3162,0, 625, False, 4
3163,0, 625, False, 4
3164,0, 625, False, 4
3165,0, 625, False, 4
3166,0, 625, False, 4
3167,0, 625, False, 4
3168,0, 625, False, 4
3169,0, 625, False, 4
3170,0, 625, False, 4
3171,0, 625, False, 4
3172,0, 625, False, 4
3173,0, 625, False, 4
3174,0, 625, False, 4
3175,0, 625, False, 4
3176,0, 625, False, 4
3177,0, 625, False, 4
3178,0, 625, False, 4
3179,0, 625, False, 4
3180,0, 625, False, 4
3181,0, 625, False, 4
3182,0, 625, False, 4
3183,0, 625, False, 4
3184,0, 625, False, 4
3185,0, 625, False, 4
3186,0, 625, False, 4
3187,0, 625, False, 4
3188,0, 625, False, 4
3189,0, 625, False, 4
3190,0, 625, False, 4
3191,0, 625, False, 4
3192,0, 625, False, 4
3193,0, 625, False, 4
3194,0, 625, False, 4
3195,0, 625, False, 12
3196,0, 625, False, 1
3197,0, 625, False, 1
3198,0, 625, False, 1
3199,0, 625, False, 1
3200,0, 625, False, 1
3201,0, 625, False, 1
3202,0, 625, False, 1
3203,0, 625, False, 1
3204,0, 625, False, 0
3205,0, 625, False, 0
3206,0, 625, False, 0
3207,0, 625, False, 0
3208,0, 625, False, 0
3209,0, 625, False, 0
3210,0, 625, False, 1
3211,0, 625, False, 1
3212,0, 625, False, 1
3213,0, 625, False, 1
3214,0, 625, False, 1
3215,0, 625, False, 1
3216,0, 625, False, 1
3217,0, 625, False, 1
3218,0, 625, False, 1
3219,0, 625, False, 0
3220,0, 625, False, 0
3221,0, 625, False, 0
3222,0, 625, False, 0
3223,0, 625, False, 0
3224,0, 625, False, 0
3225,0, 625, False, 0
3226,0, 625, False, 0
3227,0, 625, False, 0
3228,0, 625, False, 0
3229,0, 625, False, 0
3230,0, 625, False, 0
3231,0, 625, False, 0
3232,0, 625, False, 0
3233,0, 625, False, 0
3234,0, 625, False, 0
3235,0, 625, False, 0
3236,0, 625, False, 1
3237,0, 625, False, 1
3238,0, 625, False, 1
3239,0, 625, False, 1
3240,0, 625, False, 1
3241,0, 625, False, 1
3242,0, 625, False, 1
3243,0, 625, False, 1
3244,0, 625, False, 1
3245,0, 625, False, 0
3246,0, 625, False, 0
3247,0, 625, False, 0
3248,0, 625, False, 1
3249,0, 625, False, 1
3250,0, 625, False, 1
3251,0, 625, False, 1
3252,0, 625, False, 1
3253,0, 625, False, 1
3254,0, 625, False, 1
3255,0, 625, False, 1
3256,0, 625, False, 0
3257,0, 625, False, 0
3258,0, 625, False, 0
3259,0, 625, False, 0
3260,0, 625, False, 1
3261,0, 625, False, 1
3262,0, 625, False, 1
3263,0, 625, False, 1
3264,0, 625, False, 1
3265,0, 625, False, 1
3266,0, 625, False, 1
3267,0, 625, False, 1
3268,0, 625, False, 0
3269,0, 625, False, 0
3270,0, 625, False, 0
3271,0, 625, False, 0
3272,0, 625, False, 0
3273,0, 625, False, 1
3274,0, 625, False, 1
3275,0, 625, False, 1
3276,0, 625, False, 1
3277,0, 625, False, 1
3278,0, 625, False, 1
3279,0, 625, False, 1
3280,0, 625, False, 1
3281,0, 625, False, 1
3282,0, 625, False, 0
3283,0, 625, False, 0
3284,0, 625, False, 0
3285,0, 625, False, 0
3286,0, 625, False, 0
3287,0, 625, False, 1
3288,0, 625, False, 1
3289,0, 625, False, 1
3290,0, 625, False, 1
3291,0, 625, False, 11
3292,0, 625, False, 11
3293,0, 625, False, 11
3294,0, 625, False, 11
3295,0, 625, False, 11
3296,0, 625, False, 11
3297,0, 625, False, 3
3298,0, 625, False, 3
3299,0, 625, False, 3
3300,0, 625, False, 3
3301,0, 625, False, 3
3302,0, 625, False, 3
3303,0, 625, False, 0
3304,0, 625, False, 0
3305,0, 625, False, 0
3306,0, 625, False, 0
3307,0, 625, False, 0
3308,0, 625, False, 0
3309,20, 645, False, 0
3310,0, 645, False, 0
3311,0, 645, False, 0
3312,0, 645, False, 0
3313,0, 645, False, 0
3314,0, 645, False, 0
3315,0, 645, False, 0
3316,0, 645, False, 0
3317,0, 645, False, 0
3318,0, 645, False, 0
3319,0, 645, False, 0
3320,0, 645, False, 0
3321,0, 645, False, 0
3322,0, 645, False, 0
3323,0, 645, False, 0
3324,0, 645, False, 0
3325,0, 645, False, 0
3326,0, 645, False, 0
3327,0, 645, False, 0
3328,0, 645, False, 0
3329,0, 645, False, 0
3330,0, 645, False, 0
3331,0, 645, False, 0
3332,0, 645, False, 0
3333,0, 645, False, 0
3334,0, 645, False, 0
3335,0, 645, False, 0
3336,0, 645, False, 0
3337,0, 645, False, 0
3338,0, 645, False, 0
3339,0, 645, False, 4
3340,0, 645, False, 4
3341,0, 645, False, 4
3342,0, 645, False, 4
3343,0, 645, False, 4
3344,0, 645, False, 4
3345,0, 645, False, 4
3346,0, 645, False, 4
3347,0, 645, False, 4
3348,0, 645, False, 4
3349,0, 645, False, 4
3350,0, 645, False, 4
3351,0, 645, False, 4
3352,0, 645, False, 4
3353,0, 645, False, 4
3354,0, 645, False, 4
3355,0, 645, False, 4
3356,0, 645, False, 4
3357,0, 645, False, 4
3358,0, 645, False, 4
3359,0, 645, False, 4
3360,0, 645, False, 4
3361,0, 645, False, 4
3362,0, 645, False, 4
3363,0, 645, False, 4
3364,0, 645, False, 4
3365,0, 645, False, 4
3366,0, 645, False, 4
3367,0, 645, False, 4
3368,0, 645, False, 4
3369,0, 645, False, 4
3370,0, 645, False, 4
3371,0, 645, False, 4
3372,0, 645, False, 4
3373,0, 645, False, 4
3374,0, 645, False, 4
3375,0, 645, False, 4
3376,0, 645, False, 4
3377,0, 645, False, 4
3378,0, 645, False, 4
3379,0, 645, False, 4
3380,0, 645, False, 4
3381,0, 645, False, 4
3382,0, 645, False, 4
3383,0, 645, False, 4
3384,0, 645, False, 4
3385,0, 645, False, 4
3386,0, 645, False, 4
3387,0, 645, False, 4
3388,0, 645, False, 4
3389,0, 645, False, 4
3390,0, 645, False, 4
3391,0, 645, False, 4
3392,0, 645, False, 4
3393,0, 645, False, 4
3394,0, 645, False, 4
3395,0, 645, False, 4
3396,0, 645, False, 4
3397,0, 645, False, 4
3398,0, 645, False, 4
3399,0, 645, False, 4
3400,0, 645, False, 4
3401,0, 645, False, 4
3402,0, 645, False, 4
3403,0, 645, False, 4
3404,0, 645, False, 4
3405,0, 645, False, 4
3406,0, 645, False, 4
3407,0, 645, False, 4
3408,0, 645, False, 4
3409,0, 645, False, 4
3410,0, 645, False, 12
3411,0, 645, False, 12
3412,0, 645, False, 12
3413,0, 645, False, 12
3414,0, 645, False, 12
3415,0, 645, False, 12
3416,0, 645, False, 1
3417,0, 645, False, 1
3418,0, 645, False, 1
3419,0, 645, False, 1
3420,0, 645, False, 1
3421,0, 645, False, 1
3422,0, 645, False, 0
3423,0, 645, False, 0
3424,0, 645, False, 0
3425,0, 645, False, 0
3426,0, 645, False, 0
3427,0, 645, False, 0
3428,0, 645, False, 1
3429,0, 645, False, 1
3430,0, 645, False, 1
3431,0, 645, False, 1
3432,0, 645, False, 1
3433,0, 645, False, 1
3434,0, 645, False, 1
3435,0, 645, False, 1
3436,0, 645, False, 1
3437,0, 645, False, 1
3438,0, 645, False, 0
3439,0, 645, False, 0
3440,0, 645, False, 0
3441,0, 645, False, 0
3442,0, 645, False, 1
3443,0, 645, False, 1
3444,0, 645, False, 1
3445,25, 670, False, 1
3446,0, 670, False, 1
3447,0, 670, False, 1
3448,0, 670, False, 1
3449,0, 670, False, 1
3450,0, 670, False, 1
3451,0, 670, False, 0
3452,0, 670, False, 0
3453,0, 670, False, 0
3454,0, 670, False, 1
3455,0, 670, False, 1
3456,0, 670, False, 1
3457,0, 670, False, 1
3458,0, 670, False, 1
3459,0, 670, False, 1
3460,0, 670, False, 1
3461,0, 670, False, 1
3462,0, 670, False, 1
3463,0, 670, False, 0
3464,0, 670, False, 0
3465,0, 670, False, 0
3466,0, 670, False, 1
3467,0, 670, False, 1
3468,0, 670, False, 1
3469,0, 670, False, 1
3470,0, 670, False, 1
3471,0, 670, False, 1
3472,0, 670, False, 1
3473,0, 670, False, 1
3474,0, 670, False, 1
3475,0, 670, False, 1
3476,0, 670, False, 4
3477,0, 670, False, 4
3478,0, 670, False, 4
3479,0, 670, False, 4
3480,0, 670, False, 4
3481,0, 670, False, 4
3482,0, 670, False, 12
3483,0, 670, False, 12
3484,0, 670, False, 12
3485,0, 670, False, 12
3486,0, 670, False, 12
3487,0, 670, False, 12
3488,0, 670, False, 12
3489,0, 670, False, 12
3490,0, 670, False, 12
3491,30, 700, False, 12
3492,0, 700, False, 12
3493,0, 700, False, 12
3494,0, 700, False, 4
3495,0, 700, False, 4
3496,0, 700, False, 4
3497,0, 700, False, 12
3498,0, 700, False, 12
3499,0, 700, False, 12
3500,0, 700, False, 12
3501,0, 700, False, 12
3502,0, 700, False, 12
3503,0, 700, False, 12
3504,0, 700, False, 12
3505,0, 700, False, 12
3506,0, 700, False, 12
3507,0, 700, False, 4
3508,0, 700, False, 0
3509,0, 700, False, 0
3510,0, 700, False, 0
3511,0, 700, False, 0
3512,0, 700, False, 0
3513,0, 700, False, 0
3514,0, 700, False, 0
3515,0, 700, False, 0
3516,0, 700, False, 0
3517,0, 700, False, 0
3518,0, 700, False, 0
3519,0, 700, False, 0
3520,0, 700, False, 0
3521,0, 700, False, 0
3522,0, 700, False, 0
3523,0, 700, False, 0
3524,0, 700, False, 3
3525,0, 700, False, 3
3526,0, 700, False, 3
3527,0, 700, False, 3
3528,0, 700, False, 3
3529,0, 700, False, 3
3530,0, 700, False, 3
3531,0, 700, False, 3
3532,0, 700, False, 3
3533,0, 700, False, 3
3534,0, 700, False, 3
3535,0, 700, False, 3
3536,0, 700, False, 3
3537,0, 700, False, 3
3538,0, 700, False, 3
3539,0, 700, False, 3
3540,0, 700, False, 3
3541,0, 700, False, 3
3542,0, 700, False, 3
3543,0, 700, False, 3
3544,0, 700, False, 3
3545,0, 700, False, 3
3546,0, 700, False, 3
3547,0, 700, False, 3
3548,0, 700, False, 3
3549,0, 700, False, 3
3550,0, 700, False, 3
3551,0, 700, False, 3
3552,0, 700, False, 3
3553,0, 700, False, 3
3554,0, 700, False, 3
3555,0, 700, False, 3
3556,0, 700, False, 3
3557,0, 700, False, 3
3558,0, 700, False, 3
3559,0, 700, False, 3
3560,0, 700, False, 3
3561,0, 700, False, 3
3562,0, 700, False, 3
3563,0, 700, False, 3
3564,0, 700, False, 3
3565,0, 700, False, 3
3566,0, 700, False, 3
3567,0, 700, False, 3
3568,0, 700, False, 3
3569,0, 700, False, 3
3570,0, 700, False, 3
3571,0, 700, False, 3
3572,0, 700, False, 3
3573,0, 700, False, 3
3574,0, 700, False, 3
3575,0, 700, False, 3
3576,0, 700, False, 3
3577,0, 700, False, 3
3578,0, 700, False, 3
3579,0, 700, False, 3
3580,0, 700, False, 3
3581,0, 700, False, 3
3582,0, 700, False, 3
3583,0, 700, False, 3
3584,0, 700, False, 3
3585,0, 700, False, 3
3586,0, 700, False, 3
3587,0, 700, False, 3
3588,0, 700, False, 3
3589,0, 700, False, 3
3590,0, 700, False, 3
3591,0, 700, False, 3
3592,0, 700, False, 3
3593,0, 700, False, 3
3594,0, 700, False, 3
3595,0, 700, False, 3
3596,0, 700, False, 3
3597,0, 700, False, 3
3598,0, 700, False, 3
3599,0, 700, False, 3
3600,0, 700, False, 3
3601,0, 700, False, 3
3602,0, 700, False, 3
3603,0, 700, False, 3
3604,0, 700, False, 3
3605,0, 700, False, 3
3606,0, 700, False, 3
3607,0, 700, False, 3
3608,0, 700, False, 3
3609,0, 700, False, 3
3610,0, 700, False, 3
3611,0, 700, False, 3
3612,0, 700, False, 3
3613,0, 700, False, 3
3614,0, 700, False, 3
3615,0, 700, False, 3
3616,0, 700, False, 3
3617,0, 700, False, 3
3618,0, 700, False, 3
3619,0, 700, False, 3
3620,0, 700, False, 3
3621,0, 700, False, 3
3622,0, 700, False, 3
3623,0, 700, False, 3
3624,0, 700, False, 3
3625,0, 700, False, 3
3626,0, 700, False, 3
3627,0, 700, False, 3
3628,0, 700, False, 0
3629,0, 700, False, 3
3630,0, 700, False, 3
3631,0, 700, False, 3
3632,0, 700, False, 3
3633,0, 700, False, 3
3634,0, 700, False, 3
3635,0, 700, False, 3
3636,0, 700, False, 3
3637,0, 700, False, 3
3638,0, 700, False, 3
3639,0, 700, False, 3
3640,0, 700, False, 3
3641,0, 700, False, 3
3642,0, 700, False, 3
3643,0, 700, False, 3
3644,0, 700, False, 3
3645,0, 700, False, 3
3646,0, 700, False, 3
3647,0, 700, False, 3
3648,0, 700, False, 3
3649,0, 700, False, 3
3650,0, 700, False, 3
3651,0, 700, False, 3
3652,0, 700, False, 3
3653,0, 700, False, 3
3654,0, 700, False, 3
3655,0, 700, False, 0
3656,0, 700, False, 3
3657,0, 700, False, 3
3658,0, 700, False, 3
3659,0, 700, False, 3
3660,0, 700, False, 3
3661,0, 700, False, 3
3662,0, 700, False, 3
3663,0, 700, False, 3
3664,0, 700, False, 3
3665,0, 700, False, 3
3666,0, 700, False, 3
3667,0, 700, False, 3
3668,0, 700, False, 3
3669,0, 700, False, 3
3670,0, 700, False, 3
3671,0, 700, False, 3
3672,0, 700, False, 3
3673,0, 700, False, 3
3674,0, 700, False, 3
3675,0, 700, False, 3
3676,0, 700, False, 3
3677,0, 700, False, 3
3678,0, 700, False, 3
3679,0, 700, False, 3
3680,0, 700, False, 3
3681,0, 700, False, 3
3682,0, 700, False, 3
3683,0, 700, False, 3
3684,0, 700, False, 3
3685,0, 700, False, 3
3686,0, 700, False, 3
3687,0, 700, False, 3
3688,0, 700, False, 3
3689,0, 700, False, 3
3690,0, 700, False, 3
3691,0, 700, False, 3
3692,0, 700, False, 3
3693,0, 700, False, 3
3694,0, 700, False, 3
3695,0, 700, False, 3
3696,0, 700, False, 3
3697,0, 700, False, 3
3698,0, 700, False, 3
3699,0, 700, False, 3
3700,0, 700, False, 3
3701,0, 700, False, 3
3702,0, 700, False, 3
3703,0, 700, False, 3
3704,0, 700, False, 3
3705,0, 700, False, 3
3706,0, 700, False, 3
3707,0, 700, False, 3
3708,0, 700, False, 3
3709,0, 700, False, 3
3710,0, 700, False, 3
3711,0, 700, False, 3
3712,0, 700, False, 3
3713,0, 700, False, 3
3714,0, 700, False, 3
3715,0, 700, False, 3
3716,0, 700, False, 3
3717,0, 700, False, 3
3718,0, 700, False, 3
3719,0, 700, False, 3
3720,0, 700, False, 3
3721,0, 700, False, 3
3722,0, 700, False, 3
3723,0, 700, False, 3
3724,0, 700, False, 3
3725,0, 700, False, 3
3726,0, 700, False, 3
3727,0, 700, False, 3
3728,0, 700, False, 3
3729,0, 700, False, 3
3730,0, 700, False, 3
3731,0, 700, False, 3
3732,0, 700, False, 3
3733,0, 700, False, 3
3734,0, 700, False, 0
3735,0, 700, False, 0
3736,0, 700, False, 0
3737,0, 700, False, 0
3738,0, 700, False, 3
3739,0, 700, False, 3
3740,0, 700, False, 3
3741,0, 700, False, 3
3742,0, 700, False, 3
3743,0, 700, False, 3
3744,0, 700, False, 3
3745,0, 700, False, 3
3746,0, 700, False, 3
3747,0, 700, False, 3
3748,0, 700, False, 3
3749,0, 700, False, 3
3750,0, 700, False, 3
3751,0, 700, False, 3
3752,0, 700, False, 3
3753,0, 700, False, 11
3754,0, 700, False, 11
3755,0, 700, False, 11
3756,0, 700, False, 11
3757,0, 700, False, 11
3758,0, 700, False, 1
3759,0, 700, False, 1
3760,0, 700, False, 1
3761,0, 700, False, 1
3762,0, 700, False, 1
3763,0, 700, False, 0
3764,0, 700, False, 0
3765,0, 700, False, 1
3766,0, 700, False, 1
3767,0, 700, False, 1
3768,0, 700, False, 1
3769,0, 700, False, 1
3770,0, 700, False, 1
3771,0, 700, False, 1
3772,0, 700, False, 1
3773,0, 700, False, 1
3774,0, 700, False, 0
3775,0, 700, False, 0
3776,0, 700, False, 0
3777,0, 700, False, 0
3778,0, 700, False, 1
3779,0, 700, False, 1
3780,0, 700, False, 1
3781,0, 700, False, 1
3782,0, 700, False, 1
3783,0, 700, False, 1
3784,0, 700, False, 1
3785,0, 700, False, 1
3786,0, 700, False, 0
3787,0, 700, False, 0
3788,0, 700, False, 0
3789,0, 700, False, 0
3790,0, 700, False, 1
3791,0, 700, False, 1
3792,0, 700, False, 1
3793,0, 700, False, 1
3794,0, 700, False, 1
3795,0, 700, False, 1
3796,0, 700, False, 1
3797,0, 700, False, 1
3798,0, 700, False, 0
3799,0, 700, False, 0
3800,0, 700, False, 0
3801,0, 700, False, 0
3802,0, 700, False, 1
3803,0, 700, False, 1
3804,0, 700, False, 1
3805,0, 700, False, 1
3806,0, 700, False, 1
3807,0, 700, False, 1
3808,0, 700, False, 1
3809,0, 700, False, 1
3810,0, 700, False, 1
3811,0, 700, False, 1
3812,0, 700, False, 0
3813,0, 700, False, 4
3814,0, 700, False, 4
3815,0, 700, False, 4
3816,0, 700, False, 4
3817,0, 700, False, 4
3818,0, 700, False, 4
3819,0, 700, False, 4
3820,0, 700, False, 4
3821,0, 700, False, 4
3822,0, 700, False, 4
3823,0, 700, False, 4
3824,0, 700, False, 4
3825,0, 700, False, 4
3826,0, 700, False, 4
3827,0, 700, False, 4
3828,0, 700, False, 4
3829,0, 700, False, 4
3830,0, 700, False, 4
3831,0, 700, False, 4
3832,0, 700, False, 4
3833,0, 700, False, 4
3834,0, 700, False, 4
3835,0, 700, False, 4
3836,0, 700, False, 4
3837,0, 700, False, 4
3838,0, 700, False, 4
3839,0, 700, False, 4
3840,0, 700, False, 4
3841,0, 700, False, 4
3842,0, 700, False, 4
3843,0, 700, False, 4
3844,0, 700, False, 4
3845,0, 700, False, 4
3846,0, 700, False, 4
3847,0, 700, False, 4
3848,0, 700, False, 4
3849,0, 700, False, 4
3850,0, 700, False, 4
3851,0, 700, False, 4
3852,0, 700, False, 4
3853,0, 700, False, 4
3854,0, 700, False, 4
3855,0, 700, False, 4
3856,0, 700, False, 4
3857,0, 700, False, 4
3858,0, 700, False, 4
3859,0, 700, False, 4
3860,0, 700, False, 4
3861,0, 700, False, 0
3862,0, 700, False, 0
3863,0, 700, False, 0
3864,0, 700, False, 0
3865,0, 700, False, 0
3866,0, 700, False, 0
3867,0, 700, False, 0
3868,0, 700, False, 0
3869,0, 700, False, 0
3870,0, 700, False, 0
3871,0, 700, False, 0
3872,0, 700, False, 0
3873,0, 700, False, 0
3874,0, 700, False, 0
3875,0, 700, False, 0
3876,0, 700, False, 0
3877,0, 700, False, 0
3878,0, 700, False, 0
3879,0, 700, False, 0
3880,0, 700, False, 0
3881,0, 700, False, 0
3882,0, 700, False, 0
3883,0, 700, False, 0
3884,0, 700, False, 0
3885,0, 700, False, 0
3886,0, 700, False, 0
3887,0, 700, False, 0
3888,0, 700, False, 0
3889,0, 700, False, 0
3890,0, 700, False, 0
3891,0, 700, False, 0
3892,0, 700, False, 0
3893,0, 700, False, 0
3894,0, 700, False, 0
3895,0, 700, False, 0
3896,0, 700, False, 0
3897,0, 700, False, 0
3898,0, 700, False, 0
3899,0, 700, False, 0
3900,0, 700, False, 0
3901,0, 700, False, 0
3902,0, 700, False, 0
3903,0, 700, False, 0
3904,0, 700, False, 0
3905,0, 700, False, 0
3906,0, 700, False, 0
3907,0, 700, False, 0
3908,0, 700, False, 0
3909,0, 700, False, 0
3910,0, 700, False, 0
3911,0, 700, False, 0
3912,0, 700, False, 0
3913,0, 700, False, 0
3914,0, 700, False, 0
3915,0, 700, False, 0
3916,0, 700, False, 0
3917,0, 700, False, 0
3918,0, 700, False, 0
3919,0, 700, False, 0
3920,0, 700, False, 0
3921,0, 700, False, 0
3922,0, 700, False, 0
3923,0, 700, False, 0
3924,0, 700, False, 0
3925,0, 700, False, 0
3926,0, 700, False, 0
3927,0, 700, False, 0
3928,0, 700, False, 0
3929,0, 700, False, 0
3930,0, 700, False, 0
3931,0, 700, False, 0
3932,0, 700, False, 0
3933,0, 700, False, 0
3934,0, 700, False, 0
3935,0, 700, False, 0
3936,0, 700, False, 0
3937,0, 700, False, 0
3938,0, 700, False, 0
3939,0, 700, False, 0
3940,0, 700, False, 0
3941,0, 700, False, 0
3942,0, 700, False, 0
3943,0, 700, False, 0
3944,0, 700, False, 0
3945,0, 700, False, 0
3946,0, 700, False, 0
3947,0, 700, False, 0
3948,0, 700, False, 0
3949,0, 700, False, 0
3950,0, 700, False, 0
3951,0, 700, False, 0
3952,0, 700, False, 0
3953,0, 700, False, 0
3954,0, 700, False, 0
3955,0, 700, False, 0
3956,0, 700, False, 0
3957,0, 700, False, 0
3958,0, 700, False, 0
3959,0, 700, False, 0
3960,0, 700, False, 0
3961,0, 700, False, 0
3962,0, 700, False, 0
3963,0, 700, False, 0
3964,0, 700, False, 0
3965,0, 700, False, 0
3966,0, 700, False, 0
3967,0, 700, False, 0
3968,0, 700, False, 0
3969,0, 700, False, 0
3970,0, 700, False, 0
3971,0, 700, False, 0
3972,0, 700, False, 0
3973,0, 700, False, 0
3974,0, 700, False, 0
3975,0, 700, False, 0
3976,0, 700, False, 0
3977,0, 700, False, 0
3978,0, 700, False, 0
3979,0, 700, False, 0
3980,0, 700, False, 0
3981,0, 700, False, 0
3982,0, 700, False, 0
3983,0, 700, False, 0
3984,0, 700, False, 1
3985,0, 700, False, 1
3986,0, 700, False, 1
3987,0, 700, False, 1
3988,0, 700, False, 1
3989,0, 700, False, 1
3990,0, 700, False, 1
3991,0, 700, False, 1
3992,0, 700, False, 1
3993,0, 700, False, 0
3994,0, 700, False, 0
3995,0, 700, False, 0
3996,0, 700, False, 0
3997,0, 700, False, 0
3998,0, 700, False, 0
3999,0, 700, False, 0
4000,0, 700, False, 1
4001,0, 700, False, 1
4002,0, 700, False, 1
4003,0, 700, False, 1
4004,0, 700, False, 1
4005,0, 700, False, 1
4006,0, 700, False, 1
4007,0, 700, False, 0
4008,0, 700, False, 0
4009,0, 700, False, 0
4010,0, 700, False, 0
4011,0, 700, False, 0
4012,0, 700, False, 0
4013,0, 700, False, 0
4014,0, 700, False, 0
4015,0, 700, False, 0
4016,0, 700, False, 1
4017,0, 700, False, 1
4018,0, 700, False, 1
4019,0, 700, False, 1
4020,0, 700, False, 1
4021,0, 700, False, 1
4022,0, 700, False, 1
4023,0, 700, False, 1
4024,0, 700, False, 0
4025,0, 700, False, 0
4026,0, 700, False, 0
4027,0, 700, False, 0
4028,0, 700, False, 0
4029,0, 700, False, 0
4030,0, 700, False, 3
4031,0, 700, False, 3
4032,0, 700, False, 3
4033,0, 700, False, 3
4034,0, 700, False, 3
4035,0, 700, False, 3
4036,0, 700, False, 3
4037,0, 700, False, 3
4038,0, 700, False, 3
4039,0, 700, False, 3
4040,0, 700, False, 3
4041,0, 700, False, 3
4042,0, 700, False, 3
4043,0, 700, False, 3
4044,0, 700, False, 3
4045,0, 700, False, 0
4046,0, 700, False, 1
4047,0, 700, False, 1
4048,0, 700, False, 1
4049,0, 700, False, 1
4050,0, 700, False, 1
4051,0, 700, False, 1
4052,0, 700, False, 1
4053,0, 700, False, 1
4054,0, 700, False, 0
4055,0, 700, False, 0
4056,0, 700, False, 0
4057,0, 700, False, 0
4058,0, 700, False, 1
4059,0, 700, False, 1
4060,0, 700, False, 1
4061,0, 700, False, 1
4062,0, 700, False, 1
4063,0, 700, False, 1
4064,0, 700, False, 1
4065,0, 700, False, 0
4066,0, 700, False, 0
4067,0, 700, False, 0
4068,0, 700, False, 0
4069,0, 700, False, 0
4070,0, 700, False, 1
4071,0, 700, False, 1
4072,0, 700, False, 1
4073,0, 700, False, 1
4074,0, 700, False, 1
4075,0, 700, False, 1
4076,0, 700, False, 0
4077,0, 700, False, 0
4078,0, 700, False, 0
4079,0, 700, False, 0
4080,0, 700, False, 3
4081,0, 700, False, 3
4082,0, 700, False, 3
4083,0, 700, False, 3
4084,0, 700, False, 3
4085,0, 700, False, 3
4086,0, 700, False, 3
4087,0, 700, False, 3
4088,0, 700, False, 3
4089,0, 700, False, 3
4090,0, 700, False, 3
4091,0, 700, False, 3
4092,0, 700, False, 3
4093,0, 700, False, 3
4094,0, 700, False, 3
4095,0, 700, False, 3
4096,0, 700, False, 3
4097,0, 700, False, 3
4098,0, 700, False, 3
4099,0, 700, False, 3
4100,0, 700, False, 3
4101,0, 700, False, 3
4102,0, 700, False, 3
4103,0, 700, False, 3
4104,0, 700, False, 3
4105,0, 700, False, 3
4106,0, 700, False, 3
4107,0, 700, False, 3
4108,0, 700, False, 3
4109,0, 700, False, 11
4110,0, 700, False, 11
4111,0, 700, False, 1
4112,0, 700, False, 1
4113,0, 700, False, 1
4114,0, 700, False, 1
4115,0, 700, False, 1
4116,0, 700, False, 1
4117,0, 700, False, 1
4118,0, 700, False, 0
4119,0, 700, False, 0
4120,0, 700, False, 1
4121,0, 700, False, 1
4122,0, 700, False, 1
4123,0, 700, False, 1
4124,0, 700, False, 1
4125,0, 700, False, 1
4126,0, 700, False, 1
4127,20, 720, False, 1
4128,0, 720, False, 1
4129,0, 720, False, 0
4130,0, 720, False, 0
4131,0, 720, False, 0
4132,0, 720, False, 0
4133,0, 720, False, 1
4134,0, 720, False, 1
4135,0, 720, False, 1
4136,0, 720, False, 1
4137,0, 720, False, 1
4138,0, 720, False, 1
4139,0, 720, False, 1
4140,0, 720, False, 1
4141,0, 720, False, 0
4142,0, 720, False, 0
4143,0, 720, False, 0
4144,0, 720, False, 0
4145,0, 720, False, 1
4146,0, 720, False, 1
4147,0, 720, False, 1
4148,0, 720, False, 1
4149,0, 720, False, 1
4150,0, 720, False, 1
4151,0, 720, False, 1
4152,0, 720, False, 1
4153,0, 720, False, 1
4154,0, 720, False, 0
4155,25, 745, False, 0
4156,0, 745, False, 0
4157,0, 745, False, 1
4158,0, 745, False, 1
4159,0, 745, False, 1
4160,0, 745, False, 1
4161,0, 745, False, 1
4162,0, 745, False, 1
4163,0, 745, False, 1
4164,0, 745, False, 1
4165,0, 745, False, 1
4166,0, 745, False, 0
4167,0, 745, False, 0
4168,0, 745, False, 0
4169,0, 745, False, 0
4170,0, 745, False, 1
4171,0, 745, False, 1
4172,0, 745, False, 1
4173,0, 745, False, 1
4174,0, 745, False, 1
4175,0, 745, False, 1
4176,0, 745, False, 1
4177,0, 745, False, 1
4178,0, 745, False, 1
4179,0, 745, False, 0
4180,0, 745, False, 0
4181,0, 745, False, 0
4182,0, 745, False, 1
4183,0, 745, False, 1
4184,0, 745, False, 1
4185,0, 745, False, 1
4186,0, 745, False, 1
4187,0, 745, False, 1
4188,0, 745, False, 1
4189,0, 745, False, 1
4190,0, 745, False, 1
4191,0, 745, False, 0
4192,0, 745, False, 0
4193,30, 775, False, 0
4194,0, 775, False, 1
4195,0, 775, False, 1
4196,0, 775, False, 1
4197,0, 775, False, 1
4198,0, 775, False, 1
4199,0, 775, False, 1
4200,0, 775, False, 1
4201,0, 775, False, 1
4202,0, 775, False, 1
4203,0, 775, False, 1
4204,0, 775, False, 0
4205,0, 775, False, 0
4206,0, 775, False, 1
4207,0, 775, False, 1
4208,0, 775, False, 1
4209,0, 775, False, 1
4210,0, 775, False, 1
4211,0, 775, False, 1
4212,0, 775, False, 1
4213,0, 775, False, 1
4214,0, 775, False, 1
4215,0, 775, False, 1
4216,0, 775, False, 1
4217,0, 775, False, 1
4218,0, 775, False, 0
4219,0, 775, False, 0
4220,0, 775, False, 0
4221,0, 775, False, 0
4222,0, 775, False, 0
4223,0, 775, False, 0
4224,0, 775, False, 0
4225,0, 775, False, 1
4226,0, 775, False, 1
4227,0, 775, False, 1
4228,0, 775, False, 1
4229,0, 775, False, 1
4230,0, 775, False, 1
4231,0, 775, False, 1
4232,0, 775, False, 1
4233,0, 775, False, 0
4234,0, 775, False, 0
4235,0, 775, False, 0
4236,0, 775, False, 0
4237,0, 775, False, 0
4238,0, 775, False, 0
4239,0, 775, False, 1
4240,0, 775, False, 1
4241,0, 775, False, 1
4242,0, 775, False, 1
4243,0, 775, False, 1
4244,0, 775, False, 1
4245,0, 775, False, 1
4246,0, 775, False, 1
4247,0, 775, False, 1
4248,0, 775, False, 0
4249,0, 775, False, 0
4250,0, 775, False, 0
4251,0, 775, False, 0
4252,0, 775, False, 0
4253,0, 775, False, 0
4254,0, 775, False, 4
4255,0, 775, False, 4
4256,0, 775, False, 4
4257,0, 775, False, 4
4258,0, 775, False, 4
4259,0, 775, False, 4
4260,0, 775, False, 4
4261,0, 775, False, 4
4262,0, 775, False, 4
4263,0, 775, False, 4
4264,0, 775, False, 4
4265,0, 775, False, 4
4266,0, 775, False, 4
4267,0, 775, False, 4
4268,0, 775, False, 4
4269,0, 775, False, 4
4270,0, 775, False, 4
4271,0, 775, False, 4
4272,0, 775, False, 4
4273,0, 775, False, 4
4274,0, 775, False, 4
4275,0, 775, False, 4
4276,0, 775, False, 4
4277,0, 775, False, 4
4278,0, 775, False, 4
4279,0, 775, False, 4
4280,0, 775, False, 4
4281,0, 775, False, 4
4282,0, 775, False, 4
4283,0, 775, False, 4
4284,0, 775, False, 4
4285,0, 775, False, 4
4286,0, 775, False, 4
4287,0, 775, False, 4
4288,0, 775, False, 4
4289,0, 775, False, 4
4290,0, 775, False, 4
4291,0, 775, False, 4
4292,0, 775, False, 0
4293,0, 775, False, 0
4294,0, 775, False, 0
4295,0, 775, False, 0
4296,0, 775, False, 0
4297,0, 775, False, 0
4298,0, 775, False, 0
4299,0, 775, False, 0
4300,0, 775, False, 0
4301,0, 775, False, 0
4302,0, 775, False, 0
4303,0, 775, False, 0
4304,0, 775, False, 0
4305,0, 775, False, 0
4306,0, 775, False, 0
4307,0, 775, False, 0
4308,0, 775, False, 0
4309,0, 775, False, 0
4310,0, 775, False, 0
4311,0, 775, False, 0
4312,0, 775, False, 0
4313,0, 775, False, 0
4314,0, 775, False, 0
4315,0, 775, False, 0
4316,0, 775, False, 0
4317,0, 775, False, 0
4318,0, 775, False, 0
4319,0, 775, False, 0
4320,0, 775, False, 0
4321,0, 775, False, 0
4322,0, 775, False, 0
4323,0, 775, False, 0
4324,0, 775, False, 0
4325,0, 775, False, 0
4326,0, 775, False, 0
4327,0, 775, False, 0
4328,0, 775, False, 0
4329,0, 775, False, 0
4330,0, 775, False, 0
4331,0, 775, False, 0
4332,0, 775, False, 0
4333,0, 775, False, 0
4334,0, 775, True, 0
