db traj id : 3154
frame,reward,score,terminal, action
0,0, 0, False, 0
1,0, 0, False, 0
2,0, 0, False, 0
3,0, 0, False, 0
4,0, 0, False, 0
5,0, 0, False, 0
6,0, 0, False, 0
7,0, 0, False, 0
8,0, 0, False, 0
9,0, 0, False, 0
10,0, 0, False, 0
11,0, 0, False, 0
12,0, 0, False, 0
13,0, 0, False, 0
14,0, 0, False, 0
15,0, 0, False, 0
16,0, 0, False, 0
17,0, 0, False, 0
18,0, 0, False, 0
19,0, 0, False, 0
20,0, 0, False, 0
21,0, 0, False, 0
22,0, 0, False, 0
23,0, 0, False, 0
24,0, 0, False, 0
25,0, 0, False, 0
26,0, 0, False, 0
27,0, 0, False, 0
28,0, 0, False, 0
29,0, 0, False, 0
30,0, 0, False, 0
31,0, 0, False, 0
32,0, 0, False, 0
33,0, 0, False, 0
34,0, 0, False, 0
35,0, 0, False, 0
36,0, 0, False, 0
37,0, 0, False, 0
38,0, 0, False, 0
39,0, 0, False, 0
40,0, 0, False, 0
41,0, 0, False, 0
42,0, 0, False, 0
43,0, 0, False, 0
44,0, 0, False, 0
45,0, 0, False, 0
46,0, 0, False, 0
47,0, 0, False, 0
48,0, 0, False, 0
49,0, 0, False, 0
50,0, 0, False, 0
51,0, 0, False, 0
52,0, 0, False, 0
53,0, 0, False, 0
54,0, 0, False, 0
55,0, 0, False, 0
56,0, 0, False, 0
57,0, 0, False, 0
58,0, 0, False, 0
59,0, 0, False, 0
60,0, 0, False, 0
61,0, 0, False, 0
62,0, 0, False, 0
63,0, 0, False, 0
64,0, 0, False, 0
65,0, 0, False, 0
66,0, 0, False, 0
67,0, 0, False, 0
68,0, 0, False, 0
69,0, 0, False, 0
70,0, 0, False, 0
71,0, 0, False, 0
72,0, 0, False, 0
73,0, 0, False, 0
74,0, 0, False, 0
75,0, 0, False, 0
76,0, 0, False, 0
77,0, 0, False, 0
78,0, 0, False, 0
79,0, 0, False, 0
80,0, 0, False, 0
81,0, 0, False, 0
82,0, 0, False, 0
83,0, 0, False, 0
84,0, 0, False, 0
85,0, 0, False, 0
86,0, 0, False, 0
87,0, 0, False, 0
88,0, 0, False, 0
89,0, 0, False, 0
90,0, 0, False, 0
91,0, 0, False, 0
92,0, 0, False, 0
93,0, 0, False, 0
94,0, 0, False, 0
95,0, 0, False, 0
96,0, 0, False, 0
97,0, 0, False, 0
98,0, 0, False, 0
99,0, 0, False, 0
100,0, 0, False, 0
101,0, 0, False, 0
102,0, 0, False, 0
103,0, 0, False, 0
104,0, 0, False, 0
105,0, 0, False, 0
106,0, 0, False, 0
107,0, 0, False, 0
108,0, 0, False, 0
109,0, 0, False, 0
110,0, 0, False, 0
111,0, 0, False, 0
112,0, 0, False, 0
113,0, 0, False, 0
114,0, 0, False, 0
115,0, 0, False, 0
116,0, 0, False, 0
117,0, 0, False, 0
118,0, 0, False, 0
119,0, 0, False, 0
120,0, 0, False, 0
121,0, 0, False, 0
122,0, 0, False, 0
123,0, 0, False, 0
124,0, 0, False, 0
125,0, 0, False, 0
126,0, 0, False, 0
127,0, 0, False, 0
128,0, 0, False, 0
129,0, 0, False, 0
130,0, 0, False, 0
131,0, 0, False, 0
132,0, 0, False, 0
133,0, 0, False, 0
134,0, 0, False, 0
135,0, 0, False, 0
136,0, 0, False, 0
137,0, 0, False, 0
138,0, 0, False, 0
139,0, 0, False, 4
140,0, 0, False, 4
141,0, 0, False, 4
142,0, 0, False, 4
143,0, 0, False, 4
144,0, 0, False, 4
145,0, 0, False, 4
146,0, 0, False, 4
147,0, 0, False, 4
148,0, 0, False, 4
149,0, 0, False, 4
150,0, 0, False, 0
151,0, 0, False, 0
152,0, 0, False, 0
153,0, 0, False, 0
154,0, 0, False, 0
155,0, 0, False, 0
156,0, 0, False, 0
157,0, 0, False, 0
158,0, 0, False, 0
159,0, 0, False, 0
160,0, 0, False, 0
161,0, 0, False, 0
162,0, 0, False, 0
163,0, 0, False, 0
164,0, 0, False, 0
165,0, 0, False, 0
166,0, 0, False, 0
167,0, 0, False, 4
168,0, 0, False, 4
169,0, 0, False, 4
170,0, 0, False, 4
171,0, 0, False, 4
172,0, 0, False, 4
173,0, 0, False, 4
174,0, 0, False, 4
175,0, 0, False, 4
176,0, 0, False, 4
177,0, 0, False, 4
178,0, 0, False, 4
179,0, 0, False, 0
180,0, 0, False, 0
181,0, 0, False, 0
182,0, 0, False, 0
183,0, 0, False, 0
184,0, 0, False, 0
185,0, 0, False, 0
186,0, 0, False, 0
187,0, 0, False, 0
188,0, 0, False, 0
189,0, 0, False, 0
190,0, 0, False, 0
191,0, 0, False, 0
192,0, 0, False, 0
193,0, 0, False, 0
194,0, 0, False, 0
195,0, 0, False, 0
196,0, 0, False, 4
197,0, 0, False, 4
198,0, 0, False, 4
199,0, 0, False, 4
200,0, 0, False, 4
201,0, 0, False, 4
202,0, 0, False, 4
203,0, 0, False, 4
204,0, 0, False, 4
205,0, 0, False, 4
206,0, 0, False, 0
207,0, 0, False, 0
208,0, 0, False, 0
209,0, 0, False, 0
210,0, 0, False, 0
211,0, 0, False, 0
212,0, 0, False, 0
213,0, 0, False, 0
214,0, 0, False, 0
215,0, 0, False, 0
216,0, 0, False, 0
217,0, 0, False, 0
218,0, 0, False, 0
219,0, 0, False, 0
220,0, 0, False, 0
221,0, 0, False, 0
222,0, 0, False, 0
223,0, 0, False, 0
224,0, 0, False, 0
225,0, 0, False, 0
226,0, 0, False, 0
227,0, 0, False, 0
228,0, 0, False, 0
229,0, 0, False, 0
230,0, 0, False, 0
231,0, 0, False, 0
232,0, 0, False, 3
233,0, 0, False, 3
234,0, 0, False, 3
235,0, 0, False, 3
236,0, 0, False, 3
237,0, 0, False, 3
238,0, 0, False, 3
239,0, 0, False, 3
240,0, 0, False, 3
241,0, 0, False, 3
242,0, 0, False, 3
243,0, 0, False, 3
244,0, 0, False, 3
245,0, 0, False, 3
246,0, 0, False, 3
247,0, 0, False, 3
248,0, 0, False, 3
249,0, 0, False, 3
250,0, 0, False, 3
251,0, 0, False, 3
252,0, 0, False, 3
253,0, 0, False, 3
254,0, 0, False, 3
255,0, 0, False, 3
256,0, 0, False, 3
257,0, 0, False, 3
258,0, 0, False, 3
259,0, 0, False, 3
260,0, 0, False, 3
261,0, 0, False, 3
262,0, 0, False, 3
263,0, 0, False, 3
264,0, 0, False, 3
265,0, 0, False, 3
266,0, 0, False, 3
267,0, 0, False, 3
268,0, 0, False, 3
269,0, 0, False, 3
270,0, 0, False, 3
271,0, 0, False, 3
272,0, 0, False, 3
273,0, 0, False, 3
274,0, 0, False, 3
275,0, 0, False, 3
276,0, 0, False, 3
277,0, 0, False, 3
278,0, 0, False, 3
279,0, 0, False, 3
280,0, 0, False, 3
281,0, 0, False, 3
282,0, 0, False, 3
283,0, 0, False, 3
284,0, 0, False, 3
285,0, 0, False, 3
286,0, 0, False, 3
287,0, 0, False, 3
288,0, 0, False, 11
289,0, 0, False, 11
290,0, 0, False, 11
291,0, 0, False, 11
292,0, 0, False, 3
293,0, 0, False, 3
294,0, 0, False, 3
295,0, 0, False, 3
296,0, 0, False, 3
297,0, 0, False, 3
298,0, 0, False, 3
299,0, 0, False, 3
300,0, 0, False, 3
301,0, 0, False, 3
302,0, 0, False, 3
303,0, 0, False, 3
304,0, 0, False, 3
305,0, 0, False, 3
306,0, 0, False, 3
307,0, 0, False, 3
308,0, 0, False, 3
309,0, 0, False, 3
310,0, 0, False, 3
311,0, 0, False, 3
312,0, 0, False, 3
313,0, 0, False, 3
314,0, 0, False, 3
315,0, 0, False, 3
316,5, 5, False, 3
317,0, 5, False, 3
318,0, 5, False, 3
319,0, 5, False, 3
320,0, 5, False, 3
321,0, 5, False, 3
322,0, 5, False, 3
323,0, 5, False, 3
324,0, 5, False, 3
325,0, 5, False, 3
326,0, 5, False, 3
327,0, 5, False, 3
328,0, 5, False, 3
329,0, 5, False, 3
330,0, 5, False, 3
331,0, 5, False, 3
332,0, 5, False, 3
333,0, 5, False, 3
334,0, 5, False, 3
335,0, 5, False, 3
336,0, 5, False, 3
337,0, 5, False, 3
338,0, 5, False, 3
339,0, 5, False, 3
340,0, 5, False, 3
341,0, 5, False, 0
342,0, 5, False, 0
343,0, 5, False, 0
344,0, 5, False, 0
345,0, 5, False, 0
346,0, 5, False, 0
347,0, 5, False, 0
348,0, 5, False, 0
349,0, 5, False, 4
350,0, 5, False, 4
351,0, 5, False, 4
352,0, 5, False, 4
353,0, 5, False, 4
354,0, 5, False, 4
355,0, 5, False, 4
356,0, 5, False, 4
357,0, 5, False, 4
358,0, 5, False, 4
359,0, 5, False, 4
360,0, 5, False, 4
361,0, 5, False, 4
362,0, 5, False, 4
363,0, 5, False, 4
364,0, 5, False, 0
365,0, 5, False, 0
366,0, 5, False, 0
367,0, 5, False, 0
368,0, 5, False, 0
369,0, 5, False, 0
370,0, 5, False, 0
371,0, 5, False, 0
372,0, 5, False, 0
373,0, 5, False, 0
374,0, 5, False, 0
375,0, 5, False, 0
376,0, 5, False, 1
377,0, 5, False, 1
378,0, 5, False, 1
379,0, 5, False, 1
380,0, 5, False, 1
381,0, 5, False, 1
382,0, 5, False, 1
383,0, 5, False, 0
384,0, 5, False, 0
385,0, 5, False, 0
386,0, 5, False, 0
387,0, 5, False, 0
388,0, 5, False, 0
389,0, 5, False, 0
390,0, 5, False, 0
391,0, 5, False, 0
392,0, 5, False, 0
393,0, 5, False, 0
394,0, 5, False, 0
395,0, 5, False, 0
396,0, 5, False, 0
397,0, 5, False, 0
398,0, 5, False, 0
399,0, 5, False, 0
400,0, 5, False, 0
401,0, 5, False, 0
402,5, 10, False, 0
403,0, 10, False, 0
404,0, 10, False, 0
405,0, 10, False, 0
406,0, 10, False, 0
407,0, 10, False, 0
408,0, 10, False, 0
409,0, 10, False, 0
410,0, 10, False, 1
411,0, 10, False, 1
412,0, 10, False, 1
413,0, 10, False, 1
414,0, 10, False, 1
415,0, 10, False, 0
416,0, 10, False, 0
417,0, 10, False, 0
418,0, 10, False, 0
419,0, 10, False, 0
420,0, 10, False, 0
421,0, 10, False, 1
422,0, 10, False, 1
423,0, 10, False, 1
424,0, 10, False, 1
425,0, 10, False, 1
426,0, 10, False, 0
427,0, 10, False, 0
428,0, 10, False, 0
429,0, 10, False, 0
430,0, 10, False, 0
431,0, 10, False, 0
432,0, 10, False, 0
433,0, 10, False, 0
434,0, 10, False, 0
435,0, 10, False, 0
436,0, 10, False, 0
437,0, 10, False, 1
438,0, 10, False, 1
439,0, 10, False, 1
440,0, 10, False, 1
441,0, 10, False, 1
442,0, 10, False, 0
443,0, 10, False, 0
444,10, 20, False, 0
445,0, 20, False, 0
446,0, 20, False, 0
447,0, 20, False, 0
448,0, 20, False, 0
449,0, 20, False, 0
450,0, 20, False, 0
451,0, 20, False, 1
452,0, 20, False, 1
453,0, 20, False, 1
454,0, 20, False, 1
455,0, 20, False, 0
456,0, 20, False, 0
457,0, 20, False, 0
458,0, 20, False, 0
459,0, 20, False, 0
460,0, 20, False, 0
461,0, 20, False, 0
462,0, 20, False, 0
463,0, 20, False, 1
464,0, 20, False, 1
465,0, 20, False, 1
466,0, 20, False, 0
467,0, 20, False, 0
468,0, 20, False, 0
469,0, 20, False, 0
470,0, 20, False, 0
471,0, 20, False, 0
472,0, 20, False, 1
473,0, 20, False, 1
474,0, 20, False, 1
475,0, 20, False, 1
476,0, 20, False, 1
477,0, 20, False, 1
478,0, 20, False, 0
479,0, 20, False, 0
480,0, 20, False, 0
481,0, 20, False, 0
482,0, 20, False, 0
483,0, 20, False, 0
484,0, 20, False, 4
485,0, 20, False, 4
486,0, 20, False, 4
487,0, 20, False, 4
488,0, 20, False, 4
489,0, 20, False, 4
490,0, 20, False, 4
491,0, 20, False, 4
492,0, 20, False, 4
493,0, 20, False, 4
494,0, 20, False, 4
495,0, 20, False, 4
496,15, 35, False, 4
497,0, 35, False, 4
498,0, 35, False, 4
499,0, 35, False, 4
500,0, 35, False, 4
501,0, 35, False, 4
502,0, 35, False, 4
503,0, 35, False, 4
504,0, 35, False, 4
505,0, 35, False, 4
506,0, 35, False, 4
507,0, 35, False, 4
508,0, 35, False, 4
509,0, 35, False, 4
510,0, 35, False, 4
511,0, 35, False, 0
512,0, 35, False, 0
513,0, 35, False, 0
514,0, 35, False, 0
515,0, 35, False, 0
516,0, 35, False, 0
517,0, 35, False, 0
518,0, 35, False, 0
519,0, 35, False, 0
520,0, 35, False, 0
521,0, 35, False, 4
522,0, 35, False, 4
523,0, 35, False, 4
524,0, 35, False, 4
525,0, 35, False, 4
526,0, 35, False, 4
527,0, 35, False, 4
528,0, 35, False, 4
529,0, 35, False, 4
530,0, 35, False, 4
531,0, 35, False, 0
532,0, 35, False, 0
533,0, 35, False, 0
534,0, 35, False, 0
535,0, 35, False, 0
536,0, 35, False, 0
537,0, 35, False, 0
538,0, 35, False, 4
539,0, 35, False, 4
540,0, 35, False, 4
541,0, 35, False, 4
542,0, 35, False, 4
543,0, 35, False, 4
544,0, 35, False, 4
545,0, 35, False, 4
546,0, 35, False, 4
547,0, 35, False, 4
548,0, 35, False, 4
549,0, 35, False, 4
550,0, 35, False, 12
551,0, 35, False, 12
552,0, 35, False, 12
553,0, 35, False, 4
554,0, 35, False, 4
555,0, 35, False, 4
556,0, 35, False, 0
557,0, 35, False, 0
558,0, 35, False, 0
559,0, 35, False, 0
560,0, 35, False, 0
561,0, 35, False, 0
562,0, 35, False, 0
563,0, 35, False, 0
564,0, 35, False, 0
565,0, 35, False, 0
566,0, 35, False, 0
567,0, 35, False, 0
568,0, 35, False, 0
569,0, 35, False, 0
570,0, 35, False, 0
571,0, 35, False, 0
572,0, 35, False, 0
573,0, 35, False, 0
574,0, 35, False, 0
575,0, 35, False, 0
576,0, 35, False, 0
577,0, 35, False, 0
578,0, 35, False, 0
579,0, 35, False, 0
580,0, 35, False, 0
581,0, 35, False, 0
582,0, 35, False, 0
583,0, 35, False, 0
584,0, 35, False, 0
585,0, 35, False, 0
586,10, 45, False, 0
587,0, 45, False, 0
588,0, 45, False, 0
589,0, 45, False, 0
590,0, 45, False, 0
591,0, 45, False, 0
592,0, 45, False, 0
593,0, 45, False, 0
594,0, 45, False, 0
595,0, 45, False, 1
596,0, 45, False, 1
597,0, 45, False, 1
598,0, 45, False, 1
599,0, 45, False, 1
600,0, 45, False, 0
601,0, 45, False, 0
602,0, 45, False, 0
603,0, 45, False, 0
604,0, 45, False, 3
605,0, 45, False, 3
606,0, 45, False, 3
607,0, 45, False, 3
608,0, 45, False, 3
609,0, 45, False, 0
610,0, 45, False, 0
611,0, 45, False, 0
612,0, 45, False, 0
613,0, 45, False, 0
614,0, 45, False, 0
615,0, 45, False, 0
616,0, 45, False, 0
617,0, 45, False, 0
618,0, 45, False, 0
619,0, 45, False, 0
620,5, 50, False, 0
621,0, 50, False, 0
622,0, 50, False, 0
623,0, 50, False, 0
624,0, 50, False, 0
625,0, 50, False, 0
626,0, 50, False, 0
627,0, 50, False, 0
628,0, 50, False, 0
629,0, 50, False, 0
630,0, 50, False, 0
631,0, 50, False, 0
632,0, 50, False, 0
633,0, 50, False, 0
634,0, 50, False, 0
635,0, 50, False, 0
636,0, 50, False, 0
637,0, 50, False, 0
638,0, 50, False, 0
639,0, 50, False, 0
640,0, 50, False, 0
641,0, 50, False, 0
642,0, 50, False, 0
643,0, 50, False, 0
644,0, 50, False, 0
645,0, 50, False, 0
646,0, 50, False, 0
647,0, 50, False, 0
648,0, 50, False, 0
649,0, 50, False, 0
650,0, 50, False, 0
651,0, 50, False, 0
652,0, 50, False, 0
653,0, 50, False, 4
654,0, 50, False, 4
655,0, 50, False, 4
656,0, 50, False, 0
657,0, 50, False, 0
658,0, 50, False, 0
659,0, 50, False, 0
660,0, 50, False, 0
661,0, 50, False, 0
662,0, 50, False, 0
663,0, 50, False, 0
664,0, 50, False, 0
665,0, 50, False, 0
666,0, 50, False, 0
667,0, 50, False, 0
668,0, 50, False, 0
669,0, 50, False, 0
670,0, 50, False, 0
671,0, 50, False, 0
672,0, 50, False, 0
673,0, 50, False, 0
674,0, 50, False, 0
675,0, 50, False, 0
676,0, 50, False, 0
677,0, 50, False, 0
678,0, 50, False, 0
679,0, 50, False, 0
680,0, 50, False, 0
681,0, 50, False, 0
682,0, 50, False, 0
683,0, 50, False, 0
684,0, 50, False, 0
685,0, 50, False, 0
686,0, 50, False, 0
687,0, 50, False, 0
688,0, 50, False, 0
689,0, 50, False, 0
690,0, 50, False, 0
691,0, 50, False, 0
692,0, 50, False, 0
693,0, 50, False, 0
694,0, 50, False, 0
695,0, 50, False, 0
696,0, 50, False, 0
697,0, 50, False, 1
698,0, 50, False, 1
699,0, 50, False, 1
700,0, 50, False, 1
701,0, 50, False, 1
702,0, 50, False, 1
703,0, 50, False, 0
704,0, 50, False, 0
705,0, 50, False, 3
706,0, 50, False, 3
707,0, 50, False, 3
708,0, 50, False, 3
709,0, 50, False, 3
710,0, 50, False, 3
711,0, 50, False, 3
712,0, 50, False, 3
713,0, 50, False, 3
714,0, 50, False, 3
715,0, 50, False, 3
716,0, 50, False, 3
717,0, 50, False, 3
718,0, 50, False, 3
719,0, 50, False, 3
720,0, 50, False, 0
721,0, 50, False, 0
722,0, 50, False, 0
723,0, 50, False, 0
724,0, 50, False, 0
725,0, 50, False, 0
726,0, 50, False, 0
727,0, 50, False, 0
728,0, 50, False, 0
729,0, 50, False, 0
730,0, 50, False, 0
731,0, 50, False, 0
732,0, 50, False, 0
733,0, 50, False, 0
734,0, 50, False, 0
735,0, 50, False, 0
736,0, 50, False, 0
737,0, 50, False, 0
738,0, 50, False, 0
739,0, 50, False, 0
740,15, 65, False, 0
741,0, 65, False, 0
742,0, 65, False, 0
743,0, 65, False, 0
744,0, 65, False, 0
745,0, 65, False, 0
746,0, 65, False, 0
747,0, 65, False, 0
748,0, 65, False, 0
749,0, 65, False, 0
750,0, 65, False, 0
751,0, 65, False, 0
752,0, 65, False, 0
753,0, 65, False, 0
754,0, 65, False, 0
755,0, 65, False, 0
756,0, 65, False, 0
757,0, 65, False, 0
758,0, 65, False, 0
759,0, 65, False, 0
760,0, 65, False, 0
761,0, 65, False, 0
762,0, 65, False, 0
763,0, 65, False, 0
764,0, 65, False, 0
765,0, 65, False, 0
766,0, 65, False, 0
767,0, 65, False, 0
768,0, 65, False, 0
769,0, 65, False, 0
770,0, 65, False, 0
771,0, 65, False, 0
772,0, 65, False, 0
773,0, 65, False, 1
774,0, 65, False, 1
775,0, 65, False, 1
776,0, 65, False, 1
777,0, 65, False, 1
778,0, 65, False, 0
779,0, 65, False, 0
780,0, 65, False, 0
781,0, 65, False, 0
782,0, 65, False, 0
783,0, 65, False, 0
784,0, 65, False, 0
785,0, 65, False, 0
786,0, 65, False, 0
787,0, 65, False, 0
788,0, 65, False, 0
789,0, 65, False, 0
790,0, 65, False, 0
791,0, 65, False, 0
792,0, 65, False, 0
793,0, 65, False, 0
794,0, 65, False, 4
795,0, 65, False, 4
796,0, 65, False, 4
797,0, 65, False, 4
798,0, 65, False, 4
799,0, 65, False, 4
800,0, 65, False, 4
801,0, 65, False, 4
802,0, 65, False, 4
803,0, 65, False, 4
804,0, 65, False, 4
805,0, 65, False, 4
806,0, 65, False, 4
807,0, 65, False, 4
808,0, 65, False, 4
809,0, 65, False, 4
810,0, 65, False, 4
811,0, 65, False, 4
812,0, 65, False, 4
813,0, 65, False, 4
814,0, 65, False, 0
815,0, 65, False, 0
816,0, 65, False, 0
817,0, 65, False, 0
818,0, 65, False, 0
819,0, 65, False, 0
820,0, 65, False, 0
821,0, 65, False, 0
822,0, 65, False, 0
823,0, 65, False, 0
824,20, 85, False, 0
825,0, 85, False, 0
826,0, 85, False, 0
827,0, 85, False, 0
828,0, 85, False, 4
829,0, 85, False, 4
830,0, 85, False, 4
831,0, 85, False, 4
832,0, 85, False, 4
833,0, 85, False, 4
834,0, 85, False, 0
835,0, 85, False, 0
836,0, 85, False, 0
837,0, 85, False, 0
838,0, 85, False, 0
839,0, 85, False, 0
840,0, 85, False, 0
841,0, 85, False, 0
842,0, 85, False, 0
843,0, 85, False, 0
844,0, 85, False, 0
845,0, 85, False, 0
846,0, 85, False, 0
847,0, 85, False, 0
848,0, 85, False, 0
849,0, 85, False, 0
850,0, 85, False, 0
851,0, 85, False, 0
852,0, 85, False, 0
853,0, 85, False, 0
854,0, 85, False, 1
855,0, 85, False, 1
856,0, 85, False, 1
857,0, 85, False, 1
858,0, 85, False, 1
859,0, 85, False, 1
860,0, 85, False, 1
861,0, 85, False, 0
862,0, 85, False, 0
863,0, 85, False, 0
864,0, 85, False, 0
865,0, 85, False, 0
866,0, 85, False, 0
867,0, 85, False, 0
868,0, 85, False, 0
869,0, 85, False, 0
870,0, 85, False, 0
871,0, 85, False, 0
872,0, 85, False, 0
873,0, 85, False, 0
874,0, 85, False, 0
875,0, 85, False, 0
876,0, 85, False, 0
877,0, 85, False, 0
878,0, 85, False, 0
879,0, 85, False, 0
880,0, 85, False, 0
881,0, 85, False, 0
882,0, 85, False, 0
883,0, 85, False, 0
884,0, 85, False, 0
885,0, 85, False, 0
886,0, 85, False, 0
887,0, 85, False, 0
888,0, 85, False, 0
889,0, 85, False, 0
890,0, 85, False, 0
891,0, 85, False, 0
892,0, 85, False, 0
893,0, 85, False, 0
894,0, 85, False, 1
895,0, 85, False, 1
896,0, 85, False, 1
897,0, 85, False, 1
898,0, 85, False, 1
899,0, 85, False, 0
900,0, 85, False, 0
901,0, 85, False, 0
902,15, 100, False, 0
903,0, 100, False, 0
904,0, 100, False, 0
905,0, 100, False, 0
906,0, 100, False, 0
907,0, 100, False, 0
908,0, 100, False, 1
909,0, 100, False, 1
910,0, 100, False, 1
911,0, 100, False, 1
912,0, 100, False, 1
913,0, 100, False, 1
914,0, 100, False, 0
915,0, 100, False, 0
916,0, 100, False, 0
917,0, 100, False, 0
918,0, 100, False, 0
919,0, 100, False, 0
920,0, 100, False, 0
921,0, 100, False, 1
922,0, 100, False, 1
923,0, 100, False, 1
924,0, 100, False, 1
925,0, 100, False, 1
926,0, 100, False, 1
927,0, 100, False, 0
928,0, 100, False, 0
929,0, 100, False, 0
930,0, 100, False, 0
931,0, 100, False, 0
932,0, 100, False, 0
933,0, 100, False, 0
934,0, 100, False, 0
935,0, 100, False, 0
936,5, 105, False, 0
937,0, 105, False, 1
938,0, 105, False, 1
939,0, 105, False, 1
940,0, 105, False, 1
941,0, 105, False, 1
942,0, 105, False, 0
943,0, 105, False, 0
944,0, 105, False, 0
945,0, 105, False, 0
946,0, 105, False, 0
947,0, 105, False, 0
948,0, 105, False, 0
949,0, 105, False, 1
950,0, 105, False, 1
951,0, 105, False, 1
952,0, 105, False, 1
953,0, 105, False, 1
954,0, 105, False, 0
955,0, 105, False, 0
956,0, 105, False, 0
957,0, 105, False, 0
958,0, 105, False, 0
959,0, 105, False, 0
960,0, 105, False, 1
961,0, 105, False, 1
962,0, 105, False, 1
963,0, 105, False, 1
964,0, 105, False, 0
965,0, 105, False, 0
966,10, 115, False, 0
967,0, 115, False, 0
968,0, 115, False, 0
969,0, 115, False, 0
970,0, 115, False, 0
971,0, 115, False, 1
972,0, 115, False, 1
973,0, 115, False, 1
974,0, 115, False, 1
975,0, 115, False, 0
976,0, 115, False, 0
977,0, 115, False, 0
978,0, 115, False, 0
979,0, 115, False, 0
980,0, 115, False, 0
981,0, 115, False, 0
982,0, 115, False, 1
983,0, 115, False, 1
984,0, 115, False, 1
985,0, 115, False, 1
986,0, 115, False, 1
987,0, 115, False, 0
988,0, 115, False, 0
989,0, 115, False, 0
990,0, 115, False, 0
991,0, 115, False, 0
992,0, 115, False, 0
993,0, 115, False, 0
994,0, 115, False, 1
995,0, 115, False, 1
996,0, 115, False, 1
997,0, 115, False, 1
998,0, 115, False, 0
999,0, 115, False, 0
1000,0, 115, False, 0
1001,0, 115, False, 0
1002,0, 115, False, 0
1003,0, 115, False, 0
1004,0, 115, False, 0
1005,0, 115, False, 1
1006,0, 115, False, 1
1007,0, 115, False, 1
1008,0, 115, False, 1
1009,0, 115, False, 0
1010,0, 115, False, 0
1011,0, 115, False, 0
1012,0, 115, False, 0
1013,0, 115, False, 0
1014,0, 115, False, 0
1015,0, 115, False, 0
1016,0, 115, False, 0
1017,0, 115, False, 1
1018,20, 135, False, 1
1019,0, 135, False, 1
1020,0, 135, False, 0
1021,0, 135, False, 0
1022,0, 135, False, 0
1023,0, 135, False, 0
1024,0, 135, False, 0
1025,0, 135, False, 0
1026,0, 135, False, 0
1027,0, 135, False, 0
1028,0, 135, False, 1
1029,0, 135, False, 1
1030,0, 135, False, 1
1031,0, 135, False, 1
1032,0, 135, False, 0
1033,0, 135, False, 0
1034,0, 135, False, 0
1035,0, 135, False, 0
1036,0, 135, False, 0
1037,0, 135, False, 0
1038,0, 135, False, 0
1039,0, 135, False, 1
1040,0, 135, False, 1
1041,0, 135, False, 1
1042,0, 135, False, 1
1043,0, 135, False, 1
1044,0, 135, False, 0
1045,0, 135, False, 0
1046,0, 135, False, 0
1047,0, 135, False, 0
1048,0, 135, False, 0
1049,0, 135, False, 0
1050,0, 135, False, 0
1051,0, 135, False, 0
1052,0, 135, False, 0
1053,0, 135, False, 0
1054,0, 135, False, 0
1055,0, 135, False, 0
1056,0, 135, False, 0
1057,0, 135, False, 0
1058,0, 135, False, 0
1059,0, 135, False, 0
1060,0, 135, False, 0
1061,0, 135, False, 0
1062,0, 135, False, 0
1063,0, 135, False, 0
1064,0, 135, False, 0
1065,0, 135, False, 0
1066,0, 135, False, 0
1067,0, 135, False, 0
1068,0, 135, False, 0
1069,0, 135, False, 0
1070,0, 135, False, 0
1071,0, 135, False, 0
1072,0, 135, False, 0
1073,0, 135, False, 0
1074,0, 135, False, 0
1075,0, 135, False, 0
1076,0, 135, False, 0
1077,0, 135, False, 0
1078,0, 135, False, 0
1079,0, 135, False, 0
1080,0, 135, False, 0
1081,0, 135, False, 0
1082,0, 135, False, 0
1083,0, 135, False, 0
1084,0, 135, False, 0
1085,0, 135, False, 0
1086,0, 135, False, 0
1087,0, 135, False, 0
1088,0, 135, False, 0
1089,0, 135, False, 0
1090,0, 135, False, 0
1091,0, 135, False, 0
1092,0, 135, False, 0
1093,0, 135, False, 0
1094,0, 135, False, 0
1095,0, 135, False, 0
1096,0, 135, False, 0
1097,0, 135, False, 0
1098,0, 135, False, 0
1099,0, 135, False, 0
1100,0, 135, False, 0
1101,0, 135, False, 0
1102,0, 135, False, 0
1103,0, 135, False, 0
1104,0, 135, False, 0
1105,0, 135, False, 0
1106,0, 135, False, 0
1107,0, 135, False, 0
1108,0, 135, False, 0
1109,0, 135, False, 0
1110,0, 135, False, 0
1111,0, 135, False, 0
1112,0, 135, False, 0
1113,0, 135, False, 0
1114,0, 135, False, 0
1115,0, 135, False, 0
1116,0, 135, False, 0
1117,0, 135, False, 0
1118,0, 135, False, 0
1119,0, 135, False, 0
1120,0, 135, False, 0
1121,0, 135, False, 0
1122,0, 135, False, 3
1123,0, 135, False, 3
1124,0, 135, False, 3
1125,0, 135, False, 3
1126,0, 135, False, 3
1127,0, 135, False, 3
1128,0, 135, False, 3
1129,0, 135, False, 3
1130,0, 135, False, 3
1131,0, 135, False, 3
1132,0, 135, False, 3
1133,0, 135, False, 0
1134,0, 135, False, 0
1135,0, 135, False, 0
1136,0, 135, False, 0
1137,0, 135, False, 0
1138,0, 135, False, 0
1139,0, 135, False, 0
1140,0, 135, False, 0
1141,0, 135, False, 0
1142,0, 135, False, 0
1143,0, 135, False, 0
1144,0, 135, False, 0
1145,0, 135, False, 0
1146,0, 135, False, 0
1147,0, 135, False, 0
1148,0, 135, False, 0
1149,0, 135, False, 0
1150,0, 135, False, 0
1151,0, 135, False, 0
1152,0, 135, False, 0
1153,0, 135, False, 0
1154,0, 135, False, 0
1155,0, 135, False, 0
1156,0, 135, False, 0
1157,0, 135, False, 0
1158,0, 135, False, 0
1159,0, 135, False, 0
1160,0, 135, False, 0
1161,0, 135, False, 0
1162,0, 135, False, 0
1163,0, 135, False, 0
1164,0, 135, False, 0
1165,0, 135, False, 0
1166,0, 135, False, 0
1167,0, 135, False, 0
1168,0, 135, False, 0
1169,0, 135, False, 3
1170,0, 135, False, 3
1171,0, 135, False, 3
1172,0, 135, False, 3
1173,0, 135, False, 3
1174,0, 135, False, 3
1175,0, 135, False, 3
1176,0, 135, False, 3
1177,0, 135, False, 3
1178,0, 135, False, 3
1179,0, 135, False, 3
1180,0, 135, False, 3
1181,0, 135, False, 3
1182,0, 135, False, 3
1183,0, 135, False, 3
1184,0, 135, False, 3
1185,0, 135, False, 3
1186,0, 135, False, 3
1187,0, 135, False, 3
1188,0, 135, False, 0
1189,0, 135, False, 0
1190,0, 135, False, 0
1191,0, 135, False, 0
1192,0, 135, False, 0
1193,0, 135, False, 0
1194,0, 135, False, 0
1195,0, 135, False, 0
1196,0, 135, False, 0
1197,0, 135, False, 0
1198,0, 135, False, 0
1199,0, 135, False, 0
1200,0, 135, False, 0
1201,0, 135, False, 0
1202,0, 135, False, 0
1203,0, 135, False, 0
1204,0, 135, False, 0
1205,0, 135, False, 0
1206,0, 135, False, 0
1207,0, 135, False, 0
1208,0, 135, False, 0
1209,0, 135, False, 0
1210,0, 135, False, 0
1211,0, 135, False, 3
1212,0, 135, False, 3
1213,0, 135, False, 3
1214,0, 135, False, 3
1215,0, 135, False, 0
1216,0, 135, False, 0
1217,0, 135, False, 0
1218,0, 135, False, 0
1219,0, 135, False, 0
1220,0, 135, False, 0
1221,0, 135, False, 0
1222,0, 135, False, 0
1223,0, 135, False, 0
1224,0, 135, False, 0
1225,0, 135, False, 0
1226,0, 135, False, 0
1227,0, 135, False, 0
1228,0, 135, False, 0
1229,0, 135, False, 0
1230,0, 135, False, 0
1231,0, 135, False, 0
1232,0, 135, False, 0
1233,0, 135, False, 0
1234,0, 135, False, 0
1235,0, 135, False, 0
1236,0, 135, False, 3
1237,0, 135, False, 3
1238,0, 135, False, 3
1239,0, 135, False, 3
1240,0, 135, False, 3
1241,0, 135, False, 3
1242,0, 135, False, 0
1243,0, 135, False, 0
1244,0, 135, False, 0
1245,0, 135, False, 0
1246,0, 135, False, 0
1247,0, 135, False, 0
1248,0, 135, False, 0
1249,0, 135, False, 0
1250,0, 135, False, 0
1251,0, 135, False, 0
1252,0, 135, False, 0
1253,0, 135, False, 1
1254,0, 135, False, 1
1255,0, 135, False, 1
1256,0, 135, False, 1
1257,0, 135, False, 1
1258,0, 135, False, 1
1259,0, 135, False, 0
1260,0, 135, False, 0
1261,0, 135, False, 0
1262,0, 135, False, 0
1263,0, 135, False, 0
1264,0, 135, False, 0
1265,0, 135, False, 0
1266,0, 135, False, 0
1267,0, 135, False, 0
1268,0, 135, False, 0
1269,0, 135, False, 0
1270,0, 135, False, 0
1271,0, 135, False, 0
1272,0, 135, False, 0
1273,0, 135, False, 0
1274,0, 135, False, 0
1275,0, 135, False, 0
1276,0, 135, False, 0
1277,0, 135, False, 0
1278,0, 135, False, 1
1279,0, 135, False, 1
1280,0, 135, False, 1
1281,0, 135, False, 1
1282,0, 135, False, 0
1283,0, 135, False, 0
1284,0, 135, False, 0
1285,0, 135, False, 0
1286,0, 135, False, 0
1287,0, 135, False, 0
1288,0, 135, False, 1
1289,0, 135, False, 1
1290,0, 135, False, 1
1291,0, 135, False, 1
1292,0, 135, False, 0
1293,0, 135, False, 0
1294,0, 135, False, 0
1295,0, 135, False, 0
1296,0, 135, False, 0
1297,0, 135, False, 0
1298,0, 135, False, 1
1299,0, 135, False, 1
1300,0, 135, False, 1
1301,0, 135, False, 1
1302,0, 135, False, 0
1303,0, 135, False, 0
1304,0, 135, False, 0
1305,0, 135, False, 0
1306,0, 135, False, 0
1307,0, 135, False, 1
1308,0, 135, False, 1
1309,0, 135, False, 1
1310,0, 135, False, 1
1311,0, 135, False, 1
1312,0, 135, False, 0
1313,0, 135, False, 0
1314,0, 135, False, 0
1315,0, 135, False, 0
1316,0, 135, False, 0
1317,0, 135, False, 0
1318,0, 135, False, 0
1319,0, 135, False, 0
1320,10, 145, False, 0
1321,0, 145, False, 0
1322,0, 145, False, 0
1323,0, 145, False, 0
1324,0, 145, False, 0
1325,0, 145, False, 0
1326,0, 145, False, 0
1327,0, 145, False, 0
1328,0, 145, False, 0
1329,0, 145, False, 3
1330,0, 145, False, 3
1331,0, 145, False, 3
1332,0, 145, False, 3
1333,0, 145, False, 3
1334,0, 145, False, 3
1335,0, 145, False, 3
1336,0, 145, False, 3
1337,0, 145, False, 3
1338,0, 145, False, 3
1339,0, 145, False, 3
1340,0, 145, False, 3
1341,0, 145, False, 3
1342,0, 145, False, 3
1343,0, 145, False, 3
1344,0, 145, False, 3
1345,0, 145, False, 3
1346,0, 145, False, 3
1347,0, 145, False, 3
1348,0, 145, False, 3
1349,0, 145, False, 3
1350,0, 145, False, 3
1351,0, 145, False, 3
1352,0, 145, False, 3
1353,0, 145, False, 3
1354,0, 145, False, 3
1355,0, 145, False, 3
1356,0, 145, False, 3
1357,0, 145, False, 3
1358,0, 145, False, 3
1359,0, 145, False, 3
1360,0, 145, False, 3
1361,0, 145, False, 3
1362,0, 145, False, 3
1363,0, 145, False, 3
1364,0, 145, False, 3
1365,0, 145, False, 3
1366,0, 145, False, 3
1367,0, 145, False, 3
1368,0, 145, False, 3
1369,0, 145, False, 3
1370,0, 145, False, 3
1371,0, 145, False, 3
1372,0, 145, False, 3
1373,0, 145, False, 3
1374,0, 145, False, 3
1375,0, 145, False, 3
1376,0, 145, False, 3
1377,0, 145, False, 3
1378,0, 145, False, 3
1379,0, 145, False, 3
1380,0, 145, False, 3
1381,0, 145, False, 0
1382,0, 145, False, 1
1383,0, 145, False, 1
1384,0, 145, False, 1
1385,0, 145, False, 1
1386,0, 145, False, 1
1387,0, 145, False, 1
1388,0, 145, False, 0
1389,0, 145, False, 0
1390,0, 145, False, 0
1391,0, 145, False, 0
1392,0, 145, False, 0
1393,0, 145, False, 0
1394,0, 145, False, 0
1395,0, 145, False, 0
1396,0, 145, False, 0
1397,0, 145, False, 0
1398,0, 145, False, 0
1399,0, 145, False, 0
1400,0, 145, False, 3
1401,0, 145, False, 3
1402,5, 150, False, 3
1403,0, 150, False, 3
1404,0, 150, False, 3
1405,0, 150, False, 3
1406,0, 150, False, 3
1407,0, 150, False, 3
1408,0, 150, False, 3
1409,0, 150, False, 3
1410,0, 150, False, 3
1411,0, 150, False, 3
1412,0, 150, False, 3
1413,0, 150, False, 3
1414,0, 150, False, 3
1415,0, 150, False, 3
1416,0, 150, False, 3
1417,0, 150, False, 3
1418,0, 150, False, 3
1419,0, 150, False, 3
1420,0, 150, False, 3
1421,0, 150, False, 3
1422,0, 150, False, 3
1423,0, 150, False, 3
1424,0, 150, False, 3
1425,0, 150, False, 3
1426,0, 150, False, 3
1427,0, 150, False, 3
1428,0, 150, False, 3
1429,0, 150, False, 3
1430,0, 150, False, 0
1431,0, 150, False, 1
1432,0, 150, False, 1
1433,0, 150, False, 1
1434,0, 150, False, 1
1435,0, 150, False, 1
1436,0, 150, False, 1
1437,0, 150, False, 1
1438,0, 150, False, 0
1439,0, 150, False, 0
1440,0, 150, False, 0
1441,0, 150, False, 0
1442,0, 150, False, 0
1443,0, 150, False, 0
1444,0, 150, False, 0
1445,0, 150, False, 0
1446,0, 150, False, 0
1447,0, 150, False, 0
1448,0, 150, False, 0
1449,0, 150, False, 0
1450,0, 150, False, 0
1451,0, 150, False, 0
1452,5, 155, False, 0
1453,0, 155, False, 0
1454,0, 155, False, 0
1455,0, 155, False, 0
1456,0, 155, False, 0
1457,0, 155, False, 0
1458,0, 155, False, 0
1459,0, 155, False, 0
1460,0, 155, False, 0
1461,0, 155, False, 0
1462,0, 155, False, 0
1463,0, 155, False, 0
1464,0, 155, False, 0
1465,0, 155, False, 0
1466,0, 155, False, 0
1467,0, 155, False, 0
1468,0, 155, False, 0
1469,0, 155, False, 0
1470,0, 155, False, 0
1471,0, 155, False, 0
1472,0, 155, False, 0
1473,0, 155, False, 0
1474,0, 155, False, 0
1475,0, 155, False, 4
1476,0, 155, False, 4
1477,0, 155, False, 4
1478,0, 155, False, 4
1479,0, 155, False, 4
1480,0, 155, False, 4
1481,0, 155, False, 4
1482,0, 155, False, 4
1483,0, 155, False, 4
1484,0, 155, False, 4
1485,0, 155, False, 4
1486,0, 155, False, 4
1487,0, 155, False, 4
1488,0, 155, False, 4
1489,0, 155, False, 4
1490,0, 155, False, 4
1491,0, 155, False, 4
1492,0, 155, False, 4
1493,0, 155, False, 4
1494,0, 155, False, 4
1495,0, 155, False, 4
1496,0, 155, False, 4
1497,0, 155, False, 4
1498,0, 155, False, 4
1499,0, 155, False, 4
1500,0, 155, False, 4
1501,0, 155, False, 4
1502,0, 155, False, 4
1503,0, 155, False, 4
1504,0, 155, False, 4
1505,0, 155, False, 4
1506,0, 155, False, 4
1507,0, 155, False, 4
1508,0, 155, False, 4
1509,0, 155, False, 0
1510,0, 155, False, 0
1511,0, 155, False, 1
1512,0, 155, False, 1
1513,0, 155, False, 1
1514,0, 155, False, 1
1515,0, 155, False, 1
1516,0, 155, False, 1
1517,0, 155, False, 1
1518,0, 155, False, 1
1519,0, 155, False, 0
1520,0, 155, False, 0
1521,0, 155, False, 0
1522,0, 155, False, 0
1523,0, 155, False, 0
1524,0, 155, False, 0
1525,0, 155, False, 0
1526,0, 155, False, 0
1527,0, 155, False, 0
1528,0, 155, False, 0
1529,0, 155, False, 0
1530,0, 155, False, 0
1531,0, 155, False, 0
1532,0, 155, False, 0
1533,0, 155, False, 0
1534,0, 155, False, 0
1535,0, 155, False, 0
1536,0, 155, False, 0
1537,0, 155, False, 0
1538,0, 155, False, 0
1539,0, 155, False, 0
1540,0, 155, False, 0
1541,0, 155, False, 0
1542,0, 155, False, 0
1543,0, 155, False, 0
1544,0, 155, False, 0
1545,0, 155, False, 0
1546,0, 155, False, 0
1547,0, 155, False, 0
1548,0, 155, False, 0
1549,0, 155, False, 0
1550,0, 155, False, 0
1551,0, 155, False, 0
1552,0, 155, False, 0
1553,0, 155, False, 0
1554,0, 155, False, 0
1555,0, 155, False, 0
1556,0, 155, False, 0
1557,0, 155, False, 0
1558,0, 155, False, 0
1559,0, 155, False, 0
1560,0, 155, False, 0
1561,0, 155, False, 0
1562,0, 155, False, 0
1563,0, 155, False, 0
1564,0, 155, False, 0
1565,0, 155, False, 0
1566,0, 155, False, 0
1567,0, 155, False, 0
1568,0, 155, False, 0
1569,0, 155, False, 0
1570,0, 155, False, 4
1571,0, 155, False, 4
1572,0, 155, False, 4
1573,0, 155, False, 4
1574,0, 155, False, 4
1575,0, 155, False, 4
1576,0, 155, False, 4
1577,0, 155, False, 4
1578,0, 155, False, 4
1579,0, 155, False, 4
1580,0, 155, False, 4
1581,0, 155, False, 4
1582,0, 155, False, 4
1583,0, 155, False, 4
1584,0, 155, False, 4
1585,0, 155, False, 4
1586,0, 155, False, 4
1587,0, 155, False, 4
1588,0, 155, False, 4
1589,0, 155, False, 4
1590,0, 155, False, 4
1591,0, 155, False, 4
1592,0, 155, False, 4
1593,0, 155, False, 0
1594,0, 155, False, 1
1595,0, 155, False, 1
1596,0, 155, False, 1
1597,0, 155, False, 1
1598,0, 155, False, 1
1599,0, 155, False, 1
1600,0, 155, False, 0
1601,0, 155, False, 0
1602,0, 155, False, 0
1603,0, 155, False, 0
1604,0, 155, False, 0
1605,0, 155, False, 0
1606,0, 155, False, 0
1607,0, 155, False, 0
1608,0, 155, False, 0
1609,0, 155, False, 0
1610,0, 155, False, 0
1611,0, 155, False, 0
1612,0, 155, False, 3
1613,0, 155, False, 3
1614,0, 155, False, 3
1615,0, 155, False, 3
1616,0, 155, False, 3
1617,0, 155, False, 3
1618,0, 155, False, 3
1619,0, 155, False, 3
1620,0, 155, False, 3
1621,0, 155, False, 3
1622,0, 155, False, 3
1623,0, 155, False, 3
1624,0, 155, False, 3
1625,0, 155, False, 3
1626,0, 155, False, 3
1627,0, 155, False, 3
1628,0, 155, False, 3
1629,0, 155, False, 3
1630,0, 155, False, 3
1631,0, 155, False, 3
1632,0, 155, False, 3
1633,0, 155, False, 3
1634,0, 155, False, 3
1635,0, 155, False, 3
1636,0, 155, False, 3
1637,0, 155, False, 3
1638,0, 155, False, 0
1639,0, 155, False, 0
1640,0, 155, False, 1
1641,0, 155, False, 1
1642,0, 155, False, 1
1643,0, 155, False, 1
1644,0, 155, False, 1
1645,0, 155, False, 1
1646,0, 155, False, 0
1647,0, 155, False, 0
1648,0, 155, False, 0
1649,0, 155, False, 0
1650,0, 155, False, 0
1651,0, 155, False, 0
1652,0, 155, False, 0
1653,0, 155, False, 0
1654,0, 155, False, 0
1655,0, 155, False, 0
1656,0, 155, False, 0
1657,0, 155, False, 0
1658,0, 155, False, 0
1659,0, 155, False, 0
1660,0, 155, False, 0
1661,0, 155, False, 0
1662,0, 155, False, 1
1663,0, 155, False, 1
1664,0, 155, False, 1
1665,0, 155, False, 1
1666,0, 155, False, 1
1667,0, 155, False, 1
1668,0, 155, False, 0
1669,0, 155, False, 0
1670,0, 155, False, 0
1671,0, 155, False, 0
1672,0, 155, False, 0
1673,0, 155, False, 0
1674,0, 155, False, 0
1675,0, 155, False, 0
1676,0, 155, False, 0
1677,0, 155, False, 0
1678,0, 155, False, 0
1679,0, 155, False, 0
1680,0, 155, False, 0
1681,0, 155, False, 1
1682,0, 155, False, 1
1683,0, 155, False, 1
1684,0, 155, False, 1
1685,0, 155, False, 1
1686,0, 155, False, 11
1687,0, 155, False, 3
1688,0, 155, False, 3
1689,0, 155, False, 3
1690,0, 155, False, 3
1691,0, 155, False, 3
1692,0, 155, False, 3
1693,0, 155, False, 3
1694,0, 155, False, 3
1695,0, 155, False, 3
1696,0, 155, False, 3
1697,0, 155, False, 3
1698,0, 155, False, 3
1699,0, 155, False, 3
1700,0, 155, False, 0
1701,0, 155, False, 0
1702,0, 155, False, 1
1703,0, 155, False, 1
1704,10, 165, False, 1
1705,0, 165, False, 1
1706,0, 165, False, 1
1707,0, 165, False, 1
1708,0, 165, False, 1
1709,0, 165, False, 0
1710,0, 165, False, 0
1711,0, 165, False, 0
1712,0, 165, False, 0
1713,0, 165, False, 0
1714,0, 165, False, 0
1715,0, 165, False, 0
1716,0, 165, False, 0
1717,0, 165, False, 0
1718,0, 165, False, 0
1719,0, 165, False, 0
1720,0, 165, False, 3
1721,0, 165, False, 3
1722,0, 165, False, 3
1723,0, 165, False, 3
1724,0, 165, False, 3
1725,0, 165, False, 3
1726,0, 165, False, 3
1727,0, 165, False, 3
1728,0, 165, False, 3
1729,0, 165, False, 3
1730,0, 165, False, 3
1731,0, 165, False, 3
1732,0, 165, False, 3
1733,0, 165, False, 3
1734,0, 165, False, 3
1735,0, 165, False, 3
1736,0, 165, False, 3
1737,0, 165, False, 3
1738,0, 165, False, 3
1739,0, 165, False, 3
1740,0, 165, False, 3
1741,0, 165, False, 3
1742,0, 165, False, 3
1743,0, 165, False, 3
1744,0, 165, False, 3
1745,0, 165, False, 3
1746,0, 165, False, 3
1747,0, 165, False, 11
1748,0, 165, False, 11
1749,0, 165, False, 11
1750,0, 165, False, 11
1751,0, 165, False, 11
1752,0, 165, False, 3
1753,0, 165, False, 3
1754,0, 165, False, 3
1755,0, 165, False, 3
1756,0, 165, False, 3
1757,0, 165, False, 3
1758,0, 165, False, 0
1759,0, 165, False, 0
1760,0, 165, False, 0
1761,0, 165, False, 0
1762,0, 165, False, 0
1763,0, 165, False, 0
1764,0, 165, False, 0
1765,0, 165, False, 0
1766,0, 165, False, 0
1767,0, 165, False, 0
1768,0, 165, False, 0
1769,0, 165, False, 0
1770,10, 175, False, 0
1771,0, 175, False, 0
1772,0, 175, False, 0
1773,0, 175, False, 0
1774,0, 175, False, 0
1775,0, 175, False, 0
1776,0, 175, False, 0
1777,0, 175, False, 0
1778,0, 175, False, 0
1779,0, 175, False, 0
1780,0, 175, False, 0
1781,0, 175, False, 0
1782,0, 175, False, 0
1783,0, 175, False, 0
1784,0, 175, False, 0
1785,0, 175, False, 0
1786,0, 175, False, 0
1787,0, 175, False, 0
1788,0, 175, False, 4
1789,0, 175, False, 4
1790,0, 175, False, 4
1791,0, 175, False, 4
1792,0, 175, False, 4
1793,0, 175, False, 4
1794,0, 175, False, 4
1795,0, 175, False, 4
1796,0, 175, False, 4
1797,0, 175, False, 4
1798,0, 175, False, 4
1799,0, 175, False, 4
1800,0, 175, False, 4
1801,0, 175, False, 4
1802,0, 175, False, 4
1803,0, 175, False, 4
1804,0, 175, False, 4
1805,0, 175, False, 4
1806,0, 175, False, 4
1807,0, 175, False, 4
1808,0, 175, False, 4
1809,0, 175, False, 4
1810,0, 175, False, 4
1811,0, 175, False, 4
1812,0, 175, False, 4
1813,0, 175, False, 4
1814,0, 175, False, 4
1815,0, 175, False, 4
1816,0, 175, False, 4
1817,0, 175, False, 4
1818,0, 175, False, 4
1819,0, 175, False, 4
1820,0, 175, False, 4
1821,0, 175, False, 4
1822,0, 175, False, 4
1823,0, 175, False, 4
1824,0, 175, False, 4
1825,0, 175, False, 4
1826,0, 175, False, 4
1827,0, 175, False, 4
1828,0, 175, False, 4
1829,0, 175, False, 4
1830,0, 175, False, 4
1831,0, 175, False, 4
1832,0, 175, False, 4
1833,0, 175, False, 4
1834,0, 175, False, 4
1835,0, 175, False, 4
1836,0, 175, False, 4
1837,0, 175, False, 4
1838,0, 175, False, 4
1839,0, 175, False, 4
1840,0, 175, False, 4
1841,0, 175, False, 0
1842,0, 175, False, 0
1843,0, 175, False, 0
1844,0, 175, False, 0
1845,0, 175, False, 0
1846,0, 175, False, 0
1847,0, 175, False, 0
1848,0, 175, False, 0
1849,0, 175, False, 0
1850,0, 175, False, 0
1851,0, 175, False, 0
1852,0, 175, False, 0
1853,0, 175, False, 0
1854,0, 175, False, 0
1855,0, 175, False, 0
1856,0, 175, False, 0
1857,0, 175, False, 0
1858,0, 175, False, 0
1859,0, 175, False, 0
1860,0, 175, False, 0
1861,0, 175, False, 0
1862,0, 175, False, 0
1863,0, 175, False, 0
1864,0, 175, False, 0
1865,0, 175, False, 0
1866,0, 175, False, 0
1867,0, 175, False, 0
1868,0, 175, False, 0
1869,0, 175, False, 0
1870,0, 175, False, 0
1871,0, 175, False, 0
1872,0, 175, False, 0
1873,0, 175, False, 0
1874,0, 175, False, 0
1875,0, 175, False, 0
1876,0, 175, False, 4
1877,0, 175, False, 4
1878,0, 175, False, 4
1879,0, 175, False, 4
1880,0, 175, False, 4
1881,0, 175, False, 4
1882,0, 175, False, 4
1883,0, 175, False, 4
1884,0, 175, False, 4
1885,0, 175, False, 4
1886,0, 175, False, 4
1887,0, 175, False, 0
1888,0, 175, False, 0
1889,0, 175, False, 0
1890,0, 175, False, 0
1891,0, 175, False, 0
1892,0, 175, False, 0
1893,0, 175, False, 0
1894,0, 175, False, 1
1895,0, 175, False, 1
1896,0, 175, False, 1
1897,0, 175, False, 1
1898,0, 175, False, 1
1899,0, 175, False, 1
1900,0, 175, False, 1
1901,0, 175, False, 1
1902,0, 175, False, 0
1903,0, 175, False, 0
1904,0, 175, False, 0
1905,0, 175, False, 0
1906,0, 175, False, 0
1907,0, 175, False, 0
1908,0, 175, False, 0
1909,0, 175, False, 0
1910,0, 175, False, 0
1911,0, 175, False, 0
1912,0, 175, False, 0
1913,0, 175, False, 0
1914,0, 175, False, 0
1915,0, 175, False, 0
1916,0, 175, False, 0
1917,0, 175, False, 0
1918,0, 175, False, 0
1919,0, 175, False, 0
1920,0, 175, False, 0
1921,0, 175, False, 0
1922,0, 175, False, 0
1923,0, 175, False, 0
1924,0, 175, False, 0
1925,0, 175, False, 0
1926,0, 175, False, 0
1927,0, 175, False, 0
1928,0, 175, False, 0
1929,0, 175, False, 0
1930,0, 175, False, 0
1931,0, 175, False, 0
1932,0, 175, False, 0
1933,0, 175, False, 0
1934,0, 175, False, 0
1935,0, 175, False, 0
1936,0, 175, False, 0
1937,0, 175, False, 0
1938,0, 175, False, 0
1939,0, 175, False, 0
1940,0, 175, False, 0
1941,0, 175, False, 0
1942,0, 175, False, 0
1943,0, 175, False, 0
1944,0, 175, False, 3
1945,0, 175, False, 3
1946,0, 175, False, 3
1947,0, 175, False, 3
1948,0, 175, False, 3
1949,0, 175, False, 3
1950,0, 175, False, 3
1951,0, 175, False, 3
1952,0, 175, False, 3
1953,0, 175, False, 3
1954,0, 175, False, 3
1955,0, 175, False, 0
1956,0, 175, False, 1
1957,0, 175, False, 1
1958,0, 175, False, 1
1959,0, 175, False, 1
1960,0, 175, False, 1
1961,0, 175, False, 1
1962,0, 175, False, 1
1963,0, 175, False, 0
1964,0, 175, False, 0
1965,0, 175, False, 0
1966,0, 175, False, 0
1967,0, 175, False, 0
1968,0, 175, False, 0
1969,0, 175, False, 0
1970,0, 175, False, 0
1971,0, 175, False, 0
1972,0, 175, False, 0
1973,0, 175, False, 0
1974,0, 175, False, 0
1975,0, 175, False, 0
1976,0, 175, False, 0
1977,0, 175, False, 0
1978,0, 175, False, 0
1979,0, 175, False, 0
1980,0, 175, False, 0
1981,0, 175, False, 0
1982,0, 175, False, 0
1983,0, 175, False, 0
1984,0, 175, False, 0
1985,0, 175, False, 1
1986,0, 175, False, 1
1987,0, 175, False, 1
1988,0, 175, False, 0
1989,0, 175, False, 0
1990,0, 175, False, 0
1991,0, 175, False, 0
1992,0, 175, False, 0
1993,0, 175, False, 0
1994,0, 175, False, 0
1995,0, 175, False, 0
1996,0, 175, False, 0
1997,0, 175, False, 0
1998,0, 175, False, 0
1999,0, 175, False, 0
2000,0, 175, False, 0
2001,0, 175, False, 0
2002,0, 175, False, 0
2003,0, 175, False, 0
2004,0, 175, False, 0
2005,0, 175, False, 0
2006,0, 175, False, 0
2007,0, 175, False, 0
2008,0, 175, False, 0
2009,0, 175, False, 0
2010,0, 175, False, 0
2011,0, 175, False, 0
2012,0, 175, False, 0
2013,0, 175, False, 0
2014,0, 175, False, 0
2015,0, 175, False, 0
2016,0, 175, False, 0
2017,0, 175, False, 0
2018,0, 175, False, 0
2019,0, 175, False, 0
2020,0, 175, False, 0
2021,0, 175, False, 0
2022,0, 175, False, 0
2023,0, 175, False, 0
2024,0, 175, False, 0
2025,0, 175, False, 0
2026,0, 175, False, 0
2027,0, 175, False, 0
2028,0, 175, False, 0
2029,0, 175, False, 3
2030,0, 175, False, 3
2031,0, 175, False, 3
2032,0, 175, False, 3
2033,0, 175, False, 3
2034,0, 175, False, 3
2035,0, 175, False, 3
2036,0, 175, False, 3
2037,0, 175, False, 3
2038,0, 175, False, 3
2039,0, 175, False, 3
2040,0, 175, False, 0
2041,0, 175, False, 0
2042,0, 175, False, 0
2043,0, 175, False, 0
2044,0, 175, False, 0
2045,0, 175, False, 1
2046,0, 175, False, 1
2047,0, 175, False, 1
2048,0, 175, False, 1
2049,0, 175, False, 1
2050,0, 175, False, 0
2051,0, 175, False, 0
2052,0, 175, False, 0
2053,0, 175, False, 0
2054,0, 175, False, 0
2055,0, 175, False, 0
2056,0, 175, False, 0
2057,0, 175, False, 0
2058,0, 175, False, 0
2059,0, 175, False, 0
2060,0, 175, False, 0
2061,0, 175, False, 0
2062,0, 175, False, 1
2063,0, 175, False, 1
2064,0, 175, False, 1
2065,0, 175, False, 1
2066,0, 175, False, 0
2067,0, 175, False, 0
2068,0, 175, False, 0
2069,0, 175, False, 0
2070,0, 175, False, 0
2071,0, 175, False, 0
2072,0, 175, False, 0
2073,0, 175, False, 1
2074,0, 175, False, 1
2075,0, 175, False, 1
2076,0, 175, False, 1
2077,0, 175, False, 1
2078,0, 175, False, 0
2079,0, 175, False, 0
2080,0, 175, False, 0
2081,0, 175, False, 0
2082,0, 175, False, 0
2083,0, 175, False, 0
2084,0, 175, False, 1
2085,0, 175, False, 1
2086,0, 175, False, 1
2087,0, 175, False, 1
2088,0, 175, False, 1
2089,0, 175, False, 1
2090,0, 175, False, 0
2091,0, 175, False, 0
2092,0, 175, False, 0
2093,0, 175, False, 0
2094,0, 175, False, 0
2095,0, 175, False, 0
2096,0, 175, False, 0
2097,0, 175, False, 0
2098,0, 175, False, 0
2099,0, 175, False, 0
2100,15, 190, False, 0
2101,0, 190, False, 0
2102,0, 190, False, 0
2103,0, 190, False, 0
2104,0, 190, False, 0
2105,0, 190, False, 0
2106,0, 190, False, 0
2107,0, 190, False, 0
2108,0, 190, False, 0
2109,0, 190, False, 0
2110,0, 190, False, 0
2111,0, 190, False, 0
2112,0, 190, False, 0
2113,0, 190, False, 0
2114,0, 190, False, 0
2115,0, 190, False, 0
2116,0, 190, False, 0
2117,0, 190, False, 0
2118,0, 190, False, 0
2119,0, 190, False, 0
2120,0, 190, False, 0
2121,0, 190, False, 0
2122,0, 190, False, 0
2123,0, 190, False, 0
2124,0, 190, False, 0
2125,0, 190, False, 0
2126,0, 190, False, 0
2127,0, 190, False, 0
2128,0, 190, False, 0
2129,0, 190, False, 0
2130,0, 190, False, 3
2131,0, 190, False, 3
2132,0, 190, False, 3
2133,0, 190, False, 3
2134,0, 190, False, 3
2135,0, 190, False, 3
2136,0, 190, False, 3
2137,0, 190, False, 3
2138,0, 190, False, 0
2139,0, 190, False, 0
2140,0, 190, False, 0
2141,0, 190, False, 0
2142,0, 190, False, 0
2143,0, 190, False, 0
2144,0, 190, False, 0
2145,0, 190, False, 0
2146,0, 190, False, 0
2147,0, 190, False, 0
2148,0, 190, False, 0
2149,0, 190, False, 0
2150,0, 190, False, 0
2151,0, 190, False, 0
2152,0, 190, False, 0
2153,0, 190, False, 0
2154,0, 190, False, 0
2155,0, 190, False, 0
2156,0, 190, False, 0
2157,0, 190, False, 0
2158,0, 190, False, 0
2159,0, 190, False, 0
2160,0, 190, False, 0
2161,0, 190, False, 0
2162,0, 190, False, 0
2163,0, 190, False, 0
2164,0, 190, False, 0
2165,0, 190, False, 0
2166,0, 190, False, 0
2167,0, 190, False, 0
2168,0, 190, False, 0
2169,0, 190, False, 1
2170,0, 190, False, 1
2171,0, 190, False, 1
2172,0, 190, False, 1
2173,0, 190, False, 1
2174,0, 190, False, 1
2175,0, 190, False, 1
2176,0, 190, False, 0
2177,0, 190, False, 0
2178,0, 190, False, 0
2179,0, 190, False, 0
2180,0, 190, False, 0
2181,0, 190, False, 0
2182,0, 190, False, 0
2183,0, 190, False, 0
2184,0, 190, False, 0
2185,0, 190, False, 0
2186,0, 190, False, 0
2187,0, 190, False, 0
2188,0, 190, False, 0
2189,0, 190, False, 0
2190,0, 190, False, 0
2191,0, 190, False, 0
2192,0, 190, False, 0
2193,0, 190, False, 0
2194,15, 205, False, 0
2195,0, 205, False, 0
2196,0, 205, False, 0
2197,0, 205, False, 0
2198,0, 205, False, 0
2199,0, 205, False, 0
2200,0, 205, False, 0
2201,0, 205, False, 0
2202,0, 205, False, 0
2203,0, 205, False, 0
2204,0, 205, False, 0
2205,0, 205, False, 0
2206,0, 205, False, 0
2207,0, 205, False, 0
2208,0, 205, False, 0
2209,0, 205, False, 0
2210,0, 205, False, 0
2211,0, 205, False, 0
2212,0, 205, False, 0
2213,0, 205, False, 0
2214,0, 205, False, 0
2215,0, 205, False, 0
2216,0, 205, False, 0
2217,0, 205, False, 0
2218,0, 205, False, 0
2219,0, 205, False, 0
2220,0, 205, False, 0
2221,0, 205, False, 0
2222,0, 205, False, 0
2223,0, 205, False, 0
2224,0, 205, False, 4
2225,0, 205, False, 4
2226,0, 205, False, 4
2227,0, 205, False, 4
2228,0, 205, False, 4
2229,0, 205, False, 4
2230,0, 205, False, 4
2231,0, 205, False, 4
2232,0, 205, False, 4
2233,0, 205, False, 4
2234,0, 205, False, 0
2235,0, 205, False, 0
2236,0, 205, False, 0
2237,0, 205, False, 0
2238,0, 205, False, 0
2239,0, 205, False, 0
2240,0, 205, False, 0
2241,0, 205, False, 0
2242,0, 205, False, 0
2243,0, 205, False, 0
2244,0, 205, False, 0
2245,0, 205, False, 0
2246,0, 205, False, 0
2247,0, 205, False, 0
2248,0, 205, False, 0
2249,0, 205, False, 3
2250,0, 205, False, 3
2251,0, 205, False, 3
2252,0, 205, False, 3
2253,0, 205, False, 3
2254,0, 205, False, 3
2255,0, 205, False, 3
2256,0, 205, False, 3
2257,0, 205, False, 0
2258,0, 205, False, 0
2259,0, 205, False, 0
2260,0, 205, False, 0
2261,0, 205, False, 0
2262,0, 205, False, 0
2263,0, 205, False, 0
2264,0, 205, False, 0
2265,0, 205, False, 0
2266,0, 205, False, 0
2267,0, 205, False, 0
2268,0, 205, False, 0
2269,0, 205, False, 0
2270,0, 205, False, 0
2271,0, 205, False, 0
2272,0, 205, False, 4
2273,0, 205, False, 4
2274,0, 205, False, 4
2275,0, 205, False, 4
2276,0, 205, False, 4
2277,0, 205, False, 4
2278,0, 205, False, 4
2279,0, 205, False, 4
2280,0, 205, False, 0
2281,0, 205, False, 0
2282,0, 205, False, 0
2283,0, 205, False, 0
2284,0, 205, False, 0
2285,0, 205, False, 0
2286,0, 205, False, 0
2287,0, 205, False, 0
2288,0, 205, False, 0
2289,0, 205, False, 0
2290,0, 205, False, 4
2291,0, 205, False, 4
2292,0, 205, False, 4
2293,0, 205, False, 4
2294,0, 205, False, 4
2295,0, 205, False, 4
2296,0, 205, False, 4
2297,0, 205, False, 4
2298,0, 205, False, 4
2299,0, 205, False, 4
2300,0, 205, False, 4
2301,0, 205, False, 4
2302,0, 205, False, 4
2303,0, 205, False, 0
2304,0, 205, False, 0
2305,0, 205, False, 0
2306,0, 205, False, 0
2307,0, 205, False, 0
2308,0, 205, False, 0
2309,0, 205, False, 0
2310,0, 205, False, 0
2311,0, 205, False, 0
2312,0, 205, False, 0
2313,0, 205, False, 0
2314,0, 205, False, 0
2315,0, 205, False, 0
2316,0, 205, False, 0
2317,0, 205, False, 0
2318,0, 205, False, 0
2319,0, 205, False, 0
2320,0, 205, False, 0
2321,0, 205, False, 0
2322,0, 205, False, 0
2323,0, 205, False, 0
2324,0, 205, False, 0
2325,0, 205, False, 0
2326,0, 205, False, 4
2327,0, 205, False, 4
2328,0, 205, False, 0
2329,0, 205, False, 0
2330,0, 205, False, 0
2331,0, 205, False, 1
2332,0, 205, False, 1
2333,0, 205, False, 1
2334,0, 205, False, 1
2335,0, 205, False, 1
2336,0, 205, False, 1
2337,0, 205, False, 1
2338,0, 205, False, 1
2339,0, 205, False, 0
2340,0, 205, False, 0
2341,0, 205, False, 0
2342,0, 205, False, 0
2343,0, 205, False, 0
2344,0, 205, False, 0
2345,0, 205, False, 0
2346,0, 205, False, 0
2347,0, 205, False, 0
2348,0, 205, False, 0
2349,0, 205, False, 0
2350,0, 205, False, 0
2351,0, 205, False, 0
2352,0, 205, False, 0
2353,0, 205, False, 0
2354,0, 205, False, 3
2355,0, 205, False, 3
2356,0, 205, False, 3
2357,0, 205, False, 3
2358,0, 205, False, 3
2359,0, 205, False, 3
2360,0, 205, False, 3
2361,0, 205, False, 3
2362,0, 205, False, 3
2363,0, 205, False, 3
2364,20, 225, False, 0
2365,0, 225, False, 0
2366,0, 225, False, 0
2367,0, 225, False, 0
2368,0, 225, False, 0
2369,0, 225, False, 0
2370,0, 225, False, 0
2371,0, 225, False, 0
2372,0, 225, False, 0
2373,0, 225, False, 0
2374,0, 225, False, 0
2375,0, 225, False, 0
2376,0, 225, False, 0
2377,0, 225, False, 0
2378,0, 225, False, 0
2379,0, 225, False, 0
2380,0, 225, False, 0
2381,0, 225, False, 0
2382,0, 225, False, 0
2383,0, 225, False, 0
2384,0, 225, False, 0
2385,0, 225, False, 0
2386,0, 225, False, 0
2387,0, 225, False, 0
2388,0, 225, False, 0
2389,0, 225, False, 0
2390,0, 225, False, 0
2391,0, 225, False, 0
2392,0, 225, False, 0
2393,0, 225, False, 0
2394,0, 225, False, 0
2395,0, 225, False, 0
2396,0, 225, False, 0
2397,0, 225, False, 0
2398,0, 225, False, 0
2399,0, 225, False, 0
2400,0, 225, False, 0
2401,0, 225, False, 0
2402,0, 225, False, 0
2403,0, 225, False, 0
2404,0, 225, False, 0
2405,0, 225, False, 0
2406,0, 225, False, 0
2407,0, 225, False, 0
2408,0, 225, False, 0
2409,0, 225, False, 0
2410,0, 225, False, 0
2411,0, 225, False, 0
2412,0, 225, False, 0
2413,0, 225, False, 0
2414,0, 225, False, 0
2415,0, 225, False, 0
2416,0, 225, False, 0
2417,0, 225, False, 0
2418,0, 225, False, 0
2419,0, 225, False, 0
2420,0, 225, False, 0
2421,0, 225, False, 0
2422,0, 225, False, 0
2423,0, 225, False, 0
2424,0, 225, False, 0
2425,0, 225, False, 0
2426,0, 225, False, 0
2427,0, 225, False, 0
2428,0, 225, False, 0
2429,0, 225, False, 0
2430,0, 225, False, 0
2431,0, 225, False, 0
2432,0, 225, False, 4
2433,0, 225, False, 4
2434,0, 225, False, 4
2435,0, 225, False, 0
2436,0, 225, False, 0
2437,0, 225, False, 0
2438,0, 225, False, 0
2439,0, 225, False, 0
2440,0, 225, False, 0
2441,0, 225, False, 0
2442,0, 225, False, 0
2443,0, 225, False, 1
2444,0, 225, False, 1
2445,0, 225, False, 1
2446,0, 225, False, 1
2447,0, 225, False, 1
2448,0, 225, False, 1
2449,0, 225, False, 1
2450,0, 225, False, 1
2451,0, 225, False, 0
2452,0, 225, False, 0
2453,0, 225, False, 0
2454,0, 225, False, 0
2455,0, 225, False, 0
2456,0, 225, False, 0
2457,0, 225, False, 0
2458,0, 225, False, 0
2459,0, 225, False, 0
2460,0, 225, False, 0
2461,0, 225, False, 0
2462,0, 225, False, 0
2463,0, 225, False, 0
2464,0, 225, False, 0
2465,0, 225, False, 0
2466,0, 225, False, 0
2467,0, 225, False, 0
2468,0, 225, False, 0
2469,0, 225, False, 0
2470,0, 225, False, 0
2471,0, 225, False, 0
2472,0, 225, False, 0
2473,0, 225, False, 0
2474,0, 225, False, 0
2475,0, 225, False, 0
2476,0, 225, False, 0
2477,0, 225, False, 0
2478,0, 225, False, 0
2479,0, 225, False, 0
2480,0, 225, False, 0
2481,0, 225, False, 0
2482,0, 225, False, 0
2483,0, 225, False, 0
2484,0, 225, False, 0
2485,0, 225, False, 0
2486,0, 225, False, 0
2487,0, 225, False, 0
2488,0, 225, False, 0
2489,0, 225, False, 0
2490,0, 225, False, 0
2491,0, 225, False, 0
2492,0, 225, False, 0
2493,0, 225, False, 0
2494,0, 225, False, 4
2495,0, 225, False, 4
2496,0, 225, False, 4
2497,0, 225, False, 4
2498,0, 225, False, 4
2499,0, 225, False, 4
2500,0, 225, False, 4
2501,0, 225, False, 0
2502,0, 225, False, 0
2503,0, 225, False, 0
2504,0, 225, False, 0
2505,0, 225, False, 0
2506,0, 225, False, 1
2507,0, 225, False, 1
2508,0, 225, False, 1
2509,0, 225, False, 1
2510,0, 225, False, 1
2511,0, 225, False, 1
2512,0, 225, False, 0
2513,0, 225, False, 0
2514,0, 225, False, 0
2515,0, 225, False, 0
2516,0, 225, False, 0
2517,0, 225, False, 0
2518,0, 225, False, 0
2519,0, 225, False, 0
2520,0, 225, False, 0
2521,0, 225, False, 0
2522,0, 225, False, 0
2523,0, 225, False, 0
2524,0, 225, False, 0
2525,0, 225, False, 0
2526,0, 225, False, 0
2527,0, 225, False, 0
2528,0, 225, False, 0
2529,0, 225, False, 0
2530,0, 225, False, 0
2531,0, 225, False, 0
2532,0, 225, False, 4
2533,0, 225, False, 4
2534,0, 225, False, 4
2535,0, 225, False, 4
2536,0, 225, False, 4
2537,0, 225, False, 4
2538,0, 225, False, 4
2539,0, 225, False, 4
2540,0, 225, False, 4
2541,0, 225, False, 4
2542,0, 225, False, 4
2543,0, 225, False, 4
2544,0, 225, False, 4
2545,0, 225, False, 4
2546,0, 225, False, 4
2547,0, 225, False, 4
2548,0, 225, False, 4
2549,0, 225, False, 4
2550,0, 225, False, 4
2551,0, 225, False, 4
2552,0, 225, False, 4
2553,0, 225, False, 4
2554,0, 225, False, 4
2555,0, 225, False, 4
2556,0, 225, False, 4
2557,0, 225, False, 4
2558,0, 225, False, 0
2559,0, 225, False, 0
2560,0, 225, False, 0
2561,0, 225, False, 0
2562,0, 225, False, 0
2563,0, 225, False, 0
2564,0, 225, False, 0
2565,0, 225, False, 0
2566,0, 225, False, 0
2567,0, 225, False, 0
2568,0, 225, False, 0
2569,0, 225, False, 0
2570,0, 225, False, 0
2571,0, 225, False, 0
2572,0, 225, False, 1
2573,0, 225, False, 1
2574,0, 225, False, 1
2575,0, 225, False, 1
2576,0, 225, False, 1
2577,0, 225, False, 1
2578,0, 225, False, 1
2579,0, 225, False, 1
2580,0, 225, False, 0
2581,0, 225, False, 0
2582,0, 225, False, 0
2583,0, 225, False, 0
2584,0, 225, False, 0
2585,0, 225, False, 0
2586,0, 225, False, 0
2587,0, 225, False, 0
2588,0, 225, False, 0
2589,0, 225, False, 0
2590,0, 225, False, 0
2591,0, 225, False, 0
2592,0, 225, False, 0
2593,0, 225, False, 0
2594,0, 225, False, 0
2595,0, 225, False, 0
2596,0, 225, False, 0
2597,0, 225, False, 0
2598,0, 225, False, 0
2599,0, 225, False, 1
2600,0, 225, False, 1
2601,0, 225, False, 1
2602,0, 225, False, 1
2603,0, 225, False, 1
2604,0, 225, False, 1
2605,0, 225, False, 1
2606,0, 225, False, 4
2607,0, 225, False, 4
2608,0, 225, False, 4
2609,0, 225, False, 4
2610,0, 225, False, 4
2611,0, 225, False, 4
2612,0, 225, False, 4
2613,0, 225, False, 4
2614,0, 225, False, 4
2615,0, 225, False, 4
2616,0, 225, False, 4
2617,0, 225, False, 0
2618,0, 225, False, 0
2619,0, 225, False, 0
2620,0, 225, False, 0
2621,0, 225, False, 1
2622,0, 225, False, 1
2623,0, 225, False, 1
2624,0, 225, False, 0
2625,0, 225, False, 0
2626,0, 225, False, 0
2627,0, 225, False, 0
2628,0, 225, False, 0
2629,0, 225, False, 0
2630,0, 225, False, 1
2631,0, 225, False, 1
2632,0, 225, False, 1
2633,0, 225, False, 1
2634,0, 225, False, 0
2635,0, 225, False, 0
2636,0, 225, False, 0
2637,0, 225, False, 0
2638,0, 225, False, 0
2639,0, 225, False, 0
2640,15, 240, False, 0
2641,0, 240, False, 0
2642,0, 240, False, 0
2643,0, 240, False, 0
2644,0, 240, False, 0
2645,0, 240, False, 0
2646,0, 240, False, 0
2647,0, 240, False, 0
2648,0, 240, False, 0
2649,0, 240, False, 0
2650,0, 240, False, 4
2651,0, 240, False, 4
2652,0, 240, False, 4
2653,0, 240, False, 4
2654,0, 240, False, 4
2655,0, 240, False, 0
2656,0, 240, False, 0
2657,0, 240, False, 1
2658,0, 240, False, 1
2659,0, 240, False, 1
2660,0, 240, False, 1
2661,0, 240, False, 0
2662,0, 240, False, 0
2663,0, 240, False, 0
2664,0, 240, False, 0
2665,0, 240, False, 0
2666,0, 240, False, 0
2667,0, 240, False, 0
2668,0, 240, False, 0
2669,0, 240, False, 0
2670,0, 240, False, 0
2671,0, 240, False, 0
2672,0, 240, False, 0
2673,0, 240, False, 0
2674,0, 240, False, 0
2675,0, 240, False, 0
2676,0, 240, False, 0
2677,0, 240, False, 0
2678,0, 240, False, 0
2679,0, 240, False, 0
2680,0, 240, False, 0
2681,0, 240, False, 0
2682,0, 240, False, 0
2683,0, 240, False, 0
2684,20, 260, False, 0
2685,0, 260, False, 0
2686,0, 260, False, 0
2687,0, 260, False, 0
2688,0, 260, False, 0
2689,0, 260, False, 0
2690,0, 260, False, 0
2691,0, 260, False, 0
2692,0, 260, False, 0
2693,0, 260, False, 0
2694,0, 260, False, 0
2695,0, 260, False, 0
2696,0, 260, False, 0
2697,0, 260, False, 0
2698,0, 260, False, 0
2699,0, 260, False, 0
2700,0, 260, False, 0
2701,0, 260, False, 4
2702,0, 260, False, 4
2703,0, 260, False, 4
2704,0, 260, False, 4
2705,0, 260, False, 0
2706,0, 260, False, 1
2707,0, 260, False, 1
2708,0, 260, False, 1
2709,0, 260, False, 1
2710,0, 260, False, 1
2711,0, 260, False, 0
2712,0, 260, False, 0
2713,0, 260, False, 0
2714,0, 260, False, 0
2715,0, 260, False, 0
2716,0, 260, False, 0
2717,0, 260, False, 0
2718,0, 260, False, 0
2719,0, 260, False, 0
2720,0, 260, False, 0
2721,0, 260, False, 0
2722,0, 260, False, 0
2723,0, 260, False, 0
2724,0, 260, False, 0
2725,0, 260, False, 0
2726,0, 260, False, 0
2727,0, 260, False, 0
2728,0, 260, False, 0
2729,0, 260, False, 0
2730,0, 260, False, 0
2731,0, 260, False, 0
2732,0, 260, False, 0
2733,0, 260, False, 0
2734,0, 260, False, 0
2735,0, 260, False, 0
2736,0, 260, False, 0
2737,0, 260, False, 0
2738,0, 260, False, 0
2739,0, 260, False, 0
2740,0, 260, False, 0
2741,0, 260, False, 0
2742,0, 260, False, 0
2743,0, 260, False, 0
2744,25, 285, False, 3
2745,0, 285, False, 3
2746,0, 285, False, 3
2747,0, 285, False, 3
2748,0, 285, False, 3
2749,0, 285, False, 3
2750,0, 285, False, 3
2751,0, 285, False, 3
2752,0, 285, False, 3
2753,0, 285, False, 3
2754,0, 285, False, 3
2755,0, 285, False, 3
2756,0, 285, False, 3
2757,0, 285, False, 3
2758,0, 285, False, 3
2759,0, 285, False, 3
2760,0, 285, False, 3
2761,0, 285, False, 3
2762,0, 285, False, 3
2763,0, 285, False, 3
2764,0, 285, False, 3
2765,0, 285, False, 3
2766,0, 285, False, 3
2767,0, 285, False, 3
2768,0, 285, False, 3
2769,0, 285, False, 3
2770,0, 285, False, 3
2771,0, 285, False, 3
2772,0, 285, False, 3
2773,0, 285, False, 3
2774,0, 285, False, 3
2775,0, 285, False, 3
2776,0, 285, False, 3
2777,0, 285, False, 3
2778,0, 285, False, 3
2779,0, 285, False, 3
2780,0, 285, False, 3
2781,0, 285, False, 3
2782,0, 285, False, 3
2783,0, 285, False, 3
2784,0, 285, False, 3
2785,0, 285, False, 3
2786,0, 285, False, 3
2787,0, 285, False, 3
2788,0, 285, False, 3
2789,0, 285, False, 3
2790,0, 285, False, 3
2791,0, 285, False, 3
2792,0, 285, False, 3
2793,0, 285, False, 3
2794,0, 285, False, 3
2795,0, 285, False, 3
2796,0, 285, False, 3
2797,0, 285, False, 3
2798,0, 285, False, 3
2799,0, 285, False, 3
2800,0, 285, False, 3
2801,0, 285, False, 3
2802,0, 285, False, 3
2803,0, 285, False, 0
2804,0, 285, False, 0
2805,0, 285, False, 1
2806,0, 285, False, 1
2807,0, 285, False, 1
2808,0, 285, False, 1
2809,0, 285, False, 1
2810,0, 285, False, 1
2811,0, 285, False, 0
2812,0, 285, False, 0
2813,0, 285, False, 0
2814,0, 285, False, 0
2815,0, 285, False, 0
2816,0, 285, False, 0
2817,0, 285, False, 0
2818,0, 285, False, 0
2819,0, 285, False, 0
2820,0, 285, False, 0
2821,0, 285, False, 0
2822,0, 285, False, 0
2823,0, 285, False, 0
2824,0, 285, False, 0
2825,0, 285, False, 0
2826,0, 285, False, 0
2827,0, 285, False, 0
2828,20, 305, False, 0
2829,0, 305, False, 0
2830,0, 305, False, 0
2831,0, 305, False, 0
2832,0, 305, False, 3
2833,0, 305, False, 3
2834,0, 305, False, 3
2835,0, 305, False, 3
2836,0, 305, False, 3
2837,0, 305, False, 3
2838,0, 305, False, 3
2839,0, 305, False, 3
2840,0, 305, False, 3
2841,0, 305, False, 3
2842,0, 305, False, 3
2843,0, 305, False, 3
2844,0, 305, False, 3
2845,0, 305, False, 3
2846,0, 305, False, 3
2847,0, 305, False, 3
2848,0, 305, False, 3
2849,0, 305, False, 3
2850,0, 305, False, 3
2851,0, 305, False, 3
2852,0, 305, False, 3
2853,0, 305, False, 3
2854,0, 305, False, 3
2855,0, 305, False, 3
2856,0, 305, False, 3
2857,0, 305, False, 3
2858,0, 305, False, 3
2859,0, 305, False, 3
2860,0, 305, False, 3
2861,0, 305, False, 3
2862,0, 305, False, 3
2863,0, 305, False, 3
2864,0, 305, False, 3
2865,0, 305, False, 3
2866,0, 305, False, 3
2867,0, 305, False, 3
2868,0, 305, False, 3
2869,0, 305, False, 3
2870,0, 305, False, 3
2871,0, 305, False, 3
2872,0, 305, False, 3
2873,0, 305, False, 3
2874,0, 305, False, 3
2875,0, 305, False, 3
2876,0, 305, False, 3
2877,0, 305, False, 0
2878,0, 305, False, 0
2879,0, 305, False, 1
2880,0, 305, False, 1
2881,0, 305, False, 1
2882,0, 305, False, 1
2883,0, 305, False, 1
2884,0, 305, False, 0
2885,0, 305, False, 0
2886,0, 305, False, 0
2887,0, 305, False, 0
2888,0, 305, False, 0
2889,0, 305, False, 0
2890,0, 305, False, 0
2891,0, 305, False, 0
2892,0, 305, False, 0
2893,0, 305, False, 0
2894,0, 305, False, 0
2895,0, 305, False, 0
2896,0, 305, False, 0
2897,0, 305, False, 0
2898,0, 305, False, 0
2899,0, 305, False, 0
2900,20, 325, False, 0
2901,0, 325, False, 0
2902,0, 325, False, 0
2903,0, 325, False, 0
2904,0, 325, False, 0
2905,0, 325, False, 0
2906,0, 325, False, 0
2907,0, 325, False, 0
2908,0, 325, False, 0
2909,0, 325, False, 0
2910,0, 325, False, 0
2911,0, 325, False, 0
2912,0, 325, False, 3
2913,0, 325, False, 3
2914,0, 325, False, 3
2915,0, 325, False, 3
2916,0, 325, False, 3
2917,0, 325, False, 3
2918,0, 325, False, 3
2919,0, 325, False, 3
2920,0, 325, False, 3
2921,0, 325, False, 0
2922,0, 325, False, 1
2923,0, 325, False, 1
2924,0, 325, False, 1
2925,0, 325, False, 1
2926,0, 325, False, 1
2927,0, 325, False, 1
2928,0, 325, False, 1
2929,0, 325, False, 0
2930,0, 325, False, 0
2931,0, 325, False, 0
2932,0, 325, False, 0
2933,0, 325, False, 0
2934,0, 325, False, 0
2935,0, 325, False, 0
2936,0, 325, False, 0
2937,0, 325, False, 0
2938,0, 325, False, 0
2939,0, 325, False, 0
2940,0, 325, False, 0
2941,0, 325, False, 0
2942,0, 325, False, 0
2943,0, 325, False, 0
2944,0, 325, False, 0
2945,0, 325, False, 0
2946,0, 325, False, 0
2947,0, 325, False, 0
2948,0, 325, False, 0
2949,0, 325, False, 0
2950,0, 325, False, 0
2951,0, 325, False, 0
2952,0, 325, False, 0
2953,0, 325, False, 0
2954,0, 325, False, 0
2955,0, 325, False, 0
2956,25, 350, False, 0
2957,0, 350, False, 0
2958,0, 350, False, 0
2959,0, 350, False, 0
2960,0, 350, False, 0
2961,0, 350, False, 0
2962,0, 350, False, 0
2963,0, 350, False, 0
2964,0, 350, False, 0
2965,0, 350, False, 0
2966,0, 350, False, 0
2967,0, 350, False, 0
2968,0, 350, False, 0
2969,0, 350, False, 0
2970,0, 350, False, 0
2971,0, 350, False, 0
2972,0, 350, False, 4
2973,0, 350, False, 4
2974,0, 350, False, 4
2975,0, 350, False, 4
2976,0, 350, False, 4
2977,0, 350, False, 4
2978,0, 350, False, 4
2979,0, 350, False, 4
2980,0, 350, False, 4
2981,0, 350, False, 4
2982,0, 350, False, 4
2983,0, 350, False, 4
2984,0, 350, False, 4
2985,0, 350, False, 4
2986,0, 350, False, 4
2987,0, 350, False, 4
2988,0, 350, False, 4
2989,0, 350, False, 4
2990,0, 350, False, 4
2991,0, 350, False, 4
2992,0, 350, False, 4
2993,0, 350, False, 4
2994,0, 350, False, 4
2995,0, 350, False, 4
2996,0, 350, False, 4
2997,0, 350, False, 4
2998,0, 350, False, 4
2999,0, 350, False, 4
3000,0, 350, False, 4
3001,0, 350, False, 4
3002,0, 350, False, 4
3003,0, 350, False, 4
3004,0, 350, False, 4
3005,0, 350, False, 4
3006,0, 350, False, 4
3007,0, 350, False, 4
3008,0, 350, False, 4
3009,0, 350, False, 4
3010,0, 350, False, 0
3011,0, 350, False, 0
3012,0, 350, False, 0
3013,0, 350, False, 1
3014,0, 350, False, 1
3015,0, 350, False, 1
3016,0, 350, False, 1
3017,0, 350, False, 1
3018,0, 350, False, 1
3019,0, 350, False, 1
3020,0, 350, False, 0
3021,0, 350, False, 0
3022,0, 350, False, 0
3023,0, 350, False, 0
3024,0, 350, False, 0
3025,0, 350, False, 0
3026,0, 350, False, 0
3027,0, 350, False, 0
3028,0, 350, False, 0
3029,0, 350, False, 0
3030,0, 350, False, 0
3031,0, 350, False, 0
3032,0, 350, False, 0
3033,0, 350, False, 0
3034,0, 350, False, 0
3035,0, 350, False, 0
3036,0, 350, False, 0
3037,0, 350, False, 0
3038,0, 350, False, 0
3039,0, 350, False, 0
3040,0, 350, False, 0
3041,0, 350, False, 0
3042,0, 350, False, 0
3043,0, 350, False, 0
3044,0, 350, False, 0
3045,0, 350, False, 0
3046,25, 375, False, 0
3047,0, 375, False, 0
3048,0, 375, False, 0
3049,0, 375, False, 0
3050,0, 375, False, 0
3051,0, 375, False, 0
3052,0, 375, False, 0
3053,0, 375, False, 0
3054,0, 375, False, 0
3055,0, 375, False, 0
3056,0, 375, False, 0
3057,0, 375, False, 0
3058,0, 375, False, 0
3059,0, 375, False, 0
3060,0, 375, False, 0
3061,0, 375, False, 0
3062,0, 375, False, 0
3063,0, 375, False, 0
3064,0, 375, False, 0
3065,0, 375, False, 0
3066,0, 375, False, 0
3067,0, 375, False, 0
3068,0, 375, False, 0
3069,0, 375, False, 0
3070,0, 375, False, 0
3071,0, 375, False, 0
3072,0, 375, False, 0
3073,0, 375, False, 0
3074,0, 375, False, 0
3075,0, 375, False, 0
3076,0, 375, False, 0
3077,0, 375, False, 0
3078,0, 375, False, 0
3079,0, 375, False, 4
3080,0, 375, False, 4
3081,0, 375, False, 4
3082,0, 375, False, 4
3083,0, 375, False, 4
3084,0, 375, False, 4
3085,0, 375, False, 4
3086,0, 375, False, 4
3087,0, 375, False, 4
3088,0, 375, False, 4
3089,0, 375, False, 4
3090,0, 375, False, 4
3091,0, 375, False, 4
3092,0, 375, False, 4
3093,0, 375, False, 4
3094,0, 375, False, 4
3095,0, 375, False, 4
3096,0, 375, False, 4
3097,0, 375, False, 4
3098,0, 375, False, 4
3099,0, 375, False, 4
3100,0, 375, False, 4
3101,0, 375, False, 4
3102,0, 375, False, 4
3103,0, 375, False, 4
3104,0, 375, False, 4
3105,0, 375, False, 4
3106,0, 375, False, 4
3107,0, 375, False, 4
3108,0, 375, False, 4
3109,0, 375, False, 4
3110,0, 375, False, 4
3111,0, 375, False, 4
3112,0, 375, False, 4
3113,0, 375, False, 4
3114,0, 375, False, 4
3115,0, 375, False, 4
3116,0, 375, False, 4
3117,0, 375, False, 4
3118,0, 375, False, 4
3119,0, 375, False, 4
3120,0, 375, False, 4
3121,0, 375, False, 4
3122,0, 375, False, 4
3123,0, 375, False, 4
3124,0, 375, False, 4
3125,0, 375, False, 4
3126,0, 375, False, 4
3127,0, 375, False, 4
3128,0, 375, False, 4
3129,0, 375, False, 4
3130,0, 375, False, 4
3131,0, 375, False, 4
3132,0, 375, False, 4
3133,0, 375, False, 4
3134,0, 375, False, 4
3135,0, 375, False, 4
3136,0, 375, False, 4
3137,0, 375, False, 4
3138,0, 375, False, 4
3139,0, 375, False, 4
3140,0, 375, False, 4
3141,0, 375, False, 4
3142,0, 375, False, 4
3143,0, 375, False, 4
3144,0, 375, False, 4
3145,0, 375, False, 4
3146,0, 375, False, 4
3147,0, 375, False, 4
3148,0, 375, False, 4
3149,0, 375, False, 4
3150,0, 375, False, 4
3151,0, 375, False, 4
3152,0, 375, False, 4
3153,0, 375, False, 4
3154,0, 375, False, 4
3155,0, 375, False, 4
3156,0, 375, False, 4
3157,0, 375, False, 4
3158,0, 375, False, 4
3159,0, 375, False, 4
3160,0, 375, False, 4
3161,0, 375, False, 4
3162,0, 375, False, 4
3163,0, 375, False, 4
3164,0, 375, False, 4
3165,0, 375, False, 4
3166,0, 375, False, 0
3167,0, 375, False, 1
3168,0, 375, False, 1
3169,0, 375, False, 1
3170,0, 375, False, 1
3171,0, 375, False, 1
3172,0, 375, False, 1
3173,0, 375, False, 0
3174,0, 375, False, 0
3175,0, 375, False, 0
3176,0, 375, False, 0
3177,0, 375, False, 0
3178,0, 375, False, 0
3179,0, 375, False, 0
3180,0, 375, False, 0
3181,0, 375, False, 0
3182,0, 375, False, 0
3183,0, 375, False, 0
3184,0, 375, False, 0
3185,0, 375, False, 0
3186,0, 375, False, 0
3187,0, 375, False, 0
3188,0, 375, False, 0
3189,0, 375, False, 0
3190,0, 375, False, 0
3191,0, 375, False, 0
3192,0, 375, False, 0
3193,0, 375, False, 0
3194,25, 400, False, 0
3195,0, 400, False, 0
3196,0, 400, False, 0
3197,0, 400, False, 0
3198,0, 400, False, 0
3199,0, 400, False, 0
3200,0, 400, False, 0
3201,0, 400, False, 0
3202,0, 400, False, 0
3203,0, 400, False, 0
3204,0, 400, False, 0
3205,0, 400, False, 0
3206,0, 400, False, 0
3207,0, 400, False, 0
3208,0, 400, False, 0
3209,0, 400, False, 0
3210,0, 400, False, 0
3211,0, 400, False, 1
3212,0, 400, False, 1
3213,0, 400, False, 1
3214,0, 400, False, 1
3215,0, 400, False, 1
3216,0, 400, False, 1
3217,0, 400, False, 1
3218,0, 400, False, 0
3219,0, 400, False, 0
3220,0, 400, False, 0
3221,0, 400, False, 0
3222,0, 400, False, 0
3223,0, 400, False, 0
3224,0, 400, False, 0
3225,0, 400, False, 0
3226,0, 400, False, 0
3227,0, 400, False, 0
3228,0, 400, False, 0
3229,0, 400, False, 0
3230,0, 400, False, 0
3231,0, 400, False, 0
3232,0, 400, False, 0
3233,0, 400, False, 0
3234,0, 400, False, 0
3235,0, 400, False, 0
3236,0, 400, False, 0
3237,0, 400, False, 0
3238,0, 400, False, 0
3239,0, 400, False, 0
3240,0, 400, False, 0
3241,0, 400, False, 0
3242,0, 400, False, 0
3243,0, 400, False, 0
3244,0, 400, False, 0
3245,0, 400, False, 0
3246,30, 430, False, 0
3247,0, 430, False, 0
3248,0, 430, False, 0
3249,0, 430, False, 0
3250,0, 430, False, 0
3251,0, 430, False, 0
3252,0, 430, False, 0
3253,0, 430, False, 0
3254,0, 430, False, 3
3255,0, 430, False, 3
3256,0, 430, False, 3
3257,0, 430, False, 3
3258,0, 430, False, 3
3259,0, 430, False, 3
3260,0, 430, False, 3
3261,0, 430, False, 3
3262,0, 430, False, 3
3263,0, 430, False, 3
3264,0, 430, False, 3
3265,0, 430, False, 3
3266,0, 430, False, 3
3267,0, 430, False, 3
3268,0, 430, False, 3
3269,0, 430, False, 3
3270,0, 430, False, 3
3271,0, 430, False, 3
3272,0, 430, False, 0
3273,0, 430, False, 1
3274,0, 430, False, 1
3275,0, 430, False, 1
3276,0, 430, False, 1
3277,0, 430, False, 1
3278,0, 430, False, 0
3279,0, 430, False, 0
3280,0, 430, False, 0
3281,0, 430, False, 0
3282,0, 430, False, 0
3283,0, 430, False, 0
3284,0, 430, False, 0
3285,0, 430, False, 0
3286,0, 430, False, 0
3287,0, 430, False, 0
3288,0, 430, False, 0
3289,0, 430, False, 0
3290,0, 430, False, 0
3291,0, 430, False, 0
3292,0, 430, False, 0
3293,0, 430, False, 0
3294,0, 430, False, 0
3295,0, 430, False, 0
3296,0, 430, False, 0
3297,0, 430, False, 0
3298,0, 430, False, 0
3299,0, 430, False, 0
3300,0, 430, False, 0
3301,0, 430, False, 0
3302,0, 430, False, 0
3303,0, 430, False, 0
3304,0, 430, False, 0
3305,0, 430, False, 0
3306,0, 430, False, 0
3307,0, 430, False, 0
3308,0, 430, False, 0
3309,0, 430, False, 0
3310,0, 430, False, 0
3311,0, 430, False, 0
3312,0, 430, False, 0
3313,0, 430, False, 0
3314,0, 430, False, 0
3315,0, 430, False, 0
3316,0, 430, False, 0
3317,0, 430, False, 0
3318,0, 430, False, 0
3319,0, 430, False, 0
3320,0, 430, False, 3
3321,0, 430, False, 3
3322,0, 430, False, 3
3323,0, 430, False, 3
3324,0, 430, False, 3
3325,0, 430, False, 3
3326,0, 430, False, 3
3327,0, 430, False, 0
3328,0, 430, False, 0
3329,0, 430, False, 0
3330,0, 430, False, 1
3331,0, 430, False, 1
3332,0, 430, False, 1
3333,0, 430, False, 1
3334,0, 430, False, 1
3335,0, 430, False, 1
3336,0, 430, False, 1
3337,0, 430, False, 0
3338,0, 430, False, 0
3339,0, 430, False, 0
3340,0, 430, False, 0
3341,0, 430, False, 0
3342,0, 430, False, 0
3343,0, 430, False, 0
3344,0, 430, False, 0
3345,0, 430, False, 0
3346,0, 430, False, 0
3347,0, 430, False, 0
3348,0, 430, False, 0
3349,0, 430, False, 0
3350,0, 430, False, 0
3351,0, 430, False, 0
3352,0, 430, False, 0
3353,0, 430, False, 0
3354,0, 430, False, 0
3355,0, 430, False, 0
3356,0, 430, False, 0
3357,0, 430, False, 0
3358,0, 430, False, 0
3359,0, 430, False, 0
3360,0, 430, False, 0
3361,0, 430, False, 0
3362,0, 430, False, 3
3363,0, 430, False, 3
3364,0, 430, False, 3
3365,0, 430, False, 3
3366,0, 430, False, 3
3367,0, 430, False, 3
3368,0, 430, False, 3
3369,0, 430, False, 3
3370,0, 430, False, 3
3371,0, 430, False, 3
3372,0, 430, False, 3
3373,0, 430, False, 3
3374,0, 430, False, 3
3375,0, 430, False, 3
3376,0, 430, False, 3
3377,0, 430, False, 3
3378,0, 430, False, 3
3379,0, 430, False, 3
3380,0, 430, False, 3
3381,0, 430, False, 3
3382,0, 430, False, 3
3383,0, 430, False, 3
3384,0, 430, False, 3
3385,0, 430, False, 3
3386,0, 430, False, 3
3387,0, 430, False, 3
3388,0, 430, False, 3
3389,0, 430, False, 3
3390,0, 430, False, 3
3391,0, 430, False, 3
3392,0, 430, False, 3
3393,0, 430, False, 3
3394,0, 430, False, 3
3395,0, 430, False, 3
3396,0, 430, False, 3
3397,0, 430, False, 3
3398,0, 430, False, 3
3399,0, 430, False, 3
3400,0, 430, False, 3
3401,0, 430, False, 3
3402,0, 430, False, 3
3403,0, 430, False, 3
3404,0, 430, False, 3
3405,0, 430, False, 3
3406,0, 430, False, 3
3407,0, 430, False, 3
3408,0, 430, False, 3
3409,0, 430, False, 3
3410,0, 430, False, 3
3411,0, 430, False, 3
3412,0, 430, False, 3
3413,0, 430, False, 3
3414,0, 430, False, 3
3415,0, 430, False, 0
3416,0, 430, False, 0
3417,0, 430, False, 0
3418,0, 430, False, 0
3419,0, 430, False, 0
3420,0, 430, False, 0
3421,0, 430, False, 0
3422,0, 430, False, 0
3423,0, 430, False, 0
3424,0, 430, False, 0
3425,0, 430, False, 0
3426,0, 430, False, 0
3427,0, 430, False, 0
3428,0, 430, False, 0
3429,0, 430, False, 0
3430,0, 430, False, 0
3431,0, 430, False, 0
3432,0, 430, False, 0
3433,0, 430, False, 0
3434,0, 430, False, 0
3435,0, 430, False, 0
3436,0, 430, False, 0
3437,0, 430, False, 0
3438,0, 430, False, 0
3439,0, 430, False, 0
3440,0, 430, False, 0
3441,0, 430, False, 0
3442,0, 430, False, 0
3443,0, 430, False, 0
3444,0, 430, False, 0
3445,0, 430, False, 0
3446,0, 430, False, 0
3447,0, 430, False, 0
3448,0, 430, False, 0
3449,0, 430, False, 0
3450,0, 430, False, 3
3451,0, 430, False, 3
3452,0, 430, False, 0
3453,0, 430, False, 0
3454,0, 430, False, 0
3455,0, 430, False, 0
3456,0, 430, False, 0
3457,0, 430, False, 0
3458,0, 430, False, 0
3459,0, 430, False, 0
3460,0, 430, False, 0
3461,0, 430, False, 0
3462,0, 430, False, 0
3463,0, 430, False, 0
3464,0, 430, False, 0
3465,0, 430, False, 4
3466,0, 430, False, 4
3467,0, 430, False, 4
3468,0, 430, False, 4
3469,0, 430, False, 4
3470,0, 430, False, 0
3471,0, 430, False, 0
3472,0, 430, False, 0
3473,0, 430, False, 0
3474,0, 430, False, 0
3475,0, 430, False, 0
3476,0, 430, False, 0
3477,0, 430, False, 0
3478,0, 430, False, 0
3479,0, 430, False, 0
3480,0, 430, False, 3
3481,0, 430, False, 3
3482,0, 430, False, 3
3483,0, 430, False, 3
3484,0, 430, False, 3
3485,0, 430, False, 3
3486,0, 430, False, 3
3487,0, 430, False, 3
3488,0, 430, False, 3
3489,0, 430, False, 3
3490,0, 430, False, 3
3491,0, 430, False, 3
3492,0, 430, False, 3
3493,0, 430, False, 3
3494,0, 430, False, 3
3495,0, 430, False, 3
3496,0, 430, False, 3
3497,0, 430, False, 3
3498,0, 430, False, 3
3499,0, 430, False, 11
3500,0, 430, False, 11
3501,0, 430, False, 1
3502,0, 430, False, 1
3503,0, 430, False, 1
3504,0, 430, False, 0
3505,0, 430, False, 0
3506,0, 430, False, 0
3507,0, 430, False, 0
3508,0, 430, False, 0
3509,0, 430, False, 0
3510,0, 430, False, 0
3511,0, 430, False, 0
3512,0, 430, False, 0
3513,0, 430, False, 0
3514,0, 430, False, 0
3515,0, 430, False, 0
3516,0, 430, False, 0
3517,0, 430, False, 0
3518,0, 430, False, 0
3519,0, 430, False, 0
3520,0, 430, False, 0
3521,0, 430, False, 4
3522,0, 430, False, 4
3523,0, 430, False, 4
3524,0, 430, False, 4
3525,0, 430, False, 4
3526,0, 430, False, 4
3527,0, 430, False, 4
3528,0, 430, False, 4
3529,0, 430, False, 4
3530,0, 430, False, 4
3531,0, 430, False, 4
3532,0, 430, False, 4
3533,0, 430, False, 4
3534,0, 430, False, 4
3535,0, 430, False, 4
3536,0, 430, False, 4
3537,0, 430, False, 4
3538,0, 430, False, 4
3539,0, 430, False, 0
3540,0, 430, False, 1
3541,0, 430, False, 1
3542,0, 430, False, 1
3543,0, 430, False, 1
3544,0, 430, False, 0
3545,0, 430, False, 0
3546,0, 430, False, 0
3547,0, 430, False, 0
3548,0, 430, False, 0
3549,0, 430, False, 0
3550,0, 430, False, 0
3551,0, 430, False, 0
3552,0, 430, False, 0
3553,0, 430, False, 0
3554,0, 430, False, 0
3555,0, 430, False, 0
3556,25, 455, False, 0
3557,0, 455, False, 0
3558,0, 455, False, 0
3559,0, 455, False, 0
3560,0, 455, False, 0
3561,0, 455, False, 0
3562,0, 455, False, 0
3563,0, 455, False, 0
3564,0, 455, False, 0
3565,0, 455, False, 0
3566,0, 455, False, 4
3567,0, 455, False, 4
3568,0, 455, False, 4
3569,0, 455, False, 4
3570,0, 455, False, 4
3571,0, 455, False, 4
3572,0, 455, False, 4
3573,0, 455, False, 4
3574,0, 455, False, 4
3575,0, 455, False, 4
3576,0, 455, False, 4
3577,0, 455, False, 4
3578,0, 455, False, 4
3579,0, 455, False, 4
3580,0, 455, False, 4
3581,0, 455, False, 4
3582,0, 455, False, 4
3583,0, 455, False, 4
3584,0, 455, False, 4
3585,0, 455, False, 4
3586,0, 455, False, 4
3587,0, 455, False, 4
3588,0, 455, False, 4
3589,0, 455, False, 4
3590,0, 455, False, 4
3591,0, 455, False, 4
3592,0, 455, False, 4
3593,0, 455, False, 4
3594,0, 455, False, 4
3595,0, 455, False, 4
3596,0, 455, False, 4
3597,0, 455, False, 4
3598,0, 455, False, 4
3599,0, 455, False, 4
3600,0, 455, False, 4
3601,0, 455, False, 4
3602,0, 455, False, 4
3603,0, 455, False, 4
3604,0, 455, False, 4
3605,0, 455, False, 4
3606,0, 455, False, 4
3607,0, 455, False, 4
3608,0, 455, False, 4
3609,0, 455, False, 4
3610,0, 455, False, 4
3611,0, 455, False, 4
3612,0, 455, False, 4
3613,0, 455, False, 4
3614,0, 455, False, 4
3615,0, 455, False, 4
3616,0, 455, False, 4
3617,0, 455, False, 4
3618,0, 455, False, 4
3619,0, 455, False, 4
3620,0, 455, False, 4
3621,0, 455, False, 4
3622,0, 455, False, 4
3623,0, 455, False, 4
3624,0, 455, False, 4
3625,0, 455, False, 4
3626,0, 455, False, 4
3627,0, 455, False, 4
3628,0, 455, False, 4
3629,0, 455, False, 4
3630,0, 455, False, 0
3631,0, 455, False, 0
3632,0, 455, False, 0
3633,0, 455, False, 0
3634,0, 455, False, 0
3635,0, 455, False, 0
3636,0, 455, False, 0
3637,0, 455, False, 0
3638,0, 455, False, 0
3639,0, 455, False, 0
3640,0, 455, False, 0
3641,0, 455, False, 0
3642,0, 455, False, 4
3643,0, 455, False, 4
3644,0, 455, False, 4
3645,0, 455, False, 4
3646,0, 455, False, 4
3647,0, 455, False, 4
3648,0, 455, False, 4
3649,0, 455, False, 4
3650,0, 455, False, 4
3651,0, 455, False, 4
3652,0, 455, False, 4
3653,0, 455, False, 4
3654,0, 455, False, 4
3655,0, 455, False, 4
3656,0, 455, False, 4
3657,0, 455, False, 4
3658,0, 455, False, 4
3659,0, 455, False, 4
3660,0, 455, False, 4
3661,0, 455, False, 4
3662,0, 455, False, 4
3663,0, 455, False, 4
3664,0, 455, False, 4
3665,0, 455, False, 4
3666,0, 455, False, 4
3667,0, 455, False, 4
3668,0, 455, False, 4
3669,0, 455, False, 4
3670,0, 455, False, 4
3671,0, 455, False, 4
3672,0, 455, False, 4
3673,0, 455, False, 4
3674,0, 455, False, 4
3675,0, 455, False, 4
3676,0, 455, False, 4
3677,0, 455, False, 4
3678,0, 455, False, 4
3679,0, 455, False, 4
3680,0, 455, False, 4
3681,0, 455, False, 4
3682,0, 455, False, 4
3683,0, 455, False, 0
3684,0, 455, False, 0
3685,0, 455, False, 0
3686,0, 455, False, 1
3687,0, 455, False, 1
3688,0, 455, False, 1
3689,0, 455, False, 1
3690,0, 455, False, 1
3691,0, 455, False, 1
3692,0, 455, False, 1
3693,0, 455, False, 0
3694,0, 455, False, 0
3695,0, 455, False, 0
3696,0, 455, False, 0
3697,0, 455, False, 0
3698,0, 455, False, 0
3699,0, 455, False, 0
3700,0, 455, False, 0
3701,0, 455, False, 0
3702,0, 455, False, 0
3703,0, 455, False, 0
3704,0, 455, False, 0
3705,0, 455, False, 0
3706,0, 455, False, 0
3707,0, 455, False, 0
3708,0, 455, False, 0
3709,0, 455, False, 0
3710,0, 455, False, 0
3711,0, 455, False, 1
3712,0, 455, False, 1
3713,0, 455, False, 1
3714,0, 455, False, 1
3715,0, 455, False, 0
3716,0, 455, False, 0
3717,0, 455, False, 3
3718,0, 455, False, 3
3719,0, 455, False, 3
3720,0, 455, False, 3
3721,0, 455, False, 11
3722,0, 455, False, 11
3723,0, 455, False, 11
3724,0, 455, False, 11
3725,0, 455, False, 3
3726,0, 455, False, 0
3727,0, 455, False, 0
3728,0, 455, False, 0
3729,0, 455, False, 0
3730,0, 455, False, 0
3731,0, 455, False, 1
3732,0, 455, False, 1
3733,0, 455, False, 1
3734,0, 455, False, 1
3735,0, 455, False, 0
3736,0, 455, False, 3
3737,0, 455, False, 3
3738,0, 455, False, 3
3739,0, 455, False, 3
3740,0, 455, False, 3
3741,0, 455, False, 3
3742,0, 455, False, 0
3743,0, 455, False, 1
3744,0, 455, False, 1
3745,0, 455, False, 0
3746,0, 455, False, 0
3747,0, 455, False, 0
3748,0, 455, False, 0
3749,0, 455, False, 0
3750,0, 455, False, 0
3751,0, 455, False, 0
3752,0, 455, False, 3
3753,0, 455, False, 11
3754,0, 455, False, 3
3755,0, 455, False, 3
3756,0, 455, False, 3
3757,0, 455, False, 3
3758,0, 455, False, 0
3759,0, 455, False, 0
3760,0, 455, False, 0
3761,0, 455, False, 0
3762,0, 455, False, 1
3763,0, 455, False, 1
3764,0, 455, False, 1
3765,0, 455, False, 0
3766,0, 455, False, 0
3767,0, 455, False, 0
3768,0, 455, False, 0
3769,0, 455, False, 0
3770,0, 455, False, 0
3771,0, 455, False, 3
3772,0, 455, False, 11
3773,0, 455, False, 11
3774,0, 455, False, 11
3775,0, 455, False, 3
3776,0, 455, False, 3
3777,0, 455, False, 0
3778,0, 455, False, 0
3779,0, 455, False, 0
3780,0, 455, False, 1
3781,0, 455, False, 1
3782,0, 455, False, 1
3783,0, 455, False, 1
3784,0, 455, False, 0
3785,0, 455, False, 0
3786,0, 455, False, 0
3787,0, 455, False, 0
3788,0, 455, False, 0
3789,0, 455, False, 0
3790,0, 455, False, 0
3791,0, 455, False, 0
3792,0, 455, False, 0
3793,0, 455, False, 0
3794,0, 455, False, 0
3795,0, 455, False, 0
3796,0, 455, False, 0
3797,0, 455, False, 0
3798,0, 455, False, 0
3799,0, 455, False, 0
3800,0, 455, False, 0
3801,0, 455, False, 4
3802,0, 455, False, 4
3803,0, 455, False, 4
3804,0, 455, False, 4
3805,0, 455, False, 4
3806,0, 455, False, 4
3807,0, 455, False, 4
3808,0, 455, False, 4
3809,0, 455, False, 4
3810,0, 455, False, 4
3811,0, 455, False, 4
3812,0, 455, False, 4
3813,0, 455, False, 4
3814,0, 455, False, 4
3815,0, 455, False, 4
3816,0, 455, False, 4
3817,0, 455, False, 4
3818,0, 455, False, 4
3819,0, 455, False, 4
3820,0, 455, False, 4
3821,0, 455, False, 4
3822,0, 455, False, 4
3823,0, 455, False, 4
3824,0, 455, False, 4
3825,0, 455, False, 4
3826,0, 455, False, 4
3827,0, 455, False, 4
3828,0, 455, False, 4
3829,0, 455, False, 4
3830,0, 455, False, 4
3831,0, 455, False, 4
3832,0, 455, False, 4
3833,0, 455, False, 4
3834,0, 455, False, 4
3835,0, 455, False, 4
3836,0, 455, False, 4
3837,0, 455, False, 4
3838,0, 455, False, 4
3839,0, 455, False, 4
3840,0, 455, False, 4
3841,0, 455, False, 4
3842,0, 455, False, 12
3843,0, 455, False, 12
3844,0, 455, False, 12
3845,0, 455, False, 4
3846,0, 455, False, 4
3847,0, 455, False, 4
3848,0, 455, False, 4
3849,0, 455, False, 4
3850,0, 455, False, 4
3851,0, 455, False, 4
3852,0, 455, False, 12
3853,0, 455, False, 12
3854,0, 455, False, 12
3855,0, 455, False, 12
3856,0, 455, False, 4
3857,0, 455, False, 4
3858,0, 455, False, 4
3859,0, 455, False, 4
3860,0, 455, False, 4
3861,0, 455, False, 4
3862,0, 455, False, 12
3863,0, 455, False, 12
3864,0, 455, False, 12
3865,0, 455, False, 4
3866,0, 455, False, 4
3867,0, 455, False, 4
3868,0, 455, False, 4
3869,0, 455, False, 4
3870,25, 480, False, 12
3871,0, 480, False, 12
3872,0, 480, False, 12
3873,0, 480, False, 12
3874,0, 480, False, 12
3875,0, 480, False, 4
3876,0, 480, False, 4
3877,0, 480, False, 4
3878,0, 480, False, 4
3879,0, 480, False, 4
3880,0, 480, False, 12
3881,0, 480, False, 12
3882,0, 480, False, 12
3883,0, 480, False, 4
3884,0, 480, False, 4
3885,0, 480, False, 4
3886,0, 480, False, 4
3887,0, 480, False, 4
3888,0, 480, False, 4
3889,0, 480, False, 4
3890,0, 480, False, 4
3891,0, 480, False, 4
3892,0, 480, False, 4
3893,0, 480, False, 4
3894,0, 480, False, 4
3895,0, 480, False, 4
3896,0, 480, False, 4
3897,0, 480, False, 4
3898,0, 480, False, 4
3899,0, 480, False, 4
3900,0, 480, False, 4
3901,0, 480, False, 0
3902,0, 480, False, 0
3903,0, 480, False, 0
3904,0, 480, False, 0
3905,0, 480, False, 0
3906,0, 480, False, 0
3907,0, 480, False, 0
3908,0, 480, False, 0
3909,0, 480, False, 3
3910,0, 480, False, 3
3911,0, 480, False, 3
3912,0, 480, False, 3
3913,0, 480, False, 3
3914,0, 480, False, 3
3915,0, 480, False, 3
3916,0, 480, False, 3
3917,0, 480, False, 3
3918,0, 480, False, 3
3919,0, 480, False, 3
3920,0, 480, False, 3
3921,0, 480, False, 3
3922,0, 480, False, 3
3923,0, 480, False, 3
3924,0, 480, False, 0
3925,0, 480, False, 0
3926,0, 480, False, 0
3927,0, 480, False, 0
3928,0, 480, False, 0
3929,0, 480, False, 0
3930,0, 480, False, 0
3931,0, 480, False, 0
3932,0, 480, False, 0
3933,0, 480, False, 0
3934,0, 480, False, 0
3935,0, 480, False, 0
3936,0, 480, False, 0
3937,0, 480, False, 0
3938,0, 480, False, 0
3939,0, 480, False, 0
3940,0, 480, False, 3
3941,0, 480, False, 3
3942,0, 480, False, 0
3943,0, 480, False, 0
3944,0, 480, False, 0
3945,0, 480, False, 0
3946,0, 480, False, 0
3947,0, 480, False, 0
3948,0, 480, False, 0
3949,0, 480, False, 0
3950,0, 480, False, 0
3951,0, 480, False, 0
3952,0, 480, False, 0
3953,0, 480, False, 0
3954,0, 480, False, 0
3955,0, 480, False, 0
3956,0, 480, False, 0
3957,0, 480, False, 0
3958,0, 480, False, 0
3959,0, 480, False, 0
3960,0, 480, False, 0
3961,0, 480, False, 0
3962,0, 480, False, 0
3963,0, 480, False, 0
3964,0, 480, False, 0
3965,0, 480, False, 0
3966,0, 480, False, 0
3967,0, 480, False, 0
3968,0, 480, False, 0
3969,0, 480, False, 0
3970,0, 480, False, 0
3971,0, 480, False, 0
3972,0, 480, False, 0
3973,0, 480, False, 0
3974,0, 480, False, 0
3975,0, 480, False, 0
3976,0, 480, False, 0
3977,0, 480, False, 0
3978,0, 480, False, 0
3979,0, 480, False, 0
3980,0, 480, False, 0
3981,0, 480, False, 0
3982,0, 480, False, 0
3983,0, 480, False, 0
3984,0, 480, False, 0
3985,0, 480, False, 0
3986,0, 480, False, 0
3987,0, 480, False, 0
3988,0, 480, False, 0
3989,0, 480, False, 0
3990,0, 480, False, 0
3991,0, 480, False, 0
3992,0, 480, False, 0
3993,0, 480, False, 0
3994,0, 480, False, 0
3995,0, 480, False, 0
3996,0, 480, False, 0
3997,0, 480, False, 0
3998,0, 480, False, 0
3999,0, 480, False, 0
4000,0, 480, False, 0
4001,0, 480, False, 0
4002,0, 480, False, 0
4003,0, 480, False, 0
4004,0, 480, False, 0
4005,0, 480, False, 1
4006,0, 480, False, 1
4007,0, 480, False, 1
4008,0, 480, False, 1
4009,0, 480, False, 1
4010,0, 480, False, 1
4011,0, 480, False, 1
4012,0, 480, False, 0
4013,0, 480, False, 0
4014,0, 480, False, 0
4015,0, 480, False, 0
4016,0, 480, False, 0
4017,0, 480, False, 0
4018,0, 480, False, 0
4019,0, 480, False, 0
4020,0, 480, False, 0
4021,0, 480, False, 0
4022,0, 480, False, 0
4023,0, 480, False, 0
4024,0, 480, False, 0
4025,0, 480, False, 0
4026,0, 480, False, 0
4027,0, 480, False, 0
4028,0, 480, False, 0
4029,0, 480, False, 1
4030,0, 480, False, 1
4031,0, 480, False, 1
4032,0, 480, False, 1
4033,0, 480, False, 1
4034,0, 480, False, 1
4035,0, 480, False, 0
4036,0, 480, False, 0
4037,0, 480, False, 0
4038,0, 480, False, 0
4039,0, 480, False, 1
4040,0, 480, False, 1
4041,0, 480, False, 1
4042,0, 480, False, 1
4043,0, 480, False, 1
4044,0, 480, False, 3
4045,0, 480, False, 3
4046,0, 480, False, 3
4047,0, 480, False, 3
4048,0, 480, False, 3
4049,0, 480, False, 3
4050,0, 480, False, 3
4051,0, 480, False, 3
4052,0, 480, False, 11
4053,0, 480, False, 11
4054,0, 480, False, 3
4055,0, 480, False, 3
4056,0, 480, False, 3
4057,0, 480, False, 3
4058,0, 480, False, 3
4059,0, 480, False, 3
4060,0, 480, False, 3
4061,0, 480, False, 3
4062,0, 480, False, 11
4063,0, 480, False, 11
4064,0, 480, False, 11
4065,0, 480, False, 11
4066,0, 480, False, 11
4067,0, 480, False, 3
4068,0, 480, False, 3
4069,0, 480, False, 3
4070,0, 480, False, 3
4071,0, 480, False, 3
4072,0, 480, False, 0
4073,0, 480, False, 1
4074,0, 480, False, 1
4075,0, 480, False, 1
4076,0, 480, False, 1
4077,0, 480, False, 0
4078,0, 480, False, 0
4079,0, 480, False, 0
4080,0, 480, False, 0
4081,0, 480, False, 0
4082,0, 480, False, 0
4083,0, 480, False, 0
4084,0, 480, False, 0
4085,0, 480, False, 0
4086,0, 480, False, 0
4087,0, 480, False, 0
4088,0, 480, False, 0
4089,0, 480, False, 0
4090,0, 480, False, 0
4091,0, 480, False, 0
4092,0, 480, False, 0
4093,0, 480, False, 4
4094,0, 480, False, 4
4095,0, 480, False, 4
4096,0, 480, False, 4
4097,0, 480, False, 4
4098,0, 480, False, 4
4099,0, 480, False, 4
4100,0, 480, False, 4
4101,0, 480, False, 4
4102,0, 480, False, 4
4103,0, 480, False, 4
4104,0, 480, False, 4
4105,0, 480, False, 4
4106,0, 480, False, 4
4107,0, 480, False, 4
4108,0, 480, False, 4
4109,0, 480, False, 4
4110,0, 480, False, 4
4111,0, 480, False, 4
4112,0, 480, False, 0
4113,0, 480, False, 0
4114,0, 480, False, 3
4115,0, 480, False, 3
4116,0, 480, False, 3
4117,0, 480, False, 3
4118,0, 480, False, 3
4119,0, 480, False, 3
4120,0, 480, False, 3
4121,0, 480, False, 3
4122,0, 480, False, 3
4123,0, 480, False, 3
4124,0, 480, False, 3
4125,0, 480, False, 3
4126,0, 480, False, 3
4127,0, 480, False, 3
4128,0, 480, False, 3
4129,0, 480, False, 3
4130,0, 480, False, 3
4131,0, 480, False, 3
4132,0, 480, False, 3
4133,0, 480, False, 3
4134,0, 480, False, 3
4135,0, 480, False, 3
4136,0, 480, False, 3
4137,0, 480, False, 3
4138,0, 480, False, 3
4139,0, 480, False, 3
4140,0, 480, False, 3
4141,0, 480, False, 3
4142,0, 480, False, 3
4143,0, 480, False, 3
4144,0, 480, False, 3
4145,0, 480, False, 3
4146,0, 480, False, 11
4147,0, 480, False, 11
4148,0, 480, False, 11
4149,0, 480, False, 11
4150,0, 480, False, 11
4151,0, 480, False, 11
4152,30, 510, False, 11
4153,0, 510, False, 3
4154,0, 510, False, 3
4155,0, 510, False, 3
4156,0, 510, False, 3
4157,0, 510, False, 3
4158,0, 510, False, 3
4159,0, 510, False, 3
4160,0, 510, False, 3
4161,0, 510, False, 3
4162,0, 510, False, 3
4163,0, 510, False, 3
4164,0, 510, False, 3
4165,0, 510, False, 3
4166,0, 510, False, 3
4167,0, 510, False, 3
4168,0, 510, False, 3
4169,0, 510, False, 3
4170,0, 510, False, 3
4171,0, 510, False, 11
4172,0, 510, False, 11
4173,0, 510, False, 11
4174,0, 510, False, 11
4175,0, 510, False, 11
4176,30, 540, False, 3
4177,0, 540, False, 3
4178,0, 540, False, 3
4179,0, 540, False, 3
4180,0, 540, False, 3
4181,0, 540, False, 3
4182,0, 540, False, 3
4183,0, 540, False, 3
4184,0, 540, False, 3
4185,0, 540, False, 3
4186,0, 540, False, 3
4187,0, 540, False, 3
4188,0, 540, False, 3
4189,0, 540, False, 3
4190,0, 540, False, 3
4191,0, 540, False, 3
4192,0, 540, False, 3
4193,0, 540, False, 11
4194,0, 540, True, 11
