db traj id : 3180
frame,reward,score,terminal, action
0,0, 0, False, 0
1,0, 0, False, 0
2,0, 0, False, 0
3,0, 0, False, 0
4,0, 0, False, 0
5,0, 0, False, 0
6,0, 0, False, 0
7,0, 0, False, 0
8,0, 0, False, 0
9,0, 0, False, 0
10,0, 0, False, 0
11,0, 0, False, 0
12,0, 0, False, 0
13,0, 0, False, 0
14,0, 0, False, 0
15,0, 0, False, 0
16,0, 0, False, 0
17,0, 0, False, 0
18,0, 0, False, 0
19,0, 0, False, 0
20,0, 0, False, 0
21,0, 0, False, 0
22,0, 0, False, 0
23,0, 0, False, 0
24,0, 0, False, 0
25,0, 0, False, 0
26,0, 0, False, 0
27,0, 0, False, 0
28,0, 0, False, 0
29,0, 0, False, 0
30,0, 0, False, 0
31,0, 0, False, 0
32,0, 0, False, 0
33,0, 0, False, 0
34,0, 0, False, 0
35,0, 0, False, 0
36,0, 0, False, 0
37,0, 0, False, 0
38,0, 0, False, 0
39,0, 0, False, 0
40,0, 0, False, 0
41,0, 0, False, 0
42,0, 0, False, 0
43,0, 0, False, 0
44,0, 0, False, 0
45,0, 0, False, 0
46,0, 0, False, 0
47,0, 0, False, 0
48,0, 0, False, 0
49,0, 0, False, 0
50,0, 0, False, 0
51,0, 0, False, 0
52,0, 0, False, 0
53,0, 0, False, 0
54,0, 0, False, 0
55,0, 0, False, 0
56,0, 0, False, 0
57,0, 0, False, 0
58,0, 0, False, 0
59,0, 0, False, 0
60,0, 0, False, 0
61,0, 0, False, 0
62,0, 0, False, 0
63,0, 0, False, 0
64,0, 0, False, 0
65,0, 0, False, 0
66,0, 0, False, 0
67,0, 0, False, 0
68,0, 0, False, 0
69,0, 0, False, 0
70,0, 0, False, 0
71,0, 0, False, 0
72,0, 0, False, 0
73,0, 0, False, 0
74,0, 0, False, 0
75,0, 0, False, 0
76,0, 0, False, 0
77,0, 0, False, 0
78,0, 0, False, 0
79,0, 0, False, 0
80,0, 0, False, 0
81,0, 0, False, 0
82,0, 0, False, 0
83,0, 0, False, 0
84,0, 0, False, 0
85,0, 0, False, 0
86,0, 0, False, 0
87,0, 0, False, 0
88,0, 0, False, 0
89,0, 0, False, 0
90,0, 0, False, 0
91,0, 0, False, 0
92,0, 0, False, 0
93,0, 0, False, 0
94,0, 0, False, 0
95,0, 0, False, 0
96,0, 0, False, 0
97,0, 0, False, 0
98,0, 0, False, 0
99,0, 0, False, 0
100,0, 0, False, 0
101,0, 0, False, 0
102,0, 0, False, 0
103,0, 0, False, 0
104,0, 0, False, 0
105,0, 0, False, 0
106,0, 0, False, 0
107,0, 0, False, 0
108,0, 0, False, 0
109,0, 0, False, 0
110,0, 0, False, 0
111,0, 0, False, 0
112,0, 0, False, 0
113,0, 0, False, 0
114,0, 0, False, 0
115,0, 0, False, 0
116,0, 0, False, 0
117,0, 0, False, 0
118,0, 0, False, 0
119,0, 0, False, 0
120,0, 0, False, 0
121,0, 0, False, 0
122,0, 0, False, 0
123,0, 0, False, 0
124,0, 0, False, 0
125,0, 0, False, 0
126,0, 0, False, 0
127,0, 0, False, 0
128,0, 0, False, 0
129,0, 0, False, 0
130,0, 0, False, 0
131,0, 0, False, 0
132,0, 0, False, 0
133,0, 0, False, 0
134,0, 0, False, 0
135,0, 0, False, 0
136,0, 0, False, 0
137,0, 0, False, 0
138,0, 0, False, 0
139,0, 0, False, 0
140,0, 0, False, 0
141,0, 0, False, 0
142,0, 0, False, 0
143,0, 0, False, 0
144,0, 0, False, 0
145,0, 0, False, 0
146,0, 0, False, 0
147,0, 0, False, 0
148,0, 0, False, 0
149,0, 0, False, 0
150,0, 0, False, 0
151,0, 0, False, 0
152,0, 0, False, 0
153,0, 0, False, 0
154,0, 0, False, 0
155,0, 0, False, 0
156,0, 0, False, 0
157,0, 0, False, 4
158,0, 0, False, 4
159,0, 0, False, 4
160,0, 0, False, 4
161,0, 0, False, 4
162,0, 0, False, 4
163,0, 0, False, 0
164,0, 0, False, 0
165,0, 0, False, 0
166,0, 0, False, 0
167,0, 0, False, 0
168,0, 0, False, 4
169,0, 0, False, 4
170,0, 0, False, 4
171,0, 0, False, 4
172,0, 0, False, 4
173,0, 0, False, 4
174,0, 0, False, 4
175,0, 0, False, 4
176,0, 0, False, 4
177,0, 0, False, 0
178,0, 0, False, 0
179,0, 0, False, 0
180,0, 0, False, 0
181,0, 0, False, 0
182,0, 0, False, 0
183,0, 0, False, 0
184,0, 0, False, 0
185,0, 0, False, 0
186,0, 0, False, 0
187,0, 0, False, 0
188,0, 0, False, 0
189,0, 0, False, 4
190,0, 0, False, 4
191,0, 0, False, 4
192,0, 0, False, 4
193,0, 0, False, 4
194,0, 0, False, 4
195,0, 0, False, 4
196,0, 0, False, 4
197,0, 0, False, 4
198,0, 0, False, 4
199,0, 0, False, 0
200,0, 0, False, 3
201,0, 0, False, 3
202,0, 0, False, 3
203,0, 0, False, 3
204,0, 0, False, 3
205,0, 0, False, 3
206,0, 0, False, 3
207,0, 0, False, 3
208,0, 0, False, 3
209,0, 0, False, 3
210,0, 0, False, 3
211,0, 0, False, 3
212,0, 0, False, 3
213,0, 0, False, 3
214,0, 0, False, 3
215,0, 0, False, 3
216,0, 0, False, 3
217,0, 0, False, 3
218,0, 0, False, 3
219,0, 0, False, 3
220,0, 0, False, 3
221,0, 0, False, 3
222,0, 0, False, 3
223,0, 0, False, 3
224,0, 0, False, 3
225,0, 0, False, 3
226,0, 0, False, 3
227,0, 0, False, 3
228,0, 0, False, 3
229,0, 0, False, 3
230,0, 0, False, 3
231,0, 0, False, 3
232,0, 0, False, 3
233,0, 0, False, 3
234,0, 0, False, 3
235,0, 0, False, 3
236,0, 0, False, 3
237,0, 0, False, 3
238,0, 0, False, 3
239,0, 0, False, 3
240,0, 0, False, 3
241,0, 0, False, 3
242,0, 0, False, 3
243,0, 0, False, 3
244,0, 0, False, 3
245,0, 0, False, 3
246,0, 0, False, 3
247,0, 0, False, 3
248,0, 0, False, 3
249,0, 0, False, 3
250,0, 0, False, 3
251,0, 0, False, 3
252,0, 0, False, 3
253,0, 0, False, 3
254,0, 0, False, 3
255,0, 0, False, 3
256,0, 0, False, 3
257,0, 0, False, 3
258,0, 0, False, 3
259,0, 0, False, 3
260,0, 0, False, 3
261,0, 0, False, 3
262,0, 0, False, 3
263,0, 0, False, 3
264,0, 0, False, 3
265,0, 0, False, 3
266,0, 0, False, 3
267,0, 0, False, 3
268,0, 0, False, 3
269,0, 0, False, 3
270,0, 0, False, 3
271,0, 0, False, 3
272,0, 0, False, 3
273,0, 0, False, 3
274,0, 0, False, 3
275,0, 0, False, 3
276,0, 0, False, 3
277,0, 0, False, 3
278,0, 0, False, 3
279,0, 0, False, 3
280,0, 0, False, 3
281,0, 0, False, 3
282,0, 0, False, 3
283,0, 0, False, 3
284,0, 0, False, 3
285,0, 0, False, 3
286,0, 0, False, 3
287,0, 0, False, 3
288,0, 0, False, 3
289,0, 0, False, 3
290,0, 0, False, 3
291,0, 0, False, 3
292,0, 0, False, 3
293,0, 0, False, 3
294,0, 0, False, 3
295,0, 0, False, 3
296,0, 0, False, 3
297,0, 0, False, 3
298,0, 0, False, 3
299,0, 0, False, 3
300,0, 0, False, 3
301,0, 0, False, 3
302,0, 0, False, 3
303,0, 0, False, 3
304,0, 0, False, 3
305,0, 0, False, 3
306,0, 0, False, 3
307,0, 0, False, 3
308,0, 0, False, 3
309,0, 0, False, 3
310,0, 0, False, 3
311,0, 0, False, 3
312,0, 0, False, 3
313,0, 0, False, 3
314,0, 0, False, 3
315,0, 0, False, 3
316,0, 0, False, 3
317,0, 0, False, 0
318,0, 0, False, 1
319,0, 0, False, 1
320,0, 0, False, 1
321,0, 0, False, 1
322,0, 0, False, 1
323,0, 0, False, 1
324,0, 0, False, 1
325,0, 0, False, 0
326,0, 0, False, 0
327,0, 0, False, 0
328,0, 0, False, 0
329,0, 0, False, 0
330,0, 0, False, 0
331,0, 0, False, 0
332,0, 0, False, 0
333,0, 0, False, 0
334,0, 0, False, 0
335,0, 0, False, 0
336,0, 0, False, 0
337,0, 0, False, 0
338,0, 0, False, 0
339,0, 0, False, 0
340,0, 0, False, 0
341,0, 0, False, 0
342,0, 0, False, 0
343,0, 0, False, 3
344,5, 5, False, 3
345,0, 5, False, 3
346,0, 5, False, 3
347,0, 5, False, 3
348,0, 5, False, 0
349,0, 5, False, 0
350,0, 5, False, 0
351,0, 5, False, 1
352,0, 5, False, 1
353,0, 5, False, 1
354,0, 5, False, 1
355,0, 5, False, 1
356,0, 5, False, 1
357,0, 5, False, 1
358,0, 5, False, 0
359,0, 5, False, 0
360,0, 5, False, 0
361,0, 5, False, 0
362,0, 5, False, 0
363,0, 5, False, 0
364,0, 5, False, 0
365,0, 5, False, 0
366,0, 5, False, 0
367,0, 5, False, 0
368,0, 5, False, 0
369,0, 5, False, 0
370,0, 5, False, 0
371,0, 5, False, 3
372,0, 5, False, 3
373,0, 5, False, 3
374,0, 5, False, 3
375,0, 5, False, 3
376,0, 5, False, 3
377,0, 5, False, 3
378,0, 5, False, 3
379,0, 5, False, 3
380,0, 5, False, 3
381,0, 5, False, 3
382,0, 5, False, 3
383,0, 5, False, 0
384,10, 15, False, 0
385,0, 15, False, 0
386,0, 15, False, 0
387,0, 15, False, 0
388,0, 15, False, 0
389,0, 15, False, 0
390,0, 15, False, 0
391,0, 15, False, 0
392,0, 15, False, 0
393,0, 15, False, 0
394,0, 15, False, 0
395,0, 15, False, 0
396,0, 15, False, 0
397,0, 15, False, 0
398,0, 15, False, 0
399,0, 15, False, 0
400,0, 15, False, 0
401,0, 15, False, 0
402,0, 15, False, 0
403,0, 15, False, 0
404,0, 15, False, 0
405,0, 15, False, 0
406,0, 15, False, 0
407,0, 15, False, 0
408,0, 15, False, 0
409,0, 15, False, 0
410,0, 15, False, 0
411,0, 15, False, 0
412,0, 15, False, 0
413,0, 15, False, 0
414,0, 15, False, 0
415,0, 15, False, 0
416,0, 15, False, 0
417,0, 15, False, 0
418,0, 15, False, 0
419,0, 15, False, 0
420,0, 15, False, 0
421,0, 15, False, 0
422,0, 15, False, 0
423,0, 15, False, 0
424,0, 15, False, 0
425,0, 15, False, 0
426,0, 15, False, 0
427,0, 15, False, 0
428,0, 15, False, 0
429,0, 15, False, 0
430,0, 15, False, 0
431,0, 15, False, 0
432,0, 15, False, 0
433,0, 15, False, 0
434,0, 15, False, 0
435,0, 15, False, 0
436,0, 15, False, 0
437,0, 15, False, 0
438,0, 15, False, 0
439,0, 15, False, 0
440,0, 15, False, 0
441,0, 15, False, 4
442,0, 15, False, 4
443,0, 15, False, 4
444,0, 15, False, 4
445,0, 15, False, 12
446,0, 15, False, 1
447,0, 15, False, 1
448,0, 15, False, 1
449,0, 15, False, 1
450,0, 15, False, 0
451,0, 15, False, 0
452,0, 15, False, 0
453,0, 15, False, 0
454,0, 15, False, 0
455,0, 15, False, 0
456,0, 15, False, 0
457,0, 15, False, 0
458,0, 15, False, 0
459,0, 15, False, 0
460,0, 15, False, 0
461,0, 15, False, 0
462,0, 15, False, 0
463,0, 15, False, 0
464,0, 15, False, 0
465,0, 15, False, 0
466,0, 15, False, 0
467,0, 15, False, 0
468,0, 15, False, 0
469,0, 15, False, 0
470,0, 15, False, 0
471,0, 15, False, 3
472,0, 15, False, 3
473,0, 15, False, 3
474,0, 15, False, 3
475,0, 15, False, 3
476,0, 15, False, 3
477,0, 15, False, 3
478,0, 15, False, 0
479,0, 15, False, 0
480,0, 15, False, 0
481,0, 15, False, 0
482,0, 15, False, 0
483,0, 15, False, 1
484,0, 15, False, 1
485,0, 15, False, 1
486,0, 15, False, 1
487,0, 15, False, 1
488,15, 30, False, 1
489,0, 30, False, 0
490,0, 30, False, 0
491,0, 30, False, 0
492,0, 30, False, 0
493,0, 30, False, 0
494,0, 30, False, 0
495,0, 30, False, 0
496,0, 30, False, 0
497,0, 30, False, 0
498,0, 30, False, 0
499,0, 30, False, 0
500,0, 30, False, 0
501,0, 30, False, 0
502,0, 30, False, 0
503,0, 30, False, 0
504,0, 30, False, 4
505,0, 30, False, 4
506,0, 30, False, 4
507,0, 30, False, 0
508,0, 30, False, 0
509,0, 30, False, 1
510,0, 30, False, 1
511,0, 30, False, 1
512,0, 30, False, 1
513,0, 30, False, 1
514,0, 30, False, 0
515,0, 30, False, 0
516,0, 30, False, 0
517,0, 30, False, 0
518,0, 30, False, 0
519,0, 30, False, 0
520,0, 30, False, 0
521,0, 30, False, 0
522,0, 30, False, 0
523,0, 30, False, 0
524,0, 30, False, 0
525,0, 30, False, 0
526,0, 30, False, 0
527,0, 30, False, 0
528,0, 30, False, 0
529,0, 30, False, 0
530,0, 30, False, 0
531,0, 30, False, 0
532,0, 30, False, 0
533,0, 30, False, 0
534,0, 30, False, 0
535,0, 30, False, 3
536,0, 30, False, 3
537,0, 30, False, 3
538,0, 30, False, 3
539,0, 30, False, 0
540,0, 30, False, 0
541,0, 30, False, 0
542,0, 30, False, 0
543,0, 30, False, 0
544,0, 30, False, 0
545,0, 30, False, 0
546,0, 30, False, 0
547,0, 30, False, 0
548,0, 30, False, 0
549,0, 30, False, 0
550,0, 30, False, 0
551,0, 30, False, 1
552,0, 30, False, 1
553,0, 30, False, 1
554,0, 30, False, 0
555,0, 30, False, 0
556,0, 30, False, 0
557,0, 30, False, 0
558,0, 30, False, 0
559,0, 30, False, 0
560,0, 30, False, 0
561,0, 30, False, 0
562,20, 50, False, 0
563,0, 50, False, 0
564,0, 50, False, 0
565,0, 50, False, 0
566,0, 50, False, 1
567,0, 50, False, 1
568,0, 50, False, 1
569,0, 50, False, 1
570,0, 50, False, 1
571,0, 50, False, 0
572,0, 50, False, 0
573,0, 50, False, 0
574,0, 50, False, 0
575,0, 50, False, 1
576,0, 50, False, 1
577,0, 50, False, 1
578,0, 50, False, 1
579,0, 50, False, 1
580,0, 50, False, 1
581,0, 50, False, 0
582,0, 50, False, 0
583,0, 50, False, 0
584,0, 50, False, 0
585,0, 50, False, 1
586,0, 50, False, 1
587,0, 50, False, 1
588,0, 50, False, 0
589,0, 50, False, 0
590,0, 50, False, 0
591,0, 50, False, 0
592,0, 50, False, 0
593,0, 50, False, 3
594,0, 50, False, 3
595,0, 50, False, 3
596,0, 50, False, 3
597,0, 50, False, 3
598,0, 50, False, 3
599,0, 50, False, 3
600,0, 50, False, 3
601,0, 50, False, 3
602,0, 50, False, 3
603,0, 50, False, 3
604,0, 50, False, 3
605,0, 50, False, 3
606,0, 50, False, 3
607,0, 50, False, 3
608,0, 50, False, 3
609,0, 50, False, 0
610,0, 50, False, 0
611,0, 50, False, 0
612,0, 50, False, 0
613,0, 50, False, 0
614,0, 50, False, 0
615,0, 50, False, 0
616,0, 50, False, 0
617,0, 50, False, 0
618,0, 50, False, 0
619,0, 50, False, 0
620,0, 50, False, 0
621,0, 50, False, 0
622,0, 50, False, 0
623,0, 50, False, 0
624,0, 50, False, 0
625,0, 50, False, 0
626,0, 50, False, 0
627,0, 50, False, 0
628,0, 50, False, 0
629,0, 50, False, 0
630,0, 50, False, 0
631,0, 50, False, 0
632,0, 50, False, 0
633,0, 50, False, 0
634,0, 50, False, 0
635,0, 50, False, 0
636,25, 75, False, 0
637,0, 75, False, 0
638,0, 75, False, 0
639,0, 75, False, 0
640,0, 75, False, 0
641,0, 75, False, 0
642,0, 75, False, 0
643,0, 75, False, 0
644,0, 75, False, 0
645,0, 75, False, 0
646,0, 75, False, 0
647,0, 75, False, 0
648,0, 75, False, 0
649,0, 75, False, 0
650,0, 75, False, 0
651,0, 75, False, 0
652,0, 75, False, 0
653,0, 75, False, 0
654,0, 75, False, 0
655,0, 75, False, 0
656,0, 75, False, 0
657,0, 75, False, 3
658,0, 75, False, 3
659,0, 75, False, 3
660,0, 75, False, 3
661,0, 75, False, 3
662,0, 75, False, 3
663,0, 75, False, 3
664,0, 75, False, 3
665,0, 75, False, 3
666,0, 75, False, 3
667,0, 75, False, 3
668,0, 75, False, 3
669,0, 75, False, 3
670,0, 75, False, 3
671,0, 75, False, 3
672,0, 75, False, 3
673,0, 75, False, 11
674,0, 75, False, 1
675,0, 75, False, 1
676,0, 75, False, 1
677,0, 75, False, 1
678,0, 75, False, 1
679,0, 75, False, 1
680,0, 75, False, 1
681,0, 75, False, 1
682,0, 75, False, 1
683,0, 75, False, 1
684,0, 75, False, 1
685,0, 75, False, 0
686,0, 75, False, 0
687,0, 75, False, 0
688,0, 75, False, 0
689,0, 75, False, 0
690,0, 75, False, 0
691,0, 75, False, 3
692,0, 75, False, 3
693,0, 75, False, 3
694,0, 75, False, 3
695,0, 75, False, 3
696,0, 75, False, 3
697,0, 75, False, 3
698,5, 80, False, 3
699,0, 80, False, 3
700,0, 80, False, 3
701,0, 80, False, 3
702,0, 80, False, 3
703,0, 80, False, 3
704,0, 80, False, 3
705,0, 80, False, 3
706,0, 80, False, 3
707,0, 80, False, 3
708,0, 80, False, 3
709,0, 80, False, 3
710,0, 80, False, 3
711,0, 80, False, 0
712,0, 80, False, 0
713,0, 80, False, 0
714,0, 80, False, 0
715,0, 80, False, 0
716,0, 80, False, 0
717,0, 80, False, 0
718,0, 80, False, 0
719,0, 80, False, 0
720,0, 80, False, 0
721,0, 80, False, 0
722,0, 80, False, 0
723,0, 80, False, 0
724,0, 80, False, 0
725,0, 80, False, 0
726,0, 80, False, 0
727,0, 80, False, 0
728,0, 80, False, 0
729,0, 80, False, 0
730,0, 80, False, 0
731,0, 80, False, 0
732,0, 80, False, 0
733,0, 80, False, 0
734,0, 80, False, 0
735,0, 80, False, 0
736,0, 80, False, 0
737,0, 80, False, 0
738,0, 80, False, 0
739,0, 80, False, 0
740,0, 80, False, 4
741,0, 80, False, 4
742,0, 80, False, 4
743,0, 80, False, 4
744,0, 80, False, 4
745,0, 80, False, 4
746,0, 80, False, 4
747,0, 80, False, 4
748,0, 80, False, 0
749,0, 80, False, 0
750,0, 80, False, 0
751,0, 80, False, 0
752,0, 80, False, 0
753,0, 80, False, 0
754,0, 80, False, 0
755,0, 80, False, 0
756,0, 80, False, 0
757,0, 80, False, 0
758,0, 80, False, 0
759,0, 80, False, 0
760,0, 80, False, 1
761,0, 80, False, 1
762,0, 80, False, 1
763,0, 80, False, 1
764,0, 80, False, 1
765,0, 80, False, 1
766,0, 80, False, 0
767,0, 80, False, 0
768,0, 80, False, 3
769,0, 80, False, 3
770,0, 80, False, 3
771,0, 80, False, 0
772,0, 80, False, 0
773,0, 80, False, 0
774,0, 80, False, 0
775,0, 80, False, 0
776,0, 80, False, 0
777,0, 80, False, 0
778,0, 80, False, 0
779,0, 80, False, 0
780,0, 80, False, 0
781,0, 80, False, 0
782,0, 80, False, 0
783,0, 80, False, 0
784,0, 80, False, 0
785,0, 80, False, 0
786,0, 80, False, 0
787,0, 80, False, 0
788,0, 80, False, 0
789,0, 80, False, 0
790,0, 80, False, 0
791,0, 80, False, 0
792,0, 80, False, 0
793,0, 80, False, 0
794,0, 80, False, 0
795,0, 80, False, 0
796,0, 80, False, 0
797,0, 80, False, 0
798,0, 80, False, 0
799,0, 80, False, 0
800,0, 80, False, 0
801,0, 80, False, 0
802,0, 80, False, 0
803,0, 80, False, 0
804,0, 80, False, 0
805,0, 80, False, 4
806,0, 80, False, 4
807,0, 80, False, 4
808,0, 80, False, 4
809,0, 80, False, 4
810,0, 80, False, 4
811,0, 80, False, 4
812,0, 80, False, 0
813,0, 80, False, 0
814,0, 80, False, 0
815,0, 80, False, 0
816,0, 80, False, 0
817,0, 80, False, 0
818,0, 80, False, 0
819,0, 80, False, 0
820,0, 80, False, 0
821,0, 80, False, 0
822,0, 80, False, 0
823,0, 80, False, 0
824,0, 80, False, 0
825,0, 80, False, 0
826,0, 80, False, 0
827,0, 80, False, 0
828,0, 80, False, 0
829,0, 80, False, 0
830,0, 80, False, 0
831,0, 80, False, 0
832,0, 80, False, 0
833,0, 80, False, 0
834,0, 80, False, 0
835,0, 80, False, 0
836,0, 80, False, 0
837,0, 80, False, 0
838,0, 80, False, 0
839,0, 80, False, 0
840,0, 80, False, 0
841,0, 80, False, 0
842,0, 80, False, 0
843,0, 80, False, 0
844,0, 80, False, 0
845,0, 80, False, 0
846,0, 80, False, 0
847,0, 80, False, 0
848,0, 80, False, 0
849,0, 80, False, 0
850,0, 80, False, 0
851,0, 80, False, 0
852,0, 80, False, 0
853,0, 80, False, 3
854,0, 80, False, 3
855,0, 80, False, 3
856,0, 80, False, 3
857,0, 80, False, 3
858,0, 80, False, 0
859,0, 80, False, 1
860,0, 80, False, 1
861,0, 80, False, 1
862,0, 80, False, 1
863,0, 80, False, 1
864,0, 80, False, 0
865,0, 80, False, 0
866,0, 80, False, 0
867,0, 80, False, 0
868,0, 80, False, 0
869,0, 80, False, 0
870,0, 80, False, 0
871,0, 80, False, 0
872,0, 80, False, 0
873,0, 80, False, 0
874,0, 80, False, 0
875,0, 80, False, 0
876,0, 80, False, 0
877,0, 80, False, 0
878,0, 80, False, 0
879,0, 80, False, 0
880,0, 80, False, 0
881,0, 80, False, 0
882,0, 80, False, 0
883,0, 80, False, 0
884,0, 80, False, 0
885,0, 80, False, 0
886,0, 80, False, 0
887,0, 80, False, 4
888,0, 80, False, 4
889,0, 80, False, 4
890,0, 80, False, 4
891,0, 80, False, 4
892,0, 80, False, 4
893,0, 80, False, 4
894,0, 80, False, 4
895,0, 80, False, 4
896,0, 80, False, 4
897,0, 80, False, 4
898,0, 80, False, 4
899,0, 80, False, 4
900,0, 80, False, 4
901,0, 80, False, 0
902,0, 80, False, 0
903,0, 80, False, 0
904,0, 80, False, 0
905,0, 80, False, 0
906,0, 80, False, 0
907,0, 80, False, 0
908,0, 80, False, 0
909,0, 80, False, 0
910,0, 80, False, 0
911,0, 80, False, 0
912,0, 80, False, 0
913,0, 80, False, 0
914,0, 80, False, 0
915,0, 80, False, 4
916,0, 80, False, 4
917,0, 80, False, 4
918,0, 80, False, 4
919,0, 80, False, 4
920,0, 80, False, 4
921,0, 80, False, 4
922,0, 80, False, 4
923,0, 80, False, 4
924,0, 80, False, 4
925,0, 80, False, 4
926,0, 80, False, 4
927,0, 80, False, 4
928,30, 110, False, 0
929,0, 110, False, 0
930,0, 110, False, 0
931,0, 110, False, 0
932,0, 110, False, 0
933,0, 110, False, 0
934,0, 110, False, 0
935,0, 110, False, 0
936,0, 110, False, 0
937,0, 110, False, 0
938,0, 110, False, 0
939,0, 110, False, 0
940,0, 110, False, 0
941,0, 110, False, 0
942,0, 110, False, 0
943,0, 110, False, 0
944,0, 110, False, 0
945,0, 110, False, 0
946,0, 110, False, 0
947,0, 110, False, 0
948,0, 110, False, 0
949,0, 110, False, 0
950,0, 110, False, 0
951,0, 110, False, 1
952,0, 110, False, 1
953,0, 110, False, 1
954,0, 110, False, 1
955,0, 110, False, 1
956,0, 110, False, 1
957,0, 110, False, 1
958,0, 110, False, 1
959,0, 110, False, 0
960,0, 110, False, 0
961,0, 110, False, 0
962,0, 110, False, 0
963,0, 110, False, 0
964,0, 110, False, 0
965,0, 110, False, 0
966,0, 110, False, 0
967,0, 110, False, 0
968,0, 110, False, 0
969,0, 110, False, 0
970,5, 115, False, 0
971,0, 115, False, 0
972,0, 115, False, 0
973,0, 115, False, 0
974,0, 115, False, 0
975,0, 115, False, 0
976,0, 115, False, 0
977,0, 115, False, 0
978,0, 115, False, 0
979,0, 115, False, 0
980,0, 115, False, 0
981,0, 115, False, 0
982,0, 115, False, 0
983,0, 115, False, 0
984,0, 115, False, 0
985,0, 115, False, 0
986,0, 115, False, 0
987,0, 115, False, 0
988,0, 115, False, 1
989,0, 115, False, 1
990,0, 115, False, 1
991,0, 115, False, 1
992,0, 115, False, 1
993,0, 115, False, 1
994,0, 115, False, 12
995,0, 115, False, 12
996,0, 115, False, 12
997,0, 115, False, 4
998,0, 115, False, 4
999,0, 115, False, 4
1000,0, 115, False, 4
1001,0, 115, False, 4
1002,0, 115, False, 4
1003,0, 115, False, 4
1004,0, 115, False, 4
1005,0, 115, False, 4
1006,0, 115, False, 0
1007,0, 115, False, 0
1008,0, 115, False, 0
1009,0, 115, False, 0
1010,0, 115, False, 0
1011,0, 115, False, 0
1012,0, 115, False, 0
1013,0, 115, False, 0
1014,0, 115, False, 0
1015,0, 115, False, 0
1016,0, 115, False, 0
1017,0, 115, False, 0
1018,0, 115, False, 0
1019,0, 115, False, 0
1020,0, 115, False, 0
1021,0, 115, False, 0
1022,0, 115, False, 0
1023,0, 115, False, 0
1024,0, 115, False, 0
1025,0, 115, False, 0
1026,0, 115, False, 0
1027,0, 115, False, 0
1028,0, 115, False, 0
1029,0, 115, False, 0
1030,0, 115, False, 4
1031,0, 115, False, 4
1032,0, 115, False, 4
1033,0, 115, False, 4
1034,0, 115, False, 4
1035,0, 115, False, 0
1036,0, 115, False, 1
1037,0, 115, False, 1
1038,0, 115, False, 1
1039,0, 115, False, 1
1040,0, 115, False, 1
1041,0, 115, False, 0
1042,0, 115, False, 0
1043,0, 115, False, 0
1044,0, 115, False, 0
1045,0, 115, False, 1
1046,0, 115, False, 1
1047,0, 115, False, 1
1048,0, 115, False, 1
1049,0, 115, False, 1
1050,0, 115, False, 0
1051,0, 115, False, 0
1052,0, 115, False, 0
1053,0, 115, False, 1
1054,0, 115, False, 1
1055,0, 115, False, 1
1056,0, 115, False, 1
1057,0, 115, False, 1
1058,0, 115, False, 1
1059,0, 115, False, 0
1060,0, 115, False, 4
1061,0, 115, False, 4
1062,0, 115, False, 4
1063,0, 115, False, 4
1064,0, 115, False, 4
1065,0, 115, False, 4
1066,0, 115, False, 4
1067,0, 115, False, 0
1068,0, 115, False, 0
1069,0, 115, False, 0
1070,0, 115, False, 0
1071,0, 115, False, 0
1072,0, 115, False, 0
1073,0, 115, False, 0
1074,0, 115, False, 0
1075,0, 115, False, 0
1076,0, 115, False, 0
1077,0, 115, False, 0
1078,0, 115, False, 0
1079,0, 115, False, 0
1080,0, 115, False, 0
1081,0, 115, False, 0
1082,0, 115, False, 3
1083,0, 115, False, 3
1084,0, 115, False, 3
1085,0, 115, False, 3
1086,0, 115, False, 3
1087,0, 115, False, 3
1088,0, 115, False, 3
1089,0, 115, False, 0
1090,0, 115, False, 0
1091,0, 115, False, 1
1092,0, 115, False, 1
1093,0, 115, False, 1
1094,0, 115, False, 1
1095,0, 115, False, 1
1096,0, 115, False, 1
1097,0, 115, False, 1
1098,0, 115, False, 1
1099,0, 115, False, 1
1100,0, 115, False, 0
1101,0, 115, False, 0
1102,0, 115, False, 0
1103,0, 115, False, 0
1104,0, 115, False, 0
1105,0, 115, False, 0
1106,0, 115, False, 0
1107,0, 115, False, 0
1108,0, 115, False, 0
1109,0, 115, False, 0
1110,0, 115, False, 0
1111,0, 115, False, 0
1112,0, 115, False, 0
1113,0, 115, False, 0
1114,0, 115, False, 0
1115,0, 115, False, 0
1116,0, 115, False, 0
1117,0, 115, False, 0
1118,0, 115, False, 0
1119,0, 115, False, 0
1120,10, 125, False, 0
1121,0, 125, False, 0
1122,0, 125, False, 0
1123,0, 125, False, 0
1124,0, 125, False, 0
1125,0, 125, False, 4
1126,0, 125, False, 4
1127,0, 125, False, 4
1128,0, 125, False, 4
1129,0, 125, False, 4
1130,0, 125, False, 0
1131,0, 125, False, 1
1132,0, 125, False, 1
1133,0, 125, False, 1
1134,0, 125, False, 1
1135,0, 125, False, 1
1136,0, 125, False, 1
1137,0, 125, False, 1
1138,0, 125, False, 1
1139,0, 125, False, 0
1140,0, 125, False, 0
1141,0, 125, False, 0
1142,0, 125, False, 0
1143,0, 125, False, 0
1144,0, 125, False, 1
1145,0, 125, False, 1
1146,0, 125, False, 1
1147,0, 125, False, 1
1148,0, 125, False, 1
1149,0, 125, False, 0
1150,0, 125, False, 0
1151,0, 125, False, 0
1152,0, 125, False, 0
1153,0, 125, False, 0
1154,0, 125, False, 0
1155,0, 125, False, 0
1156,0, 125, False, 0
1157,0, 125, False, 0
1158,0, 125, False, 0
1159,0, 125, False, 4
1160,0, 125, False, 4
1161,0, 125, False, 4
1162,0, 125, False, 4
1163,0, 125, False, 0
1164,0, 125, False, 0
1165,0, 125, False, 0
1166,0, 125, False, 0
1167,0, 125, False, 4
1168,15, 140, False, 4
1169,0, 140, False, 4
1170,0, 140, False, 4
1171,0, 140, False, 4
1172,0, 140, False, 4
1173,0, 140, False, 4
1174,0, 140, False, 0
1175,0, 140, False, 0
1176,0, 140, False, 0
1177,0, 140, False, 0
1178,0, 140, False, 1
1179,0, 140, False, 1
1180,0, 140, False, 1
1181,0, 140, False, 1
1182,0, 140, False, 1
1183,0, 140, False, 1
1184,0, 140, False, 1
1185,0, 140, False, 0
1186,0, 140, False, 0
1187,0, 140, False, 0
1188,0, 140, False, 0
1189,0, 140, False, 0
1190,0, 140, False, 0
1191,0, 140, False, 0
1192,0, 140, False, 0
1193,0, 140, False, 0
1194,0, 140, False, 0
1195,0, 140, False, 0
1196,0, 140, False, 0
1197,0, 140, False, 0
1198,0, 140, False, 0
1199,0, 140, False, 0
1200,0, 140, False, 0
1201,0, 140, False, 0
1202,0, 140, False, 3
1203,0, 140, False, 3
1204,0, 140, False, 3
1205,0, 140, False, 0
1206,0, 140, False, 0
1207,0, 140, False, 0
1208,0, 140, False, 0
1209,0, 140, False, 0
1210,0, 140, False, 0
1211,0, 140, False, 0
1212,0, 140, False, 0
1213,0, 140, False, 0
1214,0, 140, False, 0
1215,0, 140, False, 0
1216,0, 140, False, 0
1217,0, 140, False, 0
1218,0, 140, False, 0
1219,0, 140, False, 0
1220,0, 140, False, 0
1221,0, 140, False, 0
1222,0, 140, False, 4
1223,0, 140, False, 4
1224,0, 140, False, 4
1225,0, 140, False, 0
1226,0, 140, False, 0
1227,0, 140, False, 0
1228,0, 140, False, 0
1229,0, 140, False, 0
1230,0, 140, False, 0
1231,0, 140, False, 0
1232,0, 140, False, 0
1233,0, 140, False, 0
1234,0, 140, False, 0
1235,0, 140, False, 0
1236,0, 140, False, 0
1237,0, 140, False, 0
1238,0, 140, False, 0
1239,0, 140, False, 0
1240,0, 140, False, 0
1241,0, 140, False, 0
1242,0, 140, False, 0
1243,0, 140, False, 0
1244,0, 140, False, 1
1245,0, 140, False, 1
1246,0, 140, False, 1
1247,0, 140, False, 1
1248,0, 140, False, 1
1249,0, 140, False, 1
1250,0, 140, False, 1
1251,0, 140, False, 1
1252,0, 140, False, 1
1253,0, 140, False, 1
1254,0, 140, False, 0
1255,0, 140, False, 0
1256,0, 140, False, 0
1257,0, 140, False, 0
1258,0, 140, False, 0
1259,0, 140, False, 0
1260,0, 140, False, 0
1261,0, 140, False, 0
1262,0, 140, False, 0
1263,0, 140, False, 0
1264,0, 140, False, 0
1265,0, 140, False, 1
1266,0, 140, False, 1
1267,0, 140, False, 1
1268,0, 140, False, 1
1269,0, 140, False, 1
1270,0, 140, False, 1
1271,0, 140, False, 1
1272,0, 140, False, 0
1273,0, 140, False, 0
1274,0, 140, False, 0
1275,0, 140, False, 0
1276,0, 140, False, 0
1277,0, 140, False, 0
1278,0, 140, False, 0
1279,0, 140, False, 0
1280,0, 140, False, 0
1281,0, 140, False, 3
1282,0, 140, False, 3
1283,0, 140, False, 3
1284,0, 140, False, 3
1285,0, 140, False, 3
1286,0, 140, False, 3
1287,0, 140, False, 3
1288,0, 140, False, 3
1289,0, 140, False, 3
1290,0, 140, False, 3
1291,0, 140, False, 3
1292,0, 140, False, 3
1293,0, 140, False, 3
1294,0, 140, False, 3
1295,0, 140, False, 3
1296,0, 140, False, 3
1297,0, 140, False, 3
1298,0, 140, False, 3
1299,0, 140, False, 3
1300,0, 140, False, 3
1301,0, 140, False, 3
1302,0, 140, False, 3
1303,0, 140, False, 3
1304,0, 140, False, 0
1305,0, 140, False, 0
1306,0, 140, False, 0
1307,0, 140, False, 0
1308,0, 140, False, 0
1309,0, 140, False, 0
1310,0, 140, False, 1
1311,0, 140, False, 1
1312,20, 160, False, 1
1313,0, 160, False, 1
1314,0, 160, False, 1
1315,0, 160, False, 1
1316,0, 160, False, 0
1317,0, 160, False, 0
1318,0, 160, False, 0
1319,0, 160, False, 0
1320,0, 160, False, 0
1321,0, 160, False, 3
1322,0, 160, False, 3
1323,0, 160, False, 3
1324,0, 160, False, 3
1325,0, 160, False, 3
1326,0, 160, False, 3
1327,0, 160, False, 3
1328,0, 160, False, 3
1329,0, 160, False, 3
1330,0, 160, False, 3
1331,0, 160, False, 3
1332,0, 160, False, 3
1333,0, 160, False, 3
1334,0, 160, False, 3
1335,0, 160, False, 3
1336,0, 160, False, 3
1337,0, 160, False, 3
1338,0, 160, False, 3
1339,0, 160, False, 3
1340,0, 160, False, 0
1341,0, 160, False, 0
1342,0, 160, False, 0
1343,0, 160, False, 0
1344,0, 160, False, 0
1345,0, 160, False, 0
1346,0, 160, False, 0
1347,0, 160, False, 0
1348,0, 160, False, 0
1349,0, 160, False, 0
1350,0, 160, False, 0
1351,0, 160, False, 3
1352,0, 160, False, 3
1353,0, 160, False, 3
1354,0, 160, False, 3
1355,0, 160, False, 3
1356,0, 160, False, 3
1357,0, 160, False, 3
1358,0, 160, False, 3
1359,0, 160, False, 3
1360,0, 160, False, 3
1361,0, 160, False, 3
1362,0, 160, False, 3
1363,0, 160, False, 3
1364,0, 160, False, 3
1365,0, 160, False, 3
1366,0, 160, False, 3
1367,0, 160, False, 3
1368,0, 160, False, 3
1369,0, 160, False, 3
1370,0, 160, False, 3
1371,0, 160, False, 3
1372,0, 160, False, 3
1373,0, 160, False, 3
1374,0, 160, False, 3
1375,0, 160, False, 3
1376,0, 160, False, 3
1377,0, 160, False, 3
1378,0, 160, False, 3
1379,0, 160, False, 3
1380,0, 160, False, 3
1381,0, 160, False, 3
1382,0, 160, False, 3
1383,0, 160, False, 3
1384,0, 160, False, 3
1385,0, 160, False, 3
1386,0, 160, False, 3
1387,0, 160, False, 3
1388,0, 160, False, 3
1389,0, 160, False, 3
1390,0, 160, False, 3
1391,0, 160, False, 3
1392,0, 160, False, 3
1393,0, 160, False, 3
1394,0, 160, False, 3
1395,0, 160, False, 0
1396,0, 160, False, 0
1397,0, 160, False, 0
1398,0, 160, False, 0
1399,0, 160, False, 0
1400,0, 160, False, 0
1401,0, 160, False, 0
1402,0, 160, False, 0
1403,0, 160, False, 0
1404,0, 160, False, 0
1405,0, 160, False, 0
1406,0, 160, False, 0
1407,0, 160, False, 0
1408,0, 160, False, 0
1409,0, 160, False, 0
1410,0, 160, False, 0
1411,0, 160, False, 0
1412,0, 160, False, 0
1413,0, 160, False, 0
1414,0, 160, False, 0
1415,0, 160, False, 0
1416,0, 160, False, 0
1417,0, 160, False, 0
1418,0, 160, False, 0
1419,0, 160, False, 0
1420,0, 160, False, 0
1421,0, 160, False, 0
1422,0, 160, False, 0
1423,0, 160, False, 0
1424,0, 160, False, 0
1425,0, 160, False, 0
1426,0, 160, False, 1
1427,0, 160, False, 1
1428,0, 160, False, 1
1429,0, 160, False, 1
1430,0, 160, False, 1
1431,0, 160, False, 1
1432,0, 160, False, 1
1433,0, 160, False, 1
1434,0, 160, False, 0
1435,0, 160, False, 0
1436,0, 160, False, 0
1437,0, 160, False, 0
1438,0, 160, False, 4
1439,0, 160, False, 4
1440,0, 160, False, 4
1441,0, 160, False, 4
1442,0, 160, False, 4
1443,0, 160, False, 4
1444,0, 160, False, 4
1445,0, 160, False, 4
1446,0, 160, False, 4
1447,0, 160, False, 4
1448,0, 160, False, 4
1449,0, 160, False, 4
1450,0, 160, False, 4
1451,0, 160, False, 4
1452,0, 160, False, 4
1453,0, 160, False, 4
1454,0, 160, False, 4
1455,0, 160, False, 4
1456,10, 170, False, 4
1457,0, 170, False, 4
1458,0, 170, False, 4
1459,0, 170, False, 4
1460,0, 170, False, 4
1461,0, 170, False, 4
1462,0, 170, False, 4
1463,0, 170, False, 4
1464,0, 170, False, 4
1465,0, 170, False, 0
1466,0, 170, False, 0
1467,0, 170, False, 0
1468,0, 170, False, 0
1469,0, 170, False, 0
1470,0, 170, False, 0
1471,0, 170, False, 0
1472,0, 170, False, 0
1473,0, 170, False, 0
1474,0, 170, False, 0
1475,0, 170, False, 0
1476,0, 170, False, 3
1477,0, 170, False, 3
1478,0, 170, False, 3
1479,0, 170, False, 3
1480,0, 170, False, 3
1481,0, 170, False, 3
1482,0, 170, False, 3
1483,0, 170, False, 3
1484,0, 170, False, 3
1485,0, 170, False, 3
1486,0, 170, False, 3
1487,0, 170, False, 0
1488,0, 170, False, 0
1489,0, 170, False, 0
1490,0, 170, False, 0
1491,0, 170, False, 0
1492,0, 170, False, 0
1493,0, 170, False, 0
1494,0, 170, False, 3
1495,0, 170, False, 3
1496,0, 170, False, 3
1497,0, 170, False, 0
1498,0, 170, False, 0
1499,0, 170, False, 0
1500,0, 170, False, 0
1501,0, 170, False, 0
1502,0, 170, False, 0
1503,0, 170, False, 0
1504,0, 170, False, 0
1505,0, 170, False, 0
1506,0, 170, False, 0
1507,0, 170, False, 3
1508,0, 170, False, 3
1509,0, 170, False, 3
1510,0, 170, False, 3
1511,0, 170, False, 3
1512,0, 170, False, 3
1513,0, 170, False, 0
1514,0, 170, False, 0
1515,0, 170, False, 0
1516,0, 170, False, 1
1517,0, 170, False, 1
1518,0, 170, False, 1
1519,0, 170, False, 1
1520,0, 170, False, 1
1521,0, 170, False, 1
1522,0, 170, False, 0
1523,0, 170, False, 0
1524,0, 170, False, 0
1525,0, 170, False, 0
1526,0, 170, False, 0
1527,0, 170, False, 0
1528,0, 170, False, 4
1529,0, 170, False, 4
1530,0, 170, False, 4
1531,0, 170, False, 4
1532,0, 170, False, 4
1533,0, 170, False, 0
1534,0, 170, False, 0
1535,0, 170, False, 0
1536,0, 170, False, 0
1537,0, 170, False, 0
1538,0, 170, False, 0
1539,0, 170, False, 0
1540,0, 170, False, 0
1541,0, 170, False, 0
1542,0, 170, False, 0
1543,0, 170, False, 0
1544,0, 170, False, 0
1545,0, 170, False, 0
1546,0, 170, False, 0
1547,0, 170, False, 0
1548,0, 170, False, 0
1549,0, 170, False, 0
1550,0, 170, False, 0
1551,0, 170, False, 3
1552,0, 170, False, 3
1553,0, 170, False, 0
1554,0, 170, False, 0
1555,0, 170, False, 0
1556,15, 185, False, 0
1557,0, 185, False, 0
1558,0, 185, False, 0
1559,0, 185, False, 0
1560,0, 185, False, 0
1561,0, 185, False, 0
1562,0, 185, False, 0
1563,0, 185, False, 1
1564,0, 185, False, 1
1565,0, 185, False, 1
1566,0, 185, False, 1
1567,0, 185, False, 1
1568,0, 185, False, 1
1569,0, 185, False, 1
1570,0, 185, False, 0
1571,0, 185, False, 0
1572,0, 185, False, 0
1573,0, 185, False, 0
1574,0, 185, False, 0
1575,0, 185, False, 0
1576,0, 185, False, 0
1577,0, 185, False, 0
1578,0, 185, False, 0
1579,0, 185, False, 0
1580,0, 185, False, 0
1581,0, 185, False, 0
1582,0, 185, False, 0
1583,0, 185, False, 0
1584,0, 185, False, 0
1585,0, 185, False, 0
1586,0, 185, False, 0
1587,0, 185, False, 0
1588,0, 185, False, 0
1589,0, 185, False, 0
1590,0, 185, False, 0
1591,0, 185, False, 0
1592,0, 185, False, 0
1593,0, 185, False, 0
1594,0, 185, False, 0
1595,0, 185, False, 0
1596,0, 185, False, 0
1597,0, 185, False, 0
1598,0, 185, False, 0
1599,0, 185, False, 0
1600,0, 185, False, 0
1601,0, 185, False, 0
1602,0, 185, False, 0
1603,0, 185, False, 0
1604,0, 185, False, 0
1605,0, 185, False, 0
1606,0, 185, False, 0
1607,0, 185, False, 0
1608,0, 185, False, 0
1609,0, 185, False, 0
1610,20, 205, False, 0
1611,0, 205, False, 4
1612,0, 205, False, 4
1613,0, 205, False, 4
1614,0, 205, False, 0
1615,0, 205, False, 0
1616,0, 205, False, 0
1617,0, 205, False, 0
1618,0, 205, False, 0
1619,0, 205, False, 0
1620,0, 205, False, 0
1621,0, 205, False, 0
1622,0, 205, False, 0
1623,0, 205, False, 3
1624,0, 205, False, 3
1625,0, 205, False, 3
1626,0, 205, False, 3
1627,0, 205, False, 3
1628,0, 205, False, 3
1629,0, 205, False, 3
1630,0, 205, False, 3
1631,0, 205, False, 3
1632,0, 205, False, 3
1633,0, 205, False, 3
1634,0, 205, False, 3
1635,0, 205, False, 3
1636,0, 205, False, 3
1637,0, 205, False, 3
1638,0, 205, False, 3
1639,0, 205, False, 3
1640,0, 205, False, 3
1641,0, 205, False, 3
1642,0, 205, False, 3
1643,0, 205, False, 3
1644,0, 205, False, 3
1645,0, 205, False, 3
1646,0, 205, False, 3
1647,0, 205, False, 3
1648,0, 205, False, 3
1649,0, 205, False, 3
1650,0, 205, False, 0
1651,0, 205, False, 0
1652,0, 205, False, 0
1653,0, 205, False, 0
1654,0, 205, False, 0
1655,0, 205, False, 0
1656,0, 205, False, 0
1657,0, 205, False, 0
1658,0, 205, False, 0
1659,0, 205, False, 0
1660,0, 205, False, 0
1661,0, 205, False, 0
1662,0, 205, False, 0
1663,0, 205, False, 0
1664,0, 205, False, 0
1665,0, 205, False, 0
1666,0, 205, False, 0
1667,0, 205, False, 0
1668,0, 205, False, 0
1669,0, 205, False, 0
1670,0, 205, False, 0
1671,0, 205, False, 0
1672,0, 205, False, 0
1673,0, 205, False, 0
1674,0, 205, False, 0
1675,0, 205, False, 0
1676,0, 205, False, 0
1677,0, 205, False, 0
1678,0, 205, False, 0
1679,0, 205, False, 0
1680,0, 205, False, 0
1681,0, 205, False, 0
1682,0, 205, False, 0
1683,0, 205, False, 0
1684,0, 205, False, 0
1685,0, 205, False, 0
1686,0, 205, False, 0
1687,0, 205, False, 0
1688,0, 205, False, 0
1689,0, 205, False, 0
1690,0, 205, False, 0
1691,0, 205, False, 0
1692,0, 205, False, 0
1693,0, 205, False, 0
1694,0, 205, False, 0
1695,0, 205, False, 0
1696,0, 205, False, 0
1697,0, 205, False, 0
1698,0, 205, False, 0
1699,0, 205, False, 0
1700,0, 205, False, 0
1701,0, 205, False, 0
1702,0, 205, False, 0
1703,0, 205, False, 0
1704,0, 205, False, 0
1705,0, 205, False, 0
1706,0, 205, False, 0
1707,0, 205, False, 0
1708,0, 205, False, 0
1709,0, 205, False, 0
1710,0, 205, False, 0
1711,0, 205, False, 0
1712,0, 205, False, 0
1713,0, 205, False, 0
1714,0, 205, False, 0
1715,0, 205, False, 0
1716,0, 205, False, 0
1717,0, 205, False, 0
1718,0, 205, False, 0
1719,0, 205, False, 0
1720,0, 205, False, 0
1721,0, 205, False, 0
1722,0, 205, False, 0
1723,0, 205, False, 0
1724,0, 205, False, 0
1725,0, 205, False, 0
1726,0, 205, False, 0
1727,0, 205, False, 0
1728,0, 205, False, 0
1729,0, 205, False, 0
1730,0, 205, False, 0
1731,0, 205, False, 0
1732,0, 205, False, 0
1733,0, 205, False, 0
1734,0, 205, False, 0
1735,0, 205, False, 0
1736,0, 205, False, 0
1737,0, 205, False, 0
1738,0, 205, False, 0
1739,0, 205, False, 0
1740,0, 205, False, 0
1741,0, 205, False, 0
1742,0, 205, False, 0
1743,0, 205, False, 0
1744,0, 205, False, 0
1745,0, 205, False, 0
1746,0, 205, False, 0
1747,0, 205, False, 0
1748,0, 205, False, 0
1749,0, 205, False, 0
1750,0, 205, False, 0
1751,0, 205, False, 0
1752,0, 205, False, 0
1753,0, 205, False, 0
1754,0, 205, False, 0
1755,0, 205, False, 0
1756,0, 205, False, 0
1757,0, 205, False, 0
1758,0, 205, False, 0
1759,0, 205, False, 0
1760,0, 205, False, 0
1761,0, 205, False, 0
1762,0, 205, False, 0
1763,0, 205, False, 0
1764,0, 205, False, 0
1765,0, 205, False, 0
1766,0, 205, False, 0
1767,0, 205, False, 0
1768,0, 205, False, 0
1769,0, 205, False, 0
1770,0, 205, False, 0
1771,0, 205, False, 0
1772,0, 205, False, 0
1773,0, 205, False, 0
1774,0, 205, False, 0
1775,0, 205, False, 0
1776,0, 205, False, 0
1777,0, 205, False, 0
1778,0, 205, False, 0
1779,0, 205, False, 0
1780,0, 205, False, 0
1781,0, 205, False, 0
1782,0, 205, False, 0
1783,0, 205, False, 0
1784,0, 205, False, 0
1785,0, 205, False, 0
1786,0, 205, False, 0
1787,0, 205, False, 0
1788,0, 205, False, 0
1789,0, 205, False, 0
1790,0, 205, False, 0
1791,0, 205, False, 0
1792,0, 205, False, 0
1793,0, 205, False, 0
1794,0, 205, False, 0
1795,0, 205, False, 0
1796,0, 205, False, 0
1797,0, 205, False, 0
1798,0, 205, False, 0
1799,0, 205, False, 0
1800,0, 205, False, 0
1801,0, 205, False, 0
1802,0, 205, False, 0
1803,0, 205, False, 0
1804,0, 205, False, 0
1805,0, 205, False, 0
1806,0, 205, False, 0
1807,0, 205, False, 0
1808,0, 205, False, 0
1809,0, 205, False, 0
1810,0, 205, False, 0
1811,0, 205, False, 0
1812,0, 205, False, 0
1813,0, 205, False, 0
1814,0, 205, False, 0
1815,0, 205, False, 0
1816,0, 205, False, 0
1817,0, 205, False, 0
1818,0, 205, False, 0
1819,0, 205, False, 0
1820,0, 205, False, 0
1821,0, 205, False, 0
1822,0, 205, False, 0
1823,0, 205, False, 0
1824,0, 205, False, 0
1825,0, 205, False, 0
1826,0, 205, False, 0
1827,0, 205, False, 0
1828,0, 205, False, 0
1829,0, 205, False, 0
1830,0, 205, False, 0
1831,0, 205, False, 0
1832,0, 205, False, 0
1833,0, 205, False, 0
1834,0, 205, False, 0
1835,0, 205, False, 0
1836,0, 205, False, 0
1837,0, 205, False, 0
1838,0, 205, False, 0
1839,0, 205, False, 0
1840,0, 205, False, 0
1841,0, 205, False, 0
1842,0, 205, False, 0
1843,0, 205, False, 0
1844,0, 205, False, 0
1845,0, 205, False, 0
1846,0, 205, False, 0
1847,0, 205, False, 0
1848,0, 205, False, 0
1849,0, 205, False, 0
1850,0, 205, False, 0
1851,0, 205, False, 0
1852,0, 205, False, 0
1853,0, 205, False, 0
1854,0, 205, False, 0
1855,0, 205, False, 0
1856,0, 205, False, 0
1857,0, 205, False, 0
1858,0, 205, False, 0
1859,0, 205, False, 0
1860,0, 205, False, 0
1861,0, 205, False, 0
1862,0, 205, False, 0
1863,0, 205, False, 0
1864,0, 205, False, 0
1865,0, 205, False, 0
1866,0, 205, False, 0
1867,0, 205, False, 0
1868,0, 205, False, 0
1869,0, 205, False, 0
1870,0, 205, False, 0
1871,0, 205, False, 0
1872,0, 205, False, 0
1873,0, 205, False, 0
1874,0, 205, False, 0
1875,0, 205, False, 0
1876,0, 205, False, 0
1877,0, 205, False, 0
1878,0, 205, False, 0
1879,0, 205, False, 0
1880,0, 205, False, 0
1881,0, 205, False, 0
1882,0, 205, False, 0
1883,0, 205, False, 0
1884,0, 205, False, 0
1885,0, 205, False, 0
1886,0, 205, False, 0
1887,0, 205, False, 0
1888,0, 205, False, 0
1889,0, 205, False, 0
1890,0, 205, False, 0
1891,0, 205, False, 0
1892,0, 205, False, 0
1893,0, 205, False, 0
1894,0, 205, False, 0
1895,0, 205, False, 0
1896,0, 205, False, 0
1897,0, 205, False, 0
1898,0, 205, False, 0
1899,0, 205, False, 0
1900,0, 205, False, 0
1901,0, 205, False, 0
1902,0, 205, False, 0
1903,0, 205, False, 0
1904,0, 205, False, 0
1905,0, 205, False, 0
1906,0, 205, False, 0
1907,0, 205, False, 0
1908,0, 205, False, 0
1909,0, 205, False, 0
1910,0, 205, False, 0
1911,0, 205, False, 0
1912,0, 205, False, 0
1913,0, 205, False, 0
1914,0, 205, False, 0
1915,0, 205, False, 0
1916,0, 205, False, 0
1917,0, 205, False, 0
1918,0, 205, False, 0
1919,0, 205, False, 0
1920,0, 205, False, 0
1921,0, 205, False, 0
1922,0, 205, False, 0
1923,0, 205, False, 0
1924,0, 205, False, 0
1925,0, 205, False, 0
1926,0, 205, False, 0
1927,0, 205, False, 0
1928,0, 205, False, 0
1929,0, 205, False, 0
1930,0, 205, False, 0
1931,0, 205, False, 0
1932,0, 205, False, 0
1933,0, 205, False, 0
1934,0, 205, False, 0
1935,0, 205, False, 0
1936,0, 205, False, 0
1937,0, 205, False, 0
1938,0, 205, False, 0
1939,0, 205, False, 0
1940,0, 205, False, 0
1941,0, 205, False, 0
1942,0, 205, False, 0
1943,0, 205, False, 0
1944,0, 205, False, 0
1945,0, 205, False, 0
1946,0, 205, False, 0
1947,0, 205, False, 0
1948,0, 205, False, 0
1949,0, 205, False, 0
1950,0, 205, False, 0
1951,0, 205, False, 0
1952,0, 205, False, 0
1953,0, 205, False, 0
1954,0, 205, False, 0
1955,0, 205, False, 0
1956,0, 205, False, 0
1957,0, 205, False, 0
1958,0, 205, False, 0
1959,0, 205, False, 0
1960,0, 205, False, 0
1961,0, 205, False, 0
1962,0, 205, False, 0
1963,0, 205, False, 0
1964,0, 205, False, 0
1965,0, 205, False, 0
1966,0, 205, False, 0
1967,0, 205, False, 0
1968,0, 205, False, 0
1969,0, 205, False, 0
1970,0, 205, False, 0
1971,0, 205, False, 0
1972,0, 205, False, 0
1973,0, 205, False, 0
1974,0, 205, False, 0
1975,0, 205, False, 0
1976,0, 205, False, 0
1977,0, 205, False, 0
1978,0, 205, False, 0
1979,0, 205, False, 0
1980,0, 205, False, 0
1981,0, 205, False, 0
1982,0, 205, False, 0
1983,0, 205, False, 0
1984,0, 205, False, 0
1985,0, 205, False, 0
1986,0, 205, False, 0
1987,0, 205, False, 0
1988,0, 205, False, 0
1989,0, 205, False, 0
1990,0, 205, False, 0
1991,0, 205, False, 0
1992,0, 205, False, 0
1993,0, 205, False, 0
1994,0, 205, False, 0
1995,0, 205, False, 0
1996,0, 205, False, 0
1997,0, 205, False, 0
1998,0, 205, False, 0
1999,0, 205, False, 0
2000,0, 205, False, 0
