db traj id : 3231
frame,reward,score,terminal, action
0,0, 0, False, 0
1,0, 0, False, 0
2,0, 0, False, 0
3,0, 0, False, 0
4,0, 0, False, 0
5,0, 0, False, 0
6,0, 0, False, 0
7,0, 0, False, 0
8,0, 0, False, 0
9,0, 0, False, 0
10,0, 0, False, 0
11,0, 0, False, 0
12,0, 0, False, 0
13,0, 0, False, 0
14,0, 0, False, 0
15,0, 0, False, 0
16,0, 0, False, 0
17,0, 0, False, 0
18,0, 0, False, 0
19,0, 0, False, 0
20,0, 0, False, 0
21,0, 0, False, 0
22,0, 0, False, 0
23,0, 0, False, 0
24,0, 0, False, 0
25,0, 0, False, 0
26,0, 0, False, 0
27,0, 0, False, 0
28,0, 0, False, 0
29,0, 0, False, 0
30,0, 0, False, 0
31,0, 0, False, 0
32,0, 0, False, 0
33,0, 0, False, 0
34,0, 0, False, 0
35,0, 0, False, 0
36,0, 0, False, 0
37,0, 0, False, 0
38,0, 0, False, 0
39,0, 0, False, 0
40,0, 0, False, 0
41,0, 0, False, 0
42,0, 0, False, 0
43,0, 0, False, 0
44,0, 0, False, 0
45,0, 0, False, 0
46,0, 0, False, 0
47,0, 0, False, 0
48,0, 0, False, 0
49,0, 0, False, 0
50,0, 0, False, 0
51,0, 0, False, 0
52,0, 0, False, 0
53,0, 0, False, 0
54,0, 0, False, 0
55,0, 0, False, 0
56,0, 0, False, 0
57,0, 0, False, 0
58,0, 0, False, 0
59,0, 0, False, 0
60,0, 0, False, 0
61,0, 0, False, 0
62,0, 0, False, 0
63,0, 0, False, 0
64,0, 0, False, 0
65,0, 0, False, 0
66,0, 0, False, 0
67,0, 0, False, 0
68,0, 0, False, 0
69,0, 0, False, 0
70,0, 0, False, 0
71,0, 0, False, 0
72,0, 0, False, 0
73,0, 0, False, 0
74,0, 0, False, 0
75,0, 0, False, 0
76,0, 0, False, 0
77,0, 0, False, 0
78,0, 0, False, 0
79,0, 0, False, 0
80,0, 0, False, 0
81,0, 0, False, 0
82,0, 0, False, 0
83,0, 0, False, 0
84,0, 0, False, 0
85,0, 0, False, 0
86,0, 0, False, 0
87,0, 0, False, 0
88,0, 0, False, 0
89,0, 0, False, 0
90,0, 0, False, 0
91,0, 0, False, 0
92,0, 0, False, 0
93,0, 0, False, 0
94,0, 0, False, 0
95,0, 0, False, 0
96,0, 0, False, 0
97,0, 0, False, 0
98,0, 0, False, 0
99,0, 0, False, 0
100,0, 0, False, 0
101,0, 0, False, 0
102,0, 0, False, 0
103,0, 0, False, 0
104,0, 0, False, 0
105,0, 0, False, 0
106,0, 0, False, 0
107,0, 0, False, 0
108,0, 0, False, 0
109,0, 0, False, 0
110,0, 0, False, 0
111,0, 0, False, 0
112,0, 0, False, 0
113,0, 0, False, 0
114,0, 0, False, 0
115,0, 0, False, 0
116,0, 0, False, 0
117,0, 0, False, 0
118,0, 0, False, 0
119,0, 0, False, 0
120,0, 0, False, 0
121,0, 0, False, 0
122,0, 0, False, 0
123,0, 0, False, 0
124,0, 0, False, 0
125,0, 0, False, 0
126,0, 0, False, 0
127,0, 0, False, 0
128,0, 0, False, 0
129,0, 0, False, 0
130,0, 0, False, 0
131,0, 0, False, 4
132,0, 0, False, 4
133,0, 0, False, 4
134,0, 0, False, 4
135,0, 0, False, 4
136,0, 0, False, 4
137,0, 0, False, 4
138,0, 0, False, 4
139,0, 0, False, 4
140,0, 0, False, 4
141,0, 0, False, 4
142,0, 0, False, 4
143,0, 0, False, 4
144,0, 0, False, 4
145,0, 0, False, 4
146,0, 0, False, 4
147,0, 0, False, 4
148,0, 0, False, 4
149,0, 0, False, 4
150,0, 0, False, 0
151,0, 0, False, 0
152,0, 0, False, 0
153,0, 0, False, 0
154,0, 0, False, 0
155,0, 0, False, 0
156,0, 0, False, 0
157,0, 0, False, 0
158,0, 0, False, 0
159,0, 0, False, 0
160,0, 0, False, 0
161,0, 0, False, 0
162,0, 0, False, 0
163,0, 0, False, 0
164,0, 0, False, 0
165,0, 0, False, 0
166,0, 0, False, 0
167,0, 0, False, 0
168,0, 0, False, 0
169,0, 0, False, 0
170,0, 0, False, 0
171,0, 0, False, 0
172,0, 0, False, 3
173,0, 0, False, 3
174,0, 0, False, 3
175,0, 0, False, 3
176,0, 0, False, 3
177,0, 0, False, 3
178,0, 0, False, 3
179,0, 0, False, 3
180,0, 0, False, 3
181,0, 0, False, 3
182,0, 0, False, 3
183,0, 0, False, 3
184,0, 0, False, 3
185,0, 0, False, 3
186,0, 0, False, 3
187,0, 0, False, 3
188,0, 0, False, 3
189,0, 0, False, 3
190,0, 0, False, 3
191,0, 0, False, 3
192,0, 0, False, 3
193,0, 0, False, 3
194,0, 0, False, 3
195,0, 0, False, 3
196,0, 0, False, 3
197,0, 0, False, 3
198,0, 0, False, 0
199,0, 0, False, 0
200,0, 0, False, 0
201,0, 0, False, 0
202,0, 0, False, 0
203,0, 0, False, 0
204,0, 0, False, 0
205,0, 0, False, 0
206,0, 0, False, 0
207,0, 0, False, 0
208,0, 0, False, 0
209,0, 0, False, 0
210,0, 0, False, 0
211,0, 0, False, 0
212,0, 0, False, 0
213,0, 0, False, 0
214,0, 0, False, 0
215,0, 0, False, 0
216,0, 0, False, 0
217,0, 0, False, 0
218,0, 0, False, 0
219,0, 0, False, 0
220,0, 0, False, 0
221,0, 0, False, 0
222,0, 0, False, 0
223,0, 0, False, 0
224,0, 0, False, 0
225,0, 0, False, 0
226,0, 0, False, 0
227,0, 0, False, 0
228,0, 0, False, 0
229,0, 0, False, 0
230,0, 0, False, 0
231,0, 0, False, 0
232,0, 0, False, 0
233,0, 0, False, 1
234,0, 0, False, 1
235,0, 0, False, 1
236,0, 0, False, 1
237,0, 0, False, 1
238,0, 0, False, 0
239,0, 0, False, 3
240,0, 0, False, 3
241,0, 0, False, 0
242,0, 0, False, 0
243,0, 0, False, 0
244,0, 0, False, 0
245,0, 0, False, 0
246,0, 0, False, 0
247,0, 0, False, 0
248,0, 0, False, 0
249,0, 0, False, 0
250,0, 0, False, 0
251,0, 0, False, 0
252,0, 0, False, 0
253,0, 0, False, 0
254,0, 0, False, 0
255,0, 0, False, 0
256,0, 0, False, 0
257,0, 0, False, 0
258,0, 0, False, 1
259,0, 0, False, 1
260,0, 0, False, 1
261,0, 0, False, 1
262,0, 0, False, 1
263,0, 0, False, 0
264,0, 0, False, 0
265,0, 0, False, 0
266,0, 0, False, 0
267,0, 0, False, 0
268,0, 0, False, 0
269,0, 0, False, 0
270,0, 0, False, 1
271,0, 0, False, 1
272,0, 0, False, 1
273,0, 0, False, 1
274,0, 0, False, 1
275,0, 0, False, 0
276,0, 0, False, 0
277,0, 0, False, 0
278,0, 0, False, 0
279,0, 0, False, 0
280,0, 0, False, 0
281,0, 0, False, 0
282,0, 0, False, 0
283,0, 0, False, 0
284,0, 0, False, 1
285,0, 0, False, 1
286,0, 0, False, 1
287,0, 0, False, 0
288,0, 0, False, 0
289,0, 0, False, 0
290,0, 0, False, 0
291,0, 0, False, 0
292,0, 0, False, 0
293,0, 0, False, 0
294,0, 0, False, 0
295,25, 25, False, 1
296,0, 25, False, 1
297,0, 25, False, 1
298,0, 25, False, 1
299,0, 25, False, 1
300,0, 25, False, 0
301,0, 25, False, 0
302,0, 25, False, 0
303,0, 25, False, 0
304,0, 25, False, 0
305,0, 25, False, 0
306,0, 25, False, 1
307,0, 25, False, 1
308,0, 25, False, 1
309,0, 25, False, 1
310,0, 25, False, 1
311,0, 25, False, 0
312,0, 25, False, 0
313,0, 25, False, 0
314,0, 25, False, 0
315,0, 25, False, 0
316,0, 25, False, 0
317,0, 25, False, 0
318,0, 25, False, 1
319,0, 25, False, 1
320,0, 25, False, 1
321,0, 25, False, 1
322,0, 25, False, 1
323,0, 25, False, 0
324,0, 25, False, 0
325,5, 30, False, 0
326,0, 30, False, 0
327,0, 30, False, 0
328,0, 30, False, 0
329,0, 30, False, 1
330,0, 30, False, 1
331,0, 30, False, 1
332,0, 30, False, 1
333,0, 30, False, 1
334,0, 30, False, 0
335,0, 30, False, 0
336,0, 30, False, 0
337,0, 30, False, 0
338,0, 30, False, 1
339,0, 30, False, 1
340,0, 30, False, 1
341,0, 30, False, 1
342,0, 30, False, 1
343,0, 30, False, 0
344,0, 30, False, 0
345,0, 30, False, 0
346,0, 30, False, 0
347,0, 30, False, 0
348,0, 30, False, 1
349,0, 30, False, 1
350,0, 30, False, 1
351,0, 30, False, 1
352,0, 30, False, 1
353,0, 30, False, 1
354,0, 30, False, 1
355,0, 30, False, 0
356,0, 30, False, 0
357,0, 30, False, 0
358,0, 30, False, 0
359,0, 30, False, 0
360,0, 30, False, 0
361,0, 30, False, 0
362,0, 30, False, 1
363,10, 40, False, 1
364,0, 40, False, 1
365,0, 40, False, 0
366,0, 40, False, 0
367,0, 40, False, 0
368,0, 40, False, 0
369,0, 40, False, 0
370,0, 40, False, 0
371,0, 40, False, 0
372,0, 40, False, 1
373,0, 40, False, 1
374,0, 40, False, 1
375,0, 40, False, 1
376,0, 40, False, 1
377,0, 40, False, 0
378,0, 40, False, 0
379,0, 40, False, 0
380,0, 40, False, 0
381,0, 40, False, 0
382,0, 40, False, 1
383,0, 40, False, 1
384,0, 40, False, 1
385,0, 40, False, 1
386,0, 40, False, 1
387,0, 40, False, 0
388,0, 40, False, 0
389,0, 40, False, 0
390,0, 40, False, 0
391,0, 40, False, 1
392,0, 40, False, 1
393,0, 40, False, 1
394,0, 40, False, 1
395,0, 40, False, 0
396,0, 40, False, 0
397,0, 40, False, 0
398,0, 40, False, 0
399,0, 40, False, 0
400,0, 40, False, 1
401,0, 40, False, 1
402,0, 40, False, 1
403,0, 40, False, 1
404,0, 40, False, 0
405,0, 40, False, 0
406,0, 40, False, 0
407,15, 55, False, 0
408,0, 55, False, 1
409,0, 55, False, 1
410,0, 55, False, 1
411,0, 55, False, 1
412,0, 55, False, 1
413,0, 55, False, 1
414,0, 55, False, 1
415,0, 55, False, 0
416,0, 55, False, 0
417,0, 55, False, 0
418,0, 55, False, 0
419,0, 55, False, 0
420,0, 55, False, 1
421,0, 55, False, 1
422,0, 55, False, 1
423,0, 55, False, 1
424,0, 55, False, 1
425,0, 55, False, 0
426,0, 55, False, 0
427,0, 55, False, 0
428,0, 55, False, 0
429,0, 55, False, 0
430,0, 55, False, 0
431,0, 55, False, 0
432,0, 55, False, 1
433,0, 55, False, 1
434,0, 55, False, 1
435,0, 55, False, 1
436,0, 55, False, 1
437,0, 55, False, 0
438,0, 55, False, 0
439,0, 55, False, 0
440,0, 55, False, 0
441,0, 55, False, 1
442,0, 55, False, 1
443,0, 55, False, 1
444,0, 55, False, 1
445,0, 55, False, 1
446,0, 55, False, 0
447,0, 55, False, 3
448,0, 55, False, 3
449,0, 55, False, 3
450,0, 55, False, 3
451,0, 55, False, 3
452,0, 55, False, 3
453,0, 55, False, 3
454,0, 55, False, 3
455,0, 55, False, 3
456,0, 55, False, 3
457,0, 55, False, 3
458,0, 55, False, 3
459,0, 55, False, 3
460,0, 55, False, 3
461,20, 75, False, 3
462,0, 75, False, 3
463,0, 75, False, 3
464,0, 75, False, 3
465,0, 75, False, 3
466,0, 75, False, 3
467,0, 75, False, 3
468,0, 75, False, 3
469,0, 75, False, 3
470,0, 75, False, 3
471,0, 75, False, 3
472,0, 75, False, 3
473,0, 75, False, 3
474,0, 75, False, 3
475,0, 75, False, 3
476,0, 75, False, 3
477,0, 75, False, 0
478,0, 75, False, 0
479,0, 75, False, 0
480,0, 75, False, 0
481,0, 75, False, 0
482,0, 75, False, 0
483,0, 75, False, 0
484,0, 75, False, 0
485,0, 75, False, 0
486,0, 75, False, 0
487,0, 75, False, 0
488,0, 75, False, 0
489,0, 75, False, 0
490,0, 75, False, 0
491,0, 75, False, 0
492,0, 75, False, 0
493,0, 75, False, 0
494,0, 75, False, 0
495,0, 75, False, 0
496,0, 75, False, 3
497,0, 75, False, 3
498,0, 75, False, 3
499,0, 75, False, 3
500,0, 75, False, 3
501,0, 75, False, 3
502,0, 75, False, 3
503,0, 75, False, 3
504,0, 75, False, 3
505,0, 75, False, 3
506,0, 75, False, 0
507,0, 75, False, 0
508,0, 75, False, 0
509,0, 75, False, 0
510,0, 75, False, 0
511,0, 75, False, 0
512,0, 75, False, 0
513,0, 75, False, 0
514,0, 75, False, 0
515,0, 75, False, 0
516,0, 75, False, 0
517,0, 75, False, 1
518,0, 75, False, 1
519,0, 75, False, 1
520,0, 75, False, 1
521,0, 75, False, 1
522,0, 75, False, 0
523,0, 75, False, 0
524,0, 75, False, 0
525,0, 75, False, 0
526,0, 75, False, 0
527,0, 75, False, 0
528,0, 75, False, 0
529,0, 75, False, 1
530,0, 75, False, 1
531,0, 75, False, 0
532,0, 75, False, 0
533,0, 75, False, 0
534,0, 75, False, 0
535,0, 75, False, 0
536,0, 75, False, 0
537,0, 75, False, 0
538,0, 75, False, 1
539,0, 75, False, 1
540,0, 75, False, 1
541,0, 75, False, 1
542,0, 75, False, 1
543,0, 75, False, 0
544,0, 75, False, 0
545,5, 80, False, 0
546,0, 80, False, 0
547,0, 80, False, 0
548,0, 80, False, 1
549,0, 80, False, 1
550,0, 80, False, 1
551,0, 80, False, 0
552,0, 80, False, 0
553,0, 80, False, 0
554,0, 80, False, 0
555,0, 80, False, 0
556,0, 80, False, 0
557,0, 80, False, 0
558,0, 80, False, 1
559,0, 80, False, 1
560,0, 80, False, 0
561,0, 80, False, 0
562,0, 80, False, 0
563,0, 80, False, 1
564,0, 80, False, 1
565,0, 80, False, 0
566,0, 80, False, 0
567,0, 80, False, 0
568,0, 80, False, 0
569,0, 80, False, 0
570,0, 80, False, 1
571,0, 80, False, 1
572,0, 80, False, 1
573,0, 80, False, 0
574,0, 80, False, 0
575,0, 80, False, 0
576,0, 80, False, 0
577,0, 80, False, 1
578,0, 80, False, 1
579,0, 80, False, 1
580,0, 80, False, 1
581,0, 80, False, 1
582,0, 80, False, 0
583,10, 90, False, 3
584,0, 90, False, 3
585,0, 90, False, 3
586,0, 90, False, 3
587,0, 90, False, 3
588,0, 90, False, 3
589,0, 90, False, 3
590,0, 90, False, 3
591,0, 90, False, 3
592,0, 90, False, 3
593,0, 90, False, 3
594,0, 90, False, 3
595,0, 90, False, 3
596,0, 90, False, 3
597,0, 90, False, 3
598,0, 90, False, 3
599,0, 90, False, 3
600,0, 90, False, 3
601,0, 90, False, 3
602,0, 90, False, 3
603,0, 90, False, 3
604,0, 90, False, 3
605,0, 90, False, 3
606,0, 90, False, 3
607,0, 90, False, 3
608,0, 90, False, 3
609,0, 90, False, 3
610,0, 90, False, 3
611,0, 90, False, 0
612,0, 90, False, 0
613,0, 90, False, 0
614,0, 90, False, 0
615,0, 90, False, 0
616,0, 90, False, 0
617,0, 90, False, 0
618,0, 90, False, 0
619,0, 90, False, 0
620,0, 90, False, 0
621,0, 90, False, 0
622,0, 90, False, 0
623,0, 90, False, 0
624,0, 90, False, 0
625,0, 90, False, 0
626,0, 90, False, 3
627,0, 90, False, 3
628,0, 90, False, 3
629,0, 90, False, 3
630,0, 90, False, 3
631,0, 90, False, 0
632,0, 90, False, 0
633,0, 90, False, 0
634,0, 90, False, 0
635,0, 90, False, 0
636,0, 90, False, 3
637,0, 90, False, 3
638,0, 90, False, 3
639,0, 90, False, 3
640,0, 90, False, 3
641,0, 90, False, 3
642,0, 90, False, 3
643,0, 90, False, 3
644,0, 90, False, 3
645,0, 90, False, 3
646,0, 90, False, 3
647,0, 90, False, 3
648,0, 90, False, 3
649,0, 90, False, 3
650,0, 90, False, 0
651,0, 90, False, 0
652,0, 90, False, 0
653,0, 90, False, 0
654,0, 90, False, 0
655,0, 90, False, 1
656,0, 90, False, 1
657,0, 90, False, 0
658,0, 90, False, 0
659,0, 90, False, 0
660,0, 90, False, 0
661,0, 90, False, 0
662,0, 90, False, 0
663,0, 90, False, 0
664,0, 90, False, 0
665,0, 90, False, 1
666,0, 90, False, 1
667,0, 90, False, 0
668,0, 90, False, 0
669,0, 90, False, 0
670,0, 90, False, 0
671,0, 90, False, 0
672,0, 90, False, 1
673,0, 90, False, 1
674,0, 90, False, 1
675,0, 90, False, 1
676,0, 90, False, 1
677,0, 90, False, 0
678,0, 90, False, 0
679,0, 90, False, 0
680,0, 90, False, 0
681,0, 90, False, 1
682,0, 90, False, 1
683,5, 95, False, 1
684,0, 95, False, 1
685,0, 95, False, 1
686,0, 95, False, 1
687,0, 95, False, 1
688,0, 95, False, 1
689,0, 95, False, 3
690,0, 95, False, 3
691,0, 95, False, 3
692,0, 95, False, 3
693,0, 95, False, 3
694,0, 95, False, 3
695,0, 95, False, 3
696,0, 95, False, 3
697,0, 95, False, 3
698,0, 95, False, 3
699,0, 95, False, 3
700,0, 95, False, 3
701,0, 95, False, 3
702,0, 95, False, 3
703,0, 95, False, 3
704,0, 95, False, 0
705,0, 95, False, 0
706,0, 95, False, 0
707,0, 95, False, 0
708,0, 95, False, 0
709,0, 95, False, 0
710,0, 95, False, 0
711,0, 95, False, 0
712,0, 95, False, 0
713,0, 95, False, 0
714,0, 95, False, 0
715,0, 95, False, 0
716,0, 95, False, 4
717,10, 105, False, 4
718,0, 105, False, 4
719,0, 105, False, 4
720,0, 105, False, 4
721,0, 105, False, 4
722,0, 105, False, 4
723,0, 105, False, 4
724,0, 105, False, 0
725,0, 105, False, 0
726,0, 105, False, 0
727,0, 105, False, 0
728,0, 105, False, 0
729,0, 105, False, 0
730,0, 105, False, 0
731,0, 105, False, 1
732,0, 105, False, 1
733,0, 105, False, 1
734,0, 105, False, 1
735,0, 105, False, 1
736,0, 105, False, 0
737,0, 105, False, 0
738,0, 105, False, 0
739,0, 105, False, 0
740,0, 105, False, 0
741,0, 105, False, 0
742,0, 105, False, 0
743,0, 105, False, 1
744,0, 105, False, 1
745,0, 105, False, 1
746,0, 105, False, 0
747,0, 105, False, 0
748,0, 105, False, 0
749,0, 105, False, 0
750,0, 105, False, 0
751,0, 105, False, 0
752,0, 105, False, 0
753,0, 105, False, 1
754,0, 105, False, 1
755,0, 105, False, 1
756,0, 105, False, 0
757,0, 105, False, 0
758,0, 105, False, 0
759,0, 105, False, 0
760,0, 105, False, 0
761,0, 105, False, 3
762,0, 105, False, 3
763,0, 105, False, 3
764,0, 105, False, 3
765,0, 105, False, 0
766,0, 105, False, 0
767,0, 105, False, 0
768,0, 105, False, 0
769,0, 105, False, 0
770,0, 105, False, 0
771,0, 105, False, 0
772,0, 105, False, 0
773,0, 105, False, 0
774,0, 105, False, 0
775,0, 105, False, 0
776,0, 105, False, 0
777,0, 105, False, 0
778,0, 105, False, 0
779,0, 105, False, 0
780,0, 105, False, 0
781,0, 105, False, 1
782,0, 105, False, 1
783,0, 105, False, 1
784,0, 105, False, 1
785,0, 105, False, 1
786,0, 105, False, 0
787,0, 105, False, 0
788,0, 105, False, 0
789,0, 105, False, 0
790,0, 105, False, 0
791,0, 105, False, 0
792,0, 105, False, 0
793,0, 105, False, 0
794,0, 105, False, 0
795,0, 105, False, 0
796,0, 105, False, 1
797,0, 105, False, 1
798,0, 105, False, 1
799,0, 105, False, 1
800,0, 105, False, 1
801,0, 105, False, 0
802,0, 105, False, 0
803,0, 105, False, 0
804,0, 105, False, 0
805,30, 135, False, 0
806,0, 135, False, 0
807,0, 135, False, 0
808,0, 135, False, 1
809,0, 135, False, 1
810,0, 135, False, 1
811,0, 135, False, 1
812,0, 135, False, 1
813,0, 135, False, 0
814,0, 135, False, 0
815,0, 135, False, 0
816,0, 135, False, 0
817,0, 135, False, 0
818,0, 135, False, 0
819,0, 135, False, 0
820,0, 135, False, 0
821,0, 135, False, 0
822,0, 135, False, 0
823,0, 135, False, 0
824,0, 135, False, 0
825,0, 135, False, 0
826,0, 135, False, 0
827,0, 135, False, 0
828,0, 135, False, 0
829,0, 135, False, 0
830,0, 135, False, 0
831,0, 135, False, 0
832,0, 135, False, 4
833,0, 135, False, 4
834,0, 135, False, 4
835,0, 135, False, 4
836,0, 135, False, 4
837,0, 135, False, 0
838,0, 135, False, 0
839,0, 135, False, 0
840,0, 135, False, 0
841,0, 135, False, 0
842,0, 135, False, 0
843,0, 135, False, 0
844,0, 135, False, 0
845,0, 135, False, 0
846,0, 135, False, 0
847,0, 135, False, 0
848,0, 135, False, 0
849,0, 135, False, 0
850,0, 135, False, 0
851,0, 135, False, 0
852,0, 135, False, 0
853,0, 135, False, 0
854,0, 135, False, 0
855,0, 135, False, 0
856,0, 135, False, 0
857,0, 135, False, 0
858,0, 135, False, 1
859,0, 135, False, 1
860,0, 135, False, 1
861,0, 135, False, 1
862,0, 135, False, 1
863,0, 135, False, 0
864,0, 135, False, 0
865,0, 135, False, 0
866,0, 135, False, 0
867,0, 135, False, 0
868,0, 135, False, 1
869,25, 160, False, 1
870,0, 160, False, 1
871,0, 160, False, 1
872,0, 160, False, 1
873,0, 160, False, 0
874,0, 160, False, 0
875,0, 160, False, 0
876,0, 160, False, 0
877,0, 160, False, 1
878,0, 160, False, 1
879,0, 160, False, 1
880,0, 160, False, 0
881,0, 160, False, 0
882,0, 160, False, 0
883,0, 160, False, 0
884,0, 160, False, 0
885,0, 160, False, 0
886,0, 160, False, 0
887,0, 160, False, 1
888,0, 160, False, 1
889,0, 160, False, 0
890,0, 160, False, 0
891,0, 160, False, 0
892,0, 160, False, 0
893,0, 160, False, 0
894,0, 160, False, 1
895,0, 160, False, 1
896,0, 160, False, 1
897,0, 160, False, 0
898,0, 160, False, 0
899,0, 160, False, 1
900,0, 160, False, 1
901,0, 160, False, 1
902,0, 160, False, 1
903,0, 160, False, 1
904,0, 160, False, 0
905,0, 160, False, 0
906,0, 160, False, 0
907,0, 160, False, 0
908,0, 160, False, 0
909,0, 160, False, 0
910,0, 160, False, 0
911,0, 160, False, 0
912,0, 160, False, 4
913,15, 175, False, 4
914,0, 175, False, 4
915,0, 175, False, 4
916,0, 175, False, 4
917,0, 175, False, 4
918,0, 175, False, 4
919,0, 175, False, 4
920,0, 175, False, 4
921,0, 175, False, 4
922,0, 175, False, 4
923,0, 175, False, 4
924,0, 175, False, 4
925,0, 175, False, 4
926,0, 175, False, 4
927,0, 175, False, 4
928,0, 175, False, 4
929,0, 175, False, 4
930,0, 175, False, 4
931,0, 175, False, 0
932,0, 175, False, 0
933,0, 175, False, 0
934,0, 175, False, 0
935,0, 175, False, 0
936,0, 175, False, 0
937,0, 175, False, 0
938,0, 175, False, 0
939,0, 175, False, 0
940,0, 175, False, 0
941,0, 175, False, 0
942,0, 175, False, 0
943,0, 175, False, 0
944,0, 175, False, 0
945,0, 175, False, 0
946,0, 175, False, 0
947,0, 175, False, 0
948,0, 175, False, 0
949,0, 175, False, 0
950,0, 175, False, 0
951,0, 175, False, 0
952,0, 175, False, 0
953,0, 175, False, 0
954,0, 175, False, 0
955,0, 175, False, 0
956,0, 175, False, 0
957,0, 175, False, 0
958,0, 175, False, 0
959,0, 175, False, 0
960,0, 175, False, 0
961,0, 175, False, 0
962,0, 175, False, 0
963,0, 175, False, 0
964,0, 175, False, 0
965,0, 175, False, 0
966,0, 175, False, 0
967,0, 175, False, 0
968,0, 175, False, 3
969,0, 175, False, 3
970,0, 175, False, 3
971,0, 175, False, 3
972,0, 175, False, 3
973,0, 175, False, 3
974,0, 175, False, 3
975,0, 175, False, 3
976,0, 175, False, 3
977,0, 175, False, 3
978,0, 175, False, 3
979,0, 175, False, 3
980,0, 175, False, 0
981,0, 175, False, 0
982,0, 175, False, 0
983,0, 175, False, 0
984,0, 175, False, 0
985,0, 175, False, 0
986,0, 175, False, 0
987,0, 175, False, 0
988,0, 175, False, 4
989,0, 175, False, 4
990,0, 175, False, 4
991,0, 175, False, 4
992,0, 175, False, 4
993,0, 175, False, 4
994,0, 175, False, 4
995,0, 175, False, 4
996,0, 175, False, 4
997,0, 175, False, 4
998,0, 175, False, 4
999,0, 175, False, 4
1000,0, 175, False, 4
1001,0, 175, False, 4
1002,0, 175, False, 4
1003,0, 175, False, 4
1004,0, 175, False, 4
1005,0, 175, False, 4
1006,0, 175, False, 4
1007,0, 175, False, 4
1008,0, 175, False, 4
1009,0, 175, False, 4
1010,0, 175, False, 4
1011,0, 175, False, 0
1012,0, 175, False, 0
1013,0, 175, False, 0
1014,0, 175, False, 0
1015,0, 175, False, 0
1016,0, 175, False, 0
1017,0, 175, False, 0
1018,0, 175, False, 0
1019,0, 175, False, 4
1020,0, 175, False, 4
1021,0, 175, False, 4
1022,0, 175, False, 4
1023,0, 175, False, 4
1024,0, 175, False, 0
1025,0, 175, False, 0
1026,0, 175, False, 0
1027,0, 175, False, 0
1028,0, 175, False, 0
1029,0, 175, False, 0
1030,0, 175, False, 0
1031,0, 175, False, 0
1032,0, 175, False, 0
1033,0, 175, False, 1
1034,0, 175, False, 1
1035,0, 175, False, 1
1036,0, 175, False, 1
1037,0, 175, False, 0
1038,0, 175, False, 0
1039,0, 175, False, 0
1040,0, 175, False, 0
1041,0, 175, False, 0
1042,0, 175, False, 0
1043,0, 175, False, 1
1044,0, 175, False, 1
1045,0, 175, False, 0
1046,0, 175, False, 0
1047,0, 175, False, 0
1048,0, 175, False, 0
1049,0, 175, False, 0
1050,0, 175, False, 0
1051,0, 175, False, 0
1052,0, 175, False, 1
1053,0, 175, False, 1
1054,0, 175, False, 1
1055,0, 175, False, 0
1056,0, 175, False, 0
1057,0, 175, False, 0
1058,0, 175, False, 0
1059,0, 175, False, 0
1060,0, 175, False, 1
1061,0, 175, False, 1
1062,0, 175, False, 0
1063,0, 175, False, 0
1064,0, 175, False, 0
1065,0, 175, False, 0
1066,0, 175, False, 0
1067,0, 175, False, 1
1068,0, 175, False, 1
1069,0, 175, False, 1
1070,0, 175, False, 1
1071,0, 175, False, 1
1072,0, 175, False, 0
1073,15, 190, False, 0
1074,0, 190, False, 0
1075,0, 190, False, 0
1076,0, 190, False, 1
1077,0, 190, False, 1
1078,0, 190, False, 1
1079,0, 190, False, 0
1080,0, 190, False, 0
1081,0, 190, False, 0
1082,0, 190, False, 0
1083,0, 190, False, 0
1084,0, 190, False, 1
1085,0, 190, False, 1
1086,0, 190, False, 1
1087,0, 190, False, 1
1088,0, 190, False, 1
1089,0, 190, False, 0
1090,0, 190, False, 0
1091,0, 190, False, 1
1092,0, 190, False, 1
1093,0, 190, False, 1
1094,0, 190, False, 0
1095,0, 190, False, 0
1096,0, 190, False, 0
1097,0, 190, False, 0
1098,0, 190, False, 1
1099,0, 190, False, 1
1100,0, 190, False, 1
1101,0, 190, False, 1
1102,0, 190, False, 1
1103,0, 190, False, 0
1104,0, 190, False, 0
1105,0, 190, False, 1
1106,0, 190, False, 1
1107,0, 190, False, 1
1108,0, 190, False, 1
1109,0, 190, False, 1
1110,0, 190, False, 1
1111,0, 190, False, 0
1112,0, 190, False, 0
1113,0, 190, False, 4
1114,0, 190, False, 4
1115,0, 190, False, 4
1116,0, 190, False, 4
1117,0, 190, False, 4
1118,0, 190, False, 4
1119,0, 190, False, 4
1120,0, 190, False, 4
1121,0, 190, False, 4
1122,0, 190, False, 4
1123,20, 210, False, 4
1124,0, 210, False, 4
1125,0, 210, False, 4
1126,0, 210, False, 4
1127,0, 210, False, 4
1128,0, 210, False, 4
1129,0, 210, False, 4
1130,0, 210, False, 4
1131,0, 210, False, 4
1132,0, 210, False, 4
1133,0, 210, False, 4
1134,0, 210, False, 4
1135,0, 210, False, 4
1136,0, 210, False, 4
1137,0, 210, False, 4
1138,0, 210, False, 4
1139,0, 210, False, 4
1140,0, 210, False, 4
1141,0, 210, False, 4
1142,0, 210, False, 4
1143,0, 210, False, 4
1144,0, 210, False, 4
1145,0, 210, False, 4
1146,0, 210, False, 4
1147,0, 210, False, 4
1148,0, 210, False, 4
1149,0, 210, False, 4
1150,0, 210, False, 4
1151,0, 210, False, 4
1152,0, 210, False, 4
1153,0, 210, False, 4
1154,0, 210, False, 4
1155,0, 210, False, 4
1156,0, 210, False, 4
1157,0, 210, False, 4
1158,0, 210, False, 4
1159,0, 210, False, 0
1160,0, 210, False, 0
1161,0, 210, False, 0
1162,0, 210, False, 0
1163,0, 210, False, 0
1164,0, 210, False, 0
1165,0, 210, False, 0
1166,0, 210, False, 0
1167,0, 210, False, 0
1168,0, 210, False, 0
1169,0, 210, False, 0
1170,0, 210, False, 0
1171,0, 210, False, 0
1172,0, 210, False, 0
1173,0, 210, False, 0
1174,0, 210, False, 3
1175,0, 210, False, 3
1176,0, 210, False, 3
1177,0, 210, False, 3
1178,0, 210, False, 3
1179,0, 210, False, 3
1180,0, 210, False, 3
1181,0, 210, False, 3
1182,0, 210, False, 3
1183,0, 210, False, 3
1184,0, 210, False, 3
1185,0, 210, False, 3
1186,0, 210, False, 3
1187,0, 210, False, 3
1188,0, 210, False, 0
1189,0, 210, False, 0
1190,0, 210, False, 0
1191,0, 210, False, 0
1192,0, 210, False, 0
1193,0, 210, False, 0
1194,0, 210, False, 0
1195,0, 210, False, 0
1196,0, 210, False, 0
1197,0, 210, False, 0
1198,0, 210, False, 0
1199,0, 210, False, 0
1200,0, 210, False, 0
1201,0, 210, False, 0
1202,0, 210, False, 0
1203,0, 210, False, 0
1204,0, 210, False, 0
1205,0, 210, False, 0
1206,0, 210, False, 0
1207,0, 210, False, 0
1208,0, 210, False, 4
1209,0, 210, False, 4
1210,0, 210, False, 4
1211,0, 210, False, 4
1212,0, 210, False, 4
1213,0, 210, False, 4
1214,0, 210, False, 4
1215,0, 210, False, 4
1216,0, 210, False, 4
1217,0, 210, False, 4
1218,0, 210, False, 4
1219,0, 210, False, 4
1220,0, 210, False, 4
1221,0, 210, False, 4
1222,0, 210, False, 4
1223,0, 210, False, 4
1224,0, 210, False, 4
1225,0, 210, False, 4
1226,0, 210, False, 4
1227,0, 210, False, 0
1228,0, 210, False, 0
1229,0, 210, False, 1
1230,0, 210, False, 1
1231,0, 210, False, 1
1232,0, 210, False, 1
1233,0, 210, False, 1
1234,0, 210, False, 0
1235,0, 210, False, 0
1236,0, 210, False, 0
1237,0, 210, False, 0
1238,0, 210, False, 0
1239,0, 210, False, 0
1240,0, 210, False, 0
1241,0, 210, False, 0
1242,0, 210, False, 0
1243,0, 210, False, 0
1244,0, 210, False, 0
1245,0, 210, False, 0
1246,0, 210, False, 0
1247,0, 210, False, 0
1248,0, 210, False, 0
1249,0, 210, False, 0
1250,0, 210, False, 0
1251,0, 210, False, 0
1252,0, 210, False, 0
1253,0, 210, False, 0
1254,0, 210, False, 0
1255,0, 210, False, 0
1256,0, 210, False, 0
1257,0, 210, False, 0
1258,0, 210, False, 0
1259,0, 210, False, 0
1260,0, 210, False, 0
1261,0, 210, False, 0
1262,0, 210, False, 0
1263,0, 210, False, 0
1264,0, 210, False, 0
1265,0, 210, False, 0
1266,0, 210, False, 0
1267,0, 210, False, 0
1268,0, 210, False, 0
1269,0, 210, False, 0
1270,0, 210, False, 0
1271,0, 210, False, 0
1272,0, 210, False, 0
1273,0, 210, False, 0
1274,0, 210, False, 0
1275,0, 210, False, 0
1276,0, 210, False, 0
1277,0, 210, False, 0
1278,0, 210, False, 0
1279,0, 210, False, 0
1280,0, 210, False, 3
1281,0, 210, False, 3
1282,0, 210, False, 3
1283,0, 210, False, 3
1284,0, 210, False, 3
1285,0, 210, False, 3
1286,0, 210, False, 3
1287,0, 210, False, 3
1288,0, 210, False, 3
1289,0, 210, False, 3
1290,0, 210, False, 3
1291,0, 210, False, 3
1292,0, 210, False, 3
1293,0, 210, False, 3
1294,0, 210, False, 3
1295,30, 240, False, 3
1296,0, 240, False, 3
1297,0, 240, False, 3
1298,0, 240, False, 3
1299,0, 240, False, 3
1300,0, 240, False, 3
1301,0, 240, False, 3
1302,0, 240, False, 3
1303,0, 240, False, 0
1304,0, 240, False, 0
1305,0, 240, False, 0
1306,0, 240, False, 0
1307,0, 240, False, 0
1308,0, 240, False, 0
1309,0, 240, False, 0
1310,0, 240, False, 0
1311,0, 240, False, 0
1312,0, 240, False, 0
1313,0, 240, False, 0
1314,0, 240, False, 0
1315,0, 240, False, 0
1316,0, 240, False, 0
1317,0, 240, False, 0
1318,0, 240, False, 3
1319,0, 240, False, 3
1320,0, 240, False, 3
1321,0, 240, False, 3
1322,0, 240, False, 0
1323,0, 240, False, 0
1324,0, 240, False, 0
1325,0, 240, False, 0
1326,0, 240, False, 0
1327,0, 240, False, 0
1328,0, 240, False, 0
1329,0, 240, False, 0
1330,0, 240, False, 0
1331,0, 240, False, 1
1332,0, 240, False, 1
1333,0, 240, False, 1
1334,0, 240, False, 1
1335,0, 240, False, 1
1336,0, 240, False, 0
1337,0, 240, False, 0
1338,0, 240, False, 0
1339,0, 240, False, 0
1340,0, 240, False, 0
1341,0, 240, False, 0
1342,0, 240, False, 0
1343,0, 240, False, 0
1344,0, 240, False, 0
1345,0, 240, False, 0
1346,0, 240, False, 1
1347,0, 240, False, 1
1348,0, 240, False, 0
1349,0, 240, False, 0
1350,0, 240, False, 0
1351,0, 240, False, 0
1352,0, 240, False, 0
1353,0, 240, False, 0
1354,0, 240, False, 0
1355,0, 240, False, 1
1356,0, 240, False, 1
1357,0, 240, False, 1
1358,0, 240, False, 1
1359,0, 240, False, 1
1360,0, 240, False, 0
1361,0, 240, False, 0
1362,0, 240, False, 0
1363,0, 240, False, 0
1364,0, 240, False, 0
1365,0, 240, False, 0
1366,0, 240, False, 0
1367,0, 240, False, 1
1368,0, 240, False, 1
1369,0, 240, False, 1
1370,0, 240, False, 1
1371,0, 240, False, 1
1372,0, 240, False, 0
1373,0, 240, False, 0
1374,0, 240, False, 0
1375,0, 240, False, 3
1376,0, 240, False, 3
1377,0, 240, False, 3
1378,0, 240, False, 3
1379,0, 240, False, 3
1380,0, 240, False, 3
1381,0, 240, False, 3
1382,0, 240, False, 3
1383,0, 240, False, 3
1384,0, 240, False, 3
1385,0, 240, False, 3
1386,0, 240, False, 3
1387,0, 240, False, 3
1388,0, 240, False, 3
1389,25, 265, False, 3
1390,0, 265, False, 3
1391,0, 265, False, 3
1392,0, 265, False, 3
1393,0, 265, False, 3
1394,0, 265, False, 3
1395,0, 265, False, 3
1396,0, 265, False, 3
1397,0, 265, False, 3
1398,0, 265, False, 3
1399,0, 265, False, 3
1400,0, 265, False, 3
1401,0, 265, False, 3
1402,0, 265, False, 3
1403,0, 265, False, 3
1404,0, 265, False, 3
1405,0, 265, False, 3
1406,0, 265, False, 3
1407,0, 265, False, 3
1408,0, 265, False, 3
1409,0, 265, False, 3
1410,0, 265, False, 0
1411,0, 265, False, 0
1412,0, 265, False, 0
1413,0, 265, False, 0
1414,0, 265, False, 0
1415,0, 265, False, 0
1416,0, 265, False, 0
1417,0, 265, False, 0
1418,0, 265, False, 0
1419,0, 265, False, 0
1420,0, 265, False, 0
1421,0, 265, False, 0
1422,0, 265, False, 1
1423,0, 265, False, 1
1424,0, 265, False, 1
1425,0, 265, False, 3
1426,0, 265, False, 3
1427,0, 265, False, 3
1428,0, 265, False, 3
1429,0, 265, False, 3
1430,0, 265, False, 0
1431,0, 265, False, 0
1432,0, 265, False, 0
1433,0, 265, False, 0
1434,0, 265, False, 0
1435,0, 265, False, 0
1436,0, 265, False, 0
1437,0, 265, False, 0
1438,0, 265, False, 0
1439,0, 265, False, 1
1440,0, 265, False, 1
1441,0, 265, False, 1
1442,0, 265, False, 0
1443,0, 265, False, 0
1444,0, 265, False, 0
1445,0, 265, False, 0
1446,0, 265, False, 0
1447,0, 265, False, 0
1448,0, 265, False, 0
1449,0, 265, False, 1
1450,0, 265, False, 1
1451,0, 265, False, 1
1452,0, 265, False, 1
1453,0, 265, False, 1
1454,0, 265, False, 0
1455,10, 275, False, 0
1456,0, 275, False, 0
1457,0, 275, False, 0
1458,0, 275, False, 0
1459,0, 275, False, 0
1460,0, 275, False, 0
1461,0, 275, False, 1
1462,0, 275, False, 1
1463,0, 275, False, 1
1464,0, 275, False, 0
1465,0, 275, False, 0
1466,0, 275, False, 0
1467,0, 275, False, 0
1468,0, 275, False, 0
1469,0, 275, False, 0
1470,0, 275, False, 0
1471,0, 275, False, 1
1472,0, 275, False, 1
1473,0, 275, False, 0
1474,0, 275, False, 0
1475,0, 275, False, 0
1476,0, 275, False, 0
1477,5, 280, False, 0
1478,0, 280, False, 0
1479,0, 280, False, 0
1480,0, 280, False, 1
1481,0, 280, False, 1
1482,0, 280, False, 1
1483,0, 280, False, 1
1484,0, 280, False, 1
1485,0, 280, False, 0
1486,0, 280, False, 0
1487,0, 280, False, 0
1488,0, 280, False, 0
1489,0, 280, False, 0
1490,0, 280, False, 0
1491,0, 280, False, 0
1492,0, 280, False, 1
1493,0, 280, False, 1
1494,0, 280, False, 1
1495,0, 280, False, 0
1496,0, 280, False, 0
1497,0, 280, False, 0
1498,0, 280, False, 0
1499,0, 280, False, 0
1500,0, 280, False, 3
1501,0, 280, False, 3
1502,0, 280, False, 3
1503,0, 280, False, 3
1504,0, 280, False, 3
1505,0, 280, False, 3
1506,0, 280, False, 3
1507,0, 280, False, 3
1508,0, 280, False, 3
1509,0, 280, False, 3
1510,0, 280, False, 3
1511,0, 280, False, 3
1512,0, 280, False, 3
1513,15, 295, False, 3
1514,0, 295, False, 3
1515,0, 295, False, 3
1516,0, 295, False, 3
1517,0, 295, False, 3
1518,0, 295, False, 3
1519,0, 295, False, 3
1520,0, 295, False, 3
1521,0, 295, False, 3
1522,0, 295, False, 3
1523,0, 295, False, 0
1524,0, 295, False, 0
1525,0, 295, False, 0
1526,0, 295, False, 0
1527,0, 295, False, 0
1528,0, 295, False, 0
1529,0, 295, False, 0
1530,0, 295, False, 0
1531,0, 295, False, 0
1532,0, 295, False, 0
1533,0, 295, False, 0
1534,0, 295, False, 0
1535,0, 295, False, 0
1536,0, 295, False, 0
1537,0, 295, False, 0
1538,0, 295, False, 0
1539,0, 295, False, 0
1540,0, 295, False, 0
1541,0, 295, False, 0
1542,0, 295, False, 0
1543,0, 295, False, 0
1544,0, 295, False, 0
1545,0, 295, False, 0
1546,0, 295, False, 0
1547,0, 295, False, 0
1548,0, 295, False, 0
1549,0, 295, False, 0
1550,0, 295, False, 0
1551,0, 295, False, 0
1552,0, 295, False, 0
1553,0, 295, False, 0
1554,0, 295, False, 0
1555,0, 295, False, 0
1556,0, 295, False, 0
1557,0, 295, False, 0
1558,0, 295, False, 0
1559,0, 295, False, 0
1560,0, 295, False, 0
1561,0, 295, False, 0
1562,0, 295, False, 0
1563,0, 295, False, 0
1564,0, 295, False, 0
1565,0, 295, False, 0
1566,0, 295, False, 0
1567,0, 295, False, 0
1568,0, 295, False, 0
1569,0, 295, False, 0
1570,0, 295, False, 0
1571,0, 295, False, 0
1572,0, 295, False, 0
1573,0, 295, False, 0
1574,0, 295, False, 0
1575,0, 295, False, 0
1576,0, 295, False, 0
1577,0, 295, False, 0
1578,0, 295, False, 0
1579,0, 295, False, 0
1580,0, 295, False, 0
1581,0, 295, False, 0
1582,0, 295, False, 0
1583,0, 295, False, 0
1584,0, 295, False, 0
1585,0, 295, False, 0
1586,0, 295, False, 0
1587,0, 295, False, 0
1588,0, 295, False, 0
1589,0, 295, False, 0
1590,0, 295, False, 0
1591,0, 295, False, 0
1592,0, 295, False, 0
1593,0, 295, False, 0
1594,0, 295, False, 0
1595,0, 295, False, 0
1596,0, 295, False, 0
1597,0, 295, False, 0
1598,0, 295, False, 0
1599,0, 295, False, 0
1600,0, 295, False, 0
1601,0, 295, False, 0
1602,0, 295, False, 0
1603,0, 295, False, 0
1604,0, 295, False, 0
1605,0, 295, False, 0
1606,0, 295, False, 0
1607,0, 295, False, 0
1608,0, 295, False, 0
1609,0, 295, False, 0
1610,0, 295, False, 0
1611,0, 295, False, 0
1612,0, 295, False, 0
1613,0, 295, False, 0
1614,0, 295, False, 0
1615,0, 295, False, 0
1616,0, 295, False, 0
1617,0, 295, False, 0
1618,0, 295, False, 0
1619,0, 295, False, 0
1620,0, 295, False, 0
1621,0, 295, False, 0
1622,0, 295, False, 0
1623,0, 295, False, 0
1624,0, 295, False, 0
1625,0, 295, False, 0
1626,0, 295, False, 0
1627,0, 295, False, 0
1628,0, 295, False, 0
1629,0, 295, False, 0
1630,0, 295, False, 0
1631,0, 295, False, 0
1632,0, 295, False, 0
1633,0, 295, False, 0
1634,0, 295, False, 0
1635,0, 295, False, 0
1636,0, 295, False, 0
1637,0, 295, False, 0
1638,0, 295, False, 0
1639,0, 295, False, 0
1640,0, 295, False, 0
1641,0, 295, False, 0
1642,0, 295, False, 0
1643,0, 295, False, 0
1644,0, 295, False, 0
1645,0, 295, False, 0
1646,0, 295, False, 0
1647,0, 295, False, 0
1648,0, 295, False, 0
1649,0, 295, False, 0
1650,0, 295, False, 0
1651,0, 295, False, 0
1652,0, 295, False, 0
1653,0, 295, False, 0
1654,0, 295, False, 0
1655,0, 295, False, 0
1656,0, 295, False, 0
1657,0, 295, False, 0
1658,0, 295, False, 0
1659,0, 295, False, 0
1660,0, 295, False, 0
1661,0, 295, False, 0
1662,0, 295, False, 0
1663,0, 295, False, 0
1664,0, 295, False, 0
1665,0, 295, False, 0
1666,0, 295, False, 0
1667,0, 295, False, 0
1668,0, 295, False, 0
1669,0, 295, False, 0
1670,0, 295, False, 0
1671,0, 295, False, 3
1672,0, 295, False, 3
1673,0, 295, False, 3
1674,0, 295, False, 3
1675,0, 295, False, 3
1676,0, 295, False, 3
1677,0, 295, False, 3
1678,0, 295, False, 3
1679,0, 295, False, 3
1680,0, 295, False, 3
1681,0, 295, False, 3
1682,0, 295, False, 3
1683,0, 295, False, 3
1684,0, 295, False, 3
1685,0, 295, False, 3
1686,0, 295, False, 3
1687,0, 295, False, 3
1688,0, 295, False, 3
1689,0, 295, False, 3
1690,0, 295, False, 3
1691,0, 295, False, 3
1692,0, 295, False, 0
1693,0, 295, False, 0
1694,0, 295, False, 0
1695,0, 295, False, 0
1696,0, 295, False, 0
1697,0, 295, False, 0
1698,0, 295, False, 0
1699,0, 295, False, 0
1700,0, 295, False, 0
1701,0, 295, False, 0
1702,0, 295, False, 0
1703,0, 295, False, 0
1704,0, 295, False, 0
1705,0, 295, False, 0
1706,0, 295, False, 0
1707,0, 295, False, 0
1708,0, 295, False, 0
1709,0, 295, False, 0
1710,0, 295, False, 0
1711,0, 295, False, 0
1712,0, 295, False, 0
1713,0, 295, False, 0
1714,0, 295, False, 3
1715,0, 295, False, 3
1716,0, 295, False, 3
1717,0, 295, False, 3
1718,0, 295, False, 3
1719,0, 295, False, 3
1720,0, 295, False, 3
1721,0, 295, False, 3
1722,0, 295, False, 3
1723,0, 295, False, 3
1724,0, 295, False, 3
1725,0, 295, False, 3
1726,0, 295, False, 3
1727,0, 295, False, 3
1728,0, 295, False, 3
1729,0, 295, False, 3
1730,0, 295, False, 0
1731,0, 295, False, 0
1732,0, 295, False, 0
1733,0, 295, False, 0
1734,0, 295, False, 0
1735,0, 295, False, 0
1736,0, 295, False, 4
1737,0, 295, False, 4
1738,0, 295, False, 4
1739,0, 295, False, 4
1740,0, 295, False, 4
1741,0, 295, False, 4
1742,0, 295, False, 4
1743,0, 295, False, 4
1744,0, 295, False, 4
1745,0, 295, False, 4
1746,0, 295, False, 4
1747,0, 295, False, 4
1748,0, 295, False, 4
1749,0, 295, False, 4
1750,0, 295, False, 4
1751,0, 295, False, 4
1752,0, 295, False, 4
1753,0, 295, False, 4
1754,0, 295, False, 4
1755,0, 295, False, 4
1756,0, 295, False, 4
1757,0, 295, False, 0
1758,0, 295, False, 0
1759,0, 295, False, 0
1760,0, 295, False, 0
1761,0, 295, False, 0
1762,0, 295, False, 0
1763,0, 295, False, 0
1764,0, 295, False, 1
1765,0, 295, False, 1
1766,0, 295, False, 1
1767,0, 295, False, 0
1768,0, 295, False, 0
1769,0, 295, False, 0
1770,0, 295, False, 0
1771,0, 295, False, 0
1772,0, 295, False, 0
1773,0, 295, False, 0
1774,0, 295, False, 1
1775,0, 295, False, 1
1776,0, 295, False, 0
1777,0, 295, False, 0
1778,0, 295, False, 0
1779,5, 300, False, 0
1780,0, 300, False, 0
1781,0, 300, False, 0
1782,0, 300, False, 1
1783,0, 300, False, 1
1784,0, 300, False, 1
1785,0, 300, False, 1
1786,0, 300, False, 1
1787,0, 300, False, 0
1788,0, 300, False, 0
1789,0, 300, False, 0
1790,0, 300, False, 0
1791,0, 300, False, 0
1792,0, 300, False, 1
1793,0, 300, False, 1
1794,0, 300, False, 0
1795,0, 300, False, 0
1796,0, 300, False, 0
1797,0, 300, False, 0
1798,0, 300, False, 0
1799,0, 300, False, 0
1800,0, 300, False, 0
1801,0, 300, False, 0
1802,0, 300, False, 0
1803,0, 300, False, 0
1804,0, 300, False, 0
1805,10, 310, False, 0
1806,0, 310, False, 1
1807,0, 310, False, 1
1808,0, 310, False, 1
1809,0, 310, False, 0
1810,0, 310, False, 0
1811,0, 310, False, 0
1812,0, 310, False, 0
1813,0, 310, False, 1
1814,0, 310, False, 1
1815,0, 310, False, 1
1816,0, 310, False, 0
1817,0, 310, False, 0
1818,0, 310, False, 0
1819,0, 310, False, 0
1820,0, 310, False, 0
1821,0, 310, False, 0
1822,0, 310, False, 0
1823,0, 310, False, 0
1824,0, 310, False, 0
1825,0, 310, False, 0
1826,0, 310, False, 0
1827,0, 310, False, 0
1828,0, 310, False, 0
1829,0, 310, False, 0
1830,0, 310, False, 0
1831,0, 310, False, 0
1832,0, 310, False, 0
1833,0, 310, False, 0
1834,0, 310, False, 0
1835,0, 310, False, 0
1836,0, 310, False, 0
1837,0, 310, False, 0
1838,0, 310, False, 0
1839,15, 325, False, 0
1840,0, 325, False, 1
1841,0, 325, False, 1
1842,0, 325, False, 1
1843,0, 325, False, 1
1844,0, 325, False, 1
1845,0, 325, False, 0
1846,0, 325, False, 0
1847,0, 325, False, 0
1848,0, 325, False, 0
1849,0, 325, False, 1
1850,0, 325, False, 1
1851,0, 325, False, 1
1852,0, 325, False, 1
1853,0, 325, False, 1
1854,0, 325, False, 0
1855,0, 325, False, 0
1856,0, 325, False, 0
1857,0, 325, False, 0
1858,0, 325, False, 0
1859,0, 325, False, 0
1860,0, 325, False, 0
1861,0, 325, False, 1
1862,0, 325, False, 1
1863,0, 325, False, 1
1864,0, 325, False, 1
1865,0, 325, False, 1
1866,0, 325, False, 0
1867,0, 325, False, 0
1868,0, 325, False, 0
1869,0, 325, False, 0
1870,0, 325, False, 0
1871,0, 325, False, 1
1872,0, 325, False, 1
1873,0, 325, False, 1
1874,0, 325, False, 1
1875,0, 325, False, 1
1876,0, 325, False, 1
1877,0, 325, False, 1
1878,0, 325, False, 0
1879,0, 325, False, 0
1880,0, 325, False, 0
1881,0, 325, False, 0
1882,0, 325, False, 0
1883,0, 325, False, 3
1884,0, 325, False, 3
1885,0, 325, False, 3
1886,0, 325, False, 3
1887,0, 325, False, 3
1888,0, 325, False, 3
1889,0, 325, False, 3
1890,0, 325, False, 3
1891,0, 325, False, 3
1892,0, 325, False, 3
1893,0, 325, False, 3
1894,0, 325, False, 3
1895,0, 325, False, 3
1896,0, 325, False, 3
1897,0, 325, False, 3
1898,0, 325, False, 3
1899,0, 325, False, 3
1900,0, 325, False, 3
1901,0, 325, False, 3
1902,0, 325, False, 3
1903,0, 325, False, 3
1904,0, 325, False, 3
1905,0, 325, False, 3
1906,0, 325, False, 3
1907,0, 325, False, 3
1908,0, 325, False, 3
1909,0, 325, False, 3
1910,0, 325, False, 3
1911,0, 325, False, 3
1912,0, 325, False, 3
1913,0, 325, False, 3
1914,0, 325, False, 3
1915,0, 325, False, 3
1916,0, 325, False, 3
1917,0, 325, False, 0
1918,0, 325, False, 0
1919,0, 325, False, 1
1920,0, 325, False, 1
1921,0, 325, False, 1
1922,0, 325, False, 0
1923,0, 325, False, 0
1924,0, 325, False, 0
1925,0, 325, False, 0
1926,0, 325, False, 0
1927,0, 325, False, 0
1928,0, 325, False, 0
1929,0, 325, False, 1
1930,0, 325, False, 1
1931,0, 325, False, 1
1932,0, 325, False, 1
1933,0, 325, False, 1
1934,0, 325, False, 0
1935,0, 325, False, 0
1936,0, 325, False, 0
1937,0, 325, False, 0
1938,0, 325, False, 1
1939,0, 325, False, 1
1940,0, 325, False, 1
1941,0, 325, False, 1
1942,0, 325, False, 1
1943,0, 325, False, 0
1944,0, 325, False, 0
1945,0, 325, False, 0
1946,0, 325, False, 0
1947,0, 325, False, 0
1948,0, 325, False, 1
1949,0, 325, False, 1
1950,0, 325, False, 1
1951,0, 325, False, 1
1952,0, 325, False, 1
1953,0, 325, False, 0
1954,0, 325, False, 0
1955,0, 325, False, 0
1956,0, 325, False, 0
1957,0, 325, False, 0
1958,0, 325, False, 1
1959,0, 325, False, 1
1960,0, 325, False, 1
1961,0, 325, False, 1
1962,0, 325, False, 1
1963,0, 325, False, 1
1964,0, 325, False, 1
1965,0, 325, False, 0
1966,0, 325, False, 0
1967,20, 345, False, 0
1968,0, 345, False, 0
1969,0, 345, False, 0
1970,0, 345, False, 1
1971,0, 345, False, 1
1972,0, 345, False, 1
1973,0, 345, False, 1
1974,0, 345, False, 1
1975,0, 345, False, 1
1976,0, 345, False, 0
1977,0, 345, False, 0
1978,0, 345, False, 0
1979,0, 345, False, 0
1980,0, 345, False, 1
1981,0, 345, False, 1
1982,0, 345, False, 1
1983,0, 345, False, 1
1984,0, 345, False, 1
1985,0, 345, False, 1
1986,0, 345, False, 0
1987,0, 345, False, 0
1988,0, 345, False, 0
1989,0, 345, False, 0
1990,0, 345, False, 1
1991,0, 345, False, 1
1992,0, 345, False, 1
1993,0, 345, False, 1
1994,0, 345, False, 1
1995,0, 345, False, 0
1996,0, 345, False, 0
1997,0, 345, False, 0
1998,0, 345, False, 3
1999,0, 345, False, 3
2000,0, 345, False, 3
2001,0, 345, False, 3
2002,0, 345, False, 3
2003,0, 345, False, 3
2004,0, 345, False, 3
2005,0, 345, False, 3
2006,0, 345, False, 3
2007,0, 345, False, 3
2008,0, 345, False, 3
2009,0, 345, False, 3
2010,0, 345, False, 3
2011,0, 345, False, 3
2012,0, 345, False, 3
2013,0, 345, False, 3
2014,0, 345, False, 3
2015,0, 345, False, 3
2016,0, 345, False, 3
2017,0, 345, False, 3
2018,0, 345, False, 3
2019,0, 345, False, 3
2020,0, 345, False, 3
2021,0, 345, False, 3
2022,0, 345, False, 3
2023,0, 345, False, 3
2024,0, 345, False, 3
2025,0, 345, False, 3
2026,0, 345, False, 3
2027,0, 345, False, 3
2028,0, 345, False, 3
2029,0, 345, False, 3
2030,0, 345, False, 3
2031,0, 345, False, 3
2032,0, 345, False, 3
2033,0, 345, False, 3
2034,0, 345, False, 3
2035,0, 345, False, 3
2036,0, 345, False, 3
2037,0, 345, False, 3
2038,0, 345, False, 3
2039,0, 345, False, 3
2040,0, 345, False, 3
2041,0, 345, False, 3
2042,0, 345, False, 3
2043,0, 345, False, 3
2044,0, 345, False, 3
2045,0, 345, False, 3
2046,0, 345, False, 3
2047,0, 345, False, 3
2048,0, 345, False, 3
2049,0, 345, False, 3
2050,0, 345, False, 3
2051,0, 345, False, 3
2052,0, 345, False, 3
2053,0, 345, False, 3
2054,0, 345, False, 3
2055,0, 345, False, 3
2056,0, 345, False, 3
2057,0, 345, False, 3
2058,0, 345, False, 3
2059,0, 345, False, 3
2060,0, 345, False, 3
2061,0, 345, False, 3
2062,0, 345, False, 3
2063,0, 345, False, 3
2064,0, 345, False, 3
2065,0, 345, False, 3
2066,0, 345, False, 3
2067,0, 345, False, 3
2068,0, 345, False, 3
2069,0, 345, False, 3
2070,0, 345, False, 3
2071,0, 345, False, 3
2072,0, 345, False, 3
2073,0, 345, False, 3
2074,0, 345, False, 3
2075,0, 345, False, 3
2076,0, 345, False, 3
2077,0, 345, False, 3
2078,0, 345, False, 3
2079,0, 345, False, 3
2080,0, 345, False, 3
2081,0, 345, False, 3
2082,0, 345, False, 3
2083,0, 345, False, 3
2084,0, 345, False, 3
2085,0, 345, False, 3
2086,0, 345, False, 3
2087,0, 345, False, 3
2088,0, 345, False, 3
2089,0, 345, False, 3
2090,0, 345, False, 3
2091,0, 345, False, 3
2092,0, 345, False, 3
2093,0, 345, False, 3
2094,0, 345, False, 3
2095,0, 345, False, 3
2096,0, 345, False, 3
2097,0, 345, False, 3
2098,0, 345, False, 3
2099,0, 345, False, 3
2100,0, 345, False, 3
2101,0, 345, False, 3
2102,0, 345, False, 3
2103,0, 345, False, 3
2104,0, 345, False, 3
2105,0, 345, False, 3
2106,0, 345, False, 3
2107,0, 345, False, 3
2108,0, 345, False, 3
2109,0, 345, False, 3
2110,0, 345, False, 3
2111,0, 345, False, 3
2112,0, 345, False, 3
2113,0, 345, False, 3
2114,0, 345, False, 3
2115,0, 345, False, 3
2116,0, 345, False, 3
2117,0, 345, False, 0
2118,0, 345, False, 0
2119,0, 345, False, 0
2120,0, 345, False, 0
2121,0, 345, False, 1
2122,0, 345, False, 1
2123,0, 345, False, 1
2124,0, 345, False, 0
2125,0, 345, False, 0
2126,0, 345, False, 0
2127,0, 345, False, 0
2128,0, 345, False, 0
2129,0, 345, False, 1
2130,0, 345, False, 1
2131,0, 345, False, 0
2132,0, 345, False, 0
2133,5, 350, False, 0
2134,0, 350, False, 0
2135,0, 350, False, 0
2136,0, 350, False, 0
2137,0, 350, False, 0
2138,0, 350, False, 1
2139,0, 350, False, 1
2140,0, 350, False, 1
2141,0, 350, False, 0
2142,0, 350, False, 0
2143,0, 350, False, 0
2144,0, 350, False, 0
2145,0, 350, False, 0
2146,0, 350, False, 1
2147,0, 350, False, 1
2148,0, 350, False, 0
2149,0, 350, False, 0
2150,0, 350, False, 0
2151,0, 350, False, 0
2152,0, 350, False, 0
2153,0, 350, False, 1
2154,0, 350, False, 1
2155,0, 350, False, 1
2156,0, 350, False, 4
2157,0, 350, False, 4
2158,0, 350, False, 4
2159,10, 360, False, 4
2160,0, 360, False, 4
2161,0, 360, False, 4
2162,0, 360, False, 4
2163,0, 360, False, 12
2164,0, 360, False, 12
2165,0, 360, False, 12
2166,0, 360, False, 12
2167,0, 360, False, 4
2168,0, 360, False, 4
2169,0, 360, False, 4
2170,0, 360, False, 4
2171,0, 360, False, 4
2172,0, 360, False, 4
2173,0, 360, False, 4
2174,0, 360, False, 4
2175,0, 360, False, 4
2176,0, 360, False, 4
2177,0, 360, False, 0
2178,0, 360, False, 0
2179,0, 360, False, 0
2180,0, 360, False, 0
2181,0, 360, False, 0
2182,0, 360, False, 0
2183,0, 360, False, 0
2184,0, 360, False, 0
2185,0, 360, False, 0
2186,0, 360, False, 1
2187,0, 360, False, 1
2188,0, 360, False, 1
2189,0, 360, False, 1
2190,0, 360, False, 1
2191,0, 360, False, 0
2192,0, 360, False, 0
2193,15, 375, False, 0
2194,0, 375, False, 0
2195,0, 375, False, 0
2196,0, 375, False, 0
2197,0, 375, False, 0
2198,0, 375, False, 1
2199,0, 375, False, 1
2200,0, 375, False, 0
2201,0, 375, False, 0
2202,0, 375, False, 0
2203,0, 375, False, 0
2204,0, 375, False, 0
2205,0, 375, False, 0
2206,0, 375, False, 0
2207,0, 375, False, 1
2208,0, 375, False, 1
2209,0, 375, False, 1
2210,0, 375, False, 0
2211,0, 375, False, 0
2212,0, 375, False, 0
2213,0, 375, False, 0
2214,0, 375, False, 0
2215,0, 375, False, 0
2216,0, 375, False, 0
2217,0, 375, False, 1
2218,0, 375, False, 1
2219,0, 375, False, 1
2220,0, 375, False, 1
2221,0, 375, False, 1
2222,0, 375, False, 0
2223,0, 375, False, 0
2224,0, 375, False, 0
2225,0, 375, False, 0
2226,0, 375, False, 0
2227,0, 375, False, 1
2228,0, 375, False, 1
2229,0, 375, False, 1
2230,0, 375, False, 0
2231,0, 375, False, 0
2232,0, 375, False, 0
2233,0, 375, False, 0
2234,0, 375, False, 0
2235,20, 395, False, 1
2236,0, 395, False, 1
2237,0, 395, False, 1
2238,0, 395, False, 1
2239,0, 395, False, 1
2240,0, 395, False, 0
2241,0, 395, False, 0
2242,0, 395, False, 1
2243,0, 395, False, 1
2244,0, 395, False, 1
2245,0, 395, False, 1
2246,0, 395, False, 1
2247,0, 395, False, 0
2248,0, 395, False, 0
2249,0, 395, False, 0
2250,0, 395, False, 1
2251,0, 395, False, 1
2252,0, 395, False, 1
2253,0, 395, False, 1
2254,0, 395, False, 1
2255,0, 395, False, 0
2256,0, 395, False, 0
2257,0, 395, False, 4
2258,0, 395, False, 4
2259,0, 395, False, 4
2260,0, 395, False, 4
2261,0, 395, False, 4
2262,0, 395, False, 4
2263,0, 395, False, 4
2264,0, 395, False, 4
2265,0, 395, False, 4
2266,0, 395, False, 4
2267,0, 395, False, 4
2268,0, 395, False, 4
2269,0, 395, False, 4
2270,0, 395, False, 4
2271,0, 395, False, 4
2272,0, 395, False, 12
2273,0, 395, False, 12
2274,0, 395, False, 4
2275,0, 395, False, 4
2276,0, 395, False, 4
2277,0, 395, False, 4
2278,0, 395, False, 4
2279,25, 420, False, 4
2280,0, 420, False, 4
2281,0, 420, False, 12
2282,0, 420, False, 12
2283,0, 420, False, 12
2284,0, 420, False, 12
2285,0, 420, False, 12
2286,0, 420, False, 4
2287,0, 420, False, 4
2288,0, 420, False, 4
2289,0, 420, False, 4
2290,0, 420, False, 4
2291,0, 420, False, 4
2292,0, 420, False, 4
2293,0, 420, False, 12
2294,0, 420, False, 1
2295,0, 420, False, 1
2296,0, 420, False, 0
2297,0, 420, False, 0
2298,0, 420, False, 0
2299,0, 420, False, 0
2300,0, 420, False, 0
2301,0, 420, False, 0
2302,0, 420, False, 0
2303,0, 420, False, 0
2304,0, 420, False, 0
2305,0, 420, False, 1
2306,0, 420, False, 11
2307,0, 420, False, 11
2308,0, 420, False, 11
2309,0, 420, False, 11
2310,0, 420, False, 11
2311,0, 420, False, 3
2312,0, 420, False, 3
2313,0, 420, False, 3
2314,0, 420, False, 3
2315,0, 420, False, 3
2316,0, 420, False, 3
2317,0, 420, False, 3
2318,0, 420, False, 3
2319,0, 420, False, 3
2320,0, 420, False, 3
2321,0, 420, False, 3
2322,0, 420, False, 3
2323,0, 420, False, 11
2324,0, 420, False, 11
2325,0, 420, False, 11
2326,0, 420, False, 11
2327,0, 420, False, 3
2328,0, 420, False, 3
2329,0, 420, False, 3
2330,0, 420, False, 3
2331,0, 420, False, 3
2332,0, 420, False, 3
2333,0, 420, False, 3
2334,0, 420, False, 3
2335,0, 420, False, 3
2336,0, 420, False, 3
2337,0, 420, False, 11
2338,0, 420, False, 11
2339,0, 420, False, 11
2340,0, 420, False, 11
2341,0, 420, False, 11
2342,0, 420, False, 3
2343,0, 420, False, 3
2344,0, 420, False, 3
2345,0, 420, False, 3
2346,0, 420, False, 3
2347,0, 420, False, 3
2348,0, 420, False, 3
2349,0, 420, False, 1
2350,0, 420, False, 1
2351,0, 420, False, 1
2352,0, 420, False, 1
2353,0, 420, False, 0
2354,0, 420, False, 0
2355,0, 420, False, 0
2356,0, 420, False, 0
2357,0, 420, False, 0
2358,0, 420, False, 0
2359,0, 420, False, 1
2360,0, 420, False, 1
2361,0, 420, False, 1
2362,0, 420, False, 1
2363,0, 420, False, 1
2364,0, 420, False, 0
2365,0, 420, False, 0
2366,0, 420, False, 0
2367,0, 420, False, 0
2368,0, 420, False, 1
2369,0, 420, False, 1
2370,0, 420, False, 1
2371,0, 420, False, 1
2372,0, 420, False, 1
2373,0, 420, False, 0
2374,0, 420, False, 0
2375,0, 420, False, 0
2376,0, 420, False, 0
2377,0, 420, False, 0
2378,0, 420, False, 1
2379,0, 420, False, 1
2380,0, 420, False, 1
2381,0, 420, False, 1
2382,0, 420, False, 1
2383,0, 420, False, 0
2384,0, 420, False, 0
2385,0, 420, False, 0
2386,0, 420, False, 0
2387,0, 420, False, 1
2388,0, 420, False, 1
2389,0, 420, False, 1
2390,0, 420, False, 0
2391,0, 420, False, 0
2392,0, 420, False, 0
2393,0, 420, False, 0
2394,0, 420, False, 0
2395,0, 420, False, 1
2396,0, 420, False, 1
2397,0, 420, False, 0
2398,0, 420, False, 0
2399,20, 440, False, 0
2400,0, 440, False, 0
2401,0, 440, False, 1
2402,0, 440, False, 1
2403,0, 440, False, 1
2404,0, 440, False, 0
2405,0, 440, False, 0
2406,0, 440, False, 0
2407,0, 440, False, 0
2408,0, 440, False, 1
2409,0, 440, False, 1
2410,0, 440, False, 1
2411,0, 440, False, 0
2412,0, 440, False, 0
2413,0, 440, False, 0
2414,0, 440, False, 0
2415,0, 440, False, 0
2416,0, 440, False, 0
2417,0, 440, False, 0
2418,0, 440, False, 1
2419,0, 440, False, 1
2420,0, 440, False, 1
2421,0, 440, False, 1
2422,0, 440, False, 1
2423,0, 440, False, 1
2424,0, 440, False, 1
2425,0, 440, False, 0
2426,0, 440, False, 0
2427,0, 440, False, 0
2428,0, 440, False, 0
2429,0, 440, False, 0
2430,0, 440, False, 1
2431,0, 440, False, 1
2432,0, 440, False, 1
2433,0, 440, False, 1
2434,0, 440, False, 1
2435,0, 440, False, 0
2436,0, 440, False, 0
2437,0, 440, False, 0
2438,0, 440, False, 4
2439,0, 440, False, 4
2440,0, 440, False, 4
2441,0, 440, False, 4
2442,0, 440, False, 4
2443,0, 440, False, 4
2444,0, 440, False, 4
2445,0, 440, False, 4
2446,0, 440, False, 4
2447,0, 440, False, 4
2448,0, 440, False, 4
2449,0, 440, False, 4
2450,0, 440, False, 0
2451,0, 440, False, 0
2452,0, 440, False, 1
2453,0, 440, False, 1
2454,0, 440, False, 1
2455,0, 440, False, 1
2456,0, 440, False, 1
2457,0, 440, False, 0
2458,0, 440, False, 0
2459,0, 440, False, 0
2460,0, 440, False, 0
2461,0, 440, False, 0
2462,0, 440, False, 0
2463,0, 440, False, 0
2464,0, 440, False, 1
2465,0, 440, False, 1
2466,0, 440, False, 1
2467,0, 440, False, 1
2468,0, 440, False, 1
2469,0, 440, False, 0
2470,0, 440, False, 0
2471,0, 440, False, 0
2472,0, 440, False, 0
2473,0, 440, False, 0
2474,0, 440, False, 0
2475,0, 440, False, 1
2476,0, 440, False, 1
2477,0, 440, False, 1
2478,0, 440, False, 1
2479,0, 440, False, 1
2480,0, 440, False, 0
2481,0, 440, False, 0
2482,0, 440, False, 0
2483,0, 440, False, 0
2484,0, 440, False, 1
2485,0, 440, False, 1
2486,0, 440, False, 1
2487,0, 440, False, 1
2488,0, 440, False, 1
2489,0, 440, False, 0
2490,0, 440, False, 0
2491,0, 440, False, 0
2492,0, 440, False, 0
2493,0, 440, False, 0
2494,0, 440, False, 0
2495,0, 440, False, 3
2496,0, 440, False, 3
2497,0, 440, False, 3
2498,0, 440, False, 3
2499,0, 440, False, 3
2500,0, 440, False, 3
2501,0, 440, False, 3
2502,0, 440, False, 0
2503,0, 440, False, 0
2504,0, 440, False, 0
2505,0, 440, False, 0
2506,0, 440, False, 1
2507,0, 440, False, 1
2508,0, 440, False, 1
2509,0, 440, False, 1
2510,0, 440, False, 1
2511,0, 440, False, 0
2512,0, 440, False, 0
2513,0, 440, False, 0
2514,0, 440, False, 0
2515,0, 440, False, 0
2516,0, 440, False, 0
2517,0, 440, False, 0
2518,0, 440, False, 1
2519,0, 440, False, 1
2520,0, 440, False, 1
2521,0, 440, False, 0
2522,0, 440, False, 0
2523,0, 440, False, 0
2524,0, 440, False, 0
2525,0, 440, False, 0
2526,0, 440, False, 0
2527,0, 440, False, 0
2528,0, 440, False, 0
2529,0, 440, False, 0
2530,0, 440, False, 1
2531,0, 440, False, 1
2532,0, 440, False, 1
2533,0, 440, False, 1
2534,0, 440, False, 1
2535,0, 440, False, 0
2536,0, 440, False, 0
2537,0, 440, False, 0
2538,0, 440, False, 0
2539,0, 440, False, 0
2540,0, 440, False, 0
2541,0, 440, False, 0
2542,0, 440, False, 0
2543,0, 440, False, 3
2544,0, 440, False, 3
2545,0, 440, False, 3
2546,0, 440, False, 3
2547,0, 440, False, 3
2548,0, 440, False, 0
2549,0, 440, False, 0
2550,0, 440, False, 1
2551,0, 440, False, 1
2552,0, 440, False, 1
2553,0, 440, False, 0
2554,0, 440, False, 0
2555,0, 440, False, 0
2556,0, 440, False, 0
2557,0, 440, False, 0
2558,0, 440, False, 0
2559,0, 440, False, 0
2560,0, 440, False, 1
2561,0, 440, False, 1
2562,0, 440, False, 1
2563,0, 440, False, 12
2564,0, 440, False, 12
2565,0, 440, False, 4
2566,0, 440, False, 4
2567,0, 440, False, 4
2568,0, 440, False, 4
2569,0, 440, False, 4
2570,0, 440, False, 4
2571,0, 440, False, 4
2572,0, 440, False, 4
2573,0, 440, False, 4
2574,0, 440, False, 4
2575,0, 440, False, 0
2576,0, 440, False, 0
2577,0, 440, False, 1
2578,0, 440, False, 1
2579,0, 440, False, 1
2580,0, 440, False, 0
2581,0, 440, False, 0
2582,0, 440, False, 0
2583,0, 440, False, 0
2584,0, 440, False, 0
2585,0, 440, False, 0
2586,0, 440, False, 0
2587,0, 440, False, 0
2588,0, 440, False, 0
2589,0, 440, False, 0
2590,0, 440, False, 0
2591,0, 440, False, 0
2592,0, 440, False, 0
2593,0, 440, False, 0
2594,0, 440, False, 0
2595,0, 440, False, 0
2596,0, 440, False, 0
2597,0, 440, False, 0
2598,0, 440, False, 0
2599,0, 440, False, 0
2600,0, 440, False, 0
2601,0, 440, False, 0
2602,0, 440, False, 0
2603,0, 440, False, 0
2604,0, 440, False, 0
2605,0, 440, False, 0
2606,0, 440, False, 0
2607,0, 440, False, 0
2608,0, 440, False, 0
2609,0, 440, False, 0
2610,0, 440, False, 0
2611,0, 440, False, 0
2612,0, 440, False, 0
2613,0, 440, False, 0
2614,0, 440, False, 0
2615,0, 440, False, 0
2616,0, 440, False, 4
2617,0, 440, False, 4
2618,0, 440, False, 4
2619,0, 440, False, 4
2620,0, 440, False, 4
2621,0, 440, False, 4
2622,0, 440, False, 4
2623,0, 440, False, 4
2624,0, 440, False, 4
2625,0, 440, False, 4
2626,0, 440, False, 4
2627,0, 440, False, 4
2628,0, 440, False, 4
2629,0, 440, False, 4
2630,0, 440, False, 4
2631,0, 440, False, 4
2632,0, 440, False, 4
2633,0, 440, False, 4
2634,0, 440, False, 4
2635,0, 440, False, 4
2636,0, 440, False, 4
2637,0, 440, False, 4
2638,0, 440, False, 4
2639,0, 440, False, 4
2640,0, 440, False, 4
2641,0, 440, False, 4
2642,0, 440, False, 4
2643,0, 440, False, 4
2644,0, 440, False, 4
2645,0, 440, False, 4
2646,0, 440, False, 4
2647,0, 440, False, 4
2648,0, 440, False, 4
2649,0, 440, False, 4
2650,0, 440, False, 4
2651,0, 440, False, 4
2652,0, 440, False, 4
2653,0, 440, False, 4
2654,0, 440, False, 4
2655,0, 440, False, 4
2656,0, 440, False, 12
2657,0, 440, False, 12
2658,0, 440, False, 0
2659,0, 440, False, 0
2660,0, 440, False, 0
2661,0, 440, False, 0
2662,0, 440, False, 0
2663,0, 440, False, 0
2664,0, 440, False, 0
2665,0, 440, False, 1
2666,0, 440, False, 1
2667,0, 440, False, 1
2668,0, 440, False, 0
2669,0, 440, False, 0
2670,0, 440, False, 0
2671,0, 440, False, 0
2672,0, 440, False, 0
2673,0, 440, False, 0
2674,0, 440, False, 0
2675,0, 440, False, 1
2676,0, 440, False, 1
2677,0, 440, False, 1
2678,0, 440, False, 1
2679,0, 440, False, 1
2680,0, 440, False, 0
2681,0, 440, False, 0
2682,0, 440, False, 0
2683,0, 440, False, 0
2684,0, 440, False, 0
2685,0, 440, False, 0
2686,0, 440, False, 0
2687,20, 460, False, 1
2688,0, 460, False, 1
2689,0, 460, False, 1
2690,0, 460, False, 1
2691,0, 460, False, 1
2692,0, 460, False, 0
2693,0, 460, False, 0
2694,0, 460, False, 0
2695,0, 460, False, 0
2696,0, 460, False, 1
2697,0, 460, False, 1
2698,0, 460, False, 1
2699,0, 460, False, 1
2700,0, 460, False, 1
2701,0, 460, False, 0
2702,0, 460, False, 0
2703,0, 460, False, 0
2704,0, 460, False, 0
2705,0, 460, False, 0
2706,0, 460, False, 1
2707,0, 460, False, 1
2708,0, 460, False, 1
2709,0, 460, False, 1
2710,0, 460, False, 1
2711,0, 460, False, 0
2712,0, 460, False, 0
2713,0, 460, False, 0
2714,0, 460, False, 0
2715,0, 460, False, 0
2716,0, 460, False, 1
2717,0, 460, False, 1
2718,0, 460, False, 1
2719,0, 460, False, 1
2720,0, 460, False, 1
2721,0, 460, False, 1
2722,0, 460, False, 1
2723,0, 460, False, 0
2724,0, 460, False, 0
2725,0, 460, False, 0
2726,0, 460, False, 0
2727,0, 460, False, 0
2728,0, 460, False, 0
2729,0, 460, False, 0
2730,0, 460, False, 1
2731,0, 460, False, 1
2732,0, 460, False, 1
2733,0, 460, False, 1
2734,0, 460, False, 1
2735,0, 460, False, 0
2736,0, 460, False, 0
2737,0, 460, False, 0
2738,0, 460, False, 0
2739,0, 460, False, 0
2740,0, 460, False, 0
2741,0, 460, False, 0
2742,0, 460, False, 1
2743,0, 460, False, 1
2744,0, 460, False, 1
2745,0, 460, False, 1
2746,0, 460, False, 1
2747,0, 460, False, 0
2748,0, 460, False, 0
2749,0, 460, False, 0
2750,0, 460, False, 0
2751,0, 460, False, 1
2752,0, 460, False, 1
2753,0, 460, False, 1
2754,0, 460, False, 1
2755,0, 460, False, 1
2756,0, 460, False, 1
2757,0, 460, False, 0
2758,0, 460, False, 0
2759,0, 460, False, 0
2760,0, 460, False, 0
2761,0, 460, False, 0
2762,0, 460, False, 0
2763,0, 460, False, 1
2764,0, 460, False, 11
2765,0, 460, False, 11
2766,0, 460, False, 11
2767,0, 460, False, 11
2768,0, 460, False, 11
2769,0, 460, False, 3
2770,0, 460, False, 3
2771,0, 460, False, 3
2772,0, 460, False, 3
2773,0, 460, False, 3
2774,0, 460, False, 3
2775,0, 460, False, 3
2776,0, 460, False, 3
2777,0, 460, False, 3
2778,0, 460, False, 3
2779,0, 460, False, 3
2780,0, 460, False, 3
2781,0, 460, False, 3
2782,0, 460, False, 3
2783,0, 460, False, 11
2784,0, 460, False, 11
2785,0, 460, False, 11
2786,0, 460, False, 0
2787,0, 460, False, 0
2788,0, 460, False, 0
2789,0, 460, False, 0
2790,0, 460, False, 0
2791,0, 460, False, 0
2792,0, 460, False, 0
2793,0, 460, False, 0
2794,0, 460, False, 0
2795,0, 460, False, 0
2796,0, 460, False, 0
2797,0, 460, False, 0
2798,0, 460, False, 1
2799,0, 460, False, 1
2800,0, 460, False, 1
2801,0, 460, False, 1
2802,0, 460, False, 1
2803,0, 460, False, 0
2804,0, 460, False, 0
2805,0, 460, False, 0
2806,0, 460, False, 0
2807,0, 460, False, 0
2808,0, 460, False, 0
2809,0, 460, False, 0
2810,0, 460, False, 0
2811,0, 460, False, 0
2812,0, 460, False, 0
2813,0, 460, False, 0
2814,0, 460, False, 0
2815,0, 460, False, 0
2816,0, 460, False, 0
2817,0, 460, False, 0
2818,0, 460, False, 0
2819,0, 460, False, 0
2820,0, 460, False, 0
2821,0, 460, False, 0
2822,0, 460, False, 4
2823,0, 460, False, 4
2824,0, 460, False, 4
2825,0, 460, False, 4
2826,0, 460, False, 4
2827,0, 460, False, 0
2828,0, 460, False, 0
2829,0, 460, False, 0
2830,0, 460, False, 0
2831,0, 460, False, 0
2832,0, 460, False, 0
2833,0, 460, False, 0
2834,0, 460, False, 0
2835,0, 460, False, 0
2836,0, 460, False, 0
2837,0, 460, False, 0
2838,0, 460, False, 0
2839,0, 460, False, 0
2840,0, 460, False, 0
2841,0, 460, False, 0
2842,0, 460, False, 0
2843,0, 460, False, 0
2844,0, 460, False, 0
2845,0, 460, False, 0
2846,0, 460, False, 0
2847,0, 460, False, 0
2848,0, 460, False, 0
2849,0, 460, False, 0
2850,0, 460, False, 0
2851,0, 460, False, 0
2852,0, 460, False, 0
2853,0, 460, False, 0
2854,0, 460, False, 0
2855,0, 460, False, 0
2856,0, 460, False, 0
2857,0, 460, False, 0
2858,0, 460, False, 0
2859,0, 460, False, 0
2860,0, 460, False, 0
2861,0, 460, False, 0
2862,0, 460, False, 0
2863,200, 660, False, 0
2864,0, 660, False, 0
2865,0, 660, False, 0
2866,0, 660, False, 0
2867,0, 660, False, 0
2868,0, 660, False, 0
2869,0, 660, False, 0
2870,0, 660, False, 0
2871,0, 660, False, 0
2872,0, 660, False, 0
2873,0, 660, False, 0
2874,0, 660, False, 0
2875,0, 660, False, 0
2876,0, 660, False, 0
2877,0, 660, False, 0
2878,0, 660, False, 0
2879,0, 660, False, 0
2880,0, 660, False, 0
2881,0, 660, False, 0
2882,0, 660, False, 3
2883,0, 660, False, 3
2884,0, 660, False, 3
2885,0, 660, False, 3
2886,0, 660, False, 3
2887,0, 660, False, 3
2888,0, 660, False, 3
2889,0, 660, False, 0
2890,0, 660, False, 0
2891,0, 660, False, 0
2892,0, 660, False, 0
2893,0, 660, False, 0
2894,0, 660, False, 0
2895,0, 660, False, 0
2896,0, 660, False, 0
2897,0, 660, False, 0
2898,0, 660, False, 1
2899,0, 660, False, 1
2900,0, 660, False, 1
2901,0, 660, False, 1
2902,0, 660, False, 1
2903,0, 660, False, 0
2904,0, 660, False, 0
2905,0, 660, False, 0
2906,0, 660, False, 0
2907,0, 660, False, 0
2908,0, 660, False, 1
2909,0, 660, False, 1
2910,0, 660, False, 1
2911,0, 660, False, 1
2912,0, 660, False, 1
2913,0, 660, False, 0
2914,0, 660, False, 0
2915,0, 660, False, 0
2916,0, 660, False, 0
2917,0, 660, False, 0
2918,0, 660, False, 1
2919,0, 660, False, 1
2920,0, 660, False, 0
2921,0, 660, False, 0
2922,0, 660, False, 0
2923,25, 685, False, 0
2924,0, 685, False, 0
2925,0, 685, False, 0
2926,0, 685, False, 0
2927,0, 685, False, 0
2928,0, 685, False, 0
2929,0, 685, False, 0
2930,0, 685, False, 0
2931,0, 685, False, 0
2932,0, 685, False, 1
2933,0, 685, False, 1
2934,0, 685, False, 1
2935,0, 685, False, 1
2936,0, 685, False, 1
2937,0, 685, False, 0
2938,0, 685, False, 0
2939,0, 685, False, 0
2940,0, 685, False, 0
2941,0, 685, False, 0
2942,0, 685, False, 1
2943,0, 685, False, 1
2944,0, 685, False, 1
2945,0, 685, False, 1
2946,0, 685, False, 1
2947,0, 685, False, 0
2948,0, 685, False, 0
2949,0, 685, False, 0
2950,0, 685, False, 0
2951,0, 685, False, 0
2952,0, 685, False, 0
2953,0, 685, False, 0
2954,0, 685, False, 0
2955,0, 685, False, 0
2956,0, 685, False, 0
2957,0, 685, False, 0
2958,0, 685, False, 1
2959,0, 685, False, 1
2960,0, 685, False, 1
2961,0, 685, False, 1
2962,0, 685, False, 1
2963,30, 715, False, 0
2964,0, 715, False, 0
2965,0, 715, False, 0
2966,0, 715, False, 0
2967,0, 715, False, 0
2968,0, 715, False, 0
2969,0, 715, False, 0
2970,0, 715, False, 0
2971,0, 715, False, 3
2972,0, 715, False, 3
2973,0, 715, False, 3
2974,0, 715, False, 3
2975,0, 715, False, 3
2976,0, 715, False, 3
2977,0, 715, False, 3
2978,0, 715, False, 3
2979,0, 715, False, 3
2980,0, 715, False, 3
2981,0, 715, False, 3
2982,0, 715, False, 3
2983,0, 715, False, 3
2984,0, 715, False, 3
2985,0, 715, False, 3
2986,0, 715, False, 3
2987,0, 715, False, 3
2988,0, 715, False, 3
2989,0, 715, False, 3
2990,0, 715, False, 3
2991,0, 715, False, 3
2992,0, 715, False, 3
2993,0, 715, False, 3
2994,0, 715, False, 3
2995,0, 715, False, 3
2996,0, 715, False, 3
2997,0, 715, False, 3
2998,0, 715, False, 3
2999,0, 715, False, 3
3000,0, 715, False, 3
3001,0, 715, False, 3
3002,0, 715, False, 3
3003,0, 715, False, 3
3004,0, 715, False, 3
3005,0, 715, False, 3
3006,0, 715, False, 3
3007,0, 715, False, 3
3008,0, 715, False, 3
3009,0, 715, False, 3
3010,0, 715, False, 3
3011,0, 715, False, 3
3012,0, 715, False, 3
3013,0, 715, False, 3
3014,0, 715, False, 3
3015,0, 715, False, 3
3016,0, 715, False, 3
3017,0, 715, False, 3
3018,0, 715, False, 3
3019,0, 715, False, 3
3020,0, 715, False, 3
3021,0, 715, False, 3
3022,0, 715, False, 3
3023,0, 715, False, 3
3024,0, 715, False, 3
3025,0, 715, False, 3
3026,0, 715, False, 3
3027,0, 715, False, 3
3028,0, 715, False, 3
3029,0, 715, False, 3
3030,0, 715, False, 0
3031,0, 715, False, 0
3032,0, 715, False, 4
3033,0, 715, False, 4
3034,0, 715, False, 4
3035,0, 715, False, 4
3036,0, 715, False, 4
3037,0, 715, False, 4
3038,0, 715, False, 4
3039,0, 715, False, 4
3040,0, 715, False, 4
3041,0, 715, False, 4
3042,0, 715, False, 4
3043,0, 715, False, 4
3044,0, 715, False, 4
3045,0, 715, False, 4
3046,0, 715, False, 4
3047,0, 715, False, 4
3048,0, 715, False, 4
3049,0, 715, False, 4
3050,0, 715, False, 4
3051,0, 715, False, 4
3052,0, 715, False, 4
3053,0, 715, False, 4
3054,0, 715, False, 4
3055,0, 715, False, 4
3056,0, 715, False, 4
3057,0, 715, False, 4
3058,0, 715, False, 4
3059,0, 715, False, 4
3060,0, 715, False, 4
3061,0, 715, False, 4
3062,0, 715, False, 4
3063,0, 715, False, 4
3064,0, 715, False, 4
3065,0, 715, False, 4
3066,0, 715, False, 4
3067,0, 715, False, 4
3068,0, 715, False, 4
3069,0, 715, False, 4
3070,0, 715, False, 4
3071,0, 715, False, 4
3072,0, 715, False, 4
3073,0, 715, False, 4
3074,0, 715, False, 4
3075,0, 715, False, 4
3076,0, 715, False, 4
3077,0, 715, False, 4
3078,0, 715, False, 4
3079,0, 715, False, 4
3080,0, 715, False, 4
3081,0, 715, False, 4
3082,0, 715, False, 4
3083,0, 715, False, 4
3084,0, 715, False, 4
3085,0, 715, False, 4
3086,0, 715, False, 4
3087,0, 715, False, 4
3088,0, 715, False, 4
3089,0, 715, False, 4
3090,0, 715, False, 4
3091,0, 715, False, 4
3092,0, 715, False, 4
3093,0, 715, False, 4
3094,0, 715, False, 4
3095,0, 715, False, 4
3096,0, 715, False, 4
3097,0, 715, False, 4
3098,0, 715, False, 4
3099,0, 715, False, 4
3100,0, 715, False, 4
3101,0, 715, False, 4
3102,0, 715, False, 4
3103,0, 715, False, 4
3104,0, 715, False, 4
3105,0, 715, False, 4
3106,0, 715, False, 4
3107,0, 715, False, 4
3108,0, 715, False, 4
3109,0, 715, False, 4
3110,0, 715, False, 4
3111,0, 715, False, 4
3112,0, 715, False, 4
3113,0, 715, False, 4
3114,0, 715, False, 4
3115,0, 715, False, 4
3116,0, 715, False, 4
3117,0, 715, False, 4
3118,0, 715, False, 4
3119,0, 715, False, 4
3120,0, 715, False, 4
3121,0, 715, False, 4
3122,0, 715, False, 4
3123,0, 715, False, 4
3124,0, 715, False, 4
3125,0, 715, False, 4
3126,0, 715, False, 4
3127,0, 715, False, 4
3128,0, 715, False, 4
3129,0, 715, False, 4
3130,0, 715, False, 4
3131,0, 715, False, 4
3132,0, 715, False, 4
3133,0, 715, False, 4
3134,0, 715, False, 4
3135,0, 715, False, 4
3136,0, 715, False, 4
3137,0, 715, False, 4
3138,0, 715, False, 4
3139,0, 715, False, 4
3140,0, 715, False, 4
3141,0, 715, False, 4
3142,0, 715, False, 4
3143,0, 715, False, 4
3144,0, 715, False, 4
3145,0, 715, False, 4
3146,0, 715, False, 4
3147,0, 715, False, 4
3148,0, 715, False, 4
3149,0, 715, False, 4
3150,0, 715, False, 4
3151,0, 715, False, 4
3152,0, 715, False, 4
3153,0, 715, False, 4
3154,0, 715, False, 4
3155,0, 715, False, 4
3156,0, 715, False, 4
3157,0, 715, False, 4
3158,0, 715, False, 4
3159,0, 715, False, 12
3160,0, 715, False, 12
3161,0, 715, False, 12
3162,0, 715, False, 12
3163,0, 715, False, 12
3164,0, 715, False, 4
3165,0, 715, False, 4
3166,0, 715, False, 4
3167,0, 715, False, 4
3168,0, 715, False, 4
3169,0, 715, False, 4
3170,0, 715, False, 4
3171,0, 715, False, 4
3172,0, 715, False, 4
3173,0, 715, False, 0
3174,0, 715, False, 0
3175,0, 715, False, 0
3176,0, 715, False, 0
3177,0, 715, False, 0
3178,0, 715, False, 0
3179,0, 715, False, 0
3180,0, 715, False, 0
3181,0, 715, False, 0
3182,0, 715, False, 0
3183,0, 715, False, 0
3184,0, 715, False, 0
3185,30, 745, False, 0
3186,0, 745, False, 0
3187,0, 745, False, 0
3188,0, 745, False, 3
3189,0, 745, False, 3
3190,0, 745, False, 3
3191,0, 745, False, 3
3192,0, 745, False, 3
3193,0, 745, False, 3
3194,0, 745, False, 3
3195,0, 745, False, 3
3196,0, 745, False, 3
3197,0, 745, False, 3
3198,0, 745, False, 3
3199,0, 745, False, 3
3200,0, 745, False, 3
3201,0, 745, False, 3
3202,0, 745, False, 3
3203,0, 745, False, 3
3204,0, 745, False, 3
3205,0, 745, False, 3
3206,0, 745, False, 3
3207,0, 745, False, 3
3208,0, 745, False, 3
3209,0, 745, False, 3
3210,0, 745, False, 3
3211,0, 745, False, 3
3212,0, 745, False, 3
3213,0, 745, False, 3
3214,0, 745, False, 3
3215,0, 745, False, 3
3216,0, 745, False, 3
3217,0, 745, False, 3
3218,0, 745, False, 3
3219,0, 745, False, 0
3220,0, 745, False, 0
3221,0, 745, False, 0
3222,0, 745, False, 4
3223,0, 745, False, 4
3224,0, 745, False, 4
3225,0, 745, False, 4
3226,0, 745, False, 4
3227,0, 745, False, 0
3228,0, 745, False, 0
3229,0, 745, False, 0
3230,0, 745, False, 0
3231,0, 745, False, 0
3232,0, 745, False, 0
3233,0, 745, False, 0
3234,0, 745, False, 0
3235,0, 745, False, 0
3236,0, 745, False, 3
3237,0, 745, False, 3
3238,0, 745, False, 3
3239,0, 745, False, 3
3240,0, 745, False, 3
3241,0, 745, False, 3
3242,0, 745, False, 3
3243,0, 745, False, 3
3244,0, 745, False, 3
3245,0, 745, False, 3
3246,0, 745, False, 3
3247,0, 745, False, 3
3248,0, 745, False, 3
3249,0, 745, False, 3
3250,0, 745, False, 3
3251,0, 745, False, 3
3252,0, 745, False, 3
3253,0, 745, False, 0
3254,0, 745, False, 0
3255,0, 745, False, 0
3256,0, 745, False, 0
3257,0, 745, False, 0
3258,0, 745, False, 0
3259,0, 745, False, 0
3260,0, 745, False, 0
3261,0, 745, False, 0
3262,0, 745, False, 0
3263,0, 745, False, 0
3264,0, 745, False, 0
3265,0, 745, False, 0
3266,0, 745, False, 0
3267,0, 745, False, 0
3268,0, 745, False, 0
3269,0, 745, False, 0
3270,0, 745, False, 0
3271,0, 745, False, 0
3272,0, 745, False, 0
3273,0, 745, False, 0
3274,0, 745, False, 0
3275,0, 745, False, 0
3276,0, 745, False, 0
3277,0, 745, False, 0
3278,0, 745, False, 0
3279,0, 745, False, 0
3280,0, 745, False, 0
3281,0, 745, False, 0
3282,0, 745, False, 0
3283,0, 745, False, 0
3284,0, 745, False, 0
3285,0, 745, False, 0
3286,0, 745, False, 0
3287,0, 745, False, 0
3288,0, 745, False, 0
3289,0, 745, False, 0
3290,0, 745, False, 0
3291,0, 745, False, 0
3292,0, 745, False, 0
3293,0, 745, False, 0
3294,0, 745, False, 0
3295,0, 745, False, 0
3296,0, 745, False, 0
3297,0, 745, False, 0
3298,0, 745, False, 0
3299,0, 745, False, 0
3300,0, 745, False, 0
3301,0, 745, False, 0
3302,0, 745, False, 0
3303,0, 745, False, 0
3304,0, 745, False, 0
3305,0, 745, False, 0
3306,0, 745, False, 0
3307,0, 745, False, 0
3308,0, 745, False, 0
3309,0, 745, False, 0
3310,0, 745, False, 0
3311,0, 745, False, 0
3312,0, 745, False, 0
3313,0, 745, False, 0
3314,0, 745, False, 0
3315,0, 745, False, 0
3316,0, 745, False, 0
3317,0, 745, False, 0
3318,0, 745, False, 0
3319,0, 745, False, 0
3320,0, 745, False, 0
3321,0, 745, False, 0
3322,0, 745, False, 0
3323,0, 745, False, 0
3324,0, 745, False, 0
3325,0, 745, False, 0
3326,0, 745, False, 0
3327,0, 745, False, 0
3328,0, 745, False, 0
3329,0, 745, False, 0
3330,0, 745, False, 0
3331,0, 745, False, 0
3332,0, 745, False, 0
3333,0, 745, False, 0
3334,0, 745, False, 0
3335,0, 745, False, 0
3336,0, 745, False, 0
3337,0, 745, False, 0
3338,0, 745, False, 0
3339,0, 745, False, 0
3340,0, 745, False, 0
3341,0, 745, False, 0
3342,0, 745, False, 0
3343,0, 745, False, 0
3344,0, 745, False, 0
3345,0, 745, False, 0
3346,0, 745, False, 0
3347,0, 745, False, 0
3348,0, 745, False, 0
3349,0, 745, False, 0
3350,0, 745, False, 0
3351,0, 745, False, 0
3352,0, 745, False, 0
3353,0, 745, False, 0
3354,0, 745, False, 0
3355,0, 745, False, 0
3356,0, 745, False, 0
3357,0, 745, False, 0
3358,0, 745, False, 0
3359,0, 745, False, 0
3360,0, 745, False, 0
3361,0, 745, False, 0
3362,0, 745, False, 0
3363,0, 745, False, 0
3364,0, 745, False, 0
3365,0, 745, False, 0
3366,0, 745, False, 0
3367,0, 745, False, 0
3368,0, 745, False, 0
3369,0, 745, False, 0
3370,0, 745, False, 0
3371,0, 745, False, 0
3372,0, 745, False, 0
3373,0, 745, False, 0
3374,0, 745, False, 0
3375,0, 745, False, 0
3376,0, 745, False, 0
3377,0, 745, False, 0
3378,0, 745, False, 0
3379,0, 745, False, 0
3380,0, 745, False, 0
3381,0, 745, False, 0
3382,0, 745, False, 0
3383,0, 745, False, 0
3384,0, 745, False, 0
3385,0, 745, False, 0
3386,0, 745, False, 0
3387,0, 745, False, 0
3388,0, 745, False, 0
3389,0, 745, False, 0
3390,0, 745, False, 0
3391,0, 745, False, 0
3392,0, 745, False, 0
3393,0, 745, False, 0
3394,0, 745, False, 0
3395,0, 745, False, 0
3396,0, 745, False, 0
3397,0, 745, False, 0
3398,0, 745, False, 0
3399,0, 745, False, 0
3400,0, 745, False, 0
3401,0, 745, False, 0
3402,0, 745, False, 0
3403,0, 745, False, 0
3404,0, 745, False, 0
3405,0, 745, False, 3
3406,0, 745, False, 3
3407,0, 745, False, 3
3408,0, 745, False, 3
3409,0, 745, False, 3
3410,0, 745, False, 3
3411,0, 745, False, 3
3412,0, 745, False, 3
3413,0, 745, False, 3
3414,0, 745, False, 3
3415,0, 745, False, 3
3416,0, 745, False, 3
3417,0, 745, False, 0
3418,0, 745, False, 0
3419,0, 745, False, 0
3420,0, 745, False, 0
3421,0, 745, False, 0
3422,0, 745, False, 0
3423,0, 745, False, 0
3424,0, 745, False, 0
3425,0, 745, False, 0
3426,0, 745, False, 0
3427,0, 745, False, 0
3428,0, 745, False, 0
3429,0, 745, False, 0
3430,0, 745, False, 0
3431,0, 745, False, 0
3432,0, 745, False, 0
3433,0, 745, False, 0
3434,0, 745, False, 0
3435,0, 745, False, 0
3436,0, 745, False, 0
3437,0, 745, False, 0
3438,0, 745, False, 0
3439,0, 745, False, 0
3440,0, 745, False, 0
3441,0, 745, False, 0
3442,0, 745, False, 0
3443,0, 745, False, 0
3444,0, 745, False, 0
3445,0, 745, False, 0
3446,0, 745, False, 0
3447,0, 745, False, 0
3448,0, 745, False, 0
3449,0, 745, False, 3
3450,0, 745, False, 3
3451,0, 745, False, 3
3452,0, 745, False, 3
3453,0, 745, False, 3
3454,0, 745, False, 3
3455,0, 745, False, 3
3456,0, 745, False, 3
3457,0, 745, False, 3
3458,0, 745, False, 3
3459,0, 745, False, 3
3460,0, 745, False, 3
3461,0, 745, False, 0
3462,0, 745, False, 0
3463,0, 745, False, 0
3464,0, 745, False, 0
3465,0, 745, False, 0
3466,0, 745, False, 0
3467,0, 745, False, 0
3468,0, 745, False, 0
3469,0, 745, False, 0
3470,0, 745, False, 1
3471,0, 745, False, 1
3472,0, 745, False, 1
3473,0, 745, False, 1
3474,0, 745, False, 1
3475,0, 745, False, 0
3476,0, 745, False, 0
3477,0, 745, False, 0
3478,0, 745, False, 0
3479,0, 745, False, 0
3480,0, 745, False, 0
3481,0, 745, False, 4
3482,0, 745, False, 4
3483,0, 745, False, 4
3484,0, 745, False, 4
3485,0, 745, False, 4
3486,0, 745, False, 4
3487,0, 745, False, 4
3488,0, 745, False, 4
3489,0, 745, False, 4
3490,0, 745, False, 4
3491,0, 745, False, 4
3492,0, 745, False, 4
3493,0, 745, False, 4
3494,0, 745, False, 4
3495,0, 745, False, 0
3496,0, 745, False, 0
3497,0, 745, False, 0
3498,0, 745, False, 0
3499,0, 745, False, 0
3500,0, 745, False, 0
3501,0, 745, False, 0
3502,0, 745, False, 0
3503,0, 745, False, 0
3504,0, 745, False, 0
3505,0, 745, False, 1
3506,0, 745, False, 1
3507,0, 745, True, 1
