db traj id : 3395
frame,reward,score,terminal, action
0,0, 0, False, 0
1,0, 0, False, 0
2,0, 0, False, 0
3,0, 0, False, 0
4,0, 0, False, 0
5,0, 0, False, 0
6,0, 0, False, 0
7,0, 0, False, 0
8,0, 0, False, 0
9,0, 0, False, 0
10,0, 0, False, 0
11,0, 0, False, 0
12,0, 0, False, 0
13,0, 0, False, 0
14,0, 0, False, 0
15,0, 0, False, 0
16,0, 0, False, 0
17,0, 0, False, 0
18,0, 0, False, 0
19,0, 0, False, 0
20,0, 0, False, 0
21,0, 0, False, 0
22,0, 0, False, 0
23,0, 0, False, 0
24,0, 0, False, 0
25,0, 0, False, 0
26,0, 0, False, 0
27,0, 0, False, 0
28,0, 0, False, 0
29,0, 0, False, 3
30,0, 0, False, 3
31,0, 0, False, 3
32,0, 0, False, 3
33,0, 0, False, 3
34,0, 0, False, 3
35,0, 0, False, 3
36,0, 0, False, 3
37,0, 0, False, 3
38,0, 0, False, 3
39,0, 0, False, 3
40,0, 0, False, 3
41,0, 0, False, 3
42,0, 0, False, 3
43,0, 0, False, 3
44,0, 0, False, 3
45,0, 0, False, 3
46,0, 0, False, 3
47,0, 0, False, 3
48,0, 0, False, 3
49,0, 0, False, 3
50,0, 0, False, 3
51,0, 0, False, 3
52,0, 0, False, 3
53,0, 0, False, 3
54,0, 0, False, 3
55,0, 0, False, 3
56,0, 0, False, 3
57,0, 0, False, 3
58,0, 0, False, 3
59,0, 0, False, 3
60,0, 0, False, 3
61,0, 0, False, 3
62,0, 0, False, 3
63,0, 0, False, 3
64,0, 0, False, 3
65,0, 0, False, 3
66,0, 0, False, 3
67,0, 0, False, 3
68,0, 0, False, 3
69,0, 0, False, 3
70,0, 0, False, 3
71,0, 0, False, 3
72,0, 0, False, 3
73,0, 0, False, 3
74,0, 0, False, 3
75,0, 0, False, 3
76,0, 0, False, 3
77,0, 0, False, 3
78,0, 0, False, 3
79,0, 0, False, 3
80,0, 0, False, 3
81,0, 0, False, 3
82,0, 0, False, 3
83,0, 0, False, 3
84,0, 0, False, 3
85,0, 0, False, 3
86,0, 0, False, 3
87,0, 0, False, 3
88,0, 0, False, 3
89,0, 0, False, 3
90,0, 0, False, 3
91,0, 0, False, 3
92,0, 0, False, 3
93,0, 0, False, 3
94,0, 0, False, 3
95,0, 0, False, 3
96,0, 0, False, 3
97,0, 0, False, 3
98,0, 0, False, 3
99,0, 0, False, 3
100,0, 0, False, 3
101,0, 0, False, 3
102,0, 0, False, 3
103,0, 0, False, 3
104,0, 0, False, 3
105,0, 0, False, 3
106,0, 0, False, 3
107,0, 0, False, 3
108,0, 0, False, 3
109,0, 0, False, 3
110,0, 0, False, 3
111,0, 0, False, 3
112,0, 0, False, 3
113,0, 0, False, 3
114,0, 0, False, 3
115,0, 0, False, 3
116,0, 0, False, 3
117,0, 0, False, 3
118,0, 0, False, 3
119,0, 0, False, 3
120,0, 0, False, 3
121,0, 0, False, 3
122,0, 0, False, 3
123,0, 0, False, 3
124,0, 0, False, 3
125,0, 0, False, 3
126,0, 0, False, 3
127,0, 0, False, 3
128,0, 0, False, 3
129,0, 0, False, 3
130,0, 0, False, 3
131,0, 0, False, 3
132,0, 0, False, 3
133,0, 0, False, 3
134,0, 0, False, 3
135,0, 0, False, 3
136,0, 0, False, 3
137,0, 0, False, 3
138,0, 0, False, 3
139,0, 0, False, 3
140,0, 0, False, 3
141,0, 0, False, 3
142,0, 0, False, 3
143,0, 0, False, 3
144,0, 0, False, 3
145,0, 0, False, 3
146,0, 0, False, 0
147,0, 0, False, 0
148,0, 0, False, 0
149,0, 0, False, 0
150,0, 0, False, 0
151,0, 0, False, 0
152,0, 0, False, 0
153,0, 0, False, 0
154,0, 0, False, 4
155,0, 0, False, 4
156,0, 0, False, 4
157,0, 0, False, 4
158,0, 0, False, 4
159,0, 0, False, 4
160,0, 0, False, 4
161,0, 0, False, 4
162,0, 0, False, 4
163,0, 0, False, 4
164,0, 0, False, 4
165,0, 0, False, 4
166,0, 0, False, 4
167,0, 0, False, 4
168,0, 0, False, 4
169,0, 0, False, 4
170,0, 0, False, 4
171,0, 0, False, 4
172,0, 0, False, 4
173,0, 0, False, 4
174,0, 0, False, 4
175,0, 0, False, 4
176,0, 0, False, 4
177,0, 0, False, 12
178,0, 0, False, 12
179,0, 0, False, 12
180,0, 0, False, 12
181,0, 0, False, 12
182,0, 0, False, 12
183,0, 0, False, 12
184,0, 0, False, 4
185,0, 0, False, 4
186,0, 0, False, 4
187,0, 0, False, 4
188,0, 0, False, 4
189,0, 0, False, 4
190,0, 0, False, 4
191,0, 0, False, 4
192,0, 0, False, 4
193,0, 0, False, 4
194,0, 0, False, 4
195,0, 0, False, 4
196,0, 0, False, 4
197,0, 0, False, 4
198,0, 0, False, 4
199,0, 0, False, 4
200,0, 0, False, 4
201,0, 0, False, 4
202,0, 0, False, 4
203,0, 0, False, 4
204,0, 0, False, 0
205,0, 0, False, 0
206,0, 0, False, 0
207,0, 0, False, 0
208,0, 0, False, 0
209,0, 0, False, 0
210,0, 0, False, 0
211,0, 0, False, 0
212,0, 0, False, 0
213,0, 0, False, 0
214,0, 0, False, 0
215,0, 0, False, 0
216,0, 0, False, 0
217,0, 0, False, 3
218,0, 0, False, 3
219,0, 0, False, 3
220,0, 0, False, 3
221,0, 0, False, 3
222,0, 0, False, 3
223,0, 0, False, 3
224,0, 0, False, 3
225,0, 0, False, 3
226,0, 0, False, 3
227,0, 0, False, 3
228,0, 0, False, 3
229,0, 0, False, 3
230,0, 0, False, 3
231,0, 0, False, 3
232,0, 0, False, 3
233,0, 0, False, 3
234,0, 0, False, 0
235,0, 0, False, 0
236,0, 0, False, 0
237,0, 0, False, 0
238,0, 0, False, 0
239,0, 0, False, 0
240,0, 0, False, 0
241,0, 0, False, 0
242,0, 0, False, 0
243,0, 0, False, 0
244,0, 0, False, 0
245,0, 0, False, 0
246,0, 0, False, 3
247,0, 0, False, 3
248,0, 0, False, 3
249,0, 0, False, 3
250,0, 0, False, 3
251,0, 0, False, 3
252,0, 0, False, 3
253,0, 0, False, 3
254,0, 0, False, 3
255,0, 0, False, 3
256,0, 0, False, 3
257,0, 0, False, 0
258,0, 0, False, 0
259,0, 0, False, 0
260,0, 0, False, 1
261,0, 0, False, 1
262,0, 0, False, 1
263,0, 0, False, 1
264,0, 0, False, 1
265,0, 0, False, 1
266,0, 0, False, 0
267,0, 0, False, 0
268,0, 0, False, 0
269,0, 0, False, 0
270,0, 0, False, 0
271,0, 0, False, 0
272,0, 0, False, 0
273,0, 0, False, 0
274,0, 0, False, 0
275,0, 0, False, 0
276,0, 0, False, 0
277,0, 0, False, 0
278,0, 0, False, 0
279,0, 0, False, 0
280,0, 0, False, 0
281,0, 0, False, 0
282,0, 0, False, 0
283,0, 0, False, 0
284,0, 0, False, 0
285,0, 0, False, 0
286,0, 0, False, 0
287,0, 0, False, 0
288,0, 0, False, 0
289,0, 0, False, 0
290,0, 0, False, 0
291,0, 0, False, 0
292,0, 0, False, 0
293,0, 0, False, 0
294,0, 0, False, 0
295,0, 0, False, 0
296,0, 0, False, 0
297,0, 0, False, 0
298,0, 0, False, 0
299,0, 0, False, 0
300,0, 0, False, 4
301,0, 0, False, 4
302,0, 0, False, 0
303,0, 0, False, 0
304,0, 0, False, 0
305,0, 0, False, 0
306,0, 0, False, 0
307,0, 0, False, 0
308,0, 0, False, 0
309,0, 0, False, 0
310,0, 0, False, 0
311,0, 0, False, 0
312,0, 0, False, 0
313,0, 0, False, 0
314,0, 0, False, 1
315,0, 0, False, 1
316,0, 0, False, 1
317,0, 0, False, 1
318,0, 0, False, 1
319,0, 0, False, 1
320,0, 0, False, 1
321,0, 0, False, 0
322,0, 0, False, 0
323,0, 0, False, 0
324,25, 25, False, 0
325,0, 25, False, 0
326,0, 25, False, 0
327,0, 25, False, 0
328,0, 25, False, 1
329,0, 25, False, 1
330,0, 25, False, 1
331,0, 25, False, 1
332,0, 25, False, 1
333,0, 25, False, 1
334,0, 25, False, 1
335,0, 25, False, 1
336,0, 25, False, 0
337,0, 25, False, 0
338,0, 25, False, 0
339,0, 25, False, 0
340,0, 25, False, 0
341,0, 25, False, 0
342,0, 25, False, 0
343,0, 25, False, 0
344,0, 25, False, 1
345,0, 25, False, 1
346,0, 25, False, 1
347,0, 25, False, 1
348,0, 25, False, 1
349,0, 25, False, 0
350,0, 25, False, 0
351,0, 25, False, 0
352,0, 25, False, 0
353,0, 25, False, 0
354,5, 30, False, 0
355,0, 30, False, 0
356,0, 30, False, 0
357,0, 30, False, 0
358,0, 30, False, 0
359,0, 30, False, 0
360,0, 30, False, 0
361,0, 30, False, 0
362,0, 30, False, 0
363,0, 30, False, 0
364,0, 30, False, 0
365,0, 30, False, 0
366,0, 30, False, 0
367,0, 30, False, 1
368,0, 30, False, 1
369,0, 30, False, 1
370,0, 30, False, 1
371,0, 30, False, 1
372,0, 30, False, 0
373,0, 30, False, 0
374,0, 30, False, 0
375,0, 30, False, 0
376,0, 30, False, 0
377,0, 30, False, 0
378,0, 30, False, 0
379,0, 30, False, 0
380,0, 30, False, 1
381,0, 30, False, 1
382,0, 30, False, 1
383,0, 30, False, 1
384,0, 30, False, 1
385,0, 30, False, 0
386,0, 30, False, 0
387,0, 30, False, 0
388,0, 30, False, 0
389,0, 30, False, 0
390,0, 30, False, 0
391,0, 30, False, 1
392,0, 30, False, 1
393,0, 30, False, 1
394,0, 30, False, 0
395,0, 30, False, 0
396,0, 30, False, 0
397,0, 30, False, 0
398,0, 30, False, 0
399,0, 30, False, 0
400,10, 40, False, 0
401,0, 40, False, 0
402,0, 40, False, 0
403,0, 40, False, 3
404,0, 40, False, 3
405,0, 40, False, 3
406,0, 40, False, 3
407,0, 40, False, 3
408,0, 40, False, 0
409,0, 40, False, 0
410,0, 40, False, 0
411,0, 40, False, 0
412,0, 40, False, 0
413,0, 40, False, 0
414,0, 40, False, 1
415,0, 40, False, 1
416,0, 40, False, 1
417,0, 40, False, 1
418,0, 40, False, 1
419,0, 40, False, 1
420,0, 40, False, 1
421,0, 40, False, 0
422,0, 40, False, 0
423,0, 40, False, 0
424,0, 40, False, 0
425,0, 40, False, 0
426,0, 40, False, 1
427,0, 40, False, 1
428,0, 40, False, 1
429,0, 40, False, 1
430,0, 40, False, 1
431,0, 40, False, 1
432,0, 40, False, 0
433,0, 40, False, 0
434,0, 40, False, 0
435,0, 40, False, 0
436,0, 40, False, 3
437,0, 40, False, 3
438,0, 40, False, 3
439,0, 40, False, 3
440,0, 40, False, 11
441,0, 40, False, 11
442,0, 40, False, 1
443,0, 40, False, 1
444,0, 40, False, 1
445,0, 40, False, 1
446,0, 40, False, 1
447,0, 40, False, 1
448,0, 40, False, 0
449,0, 40, False, 0
450,0, 40, False, 0
451,0, 40, False, 0
452,0, 40, False, 0
453,0, 40, False, 1
454,0, 40, False, 1
455,0, 40, False, 1
456,0, 40, False, 1
457,0, 40, False, 1
458,15, 55, False, 0
459,0, 55, False, 0
460,0, 55, False, 0
461,0, 55, False, 0
462,0, 55, False, 0
463,0, 55, False, 0
464,0, 55, False, 0
465,0, 55, False, 1
466,0, 55, False, 1
467,0, 55, False, 1
468,0, 55, False, 1
469,0, 55, False, 1
470,0, 55, False, 0
471,0, 55, False, 0
472,0, 55, False, 0
473,0, 55, False, 0
474,0, 55, False, 0
475,0, 55, False, 0
476,0, 55, False, 1
477,0, 55, False, 1
478,0, 55, False, 1
479,0, 55, False, 1
480,0, 55, False, 1
481,0, 55, False, 0
482,0, 55, False, 0
483,0, 55, False, 0
484,0, 55, False, 0
485,0, 55, False, 0
486,0, 55, False, 1
487,0, 55, False, 1
488,0, 55, False, 1
489,0, 55, False, 1
490,0, 55, False, 1
491,0, 55, False, 0
492,0, 55, False, 0
493,0, 55, False, 0
494,0, 55, False, 0
495,0, 55, False, 0
496,0, 55, False, 0
497,0, 55, False, 0
498,0, 55, False, 0
499,0, 55, False, 0
500,0, 55, False, 0
501,0, 55, False, 0
502,0, 55, False, 0
503,0, 55, False, 0
504,0, 55, False, 0
505,0, 55, False, 0
506,0, 55, False, 0
507,0, 55, False, 0
508,0, 55, False, 0
509,0, 55, False, 4
510,0, 55, False, 4
511,0, 55, False, 4
512,0, 55, False, 0
513,0, 55, False, 0
514,0, 55, False, 0
515,0, 55, False, 0
516,20, 75, False, 0
517,0, 75, False, 0
518,0, 75, False, 0
519,0, 75, False, 0
520,0, 75, False, 0
521,0, 75, False, 3
522,0, 75, False, 3
523,0, 75, False, 3
524,0, 75, False, 3
525,0, 75, False, 3
526,0, 75, False, 0
527,0, 75, False, 0
528,0, 75, False, 0
529,0, 75, False, 0
530,0, 75, False, 0
531,0, 75, False, 0
532,0, 75, False, 0
533,0, 75, False, 0
534,0, 75, False, 0
535,0, 75, False, 0
536,0, 75, False, 0
537,0, 75, False, 0
538,0, 75, False, 0
539,0, 75, False, 0
540,0, 75, False, 0
541,0, 75, False, 0
542,0, 75, False, 0
543,0, 75, False, 0
544,0, 75, False, 0
545,0, 75, False, 0
546,0, 75, False, 0
547,0, 75, False, 0
548,0, 75, False, 0
549,0, 75, False, 0
550,0, 75, False, 0
551,0, 75, False, 0
552,0, 75, False, 0
553,0, 75, False, 0
554,0, 75, False, 0
555,0, 75, False, 0
556,0, 75, False, 0
557,0, 75, False, 4
558,0, 75, False, 4
559,0, 75, False, 0
560,0, 75, False, 0
561,0, 75, False, 0
562,0, 75, False, 0
563,0, 75, False, 0
564,0, 75, False, 0
565,0, 75, False, 0
566,0, 75, False, 1
567,0, 75, False, 1
568,0, 75, False, 1
569,0, 75, False, 1
570,0, 75, False, 1
571,0, 75, False, 1
572,0, 75, False, 0
573,0, 75, False, 0
574,0, 75, False, 0
575,0, 75, False, 0
576,0, 75, False, 0
577,0, 75, False, 0
578,0, 75, False, 3
579,0, 75, False, 3
580,0, 75, False, 3
581,0, 75, False, 3
582,0, 75, False, 3
583,0, 75, False, 3
584,0, 75, False, 3
585,0, 75, False, 3
586,0, 75, False, 3
587,0, 75, False, 0
588,0, 75, False, 0
589,0, 75, False, 0
590,0, 75, False, 0
591,0, 75, False, 0
592,0, 75, False, 0
593,0, 75, False, 0
594,0, 75, False, 0
595,0, 75, False, 0
596,0, 75, False, 0
597,0, 75, False, 3
598,0, 75, False, 3
599,0, 75, False, 3
600,0, 75, False, 3
601,0, 75, False, 3
602,0, 75, False, 3
603,0, 75, False, 3
604,0, 75, False, 3
605,0, 75, False, 3
606,0, 75, False, 3
607,0, 75, False, 3
608,0, 75, False, 3
609,0, 75, False, 3
610,0, 75, False, 3
611,0, 75, False, 3
612,0, 75, False, 3
613,0, 75, False, 3
614,0, 75, False, 3
615,0, 75, False, 3
616,0, 75, False, 3
617,0, 75, False, 3
618,0, 75, False, 3
619,0, 75, False, 3
620,0, 75, False, 3
621,0, 75, False, 3
622,0, 75, False, 3
623,0, 75, False, 3
624,0, 75, False, 3
625,0, 75, False, 3
626,0, 75, False, 3
627,0, 75, False, 3
628,0, 75, False, 3
629,0, 75, False, 3
630,0, 75, False, 3
631,0, 75, False, 3
632,0, 75, False, 3
633,0, 75, False, 3
634,0, 75, False, 3
635,0, 75, False, 3
636,30, 105, False, 3
637,0, 105, False, 3
638,0, 105, False, 3
639,0, 105, False, 3
640,0, 105, False, 3
641,0, 105, False, 3
642,0, 105, False, 3
643,0, 105, False, 3
644,0, 105, False, 3
645,0, 105, False, 3
646,0, 105, False, 3
647,0, 105, False, 3
648,0, 105, False, 3
649,0, 105, False, 3
650,0, 105, False, 3
651,0, 105, False, 3
652,0, 105, False, 3
653,0, 105, False, 3
654,0, 105, False, 3
655,0, 105, False, 3
656,0, 105, False, 3
657,0, 105, False, 3
658,0, 105, False, 3
659,0, 105, False, 3
660,0, 105, False, 3
661,0, 105, False, 3
662,0, 105, False, 3
663,0, 105, False, 3
664,0, 105, False, 3
665,0, 105, False, 1
666,0, 105, False, 1
667,0, 105, False, 1
668,0, 105, False, 1
669,0, 105, False, 1
670,0, 105, False, 0
671,0, 105, False, 0
672,0, 105, False, 0
673,0, 105, False, 0
674,0, 105, False, 0
675,0, 105, False, 0
676,0, 105, False, 0
677,0, 105, False, 0
678,0, 105, False, 0
679,0, 105, False, 0
680,0, 105, False, 0
681,0, 105, False, 0
682,0, 105, False, 0
683,0, 105, False, 0
684,0, 105, False, 0
685,0, 105, False, 0
686,0, 105, False, 0
687,0, 105, False, 0
688,0, 105, False, 0
689,0, 105, False, 0
690,0, 105, False, 0
691,0, 105, False, 0
692,5, 110, False, 0
693,0, 110, False, 1
694,0, 110, False, 1
695,0, 110, False, 1
696,0, 110, False, 1
697,0, 110, False, 1
698,0, 110, False, 1
699,0, 110, False, 1
700,0, 110, False, 0
701,0, 110, False, 0
702,0, 110, False, 0
703,0, 110, False, 0
704,0, 110, False, 0
705,0, 110, False, 0
706,0, 110, False, 0
707,0, 110, False, 1
708,0, 110, False, 1
709,0, 110, False, 1
710,0, 110, False, 1
711,0, 110, False, 1
712,0, 110, False, 1
713,0, 110, False, 1
714,0, 110, False, 0
715,0, 110, False, 0
716,0, 110, False, 0
717,0, 110, False, 0
718,0, 110, False, 0
719,0, 110, False, 0
720,0, 110, False, 0
721,0, 110, False, 1
722,0, 110, False, 1
723,0, 110, False, 1
724,0, 110, False, 1
725,0, 110, False, 1
726,10, 120, False, 1
727,0, 120, False, 0
728,0, 120, False, 0
729,0, 120, False, 0
730,0, 120, False, 0
731,0, 120, False, 0
732,0, 120, False, 0
733,0, 120, False, 0
734,0, 120, False, 3
735,0, 120, False, 3
736,0, 120, False, 3
737,0, 120, False, 3
738,0, 120, False, 0
739,0, 120, False, 0
740,0, 120, False, 0
741,0, 120, False, 1
742,0, 120, False, 1
743,0, 120, False, 1
744,0, 120, False, 1
745,0, 120, False, 1
746,0, 120, False, 1
747,0, 120, False, 1
748,0, 120, False, 0
749,0, 120, False, 0
750,0, 120, False, 0
751,0, 120, False, 0
752,0, 120, False, 0
753,0, 120, False, 0
754,0, 120, False, 1
755,0, 120, False, 1
756,0, 120, False, 1
757,0, 120, False, 1
758,0, 120, False, 1
759,0, 120, False, 1
760,0, 120, False, 0
761,0, 120, False, 0
762,0, 120, False, 0
763,0, 120, False, 0
764,0, 120, False, 0
765,0, 120, False, 0
766,0, 120, False, 0
767,0, 120, False, 1
768,0, 120, False, 1
769,0, 120, False, 1
770,0, 120, False, 1
771,0, 120, False, 1
772,0, 120, False, 0
773,0, 120, False, 0
774,0, 120, False, 0
775,0, 120, False, 0
776,0, 120, False, 0
777,0, 120, False, 1
778,0, 120, False, 1
779,0, 120, False, 1
780,0, 120, False, 1
781,0, 120, False, 1
782,0, 120, False, 1
783,0, 120, False, 0
784,15, 135, False, 0
785,0, 135, False, 0
786,0, 135, False, 0
787,0, 135, False, 0
788,0, 135, False, 0
789,0, 135, False, 1
790,0, 135, False, 1
791,0, 135, False, 1
792,0, 135, False, 1
793,0, 135, False, 1
794,0, 135, False, 0
795,0, 135, False, 0
796,0, 135, False, 0
797,0, 135, False, 0
798,0, 135, False, 0
799,0, 135, False, 0
800,0, 135, False, 1
801,0, 135, False, 1
802,0, 135, False, 1
803,0, 135, False, 1
804,0, 135, False, 1
805,0, 135, False, 0
806,0, 135, False, 0
807,0, 135, False, 0
808,0, 135, False, 0
809,0, 135, False, 0
810,0, 135, False, 1
811,0, 135, False, 1
812,0, 135, False, 1
813,0, 135, False, 1
814,0, 135, False, 1
815,0, 135, False, 0
816,0, 135, False, 0
817,0, 135, False, 0
818,0, 135, False, 0
819,0, 135, False, 0
820,0, 135, False, 0
821,0, 135, False, 1
822,0, 135, False, 1
823,0, 135, False, 1
824,0, 135, False, 1
825,0, 135, False, 1
826,0, 135, False, 0
827,0, 135, False, 0
828,0, 135, False, 0
829,0, 135, False, 0
830,0, 135, False, 0
831,0, 135, False, 0
832,0, 135, False, 4
833,0, 135, False, 4
834,0, 135, False, 4
835,0, 135, False, 4
836,0, 135, False, 4
837,0, 135, False, 4
838,0, 135, False, 4
839,0, 135, False, 4
840,0, 135, False, 4
841,0, 135, False, 12
842,20, 155, False, 12
843,0, 155, False, 1
844,0, 155, False, 1
845,0, 155, False, 1
846,0, 155, False, 1
847,0, 155, False, 0
848,0, 155, False, 0
849,0, 155, False, 0
850,0, 155, False, 0
851,0, 155, False, 0
852,0, 155, False, 0
853,0, 155, False, 1
854,0, 155, False, 1
855,0, 155, False, 1
856,0, 155, False, 1
857,0, 155, False, 1
858,0, 155, False, 4
859,0, 155, False, 4
860,0, 155, False, 4
861,0, 155, False, 4
862,0, 155, False, 4
863,0, 155, False, 4
864,0, 155, False, 4
865,0, 155, False, 4
866,0, 155, False, 4
867,0, 155, False, 4
868,0, 155, False, 0
869,0, 155, False, 0
870,0, 155, False, 0
871,0, 155, False, 0
872,0, 155, False, 0
873,0, 155, False, 0
874,0, 155, False, 0
875,0, 155, False, 0
876,0, 155, False, 4
877,0, 155, False, 4
878,0, 155, False, 4
879,0, 155, False, 4
880,0, 155, False, 4
881,0, 155, False, 4
882,0, 155, False, 1
883,0, 155, False, 1
884,0, 155, False, 1
885,0, 155, False, 1
886,0, 155, False, 1
887,0, 155, False, 0
888,0, 155, False, 0
889,0, 155, False, 0
890,0, 155, False, 0
891,0, 155, False, 0
892,0, 155, False, 0
893,0, 155, False, 0
894,0, 155, False, 1
895,0, 155, False, 1
896,0, 155, False, 1
897,0, 155, False, 1
898,0, 155, False, 0
899,0, 155, False, 0
900,0, 155, False, 0
901,0, 155, False, 0
902,0, 155, False, 0
903,0, 155, False, 0
904,0, 155, False, 1
905,0, 155, False, 1
906,0, 155, False, 1
907,0, 155, False, 1
908,0, 155, False, 0
909,0, 155, False, 0
910,0, 155, False, 0
911,0, 155, False, 0
912,0, 155, False, 0
913,0, 155, False, 0
914,0, 155, False, 1
915,0, 155, False, 1
916,0, 155, False, 1
917,0, 155, False, 1
918,0, 155, False, 1
919,0, 155, False, 0
920,0, 155, False, 0
921,0, 155, False, 0
922,0, 155, False, 0
923,0, 155, False, 0
924,0, 155, False, 0
925,0, 155, False, 1
926,0, 155, False, 1
927,0, 155, False, 1
928,0, 155, False, 1
929,0, 155, False, 1
930,0, 155, False, 1
931,0, 155, False, 0
932,0, 155, False, 0
933,0, 155, False, 3
934,0, 155, False, 3
935,0, 155, False, 3
936,0, 155, False, 3
937,0, 155, False, 3
938,0, 155, False, 3
939,0, 155, False, 3
940,0, 155, False, 3
941,0, 155, False, 3
942,0, 155, False, 0
943,0, 155, False, 0
944,0, 155, False, 0
945,0, 155, False, 0
946,0, 155, False, 0
947,0, 155, False, 0
948,0, 155, False, 0
949,0, 155, False, 0
950,0, 155, False, 0
951,0, 155, False, 0
952,5, 160, False, 1
953,0, 160, False, 1
954,0, 160, False, 1
955,0, 160, False, 1
956,0, 160, False, 1
957,0, 160, False, 1
958,0, 160, False, 1
959,0, 160, False, 0
960,0, 160, False, 0
961,0, 160, False, 0
962,0, 160, False, 0
963,0, 160, False, 0
964,0, 160, False, 1
965,0, 160, False, 1
966,0, 160, False, 1
967,0, 160, False, 1
968,0, 160, False, 1
969,0, 160, False, 1
970,0, 160, False, 0
971,0, 160, False, 0
972,0, 160, False, 0
973,0, 160, False, 0
974,0, 160, False, 0
975,0, 160, False, 0
976,0, 160, False, 1
977,0, 160, False, 1
978,0, 160, False, 1
979,0, 160, False, 1
980,0, 160, False, 1
981,0, 160, False, 0
982,10, 170, False, 0
983,0, 170, False, 0
984,0, 170, False, 0
985,0, 170, False, 0
986,0, 170, False, 0
987,0, 170, False, 0
988,0, 170, False, 3
989,0, 170, False, 3
990,0, 170, False, 3
991,0, 170, False, 3
992,0, 170, False, 3
993,0, 170, False, 3
994,0, 170, False, 3
995,0, 170, False, 0
996,0, 170, False, 0
997,0, 170, False, 0
998,0, 170, False, 0
999,0, 170, False, 0
1000,0, 170, False, 0
1001,0, 170, False, 0
1002,0, 170, False, 0
1003,0, 170, False, 0
1004,0, 170, False, 0
1005,0, 170, False, 0
1006,0, 170, False, 0
1007,0, 170, False, 0
1008,0, 170, False, 0
1009,0, 170, False, 0
1010,0, 170, False, 3
1011,0, 170, False, 3
1012,0, 170, False, 3
1013,0, 170, False, 3
1014,0, 170, False, 3
1015,0, 170, False, 3
1016,0, 170, False, 3
1017,0, 170, False, 3
1018,0, 170, False, 3
1019,0, 170, False, 3
1020,0, 170, False, 3
1021,0, 170, False, 3
1022,0, 170, False, 3
1023,0, 170, False, 3
1024,0, 170, False, 3
1025,0, 170, False, 3
1026,0, 170, False, 3
1027,0, 170, False, 3
1028,0, 170, False, 3
1029,0, 170, False, 3
1030,0, 170, False, 3
1031,0, 170, False, 3
1032,0, 170, False, 3
1033,0, 170, False, 3
1034,0, 170, False, 3
1035,0, 170, False, 0
1036,0, 170, False, 0
1037,0, 170, False, 0
1038,0, 170, False, 0
1039,0, 170, False, 0
1040,0, 170, False, 0
1041,0, 170, False, 0
1042,0, 170, False, 0
1043,0, 170, False, 0
1044,0, 170, False, 0
1045,0, 170, False, 0
1046,0, 170, False, 0
1047,0, 170, False, 0
1048,0, 170, False, 0
1049,0, 170, False, 0
1050,0, 170, False, 3
1051,0, 170, False, 3
1052,0, 170, False, 3
1053,0, 170, False, 0
1054,0, 170, False, 0
1055,0, 170, False, 0
1056,0, 170, False, 0
1057,0, 170, False, 0
1058,0, 170, False, 0
1059,0, 170, False, 0
1060,0, 170, False, 0
1061,0, 170, False, 0
1062,0, 170, False, 0
1063,0, 170, False, 0
1064,0, 170, False, 0
1065,0, 170, False, 0
1066,0, 170, False, 0
1067,0, 170, False, 0
1068,0, 170, False, 0
1069,0, 170, False, 1
1070,0, 170, False, 1
1071,0, 170, False, 1
1072,0, 170, False, 1
1073,0, 170, False, 1
1074,0, 170, False, 1
1075,0, 170, False, 0
1076,0, 170, False, 0
1077,0, 170, False, 0
1078,0, 170, False, 0
1079,0, 170, False, 0
1080,0, 170, False, 0
1081,0, 170, False, 0
1082,0, 170, False, 0
1083,0, 170, False, 0
1084,0, 170, False, 0
1085,0, 170, False, 0
1086,0, 170, False, 0
1087,0, 170, False, 0
1088,0, 170, False, 0
1089,0, 170, False, 0
1090,0, 170, False, 0
1091,0, 170, False, 0
1092,0, 170, False, 0
1093,0, 170, False, 0
1094,0, 170, False, 0
1095,0, 170, False, 0
1096,0, 170, False, 0
1097,0, 170, False, 0
1098,0, 170, False, 0
1099,0, 170, False, 0
1100,0, 170, False, 0
1101,0, 170, False, 0
1102,0, 170, False, 0
1103,0, 170, False, 0
1104,0, 170, False, 0
1105,0, 170, False, 0
1106,0, 170, False, 0
1107,0, 170, False, 0
1108,0, 170, False, 0
1109,0, 170, False, 0
1110,0, 170, False, 0
1111,0, 170, False, 0
1112,0, 170, False, 0
1113,0, 170, False, 0
1114,0, 170, False, 1
1115,0, 170, False, 1
1116,0, 170, False, 1
1117,0, 170, False, 1
1118,0, 170, False, 1
1119,0, 170, False, 1
1120,0, 170, False, 1
1121,0, 170, False, 1
1122,0, 170, False, 0
1123,0, 170, False, 0
1124,0, 170, False, 0
1125,0, 170, False, 0
1126,0, 170, False, 0
1127,0, 170, False, 0
1128,0, 170, False, 0
1129,0, 170, False, 0
1130,0, 170, False, 0
1131,0, 170, False, 0
1132,0, 170, False, 0
1133,0, 170, False, 0
1134,0, 170, False, 0
1135,0, 170, False, 0
1136,0, 170, False, 0
1137,0, 170, False, 0
1138,0, 170, False, 0
1139,0, 170, False, 0
1140,0, 170, False, 0
1141,0, 170, False, 0
1142,0, 170, False, 0
1143,0, 170, False, 0
1144,0, 170, False, 0
1145,0, 170, False, 0
1146,0, 170, False, 0
1147,0, 170, False, 0
1148,0, 170, False, 0
1149,0, 170, False, 0
1150,0, 170, False, 0
1151,0, 170, False, 0
1152,0, 170, False, 0
1153,0, 170, False, 0
1154,0, 170, False, 1
1155,0, 170, False, 1
1156,0, 170, False, 1
1157,0, 170, False, 1
1158,0, 170, False, 1
1159,0, 170, False, 1
1160,0, 170, False, 1
1161,0, 170, False, 1
1162,0, 170, False, 1
1163,0, 170, False, 0
1164,0, 170, False, 0
1165,0, 170, False, 0
1166,0, 170, False, 0
1167,0, 170, False, 0
1168,0, 170, False, 0
1169,0, 170, False, 0
1170,0, 170, False, 0
1171,0, 170, False, 0
1172,0, 170, False, 0
1173,0, 170, False, 0
1174,0, 170, False, 0
1175,0, 170, False, 0
1176,0, 170, False, 0
1177,0, 170, False, 0
1178,0, 170, False, 0
1179,0, 170, False, 0
1180,0, 170, False, 0
1181,0, 170, False, 0
1182,0, 170, False, 0
1183,0, 170, False, 0
1184,0, 170, False, 0
1185,0, 170, False, 0
1186,10, 180, False, 0
1187,0, 180, False, 0
1188,0, 180, False, 0
1189,0, 180, False, 0
1190,0, 180, False, 0
1191,0, 180, False, 0
1192,0, 180, False, 0
1193,0, 180, False, 0
1194,0, 180, False, 0
1195,0, 180, False, 0
1196,0, 180, False, 0
1197,0, 180, False, 0
1198,0, 180, False, 0
1199,0, 180, False, 0
1200,0, 180, False, 1
1201,0, 180, False, 1
1202,0, 180, False, 1
1203,0, 180, False, 1
1204,0, 180, False, 1
1205,0, 180, False, 1
1206,0, 180, False, 0
1207,0, 180, False, 0
1208,0, 180, False, 0
1209,0, 180, False, 0
1210,0, 180, False, 0
1211,0, 180, False, 0
1212,0, 180, False, 0
1213,0, 180, False, 1
1214,0, 180, False, 1
1215,0, 180, False, 1
1216,0, 180, False, 1
1217,0, 180, False, 1
1218,0, 180, False, 1
1219,0, 180, False, 0
1220,0, 180, False, 0
1221,0, 180, False, 0
1222,5, 185, False, 0
1223,0, 185, False, 0
1224,0, 185, False, 0
1225,0, 185, False, 0
1226,0, 185, False, 1
1227,0, 185, False, 1
1228,0, 185, False, 1
1229,0, 185, False, 1
1230,0, 185, False, 1
1231,0, 185, False, 0
1232,0, 185, False, 0
1233,0, 185, False, 0
1234,0, 185, False, 0
1235,0, 185, False, 0
1236,0, 185, False, 0
1237,0, 185, False, 1
1238,0, 185, False, 1
1239,0, 185, False, 1
1240,0, 185, False, 1
1241,0, 185, False, 1
1242,0, 185, False, 1
1243,0, 185, False, 1
1244,0, 185, False, 0
1245,0, 185, False, 0
1246,0, 185, False, 0
1247,0, 185, False, 0
1248,0, 185, False, 0
1249,0, 185, False, 0
1250,0, 185, False, 1
1251,0, 185, False, 1
1252,0, 185, False, 1
1253,0, 185, False, 1
1254,0, 185, False, 1
1255,0, 185, False, 0
1256,0, 185, False, 0
1257,0, 185, False, 0
1258,0, 185, False, 0
1259,0, 185, False, 0
1260,0, 185, False, 1
1261,0, 185, False, 1
1262,0, 185, False, 1
1263,0, 185, False, 1
1264,0, 185, False, 1
1265,0, 185, False, 1
1266,15, 200, False, 0
1267,0, 200, False, 0
1268,0, 200, False, 0
1269,0, 200, False, 0
1270,0, 200, False, 0
1271,0, 200, False, 1
1272,0, 200, False, 1
1273,0, 200, False, 1
1274,0, 200, False, 1
1275,0, 200, False, 1
1276,0, 200, False, 0
1277,0, 200, False, 0
1278,0, 200, False, 0
1279,0, 200, False, 0
1280,0, 200, False, 0
1281,0, 200, False, 0
1282,0, 200, False, 1
1283,0, 200, False, 1
1284,0, 200, False, 1
1285,0, 200, False, 1
1286,0, 200, False, 1
1287,0, 200, False, 1
1288,0, 200, False, 0
1289,0, 200, False, 0
1290,0, 200, False, 0
1291,0, 200, False, 0
1292,0, 200, False, 0
1293,0, 200, False, 1
1294,0, 200, False, 1
1295,0, 200, False, 1
1296,0, 200, False, 1
1297,0, 200, False, 1
1298,0, 200, False, 0
1299,0, 200, False, 0
1300,0, 200, False, 0
1301,0, 200, False, 0
1302,0, 200, False, 0
1303,0, 200, False, 0
1304,0, 200, False, 1
1305,0, 200, False, 1
1306,0, 200, False, 1
1307,0, 200, False, 1
1308,0, 200, False, 1
1309,0, 200, False, 1
1310,0, 200, False, 0
1311,0, 200, False, 0
1312,0, 200, False, 0
1313,0, 200, False, 0
1314,0, 200, False, 1
1315,0, 200, False, 1
1316,0, 200, False, 1
1317,0, 200, False, 1
1318,20, 220, False, 1
1319,0, 220, False, 1
1320,0, 220, False, 0
1321,0, 220, False, 0
1322,0, 220, False, 0
1323,0, 220, False, 0
1324,0, 220, False, 0
1325,0, 220, False, 0
1326,0, 220, False, 1
1327,0, 220, False, 1
1328,0, 220, False, 1
1329,0, 220, False, 1
1330,0, 220, False, 1
1331,0, 220, False, 0
1332,0, 220, False, 0
1333,0, 220, False, 0
1334,0, 220, False, 0
1335,0, 220, False, 0
1336,0, 220, False, 0
1337,0, 220, False, 1
1338,0, 220, False, 1
1339,0, 220, False, 1
1340,0, 220, False, 0
1341,0, 220, False, 0
1342,0, 220, False, 0
1343,0, 220, False, 0
1344,0, 220, False, 4
1345,0, 220, False, 4
1346,0, 220, False, 4
1347,0, 220, False, 4
1348,0, 220, False, 4
1349,0, 220, False, 4
1350,0, 220, False, 4
1351,0, 220, False, 4
1352,0, 220, False, 4
1353,0, 220, False, 4
1354,0, 220, False, 4
1355,0, 220, False, 4
1356,0, 220, False, 4
1357,0, 220, False, 4
1358,0, 220, False, 4
1359,0, 220, False, 4
1360,0, 220, False, 4
1361,0, 220, False, 4
1362,0, 220, False, 0
1363,0, 220, False, 0
1364,0, 220, False, 0
1365,0, 220, False, 0
1366,0, 220, False, 0
1367,0, 220, False, 0
1368,0, 220, False, 0
1369,0, 220, False, 0
1370,0, 220, False, 0
1371,0, 220, False, 0
1372,0, 220, False, 0
1373,0, 220, False, 0
1374,0, 220, False, 0
1375,0, 220, False, 0
1376,0, 220, False, 0
1377,0, 220, False, 0
1378,0, 220, False, 0
1379,0, 220, False, 0
1380,0, 220, False, 0
1381,0, 220, False, 0
1382,0, 220, False, 0
1383,0, 220, False, 0
1384,0, 220, False, 0
1385,0, 220, False, 3
1386,0, 220, False, 3
1387,0, 220, False, 3
1388,0, 220, False, 3
1389,0, 220, False, 3
1390,0, 220, False, 3
1391,0, 220, False, 3
1392,0, 220, False, 3
1393,0, 220, False, 3
1394,0, 220, False, 3
1395,0, 220, False, 3
1396,0, 220, False, 3
1397,0, 220, False, 3
1398,0, 220, False, 0
1399,0, 220, False, 0
1400,0, 220, False, 0
1401,0, 220, False, 0
1402,0, 220, False, 0
1403,0, 220, False, 0
1404,0, 220, False, 0
1405,0, 220, False, 0
1406,0, 220, False, 0
1407,0, 220, False, 0
1408,0, 220, False, 0
1409,0, 220, False, 0
1410,0, 220, False, 0
1411,0, 220, False, 1
1412,0, 220, False, 11
1413,0, 220, False, 11
1414,0, 220, False, 11
1415,0, 220, False, 11
1416,0, 220, False, 1
1417,0, 220, False, 1
1418,0, 220, False, 0
1419,0, 220, False, 0
1420,0, 220, False, 0
1421,0, 220, False, 0
1422,0, 220, False, 0
1423,0, 220, False, 0
1424,0, 220, False, 1
1425,0, 220, False, 1
1426,0, 220, False, 1
1427,0, 220, False, 1
1428,0, 220, False, 1
1429,0, 220, False, 1
1430,0, 220, False, 0
1431,0, 220, False, 0
1432,0, 220, False, 0
1433,0, 220, False, 0
1434,0, 220, False, 0
1435,0, 220, False, 0
1436,0, 220, False, 0
1437,0, 220, False, 0
1438,0, 220, False, 0
1439,0, 220, False, 0
1440,0, 220, False, 1
1441,0, 220, False, 1
1442,0, 220, False, 1
1443,0, 220, False, 1
1444,0, 220, False, 1
1445,0, 220, False, 1
1446,0, 220, False, 1
1447,0, 220, False, 1
1448,0, 220, False, 0
1449,0, 220, False, 0
1450,0, 220, False, 0
1451,0, 220, False, 1
1452,15, 235, False, 1
1453,0, 235, False, 1
1454,0, 235, False, 1
1455,0, 235, False, 1
1456,0, 235, False, 1
1457,0, 235, False, 1
1458,0, 235, False, 0
1459,0, 235, False, 0
1460,0, 235, False, 0
1461,0, 235, False, 0
1462,0, 235, False, 0
1463,0, 235, False, 0
1464,0, 235, False, 0
1465,0, 235, False, 1
1466,0, 235, False, 1
1467,0, 235, False, 1
1468,0, 235, False, 1
1469,0, 235, False, 1
1470,0, 235, False, 1
1471,0, 235, False, 1
1472,5, 240, False, 0
1473,0, 240, False, 0
1474,0, 240, False, 0
1475,0, 240, False, 0
1476,0, 240, False, 0
1477,0, 240, False, 0
1478,0, 240, False, 1
1479,0, 240, False, 1
1480,0, 240, False, 1
1481,0, 240, False, 1
1482,0, 240, False, 1
1483,0, 240, False, 1
1484,0, 240, False, 0
1485,0, 240, False, 0
1486,0, 240, False, 0
1487,0, 240, False, 0
1488,0, 240, False, 0
1489,0, 240, False, 0
1490,0, 240, False, 1
1491,0, 240, False, 1
1492,0, 240, False, 1
1493,0, 240, False, 1
1494,0, 240, False, 1
1495,0, 240, False, 1
1496,0, 240, False, 0
1497,0, 240, False, 0
1498,0, 240, False, 0
1499,0, 240, False, 0
1500,0, 240, False, 0
1501,0, 240, False, 0
1502,10, 250, False, 1
1503,0, 250, False, 1
1504,0, 250, False, 1
1505,0, 250, False, 1
1506,0, 250, False, 1
1507,0, 250, False, 1
1508,0, 250, False, 1
1509,0, 250, False, 0
1510,0, 250, False, 0
1511,0, 250, False, 0
1512,0, 250, False, 0
1513,0, 250, False, 1
1514,0, 250, False, 1
1515,0, 250, False, 1
1516,0, 250, False, 1
1517,0, 250, False, 0
1518,0, 250, False, 0
1519,0, 250, False, 0
1520,0, 250, False, 0
1521,0, 250, False, 0
1522,0, 250, False, 0
1523,0, 250, False, 0
1524,0, 250, False, 0
1525,0, 250, False, 0
1526,0, 250, False, 0
1527,0, 250, False, 0
1528,0, 250, False, 0
1529,0, 250, False, 0
1530,0, 250, False, 0
1531,0, 250, False, 0
1532,0, 250, False, 0
1533,0, 250, False, 0
1534,0, 250, False, 0
1535,0, 250, False, 0
1536,0, 250, False, 0
1537,0, 250, False, 0
1538,0, 250, False, 0
1539,0, 250, False, 0
1540,0, 250, False, 0
1541,0, 250, False, 0
1542,0, 250, False, 0
1543,0, 250, False, 0
1544,0, 250, False, 0
1545,0, 250, False, 0
1546,0, 250, False, 0
1547,0, 250, False, 0
1548,0, 250, False, 0
1549,0, 250, False, 0
1550,0, 250, False, 0
1551,0, 250, False, 0
1552,0, 250, False, 0
1553,0, 250, False, 0
1554,0, 250, False, 0
1555,0, 250, False, 0
1556,0, 250, False, 0
1557,0, 250, False, 0
1558,0, 250, False, 0
1559,0, 250, False, 0
1560,0, 250, False, 0
1561,0, 250, False, 0
1562,0, 250, False, 0
1563,0, 250, False, 0
1564,0, 250, False, 0
1565,0, 250, False, 0
1566,0, 250, False, 0
1567,0, 250, False, 0
1568,0, 250, False, 0
1569,0, 250, False, 0
1570,0, 250, False, 0
1571,0, 250, False, 0
1572,0, 250, False, 0
1573,0, 250, False, 0
1574,0, 250, False, 0
1575,0, 250, False, 0
1576,0, 250, False, 0
1577,0, 250, False, 0
1578,0, 250, False, 0
1579,0, 250, False, 0
1580,0, 250, False, 0
1581,0, 250, False, 0
1582,0, 250, False, 0
1583,0, 250, False, 1
1584,0, 250, False, 1
1585,0, 250, False, 1
1586,0, 250, False, 1
1587,0, 250, False, 1
1588,0, 250, False, 1
1589,0, 250, False, 1
1590,0, 250, False, 0
1591,0, 250, False, 0
1592,0, 250, False, 0
1593,0, 250, False, 0
1594,0, 250, False, 0
1595,0, 250, False, 0
1596,0, 250, False, 1
1597,0, 250, False, 1
1598,0, 250, False, 1
1599,0, 250, False, 1
1600,0, 250, False, 1
1601,0, 250, False, 1
1602,0, 250, False, 0
1603,0, 250, False, 0
1604,0, 250, False, 0
1605,0, 250, False, 0
1606,0, 250, False, 0
1607,0, 250, False, 0
1608,0, 250, False, 1
1609,0, 250, False, 1
1610,0, 250, False, 1
1611,0, 250, False, 1
1612,0, 250, False, 1
1613,0, 250, False, 1
1614,0, 250, False, 0
1615,0, 250, False, 0
1616,0, 250, False, 0
1617,0, 250, False, 0
1618,0, 250, False, 0
1619,0, 250, False, 1
1620,0, 250, False, 1
1621,0, 250, False, 1
1622,0, 250, False, 1
1623,0, 250, False, 1
1624,0, 250, False, 1
1625,0, 250, False, 1
1626,0, 250, False, 0
1627,0, 250, False, 0
1628,0, 250, False, 0
1629,0, 250, False, 0
1630,0, 250, False, 0
1631,0, 250, False, 0
1632,0, 250, False, 1
1633,0, 250, False, 1
1634,0, 250, False, 1
1635,0, 250, False, 1
1636,0, 250, False, 1
1637,0, 250, False, 1
1638,0, 250, False, 0
1639,0, 250, False, 0
1640,25, 275, False, 0
1641,0, 275, False, 0
1642,0, 275, False, 0
1643,0, 275, False, 0
1644,0, 275, False, 1
1645,0, 275, False, 1
1646,0, 275, False, 1
1647,0, 275, False, 1
1648,0, 275, False, 0
1649,0, 275, False, 0
1650,0, 275, False, 0
1651,0, 275, False, 0
1652,0, 275, False, 0
1653,0, 275, False, 0
1654,0, 275, False, 0
1655,0, 275, False, 1
1656,0, 275, False, 1
1657,0, 275, False, 1
1658,0, 275, False, 1
1659,0, 275, False, 1
1660,0, 275, False, 0
1661,0, 275, False, 0
1662,0, 275, False, 0
1663,0, 275, False, 0
1664,0, 275, False, 4
1665,0, 275, False, 4
1666,0, 275, False, 4
1667,0, 275, False, 4
1668,0, 275, False, 4
1669,0, 275, False, 4
1670,0, 275, False, 4
1671,0, 275, False, 4
1672,0, 275, False, 4
1673,0, 275, False, 4
1674,0, 275, False, 4
1675,0, 275, False, 4
1676,0, 275, False, 4
1677,0, 275, False, 4
1678,0, 275, False, 4
1679,0, 275, False, 4
1680,0, 275, False, 4
1681,0, 275, False, 4
1682,0, 275, False, 4
1683,0, 275, False, 4
1684,0, 275, False, 4
1685,0, 275, False, 4
1686,0, 275, False, 4
1687,0, 275, False, 4
1688,0, 275, False, 4
1689,0, 275, False, 4
1690,0, 275, False, 4
1691,0, 275, False, 0
1692,0, 275, False, 0
1693,0, 275, False, 0
1694,0, 275, False, 0
1695,0, 275, False, 0
1696,0, 275, False, 0
1697,0, 275, False, 1
1698,0, 275, False, 1
1699,0, 275, False, 12
1700,0, 275, False, 12
1701,0, 275, False, 12
1702,0, 275, False, 4
1703,0, 275, False, 4
1704,0, 275, False, 4
1705,0, 275, False, 4
1706,0, 275, False, 4
1707,0, 275, False, 0
1708,0, 275, False, 0
1709,0, 275, False, 0
1710,0, 275, False, 1
1711,0, 275, False, 1
1712,0, 275, False, 1
1713,0, 275, False, 1
1714,0, 275, False, 1
1715,0, 275, False, 1
1716,0, 275, False, 0
1717,0, 275, False, 0
1718,0, 275, False, 0
1719,0, 275, False, 0
1720,0, 275, False, 0
1721,0, 275, False, 0
1722,0, 275, False, 0
1723,0, 275, False, 4
1724,0, 275, False, 4
1725,0, 275, False, 4
1726,0, 275, False, 4
1727,0, 275, False, 4
1728,0, 275, False, 4
1729,0, 275, False, 4
1730,0, 275, False, 4
1731,0, 275, False, 4
1732,0, 275, False, 4
1733,0, 275, False, 4
1734,0, 275, False, 4
1735,0, 275, False, 4
1736,0, 275, False, 4
1737,0, 275, False, 4
1738,0, 275, False, 4
1739,0, 275, False, 4
1740,0, 275, False, 4
1741,0, 275, False, 4
1742,0, 275, False, 4
1743,0, 275, False, 4
1744,0, 275, False, 4
1745,0, 275, False, 4
1746,0, 275, False, 4
1747,0, 275, False, 4
1748,0, 275, False, 4
1749,0, 275, False, 4
1750,0, 275, False, 4
1751,0, 275, False, 4
1752,0, 275, False, 4
1753,0, 275, False, 4
1754,0, 275, False, 4
1755,0, 275, False, 4
1756,0, 275, False, 4
1757,0, 275, False, 4
1758,0, 275, False, 4
1759,0, 275, False, 4
1760,0, 275, False, 4
1761,0, 275, False, 4
1762,0, 275, False, 4
1763,0, 275, False, 4
1764,0, 275, False, 4
1765,0, 275, False, 4
1766,0, 275, False, 4
1767,0, 275, False, 4
1768,0, 275, False, 4
1769,0, 275, False, 4
1770,0, 275, False, 4
1771,0, 275, False, 4
1772,0, 275, False, 4
1773,0, 275, False, 4
1774,0, 275, False, 4
1775,0, 275, False, 4
1776,0, 275, False, 4
1777,0, 275, False, 4
1778,0, 275, False, 4
1779,0, 275, False, 1
1780,0, 275, False, 1
1781,0, 275, False, 1
1782,0, 275, False, 1
1783,0, 275, False, 0
1784,0, 275, False, 0
1785,0, 275, False, 0
1786,0, 275, False, 0
1787,0, 275, False, 0
1788,0, 275, False, 0
1789,0, 275, False, 0
1790,0, 275, False, 0
1791,0, 275, False, 0
1792,0, 275, False, 0
1793,0, 275, False, 0
1794,0, 275, False, 0
1795,0, 275, False, 0
1796,0, 275, False, 1
1797,0, 275, False, 1
1798,0, 275, False, 1
1799,0, 275, False, 12
1800,0, 275, False, 4
1801,0, 275, False, 4
1802,0, 275, False, 4
1803,0, 275, False, 4
1804,0, 275, False, 4
1805,0, 275, False, 4
1806,0, 275, False, 4
1807,0, 275, False, 4
1808,0, 275, False, 4
1809,0, 275, False, 4
1810,0, 275, False, 4
1811,0, 275, False, 4
1812,0, 275, False, 4
1813,0, 275, False, 4
1814,0, 275, False, 4
1815,0, 275, False, 4
1816,0, 275, False, 4
1817,0, 275, False, 4
1818,0, 275, False, 4
1819,0, 275, False, 4
1820,0, 275, False, 4
1821,0, 275, False, 4
1822,0, 275, False, 4
1823,0, 275, False, 4
1824,0, 275, False, 4
1825,0, 275, False, 4
1826,0, 275, False, 12
1827,0, 275, False, 12
1828,0, 275, False, 12
1829,0, 275, False, 1
1830,0, 275, False, 1
1831,0, 275, False, 1
1832,0, 275, False, 1
1833,0, 275, False, 1
1834,0, 275, False, 4
1835,0, 275, False, 4
1836,0, 275, False, 4
1837,0, 275, False, 12
1838,0, 275, False, 12
1839,0, 275, False, 12
1840,0, 275, False, 12
1841,0, 275, False, 12
1842,0, 275, False, 12
1843,0, 275, False, 4
1844,0, 275, False, 4
1845,0, 275, False, 4
1846,0, 275, False, 4
1847,0, 275, False, 0
1848,0, 275, False, 0
1849,0, 275, False, 0
1850,0, 275, False, 0
1851,0, 275, False, 0
1852,0, 275, False, 0
1853,0, 275, False, 0
1854,0, 275, False, 0
1855,0, 275, False, 0
1856,0, 275, False, 0
1857,0, 275, False, 1
1858,0, 275, False, 1
1859,0, 275, False, 1
1860,0, 275, False, 1
1861,0, 275, False, 1
1862,0, 275, False, 1
1863,0, 275, False, 0
1864,0, 275, False, 0
1865,0, 275, False, 0
1866,0, 275, False, 0
1867,0, 275, False, 0
1868,0, 275, False, 1
1869,0, 275, False, 1
1870,0, 275, False, 1
1871,0, 275, False, 1
1872,0, 275, False, 0
1873,0, 275, False, 0
1874,0, 275, False, 0
1875,0, 275, False, 0
1876,0, 275, False, 0
1877,0, 275, False, 0
1878,0, 275, False, 1
1879,0, 275, False, 1
1880,0, 275, False, 1
1881,0, 275, False, 1
1882,0, 275, False, 1
1883,0, 275, False, 0
1884,0, 275, False, 0
1885,0, 275, False, 0
1886,0, 275, False, 0
1887,0, 275, False, 0
1888,0, 275, False, 1
1889,0, 275, False, 1
1890,0, 275, False, 1
1891,0, 275, False, 1
1892,0, 275, False, 1
1893,0, 275, False, 0
1894,0, 275, False, 0
1895,0, 275, False, 0
1896,0, 275, False, 0
1897,0, 275, False, 1
1898,0, 275, False, 1
1899,0, 275, False, 1
1900,15, 290, False, 1
1901,0, 290, False, 1
1902,0, 290, False, 1
1903,0, 290, False, 0
1904,0, 290, False, 0
1905,0, 290, False, 0
1906,0, 290, False, 0
1907,0, 290, False, 0
1908,0, 290, False, 0
1909,0, 290, False, 1
1910,0, 290, False, 1
1911,0, 290, False, 1
1912,5, 295, False, 1
1913,0, 295, False, 1
1914,0, 295, False, 0
1915,0, 295, False, 0
1916,0, 295, False, 0
1917,0, 295, False, 0
1918,0, 295, False, 12
1919,0, 295, False, 12
1920,0, 295, False, 12
1921,0, 295, False, 12
1922,0, 295, False, 4
1923,0, 295, False, 4
1924,0, 295, False, 4
1925,0, 295, False, 4
1926,0, 295, False, 1
1927,0, 295, False, 1
1928,0, 295, False, 1
1929,0, 295, False, 0
1930,0, 295, False, 0
1931,0, 295, False, 0
1932,0, 295, False, 0
1933,0, 295, False, 0
1934,10, 305, False, 0
1935,0, 305, False, 1
1936,0, 305, False, 1
1937,0, 305, False, 1
1938,0, 305, False, 1
1939,0, 305, False, 1
1940,0, 305, False, 1
1941,0, 305, False, 0
1942,0, 305, False, 0
1943,0, 305, False, 0
1944,0, 305, False, 0
1945,0, 305, False, 12
1946,0, 305, False, 12
1947,0, 305, False, 12
1948,0, 305, False, 12
1949,0, 305, False, 12
1950,0, 305, False, 4
1951,0, 305, False, 4
1952,0, 305, False, 4
1953,0, 305, False, 4
1954,0, 305, False, 4
1955,0, 305, False, 0
1956,0, 305, False, 0
1957,0, 305, False, 0
1958,0, 305, False, 0
1959,0, 305, False, 0
1960,0, 305, False, 0
1961,0, 305, False, 0
1962,0, 305, False, 0
1963,0, 305, False, 0
1964,0, 305, False, 0
1965,0, 305, False, 0
1966,0, 305, False, 0
1967,0, 305, False, 0
1968,0, 305, False, 4
1969,0, 305, False, 4
1970,0, 305, False, 4
1971,0, 305, False, 4
1972,20, 325, False, 4
1973,0, 325, False, 4
1974,0, 325, False, 4
1975,0, 325, False, 4
1976,0, 325, False, 4
1977,0, 325, False, 12
1978,0, 325, False, 12
1979,0, 325, False, 12
1980,0, 325, False, 12
1981,0, 325, False, 12
1982,0, 325, False, 0
1983,0, 325, False, 0
1984,0, 325, False, 0
1985,0, 325, False, 0
1986,0, 325, False, 0
1987,0, 325, False, 0
1988,0, 325, False, 0
1989,0, 325, False, 0
1990,0, 325, False, 0
1991,0, 325, False, 0
1992,0, 325, False, 0
1993,0, 325, False, 0
1994,0, 325, False, 0
1995,0, 325, False, 0
1996,0, 325, False, 0
1997,0, 325, False, 0
1998,0, 325, False, 3
1999,0, 325, False, 3
2000,0, 325, False, 3
2001,0, 325, False, 3
2002,0, 325, False, 3
2003,0, 325, False, 3
2004,0, 325, False, 3
2005,0, 325, False, 3
2006,0, 325, False, 3
2007,0, 325, False, 3
2008,0, 325, False, 3
2009,0, 325, False, 3
2010,0, 325, False, 3
2011,0, 325, False, 3
2012,0, 325, False, 3
2013,0, 325, False, 3
2014,0, 325, False, 3
2015,0, 325, False, 3
2016,0, 325, False, 3
2017,0, 325, False, 3
2018,0, 325, False, 3
2019,0, 325, False, 3
2020,0, 325, False, 3
2021,0, 325, False, 3
2022,0, 325, False, 3
2023,0, 325, False, 3
2024,0, 325, False, 3
2025,0, 325, False, 3
2026,0, 325, False, 3
2027,0, 325, False, 11
2028,0, 325, False, 11
2029,0, 325, False, 11
2030,0, 325, False, 11
2031,0, 325, False, 11
2032,0, 325, False, 11
2033,0, 325, False, 3
2034,0, 325, False, 3
2035,0, 325, False, 0
2036,0, 325, False, 0
2037,0, 325, False, 0
2038,0, 325, False, 1
2039,0, 325, False, 1
2040,0, 325, False, 1
2041,0, 325, False, 1
2042,0, 325, False, 1
2043,0, 325, False, 1
2044,0, 325, False, 0
2045,0, 325, False, 0
2046,0, 325, False, 0
2047,0, 325, False, 0
2048,0, 325, False, 1
2049,0, 325, False, 1
2050,0, 325, False, 1
2051,0, 325, False, 1
2052,0, 325, False, 1
2053,0, 325, False, 1
2054,0, 325, False, 0
2055,0, 325, False, 0
2056,0, 325, False, 0
2057,0, 325, False, 0
2058,0, 325, False, 0
2059,0, 325, False, 1
2060,0, 325, False, 1
2061,0, 325, False, 1
2062,0, 325, False, 1
2063,0, 325, False, 1
2064,0, 325, False, 1
2065,0, 325, False, 0
2066,0, 325, False, 0
2067,0, 325, False, 0
2068,0, 325, False, 4
2069,0, 325, False, 4
2070,0, 325, False, 12
2071,0, 325, False, 12
2072,0, 325, False, 12
2073,0, 325, False, 4
2074,0, 325, False, 4
2075,0, 325, False, 0
2076,0, 325, False, 0
2077,0, 325, False, 0
2078,0, 325, False, 0
2079,0, 325, False, 1
2080,0, 325, False, 1
2081,0, 325, False, 1
2082,0, 325, False, 1
2083,0, 325, False, 0
2084,0, 325, False, 0
2085,0, 325, False, 0
2086,15, 340, False, 0
2087,0, 340, False, 0
2088,0, 340, False, 0
2089,0, 340, False, 1
2090,0, 340, False, 1
2091,0, 340, False, 1
2092,0, 340, False, 1
2093,0, 340, False, 1
2094,0, 340, False, 1
2095,0, 340, False, 0
2096,0, 340, False, 0
2097,0, 340, False, 0
2098,0, 340, False, 0
2099,0, 340, False, 0
2100,0, 340, False, 11
2101,0, 340, False, 11
2102,0, 340, False, 11
2103,0, 340, False, 11
2104,0, 340, False, 3
2105,0, 340, False, 3
2106,0, 340, False, 3
2107,0, 340, False, 3
2108,0, 340, False, 3
2109,0, 340, False, 3
2110,0, 340, False, 3
2111,0, 340, False, 3
2112,0, 340, False, 3
2113,0, 340, False, 3
2114,0, 340, False, 3
2115,0, 340, False, 3
2116,0, 340, False, 3
2117,0, 340, False, 3
2118,0, 340, False, 3
2119,0, 340, False, 3
2120,0, 340, False, 3
2121,0, 340, False, 3
2122,0, 340, False, 3
2123,0, 340, False, 3
2124,0, 340, False, 3
2125,0, 340, False, 3
2126,0, 340, False, 0
2127,0, 340, False, 0
2128,0, 340, False, 0
2129,0, 340, False, 0
2130,0, 340, False, 0
2131,0, 340, False, 0
2132,0, 340, False, 0
2133,0, 340, False, 3
2134,0, 340, False, 3
2135,0, 340, False, 3
2136,0, 340, False, 3
2137,0, 340, False, 3
2138,0, 340, False, 3
2139,0, 340, False, 3
2140,0, 340, False, 0
2141,0, 340, False, 1
2142,0, 340, False, 1
2143,0, 340, False, 1
2144,0, 340, False, 1
2145,0, 340, False, 1
2146,0, 340, False, 1
2147,0, 340, False, 0
2148,0, 340, False, 0
2149,0, 340, False, 0
2150,0, 340, False, 0
2151,0, 340, False, 0
2152,0, 340, False, 0
2153,0, 340, False, 1
2154,0, 340, False, 1
2155,0, 340, False, 1
2156,0, 340, False, 1
2157,0, 340, False, 1
2158,0, 340, False, 1
2159,0, 340, False, 1
2160,0, 340, False, 0
2161,0, 340, False, 0
2162,0, 340, False, 0
2163,0, 340, False, 0
2164,0, 340, False, 0
2165,0, 340, False, 0
2166,0, 340, False, 1
2167,0, 340, False, 1
2168,0, 340, False, 1
2169,0, 340, False, 1
2170,0, 340, False, 1
2171,0, 340, False, 1
2172,0, 340, False, 1
2173,0, 340, False, 0
2174,0, 340, False, 3
2175,0, 340, False, 3
2176,0, 340, False, 3
2177,0, 340, False, 11
2178,0, 340, False, 11
2179,0, 340, False, 11
2180,0, 340, False, 11
2181,0, 340, False, 11
2182,0, 340, False, 11
2183,0, 340, False, 11
2184,0, 340, False, 11
2185,0, 340, False, 3
2186,0, 340, False, 3
2187,0, 340, False, 3
2188,0, 340, False, 3
2189,0, 340, False, 0
2190,0, 340, False, 1
2191,0, 340, False, 1
2192,0, 340, False, 1
2193,0, 340, False, 1
2194,0, 340, False, 1
2195,0, 340, False, 1
2196,0, 340, False, 0
2197,0, 340, False, 0
2198,0, 340, False, 0
2199,0, 340, False, 0
2200,0, 340, False, 1
2201,0, 340, False, 1
2202,0, 340, False, 1
2203,0, 340, False, 1
2204,0, 340, False, 1
2205,0, 340, False, 1
2206,0, 340, False, 0
2207,0, 340, False, 0
2208,20, 360, False, 0
2209,0, 360, False, 0
2210,0, 360, False, 0
2211,0, 360, False, 0
2212,0, 360, False, 0
2213,0, 360, False, 1
2214,0, 360, False, 1
2215,0, 360, False, 1
2216,0, 360, False, 1
2217,0, 360, False, 1
2218,0, 360, False, 1
2219,0, 360, False, 1
2220,0, 360, False, 3
2221,0, 360, False, 3
2222,0, 360, False, 3
2223,0, 360, False, 3
2224,0, 360, False, 3
2225,0, 360, False, 11
2226,0, 360, False, 11
2227,0, 360, False, 1
2228,0, 360, False, 1
2229,0, 360, False, 1
2230,0, 360, False, 1
2231,0, 360, False, 1
2232,0, 360, False, 0
2233,0, 360, False, 0
2234,0, 360, False, 0
2235,0, 360, False, 0
2236,0, 360, False, 0
2237,0, 360, False, 0
2238,0, 360, False, 0
2239,0, 360, False, 0
2240,0, 360, False, 0
2241,0, 360, False, 0
2242,0, 360, False, 0
2243,0, 360, False, 1
2244,0, 360, False, 1
2245,0, 360, False, 1
2246,0, 360, False, 1
2247,0, 360, False, 1
2248,0, 360, False, 0
2249,0, 360, False, 0
2250,0, 360, False, 0
2251,0, 360, False, 0
2252,0, 360, False, 1
2253,0, 360, False, 1
2254,25, 385, False, 1
2255,0, 385, False, 11
2256,0, 385, False, 11
2257,0, 385, False, 3
2258,0, 385, False, 3
2259,0, 385, False, 3
2260,0, 385, False, 3
2261,0, 385, False, 3
2262,0, 385, False, 3
2263,0, 385, False, 11
2264,0, 385, False, 1
2265,0, 385, False, 1
2266,0, 385, False, 1
2267,0, 385, False, 1
2268,0, 385, False, 0
2269,0, 385, False, 0
2270,0, 385, False, 0
2271,0, 385, False, 0
2272,0, 385, False, 0
2273,0, 385, False, 1
2274,0, 385, False, 1
2275,0, 385, False, 1
2276,0, 385, False, 1
2277,0, 385, False, 1
2278,0, 385, False, 0
2279,0, 385, False, 0
2280,0, 385, False, 0
2281,0, 385, False, 0
2282,0, 385, False, 0
2283,0, 385, False, 0
2284,0, 385, False, 1
2285,0, 385, False, 1
2286,0, 385, False, 1
2287,0, 385, False, 1
2288,0, 385, False, 1
2289,0, 385, False, 1
2290,0, 385, False, 0
2291,0, 385, False, 0
2292,0, 385, False, 0
2293,0, 385, False, 0
2294,0, 385, False, 0
2295,0, 385, False, 0
2296,0, 385, False, 1
2297,0, 385, False, 1
2298,0, 385, False, 1
2299,0, 385, False, 11
2300,0, 385, False, 11
2301,0, 385, False, 3
2302,0, 385, False, 3
2303,0, 385, False, 3
2304,30, 415, False, 3
2305,0, 415, False, 3
2306,0, 415, False, 3
2307,0, 415, False, 3
2308,0, 415, False, 11
2309,0, 415, False, 11
2310,0, 415, False, 11
2311,0, 415, False, 11
2312,0, 415, False, 11
2313,0, 415, False, 11
2314,0, 415, False, 11
2315,0, 415, False, 3
2316,0, 415, False, 3
2317,0, 415, False, 3
2318,0, 415, False, 0
2319,0, 415, False, 0
2320,0, 415, False, 0
2321,0, 415, False, 1
2322,0, 415, False, 1
2323,0, 415, False, 1
2324,0, 415, False, 1
2325,0, 415, False, 1
2326,0, 415, False, 1
2327,0, 415, False, 0
2328,0, 415, False, 0
2329,0, 415, False, 0
2330,0, 415, False, 0
2331,0, 415, False, 0
2332,0, 415, False, 0
2333,0, 415, False, 1
2334,0, 415, False, 1
2335,0, 415, False, 1
2336,0, 415, False, 1
2337,0, 415, False, 11
2338,0, 415, False, 3
2339,0, 415, False, 3
2340,0, 415, False, 3
2341,0, 415, False, 3
2342,0, 415, False, 3
2343,0, 415, False, 3
2344,0, 415, False, 3
2345,0, 415, False, 3
2346,0, 415, False, 3
2347,0, 415, False, 3
2348,0, 415, False, 3
2349,0, 415, False, 0
2350,0, 415, False, 0
2351,0, 415, False, 0
2352,0, 415, False, 0
2353,0, 415, False, 0
2354,0, 415, False, 0
2355,0, 415, False, 0
2356,0, 415, False, 0
2357,0, 415, False, 0
2358,0, 415, False, 0
2359,0, 415, False, 0
2360,0, 415, False, 0
2361,0, 415, False, 0
2362,0, 415, False, 0
2363,0, 415, False, 0
2364,0, 415, False, 0
2365,0, 415, False, 0
2366,0, 415, False, 0
2367,0, 415, False, 0
2368,0, 415, False, 0
2369,0, 415, False, 0
2370,0, 415, False, 0
2371,0, 415, False, 0
2372,0, 415, False, 0
2373,0, 415, False, 0
2374,0, 415, False, 0
2375,0, 415, False, 0
2376,0, 415, False, 0
2377,0, 415, False, 0
2378,0, 415, False, 0
2379,0, 415, False, 0
2380,0, 415, False, 0
2381,0, 415, False, 0
2382,0, 415, False, 0
2383,0, 415, False, 0
2384,0, 415, False, 0
2385,0, 415, False, 0
2386,0, 415, False, 0
2387,0, 415, False, 0
2388,0, 415, False, 0
2389,0, 415, False, 0
2390,0, 415, False, 0
2391,0, 415, False, 0
2392,0, 415, False, 3
2393,0, 415, False, 3
2394,0, 415, False, 3
2395,0, 415, False, 0
2396,0, 415, False, 1
2397,0, 415, False, 1
2398,0, 415, False, 1
2399,0, 415, False, 1
2400,0, 415, False, 1
2401,0, 415, False, 1
2402,0, 415, False, 1
2403,0, 415, False, 0
2404,0, 415, False, 0
2405,0, 415, False, 0
2406,0, 415, False, 0
2407,0, 415, False, 0
2408,0, 415, False, 0
2409,0, 415, False, 0
2410,0, 415, False, 0
2411,0, 415, False, 3
2412,0, 415, False, 3
2413,0, 415, False, 3
2414,0, 415, False, 3
2415,0, 415, False, 3
2416,0, 415, False, 3
2417,0, 415, False, 3
2418,0, 415, False, 3
2419,0, 415, False, 3
2420,0, 415, False, 3
2421,0, 415, False, 3
2422,0, 415, False, 3
2423,0, 415, False, 3
2424,0, 415, False, 3
2425,0, 415, False, 3
2426,0, 415, False, 3
2427,0, 415, False, 3
2428,0, 415, False, 3
2429,0, 415, False, 3
2430,0, 415, False, 3
2431,0, 415, False, 3
2432,0, 415, False, 3
2433,0, 415, False, 3
2434,0, 415, False, 3
2435,0, 415, False, 3
2436,0, 415, False, 3
2437,0, 415, False, 3
2438,0, 415, False, 3
2439,0, 415, False, 3
2440,0, 415, False, 3
2441,0, 415, False, 3
2442,0, 415, False, 3
2443,0, 415, False, 3
2444,0, 415, False, 3
2445,0, 415, False, 0
2446,0, 415, False, 0
2447,0, 415, False, 0
2448,0, 415, False, 0
2449,0, 415, False, 1
2450,0, 415, False, 1
2451,0, 415, False, 1
2452,0, 415, False, 1
2453,0, 415, False, 1
2454,0, 415, False, 1
2455,0, 415, False, 0
2456,0, 415, False, 0
2457,0, 415, False, 0
2458,0, 415, False, 0
2459,0, 415, False, 0
2460,0, 415, False, 0
2461,0, 415, False, 0
2462,0, 415, False, 0
2463,0, 415, False, 0
2464,0, 415, False, 0
2465,0, 415, False, 0
2466,0, 415, False, 0
2467,0, 415, False, 0
2468,0, 415, False, 1
2469,0, 415, False, 1
2470,0, 415, False, 1
2471,0, 415, False, 1
2472,0, 415, False, 1
2473,0, 415, False, 1
2474,0, 415, False, 1
2475,0, 415, False, 0
2476,0, 415, False, 0
2477,0, 415, False, 0
2478,0, 415, False, 0
2479,0, 415, False, 0
2480,0, 415, False, 1
2481,0, 415, False, 1
2482,0, 415, False, 1
2483,0, 415, False, 1
2484,0, 415, False, 1
2485,0, 415, False, 1
2486,0, 415, False, 0
2487,0, 415, False, 0
2488,0, 415, False, 0
2489,0, 415, False, 0
2490,0, 415, False, 0
2491,0, 415, False, 0
2492,0, 415, False, 1
2493,0, 415, False, 1
2494,0, 415, False, 1
2495,0, 415, False, 1
2496,0, 415, False, 1
2497,0, 415, False, 0
2498,0, 415, False, 0
2499,0, 415, False, 0
2500,0, 415, False, 0
2501,0, 415, False, 0
2502,0, 415, False, 1
2503,0, 415, False, 1
2504,0, 415, False, 1
2505,0, 415, False, 1
2506,0, 415, False, 1
2507,0, 415, False, 0
2508,20, 435, False, 0
2509,0, 435, False, 0
2510,0, 435, False, 0
2511,0, 435, False, 0
2512,0, 435, False, 0
2513,0, 435, False, 0
2514,0, 435, False, 1
2515,0, 435, False, 1
2516,0, 435, False, 1
2517,0, 435, False, 1
2518,0, 435, False, 1
2519,0, 435, False, 1
2520,0, 435, False, 1
2521,0, 435, False, 1
2522,0, 435, False, 1
2523,0, 435, False, 4
2524,0, 435, False, 4
2525,0, 435, False, 4
2526,0, 435, False, 4
2527,0, 435, False, 4
2528,0, 435, False, 4
2529,0, 435, False, 4
2530,0, 435, False, 4
2531,0, 435, False, 4
2532,0, 435, False, 4
2533,0, 435, False, 4
2534,0, 435, False, 12
2535,0, 435, False, 12
2536,0, 435, False, 12
2537,0, 435, False, 12
2538,0, 435, False, 12
2539,0, 435, False, 12
2540,0, 435, False, 4
2541,0, 435, False, 4
2542,0, 435, False, 4
2543,0, 435, False, 4
2544,0, 435, False, 4
2545,0, 435, False, 4
2546,0, 435, False, 0
2547,0, 435, False, 0
2548,0, 435, False, 0
2549,0, 435, False, 0
2550,0, 435, False, 0
2551,0, 435, False, 0
2552,0, 435, False, 0
2553,0, 435, False, 0
2554,0, 435, False, 0
2555,0, 435, False, 0
2556,0, 435, False, 0
2557,0, 435, False, 0
2558,0, 435, False, 0
2559,0, 435, False, 0
2560,0, 435, False, 0
2561,0, 435, False, 0
2562,0, 435, False, 0
2563,0, 435, False, 12
2564,0, 435, False, 12
2565,0, 435, False, 12
2566,0, 435, False, 12
2567,0, 435, False, 12
2568,0, 435, False, 12
2569,0, 435, False, 12
2570,0, 435, False, 4
2571,0, 435, False, 4
2572,0, 435, False, 4
2573,0, 435, False, 4
2574,0, 435, False, 4
2575,0, 435, False, 4
2576,0, 435, False, 4
2577,0, 435, False, 4
2578,0, 435, False, 4
2579,0, 435, False, 4
2580,0, 435, False, 4
2581,0, 435, False, 12
2582,0, 435, False, 12
2583,0, 435, False, 12
2584,0, 435, False, 12
2585,0, 435, False, 12
2586,0, 435, False, 12
2587,0, 435, False, 4
2588,0, 435, False, 4
2589,0, 435, False, 4
2590,0, 435, False, 4
2591,0, 435, False, 4
2592,0, 435, False, 0
2593,0, 435, False, 0
2594,0, 435, False, 0
2595,0, 435, False, 0
2596,0, 435, False, 1
2597,0, 435, False, 1
2598,0, 435, False, 1
2599,0, 435, False, 1
2600,0, 435, False, 1
2601,0, 435, False, 1
2602,0, 435, False, 12
2603,0, 435, False, 12
2604,0, 435, False, 0
2605,0, 435, False, 0
2606,0, 435, False, 0
2607,0, 435, False, 0
2608,0, 435, False, 0
2609,0, 435, False, 0
2610,0, 435, False, 1
2611,0, 435, False, 1
2612,0, 435, False, 1
2613,0, 435, False, 1
2614,0, 435, False, 1
2615,0, 435, False, 1
2616,0, 435, False, 1
2617,0, 435, False, 0
2618,0, 435, False, 0
2619,0, 435, False, 0
2620,0, 435, False, 0
2621,0, 435, False, 0
2622,0, 435, False, 0
2623,0, 435, False, 0
2624,0, 435, False, 0
2625,0, 435, False, 0
2626,0, 435, False, 0
2627,0, 435, False, 0
2628,0, 435, False, 0
2629,0, 435, False, 0
2630,0, 435, False, 0
2631,0, 435, False, 0
2632,0, 435, False, 0
2633,0, 435, False, 0
2634,0, 435, False, 0
2635,0, 435, False, 0
2636,0, 435, False, 0
2637,0, 435, False, 0
2638,30, 465, False, 0
2639,0, 465, False, 0
2640,0, 465, False, 0
2641,0, 465, False, 0
2642,0, 465, False, 0
2643,0, 465, False, 3
2644,0, 465, False, 3
2645,0, 465, False, 3
2646,0, 465, False, 3
2647,0, 465, False, 3
2648,0, 465, False, 3
2649,0, 465, False, 3
2650,0, 465, False, 3
2651,0, 465, False, 3
2652,0, 465, False, 0
2653,0, 465, False, 0
2654,0, 465, False, 0
2655,0, 465, False, 0
2656,0, 465, False, 0
2657,0, 465, False, 0
2658,0, 465, False, 0
2659,0, 465, False, 0
2660,0, 465, False, 0
2661,0, 465, False, 0
2662,0, 465, False, 0
2663,0, 465, False, 4
2664,0, 465, False, 4
2665,0, 465, False, 0
2666,0, 465, False, 0
2667,0, 465, False, 1
2668,0, 465, False, 1
2669,0, 465, False, 1
2670,0, 465, False, 1
2671,0, 465, False, 1
2672,0, 465, False, 1
2673,0, 465, False, 1
2674,0, 465, False, 1
2675,0, 465, False, 4
2676,0, 465, False, 4
2677,0, 465, False, 4
2678,0, 465, False, 4
2679,0, 465, False, 4
2680,0, 465, False, 4
2681,0, 465, False, 4
2682,0, 465, False, 4
2683,0, 465, False, 4
2684,0, 465, False, 4
2685,0, 465, False, 4
2686,0, 465, False, 4
2687,0, 465, False, 4
2688,0, 465, False, 4
2689,0, 465, False, 4
2690,0, 465, False, 4
2691,0, 465, False, 4
2692,0, 465, False, 4
2693,0, 465, False, 4
2694,0, 465, False, 4
2695,0, 465, False, 4
2696,0, 465, False, 0
2697,0, 465, False, 0
2698,0, 465, False, 0
2699,0, 465, False, 0
2700,0, 465, False, 0
2701,0, 465, False, 0
2702,0, 465, False, 0
2703,0, 465, False, 0
2704,0, 465, False, 0
2705,0, 465, False, 0
2706,30, 495, False, 0
2707,0, 495, False, 0
2708,0, 495, False, 0
2709,0, 495, False, 0
2710,0, 495, False, 0
2711,0, 495, False, 0
2712,0, 495, False, 0
2713,0, 495, False, 0
2714,0, 495, False, 0
2715,0, 495, False, 0
2716,0, 495, False, 0
2717,0, 495, False, 0
2718,0, 495, False, 0
2719,0, 495, False, 0
2720,0, 495, False, 0
2721,0, 495, False, 0
2722,0, 495, False, 0
2723,0, 495, False, 0
2724,0, 495, False, 0
2725,0, 495, False, 0
2726,0, 495, False, 0
2727,0, 495, False, 0
2728,0, 495, False, 0
2729,0, 495, False, 4
2730,0, 495, False, 4
2731,0, 495, False, 4
2732,0, 495, False, 4
2733,0, 495, False, 4
2734,0, 495, False, 4
2735,0, 495, False, 4
2736,0, 495, False, 4
2737,0, 495, False, 4
2738,0, 495, False, 4
2739,0, 495, False, 4
2740,0, 495, False, 4
2741,0, 495, False, 4
2742,0, 495, False, 4
2743,0, 495, False, 4
2744,0, 495, False, 4
2745,0, 495, False, 4
2746,0, 495, False, 4
2747,0, 495, False, 4
2748,0, 495, False, 4
2749,0, 495, False, 4
2750,0, 495, False, 4
2751,0, 495, False, 4
2752,0, 495, False, 4
2753,0, 495, False, 4
2754,0, 495, False, 4
2755,0, 495, False, 4
2756,0, 495, False, 4
2757,0, 495, False, 4
2758,0, 495, False, 4
2759,0, 495, False, 4
2760,0, 495, False, 4
2761,0, 495, False, 4
2762,0, 495, False, 4
2763,0, 495, False, 4
2764,0, 495, False, 4
2765,0, 495, False, 4
2766,0, 495, False, 4
2767,0, 495, False, 4
2768,0, 495, False, 4
2769,0, 495, False, 4
2770,0, 495, False, 4
2771,0, 495, False, 4
2772,0, 495, False, 4
2773,0, 495, False, 4
2774,0, 495, False, 4
2775,0, 495, False, 4
2776,0, 495, False, 4
2777,0, 495, False, 4
2778,0, 495, False, 0
2779,0, 495, False, 0
2780,0, 495, False, 0
2781,0, 495, False, 0
2782,0, 495, False, 3
2783,0, 495, False, 3
2784,0, 495, False, 3
2785,0, 495, False, 3
2786,0, 495, False, 3
2787,0, 495, False, 3
2788,0, 495, False, 3
2789,0, 495, False, 3
2790,0, 495, False, 3
2791,0, 495, False, 3
2792,0, 495, False, 3
2793,0, 495, False, 3
2794,0, 495, False, 3
2795,0, 495, False, 3
2796,0, 495, False, 3
2797,0, 495, False, 3
2798,0, 495, False, 3
2799,0, 495, False, 3
2800,0, 495, False, 3
2801,0, 495, False, 3
2802,0, 495, False, 3
2803,0, 495, False, 3
2804,0, 495, False, 3
2805,0, 495, False, 3
2806,0, 495, False, 0
2807,0, 495, False, 1
2808,0, 495, False, 1
2809,0, 495, False, 1
2810,0, 495, False, 1
2811,0, 495, False, 1
2812,0, 495, False, 1
2813,0, 495, False, 1
2814,0, 495, False, 0
2815,0, 495, False, 0
2816,0, 495, False, 0
2817,0, 495, False, 0
2818,0, 495, False, 0
2819,0, 495, False, 0
2820,0, 495, False, 0
2821,0, 495, False, 0
2822,0, 495, False, 0
2823,0, 495, False, 0
2824,0, 495, False, 0
2825,0, 495, False, 0
2826,0, 495, False, 0
2827,0, 495, False, 0
2828,0, 495, False, 0
2829,0, 495, False, 0
2830,0, 495, False, 0
2831,0, 495, False, 0
2832,0, 495, False, 0
2833,0, 495, False, 0
2834,0, 495, False, 0
2835,0, 495, False, 0
2836,0, 495, False, 12
2837,0, 495, False, 12
2838,0, 495, False, 12
2839,0, 495, False, 4
2840,0, 495, False, 4
2841,0, 495, False, 4
2842,0, 495, False, 4
2843,0, 495, False, 4
2844,0, 495, False, 4
2845,0, 495, False, 4
2846,0, 495, False, 4
2847,0, 495, False, 12
2848,0, 495, False, 12
2849,0, 495, False, 1
2850,0, 495, False, 1
2851,0, 495, False, 1
2852,0, 495, False, 0
2853,0, 495, False, 0
2854,0, 495, False, 0
2855,0, 495, False, 0
2856,0, 495, False, 0
2857,0, 495, False, 0
2858,0, 495, False, 1
2859,0, 495, False, 1
2860,0, 495, False, 1
2861,0, 495, False, 1
2862,0, 495, False, 1
2863,0, 495, False, 4
2864,0, 495, False, 4
2865,0, 495, False, 0
2866,0, 495, False, 0
2867,0, 495, False, 0
2868,0, 495, False, 0
2869,0, 495, False, 1
2870,0, 495, False, 1
2871,0, 495, False, 1
2872,0, 495, False, 1
2873,0, 495, False, 1
2874,0, 495, False, 0
2875,0, 495, False, 0
2876,0, 495, False, 0
2877,0, 495, False, 0
2878,0, 495, False, 0
2879,0, 495, False, 0
2880,0, 495, False, 1
2881,0, 495, False, 1
2882,0, 495, False, 1
2883,0, 495, False, 1
2884,0, 495, False, 0
2885,0, 495, False, 0
2886,0, 495, False, 0
2887,0, 495, False, 0
2888,0, 495, False, 0
2889,0, 495, False, 0
2890,0, 495, False, 1
2891,0, 495, False, 1
2892,0, 495, False, 1
2893,0, 495, False, 1
2894,0, 495, False, 1
2895,0, 495, False, 0
2896,0, 495, False, 0
2897,0, 495, False, 0
2898,0, 495, False, 0
2899,0, 495, False, 0
2900,0, 495, False, 1
2901,0, 495, False, 1
2902,0, 495, False, 1
2903,0, 495, False, 1
2904,0, 495, False, 1
2905,0, 495, False, 1
2906,0, 495, False, 0
2907,0, 495, False, 0
2908,0, 495, False, 0
2909,0, 495, False, 0
2910,0, 495, False, 1
2911,0, 495, False, 1
2912,0, 495, False, 1
2913,0, 495, False, 1
2914,0, 495, False, 0
2915,0, 495, False, 0
2916,0, 495, False, 0
2917,0, 495, False, 0
2918,0, 495, False, 0
2919,0, 495, False, 0
2920,0, 495, False, 0
2921,0, 495, False, 3
2922,0, 495, False, 3
2923,0, 495, False, 3
2924,0, 495, False, 3
2925,0, 495, False, 3
2926,0, 495, False, 3
2927,0, 495, False, 3
2928,0, 495, False, 3
2929,0, 495, False, 3
2930,0, 495, False, 3
2931,0, 495, False, 3
2932,0, 495, False, 3
2933,0, 495, False, 3
2934,0, 495, False, 3
2935,0, 495, False, 3
2936,0, 495, False, 3
2937,0, 495, False, 3
2938,0, 495, False, 3
2939,0, 495, False, 3
2940,0, 495, False, 3
2941,0, 495, False, 3
2942,0, 495, False, 3
2943,0, 495, False, 3
2944,0, 495, False, 3
2945,0, 495, False, 3
2946,0, 495, False, 3
2947,0, 495, False, 3
2948,0, 495, False, 3
2949,0, 495, False, 3
2950,0, 495, False, 3
2951,0, 495, False, 3
2952,0, 495, False, 3
2953,0, 495, False, 3
2954,0, 495, False, 3
2955,0, 495, False, 3
2956,0, 495, False, 3
2957,0, 495, False, 3
2958,0, 495, False, 3
2959,0, 495, False, 3
2960,0, 495, False, 3
2961,0, 495, False, 3
2962,0, 495, False, 3
2963,0, 495, False, 3
2964,0, 495, False, 3
2965,0, 495, False, 3
2966,0, 495, False, 3
2967,0, 495, False, 3
2968,0, 495, False, 3
2969,0, 495, False, 3
2970,0, 495, False, 3
2971,0, 495, False, 3
2972,0, 495, False, 3
2973,0, 495, False, 3
2974,0, 495, False, 3
2975,0, 495, False, 3
2976,0, 495, False, 3
2977,0, 495, False, 11
2978,0, 495, False, 11
2979,0, 495, False, 1
2980,0, 495, False, 1
2981,0, 495, False, 1
2982,0, 495, False, 1
2983,0, 495, False, 1
2984,0, 495, False, 0
2985,0, 495, False, 0
2986,0, 495, False, 0
2987,0, 495, False, 0
2988,0, 495, False, 0
2989,0, 495, False, 0
2990,0, 495, False, 0
2991,0, 495, False, 0
2992,0, 495, False, 0
2993,0, 495, False, 0
2994,0, 495, False, 0
2995,0, 495, False, 0
2996,0, 495, False, 0
2997,0, 495, False, 0
2998,25, 520, False, 0
2999,0, 520, False, 0
3000,0, 520, False, 0
3001,0, 520, False, 0
3002,0, 520, False, 0
3003,0, 520, False, 0
3004,0, 520, False, 0
3005,0, 520, False, 3
3006,0, 520, False, 3
3007,0, 520, False, 3
3008,0, 520, False, 3
3009,0, 520, False, 3
3010,0, 520, False, 3
3011,0, 520, False, 3
3012,0, 520, False, 3
3013,0, 520, False, 3
3014,0, 520, False, 3
3015,0, 520, False, 3
3016,0, 520, False, 3
3017,0, 520, False, 3
3018,0, 520, False, 3
3019,0, 520, False, 3
3020,0, 520, False, 3
3021,0, 520, False, 3
3022,0, 520, False, 3
3023,0, 520, False, 3
3024,0, 520, False, 3
3025,0, 520, False, 3
3026,0, 520, False, 3
3027,0, 520, False, 3
3028,0, 520, False, 3
3029,0, 520, False, 3
3030,0, 520, False, 0
3031,0, 520, False, 0
3032,0, 520, False, 0
3033,0, 520, False, 0
3034,0, 520, False, 0
3035,0, 520, False, 0
3036,0, 520, False, 0
3037,0, 520, False, 0
3038,0, 520, False, 0
3039,0, 520, False, 0
3040,0, 520, False, 0
3041,0, 520, False, 0
3042,0, 520, False, 0
3043,0, 520, False, 0
3044,0, 520, False, 0
3045,0, 520, False, 0
3046,0, 520, False, 0
3047,0, 520, False, 0
3048,0, 520, False, 0
3049,0, 520, False, 0
3050,0, 520, False, 0
3051,0, 520, False, 0
3052,0, 520, False, 0
3053,0, 520, False, 0
3054,0, 520, False, 0
3055,0, 520, False, 0
3056,0, 520, False, 0
3057,0, 520, False, 0
3058,0, 520, False, 0
3059,0, 520, False, 3
3060,0, 520, False, 3
3061,0, 520, False, 3
3062,0, 520, False, 3
3063,0, 520, False, 3
3064,0, 520, False, 3
3065,0, 520, False, 3
3066,0, 520, False, 3
3067,0, 520, False, 3
3068,0, 520, False, 3
3069,0, 520, False, 3
3070,0, 520, False, 3
3071,0, 520, False, 0
3072,0, 520, False, 0
3073,0, 520, False, 0
3074,0, 520, False, 0
3075,0, 520, False, 0
3076,0, 520, False, 0
3077,0, 520, False, 0
3078,0, 520, False, 0
3079,0, 520, False, 0
3080,0, 520, False, 0
3081,0, 520, False, 0
3082,0, 520, False, 0
3083,0, 520, False, 1
3084,0, 520, False, 1
3085,0, 520, False, 1
3086,0, 520, False, 1
3087,0, 520, False, 1
3088,0, 520, False, 1
3089,0, 520, False, 0
3090,0, 520, False, 0
3091,0, 520, False, 0
3092,0, 520, False, 0
3093,0, 520, False, 0
3094,0, 520, False, 0
3095,0, 520, False, 0
3096,0, 520, False, 4
3097,0, 520, False, 4
3098,0, 520, False, 4
3099,0, 520, False, 4
3100,0, 520, False, 4
3101,0, 520, False, 4
3102,0, 520, False, 4
3103,0, 520, False, 4
3104,0, 520, False, 4
3105,0, 520, False, 4
3106,0, 520, False, 4
3107,0, 520, False, 4
3108,0, 520, False, 4
3109,0, 520, False, 4
3110,0, 520, False, 4
3111,0, 520, False, 4
3112,0, 520, False, 4
3113,0, 520, False, 4
3114,0, 520, False, 4
3115,0, 520, False, 4
3116,0, 520, False, 4
3117,0, 520, False, 4
3118,0, 520, False, 4
3119,0, 520, False, 4
3120,0, 520, False, 4
3121,0, 520, False, 4
3122,0, 520, False, 0
3123,0, 520, False, 0
3124,0, 520, False, 0
3125,0, 520, False, 0
3126,0, 520, False, 0
3127,0, 520, False, 0
3128,0, 520, False, 0
3129,0, 520, False, 0
3130,0, 520, False, 0
3131,0, 520, False, 0
3132,0, 520, False, 0
3133,0, 520, False, 0
3134,0, 520, False, 0
3135,0, 520, False, 0
3136,0, 520, False, 0
3137,0, 520, False, 0
3138,0, 520, False, 0
3139,0, 520, False, 0
3140,0, 520, False, 0
3141,0, 520, False, 0
3142,0, 520, False, 0
3143,0, 520, False, 4
3144,0, 520, False, 4
3145,0, 520, False, 4
3146,0, 520, False, 4
3147,0, 520, False, 4
3148,0, 520, False, 4
3149,0, 520, False, 4
3150,0, 520, False, 4
3151,0, 520, False, 12
3152,0, 520, False, 12
3153,0, 520, False, 12
3154,0, 520, False, 4
3155,0, 520, False, 0
3156,0, 520, False, 0
3157,0, 520, False, 0
3158,0, 520, False, 0
3159,0, 520, False, 0
3160,0, 520, False, 0
3161,0, 520, False, 0
3162,0, 520, False, 0
3163,0, 520, False, 0
3164,0, 520, False, 0
3165,0, 520, False, 0
3166,0, 520, False, 0
3167,0, 520, False, 0
3168,0, 520, False, 0
3169,0, 520, False, 0
3170,0, 520, False, 0
3171,0, 520, False, 0
3172,0, 520, False, 0
3173,0, 520, False, 0
3174,0, 520, False, 0
3175,0, 520, False, 0
3176,0, 520, False, 0
3177,0, 520, False, 0
3178,0, 520, False, 0
3179,0, 520, False, 0
3180,0, 520, False, 1
3181,0, 520, False, 1
3182,0, 520, False, 1
3183,0, 520, False, 1
3184,0, 520, False, 1
3185,0, 520, False, 1
3186,0, 520, False, 0
3187,0, 520, False, 0
3188,0, 520, False, 0
3189,0, 520, False, 0
3190,0, 520, False, 0
3191,0, 520, False, 0
3192,0, 520, False, 0
3193,0, 520, False, 3
3194,0, 520, False, 3
3195,0, 520, False, 3
3196,0, 520, False, 3
3197,0, 520, False, 3
3198,0, 520, False, 3
3199,0, 520, False, 3
3200,0, 520, False, 3
3201,0, 520, False, 3
3202,0, 520, False, 3
3203,0, 520, False, 3
3204,0, 520, False, 3
3205,0, 520, False, 3
3206,0, 520, False, 3
3207,0, 520, False, 3
3208,0, 520, False, 3
3209,0, 520, False, 3
3210,0, 520, False, 3
3211,0, 520, False, 3
3212,0, 520, False, 3
3213,0, 520, False, 3
3214,0, 520, False, 3
3215,0, 520, False, 3
3216,0, 520, False, 3
3217,0, 520, False, 3
3218,0, 520, False, 3
3219,0, 520, False, 3
3220,0, 520, False, 3
3221,0, 520, False, 3
3222,0, 520, False, 3
3223,0, 520, False, 3
3224,0, 520, False, 3
3225,0, 520, False, 3
3226,0, 520, False, 3
3227,0, 520, False, 3
3228,0, 520, False, 3
3229,0, 520, False, 3
3230,0, 520, False, 3
3231,0, 520, False, 3
3232,0, 520, False, 3
3233,0, 520, False, 3
3234,0, 520, False, 3
3235,0, 520, False, 3
3236,0, 520, False, 3
3237,0, 520, False, 3
3238,0, 520, False, 3
3239,0, 520, False, 3
3240,0, 520, False, 3
3241,0, 520, False, 3
3242,0, 520, False, 3
3243,0, 520, False, 3
3244,0, 520, False, 3
3245,0, 520, False, 3
3246,0, 520, False, 3
3247,0, 520, False, 3
3248,0, 520, False, 3
3249,0, 520, False, 3
3250,0, 520, False, 3
3251,0, 520, False, 3
3252,0, 520, False, 3
3253,0, 520, False, 3
3254,0, 520, False, 3
3255,0, 520, False, 3
3256,0, 520, False, 3
3257,0, 520, False, 3
3258,0, 520, False, 3
3259,0, 520, False, 3
3260,0, 520, False, 0
3261,0, 520, False, 0
3262,0, 520, False, 1
3263,0, 520, False, 1
3264,0, 520, False, 1
3265,0, 520, False, 1
3266,0, 520, False, 0
3267,0, 520, False, 0
3268,0, 520, False, 0
3269,0, 520, False, 0
3270,0, 520, False, 0
3271,0, 520, False, 0
3272,0, 520, False, 0
3273,0, 520, False, 0
3274,0, 520, False, 0
3275,0, 520, False, 0
3276,0, 520, False, 0
3277,0, 520, False, 0
3278,0, 520, False, 0
3279,0, 520, False, 0
3280,0, 520, False, 0
3281,0, 520, False, 0
3282,0, 520, False, 0
3283,0, 520, False, 0
3284,0, 520, False, 0
3285,0, 520, False, 0
3286,0, 520, False, 0
3287,0, 520, False, 0
3288,0, 520, False, 0
3289,0, 520, False, 0
3290,0, 520, False, 0
3291,0, 520, False, 0
3292,0, 520, False, 0
3293,0, 520, False, 0
3294,0, 520, False, 0
3295,0, 520, False, 0
3296,0, 520, False, 0
3297,0, 520, False, 0
3298,0, 520, False, 0
3299,0, 520, False, 0
3300,0, 520, False, 0
3301,0, 520, False, 0
3302,0, 520, False, 0
3303,0, 520, False, 0
3304,0, 520, False, 0
3305,0, 520, False, 0
3306,0, 520, False, 0
3307,0, 520, False, 0
3308,0, 520, False, 0
3309,0, 520, False, 0
3310,0, 520, False, 0
3311,0, 520, False, 0
3312,0, 520, False, 0
3313,0, 520, False, 0
3314,0, 520, False, 0
3315,0, 520, False, 0
3316,0, 520, False, 0
3317,0, 520, False, 0
3318,0, 520, False, 0
3319,0, 520, False, 0
3320,0, 520, False, 0
3321,0, 520, False, 0
3322,0, 520, False, 0
3323,0, 520, False, 0
3324,0, 520, False, 0
3325,0, 520, False, 0
3326,0, 520, False, 1
3327,0, 520, False, 1
3328,0, 520, False, 1
3329,0, 520, False, 1
3330,0, 520, False, 1
3331,0, 520, False, 0
3332,0, 520, False, 0
3333,0, 520, False, 0
3334,0, 520, False, 0
3335,0, 520, False, 0
3336,0, 520, False, 1
3337,0, 520, False, 1
3338,0, 520, False, 1
3339,0, 520, False, 12
3340,0, 520, False, 12
3341,0, 520, False, 4
3342,0, 520, False, 4
3343,0, 520, False, 4
3344,0, 520, False, 4
3345,0, 520, False, 4
3346,0, 520, False, 12
3347,0, 520, False, 12
3348,0, 520, False, 12
3349,0, 520, False, 12
3350,0, 520, False, 4
3351,0, 520, False, 4
3352,0, 520, False, 4
3353,0, 520, False, 4
3354,0, 520, False, 4
3355,0, 520, False, 12
3356,0, 520, False, 12
3357,0, 520, False, 12
3358,25, 545, False, 12
3359,0, 545, False, 12
3360,0, 545, False, 4
3361,0, 545, False, 4
3362,0, 545, False, 4
3363,0, 545, False, 0
3364,0, 545, False, 0
3365,0, 545, False, 0
3366,0, 545, False, 0
3367,0, 545, False, 0
3368,0, 545, False, 0
3369,0, 545, False, 0
3370,0, 545, False, 0
3371,0, 545, False, 0
3372,0, 545, False, 0
3373,0, 545, False, 0
3374,30, 575, False, 0
3375,0, 575, False, 1
3376,0, 575, False, 1
3377,0, 575, False, 1
3378,0, 575, False, 1
3379,0, 575, False, 0
3380,0, 575, False, 0
3381,0, 575, False, 0
3382,0, 575, False, 0
3383,0, 575, False, 0
3384,0, 575, False, 0
3385,0, 575, False, 0
3386,0, 575, True, 0
