db traj id : 3369
frame,reward,score,terminal, action
0,0, 0, False, 0
1,0, 0, False, 0
2,0, 0, False, 0
3,0, 0, False, 0
4,0, 0, False, 0
5,0, 0, False, 0
6,0, 0, False, 0
7,0, 0, False, 0
8,0, 0, False, 0
9,0, 0, False, 0
10,0, 0, False, 0
11,0, 0, False, 0
12,0, 0, False, 0
13,0, 0, False, 0
14,0, 0, False, 0
15,0, 0, False, 0
16,0, 0, False, 0
17,0, 0, False, 0
18,0, 0, False, 0
19,0, 0, False, 0
20,0, 0, False, 0
21,0, 0, False, 0
22,0, 0, False, 0
23,0, 0, False, 0
24,0, 0, False, 0
25,0, 0, False, 0
26,0, 0, False, 0
27,0, 0, False, 0
28,0, 0, False, 0
29,0, 0, False, 0
30,0, 0, False, 0
31,0, 0, False, 0
32,0, 0, False, 0
33,0, 0, False, 0
34,0, 0, False, 0
35,0, 0, False, 0
36,0, 0, False, 0
37,0, 0, False, 0
38,0, 0, False, 0
39,0, 0, False, 0
40,0, 0, False, 0
41,0, 0, False, 0
42,0, 0, False, 0
43,0, 0, False, 0
44,0, 0, False, 0
45,0, 0, False, 0
46,0, 0, False, 0
47,0, 0, False, 0
48,0, 0, False, 0
49,0, 0, False, 0
50,0, 0, False, 0
51,0, 0, False, 0
52,0, 0, False, 0
53,0, 0, False, 0
54,0, 0, False, 0
55,0, 0, False, 0
56,0, 0, False, 0
57,0, 0, False, 0
58,0, 0, False, 0
59,0, 0, False, 0
60,0, 0, False, 0
61,0, 0, False, 0
62,0, 0, False, 0
63,0, 0, False, 0
64,0, 0, False, 0
65,0, 0, False, 0
66,0, 0, False, 0
67,0, 0, False, 0
68,0, 0, False, 0
69,0, 0, False, 0
70,0, 0, False, 0
71,0, 0, False, 0
72,0, 0, False, 0
73,0, 0, False, 0
74,0, 0, False, 0
75,0, 0, False, 0
76,0, 0, False, 0
77,0, 0, False, 0
78,0, 0, False, 0
79,0, 0, False, 0
80,0, 0, False, 0
81,0, 0, False, 0
82,0, 0, False, 0
83,0, 0, False, 0
84,0, 0, False, 0
85,0, 0, False, 0
86,0, 0, False, 0
87,0, 0, False, 0
88,0, 0, False, 0
89,0, 0, False, 0
90,0, 0, False, 0
91,0, 0, False, 0
92,0, 0, False, 0
93,0, 0, False, 0
94,0, 0, False, 0
95,0, 0, False, 0
96,0, 0, False, 0
97,0, 0, False, 0
98,0, 0, False, 0
99,0, 0, False, 0
100,0, 0, False, 0
101,0, 0, False, 0
102,0, 0, False, 0
103,0, 0, False, 0
104,0, 0, False, 0
105,0, 0, False, 0
106,0, 0, False, 3
107,0, 0, False, 3
108,0, 0, False, 3
109,0, 0, False, 3
110,0, 0, False, 3
111,0, 0, False, 3
112,0, 0, False, 3
113,0, 0, False, 3
114,0, 0, False, 3
115,0, 0, False, 3
116,0, 0, False, 3
117,0, 0, False, 3
118,0, 0, False, 3
119,0, 0, False, 3
120,0, 0, False, 3
121,0, 0, False, 3
122,0, 0, False, 3
123,0, 0, False, 3
124,0, 0, False, 3
125,0, 0, False, 3
126,0, 0, False, 3
127,0, 0, False, 3
128,0, 0, False, 3
129,0, 0, False, 3
130,0, 0, False, 3
131,0, 0, False, 3
132,0, 0, False, 3
133,0, 0, False, 3
134,0, 0, False, 3
135,0, 0, False, 3
136,0, 0, False, 0
137,0, 0, False, 0
138,0, 0, False, 0
139,0, 0, False, 0
140,0, 0, False, 0
141,0, 0, False, 0
142,0, 0, False, 0
143,0, 0, False, 0
144,0, 0, False, 0
145,0, 0, False, 0
146,0, 0, False, 0
147,0, 0, False, 0
148,0, 0, False, 0
149,0, 0, False, 0
150,0, 0, False, 0
151,0, 0, False, 0
152,0, 0, False, 0
153,0, 0, False, 0
154,0, 0, False, 0
155,0, 0, False, 3
156,0, 0, False, 3
157,0, 0, False, 3
158,0, 0, False, 3
159,0, 0, False, 3
160,0, 0, False, 3
161,0, 0, False, 3
162,0, 0, False, 3
163,0, 0, False, 11
164,0, 0, False, 11
165,0, 0, False, 11
166,0, 0, False, 11
167,0, 0, False, 11
168,0, 0, False, 11
169,0, 0, False, 11
170,0, 0, False, 11
171,0, 0, False, 11
172,0, 0, False, 11
173,0, 0, False, 3
174,0, 0, False, 3
175,0, 0, False, 3
176,0, 0, False, 3
177,0, 0, False, 3
178,0, 0, False, 11
179,0, 0, False, 11
180,0, 0, False, 11
181,0, 0, False, 11
182,0, 0, False, 1
183,0, 0, False, 1
184,0, 0, False, 1
185,0, 0, False, 0
186,0, 0, False, 0
187,0, 0, False, 0
188,0, 0, False, 0
189,0, 0, False, 0
190,0, 0, False, 0
191,0, 0, False, 0
192,0, 0, False, 0
193,0, 0, False, 1
194,0, 0, False, 1
195,0, 0, False, 1
196,0, 0, False, 11
197,0, 0, False, 11
198,0, 0, False, 11
199,0, 0, False, 11
200,0, 0, False, 11
201,0, 0, False, 3
202,0, 0, False, 3
203,0, 0, False, 3
204,0, 0, False, 3
205,0, 0, False, 3
206,0, 0, False, 0
207,0, 0, False, 0
208,0, 0, False, 0
209,0, 0, False, 0
210,0, 0, False, 0
211,0, 0, False, 4
212,0, 0, False, 4
213,0, 0, False, 4
214,0, 0, False, 4
215,0, 0, False, 4
216,0, 0, False, 4
217,0, 0, False, 12
218,0, 0, False, 12
219,0, 0, False, 12
220,0, 0, False, 12
221,0, 0, False, 12
222,0, 0, False, 12
223,0, 0, False, 12
224,0, 0, False, 1
225,0, 0, False, 0
226,0, 0, False, 0
227,0, 0, False, 0
228,0, 0, False, 0
229,0, 0, False, 0
230,0, 0, False, 0
231,0, 0, False, 1
232,0, 0, False, 1
233,0, 0, False, 0
234,0, 0, False, 0
235,0, 0, False, 0
236,0, 0, False, 0
237,0, 0, False, 0
238,0, 0, False, 3
239,0, 0, False, 3
240,0, 0, False, 3
241,0, 0, False, 3
242,0, 0, False, 3
243,0, 0, False, 3
244,0, 0, False, 3
245,0, 0, False, 11
246,0, 0, False, 11
247,0, 0, False, 11
248,0, 0, False, 11
249,0, 0, False, 11
250,0, 0, False, 11
251,0, 0, False, 11
252,0, 0, False, 3
253,0, 0, False, 3
254,0, 0, False, 3
255,0, 0, False, 3
256,0, 0, False, 3
257,0, 0, False, 11
258,0, 0, False, 1
259,0, 0, False, 1
260,0, 0, False, 1
261,0, 0, False, 1
262,0, 0, False, 1
263,0, 0, False, 1
264,0, 0, False, 0
265,0, 0, False, 0
266,0, 0, False, 0
267,0, 0, False, 0
268,0, 0, False, 0
269,0, 0, False, 1
270,0, 0, False, 1
271,0, 0, False, 1
272,0, 0, False, 1
273,0, 0, False, 1
274,0, 0, False, 1
275,0, 0, False, 1
276,0, 0, False, 0
277,0, 0, False, 0
278,0, 0, False, 0
279,0, 0, False, 0
280,0, 0, False, 0
281,0, 0, False, 1
282,0, 0, False, 1
283,0, 0, False, 1
284,0, 0, False, 1
285,0, 0, False, 1
286,0, 0, False, 1
287,0, 0, False, 1
288,0, 0, False, 1
289,0, 0, False, 0
290,0, 0, False, 0
291,0, 0, False, 0
292,0, 0, False, 0
293,0, 0, False, 0
294,5, 5, False, 1
295,0, 5, False, 1
296,0, 5, False, 1
297,0, 5, False, 1
298,0, 5, False, 1
299,0, 5, False, 1
300,0, 5, False, 4
301,0, 5, False, 4
302,0, 5, False, 4
303,0, 5, False, 4
304,0, 5, False, 4
305,0, 5, False, 4
306,0, 5, False, 4
307,0, 5, False, 4
308,0, 5, False, 4
309,0, 5, False, 4
310,0, 5, False, 4
311,0, 5, False, 4
312,0, 5, False, 4
313,0, 5, False, 4
314,0, 5, False, 0
315,0, 5, False, 0
316,0, 5, False, 0
317,0, 5, False, 0
318,0, 5, False, 0
319,0, 5, False, 0
320,0, 5, False, 0
321,0, 5, False, 0
322,0, 5, False, 0
323,0, 5, False, 0
324,0, 5, False, 0
325,0, 5, False, 0
326,0, 5, False, 0
327,0, 5, False, 0
328,10, 15, False, 0
329,0, 15, False, 0
330,0, 15, False, 0
331,0, 15, False, 0
332,0, 15, False, 0
333,0, 15, False, 0
334,0, 15, False, 3
335,0, 15, False, 3
336,0, 15, False, 3
337,0, 15, False, 3
338,0, 15, False, 3
339,0, 15, False, 3
340,0, 15, False, 3
341,0, 15, False, 3
342,0, 15, False, 11
343,0, 15, False, 11
344,0, 15, False, 11
345,0, 15, False, 11
346,0, 15, False, 11
347,0, 15, False, 11
348,0, 15, False, 11
349,0, 15, False, 11
350,0, 15, False, 3
351,0, 15, False, 3
352,0, 15, False, 3
353,0, 15, False, 3
354,0, 15, False, 3
355,0, 15, False, 3
356,0, 15, False, 11
357,0, 15, False, 11
358,0, 15, False, 1
359,0, 15, False, 1
360,0, 15, False, 1
361,0, 15, False, 1
362,0, 15, False, 0
363,0, 15, False, 0
364,0, 15, False, 0
365,0, 15, False, 0
366,0, 15, False, 0
367,0, 15, False, 1
368,0, 15, False, 1
369,0, 15, False, 1
370,0, 15, False, 1
371,0, 15, False, 1
372,0, 15, False, 1
373,0, 15, False, 1
374,0, 15, False, 1
375,0, 15, False, 0
376,0, 15, False, 0
377,0, 15, False, 0
378,0, 15, False, 0
379,0, 15, False, 0
380,0, 15, False, 1
381,0, 15, False, 1
382,0, 15, False, 1
383,0, 15, False, 1
384,0, 15, False, 1
385,0, 15, False, 1
386,0, 15, False, 1
387,0, 15, False, 1
388,0, 15, False, 0
389,0, 15, False, 0
390,0, 15, False, 0
391,0, 15, False, 1
392,0, 15, False, 1
393,0, 15, False, 1
394,0, 15, False, 1
395,0, 15, False, 1
396,0, 15, False, 1
397,0, 15, False, 1
398,0, 15, False, 1
399,0, 15, False, 1
400,0, 15, False, 0
401,0, 15, False, 0
402,0, 15, False, 0
403,0, 15, False, 0
404,0, 15, False, 1
405,0, 15, False, 1
406,0, 15, False, 1
407,0, 15, False, 1
408,0, 15, False, 1
409,0, 15, False, 1
410,0, 15, False, 1
411,0, 15, False, 1
412,0, 15, False, 0
413,0, 15, False, 0
414,0, 15, False, 0
415,0, 15, False, 11
416,0, 15, False, 11
417,0, 15, False, 11
418,0, 15, False, 11
419,0, 15, False, 11
420,0, 15, False, 11
421,0, 15, False, 11
422,0, 15, False, 3
423,0, 15, False, 3
424,0, 15, False, 3
425,0, 15, False, 3
426,0, 15, False, 3
427,0, 15, False, 3
428,0, 15, False, 3
429,0, 15, False, 11
430,0, 15, False, 11
431,0, 15, False, 11
432,0, 15, False, 11
433,0, 15, False, 11
434,0, 15, False, 11
435,0, 15, False, 11
436,0, 15, False, 11
437,0, 15, False, 11
438,0, 15, False, 3
439,0, 15, False, 3
440,0, 15, False, 3
441,0, 15, False, 3
442,0, 15, False, 3
443,0, 15, False, 3
444,0, 15, False, 3
445,0, 15, False, 3
446,0, 15, False, 3
447,0, 15, False, 3
448,0, 15, False, 3
449,0, 15, False, 3
450,0, 15, False, 3
451,0, 15, False, 3
452,0, 15, False, 3
453,0, 15, False, 3
454,0, 15, False, 3
455,0, 15, False, 3
456,0, 15, False, 3
457,0, 15, False, 3
458,0, 15, False, 3
459,0, 15, False, 3
460,0, 15, False, 3
461,0, 15, False, 3
462,0, 15, False, 11
463,0, 15, False, 11
464,0, 15, False, 11
465,0, 15, False, 11
466,0, 15, False, 1
467,0, 15, False, 1
468,0, 15, False, 1
469,0, 15, False, 0
470,0, 15, False, 0
471,0, 15, False, 0
472,0, 15, False, 0
473,0, 15, False, 0
474,0, 15, False, 0
475,0, 15, False, 1
476,0, 15, False, 1
477,0, 15, False, 1
478,0, 15, False, 1
479,0, 15, False, 1
480,0, 15, False, 1
481,0, 15, False, 0
482,0, 15, False, 0
483,0, 15, False, 0
484,0, 15, False, 0
485,0, 15, False, 0
486,0, 15, False, 0
487,0, 15, False, 1
488,0, 15, False, 1
489,0, 15, False, 1
490,25, 40, False, 1
491,0, 40, False, 1
492,0, 40, False, 1
493,0, 40, False, 0
494,0, 40, False, 0
495,0, 40, False, 0
496,0, 40, False, 0
497,0, 40, False, 0
498,0, 40, False, 0
499,0, 40, False, 1
500,0, 40, False, 1
501,0, 40, False, 1
502,0, 40, False, 1
503,0, 40, False, 1
504,0, 40, False, 1
505,0, 40, False, 1
506,0, 40, False, 0
507,0, 40, False, 0
508,0, 40, False, 0
509,0, 40, False, 0
510,0, 40, False, 0
511,0, 40, False, 1
512,0, 40, False, 1
513,0, 40, False, 1
514,0, 40, False, 1
515,0, 40, False, 1
516,0, 40, False, 1
517,0, 40, False, 1
518,0, 40, False, 0
519,0, 40, False, 0
520,0, 40, False, 0
521,0, 40, False, 0
522,0, 40, False, 0
523,0, 40, False, 0
524,0, 40, False, 0
525,0, 40, False, 1
526,0, 40, False, 1
527,0, 40, False, 1
528,0, 40, False, 1
529,0, 40, False, 1
530,0, 40, False, 1
531,0, 40, False, 1
532,0, 40, False, 1
533,0, 40, False, 0
534,0, 40, False, 0
535,0, 40, False, 0
536,0, 40, False, 0
537,0, 40, False, 0
538,0, 40, False, 1
539,0, 40, False, 1
540,0, 40, False, 1
541,0, 40, False, 1
542,0, 40, False, 1
543,0, 40, False, 1
544,0, 40, False, 0
545,0, 40, False, 0
546,0, 40, False, 0
547,0, 40, False, 0
548,0, 40, False, 0
549,0, 40, False, 0
550,0, 40, False, 1
551,0, 40, False, 1
552,25, 65, False, 1
553,0, 65, False, 11
554,0, 65, False, 11
555,0, 65, False, 11
556,0, 65, False, 11
557,0, 65, False, 11
558,0, 65, False, 3
559,0, 65, False, 3
560,0, 65, False, 3
561,0, 65, False, 3
562,0, 65, False, 3
563,0, 65, False, 3
564,0, 65, False, 3
565,0, 65, False, 3
566,0, 65, False, 3
567,0, 65, False, 3
568,0, 65, False, 3
569,0, 65, False, 3
570,0, 65, False, 3
571,0, 65, False, 3
572,0, 65, False, 3
573,0, 65, False, 3
574,0, 65, False, 0
575,0, 65, False, 0
576,0, 65, False, 0
577,0, 65, False, 1
578,0, 65, False, 1
579,0, 65, False, 1
580,5, 70, False, 1
581,0, 70, False, 1
582,0, 70, False, 1
583,0, 70, False, 1
584,0, 70, False, 1
585,0, 70, False, 0
586,0, 70, False, 0
587,0, 70, False, 0
588,0, 70, False, 0
589,0, 70, False, 0
590,0, 70, False, 0
591,0, 70, False, 1
592,0, 70, False, 1
593,0, 70, False, 1
594,0, 70, False, 1
595,0, 70, False, 1
596,0, 70, False, 1
597,0, 70, False, 1
598,0, 70, False, 1
599,0, 70, False, 0
600,0, 70, False, 0
601,0, 70, False, 0
602,0, 70, False, 1
603,0, 70, False, 1
604,0, 70, False, 1
605,0, 70, False, 1
606,0, 70, False, 1
607,0, 70, False, 1
608,5, 75, False, 1
609,0, 75, False, 1
610,0, 75, False, 0
611,0, 75, False, 0
612,0, 75, False, 0
613,0, 75, False, 0
614,0, 75, False, 1
615,0, 75, False, 1
616,0, 75, False, 1
617,0, 75, False, 1
618,0, 75, False, 1
619,0, 75, False, 1
620,0, 75, False, 1
621,0, 75, False, 1
622,0, 75, False, 0
623,0, 75, False, 0
624,0, 75, False, 4
625,0, 75, False, 4
626,0, 75, False, 4
627,0, 75, False, 4
628,0, 75, False, 4
629,0, 75, False, 4
630,0, 75, False, 4
631,0, 75, False, 12
632,0, 75, False, 12
633,0, 75, False, 12
634,0, 75, False, 12
635,0, 75, False, 12
636,0, 75, False, 12
637,0, 75, False, 12
638,0, 75, False, 12
639,0, 75, False, 4
640,0, 75, False, 4
641,0, 75, False, 4
642,0, 75, False, 4
643,0, 75, False, 4
644,0, 75, False, 0
645,0, 75, False, 1
646,0, 75, False, 1
647,0, 75, False, 1
648,0, 75, False, 1
649,0, 75, False, 1
650,0, 75, False, 1
651,0, 75, False, 1
652,0, 75, False, 1
653,0, 75, False, 0
654,0, 75, False, 0
655,0, 75, False, 0
656,0, 75, False, 0
657,0, 75, False, 0
658,0, 75, False, 1
659,0, 75, False, 1
660,0, 75, False, 1
661,0, 75, False, 1
662,0, 75, False, 1
663,0, 75, False, 1
664,0, 75, False, 1
665,0, 75, False, 0
666,0, 75, False, 0
667,0, 75, False, 0
668,0, 75, False, 0
669,0, 75, False, 0
670,0, 75, False, 0
671,0, 75, False, 1
672,0, 75, False, 1
673,0, 75, False, 11
674,0, 75, False, 11
675,0, 75, False, 1
676,0, 75, False, 1
677,0, 75, False, 1
678,0, 75, False, 0
679,0, 75, False, 0
680,0, 75, False, 0
681,0, 75, False, 0
682,0, 75, False, 0
683,0, 75, False, 0
684,0, 75, False, 0
685,0, 75, False, 0
686,0, 75, False, 1
687,0, 75, False, 1
688,0, 75, False, 1
689,0, 75, False, 1
690,0, 75, False, 1
691,0, 75, False, 1
692,0, 75, False, 1
693,0, 75, False, 1
694,0, 75, False, 1
695,0, 75, False, 1
696,0, 75, False, 1
697,0, 75, False, 0
698,0, 75, False, 0
699,0, 75, False, 0
700,0, 75, False, 0
701,0, 75, False, 0
702,0, 75, False, 0
703,0, 75, False, 0
704,0, 75, False, 0
705,0, 75, False, 0
706,0, 75, False, 0
707,0, 75, False, 0
708,0, 75, False, 1
709,0, 75, False, 1
710,0, 75, False, 12
711,0, 75, False, 4
712,0, 75, False, 4
713,0, 75, False, 4
714,0, 75, False, 4
715,0, 75, False, 4
716,0, 75, False, 4
717,0, 75, False, 4
718,0, 75, False, 4
719,0, 75, False, 4
720,0, 75, False, 4
721,0, 75, False, 4
722,0, 75, False, 4
723,0, 75, False, 4
724,0, 75, False, 4
725,0, 75, False, 4
726,0, 75, False, 4
727,0, 75, False, 4
728,10, 85, False, 4
729,0, 85, False, 4
730,0, 85, False, 4
731,0, 85, False, 4
732,0, 85, False, 4
733,0, 85, False, 4
734,0, 85, False, 4
735,0, 85, False, 4
736,0, 85, False, 4
737,0, 85, False, 4
738,0, 85, False, 4
739,0, 85, False, 4
740,0, 85, False, 4
741,0, 85, False, 4
742,0, 85, False, 4
743,0, 85, False, 4
744,0, 85, False, 4
745,0, 85, False, 4
746,0, 85, False, 4
747,0, 85, False, 4
748,0, 85, False, 4
749,0, 85, False, 4
750,0, 85, False, 4
751,0, 85, False, 4
752,0, 85, False, 4
753,0, 85, False, 4
754,0, 85, False, 4
755,0, 85, False, 4
756,0, 85, False, 4
757,0, 85, False, 4
758,0, 85, False, 4
759,0, 85, False, 0
760,0, 85, False, 0
761,0, 85, False, 0
762,0, 85, False, 0
763,0, 85, False, 0
764,0, 85, False, 0
765,0, 85, False, 0
766,0, 85, False, 0
767,0, 85, False, 1
768,0, 85, False, 1
769,0, 85, False, 1
770,0, 85, False, 1
771,0, 85, False, 1
772,0, 85, False, 1
773,0, 85, False, 1
774,0, 85, False, 1
775,0, 85, False, 1
776,0, 85, False, 1
777,0, 85, False, 1
778,0, 85, False, 1
779,0, 85, False, 0
780,0, 85, False, 0
781,0, 85, False, 0
782,0, 85, False, 0
783,0, 85, False, 0
784,0, 85, False, 0
785,0, 85, False, 0
786,0, 85, False, 4
787,0, 85, False, 4
788,0, 85, False, 4
789,0, 85, False, 4
790,0, 85, False, 4
791,0, 85, False, 4
792,0, 85, False, 4
793,0, 85, False, 0
794,0, 85, False, 0
795,0, 85, False, 0
796,0, 85, False, 0
797,0, 85, False, 0
798,0, 85, False, 0
799,0, 85, False, 0
800,0, 85, False, 0
801,0, 85, False, 0
802,0, 85, False, 0
803,0, 85, False, 0
804,0, 85, False, 0
805,0, 85, False, 0
806,0, 85, False, 0
807,0, 85, False, 3
808,0, 85, False, 3
809,0, 85, False, 3
810,15, 100, False, 3
811,0, 100, False, 3
812,0, 100, False, 0
813,0, 100, False, 0
814,0, 100, False, 0
815,0, 100, False, 0
816,0, 100, False, 0
817,0, 100, False, 0
818,0, 100, False, 1
819,0, 100, False, 1
820,0, 100, False, 1
821,0, 100, False, 1
822,0, 100, False, 1
823,0, 100, False, 1
824,0, 100, False, 1
825,0, 100, False, 1
826,0, 100, False, 1
827,0, 100, False, 0
828,0, 100, False, 0
829,0, 100, False, 0
830,0, 100, False, 0
831,0, 100, False, 0
832,0, 100, False, 0
833,0, 100, False, 0
834,0, 100, False, 0
835,0, 100, False, 0
836,0, 100, False, 0
837,0, 100, False, 0
838,0, 100, False, 0
839,0, 100, False, 0
840,0, 100, False, 0
841,0, 100, False, 0
842,0, 100, False, 0
843,0, 100, False, 0
844,5, 105, False, 0
845,0, 105, False, 0
846,0, 105, False, 0
847,0, 105, False, 0
848,0, 105, False, 0
849,0, 105, False, 0
850,0, 105, False, 0
851,0, 105, False, 0
852,0, 105, False, 0
853,0, 105, False, 3
854,0, 105, False, 3
855,0, 105, False, 3
856,0, 105, False, 3
857,0, 105, False, 3
858,0, 105, False, 3
859,0, 105, False, 3
860,0, 105, False, 3
861,0, 105, False, 0
862,0, 105, False, 0
863,0, 105, False, 0
864,0, 105, False, 0
865,0, 105, False, 0
866,0, 105, False, 0
867,0, 105, False, 1
868,0, 105, False, 1
869,0, 105, False, 1
870,0, 105, False, 1
871,0, 105, False, 1
872,0, 105, False, 1
873,0, 105, False, 1
874,0, 105, False, 1
875,0, 105, False, 1
876,0, 105, False, 0
877,0, 105, False, 0
878,0, 105, False, 0
879,0, 105, False, 0
880,0, 105, False, 0
881,0, 105, False, 0
882,0, 105, False, 0
883,0, 105, False, 0
884,0, 105, False, 0
885,0, 105, False, 0
886,0, 105, False, 0
887,0, 105, False, 0
888,0, 105, False, 0
889,0, 105, False, 0
890,0, 105, False, 0
891,0, 105, False, 0
892,0, 105, False, 0
893,0, 105, False, 0
894,0, 105, False, 0
895,0, 105, False, 0
896,0, 105, False, 0
897,0, 105, False, 0
898,0, 105, False, 0
899,0, 105, False, 0
900,10, 115, False, 0
901,0, 115, False, 0
902,0, 115, False, 0
903,0, 115, False, 0
904,0, 115, False, 0
905,0, 115, False, 0
906,0, 115, False, 0
907,0, 115, False, 0
908,0, 115, False, 0
909,0, 115, False, 0
910,0, 115, False, 0
911,0, 115, False, 0
912,0, 115, False, 1
913,0, 115, False, 1
914,0, 115, False, 1
915,0, 115, False, 1
916,0, 115, False, 1
917,0, 115, False, 1
918,0, 115, False, 1
919,0, 115, False, 1
920,0, 115, False, 1
921,0, 115, False, 1
922,0, 115, False, 0
923,0, 115, False, 0
924,0, 115, False, 0
925,0, 115, False, 0
926,0, 115, False, 0
927,0, 115, False, 0
928,0, 115, False, 0
929,0, 115, False, 0
930,0, 115, False, 0
931,0, 115, False, 0
932,0, 115, False, 0
933,0, 115, False, 0
934,0, 115, False, 0
935,0, 115, False, 0
936,0, 115, False, 0
937,0, 115, False, 0
938,0, 115, False, 0
939,0, 115, False, 0
940,0, 115, False, 0
941,0, 115, False, 0
942,0, 115, False, 0
943,0, 115, False, 0
944,0, 115, False, 0
945,0, 115, False, 0
946,0, 115, False, 0
947,0, 115, False, 0
948,0, 115, False, 0
949,0, 115, False, 0
950,0, 115, False, 0
951,0, 115, False, 0
952,0, 115, False, 0
953,0, 115, False, 0
954,0, 115, False, 1
955,0, 115, False, 1
956,0, 115, False, 1
957,0, 115, False, 1
958,0, 115, False, 1
959,0, 115, False, 1
960,0, 115, False, 1
961,0, 115, False, 1
962,0, 115, False, 1
963,0, 115, False, 1
964,20, 135, False, 1
965,0, 135, False, 0
966,0, 135, False, 0
967,0, 135, False, 0
968,0, 135, False, 0
969,0, 135, False, 0
970,0, 135, False, 0
971,0, 135, False, 0
972,0, 135, False, 0
973,0, 135, False, 0
974,0, 135, False, 0
975,0, 135, False, 0
976,0, 135, False, 0
977,0, 135, False, 0
978,0, 135, False, 0
979,0, 135, False, 0
980,0, 135, False, 0
981,0, 135, False, 0
982,0, 135, False, 0
983,0, 135, False, 0
984,0, 135, False, 0
985,0, 135, False, 0
986,0, 135, False, 0
987,0, 135, False, 0
988,0, 135, False, 0
989,0, 135, False, 0
990,0, 135, False, 0
991,0, 135, False, 0
992,0, 135, False, 1
993,0, 135, False, 1
994,0, 135, False, 1
995,0, 135, False, 1
996,0, 135, False, 1
997,0, 135, False, 1
998,0, 135, False, 1
999,0, 135, False, 1
1000,0, 135, False, 1
1001,0, 135, False, 1
1002,0, 135, False, 1
1003,0, 135, False, 0
1004,0, 135, False, 0
1005,0, 135, False, 0
1006,0, 135, False, 0
1007,0, 135, False, 0
1008,0, 135, False, 0
1009,0, 135, False, 0
1010,0, 135, False, 0
1011,0, 135, False, 0
1012,0, 135, False, 0
1013,0, 135, False, 0
1014,0, 135, False, 0
1015,0, 135, False, 4
1016,0, 135, False, 4
1017,0, 135, False, 4
1018,0, 135, False, 4
1019,0, 135, False, 4
1020,0, 135, False, 4
1021,0, 135, False, 4
1022,0, 135, False, 4
1023,0, 135, False, 4
1024,0, 135, False, 4
1025,0, 135, False, 4
1026,0, 135, False, 4
1027,0, 135, False, 4
1028,0, 135, False, 4
1029,0, 135, False, 12
1030,0, 135, False, 1
1031,0, 135, False, 1
1032,0, 135, False, 1
1033,0, 135, False, 1
1034,0, 135, False, 1
1035,0, 135, False, 1
1036,0, 135, False, 1
1037,0, 135, False, 1
1038,0, 135, False, 1
1039,0, 135, False, 0
1040,0, 135, False, 0
1041,0, 135, False, 0
1042,0, 135, False, 0
1043,0, 135, False, 0
1044,0, 135, False, 0
1045,0, 135, False, 0
1046,0, 135, False, 0
1047,0, 135, False, 4
1048,25, 160, False, 4
1049,0, 160, False, 4
1050,0, 160, False, 4
1051,0, 160, False, 4
1052,0, 160, False, 4
1053,0, 160, False, 4
1054,0, 160, False, 4
1055,0, 160, False, 4
1056,0, 160, False, 4
1057,0, 160, False, 12
1058,0, 160, False, 1
1059,0, 160, False, 1
1060,0, 160, False, 1
1061,0, 160, False, 1
1062,0, 160, False, 1
1063,0, 160, False, 1
1064,0, 160, False, 1
1065,0, 160, False, 1
1066,0, 160, False, 1
1067,0, 160, False, 1
1068,0, 160, False, 0
1069,0, 160, False, 0
1070,0, 160, False, 0
1071,0, 160, False, 0
1072,0, 160, False, 0
1073,0, 160, False, 0
1074,0, 160, False, 0
1075,0, 160, False, 0
1076,0, 160, False, 0
1077,0, 160, False, 4
1078,0, 160, False, 4
1079,0, 160, False, 4
1080,0, 160, False, 4
1081,0, 160, False, 4
1082,0, 160, False, 4
1083,0, 160, False, 4
1084,0, 160, False, 4
1085,0, 160, False, 12
1086,0, 160, False, 1
1087,0, 160, False, 1
1088,0, 160, False, 1
1089,0, 160, False, 1
1090,0, 160, False, 1
1091,0, 160, False, 1
1092,0, 160, False, 1
1093,0, 160, False, 1
1094,0, 160, False, 1
1095,0, 160, False, 0
1096,0, 160, False, 0
1097,0, 160, False, 0
1098,0, 160, False, 0
1099,0, 160, False, 0
1100,0, 160, False, 4
1101,0, 160, False, 4
1102,0, 160, False, 4
1103,0, 160, False, 4
1104,0, 160, False, 4
1105,0, 160, False, 4
1106,0, 160, False, 0
1107,0, 160, False, 1
1108,0, 160, False, 1
1109,0, 160, False, 1
1110,0, 160, False, 1
1111,0, 160, False, 1
1112,0, 160, False, 1
1113,0, 160, False, 1
1114,0, 160, False, 1
1115,0, 160, False, 1
1116,0, 160, False, 0
1117,0, 160, False, 0
1118,0, 160, False, 0
1119,0, 160, False, 0
1120,0, 160, False, 0
1121,0, 160, False, 0
1122,0, 160, False, 0
1123,0, 160, False, 0
1124,0, 160, False, 0
1125,0, 160, False, 0
1126,0, 160, False, 0
1127,0, 160, False, 0
1128,0, 160, False, 3
1129,0, 160, False, 3
1130,0, 160, False, 3
1131,0, 160, False, 3
1132,0, 160, False, 3
1133,0, 160, False, 3
1134,0, 160, False, 3
1135,0, 160, False, 3
1136,0, 160, False, 3
1137,0, 160, False, 3
1138,0, 160, False, 3
1139,0, 160, False, 3
1140,0, 160, False, 3
1141,0, 160, False, 3
1142,0, 160, False, 3
1143,0, 160, False, 3
1144,0, 160, False, 3
1145,0, 160, False, 3
1146,0, 160, False, 3
1147,0, 160, False, 3
1148,0, 160, False, 3
1149,0, 160, False, 3
1150,0, 160, False, 3
1151,0, 160, False, 3
1152,0, 160, False, 3
1153,0, 160, False, 3
1154,0, 160, False, 3
1155,0, 160, False, 3
1156,0, 160, False, 3
1157,0, 160, False, 3
1158,0, 160, False, 3
1159,0, 160, False, 3
1160,0, 160, False, 3
1161,0, 160, False, 3
1162,0, 160, False, 3
1163,0, 160, False, 3
1164,0, 160, False, 3
1165,0, 160, False, 3
1166,0, 160, False, 3
1167,0, 160, False, 3
1168,0, 160, False, 3
1169,0, 160, False, 3
1170,0, 160, False, 3
1171,0, 160, False, 3
1172,0, 160, False, 3
1173,0, 160, False, 3
1174,0, 160, False, 3
1175,0, 160, False, 3
1176,0, 160, False, 3
1177,0, 160, False, 3
1178,0, 160, False, 3
1179,0, 160, False, 3
1180,0, 160, False, 3
1181,0, 160, False, 3
1182,0, 160, False, 3
1183,0, 160, False, 3
1184,0, 160, False, 3
1185,0, 160, False, 3
1186,0, 160, False, 3
1187,0, 160, False, 3
1188,0, 160, False, 3
1189,0, 160, False, 3
1190,0, 160, False, 3
1191,0, 160, False, 3
1192,0, 160, False, 3
1193,0, 160, False, 3
1194,0, 160, False, 3
1195,0, 160, False, 3
1196,0, 160, False, 3
1197,0, 160, False, 3
1198,0, 160, False, 3
1199,0, 160, False, 3
1200,0, 160, False, 3
1201,0, 160, False, 3
1202,0, 160, False, 3
1203,0, 160, False, 3
1204,0, 160, False, 3
1205,0, 160, False, 3
1206,0, 160, False, 3
1207,0, 160, False, 3
1208,0, 160, False, 3
1209,0, 160, False, 3
1210,0, 160, False, 3
1211,0, 160, False, 3
1212,0, 160, False, 3
1213,0, 160, False, 3
1214,0, 160, False, 3
1215,0, 160, False, 3
1216,0, 160, False, 3
1217,0, 160, False, 3
1218,0, 160, False, 3
1219,0, 160, False, 3
1220,0, 160, False, 3
1221,0, 160, False, 3
1222,0, 160, False, 3
1223,0, 160, False, 3
1224,0, 160, False, 3
1225,0, 160, False, 3
1226,0, 160, False, 3
1227,0, 160, False, 3
1228,0, 160, False, 3
1229,0, 160, False, 3
1230,0, 160, False, 3
1231,0, 160, False, 3
1232,0, 160, False, 3
1233,0, 160, False, 3
1234,0, 160, False, 3
1235,0, 160, False, 3
1236,0, 160, False, 3
1237,0, 160, False, 3
1238,0, 160, False, 3
1239,0, 160, False, 3
1240,0, 160, False, 3
1241,0, 160, False, 3
1242,0, 160, False, 3
1243,0, 160, False, 3
1244,0, 160, False, 3
1245,0, 160, False, 3
1246,0, 160, False, 3
1247,0, 160, False, 3
1248,0, 160, False, 3
1249,0, 160, False, 3
1250,0, 160, False, 3
1251,0, 160, False, 3
1252,0, 160, False, 3
1253,0, 160, False, 3
1254,0, 160, False, 3
1255,0, 160, False, 0
1256,0, 160, False, 0
1257,0, 160, False, 0
1258,0, 160, False, 0
1259,0, 160, False, 0
1260,0, 160, False, 0
1261,0, 160, False, 0
1262,0, 160, False, 0
1263,0, 160, False, 0
1264,0, 160, False, 0
1265,0, 160, False, 0
1266,0, 160, False, 0
1267,0, 160, False, 0
1268,0, 160, False, 0
1269,0, 160, False, 0
1270,0, 160, False, 0
1271,0, 160, False, 0
1272,0, 160, False, 0
1273,0, 160, False, 0
1274,0, 160, False, 0
1275,0, 160, False, 0
1276,0, 160, False, 0
1277,0, 160, False, 0
1278,0, 160, False, 0
1279,0, 160, False, 0
1280,0, 160, False, 0
1281,0, 160, False, 0
1282,0, 160, False, 0
1283,0, 160, False, 0
1284,0, 160, False, 0
1285,0, 160, False, 0
1286,0, 160, False, 0
1287,0, 160, False, 0
1288,0, 160, False, 0
1289,0, 160, False, 0
1290,0, 160, False, 0
1291,0, 160, False, 0
1292,0, 160, False, 0
1293,0, 160, False, 0
1294,0, 160, False, 0
1295,0, 160, False, 0
1296,0, 160, False, 0
1297,0, 160, False, 0
1298,0, 160, False, 0
1299,0, 160, False, 0
1300,0, 160, False, 0
1301,0, 160, False, 0
1302,0, 160, False, 0
1303,0, 160, False, 0
1304,0, 160, False, 0
1305,0, 160, False, 0
1306,0, 160, False, 0
1307,0, 160, False, 0
1308,0, 160, False, 0
1309,0, 160, False, 0
1310,0, 160, False, 0
1311,0, 160, False, 0
1312,0, 160, False, 0
1313,0, 160, False, 0
1314,0, 160, False, 0
1315,0, 160, False, 0
1316,0, 160, False, 0
1317,0, 160, False, 0
1318,0, 160, False, 0
1319,0, 160, False, 0
1320,0, 160, False, 0
1321,0, 160, False, 0
1322,0, 160, False, 0
1323,0, 160, False, 0
1324,0, 160, False, 0
1325,0, 160, False, 0
1326,0, 160, False, 0
1327,0, 160, False, 0
1328,0, 160, False, 0
1329,0, 160, False, 0
1330,0, 160, False, 0
1331,0, 160, False, 0
1332,0, 160, False, 0
1333,0, 160, False, 0
1334,0, 160, False, 0
1335,0, 160, False, 0
1336,0, 160, False, 0
1337,0, 160, False, 0
1338,0, 160, False, 0
1339,0, 160, False, 0
1340,0, 160, False, 0
1341,0, 160, False, 0
1342,0, 160, False, 0
1343,0, 160, False, 0
1344,0, 160, False, 0
1345,0, 160, False, 0
1346,0, 160, False, 0
1347,0, 160, False, 0
1348,0, 160, False, 0
1349,0, 160, False, 0
1350,0, 160, False, 0
1351,0, 160, False, 0
1352,0, 160, False, 0
1353,0, 160, False, 1
1354,0, 160, False, 1
1355,0, 160, False, 1
1356,0, 160, False, 1
1357,0, 160, False, 1
1358,0, 160, False, 1
1359,0, 160, False, 1
1360,0, 160, False, 1
1361,0, 160, False, 1
1362,0, 160, False, 1
1363,0, 160, False, 1
1364,0, 160, False, 0
1365,0, 160, False, 0
1366,0, 160, False, 0
1367,0, 160, False, 0
1368,0, 160, False, 0
1369,0, 160, False, 0
1370,0, 160, False, 0
1371,0, 160, False, 0
1372,0, 160, False, 3
1373,0, 160, False, 3
1374,0, 160, False, 3
1375,0, 160, False, 3
1376,0, 160, False, 3
1377,0, 160, False, 3
1378,0, 160, False, 3
1379,0, 160, False, 3
1380,0, 160, False, 3
1381,0, 160, False, 3
1382,0, 160, False, 3
1383,0, 160, False, 3
1384,0, 160, False, 3
1385,0, 160, False, 3
1386,0, 160, False, 3
1387,0, 160, False, 3
1388,0, 160, False, 3
1389,0, 160, False, 3
1390,0, 160, False, 3
1391,0, 160, False, 3
1392,0, 160, False, 3
1393,0, 160, False, 3
1394,0, 160, False, 3
1395,0, 160, False, 3
1396,0, 160, False, 3
1397,0, 160, False, 3
1398,0, 160, False, 3
1399,0, 160, False, 3
1400,0, 160, False, 3
1401,0, 160, False, 3
1402,0, 160, False, 3
1403,0, 160, False, 3
1404,0, 160, False, 3
1405,0, 160, False, 3
1406,0, 160, False, 3
1407,0, 160, False, 3
1408,0, 160, False, 3
1409,0, 160, False, 3
1410,0, 160, False, 3
1411,0, 160, False, 3
1412,0, 160, False, 3
1413,0, 160, False, 3
1414,0, 160, False, 3
1415,0, 160, False, 3
1416,0, 160, False, 3
1417,0, 160, False, 3
1418,0, 160, False, 3
1419,0, 160, False, 11
1420,0, 160, False, 11
1421,0, 160, False, 11
1422,0, 160, False, 11
1423,0, 160, False, 11
1424,0, 160, False, 11
1425,0, 160, False, 11
1426,0, 160, False, 11
1427,0, 160, False, 11
1428,0, 160, False, 11
1429,0, 160, False, 3
1430,0, 160, False, 3
1431,0, 160, False, 3
1432,0, 160, False, 3
1433,0, 160, False, 3
1434,0, 160, False, 3
1435,0, 160, False, 3
1436,0, 160, False, 3
1437,0, 160, False, 3
1438,0, 160, False, 3
1439,0, 160, False, 3
1440,0, 160, False, 3
1441,0, 160, False, 3
1442,0, 160, False, 3
1443,0, 160, False, 3
1444,0, 160, False, 3
1445,0, 160, False, 3
1446,0, 160, False, 3
1447,0, 160, False, 3
1448,0, 160, False, 3
1449,0, 160, False, 3
1450,0, 160, False, 3
1451,0, 160, False, 3
1452,0, 160, False, 3
1453,0, 160, False, 3
1454,0, 160, False, 3
1455,0, 160, False, 3
1456,0, 160, False, 3
1457,0, 160, False, 3
1458,0, 160, False, 3
1459,0, 160, False, 3
1460,0, 160, False, 3
1461,0, 160, False, 3
1462,0, 160, False, 3
1463,0, 160, False, 3
1464,0, 160, False, 3
1465,0, 160, False, 3
1466,0, 160, False, 3
1467,0, 160, False, 3
1468,0, 160, False, 3
1469,0, 160, False, 3
1470,0, 160, False, 3
1471,0, 160, False, 11
1472,0, 160, False, 11
1473,0, 160, False, 11
1474,0, 160, False, 11
1475,0, 160, False, 11
1476,0, 160, False, 11
1477,0, 160, False, 1
1478,0, 160, False, 1
1479,0, 160, False, 1
1480,0, 160, False, 1
1481,0, 160, False, 0
1482,0, 160, False, 0
1483,0, 160, False, 0
1484,0, 160, False, 0
1485,0, 160, False, 0
1486,0, 160, False, 0
1487,0, 160, False, 0
1488,0, 160, False, 0
1489,0, 160, False, 0
1490,0, 160, False, 0
1491,0, 160, False, 0
1492,0, 160, False, 0
1493,0, 160, False, 0
1494,0, 160, False, 0
1495,0, 160, False, 0
1496,0, 160, False, 0
1497,0, 160, False, 0
1498,0, 160, False, 1
1499,0, 160, False, 1
1500,0, 160, False, 1
1501,0, 160, False, 1
1502,0, 160, False, 1
1503,0, 160, False, 1
1504,0, 160, False, 1
1505,0, 160, False, 1
1506,0, 160, False, 0
1507,0, 160, False, 0
1508,0, 160, False, 0
1509,0, 160, False, 0
1510,15, 175, False, 0
1511,0, 175, False, 0
1512,0, 175, False, 0
1513,0, 175, False, 0
1514,0, 175, False, 0
1515,0, 175, False, 0
1516,0, 175, False, 0
1517,0, 175, False, 0
1518,0, 175, False, 0
1519,0, 175, False, 0
1520,0, 175, False, 0
1521,0, 175, False, 0
1522,0, 175, False, 0
1523,0, 175, False, 0
1524,0, 175, False, 0
1525,0, 175, False, 0
1526,0, 175, False, 1
1527,0, 175, False, 1
1528,0, 175, False, 1
1529,0, 175, False, 1
1530,0, 175, False, 1
1531,0, 175, False, 1
1532,0, 175, False, 1
1533,0, 175, False, 1
1534,0, 175, False, 1
1535,0, 175, False, 1
1536,0, 175, False, 0
1537,0, 175, False, 0
1538,0, 175, False, 0
1539,0, 175, False, 0
1540,0, 175, False, 0
1541,0, 175, False, 0
1542,0, 175, False, 0
1543,0, 175, False, 0
1544,0, 175, False, 0
1545,0, 175, False, 0
1546,0, 175, False, 0
1547,0, 175, False, 0
1548,0, 175, False, 0
1549,0, 175, False, 0
1550,0, 175, False, 0
1551,0, 175, False, 0
1552,0, 175, False, 0
1553,0, 175, False, 0
1554,0, 175, False, 0
1555,0, 175, False, 0
1556,0, 175, False, 3
1557,0, 175, False, 3
1558,0, 175, False, 3
1559,0, 175, False, 3
1560,0, 175, False, 3
1561,0, 175, False, 3
1562,0, 175, False, 3
1563,0, 175, False, 3
1564,0, 175, False, 3
1565,0, 175, False, 3
1566,0, 175, False, 3
1567,0, 175, False, 3
1568,0, 175, False, 3
1569,0, 175, False, 3
1570,0, 175, False, 3
1571,0, 175, False, 3
1572,0, 175, False, 3
1573,0, 175, False, 3
1574,20, 195, False, 3
1575,0, 195, False, 3
1576,0, 195, False, 1
1577,0, 195, False, 1
1578,0, 195, False, 1
1579,0, 195, False, 1
1580,0, 195, False, 1
1581,0, 195, False, 1
1582,0, 195, False, 1
1583,0, 195, False, 1
1584,0, 195, False, 1
1585,0, 195, False, 1
1586,0, 195, False, 0
1587,0, 195, False, 0
1588,0, 195, False, 0
1589,0, 195, False, 0
1590,0, 195, False, 0
1591,0, 195, False, 0
1592,0, 195, False, 0
1593,0, 195, False, 0
1594,0, 195, False, 0
1595,0, 195, False, 0
1596,0, 195, False, 0
1597,0, 195, False, 0
1598,0, 195, False, 0
1599,0, 195, False, 0
1600,0, 195, False, 0
1601,0, 195, False, 0
1602,0, 195, False, 0
1603,0, 195, False, 0
1604,0, 195, False, 0
1605,0, 195, False, 0
1606,10, 205, False, 0
1607,0, 205, False, 0
1608,0, 205, False, 0
1609,0, 205, False, 0
1610,0, 205, False, 0
1611,0, 205, False, 0
1612,0, 205, False, 0
1613,0, 205, False, 0
1614,0, 205, False, 0
1615,0, 205, False, 0
1616,0, 205, False, 0
1617,0, 205, False, 0
1618,0, 205, False, 1
1619,0, 205, False, 1
1620,0, 205, False, 1
1621,0, 205, False, 1
1622,0, 205, False, 1
1623,0, 205, False, 1
1624,0, 205, False, 1
1625,0, 205, False, 1
1626,0, 205, False, 1
1627,0, 205, False, 1
1628,0, 205, False, 0
1629,0, 205, False, 0
1630,0, 205, False, 0
1631,0, 205, False, 0
1632,0, 205, False, 0
1633,0, 205, False, 0
1634,0, 205, False, 0
1635,0, 205, False, 0
1636,0, 205, False, 0
1637,0, 205, False, 0
1638,0, 205, False, 0
1639,0, 205, False, 0
1640,0, 205, False, 0
1641,0, 205, False, 0
1642,0, 205, False, 0
1643,0, 205, False, 0
1644,0, 205, False, 0
1645,0, 205, False, 0
1646,0, 205, False, 0
1647,0, 205, False, 0
1648,0, 205, False, 0
1649,0, 205, False, 0
1650,0, 205, False, 0
1651,0, 205, False, 0
1652,0, 205, False, 0
1653,0, 205, False, 0
1654,0, 205, False, 1
1655,0, 205, False, 1
1656,0, 205, False, 1
1657,0, 205, False, 1
1658,0, 205, False, 1
1659,0, 205, False, 1
1660,0, 205, False, 1
1661,0, 205, False, 1
1662,0, 205, False, 1
1663,0, 205, False, 1
1664,0, 205, False, 1
1665,0, 205, False, 0
1666,0, 205, False, 0
1667,0, 205, False, 0
1668,0, 205, False, 0
1669,0, 205, False, 0
1670,0, 205, False, 0
1671,0, 205, False, 0
1672,0, 205, False, 0
1673,0, 205, False, 0
1674,0, 205, False, 0
1675,0, 205, False, 0
1676,0, 205, False, 0
1677,0, 205, False, 0
1678,0, 205, False, 0
1679,0, 205, False, 0
1680,0, 205, False, 0
1681,0, 205, False, 0
1682,0, 205, False, 0
1683,0, 205, False, 0
1684,0, 205, False, 0
1685,0, 205, False, 0
1686,0, 205, False, 0
1687,0, 205, False, 0
1688,0, 205, False, 0
1689,0, 205, False, 0
1690,0, 205, False, 0
1691,0, 205, False, 1
1692,0, 205, False, 1
1693,0, 205, False, 1
1694,0, 205, False, 1
1695,0, 205, False, 1
1696,0, 205, False, 1
1697,0, 205, False, 1
1698,0, 205, False, 1
1699,0, 205, False, 1
1700,0, 205, False, 1
1701,0, 205, False, 1
1702,0, 205, False, 0
1703,0, 205, False, 0
1704,0, 205, False, 0
1705,0, 205, False, 0
1706,0, 205, False, 0
1707,0, 205, False, 0
1708,0, 205, False, 0
1709,0, 205, False, 0
1710,0, 205, False, 0
1711,0, 205, False, 3
1712,0, 205, False, 3
1713,0, 205, False, 3
1714,0, 205, False, 3
1715,0, 205, False, 3
1716,0, 205, False, 3
1717,0, 205, False, 3
1718,0, 205, False, 3
1719,0, 205, False, 0
1720,0, 205, False, 0
1721,0, 205, False, 0
1722,0, 205, False, 0
1723,0, 205, False, 1
1724,0, 205, False, 1
1725,0, 205, False, 1
1726,0, 205, False, 1
1727,0, 205, False, 1
1728,0, 205, False, 1
1729,0, 205, False, 1
1730,0, 205, False, 0
1731,0, 205, False, 0
1732,0, 205, False, 0
1733,0, 205, False, 0
1734,0, 205, False, 0
1735,0, 205, False, 0
1736,0, 205, False, 0
1737,0, 205, False, 0
1738,0, 205, False, 0
1739,0, 205, False, 0
1740,5, 210, False, 0
1741,0, 210, False, 0
1742,0, 210, False, 0
1743,0, 210, False, 0
1744,0, 210, False, 0
1745,0, 210, False, 0
1746,0, 210, False, 0
1747,0, 210, False, 0
1748,0, 210, False, 0
1749,0, 210, False, 0
1750,0, 210, False, 0
1751,0, 210, False, 0
1752,0, 210, False, 0
1753,0, 210, False, 0
1754,0, 210, False, 0
1755,0, 210, False, 0
1756,0, 210, False, 1
1757,0, 210, False, 1
1758,0, 210, False, 1
1759,0, 210, False, 1
1760,0, 210, False, 1
1761,0, 210, False, 1
1762,0, 210, False, 1
1763,0, 210, False, 1
1764,0, 210, False, 1
1765,0, 210, False, 0
1766,0, 210, False, 0
1767,0, 210, False, 0
1768,0, 210, False, 0
1769,0, 210, False, 0
1770,0, 210, False, 0
1771,0, 210, False, 0
1772,0, 210, False, 0
1773,0, 210, False, 4
1774,0, 210, False, 4
1775,0, 210, False, 4
1776,0, 210, False, 4
1777,0, 210, False, 4
1778,0, 210, False, 4
1779,0, 210, False, 4
1780,10, 220, False, 4
1781,0, 220, False, 4
1782,0, 220, False, 4
1783,0, 220, False, 4
1784,0, 220, False, 0
1785,0, 220, False, 0
1786,0, 220, False, 0
1787,0, 220, False, 0
1788,0, 220, False, 0
1789,0, 220, False, 0
1790,0, 220, False, 0
1791,0, 220, False, 0
1792,0, 220, False, 0
1793,0, 220, False, 0
1794,0, 220, False, 0
1795,0, 220, False, 0
1796,0, 220, False, 0
1797,0, 220, False, 0
1798,0, 220, False, 0
1799,0, 220, False, 0
1800,0, 220, False, 1
1801,0, 220, False, 1
1802,0, 220, False, 1
1803,0, 220, False, 1
1804,0, 220, False, 1
1805,0, 220, False, 1
1806,0, 220, False, 1
1807,0, 220, False, 1
1808,0, 220, False, 1
1809,0, 220, False, 1
1810,0, 220, False, 1
1811,0, 220, False, 0
1812,0, 220, False, 0
1813,0, 220, False, 0
1814,0, 220, False, 0
1815,0, 220, False, 0
1816,0, 220, False, 0
1817,0, 220, False, 0
1818,0, 220, False, 0
1819,0, 220, False, 0
1820,0, 220, False, 0
1821,0, 220, False, 0
1822,0, 220, False, 0
1823,0, 220, False, 0
1824,0, 220, False, 0
1825,0, 220, False, 0
1826,0, 220, False, 0
1827,0, 220, False, 0
1828,0, 220, False, 0
1829,0, 220, False, 0
1830,0, 220, False, 0
1831,0, 220, False, 0
1832,0, 220, False, 0
1833,0, 220, False, 0
1834,15, 235, False, 0
1835,0, 235, False, 0
1836,0, 235, False, 0
1837,0, 235, False, 0
1838,0, 235, False, 0
1839,0, 235, False, 0
1840,0, 235, False, 1
1841,0, 235, False, 1
1842,0, 235, False, 1
1843,0, 235, False, 1
1844,0, 235, False, 1
1845,0, 235, False, 1
1846,0, 235, False, 1
1847,0, 235, False, 1
1848,0, 235, False, 0
1849,0, 235, False, 0
1850,0, 235, False, 3
1851,0, 235, False, 3
1852,0, 235, False, 3
1853,0, 235, False, 3
1854,0, 235, False, 3
1855,0, 235, False, 3
1856,0, 235, False, 0
1857,0, 235, False, 0
1858,0, 235, False, 0
1859,0, 235, False, 0
1860,0, 235, False, 0
1861,0, 235, False, 0
1862,0, 235, False, 0
1863,0, 235, False, 0
1864,0, 235, False, 0
1865,0, 235, False, 0
1866,0, 235, False, 0
1867,0, 235, False, 0
1868,0, 235, False, 0
1869,0, 235, False, 0
1870,0, 235, False, 0
1871,0, 235, False, 1
1872,0, 235, False, 1
1873,0, 235, False, 1
1874,0, 235, False, 1
1875,0, 235, False, 1
1876,0, 235, False, 1
1877,0, 235, False, 1
1878,0, 235, False, 1
1879,0, 235, False, 0
1880,0, 235, False, 0
1881,0, 235, False, 0
1882,20, 255, False, 0
1883,0, 255, False, 0
1884,0, 255, False, 0
1885,0, 255, False, 4
1886,0, 255, False, 4
1887,0, 255, False, 4
1888,0, 255, False, 4
1889,0, 255, False, 4
1890,0, 255, False, 4
1891,0, 255, False, 4
1892,0, 255, False, 4
1893,0, 255, False, 4
1894,0, 255, False, 4
1895,0, 255, False, 4
1896,0, 255, False, 4
1897,0, 255, False, 4
1898,0, 255, False, 4
1899,0, 255, False, 4
1900,0, 255, False, 4
1901,0, 255, False, 12
1902,0, 255, False, 12
1903,0, 255, False, 12
1904,0, 255, False, 12
1905,0, 255, False, 12
1906,0, 255, False, 12
1907,0, 255, False, 12
1908,0, 255, False, 12
1909,0, 255, False, 4
1910,0, 255, False, 4
1911,0, 255, False, 4
1912,0, 255, False, 4
1913,0, 255, False, 4
1914,0, 255, False, 4
1915,0, 255, False, 4
1916,0, 255, False, 4
1917,0, 255, False, 4
1918,0, 255, False, 4
1919,0, 255, False, 4
1920,0, 255, False, 4
1921,0, 255, False, 4
1922,0, 255, False, 4
1923,0, 255, False, 4
1924,0, 255, False, 4
1925,0, 255, False, 4
1926,0, 255, False, 4
1927,0, 255, False, 4
1928,0, 255, False, 4
1929,0, 255, False, 4
1930,0, 255, False, 4
1931,0, 255, False, 4
1932,0, 255, False, 4
1933,0, 255, False, 4
1934,0, 255, False, 4
1935,0, 255, False, 4
1936,0, 255, False, 12
1937,0, 255, False, 12
1938,0, 255, False, 12
1939,0, 255, False, 12
1940,0, 255, False, 12
1941,0, 255, False, 12
1942,0, 255, False, 12
1943,0, 255, False, 12
1944,0, 255, False, 12
1945,0, 255, False, 12
1946,0, 255, False, 12
1947,0, 255, False, 12
1948,0, 255, False, 4
1949,0, 255, False, 4
1950,0, 255, False, 4
1951,0, 255, False, 4
1952,0, 255, False, 4
1953,0, 255, False, 4
1954,0, 255, False, 4
1955,0, 255, False, 4
1956,0, 255, False, 4
1957,0, 255, False, 4
1958,0, 255, False, 4
1959,0, 255, False, 4
1960,30, 285, False, 4
1961,0, 285, False, 4
1962,0, 285, False, 4
1963,0, 285, False, 4
1964,0, 285, False, 4
1965,0, 285, False, 4
1966,0, 285, False, 4
1967,0, 285, False, 4
1968,0, 285, False, 4
1969,0, 285, False, 4
1970,0, 285, False, 4
1971,0, 285, False, 4
1972,0, 285, False, 4
1973,0, 285, False, 4
1974,0, 285, False, 4
1975,0, 285, False, 4
1976,0, 285, False, 4
1977,0, 285, False, 4
1978,0, 285, False, 4
1979,0, 285, False, 4
1980,0, 285, False, 4
1981,0, 285, False, 4
1982,0, 285, False, 4
1983,0, 285, False, 0
1984,0, 285, False, 0
1985,0, 285, False, 1
1986,0, 285, False, 1
1987,0, 285, False, 1
1988,0, 285, False, 1
1989,0, 285, False, 1
1990,0, 285, False, 1
1991,0, 285, False, 1
1992,0, 285, False, 1
1993,0, 285, False, 1
1994,0, 285, False, 0
1995,0, 285, False, 0
1996,0, 285, False, 0
1997,0, 285, False, 0
1998,0, 285, False, 0
1999,0, 285, False, 0
2000,0, 285, False, 0
2001,0, 285, False, 0
2002,0, 285, False, 0
2003,0, 285, False, 0
2004,0, 285, False, 0
2005,0, 285, False, 0
2006,0, 285, False, 0
2007,0, 285, False, 0
2008,0, 285, False, 0
2009,0, 285, False, 0
2010,0, 285, False, 0
2011,0, 285, False, 0
2012,0, 285, False, 0
2013,0, 285, False, 0
2014,0, 285, False, 0
2015,0, 285, False, 0
2016,0, 285, False, 1
2017,0, 285, False, 1
2018,15, 300, False, 1
2019,0, 300, False, 1
2020,0, 300, False, 1
2021,0, 300, False, 1
2022,0, 300, False, 1
2023,0, 300, False, 1
2024,0, 300, False, 1
2025,0, 300, False, 0
2026,0, 300, False, 0
2027,0, 300, False, 0
2028,0, 300, False, 0
2029,0, 300, False, 0
2030,0, 300, False, 0
2031,0, 300, False, 0
2032,0, 300, False, 0
2033,0, 300, False, 0
2034,5, 305, False, 0
2035,0, 305, False, 0
2036,0, 305, False, 0
2037,0, 305, False, 0
2038,0, 305, False, 0
2039,0, 305, False, 0
2040,0, 305, False, 0
2041,0, 305, False, 0
2042,0, 305, False, 1
2043,0, 305, False, 1
2044,0, 305, False, 1
2045,0, 305, False, 1
2046,0, 305, False, 1
2047,0, 305, False, 1
2048,0, 305, False, 1
2049,0, 305, False, 1
2050,0, 305, False, 1
2051,0, 305, False, 0
2052,0, 305, False, 0
2053,0, 305, False, 0
2054,0, 305, False, 3
2055,0, 305, False, 3
2056,0, 305, False, 3
2057,0, 305, False, 3
2058,0, 305, False, 3
2059,0, 305, False, 3
2060,0, 305, False, 3
2061,0, 305, False, 3
2062,0, 305, False, 3
2063,0, 305, False, 0
2064,10, 315, False, 0
2065,0, 315, False, 0
2066,0, 315, False, 0
2067,0, 315, False, 0
2068,0, 315, False, 0
2069,0, 315, False, 1
2070,0, 315, False, 1
2071,0, 315, False, 1
2072,0, 315, False, 1
2073,0, 315, False, 1
2074,0, 315, False, 1
2075,0, 315, False, 1
2076,0, 315, False, 1
2077,0, 315, False, 1
2078,0, 315, False, 1
2079,0, 315, False, 0
2080,0, 315, False, 0
2081,0, 315, False, 0
2082,0, 315, False, 0
2083,0, 315, False, 0
2084,0, 315, False, 0
2085,0, 315, False, 0
2086,0, 315, False, 3
2087,0, 315, False, 3
2088,0, 315, False, 3
2089,0, 315, False, 3
2090,0, 315, False, 3
2091,0, 315, False, 3
2092,0, 315, False, 3
2093,0, 315, False, 3
2094,0, 315, False, 3
2095,0, 315, False, 3
2096,0, 315, False, 3
2097,0, 315, False, 3
2098,0, 315, False, 3
2099,0, 315, False, 3
2100,0, 315, False, 3
2101,0, 315, False, 3
2102,0, 315, False, 3
2103,0, 315, False, 3
2104,0, 315, False, 3
2105,0, 315, False, 3
2106,0, 315, False, 3
2107,0, 315, False, 3
2108,0, 315, False, 0
2109,0, 315, False, 0
2110,0, 315, False, 0
2111,0, 315, False, 0
2112,0, 315, False, 0
2113,0, 315, False, 0
2114,0, 315, False, 0
2115,0, 315, False, 0
2116,0, 315, False, 0
2117,0, 315, False, 0
2118,0, 315, False, 0
2119,0, 315, False, 0
2120,0, 315, False, 0
2121,0, 315, False, 1
2122,0, 315, False, 1
2123,0, 315, False, 1
2124,30, 345, False, 1
2125,0, 345, False, 1
2126,0, 345, False, 1
2127,0, 345, False, 1
2128,0, 345, False, 1
2129,0, 345, False, 1
2130,0, 345, False, 1
2131,0, 345, False, 1
2132,0, 345, False, 0
2133,0, 345, False, 0
2134,0, 345, False, 0
2135,0, 345, False, 0
2136,0, 345, False, 0
2137,0, 345, False, 0
2138,0, 345, False, 0
2139,0, 345, False, 0
2140,0, 345, False, 0
2141,0, 345, False, 0
2142,0, 345, False, 0
2143,0, 345, False, 0
2144,0, 345, False, 0
2145,0, 345, False, 0
2146,0, 345, False, 0
2147,0, 345, False, 0
2148,0, 345, False, 0
2149,0, 345, False, 0
2150,0, 345, False, 0
2151,0, 345, False, 0
2152,0, 345, False, 0
2153,0, 345, False, 0
2154,0, 345, False, 0
2155,0, 345, False, 0
2156,0, 345, False, 0
2157,0, 345, False, 0
2158,0, 345, False, 0
2159,0, 345, False, 0
2160,0, 345, False, 0
2161,0, 345, False, 1
2162,0, 345, False, 1
2163,0, 345, False, 1
2164,0, 345, False, 1
2165,0, 345, False, 1
2166,20, 365, False, 1
2167,0, 365, False, 1
2168,0, 365, False, 1
2169,0, 365, False, 1
2170,0, 365, False, 1
2171,0, 365, False, 0
2172,0, 365, False, 0
2173,0, 365, False, 0
2174,0, 365, False, 0
2175,0, 365, False, 0
2176,0, 365, False, 0
2177,0, 365, False, 0
2178,0, 365, False, 0
2179,0, 365, False, 0
2180,0, 365, False, 0
2181,0, 365, False, 0
2182,0, 365, False, 0
2183,0, 365, False, 0
2184,0, 365, False, 1
2185,0, 365, False, 1
2186,0, 365, False, 1
2187,0, 365, False, 1
2188,0, 365, False, 1
2189,0, 365, False, 1
2190,0, 365, False, 12
2191,0, 365, False, 12
2192,0, 365, False, 12
2193,0, 365, False, 4
2194,0, 365, False, 4
2195,0, 365, False, 4
2196,15, 380, False, 4
2197,0, 380, False, 4
2198,0, 380, False, 4
2199,0, 380, False, 4
2200,0, 380, False, 4
2201,0, 380, False, 4
2202,0, 380, False, 4
2203,0, 380, False, 4
2204,0, 380, False, 4
2205,0, 380, False, 4
2206,0, 380, False, 4
2207,0, 380, False, 4
2208,0, 380, False, 4
2209,0, 380, False, 0
2210,0, 380, False, 0
2211,0, 380, False, 0
2212,0, 380, False, 0
2213,0, 380, False, 0
2214,0, 380, False, 0
2215,0, 380, False, 0
2216,0, 380, False, 1
2217,0, 380, False, 1
2218,0, 380, False, 1
2219,0, 380, False, 1
2220,0, 380, False, 1
2221,0, 380, False, 1
2222,0, 380, False, 1
2223,0, 380, False, 1
2224,0, 380, False, 1
2225,0, 380, False, 3
2226,0, 380, False, 3
2227,0, 380, False, 3
2228,0, 380, False, 3
2229,0, 380, False, 3
2230,0, 380, False, 3
2231,0, 380, False, 3
2232,0, 380, False, 3
2233,0, 380, False, 3
2234,0, 380, False, 3
2235,0, 380, False, 0
2236,0, 380, False, 0
2237,0, 380, False, 0
2238,0, 380, False, 0
2239,0, 380, False, 0
2240,0, 380, False, 0
2241,0, 380, False, 0
2242,0, 380, False, 0
2243,0, 380, False, 0
2244,0, 380, False, 0
2245,0, 380, False, 0
2246,0, 380, False, 0
2247,0, 380, False, 0
2248,0, 380, False, 0
2249,0, 380, False, 0
2250,0, 380, False, 0
2251,0, 380, False, 0
2252,0, 380, False, 0
2253,0, 380, False, 0
2254,0, 380, False, 1
2255,0, 380, False, 1
2256,0, 380, False, 1
2257,0, 380, False, 1
2258,0, 380, False, 1
2259,0, 380, False, 1
2260,0, 380, False, 1
2261,0, 380, False, 1
2262,0, 380, False, 1
2263,0, 380, False, 0
2264,0, 380, False, 0
2265,0, 380, False, 0
2266,0, 380, False, 0
2267,0, 380, False, 0
2268,0, 380, False, 3
2269,0, 380, False, 3
2270,0, 380, False, 3
2271,0, 380, False, 3
2272,0, 380, False, 3
2273,0, 380, False, 3
2274,30, 410, False, 3
2275,0, 410, False, 3
2276,0, 410, False, 3
2277,0, 410, False, 3
2278,0, 410, False, 3
2279,0, 410, False, 3
2280,0, 410, False, 3
2281,0, 410, False, 3
2282,0, 410, False, 3
2283,0, 410, False, 3
2284,0, 410, False, 3
2285,0, 410, False, 3
2286,0, 410, False, 3
2287,0, 410, False, 3
2288,0, 410, False, 3
2289,0, 410, False, 3
2290,0, 410, False, 3
2291,0, 410, False, 3
2292,0, 410, False, 3
2293,0, 410, False, 3
2294,0, 410, False, 3
2295,0, 410, False, 3
2296,0, 410, False, 3
2297,0, 410, False, 3
2298,0, 410, False, 3
2299,0, 410, False, 3
2300,0, 410, False, 3
2301,0, 410, False, 3
2302,0, 410, False, 3
2303,0, 410, False, 3
2304,0, 410, False, 3
2305,0, 410, False, 3
2306,0, 410, False, 3
2307,0, 410, False, 3
2308,0, 410, False, 3
2309,0, 410, False, 3
2310,0, 410, False, 3
2311,0, 410, False, 3
2312,0, 410, False, 3
2313,0, 410, False, 3
2314,0, 410, False, 3
2315,0, 410, False, 3
2316,0, 410, False, 3
2317,0, 410, False, 3
2318,0, 410, False, 3
2319,0, 410, False, 3
2320,0, 410, False, 3
2321,0, 410, False, 3
2322,0, 410, False, 3
2323,0, 410, False, 3
2324,0, 410, False, 3
2325,0, 410, False, 3
2326,0, 410, False, 3
2327,0, 410, False, 3
2328,0, 410, False, 3
2329,0, 410, False, 3
2330,0, 410, False, 3
2331,0, 410, False, 3
2332,0, 410, False, 3
2333,0, 410, False, 3
2334,0, 410, False, 3
2335,0, 410, False, 3
2336,0, 410, False, 3
2337,0, 410, False, 11
2338,0, 410, False, 1
2339,0, 410, False, 1
2340,0, 410, False, 1
2341,0, 410, False, 1
2342,0, 410, False, 1
2343,0, 410, False, 1
2344,0, 410, False, 1
2345,0, 410, False, 0
2346,0, 410, False, 0
2347,0, 410, False, 0
2348,0, 410, False, 0
2349,0, 410, False, 0
2350,0, 410, False, 0
2351,0, 410, False, 0
2352,0, 410, False, 0
2353,0, 410, False, 0
2354,0, 410, False, 0
2355,0, 410, False, 0
2356,0, 410, False, 0
2357,0, 410, False, 0
2358,0, 410, False, 1
2359,0, 410, False, 1
2360,0, 410, False, 1
2361,0, 410, False, 1
2362,0, 410, False, 1
2363,0, 410, False, 1
2364,0, 410, False, 1
2365,0, 410, False, 1
2366,0, 410, False, 1
2367,0, 410, False, 0
2368,0, 410, False, 0
2369,0, 410, False, 0
2370,0, 410, False, 0
2371,0, 410, False, 0
2372,0, 410, False, 0
2373,0, 410, False, 0
2374,0, 410, False, 0
2375,0, 410, False, 3
2376,0, 410, False, 3
2377,0, 410, False, 3
2378,0, 410, False, 3
2379,0, 410, False, 3
2380,0, 410, False, 3
2381,0, 410, False, 3
2382,0, 410, False, 3
2383,0, 410, False, 11
2384,0, 410, False, 11
2385,0, 410, False, 11
2386,0, 410, False, 11
2387,0, 410, False, 11
2388,0, 410, False, 11
2389,0, 410, False, 11
2390,0, 410, False, 11
2391,0, 410, False, 11
2392,0, 410, False, 3
2393,0, 410, False, 3
2394,0, 410, False, 3
2395,0, 410, False, 3
2396,0, 410, False, 3
2397,0, 410, False, 3
2398,0, 410, False, 3
2399,0, 410, False, 3
2400,0, 410, False, 3
2401,0, 410, False, 3
2402,0, 410, False, 3
2403,0, 410, False, 3
2404,0, 410, False, 3
2405,0, 410, False, 3
2406,0, 410, False, 3
2407,0, 410, False, 3
2408,0, 410, False, 3
2409,0, 410, False, 3
2410,0, 410, False, 3
2411,0, 410, False, 3
2412,0, 410, False, 3
2413,0, 410, False, 3
2414,0, 410, False, 3
2415,0, 410, False, 3
2416,0, 410, False, 3
2417,0, 410, False, 0
2418,0, 410, False, 1
2419,0, 410, False, 1
2420,0, 410, False, 1
2421,0, 410, False, 1
2422,0, 410, False, 1
2423,0, 410, False, 1
2424,0, 410, False, 1
2425,0, 410, False, 1
2426,0, 410, False, 1
2427,0, 410, False, 1
2428,0, 410, False, 0
2429,0, 410, False, 0
2430,0, 410, False, 0
2431,0, 410, False, 0
2432,0, 410, False, 0
2433,0, 410, False, 0
2434,0, 410, False, 0
2435,0, 410, False, 0
2436,0, 410, False, 0
2437,0, 410, False, 0
2438,0, 410, False, 0
2439,0, 410, False, 0
2440,0, 410, False, 0
2441,0, 410, False, 0
2442,0, 410, False, 0
2443,0, 410, False, 1
2444,0, 410, False, 1
2445,0, 410, False, 1
2446,0, 410, False, 1
2447,0, 410, False, 1
2448,0, 410, False, 1
2449,0, 410, False, 1
2450,0, 410, False, 1
2451,0, 410, False, 1
2452,0, 410, False, 0
2453,0, 410, False, 0
2454,0, 410, False, 0
2455,0, 410, False, 0
2456,0, 410, False, 0
2457,0, 410, False, 3
2458,0, 410, False, 3
2459,0, 410, False, 3
2460,0, 410, False, 3
2461,0, 410, False, 3
2462,0, 410, False, 3
2463,0, 410, False, 3
2464,0, 410, False, 3
2465,0, 410, False, 3
2466,25, 435, False, 3
2467,0, 435, False, 3
2468,0, 435, False, 11
2469,0, 435, False, 11
2470,0, 435, False, 11
2471,0, 435, False, 11
2472,0, 435, False, 11
2473,0, 435, False, 11
2474,0, 435, False, 11
2475,0, 435, False, 1
2476,0, 435, False, 1
2477,0, 435, False, 0
2478,0, 435, False, 0
2479,0, 435, False, 0
2480,0, 435, False, 0
2481,0, 435, False, 0
2482,0, 435, False, 0
2483,0, 435, False, 0
2484,0, 435, False, 1
2485,0, 435, False, 1
2486,0, 435, False, 1
2487,0, 435, False, 1
2488,0, 435, False, 1
2489,0, 435, False, 1
2490,0, 435, False, 1
2491,0, 435, False, 0
2492,15, 450, False, 0
2493,0, 450, False, 4
2494,0, 450, False, 4
2495,0, 450, False, 4
2496,0, 450, False, 4
2497,0, 450, False, 4
2498,0, 450, False, 4
2499,0, 450, False, 4
2500,0, 450, False, 4
2501,0, 450, False, 4
2502,0, 450, False, 4
2503,0, 450, False, 4
2504,0, 450, False, 4
2505,0, 450, False, 4
2506,0, 450, False, 4
2507,0, 450, False, 4
2508,0, 450, False, 4
2509,0, 450, False, 4
2510,0, 450, False, 4
2511,0, 450, False, 4
2512,0, 450, False, 4
2513,0, 450, False, 4
2514,0, 450, False, 4
2515,0, 450, False, 4
2516,0, 450, False, 4
2517,0, 450, False, 4
2518,0, 450, False, 4
2519,0, 450, False, 4
2520,0, 450, False, 0
2521,0, 450, False, 0
2522,0, 450, False, 0
2523,0, 450, False, 0
2524,0, 450, False, 0
2525,0, 450, False, 3
2526,0, 450, False, 3
2527,0, 450, False, 3
2528,0, 450, False, 3
2529,0, 450, False, 3
2530,0, 450, False, 3
2531,0, 450, False, 3
2532,0, 450, False, 3
2533,0, 450, False, 3
2534,0, 450, False, 3
2535,0, 450, False, 3
2536,0, 450, False, 3
2537,0, 450, False, 3
2538,0, 450, False, 3
2539,0, 450, False, 3
2540,0, 450, False, 3
2541,0, 450, False, 3
2542,0, 450, False, 3
2543,0, 450, False, 3
2544,0, 450, False, 3
2545,0, 450, False, 3
2546,0, 450, False, 3
2547,0, 450, False, 3
2548,0, 450, False, 11
2549,0, 450, False, 11
2550,0, 450, False, 11
2551,0, 450, False, 11
2552,0, 450, False, 11
2553,0, 450, False, 11
2554,0, 450, False, 11
2555,0, 450, False, 11
2556,0, 450, False, 11
2557,0, 450, False, 11
2558,0, 450, False, 11
2559,0, 450, False, 3
2560,0, 450, False, 3
2561,0, 450, False, 3
2562,0, 450, False, 0
2563,0, 450, False, 0
2564,0, 450, False, 0
2565,0, 450, False, 0
2566,0, 450, False, 1
2567,0, 450, False, 1
2568,0, 450, False, 1
2569,0, 450, False, 1
2570,0, 450, False, 1
2571,0, 450, False, 1
2572,0, 450, False, 1
2573,0, 450, False, 1
2574,0, 450, False, 1
2575,0, 450, False, 0
2576,0, 450, False, 0
2577,0, 450, False, 0
2578,0, 450, False, 0
2579,0, 450, False, 0
2580,0, 450, False, 0
2581,0, 450, False, 0
2582,0, 450, False, 0
2583,0, 450, False, 1
2584,0, 450, False, 1
2585,0, 450, False, 1
2586,0, 450, False, 1
2587,0, 450, False, 12
2588,0, 450, False, 12
2589,0, 450, False, 12
2590,0, 450, False, 12
2591,0, 450, False, 4
2592,0, 450, False, 4
2593,0, 450, False, 4
2594,0, 450, False, 4
2595,0, 450, False, 4
2596,0, 450, False, 4
2597,0, 450, False, 4
2598,0, 450, False, 4
2599,0, 450, False, 4
2600,0, 450, False, 4
2601,0, 450, False, 4
2602,0, 450, False, 4
2603,0, 450, False, 4
2604,0, 450, False, 4
2605,0, 450, False, 4
2606,0, 450, False, 4
2607,0, 450, False, 4
2608,0, 450, False, 0
2609,0, 450, False, 0
2610,0, 450, False, 0
2611,0, 450, False, 0
2612,0, 450, False, 0
2613,0, 450, False, 0
2614,0, 450, False, 0
2615,0, 450, False, 0
2616,0, 450, False, 0
2617,0, 450, False, 0
2618,0, 450, False, 0
2619,0, 450, False, 0
2620,0, 450, False, 4
2621,0, 450, False, 4
2622,0, 450, False, 4
2623,0, 450, False, 4
2624,0, 450, False, 4
2625,0, 450, False, 12
2626,0, 450, False, 12
2627,0, 450, False, 12
2628,0, 450, False, 12
2629,0, 450, False, 12
2630,0, 450, False, 12
2631,0, 450, False, 12
2632,0, 450, False, 12
2633,0, 450, False, 12
2634,0, 450, False, 4
2635,0, 450, False, 4
2636,0, 450, False, 4
2637,0, 450, False, 4
2638,0, 450, False, 0
2639,0, 450, False, 0
2640,0, 450, False, 0
2641,0, 450, False, 0
2642,0, 450, False, 0
2643,0, 450, False, 0
2644,0, 450, False, 0
2645,0, 450, False, 0
2646,0, 450, False, 0
2647,0, 450, False, 1
2648,0, 450, False, 1
2649,0, 450, False, 1
2650,0, 450, False, 1
2651,0, 450, False, 1
2652,0, 450, False, 1
2653,0, 450, False, 1
2654,0, 450, False, 1
2655,0, 450, False, 1
2656,0, 450, False, 1
2657,0, 450, False, 0
2658,0, 450, False, 0
2659,0, 450, False, 0
2660,0, 450, False, 0
2661,0, 450, False, 0
2662,0, 450, False, 0
2663,0, 450, False, 0
2664,0, 450, False, 4
2665,0, 450, False, 4
2666,0, 450, False, 4
2667,0, 450, False, 4
2668,0, 450, False, 4
2669,0, 450, False, 4
2670,0, 450, False, 12
2671,0, 450, False, 12
2672,0, 450, False, 12
2673,0, 450, False, 1
2674,0, 450, False, 1
2675,0, 450, False, 1
2676,0, 450, False, 1
2677,0, 450, False, 1
2678,0, 450, False, 1
2679,0, 450, False, 0
2680,0, 450, False, 0
2681,0, 450, False, 0
2682,0, 450, False, 0
2683,0, 450, False, 0
2684,0, 450, False, 0
2685,0, 450, False, 0
2686,0, 450, False, 0
2687,0, 450, False, 0
2688,0, 450, False, 0
2689,0, 450, False, 1
2690,0, 450, False, 1
2691,0, 450, False, 1
2692,0, 450, False, 1
2693,0, 450, False, 1
2694,0, 450, False, 1
2695,0, 450, False, 1
2696,0, 450, False, 1
2697,0, 450, False, 0
2698,0, 450, False, 0
2699,0, 450, False, 0
2700,0, 450, False, 0
2701,0, 450, False, 3
2702,0, 450, False, 3
2703,0, 450, False, 3
2704,0, 450, False, 3
2705,0, 450, False, 3
2706,0, 450, False, 3
2707,0, 450, False, 3
2708,0, 450, False, 3
2709,0, 450, False, 3
2710,0, 450, False, 11
2711,0, 450, False, 11
2712,0, 450, False, 1
2713,0, 450, False, 1
2714,0, 450, False, 1
2715,0, 450, False, 1
2716,0, 450, False, 12
2717,0, 450, False, 12
2718,0, 450, False, 12
2719,0, 450, False, 4
2720,0, 450, False, 4
2721,0, 450, False, 4
2722,0, 450, False, 4
2723,0, 450, False, 4
2724,0, 450, False, 4
2725,0, 450, False, 4
2726,0, 450, False, 4
2727,0, 450, False, 4
2728,0, 450, False, 4
2729,0, 450, False, 4
2730,0, 450, False, 4
2731,0, 450, False, 12
2732,0, 450, False, 12
2733,0, 450, False, 12
2734,0, 450, False, 12
2735,0, 450, False, 12
2736,0, 450, False, 12
2737,0, 450, False, 12
2738,0, 450, False, 4
2739,0, 450, False, 4
2740,0, 450, False, 4
2741,0, 450, False, 4
2742,0, 450, False, 4
2743,0, 450, False, 4
2744,0, 450, False, 4
2745,0, 450, False, 4
2746,0, 450, False, 4
2747,0, 450, False, 4
2748,0, 450, False, 4
2749,0, 450, False, 4
2750,0, 450, False, 4
2751,0, 450, False, 4
2752,0, 450, False, 4
2753,0, 450, False, 4
2754,0, 450, False, 4
2755,0, 450, False, 4
2756,0, 450, False, 4
2757,0, 450, False, 4
2758,0, 450, False, 0
2759,0, 450, False, 0
2760,0, 450, False, 1
2761,0, 450, False, 1
2762,0, 450, False, 1
2763,0, 450, False, 11
2764,0, 450, False, 11
2765,0, 450, False, 11
2766,0, 450, False, 11
2767,0, 450, False, 11
2768,0, 450, False, 3
2769,0, 450, False, 3
2770,0, 450, False, 3
2771,0, 450, False, 3
2772,0, 450, False, 3
2773,0, 450, False, 3
2774,0, 450, False, 3
2775,0, 450, False, 3
2776,0, 450, False, 3
2777,0, 450, False, 3
2778,0, 450, False, 3
2779,0, 450, False, 3
2780,0, 450, False, 3
2781,0, 450, False, 3
2782,0, 450, False, 3
2783,0, 450, False, 0
2784,0, 450, False, 4
2785,0, 450, False, 4
2786,0, 450, False, 4
2787,0, 450, False, 4
2788,0, 450, False, 4
2789,0, 450, False, 4
2790,0, 450, False, 4
2791,0, 450, False, 4
2792,0, 450, False, 4
2793,0, 450, False, 4
2794,0, 450, False, 4
2795,0, 450, False, 4
2796,0, 450, False, 4
2797,0, 450, False, 4
2798,0, 450, False, 3
2799,0, 450, False, 3
2800,0, 450, False, 3
2801,0, 450, False, 3
2802,0, 450, False, 3
2803,0, 450, False, 3
2804,0, 450, False, 3
2805,0, 450, False, 3
2806,0, 450, False, 3
2807,0, 450, False, 3
2808,0, 450, False, 3
2809,0, 450, False, 3
2810,0, 450, False, 3
2811,0, 450, False, 3
2812,0, 450, False, 3
2813,0, 450, False, 3
2814,0, 450, False, 11
2815,0, 450, False, 11
2816,0, 450, False, 11
2817,0, 450, False, 11
2818,0, 450, False, 11
2819,0, 450, False, 11
2820,0, 450, False, 11
2821,0, 450, False, 11
2822,0, 450, False, 3
2823,0, 450, False, 3
2824,0, 450, False, 3
2825,0, 450, False, 3
2826,0, 450, False, 3
2827,0, 450, False, 3
2828,0, 450, False, 3
2829,0, 450, False, 3
2830,0, 450, False, 3
2831,0, 450, False, 3
2832,0, 450, False, 11
2833,0, 450, False, 11
2834,0, 450, False, 11
2835,0, 450, False, 11
2836,0, 450, False, 11
2837,0, 450, False, 11
2838,0, 450, False, 11
2839,0, 450, False, 11
2840,0, 450, False, 11
2841,0, 450, False, 11
2842,0, 450, False, 11
2843,0, 450, False, 3
2844,0, 450, False, 3
2845,0, 450, False, 3
2846,0, 450, False, 3
2847,0, 450, False, 3
2848,0, 450, False, 3
2849,0, 450, False, 3
2850,0, 450, False, 3
2851,0, 450, False, 3
2852,0, 450, False, 3
2853,0, 450, False, 3
2854,0, 450, False, 3
2855,0, 450, False, 3
2856,0, 450, False, 3
2857,0, 450, False, 3
2858,0, 450, False, 3
2859,0, 450, False, 3
2860,0, 450, False, 3
2861,0, 450, False, 3
2862,0, 450, False, 3
2863,0, 450, False, 3
2864,0, 450, False, 3
2865,0, 450, False, 3
2866,0, 450, False, 11
2867,0, 450, False, 11
2868,0, 450, False, 11
2869,0, 450, False, 11
2870,0, 450, False, 11
2871,0, 450, False, 11
2872,0, 450, False, 11
2873,0, 450, False, 11
2874,0, 450, False, 11
2875,0, 450, False, 3
2876,0, 450, False, 3
2877,0, 450, False, 3
2878,0, 450, False, 3
2879,0, 450, False, 3
2880,0, 450, False, 3
2881,0, 450, False, 0
2882,0, 450, False, 4
2883,0, 450, False, 4
2884,0, 450, False, 4
2885,0, 450, False, 4
2886,0, 450, False, 12
2887,0, 450, False, 12
2888,0, 450, False, 12
2889,0, 450, False, 12
2890,0, 450, False, 4
2891,0, 450, False, 4
2892,0, 450, False, 4
2893,0, 450, False, 4
2894,0, 450, False, 4
2895,0, 450, False, 12
2896,0, 450, False, 12
2897,0, 450, False, 12
2898,0, 450, False, 12
2899,0, 450, False, 12
2900,0, 450, False, 12
2901,0, 450, False, 12
2902,0, 450, False, 12
2903,0, 450, False, 12
2904,0, 450, False, 4
2905,0, 450, False, 4
2906,0, 450, False, 4
2907,0, 450, False, 4
2908,0, 450, False, 4
2909,0, 450, False, 4
2910,0, 450, False, 12
2911,0, 450, False, 12
2912,0, 450, False, 12
2913,0, 450, False, 12
2914,0, 450, False, 12
2915,0, 450, False, 12
2916,0, 450, False, 12
2917,0, 450, False, 12
2918,0, 450, False, 4
2919,0, 450, False, 4
2920,0, 450, False, 4
2921,0, 450, False, 4
2922,0, 450, False, 4
2923,0, 450, False, 4
2924,0, 450, False, 4
2925,0, 450, False, 4
2926,0, 450, False, 4
2927,0, 450, False, 12
2928,0, 450, False, 12
2929,0, 450, False, 12
2930,0, 450, False, 12
2931,0, 450, False, 12
2932,0, 450, False, 12
2933,0, 450, False, 12
2934,0, 450, False, 4
2935,0, 450, False, 4
2936,0, 450, False, 4
2937,0, 450, False, 4
2938,0, 450, False, 4
2939,0, 450, False, 4
2940,25, 475, False, 12
2941,0, 475, False, 12
2942,0, 475, False, 12
2943,0, 475, False, 12
2944,0, 475, False, 12
2945,0, 475, False, 12
2946,0, 475, False, 12
2947,0, 475, False, 12
2948,0, 475, False, 4
2949,0, 475, False, 4
2950,0, 475, False, 4
2951,0, 475, False, 4
2952,0, 475, False, 4
2953,0, 475, False, 4
2954,0, 475, False, 4
2955,0, 475, False, 4
2956,0, 475, False, 12
2957,0, 475, False, 12
2958,0, 475, False, 12
2959,0, 475, False, 12
2960,0, 475, False, 12
2961,0, 475, False, 12
2962,0, 475, False, 12
2963,0, 475, False, 4
2964,0, 475, False, 4
2965,0, 475, False, 4
2966,0, 475, False, 4
2967,0, 475, False, 4
2968,0, 475, False, 4
2969,0, 475, False, 4
2970,0, 475, False, 4
2971,0, 475, False, 12
2972,0, 475, False, 12
2973,0, 475, False, 12
2974,0, 475, False, 12
2975,0, 475, False, 12
2976,0, 475, False, 12
2977,0, 475, False, 12
2978,0, 475, False, 4
2979,0, 475, False, 4
2980,0, 475, False, 4
2981,0, 475, False, 4
2982,0, 475, False, 4
2983,0, 475, False, 4
2984,0, 475, False, 4
2985,0, 475, False, 4
2986,0, 475, False, 12
2987,0, 475, False, 12
2988,0, 475, False, 12
2989,0, 475, False, 12
2990,0, 475, False, 12
2991,0, 475, False, 12
2992,0, 475, False, 12
2993,0, 475, False, 12
2994,0, 475, False, 12
2995,0, 475, False, 4
2996,0, 475, False, 4
2997,0, 475, False, 4
2998,0, 475, False, 4
2999,0, 475, False, 4
3000,0, 475, False, 12
3001,0, 475, False, 12
3002,0, 475, False, 12
3003,0, 475, False, 12
3004,0, 475, False, 12
3005,0, 475, False, 12
3006,0, 475, False, 12
3007,0, 475, False, 12
3008,0, 475, False, 4
3009,0, 475, False, 4
3010,0, 475, False, 4
3011,0, 475, False, 4
3012,0, 475, False, 4
3013,0, 475, False, 4
3014,0, 475, False, 4
3015,0, 475, False, 12
3016,0, 475, False, 12
3017,0, 475, False, 12
3018,0, 475, False, 12
3019,0, 475, False, 12
3020,0, 475, False, 12
3021,0, 475, False, 12
3022,0, 475, False, 12
3023,0, 475, False, 4
3024,0, 475, False, 4
3025,0, 475, False, 4
3026,0, 475, False, 4
3027,0, 475, False, 4
3028,0, 475, False, 4
3029,0, 475, False, 12
3030,0, 475, False, 12
3031,0, 475, False, 12
3032,0, 475, False, 12
3033,0, 475, False, 12
3034,0, 475, False, 12
3035,0, 475, False, 12
3036,0, 475, False, 12
3037,0, 475, False, 4
3038,0, 475, False, 4
3039,0, 475, False, 4
3040,0, 475, False, 4
3041,0, 475, False, 4
3042,0, 475, False, 4
3043,0, 475, False, 4
3044,0, 475, False, 4
3045,0, 475, False, 12
3046,0, 475, False, 12
3047,0, 475, False, 12
3048,0, 475, False, 12
3049,0, 475, False, 12
3050,0, 475, False, 12
3051,0, 475, False, 12
3052,0, 475, False, 12
3053,0, 475, False, 12
3054,0, 475, False, 4
3055,0, 475, False, 4
3056,0, 475, False, 4
3057,0, 475, False, 4
3058,0, 475, False, 4
3059,0, 475, False, 4
3060,0, 475, False, 12
3061,0, 475, False, 12
3062,0, 475, False, 12
3063,0, 475, False, 12
3064,0, 475, False, 12
3065,0, 475, False, 12
3066,0, 475, False, 12
3067,0, 475, False, 12
3068,0, 475, False, 4
3069,0, 475, False, 4
3070,0, 475, False, 4
3071,0, 475, False, 4
3072,0, 475, False, 4
3073,0, 475, False, 4
3074,0, 475, False, 12
3075,0, 475, False, 1
3076,0, 475, False, 1
3077,0, 475, False, 1
3078,0, 475, False, 1
3079,0, 475, False, 11
3080,0, 475, False, 11
3081,0, 475, False, 11
3082,0, 475, False, 3
3083,0, 475, False, 3
3084,0, 475, False, 3
3085,0, 475, False, 3
3086,0, 475, False, 3
3087,0, 475, False, 3
3088,0, 475, False, 3
3089,0, 475, False, 11
3090,0, 475, False, 11
3091,0, 475, False, 11
3092,0, 475, False, 11
3093,0, 475, False, 11
3094,0, 475, False, 1
3095,0, 475, False, 0
3096,0, 475, False, 0
3097,0, 475, False, 0
3098,0, 475, False, 0
3099,0, 475, False, 0
3100,0, 475, False, 1
3101,0, 475, False, 1
3102,0, 475, False, 1
3103,0, 475, False, 1
3104,0, 475, False, 1
3105,0, 475, False, 1
3106,0, 475, False, 1
3107,0, 475, False, 1
3108,0, 475, False, 0
3109,0, 475, False, 0
3110,0, 475, False, 4
3111,0, 475, False, 4
3112,0, 475, False, 4
3113,0, 475, False, 4
3114,0, 475, False, 4
3115,0, 475, False, 0
3116,0, 475, False, 1
3117,0, 475, False, 1
3118,0, 475, False, 1
3119,0, 475, False, 1
3120,0, 475, False, 1
3121,0, 475, False, 1
3122,0, 475, False, 1
3123,0, 475, False, 0
3124,0, 475, False, 0
3125,0, 475, False, 0
3126,0, 475, False, 0
3127,0, 475, False, 0
3128,0, 475, False, 1
3129,0, 475, False, 1
3130,0, 475, False, 1
3131,0, 475, False, 1
3132,0, 475, False, 1
3133,0, 475, False, 1
3134,0, 475, False, 1
3135,0, 475, False, 1
3136,0, 475, False, 0
3137,0, 475, False, 0
3138,0, 475, False, 0
3139,0, 475, False, 0
3140,20, 495, False, 0
3141,0, 495, False, 1
3142,0, 495, False, 1
3143,0, 495, False, 1
3144,0, 495, False, 1
3145,0, 495, False, 1
3146,0, 495, False, 11
3147,0, 495, False, 11
3148,0, 495, False, 11
3149,0, 495, False, 11
3150,0, 495, False, 3
3151,0, 495, False, 3
3152,0, 495, False, 3
3153,0, 495, False, 3
3154,0, 495, False, 3
3155,0, 495, False, 3
3156,0, 495, False, 3
3157,0, 495, False, 3
3158,0, 495, False, 3
3159,0, 495, False, 11
3160,0, 495, False, 11
3161,0, 495, False, 11
3162,0, 495, False, 11
3163,0, 495, False, 11
3164,0, 495, False, 11
3165,0, 495, False, 11
3166,0, 495, False, 3
3167,0, 495, False, 3
3168,0, 495, False, 3
3169,0, 495, False, 3
3170,0, 495, False, 3
3171,0, 495, False, 3
3172,0, 495, False, 3
3173,0, 495, False, 11
3174,0, 495, False, 11
3175,0, 495, False, 11
3176,0, 495, False, 11
3177,0, 495, False, 11
3178,0, 495, False, 11
3179,0, 495, False, 11
3180,0, 495, False, 3
3181,0, 495, False, 3
3182,0, 495, False, 3
3183,0, 495, False, 3
3184,0, 495, False, 3
3185,0, 495, False, 3
3186,0, 495, False, 11
3187,0, 495, False, 11
3188,0, 495, False, 11
3189,0, 495, False, 11
3190,0, 495, False, 11
3191,0, 495, False, 11
3192,0, 495, False, 11
3193,0, 495, False, 11
3194,0, 495, False, 11
3195,0, 495, False, 3
3196,0, 495, False, 3
3197,0, 495, False, 3
3198,0, 495, False, 3
3199,0, 495, False, 3
3200,0, 495, False, 3
3201,0, 495, False, 11
3202,0, 495, False, 11
3203,0, 495, False, 11
3204,0, 495, False, 11
3205,0, 495, False, 11
3206,0, 495, False, 11
3207,0, 495, False, 11
3208,0, 495, False, 11
3209,0, 495, False, 11
3210,0, 495, False, 3
3211,0, 495, False, 3
3212,0, 495, False, 3
3213,0, 495, False, 3
3214,0, 495, False, 3
3215,0, 495, False, 3
3216,0, 495, False, 3
3217,0, 495, False, 11
3218,0, 495, False, 11
3219,0, 495, False, 11
3220,0, 495, False, 11
3221,0, 495, False, 11
3222,0, 495, False, 11
3223,0, 495, False, 11
3224,0, 495, False, 11
3225,0, 495, False, 11
3226,0, 495, False, 3
3227,0, 495, False, 3
3228,0, 495, False, 3
3229,0, 495, False, 3
3230,0, 495, False, 3
3231,0, 495, False, 3
3232,0, 495, False, 3
3233,0, 495, False, 3
3234,0, 495, False, 3
3235,0, 495, False, 3
3236,0, 495, False, 3
3237,0, 495, False, 3
3238,0, 495, False, 3
3239,0, 495, False, 3
3240,0, 495, False, 3
3241,0, 495, False, 3
3242,0, 495, False, 3
3243,0, 495, False, 3
3244,0, 495, False, 3
3245,0, 495, False, 3
3246,0, 495, False, 3
3247,0, 495, False, 3
3248,0, 495, False, 3
3249,0, 495, False, 3
3250,0, 495, False, 3
3251,0, 495, False, 3
3252,0, 495, False, 3
3253,0, 495, False, 3
3254,0, 495, False, 3
3255,0, 495, False, 3
3256,0, 495, False, 3
3257,0, 495, False, 3
3258,0, 495, False, 3
3259,0, 495, False, 3
3260,0, 495, False, 3
3261,0, 495, False, 3
3262,0, 495, False, 3
3263,0, 495, False, 3
3264,0, 495, False, 3
3265,0, 495, False, 3
3266,0, 495, False, 3
3267,0, 495, False, 3
3268,0, 495, False, 3
3269,0, 495, False, 3
3270,0, 495, False, 3
3271,0, 495, False, 3
3272,0, 495, False, 3
3273,0, 495, False, 3
3274,0, 495, False, 3
3275,0, 495, False, 3
3276,0, 495, False, 3
3277,0, 495, False, 3
3278,0, 495, False, 3
3279,0, 495, False, 3
3280,0, 495, False, 3
3281,0, 495, False, 3
3282,0, 495, False, 3
3283,0, 495, False, 11
3284,0, 495, False, 11
3285,0, 495, False, 1
3286,0, 495, False, 1
3287,0, 495, False, 1
3288,0, 495, False, 1
3289,0, 495, False, 1
3290,0, 495, False, 0
3291,0, 495, False, 0
3292,0, 495, False, 0
3293,0, 495, False, 1
3294,0, 495, False, 1
3295,0, 495, False, 1
3296,0, 495, False, 1
3297,0, 495, False, 1
3298,0, 495, False, 1
3299,0, 495, False, 1
3300,0, 495, False, 0
3301,0, 495, False, 0
3302,0, 495, False, 0
3303,0, 495, False, 0
3304,0, 495, False, 0
3305,0, 495, False, 0
3306,0, 495, False, 1
3307,0, 495, False, 1
3308,0, 495, False, 12
3309,0, 495, False, 12
3310,0, 495, False, 12
3311,0, 495, False, 12
3312,0, 495, False, 4
3313,0, 495, False, 0
3314,0, 495, False, 0
3315,0, 495, False, 0
3316,20, 515, False, 0
3317,0, 515, False, 0
3318,0, 515, False, 1
3319,0, 515, False, 1
3320,0, 515, False, 1
3321,0, 515, False, 1
3322,0, 515, False, 1
3323,0, 515, False, 1
3324,0, 515, False, 1
3325,0, 515, False, 1
3326,0, 515, False, 0
3327,0, 515, False, 0
3328,0, 515, False, 0
3329,0, 515, False, 0
3330,0, 515, False, 0
3331,0, 515, False, 0
3332,0, 515, False, 0
3333,0, 515, False, 0
3334,0, 515, False, 0
3335,0, 515, False, 0
3336,0, 515, False, 4
3337,0, 515, False, 4
3338,30, 545, False, 4
3339,0, 545, False, 4
3340,0, 545, False, 4
3341,0, 545, False, 4
3342,0, 545, False, 4
3343,0, 545, False, 0
3344,0, 545, False, 0
3345,0, 545, False, 1
3346,0, 545, False, 1
3347,0, 545, False, 1
3348,0, 545, False, 1
3349,0, 545, False, 1
3350,0, 545, False, 1
3351,0, 545, False, 1
3352,0, 545, False, 0
3353,0, 545, False, 0
3354,0, 545, False, 0
3355,0, 545, False, 0
3356,0, 545, False, 0
3357,0, 545, False, 0
3358,0, 545, False, 0
3359,0, 545, False, 0
3360,0, 545, False, 0
3361,0, 545, False, 0
3362,0, 545, False, 0
3363,0, 545, False, 0
3364,30, 575, False, 1
3365,0, 575, False, 1
3366,0, 575, False, 1
3367,0, 575, False, 1
3368,0, 575, False, 1
3369,0, 575, False, 0
3370,0, 575, False, 0
3371,0, 575, False, 1
3372,0, 575, False, 0
3373,0, 575, False, 4
3374,0, 575, False, 4
3375,0, 575, False, 4
3376,0, 575, False, 4
3377,0, 575, False, 4
3378,0, 575, False, 4
3379,0, 575, False, 4
3380,0, 575, False, 4
3381,0, 575, False, 4
3382,0, 575, False, 4
3383,0, 575, False, 4
3384,0, 575, False, 4
3385,0, 575, False, 4
3386,0, 575, False, 4
3387,0, 575, False, 4
3388,0, 575, False, 4
3389,0, 575, False, 4
3390,0, 575, False, 4
3391,0, 575, False, 4
3392,0, 575, False, 4
3393,0, 575, False, 4
3394,0, 575, False, 4
3395,0, 575, False, 4
3396,0, 575, False, 4
3397,0, 575, False, 4
3398,0, 575, False, 4
3399,0, 575, False, 4
3400,0, 575, False, 4
3401,0, 575, False, 4
3402,0, 575, False, 4
3403,0, 575, False, 4
3404,0, 575, False, 4
3405,0, 575, False, 4
3406,0, 575, False, 4
3407,0, 575, False, 4
3408,0, 575, False, 4
3409,0, 575, False, 4
3410,0, 575, False, 4
3411,0, 575, False, 4
3412,0, 575, False, 4
3413,0, 575, False, 4
3414,0, 575, False, 4
3415,0, 575, False, 4
3416,0, 575, False, 4
3417,0, 575, False, 4
3418,0, 575, False, 4
3419,0, 575, False, 4
3420,0, 575, False, 4
3421,0, 575, False, 4
3422,0, 575, False, 4
3423,0, 575, False, 0
3424,0, 575, False, 1
3425,0, 575, False, 1
3426,0, 575, False, 1
3427,0, 575, False, 1
3428,0, 575, False, 1
3429,0, 575, False, 1
3430,0, 575, False, 0
3431,0, 575, False, 0
3432,0, 575, False, 0
3433,0, 575, False, 0
3434,0, 575, False, 1
3435,0, 575, False, 1
3436,0, 575, False, 1
3437,0, 575, False, 1
3438,0, 575, False, 11
3439,0, 575, False, 11
3440,0, 575, False, 11
3441,0, 575, False, 3
3442,0, 575, False, 3
3443,0, 575, False, 3
3444,0, 575, False, 3
3445,0, 575, False, 3
3446,0, 575, False, 3
3447,0, 575, False, 3
3448,0, 575, False, 3
3449,0, 575, False, 11
3450,0, 575, False, 11
3451,0, 575, False, 11
3452,0, 575, False, 11
3453,0, 575, False, 11
3454,0, 575, False, 11
3455,0, 575, False, 11
3456,0, 575, False, 3
3457,0, 575, False, 3
3458,0, 575, False, 3
3459,0, 575, False, 3
3460,0, 575, False, 3
3461,0, 575, False, 11
3462,0, 575, False, 11
3463,0, 575, False, 11
3464,0, 575, False, 11
3465,0, 575, False, 11
3466,0, 575, False, 11
3467,0, 575, False, 11
3468,0, 575, False, 11
3469,0, 575, False, 3
3470,0, 575, False, 3
3471,0, 575, False, 3
3472,0, 575, False, 3
3473,0, 575, False, 3
3474,0, 575, False, 3
3475,0, 575, False, 3
3476,0, 575, False, 3
3477,0, 575, False, 3
3478,0, 575, False, 3
3479,0, 575, False, 3
3480,0, 575, False, 3
3481,0, 575, False, 3
3482,0, 575, False, 3
3483,0, 575, False, 3
3484,0, 575, False, 3
3485,0, 575, False, 3
3486,0, 575, False, 3
3487,0, 575, False, 11
3488,0, 575, False, 11
3489,0, 575, False, 11
3490,0, 575, False, 11
3491,0, 575, False, 11
3492,0, 575, False, 11
3493,0, 575, False, 11
3494,0, 575, False, 11
3495,0, 575, False, 3
3496,0, 575, False, 3
3497,0, 575, False, 3
3498,0, 575, False, 3
3499,0, 575, False, 3
3500,0, 575, False, 3
3501,0, 575, False, 11
3502,0, 575, False, 11
3503,0, 575, False, 11
3504,0, 575, False, 11
3505,0, 575, False, 11
3506,0, 575, False, 11
3507,0, 575, False, 11
3508,0, 575, False, 3
3509,0, 575, False, 3
3510,0, 575, False, 3
3511,0, 575, False, 3
3512,0, 575, False, 11
3513,0, 575, False, 1
3514,0, 575, False, 1
3515,0, 575, False, 1
3516,0, 575, False, 1
3517,0, 575, False, 1
3518,0, 575, False, 12
3519,0, 575, False, 12
3520,0, 575, False, 12
3521,0, 575, False, 4
3522,0, 575, False, 4
3523,0, 575, False, 4
3524,0, 575, False, 4
3525,0, 575, False, 4
3526,0, 575, False, 0
3527,0, 575, False, 0
3528,0, 575, False, 1
3529,0, 575, False, 1
3530,0, 575, False, 1
3531,0, 575, False, 1
3532,0, 575, False, 1
3533,0, 575, False, 1
3534,0, 575, False, 11
3535,0, 575, False, 11
3536,0, 575, False, 3
3537,0, 575, False, 3
3538,0, 575, False, 3
3539,0, 575, False, 3
3540,0, 575, False, 3
3541,0, 575, False, 3
3542,0, 575, False, 11
3543,0, 575, False, 11
3544,0, 575, False, 1
3545,0, 575, False, 1
3546,0, 575, False, 1
3547,0, 575, False, 1
3548,0, 575, False, 12
3549,0, 575, False, 4
3550,0, 575, False, 4
3551,0, 575, False, 4
3552,0, 575, False, 4
3553,0, 575, False, 4
3554,0, 575, False, 12
3555,0, 575, False, 12
3556,0, 575, False, 12
3557,0, 575, False, 12
3558,0, 575, False, 12
3559,0, 575, False, 12
3560,0, 575, False, 12
3561,0, 575, False, 12
3562,0, 575, False, 4
3563,0, 575, False, 4
3564,0, 575, False, 4
3565,0, 575, False, 4
3566,0, 575, False, 4
3567,0, 575, False, 12
3568,0, 575, False, 12
3569,0, 575, False, 12
3570,0, 575, False, 12
3571,0, 575, False, 12
3572,0, 575, False, 12
3573,0, 575, False, 12
3574,0, 575, False, 4
3575,0, 575, False, 4
3576,0, 575, False, 4
3577,0, 575, False, 4
3578,0, 575, False, 12
3579,0, 575, False, 12
3580,0, 575, False, 12
3581,0, 575, False, 12
3582,0, 575, False, 12
3583,0, 575, False, 12
3584,0, 575, False, 12
3585,0, 575, False, 12
3586,0, 575, False, 4
3587,0, 575, False, 4
3588,0, 575, False, 4
3589,0, 575, False, 12
3590,0, 575, False, 12
3591,0, 575, False, 12
3592,0, 575, False, 12
3593,0, 575, False, 12
3594,0, 575, False, 12
3595,0, 575, False, 12
3596,0, 575, False, 4
3597,0, 575, False, 4
3598,0, 575, False, 4
3599,0, 575, False, 4
3600,0, 575, False, 12
3601,0, 575, False, 12
3602,0, 575, False, 12
3603,0, 575, False, 12
3604,0, 575, False, 12
3605,0, 575, False, 12
3606,0, 575, False, 12
3607,0, 575, False, 4
3608,0, 575, False, 4
3609,0, 575, False, 4
3610,0, 575, False, 4
3611,0, 575, False, 4
3612,0, 575, False, 4
3613,0, 575, False, 4
3614,0, 575, False, 4
3615,0, 575, False, 12
3616,0, 575, False, 12
3617,0, 575, False, 12
3618,0, 575, False, 12
3619,0, 575, False, 12
3620,0, 575, False, 12
3621,0, 575, False, 12
3622,0, 575, False, 12
3623,0, 575, False, 4
3624,25, 600, False, 4
3625,0, 600, False, 4
3626,0, 600, False, 4
3627,0, 600, False, 12
3628,0, 600, False, 12
3629,0, 600, False, 12
3630,0, 600, False, 12
3631,0, 600, False, 12
3632,0, 600, False, 12
3633,0, 600, False, 12
3634,0, 600, False, 4
3635,0, 600, False, 4
3636,0, 600, False, 4
3637,0, 600, False, 4
3638,0, 600, False, 4
3639,0, 600, False, 4
3640,0, 600, False, 4
3641,0, 600, False, 4
3642,0, 600, False, 12
3643,0, 600, False, 12
3644,0, 600, False, 12
3645,0, 600, False, 12
3646,0, 600, False, 12
3647,0, 600, False, 12
3648,0, 600, False, 12
3649,0, 600, False, 12
3650,0, 600, False, 4
3651,0, 600, False, 4
3652,0, 600, False, 4
3653,0, 600, False, 4
3654,0, 600, False, 4
3655,0, 600, False, 4
3656,0, 600, False, 4
3657,0, 600, False, 4
3658,0, 600, False, 4
3659,0, 600, False, 4
3660,0, 600, False, 4
3661,0, 600, False, 4
3662,0, 600, False, 4
3663,0, 600, False, 4
3664,0, 600, False, 4
3665,0, 600, False, 4
3666,0, 600, False, 4
3667,0, 600, False, 4
3668,0, 600, False, 4
3669,0, 600, False, 4
3670,0, 600, False, 4
3671,0, 600, False, 4
3672,0, 600, False, 4
3673,0, 600, False, 4
3674,0, 600, False, 4
3675,0, 600, False, 4
3676,0, 600, False, 4
3677,0, 600, False, 4
3678,0, 600, False, 4
3679,0, 600, False, 12
3680,0, 600, False, 12
3681,0, 600, False, 12
3682,0, 600, False, 12
3683,0, 600, False, 12
3684,0, 600, False, 12
3685,0, 600, False, 12
3686,0, 600, False, 12
3687,0, 600, False, 4
3688,0, 600, False, 4
3689,0, 600, False, 4
3690,0, 600, False, 4
3691,0, 600, False, 12
3692,0, 600, False, 12
3693,0, 600, False, 12
3694,0, 600, False, 12
3695,0, 600, False, 12
3696,0, 600, False, 12
3697,0, 600, False, 12
3698,0, 600, False, 12
3699,0, 600, False, 4
3700,0, 600, False, 4
3701,0, 600, False, 4
3702,0, 600, False, 4
3703,0, 600, False, 0
3704,0, 600, False, 0
3705,0, 600, False, 3
3706,0, 600, False, 3
3707,0, 600, False, 3
3708,0, 600, False, 3
3709,0, 600, False, 3
3710,0, 600, False, 3
3711,0, 600, False, 3
3712,0, 600, False, 11
3713,0, 600, False, 11
3714,0, 600, False, 11
3715,0, 600, False, 11
3716,0, 600, False, 3
3717,0, 600, False, 3
3718,0, 600, False, 3
3719,0, 600, False, 3
3720,0, 600, False, 3
3721,0, 600, False, 3
3722,0, 600, False, 3
3723,0, 600, False, 3
3724,0, 600, False, 3
3725,0, 600, False, 3
3726,0, 600, False, 3
3727,0, 600, False, 3
3728,0, 600, False, 3
3729,0, 600, False, 3
3730,0, 600, False, 3
3731,0, 600, False, 3
3732,0, 600, False, 3
3733,0, 600, False, 3
3734,0, 600, False, 3
3735,0, 600, False, 3
3736,0, 600, False, 3
3737,0, 600, False, 3
3738,0, 600, False, 3
3739,0, 600, False, 0
3740,0, 600, False, 0
3741,0, 600, False, 0
3742,0, 600, False, 0
3743,0, 600, False, 0
3744,0, 600, False, 0
3745,0, 600, False, 0
3746,0, 600, False, 0
3747,0, 600, False, 0
3748,0, 600, False, 0
3749,0, 600, False, 0
3750,0, 600, False, 0
3751,0, 600, False, 0
3752,0, 600, False, 0
3753,0, 600, False, 0
3754,0, 600, False, 0
3755,0, 600, False, 0
3756,0, 600, False, 0
3757,0, 600, False, 0
3758,0, 600, False, 0
3759,0, 600, False, 0
3760,0, 600, False, 0
3761,0, 600, False, 0
3762,0, 600, False, 0
3763,0, 600, False, 0
3764,0, 600, False, 0
3765,0, 600, False, 0
3766,0, 600, False, 0
3767,0, 600, False, 0
3768,0, 600, False, 0
3769,0, 600, False, 0
3770,0, 600, False, 0
3771,0, 600, False, 0
3772,0, 600, False, 0
3773,0, 600, False, 0
3774,0, 600, False, 0
3775,0, 600, False, 0
3776,0, 600, False, 0
3777,0, 600, False, 0
3778,0, 600, False, 0
3779,0, 600, False, 0
3780,0, 600, False, 0
3781,0, 600, False, 0
3782,0, 600, False, 0
3783,0, 600, False, 0
3784,0, 600, False, 0
3785,0, 600, False, 0
3786,0, 600, False, 0
3787,0, 600, False, 0
3788,0, 600, False, 0
3789,0, 600, False, 0
3790,0, 600, False, 0
3791,0, 600, False, 0
3792,0, 600, False, 0
3793,0, 600, False, 0
3794,0, 600, False, 0
3795,0, 600, False, 0
3796,0, 600, False, 0
3797,0, 600, False, 0
3798,0, 600, False, 0
3799,0, 600, False, 0
3800,0, 600, False, 0
3801,0, 600, False, 0
3802,0, 600, False, 0
3803,0, 600, False, 0
3804,0, 600, False, 0
3805,0, 600, False, 0
3806,0, 600, False, 0
3807,0, 600, False, 0
3808,0, 600, False, 0
3809,0, 600, False, 0
3810,0, 600, False, 0
3811,0, 600, False, 0
3812,0, 600, False, 0
3813,0, 600, False, 0
3814,0, 600, False, 0
3815,0, 600, False, 0
3816,0, 600, False, 0
3817,0, 600, False, 0
3818,0, 600, False, 0
3819,0, 600, False, 0
3820,0, 600, False, 0
3821,0, 600, False, 0
3822,0, 600, False, 0
3823,0, 600, False, 0
3824,0, 600, False, 0
3825,0, 600, False, 0
3826,0, 600, False, 0
3827,0, 600, False, 0
3828,0, 600, False, 0
3829,0, 600, False, 0
3830,0, 600, False, 0
3831,0, 600, False, 0
3832,0, 600, False, 0
3833,0, 600, False, 0
3834,0, 600, False, 0
3835,0, 600, False, 0
3836,0, 600, False, 0
3837,0, 600, False, 0
3838,0, 600, False, 0
3839,0, 600, False, 0
3840,0, 600, False, 0
3841,0, 600, False, 0
3842,0, 600, False, 0
3843,0, 600, False, 0
3844,0, 600, False, 0
3845,0, 600, False, 0
3846,0, 600, False, 0
3847,0, 600, False, 0
3848,0, 600, False, 0
3849,0, 600, False, 0
3850,0, 600, False, 0
3851,0, 600, False, 0
3852,0, 600, False, 0
3853,0, 600, False, 0
3854,0, 600, False, 0
3855,0, 600, False, 0
3856,0, 600, False, 0
3857,0, 600, False, 0
3858,0, 600, False, 0
3859,0, 600, False, 0
3860,0, 600, False, 0
3861,0, 600, False, 0
3862,0, 600, False, 0
3863,0, 600, False, 0
3864,0, 600, False, 0
3865,0, 600, False, 0
3866,0, 600, False, 0
3867,0, 600, False, 0
3868,0, 600, False, 0
3869,0, 600, False, 0
3870,0, 600, False, 0
3871,0, 600, False, 0
3872,0, 600, False, 0
3873,0, 600, False, 0
3874,0, 600, False, 0
3875,0, 600, False, 0
3876,0, 600, False, 0
3877,0, 600, False, 0
3878,0, 600, False, 0
3879,0, 600, False, 0
3880,0, 600, False, 0
3881,0, 600, False, 0
3882,0, 600, False, 0
3883,0, 600, False, 0
3884,0, 600, False, 0
3885,0, 600, False, 0
3886,0, 600, False, 0
3887,0, 600, False, 0
3888,0, 600, False, 0
3889,0, 600, False, 0
3890,0, 600, False, 0
3891,0, 600, False, 0
3892,0, 600, False, 0
3893,0, 600, False, 0
3894,0, 600, False, 0
3895,0, 600, False, 0
3896,0, 600, False, 0
3897,0, 600, False, 0
3898,0, 600, False, 0
3899,0, 600, False, 0
3900,0, 600, False, 0
3901,0, 600, False, 0
3902,0, 600, False, 0
3903,0, 600, False, 0
3904,0, 600, False, 0
3905,0, 600, False, 0
3906,0, 600, False, 0
3907,0, 600, False, 0
3908,0, 600, False, 0
3909,0, 600, False, 0
3910,0, 600, False, 0
3911,0, 600, False, 0
3912,0, 600, False, 0
3913,0, 600, False, 0
3914,0, 600, False, 0
3915,0, 600, False, 0
3916,0, 600, False, 0
3917,0, 600, False, 0
3918,0, 600, False, 0
3919,0, 600, False, 0
3920,0, 600, False, 0
3921,0, 600, False, 0
3922,0, 600, False, 0
3923,0, 600, False, 0
3924,0, 600, False, 0
3925,0, 600, False, 0
3926,0, 600, False, 0
3927,0, 600, False, 0
3928,0, 600, False, 0
3929,0, 600, False, 0
3930,0, 600, False, 0
3931,0, 600, False, 3
3932,0, 600, False, 3
3933,0, 600, False, 3
3934,0, 600, False, 3
3935,0, 600, False, 3
3936,0, 600, False, 3
3937,0, 600, False, 3
3938,0, 600, False, 3
3939,0, 600, False, 3
3940,0, 600, False, 3
3941,0, 600, False, 3
3942,0, 600, False, 3
3943,0, 600, False, 3
3944,0, 600, False, 3
3945,0, 600, False, 3
3946,0, 600, False, 3
3947,0, 600, False, 3
3948,0, 600, False, 3
3949,0, 600, False, 3
3950,0, 600, False, 3
3951,0, 600, False, 3
3952,0, 600, False, 3
3953,0, 600, False, 3
3954,0, 600, False, 3
3955,0, 600, False, 3
3956,0, 600, False, 3
3957,0, 600, False, 3
3958,0, 600, False, 0
3959,0, 600, False, 0
3960,0, 600, False, 0
3961,0, 600, False, 0
3962,0, 600, False, 0
3963,0, 600, False, 0
3964,0, 600, False, 0
3965,0, 600, False, 0
3966,0, 600, False, 0
3967,0, 600, False, 0
3968,0, 600, False, 0
3969,0, 600, False, 0
3970,0, 600, False, 0
3971,0, 600, False, 0
3972,0, 600, False, 0
3973,0, 600, False, 0
3974,0, 600, False, 0
3975,0, 600, False, 0
3976,0, 600, False, 0
3977,0, 600, False, 0
3978,0, 600, False, 0
3979,0, 600, False, 0
3980,0, 600, False, 0
3981,0, 600, False, 0
3982,0, 600, False, 0
3983,0, 600, False, 0
3984,0, 600, False, 0
3985,0, 600, False, 0
3986,0, 600, False, 0
3987,0, 600, False, 0
3988,0, 600, False, 0
3989,0, 600, False, 0
3990,0, 600, False, 0
3991,0, 600, False, 0
3992,0, 600, False, 0
3993,0, 600, False, 0
3994,0, 600, False, 0
3995,0, 600, False, 0
3996,0, 600, False, 1
3997,0, 600, False, 1
3998,0, 600, False, 1
3999,0, 600, False, 1
4000,0, 600, False, 1
4001,0, 600, False, 1
4002,0, 600, False, 1
4003,0, 600, False, 1
4004,0, 600, False, 1
4005,0, 600, False, 0
4006,0, 600, False, 0
4007,0, 600, False, 0
4008,0, 600, False, 0
4009,0, 600, False, 0
4010,0, 600, False, 0
4011,0, 600, False, 0
4012,0, 600, False, 0
4013,0, 600, False, 0
4014,0, 600, False, 0
4015,0, 600, False, 0
4016,0, 600, False, 0
4017,0, 600, False, 0
4018,0, 600, False, 0
4019,0, 600, False, 0
4020,0, 600, False, 0
4021,0, 600, False, 0
4022,0, 600, False, 0
4023,0, 600, False, 0
4024,0, 600, False, 0
4025,0, 600, False, 0
4026,0, 600, False, 0
4027,0, 600, False, 0
4028,0, 600, False, 0
4029,0, 600, False, 0
4030,0, 600, False, 0
4031,0, 600, False, 0
4032,0, 600, False, 0
4033,0, 600, False, 0
4034,0, 600, False, 0
4035,0, 600, True, 0
