db traj id : 3458
frame,reward,score,terminal, action
0,0, 0, False, 0
1,0, 0, False, 0
2,0, 0, False, 0
3,0, 0, False, 0
4,0, 0, False, 0
5,0, 0, False, 0
6,0, 0, False, 0
7,0, 0, False, 0
8,0, 0, False, 0
9,0, 0, False, 0
10,0, 0, False, 0
11,0, 0, False, 0
12,0, 0, False, 0
13,0, 0, False, 0
14,0, 0, False, 0
15,0, 0, False, 0
16,0, 0, False, 0
17,0, 0, False, 0
18,0, 0, False, 0
19,0, 0, False, 0
20,0, 0, False, 0
21,0, 0, False, 0
22,0, 0, False, 1
23,0, 0, False, 1
24,0, 0, False, 1
25,0, 0, False, 1
26,0, 0, False, 1
27,0, 0, False, 1
28,0, 0, False, 1
29,0, 0, False, 1
30,0, 0, False, 1
31,0, 0, False, 1
32,0, 0, False, 1
33,0, 0, False, 1
34,0, 0, False, 1
35,0, 0, False, 1
36,0, 0, False, 1
37,0, 0, False, 0
38,0, 0, False, 0
39,0, 0, False, 0
40,0, 0, False, 0
41,0, 0, False, 0
42,0, 0, False, 0
43,0, 0, False, 0
44,0, 0, False, 0
45,0, 0, False, 0
46,0, 0, False, 0
47,0, 0, False, 0
48,0, 0, False, 0
49,0, 0, False, 0
50,0, 0, False, 0
51,0, 0, False, 0
52,0, 0, False, 0
53,0, 0, False, 0
54,0, 0, False, 0
55,0, 0, False, 0
56,0, 0, False, 0
57,0, 0, False, 0
58,0, 0, False, 0
59,0, 0, False, 0
60,0, 0, False, 0
61,0, 0, False, 0
62,0, 0, False, 0
63,0, 0, False, 0
64,0, 0, False, 0
65,0, 0, False, 0
66,0, 0, False, 0
67,0, 0, False, 0
68,0, 0, False, 0
69,0, 0, False, 0
70,0, 0, False, 0
71,0, 0, False, 0
72,0, 0, False, 0
73,0, 0, False, 3
74,0, 0, False, 3
75,0, 0, False, 3
76,0, 0, False, 3
77,0, 0, False, 3
78,0, 0, False, 3
79,0, 0, False, 3
80,0, 0, False, 3
81,0, 0, False, 3
82,0, 0, False, 3
83,0, 0, False, 3
84,0, 0, False, 3
85,0, 0, False, 3
86,0, 0, False, 3
87,0, 0, False, 3
88,0, 0, False, 3
89,0, 0, False, 3
90,0, 0, False, 3
91,0, 0, False, 3
92,0, 0, False, 3
93,0, 0, False, 3
94,0, 0, False, 3
95,0, 0, False, 3
96,0, 0, False, 0
97,0, 0, False, 0
98,0, 0, False, 0
99,0, 0, False, 0
100,0, 0, False, 0
101,0, 0, False, 0
102,0, 0, False, 2
103,0, 0, False, 2
104,0, 0, False, 2
105,0, 0, False, 2
106,0, 0, False, 2
107,0, 0, False, 2
108,0, 0, False, 2
109,0, 0, False, 2
110,0, 0, False, 2
111,0, 0, False, 2
112,0, 0, False, 2
113,0, 0, False, 2
114,0, 0, False, 2
115,0, 0, False, 2
116,0, 0, False, 2
117,0, 0, False, 2
118,0, 0, False, 0
119,0, 0, False, 0
120,0, 0, False, 0
121,0, 0, False, 0
122,0, 0, False, 0
123,0, 0, False, 0
124,0, 0, False, 0
125,0, 0, False, 0
126,0, 0, False, 0
127,0, 0, False, 0
128,0, 0, False, 0
129,0, 0, False, 0
130,0, 0, False, 0
131,0, 0, False, 0
132,0, 0, False, 0
133,0, 0, False, 0
134,0, 0, False, 0
135,0, 0, False, 0
136,0, 0, False, 0
137,0, 0, False, 0
138,0, 0, False, 0
139,0, 0, False, 0
140,0, 0, False, 0
141,0, 0, False, 0
142,0, 0, False, 0
143,0, 0, False, 0
144,0, 0, False, 0
145,0, 0, False, 0
146,0, 0, False, 0
147,0, 0, False, 0
148,0, 0, False, 0
149,0, 0, False, 0
150,0, 0, False, 0
151,0, 0, False, 0
152,0, 0, False, 0
153,0, 0, False, 2
154,0, 0, False, 2
155,0, 0, False, 2
156,0, 0, False, 2
157,0, 0, False, 2
158,0, 0, False, 2
159,0, 0, False, 2
160,0, 0, False, 2
161,0, 0, False, 2
162,0, 0, False, 2
163,0, 0, False, 2
164,0, 0, False, 2
165,0, 0, False, 2
166,0, 0, False, 0
167,0, 0, False, 0
168,0, 0, False, 0
169,0, 0, False, 0
170,0, 0, False, 0
171,0, 0, False, 0
172,0, 0, False, 0
173,0, 0, False, 0
174,0, 0, False, 0
175,0, 0, False, 0
176,0, 0, False, 0
177,0, 0, False, 0
178,0, 0, False, 3
179,0, 0, False, 3
180,0, 0, False, 3
181,0, 0, False, 3
182,0, 0, False, 3
183,0, 0, False, 3
184,0, 0, False, 3
185,0, 0, False, 3
186,0, 0, False, 3
187,0, 0, False, 0
188,0, 0, False, 0
189,0, 0, False, 0
190,0, 0, False, 0
191,0, 0, False, 0
192,0, 0, False, 0
193,0, 0, False, 0
194,0, 0, False, 0
195,0, 0, False, 3
196,0, 0, False, 3
197,0, 0, False, 3
198,0, 0, False, 3
199,0, 0, False, 3
200,0, 0, False, 3
201,0, 0, False, 3
202,0, 0, False, 3
203,0, 0, False, 3
204,0, 0, False, 3
205,0, 0, False, 3
206,0, 0, False, 3
207,0, 0, False, 3
208,0, 0, False, 3
209,0, 0, False, 3
210,0, 0, False, 3
211,0, 0, False, 3
212,0, 0, False, 3
213,0, 0, False, 3
214,0, 0, False, 3
215,0, 0, False, 3
216,0, 0, False, 3
217,0, 0, False, 3
218,0, 0, False, 3
219,0, 0, False, 3
220,0, 0, False, 3
221,0, 0, False, 3
222,0, 0, False, 3
223,0, 0, False, 3
224,0, 0, False, 0
225,0, 0, False, 0
226,0, 0, False, 0
227,0, 0, False, 0
228,0, 0, False, 0
229,0, 0, False, 1
230,0, 0, False, 1
231,0, 0, False, 1
232,0, 0, False, 1
233,0, 0, False, 1
234,0, 0, False, 1
235,0, 0, False, 1
236,0, 0, False, 1
237,0, 0, False, 1
238,0, 0, False, 1
239,0, 0, False, 1
240,0, 0, False, 1
241,0, 0, False, 0
242,0, 0, False, 0
243,0, 0, False, 0
244,0, 0, False, 0
245,0, 0, False, 0
246,0, 0, False, 0
247,0, 0, False, 0
248,0, 0, False, 0
249,0, 0, False, 0
250,0, 0, False, 0
251,0, 0, False, 0
252,0, 0, False, 0
253,0, 0, False, 0
254,0, 0, False, 0
255,0, 0, False, 0
256,0, 0, False, 0
257,0, 0, False, 0
258,0, 0, False, 0
259,0, 0, False, 0
260,0, 0, False, 0
261,0, 0, False, 3
262,0, 0, False, 3
263,0, 0, False, 3
264,0, 0, False, 3
265,0, 0, False, 3
266,0, 0, False, 3
267,0, 0, False, 3
268,0, 0, False, 3
269,0, 0, False, 3
270,0, 0, False, 0
271,0, 0, False, 0
272,0, 0, False, 0
273,0, 0, False, 0
274,0, 0, False, 1
275,0, 0, False, 1
276,0, 0, False, 1
277,0, 0, False, 1
278,0, 0, False, 1
279,0, 0, False, 1
280,0, 0, False, 0
281,0, 0, False, 0
282,0, 0, False, 0
283,0, 0, False, 0
284,0, 0, False, 0
285,0, 0, False, 0
286,0, 0, False, 0
287,0, 0, False, 0
288,0, 0, False, 0
289,0, 0, False, 0
290,0, 0, False, 0
291,0, 0, False, 0
292,0, 0, False, 0
293,0, 0, False, 0
294,0, 0, False, 0
295,0, 0, False, 0
296,0, 0, False, 0
297,0, 0, False, 0
298,0, 0, False, 0
299,0, 0, False, 0
300,0, 0, False, 3
301,0, 0, False, 3
302,0, 0, False, 3
303,0, 0, False, 3
304,0, 0, False, 3
305,0, 0, False, 3
306,0, 0, False, 3
307,0, 0, False, 3
308,0, 0, False, 0
309,0, 0, False, 0
310,0, 0, False, 0
311,0, 0, False, 0
312,0, 0, False, 1
313,0, 0, False, 1
314,0, 0, False, 1
315,0, 0, False, 1
316,0, 0, False, 1
317,0, 0, False, 1
318,0, 0, False, 1
319,0, 0, False, 1
320,0, 0, False, 1
321,0, 0, False, 1
322,0, 0, False, 1
323,0, 0, False, 1
324,0, 0, False, 1
325,0, 0, False, 1
326,0, 0, False, 1
327,0, 0, False, 1
328,0, 0, False, 1
329,0, 0, False, 1
330,0, 0, False, 1
331,0, 0, False, 1
332,0, 0, False, 1
333,0, 0, False, 0
334,0, 0, False, 0
335,0, 0, False, 0
336,0, 0, False, 0
337,0, 0, False, 0
338,0, 0, False, 0
339,0, 0, False, 0
340,0, 0, False, 0
341,5, 5, False, 0
342,0, 5, False, 0
343,0, 5, False, 0
344,0, 5, False, 0
345,0, 5, False, 0
346,0, 5, False, 0
347,0, 5, False, 0
348,0, 5, False, 0
349,0, 5, False, 0
350,0, 5, False, 0
351,0, 5, False, 0
352,0, 5, False, 0
353,0, 5, False, 0
354,0, 5, False, 3
355,0, 5, False, 3
356,0, 5, False, 3
357,0, 5, False, 3
358,0, 5, False, 3
359,0, 5, False, 3
360,0, 5, False, 0
361,0, 5, False, 0
362,0, 5, False, 0
363,0, 5, False, 0
364,0, 5, False, 1
365,0, 5, False, 1
366,0, 5, False, 1
367,0, 5, False, 1
368,0, 5, False, 1
369,0, 5, False, 1
370,0, 5, False, 1
371,0, 5, False, 1
372,0, 5, False, 1
373,0, 5, False, 1
374,0, 5, False, 1
375,0, 5, False, 1
376,0, 5, False, 1
377,0, 5, False, 1
378,0, 5, False, 1
379,0, 5, False, 0
380,0, 5, False, 0
381,0, 5, False, 0
382,0, 5, False, 0
383,0, 5, False, 0
384,0, 5, False, 0
385,0, 5, False, 0
386,0, 5, False, 0
387,0, 5, False, 0
388,0, 5, False, 0
389,0, 5, False, 0
390,0, 5, False, 0
391,0, 5, False, 0
392,0, 5, False, 0
393,0, 5, False, 0
394,0, 5, False, 0
395,0, 5, False, 0
396,0, 5, False, 0
397,10, 15, False, 0
398,0, 15, False, 0
399,0, 15, False, 0
400,0, 15, False, 0
401,0, 15, False, 0
402,0, 15, False, 0
403,0, 15, False, 0
404,0, 15, False, 0
405,0, 15, False, 0
406,0, 15, False, 0
407,0, 15, False, 0
408,0, 15, False, 4
409,0, 15, False, 4
410,0, 15, False, 4
411,0, 15, False, 4
412,0, 15, False, 4
413,0, 15, False, 4
414,0, 15, False, 4
415,0, 15, False, 4
416,0, 15, False, 4
417,0, 15, False, 4
418,0, 15, False, 4
419,0, 15, False, 4
420,0, 15, False, 4
421,0, 15, False, 4
422,0, 15, False, 4
423,0, 15, False, 4
424,0, 15, False, 4
425,0, 15, False, 4
426,0, 15, False, 0
427,0, 15, False, 0
428,0, 15, False, 0
429,0, 15, False, 0
430,0, 15, False, 0
431,0, 15, False, 0
432,0, 15, False, 0
433,0, 15, False, 0
434,0, 15, False, 0
435,0, 15, False, 0
436,0, 15, False, 0
437,0, 15, False, 0
438,0, 15, False, 0
439,0, 15, False, 0
440,0, 15, False, 0
441,0, 15, False, 0
442,0, 15, False, 0
443,0, 15, False, 0
444,0, 15, False, 0
445,0, 15, False, 0
446,0, 15, False, 0
447,0, 15, False, 4
448,0, 15, False, 4
449,0, 15, False, 4
450,0, 15, False, 0
451,0, 15, False, 0
452,0, 15, False, 0
453,0, 15, False, 0
454,0, 15, False, 0
455,0, 15, False, 1
456,0, 15, False, 1
457,0, 15, False, 1
458,0, 15, False, 1
459,0, 15, False, 1
460,0, 15, False, 1
461,0, 15, False, 1
462,0, 15, False, 1
463,0, 15, False, 1
464,0, 15, False, 0
465,0, 15, False, 0
466,0, 15, False, 0
467,0, 15, False, 0
468,0, 15, False, 0
469,0, 15, False, 0
470,0, 15, False, 0
471,0, 15, False, 0
472,0, 15, False, 0
473,0, 15, False, 0
474,0, 15, False, 0
475,0, 15, False, 0
476,0, 15, False, 0
477,0, 15, False, 0
478,0, 15, False, 0
479,0, 15, False, 0
480,0, 15, False, 0
481,0, 15, False, 0
482,0, 15, False, 0
483,0, 15, False, 0
484,0, 15, False, 0
485,0, 15, False, 0
486,0, 15, False, 0
487,0, 15, False, 0
488,0, 15, False, 0
489,0, 15, False, 0
490,0, 15, False, 0
491,0, 15, False, 0
492,0, 15, False, 0
493,0, 15, False, 0
494,0, 15, False, 0
495,0, 15, False, 0
496,0, 15, False, 0
497,0, 15, False, 1
498,0, 15, False, 1
499,0, 15, False, 1
500,0, 15, False, 1
501,0, 15, False, 1
502,0, 15, False, 1
503,0, 15, False, 1
504,0, 15, False, 1
505,0, 15, False, 1
506,0, 15, False, 1
507,0, 15, False, 1
508,0, 15, False, 1
509,0, 15, False, 1
510,0, 15, False, 0
511,0, 15, False, 0
512,0, 15, False, 0
513,20, 35, False, 0
514,0, 35, False, 0
515,0, 35, False, 0
516,0, 35, False, 0
517,0, 35, False, 0
518,0, 35, False, 0
519,0, 35, False, 0
520,0, 35, False, 0
521,0, 35, False, 0
522,0, 35, False, 0
523,0, 35, False, 1
524,0, 35, False, 1
525,0, 35, False, 1
526,0, 35, False, 1
527,0, 35, False, 1
528,0, 35, False, 1
529,0, 35, False, 1
530,0, 35, False, 1
531,0, 35, False, 1
532,0, 35, False, 1
533,0, 35, False, 1
534,0, 35, False, 0
535,0, 35, False, 0
536,0, 35, False, 0
537,0, 35, False, 0
538,0, 35, False, 0
539,0, 35, False, 0
540,0, 35, False, 0
541,0, 35, False, 0
542,0, 35, False, 0
543,0, 35, False, 0
544,0, 35, False, 0
545,0, 35, False, 0
546,0, 35, False, 0
547,0, 35, False, 0
548,0, 35, False, 0
549,0, 35, False, 0
550,0, 35, False, 0
551,5, 40, False, 0
552,0, 40, False, 0
553,0, 40, False, 0
554,0, 40, False, 0
555,0, 40, False, 0
556,0, 40, False, 0
557,0, 40, False, 0
558,0, 40, False, 0
559,0, 40, False, 0
560,0, 40, False, 0
561,0, 40, False, 0
562,0, 40, False, 1
563,0, 40, False, 1
564,0, 40, False, 1
565,0, 40, False, 1
566,0, 40, False, 1
567,0, 40, False, 1
568,0, 40, False, 1
569,0, 40, False, 1
570,0, 40, False, 1
571,0, 40, False, 1
572,0, 40, False, 1
573,0, 40, False, 0
574,0, 40, False, 0
575,0, 40, False, 0
576,0, 40, False, 3
577,0, 40, False, 3
578,0, 40, False, 3
579,0, 40, False, 3
580,0, 40, False, 3
581,0, 40, False, 3
582,0, 40, False, 3
583,0, 40, False, 3
584,0, 40, False, 3
585,0, 40, False, 3
586,0, 40, False, 3
587,0, 40, False, 3
588,0, 40, False, 3
589,0, 40, False, 3
590,0, 40, False, 3
591,0, 40, False, 3
592,0, 40, False, 3
593,0, 40, False, 0
594,0, 40, False, 0
595,10, 50, False, 0
596,0, 50, False, 0
597,0, 50, False, 0
598,0, 50, False, 0
599,0, 50, False, 0
600,0, 50, False, 0
601,0, 50, False, 0
602,0, 50, False, 0
603,0, 50, False, 0
604,0, 50, False, 0
605,0, 50, False, 1
606,0, 50, False, 1
607,0, 50, False, 1
608,0, 50, False, 1
609,0, 50, False, 1
610,0, 50, False, 1
611,0, 50, False, 1
612,0, 50, False, 1
613,0, 50, False, 1
614,0, 50, False, 1
615,0, 50, False, 1
616,0, 50, False, 1
617,0, 50, False, 1
618,0, 50, False, 1
619,0, 50, False, 0
620,0, 50, False, 0
621,0, 50, False, 0
622,0, 50, False, 0
623,0, 50, False, 0
624,0, 50, False, 0
625,0, 50, False, 0
626,0, 50, False, 0
627,0, 50, False, 0
628,0, 50, False, 0
629,0, 50, False, 0
630,0, 50, False, 0
631,0, 50, False, 0
632,0, 50, False, 0
633,0, 50, False, 0
634,0, 50, False, 0
635,0, 50, False, 0
636,0, 50, False, 0
637,0, 50, False, 0
638,0, 50, False, 0
639,0, 50, False, 0
640,0, 50, False, 0
641,0, 50, False, 0
642,0, 50, False, 0
643,0, 50, False, 0
644,0, 50, False, 0
645,0, 50, False, 0
646,0, 50, False, 4
647,0, 50, False, 4
648,0, 50, False, 4
649,0, 50, False, 4
650,0, 50, False, 4
651,0, 50, False, 4
652,0, 50, False, 0
653,0, 50, False, 0
654,0, 50, False, 0
655,0, 50, False, 0
656,0, 50, False, 0
657,0, 50, False, 0
658,0, 50, False, 0
659,0, 50, False, 0
660,0, 50, False, 1
661,0, 50, False, 1
662,0, 50, False, 1
663,0, 50, False, 11
664,0, 50, False, 11
665,0, 50, False, 11
666,0, 50, False, 11
667,0, 50, False, 1
668,0, 50, False, 0
669,0, 50, False, 0
670,0, 50, False, 0
671,0, 50, False, 0
672,0, 50, False, 0
673,0, 50, False, 0
674,0, 50, False, 0
675,0, 50, False, 0
676,0, 50, False, 0
677,0, 50, False, 0
678,0, 50, False, 0
679,0, 50, False, 0
680,0, 50, False, 0
681,0, 50, False, 0
682,0, 50, False, 0
683,0, 50, False, 0
684,0, 50, False, 0
685,0, 50, False, 0
686,0, 50, False, 0
687,0, 50, False, 0
688,0, 50, False, 1
689,0, 50, False, 1
690,0, 50, False, 1
691,0, 50, False, 1
692,0, 50, False, 1
693,0, 50, False, 1
694,0, 50, False, 1
695,0, 50, False, 1
696,0, 50, False, 1
697,0, 50, False, 1
698,0, 50, False, 1
699,0, 50, False, 1
700,0, 50, False, 1
701,0, 50, False, 1
702,0, 50, False, 0
703,0, 50, False, 0
704,0, 50, False, 0
705,0, 50, False, 0
706,0, 50, False, 0
707,0, 50, False, 0
708,0, 50, False, 0
709,0, 50, False, 0
710,0, 50, False, 0
711,0, 50, False, 0
712,0, 50, False, 0
713,0, 50, False, 0
714,0, 50, False, 0
715,0, 50, False, 0
716,0, 50, False, 0
717,0, 50, False, 0
718,0, 50, False, 0
719,0, 50, False, 0
720,0, 50, False, 0
721,0, 50, False, 0
722,0, 50, False, 0
723,0, 50, False, 0
724,0, 50, False, 0
725,0, 50, False, 0
726,0, 50, False, 0
727,0, 50, False, 0
728,0, 50, False, 0
729,0, 50, False, 0
730,0, 50, False, 0
731,0, 50, False, 0
732,0, 50, False, 0
733,0, 50, False, 0
734,0, 50, False, 0
735,0, 50, False, 0
736,0, 50, False, 0
737,15, 65, False, 0
738,0, 65, False, 0
739,0, 65, False, 0
740,0, 65, False, 0
741,0, 65, False, 0
742,0, 65, False, 0
743,0, 65, False, 0
744,0, 65, False, 1
745,0, 65, False, 1
746,0, 65, False, 1
747,0, 65, False, 1
748,0, 65, False, 1
749,0, 65, False, 1
750,0, 65, False, 1
751,0, 65, False, 1
752,0, 65, False, 1
753,0, 65, False, 1
754,0, 65, False, 1
755,0, 65, False, 1
756,0, 65, False, 1
757,0, 65, False, 1
758,0, 65, False, 1
759,0, 65, False, 0
760,0, 65, False, 0
761,0, 65, False, 0
762,0, 65, False, 0
763,0, 65, False, 0
764,0, 65, False, 0
765,0, 65, False, 0
766,0, 65, False, 0
767,0, 65, False, 0
768,0, 65, False, 3
769,0, 65, False, 3
770,0, 65, False, 3
771,0, 65, False, 3
772,0, 65, False, 3
773,0, 65, False, 0
774,0, 65, False, 0
775,0, 65, False, 0
776,0, 65, False, 0
777,0, 65, False, 0
778,0, 65, False, 0
779,0, 65, False, 0
780,0, 65, False, 0
781,0, 65, False, 0
782,0, 65, False, 0
783,0, 65, False, 0
784,0, 65, False, 0
785,0, 65, False, 0
786,0, 65, False, 0
787,0, 65, False, 0
788,0, 65, False, 0
789,0, 65, False, 0
790,0, 65, False, 0
791,0, 65, False, 0
792,0, 65, False, 0
793,0, 65, False, 0
794,0, 65, False, 0
795,0, 65, False, 1
796,0, 65, False, 1
797,0, 65, False, 1
798,0, 65, False, 1
799,0, 65, False, 1
800,0, 65, False, 1
801,0, 65, False, 1
802,0, 65, False, 1
803,0, 65, False, 1
804,0, 65, False, 1
805,25, 90, False, 1
806,0, 90, False, 1
807,0, 90, False, 1
808,0, 90, False, 0
809,0, 90, False, 0
810,0, 90, False, 0
811,0, 90, False, 0
812,0, 90, False, 0
813,0, 90, False, 0
814,0, 90, False, 0
815,0, 90, False, 0
816,0, 90, False, 0
817,0, 90, False, 0
818,0, 90, False, 0
819,0, 90, False, 0
820,0, 90, False, 0
821,0, 90, False, 0
822,0, 90, False, 0
823,0, 90, False, 0
824,0, 90, False, 0
825,0, 90, False, 0
826,0, 90, False, 0
827,0, 90, False, 0
828,0, 90, False, 0
829,0, 90, False, 0
830,0, 90, False, 0
831,0, 90, False, 0
832,0, 90, False, 0
833,0, 90, False, 0
834,0, 90, False, 0
835,0, 90, False, 0
836,0, 90, False, 0
837,0, 90, False, 0
838,0, 90, False, 0
839,0, 90, False, 0
840,0, 90, False, 0
841,0, 90, False, 1
842,0, 90, False, 1
843,0, 90, False, 1
844,0, 90, False, 1
845,0, 90, False, 1
846,0, 90, False, 1
847,0, 90, False, 1
848,0, 90, False, 1
849,0, 90, False, 1
850,0, 90, False, 1
851,0, 90, False, 1
852,0, 90, False, 1
853,0, 90, False, 1
854,0, 90, False, 0
855,0, 90, False, 0
856,0, 90, False, 0
857,0, 90, False, 0
858,0, 90, False, 0
859,0, 90, False, 0
860,0, 90, False, 0
861,0, 90, False, 0
862,0, 90, False, 0
863,0, 90, False, 0
864,0, 90, False, 0
865,0, 90, False, 0
866,0, 90, False, 0
867,0, 90, False, 0
868,0, 90, False, 0
869,0, 90, False, 0
870,0, 90, False, 0
871,0, 90, False, 0
872,0, 90, False, 0
873,0, 90, False, 0
874,0, 90, False, 0
875,30, 120, False, 0
876,0, 120, False, 1
877,0, 120, False, 1
878,0, 120, False, 1
879,0, 120, False, 1
880,0, 120, False, 1
881,0, 120, False, 1
882,0, 120, False, 1
883,0, 120, False, 1
884,0, 120, False, 1
885,0, 120, False, 0
886,0, 120, False, 0
887,0, 120, False, 0
888,0, 120, False, 0
889,0, 120, False, 0
890,0, 120, False, 0
891,0, 120, False, 0
892,0, 120, False, 0
893,0, 120, False, 0
894,0, 120, False, 0
895,0, 120, False, 0
896,0, 120, False, 0
897,0, 120, False, 0
898,0, 120, False, 0
899,0, 120, False, 0
900,0, 120, False, 4
901,0, 120, False, 4
902,0, 120, False, 4
903,0, 120, False, 4
904,0, 120, False, 4
905,0, 120, False, 4
906,0, 120, False, 4
907,0, 120, False, 4
908,0, 120, False, 4
909,0, 120, False, 4
910,0, 120, False, 4
911,0, 120, False, 4
912,0, 120, False, 4
913,0, 120, False, 4
914,0, 120, False, 4
915,0, 120, False, 4
916,0, 120, False, 4
917,0, 120, False, 4
918,0, 120, False, 4
919,0, 120, False, 4
920,0, 120, False, 4
921,0, 120, False, 0
922,0, 120, False, 0
923,0, 120, False, 0
924,0, 120, False, 0
925,0, 120, False, 0
926,0, 120, False, 0
927,0, 120, False, 0
928,0, 120, False, 3
929,0, 120, False, 3
930,0, 120, False, 3
931,0, 120, False, 3
932,0, 120, False, 0
933,0, 120, False, 0
934,0, 120, False, 0
935,0, 120, False, 0
936,0, 120, False, 0
937,0, 120, False, 0
938,0, 120, False, 0
939,0, 120, False, 0
940,0, 120, False, 0
941,0, 120, False, 0
942,0, 120, False, 0
943,0, 120, False, 0
944,0, 120, False, 0
945,0, 120, False, 0
946,0, 120, False, 0
947,0, 120, False, 4
948,0, 120, False, 4
949,0, 120, False, 4
950,0, 120, False, 4
951,0, 120, False, 4
952,0, 120, False, 4
953,0, 120, False, 4
954,0, 120, False, 4
955,0, 120, False, 0
956,0, 120, False, 0
957,0, 120, False, 0
958,0, 120, False, 0
959,0, 120, False, 0
960,0, 120, False, 0
961,0, 120, False, 0
962,0, 120, False, 0
963,0, 120, False, 0
964,0, 120, False, 1
965,0, 120, False, 1
966,0, 120, False, 1
967,0, 120, False, 1
968,0, 120, False, 1
969,0, 120, False, 1
970,0, 120, False, 1
971,0, 120, False, 1
972,0, 120, False, 1
973,0, 120, False, 1
974,0, 120, False, 1
975,0, 120, False, 1
976,0, 120, False, 1
977,0, 120, False, 1
978,0, 120, False, 1
979,0, 120, False, 1
980,0, 120, False, 1
981,0, 120, False, 0
982,0, 120, False, 0
983,0, 120, False, 0
984,0, 120, False, 0
985,5, 125, False, 0
986,0, 125, False, 0
987,0, 125, False, 0
988,0, 125, False, 0
989,0, 125, False, 0
990,0, 125, False, 1
991,0, 125, False, 1
992,0, 125, False, 1
993,0, 125, False, 1
994,0, 125, False, 1
995,0, 125, False, 0
996,0, 125, False, 0
997,0, 125, False, 0
998,0, 125, False, 0
999,0, 125, False, 0
1000,0, 125, False, 0
1001,0, 125, False, 0
1002,0, 125, False, 0
1003,0, 125, False, 0
1004,0, 125, False, 1
1005,0, 125, False, 1
1006,0, 125, False, 1
1007,0, 125, False, 1
1008,0, 125, False, 1
1009,0, 125, False, 1
1010,0, 125, False, 0
1011,0, 125, False, 0
1012,0, 125, False, 0
1013,0, 125, False, 0
1014,0, 125, False, 0
1015,0, 125, False, 0
1016,0, 125, False, 0
1017,0, 125, False, 0
1018,0, 125, False, 0
1019,10, 135, False, 0
1020,0, 135, False, 0
1021,0, 135, False, 4
1022,0, 135, False, 4
1023,0, 135, False, 4
1024,0, 135, False, 4
1025,0, 135, False, 4
1026,0, 135, False, 4
1027,0, 135, False, 4
1028,0, 135, False, 4
1029,0, 135, False, 4
1030,0, 135, False, 4
1031,0, 135, False, 4
1032,0, 135, False, 4
1033,0, 135, False, 4
1034,0, 135, False, 4
1035,0, 135, False, 4
1036,0, 135, False, 4
1037,0, 135, False, 4
1038,0, 135, False, 4
1039,0, 135, False, 4
1040,0, 135, False, 4
1041,0, 135, False, 4
1042,0, 135, False, 4
1043,0, 135, False, 4
1044,0, 135, False, 4
1045,0, 135, False, 4
1046,0, 135, False, 4
1047,0, 135, False, 4
1048,0, 135, False, 4
1049,0, 135, False, 4
1050,0, 135, False, 4
1051,0, 135, False, 4
1052,0, 135, False, 4
1053,0, 135, False, 4
1054,0, 135, False, 4
1055,0, 135, False, 0
1056,0, 135, False, 0
1057,0, 135, False, 0
1058,0, 135, False, 0
1059,0, 135, False, 0
1060,0, 135, False, 0
1061,0, 135, False, 0
1062,0, 135, False, 1
1063,0, 135, False, 1
1064,0, 135, False, 1
1065,0, 135, False, 1
1066,0, 135, False, 1
1067,0, 135, False, 1
1068,0, 135, False, 1
1069,0, 135, False, 1
1070,0, 135, False, 1
1071,0, 135, False, 1
1072,0, 135, False, 0
1073,0, 135, False, 0
1074,0, 135, False, 0
1075,0, 135, False, 0
1076,0, 135, False, 0
1077,0, 135, False, 0
1078,0, 135, False, 0
1079,0, 135, False, 0
1080,0, 135, False, 0
1081,0, 135, False, 0
1082,0, 135, False, 0
1083,0, 135, False, 0
1084,0, 135, False, 0
1085,0, 135, False, 0
1086,0, 135, False, 0
1087,0, 135, False, 0
1088,0, 135, False, 0
1089,0, 135, False, 0
1090,0, 135, False, 0
1091,0, 135, False, 0
1092,0, 135, False, 0
1093,0, 135, False, 0
1094,0, 135, False, 0
1095,0, 135, False, 0
1096,0, 135, False, 0
1097,0, 135, False, 0
1098,0, 135, False, 0
1099,0, 135, False, 0
1100,0, 135, False, 0
1101,0, 135, False, 0
1102,0, 135, False, 0
1103,0, 135, False, 0
1104,0, 135, False, 0
1105,0, 135, False, 0
1106,0, 135, False, 0
1107,0, 135, False, 0
1108,0, 135, False, 0
1109,0, 135, False, 0
1110,0, 135, False, 0
1111,0, 135, False, 0
1112,0, 135, False, 0
1113,0, 135, False, 0
1114,0, 135, False, 0
1115,0, 135, False, 0
1116,0, 135, False, 0
1117,0, 135, False, 0
1118,0, 135, False, 0
1119,0, 135, False, 0
1120,0, 135, False, 0
1121,0, 135, False, 0
1122,0, 135, False, 0
1123,0, 135, False, 0
1124,0, 135, False, 0
1125,0, 135, False, 0
1126,0, 135, False, 0
1127,0, 135, False, 1
1128,0, 135, False, 1
1129,0, 135, False, 1
1130,0, 135, False, 1
1131,0, 135, False, 1
1132,0, 135, False, 1
1133,0, 135, False, 1
1134,0, 135, False, 1
1135,0, 135, False, 1
1136,0, 135, False, 1
1137,0, 135, False, 0
1138,0, 135, False, 0
1139,0, 135, False, 0
1140,0, 135, False, 0
1141,0, 135, False, 0
1142,0, 135, False, 0
1143,0, 135, False, 0
1144,0, 135, False, 0
1145,0, 135, False, 0
1146,0, 135, False, 0
1147,0, 135, False, 0
1148,0, 135, False, 0
1149,0, 135, False, 0
1150,0, 135, False, 0
1151,0, 135, False, 0
1152,0, 135, False, 0
1153,0, 135, False, 0
1154,0, 135, False, 0
1155,0, 135, False, 0
1156,0, 135, False, 0
1157,0, 135, False, 0
1158,0, 135, False, 1
1159,0, 135, False, 1
1160,0, 135, False, 1
1161,0, 135, False, 1
1162,0, 135, False, 1
1163,0, 135, False, 1
1164,0, 135, False, 1
1165,0, 135, False, 1
1166,0, 135, False, 1
1167,0, 135, False, 1
1168,0, 135, False, 1
1169,0, 135, False, 1
1170,0, 135, False, 0
1171,0, 135, False, 0
1172,0, 135, False, 0
1173,0, 135, False, 0
1174,0, 135, False, 0
1175,0, 135, False, 0
1176,0, 135, False, 0
1177,0, 135, False, 0
1178,0, 135, False, 0
1179,0, 135, False, 0
1180,0, 135, False, 0
1181,0, 135, False, 0
1182,0, 135, False, 0
1183,0, 135, False, 0
1184,0, 135, False, 0
1185,0, 135, False, 0
1186,0, 135, False, 0
1187,0, 135, False, 0
1188,0, 135, False, 0
1189,0, 135, False, 0
1190,0, 135, False, 0
1191,0, 135, False, 0
1192,0, 135, False, 0
1193,0, 135, False, 0
1194,0, 135, False, 0
1195,0, 135, False, 0
1196,0, 135, False, 0
1197,0, 135, False, 0
1198,0, 135, False, 0
1199,0, 135, False, 0
1200,0, 135, False, 0
1201,0, 135, False, 0
1202,0, 135, False, 0
1203,0, 135, False, 0
1204,0, 135, False, 0
1205,0, 135, False, 0
1206,0, 135, False, 0
1207,0, 135, False, 0
1208,0, 135, False, 0
1209,0, 135, False, 0
1210,0, 135, False, 0
1211,0, 135, False, 0
1212,0, 135, False, 0
1213,0, 135, False, 0
1214,0, 135, False, 0
1215,0, 135, False, 0
1216,0, 135, False, 0
1217,0, 135, False, 0
1218,0, 135, False, 0
1219,0, 135, False, 0
1220,0, 135, False, 0
1221,0, 135, False, 0
1222,0, 135, False, 0
1223,0, 135, False, 0
1224,0, 135, False, 0
1225,0, 135, False, 0
1226,0, 135, False, 0
1227,0, 135, False, 0
1228,0, 135, False, 0
1229,0, 135, False, 0
1230,0, 135, False, 0
1231,0, 135, False, 0
1232,0, 135, False, 0
1233,0, 135, False, 0
1234,0, 135, False, 0
1235,0, 135, False, 0
1236,0, 135, False, 0
1237,0, 135, False, 0
1238,0, 135, False, 0
1239,0, 135, False, 0
1240,0, 135, False, 0
1241,0, 135, False, 0
1242,0, 135, False, 0
1243,0, 135, False, 4
1244,0, 135, False, 4
1245,0, 135, False, 4
1246,0, 135, False, 4
1247,0, 135, False, 4
1248,0, 135, False, 4
1249,0, 135, False, 4
1250,0, 135, False, 4
1251,0, 135, False, 4
1252,0, 135, False, 4
1253,0, 135, False, 4
1254,0, 135, False, 4
1255,0, 135, False, 0
1256,0, 135, False, 0
1257,0, 135, False, 0
1258,0, 135, False, 0
1259,0, 135, False, 0
1260,0, 135, False, 0
1261,0, 135, False, 0
1262,0, 135, False, 0
1263,0, 135, False, 0
1264,0, 135, False, 0
1265,0, 135, False, 0
1266,0, 135, False, 0
1267,0, 135, False, 0
1268,0, 135, False, 0
1269,0, 135, False, 0
1270,0, 135, False, 0
1271,0, 135, False, 4
1272,0, 135, False, 4
1273,0, 135, False, 4
1274,0, 135, False, 4
1275,0, 135, False, 4
1276,0, 135, False, 4
1277,0, 135, False, 4
1278,0, 135, False, 4
1279,0, 135, False, 4
1280,0, 135, False, 4
1281,0, 135, False, 4
1282,0, 135, False, 4
1283,0, 135, False, 4
1284,0, 135, False, 4
1285,0, 135, False, 4
1286,0, 135, False, 4
1287,0, 135, False, 4
1288,0, 135, False, 4
1289,0, 135, False, 4
1290,0, 135, False, 4
1291,0, 135, False, 4
1292,0, 135, False, 4
1293,0, 135, False, 4
1294,0, 135, False, 4
1295,0, 135, False, 4
1296,0, 135, False, 4
1297,0, 135, False, 4
1298,0, 135, False, 4
1299,0, 135, False, 0
1300,0, 135, False, 0
1301,0, 135, False, 0
1302,0, 135, False, 0
1303,0, 135, False, 0
1304,0, 135, False, 0
1305,0, 135, False, 0
1306,0, 135, False, 0
1307,0, 135, False, 0
1308,0, 135, False, 0
1309,0, 135, False, 0
1310,0, 135, False, 0
1311,0, 135, False, 0
1312,0, 135, False, 0
1313,0, 135, False, 0
1314,0, 135, False, 0
1315,0, 135, False, 0
1316,0, 135, False, 0
1317,0, 135, False, 0
1318,0, 135, False, 3
1319,0, 135, False, 3
1320,0, 135, False, 3
1321,0, 135, False, 3
1322,0, 135, False, 3
1323,0, 135, False, 3
1324,0, 135, False, 3
1325,0, 135, False, 3
1326,0, 135, False, 3
1327,0, 135, False, 3
1328,0, 135, False, 3
1329,0, 135, False, 3
1330,0, 135, False, 3
1331,0, 135, False, 3
1332,0, 135, False, 3
1333,0, 135, False, 3
1334,0, 135, False, 3
1335,0, 135, False, 3
1336,0, 135, False, 3
1337,0, 135, False, 3
1338,0, 135, False, 3
1339,0, 135, False, 3
1340,0, 135, False, 3
1341,0, 135, False, 3
1342,0, 135, False, 3
1343,0, 135, False, 3
1344,0, 135, False, 3
1345,0, 135, False, 3
1346,0, 135, False, 3
1347,0, 135, False, 3
1348,0, 135, False, 3
1349,0, 135, False, 3
1350,0, 135, False, 3
1351,0, 135, False, 3
1352,0, 135, False, 0
1353,0, 135, False, 0
1354,0, 135, False, 0
1355,0, 135, False, 0
1356,0, 135, False, 0
1357,0, 135, False, 0
1358,0, 135, False, 0
1359,0, 135, False, 0
1360,0, 135, False, 0
1361,0, 135, False, 0
1362,0, 135, False, 0
1363,0, 135, False, 0
1364,0, 135, False, 0
1365,0, 135, False, 0
1366,0, 135, False, 0
1367,0, 135, False, 0
1368,0, 135, False, 0
1369,0, 135, False, 0
1370,0, 135, False, 0
1371,0, 135, False, 0
1372,0, 135, False, 0
1373,0, 135, False, 0
1374,0, 135, False, 0
1375,0, 135, False, 0
1376,0, 135, False, 0
1377,0, 135, False, 0
1378,0, 135, False, 0
1379,0, 135, False, 0
1380,0, 135, False, 0
1381,0, 135, False, 0
1382,0, 135, False, 0
1383,0, 135, False, 0
1384,0, 135, False, 0
1385,0, 135, False, 0
1386,0, 135, False, 0
1387,0, 135, False, 0
1388,0, 135, False, 0
1389,0, 135, False, 0
1390,0, 135, False, 0
1391,0, 135, False, 0
1392,0, 135, False, 0
1393,0, 135, False, 0
1394,0, 135, False, 0
1395,0, 135, False, 0
1396,0, 135, False, 0
1397,0, 135, False, 0
1398,0, 135, False, 0
1399,0, 135, False, 0
1400,0, 135, False, 0
1401,0, 135, False, 0
1402,0, 135, False, 0
1403,0, 135, False, 0
1404,0, 135, False, 0
1405,0, 135, False, 0
1406,0, 135, False, 0
1407,0, 135, False, 0
1408,0, 135, False, 0
1409,0, 135, False, 0
1410,0, 135, False, 0
1411,0, 135, False, 0
1412,0, 135, False, 0
1413,0, 135, False, 0
1414,0, 135, False, 0
1415,0, 135, False, 0
1416,0, 135, False, 0
1417,0, 135, False, 0
1418,0, 135, False, 0
1419,0, 135, False, 0
1420,0, 135, False, 0
1421,0, 135, False, 0
1422,0, 135, False, 0
1423,0, 135, False, 0
1424,0, 135, False, 0
1425,0, 135, False, 0
1426,0, 135, False, 0
1427,0, 135, False, 0
1428,0, 135, False, 0
1429,0, 135, False, 0
1430,0, 135, False, 0
1431,0, 135, False, 0
1432,0, 135, False, 0
1433,0, 135, False, 0
1434,0, 135, False, 0
1435,0, 135, False, 0
1436,0, 135, False, 0
1437,0, 135, False, 0
1438,0, 135, False, 3
1439,0, 135, False, 3
1440,0, 135, False, 3
1441,0, 135, False, 3
1442,0, 135, False, 3
1443,0, 135, False, 3
1444,0, 135, False, 3
1445,0, 135, False, 3
1446,0, 135, False, 3
1447,0, 135, False, 3
1448,0, 135, False, 3
1449,0, 135, False, 3
1450,0, 135, False, 3
1451,0, 135, False, 3
1452,0, 135, False, 3
1453,0, 135, False, 3
1454,0, 135, False, 3
1455,0, 135, False, 3
1456,0, 135, False, 3
1457,0, 135, False, 3
1458,0, 135, False, 3
1459,0, 135, False, 3
1460,0, 135, False, 3
1461,0, 135, False, 3
1462,0, 135, False, 3
1463,0, 135, False, 3
1464,0, 135, False, 3
1465,0, 135, False, 3
1466,0, 135, False, 3
1467,0, 135, False, 3
1468,0, 135, False, 3
1469,0, 135, False, 3
1470,0, 135, False, 3
1471,0, 135, False, 3
1472,0, 135, False, 3
1473,0, 135, False, 3
1474,0, 135, False, 3
1475,0, 135, False, 3
1476,0, 135, False, 3
1477,0, 135, False, 3
1478,0, 135, False, 3
1479,0, 135, False, 3
1480,0, 135, False, 3
1481,0, 135, False, 3
1482,0, 135, False, 3
1483,0, 135, False, 3
1484,0, 135, False, 3
1485,0, 135, False, 3
1486,0, 135, False, 3
1487,0, 135, False, 3
1488,0, 135, False, 3
1489,0, 135, False, 3
1490,0, 135, False, 3
1491,0, 135, False, 3
1492,0, 135, False, 3
1493,0, 135, False, 3
1494,0, 135, False, 3
1495,0, 135, False, 3
1496,0, 135, False, 3
1497,0, 135, False, 3
1498,0, 135, False, 3
1499,0, 135, False, 0
1500,0, 135, False, 0
1501,0, 135, False, 1
1502,0, 135, False, 1
1503,0, 135, False, 1
1504,0, 135, False, 1
1505,0, 135, False, 1
1506,0, 135, False, 1
1507,0, 135, False, 1
1508,0, 135, False, 1
1509,0, 135, False, 1
1510,0, 135, False, 0
1511,0, 135, False, 0
1512,0, 135, False, 0
1513,0, 135, False, 0
1514,0, 135, False, 0
1515,0, 135, False, 0
1516,0, 135, False, 0
1517,0, 135, False, 0
1518,0, 135, False, 0
1519,0, 135, False, 0
1520,0, 135, False, 0
1521,0, 135, False, 0
1522,0, 135, False, 0
1523,5, 140, False, 0
1524,0, 140, False, 0
1525,0, 140, False, 0
1526,0, 140, False, 0
1527,0, 140, False, 0
1528,0, 140, False, 0
1529,0, 140, False, 0
1530,0, 140, False, 0
1531,0, 140, False, 0
1532,0, 140, False, 0
1533,0, 140, False, 0
1534,0, 140, False, 3
1535,0, 140, False, 3
1536,0, 140, False, 3
1537,0, 140, False, 3
1538,0, 140, False, 3
1539,0, 140, False, 3
1540,0, 140, False, 3
1541,0, 140, False, 3
1542,0, 140, False, 3
1543,0, 140, False, 3
1544,0, 140, False, 3
1545,0, 140, False, 3
1546,0, 140, False, 3
1547,0, 140, False, 3
1548,0, 140, False, 3
1549,0, 140, False, 0
1550,0, 140, False, 0
1551,0, 140, False, 0
1552,0, 140, False, 0
1553,0, 140, False, 0
1554,0, 140, False, 0
1555,0, 140, False, 0
1556,0, 140, False, 1
1557,0, 140, False, 1
1558,0, 140, False, 1
1559,0, 140, False, 1
1560,0, 140, False, 1
1561,0, 140, False, 1
1562,0, 140, False, 1
1563,0, 140, False, 1
1564,0, 140, False, 1
1565,0, 140, False, 1
1566,0, 140, False, 1
1567,0, 140, False, 1
1568,0, 140, False, 1
1569,0, 140, False, 1
1570,0, 140, False, 0
1571,0, 140, False, 0
1572,0, 140, False, 0
1573,0, 140, False, 0
1574,0, 140, False, 0
1575,0, 140, False, 0
1576,0, 140, False, 0
1577,0, 140, False, 0
1578,0, 140, False, 0
1579,0, 140, False, 0
1580,0, 140, False, 0
1581,0, 140, False, 0
1582,0, 140, False, 3
1583,0, 140, False, 3
1584,0, 140, False, 3
1585,0, 140, False, 3
1586,0, 140, False, 3
1587,0, 140, False, 3
1588,0, 140, False, 3
1589,0, 140, False, 3
1590,0, 140, False, 3
1591,0, 140, False, 3
1592,0, 140, False, 0
1593,0, 140, False, 0
1594,0, 140, False, 0
1595,0, 140, False, 0
1596,0, 140, False, 0
1597,0, 140, False, 0
1598,0, 140, False, 1
1599,0, 140, False, 1
1600,0, 140, False, 1
1601,0, 140, False, 1
1602,0, 140, False, 1
1603,0, 140, False, 1
1604,0, 140, False, 1
1605,0, 140, False, 1
1606,0, 140, False, 1
1607,0, 140, False, 0
1608,0, 140, False, 0
1609,0, 140, False, 3
1610,0, 140, False, 3
1611,0, 140, False, 3
1612,0, 140, False, 3
1613,0, 140, False, 3
1614,0, 140, False, 3
1615,0, 140, False, 3
1616,0, 140, False, 3
1617,0, 140, False, 3
1618,0, 140, False, 3
1619,0, 140, False, 3
1620,0, 140, False, 3
1621,0, 140, False, 3
1622,0, 140, False, 3
1623,0, 140, False, 3
1624,0, 140, False, 3
1625,0, 140, False, 3
1626,0, 140, False, 3
1627,0, 140, False, 3
1628,0, 140, False, 3
1629,0, 140, False, 3
1630,0, 140, False, 3
1631,0, 140, False, 3
1632,0, 140, False, 3
1633,0, 140, False, 3
1634,0, 140, False, 0
1635,0, 140, False, 0
1636,0, 140, False, 0
1637,0, 140, False, 0
1638,0, 140, False, 0
1639,0, 140, False, 0
1640,0, 140, False, 0
1641,0, 140, False, 0
1642,0, 140, False, 0
1643,0, 140, False, 0
1644,0, 140, False, 0
1645,0, 140, False, 0
1646,0, 140, False, 0
1647,0, 140, False, 0
1648,0, 140, False, 0
1649,0, 140, False, 0
1650,0, 140, False, 0
1651,0, 140, False, 0
1652,0, 140, False, 0
1653,0, 140, False, 0
1654,0, 140, False, 0
1655,0, 140, False, 0
1656,0, 140, False, 0
1657,0, 140, False, 0
1658,0, 140, False, 0
1659,0, 140, False, 0
1660,0, 140, False, 0
1661,0, 140, False, 0
1662,0, 140, False, 0
1663,0, 140, False, 0
1664,0, 140, False, 0
1665,0, 140, False, 0
1666,0, 140, False, 0
1667,0, 140, False, 0
1668,0, 140, False, 0
1669,0, 140, False, 0
1670,0, 140, False, 0
1671,0, 140, False, 0
1672,0, 140, False, 0
1673,0, 140, False, 0
1674,0, 140, False, 0
1675,0, 140, False, 0
1676,0, 140, False, 0
1677,0, 140, False, 0
1678,0, 140, False, 0
1679,0, 140, False, 0
1680,0, 140, False, 0
1681,0, 140, False, 0
1682,0, 140, False, 0
1683,0, 140, False, 0
1684,0, 140, False, 0
1685,0, 140, False, 0
1686,0, 140, False, 0
1687,0, 140, False, 0
1688,0, 140, False, 0
1689,0, 140, False, 0
1690,0, 140, False, 0
1691,0, 140, False, 0
1692,0, 140, False, 0
1693,0, 140, False, 0
1694,0, 140, False, 0
1695,0, 140, False, 0
1696,0, 140, False, 0
1697,0, 140, False, 0
1698,0, 140, False, 0
1699,0, 140, False, 0
1700,0, 140, False, 0
1701,0, 140, False, 0
1702,0, 140, False, 0
1703,0, 140, False, 0
1704,0, 140, False, 0
1705,0, 140, False, 0
1706,0, 140, False, 0
1707,0, 140, False, 0
1708,0, 140, False, 0
1709,0, 140, False, 0
1710,0, 140, False, 0
1711,0, 140, False, 0
1712,0, 140, False, 0
1713,0, 140, False, 0
1714,0, 140, False, 0
1715,0, 140, False, 0
1716,0, 140, False, 0
1717,0, 140, False, 0
1718,0, 140, False, 0
1719,0, 140, False, 0
1720,0, 140, False, 0
1721,0, 140, False, 0
1722,0, 140, False, 0
1723,0, 140, False, 0
1724,0, 140, False, 0
1725,0, 140, False, 0
1726,0, 140, False, 0
1727,0, 140, False, 0
1728,0, 140, False, 0
1729,0, 140, False, 0
1730,0, 140, False, 0
1731,0, 140, False, 0
1732,0, 140, False, 0
1733,0, 140, False, 0
1734,0, 140, False, 0
1735,0, 140, False, 0
1736,0, 140, False, 0
1737,0, 140, False, 0
1738,0, 140, False, 0
1739,0, 140, False, 0
1740,0, 140, False, 0
1741,0, 140, False, 0
1742,0, 140, False, 0
1743,0, 140, False, 0
1744,0, 140, False, 0
1745,0, 140, False, 0
1746,0, 140, False, 0
1747,0, 140, False, 0
1748,0, 140, False, 0
1749,0, 140, False, 0
1750,0, 140, False, 0
1751,0, 140, False, 0
1752,0, 140, False, 0
1753,0, 140, False, 0
1754,0, 140, False, 0
1755,0, 140, False, 0
1756,0, 140, False, 0
1757,0, 140, False, 0
1758,0, 140, False, 0
1759,0, 140, False, 0
1760,0, 140, False, 0
1761,0, 140, False, 0
1762,0, 140, False, 0
1763,0, 140, False, 0
1764,0, 140, False, 0
1765,0, 140, False, 0
1766,0, 140, False, 0
1767,0, 140, False, 0
1768,0, 140, False, 0
1769,0, 140, False, 3
1770,0, 140, False, 3
1771,0, 140, False, 3
1772,0, 140, False, 3
1773,0, 140, False, 3
1774,0, 140, False, 3
1775,0, 140, False, 3
1776,0, 140, False, 3
1777,0, 140, False, 3
1778,0, 140, False, 3
1779,0, 140, False, 3
1780,0, 140, False, 3
1781,0, 140, False, 3
1782,0, 140, False, 3
1783,0, 140, False, 3
1784,0, 140, False, 3
1785,0, 140, False, 3
1786,0, 140, False, 3
1787,0, 140, False, 3
1788,0, 140, False, 3
1789,0, 140, False, 3
1790,0, 140, False, 3
1791,0, 140, False, 3
1792,0, 140, False, 3
1793,0, 140, False, 3
1794,0, 140, False, 3
1795,0, 140, False, 3
1796,0, 140, False, 3
1797,0, 140, False, 3
1798,0, 140, False, 3
1799,0, 140, False, 3
1800,0, 140, False, 3
1801,0, 140, False, 3
1802,0, 140, False, 3
1803,0, 140, False, 3
1804,0, 140, False, 0
1805,0, 140, False, 0
1806,0, 140, False, 0
1807,0, 140, False, 0
1808,0, 140, False, 0
1809,0, 140, False, 0
1810,0, 140, False, 0
1811,0, 140, False, 0
1812,0, 140, False, 0
1813,0, 140, False, 0
1814,0, 140, False, 0
1815,0, 140, False, 0
1816,0, 140, False, 0
1817,0, 140, False, 0
1818,0, 140, False, 0
1819,0, 140, False, 0
1820,0, 140, False, 0
1821,0, 140, False, 0
1822,0, 140, False, 0
1823,0, 140, False, 3
1824,0, 140, False, 3
1825,0, 140, False, 3
1826,0, 140, False, 3
1827,0, 140, False, 3
1828,0, 140, False, 3
1829,0, 140, False, 3
1830,0, 140, False, 3
1831,0, 140, False, 3
1832,0, 140, False, 3
1833,0, 140, False, 3
1834,0, 140, False, 3
1835,0, 140, False, 3
1836,0, 140, False, 3
1837,0, 140, False, 3
1838,0, 140, False, 3
1839,0, 140, False, 3
1840,0, 140, False, 3
1841,0, 140, False, 3
1842,0, 140, False, 3
1843,0, 140, False, 3
1844,0, 140, False, 3
1845,0, 140, False, 3
1846,0, 140, False, 3
1847,0, 140, False, 3
1848,0, 140, False, 3
1849,0, 140, False, 3
1850,0, 140, False, 3
1851,0, 140, False, 3
1852,0, 140, False, 3
1853,0, 140, False, 3
1854,0, 140, False, 3
1855,0, 140, False, 3
1856,0, 140, False, 3
1857,0, 140, False, 3
1858,0, 140, False, 3
1859,0, 140, False, 3
1860,0, 140, False, 3
1861,0, 140, False, 3
1862,0, 140, False, 3
1863,0, 140, False, 3
1864,0, 140, False, 3
1865,0, 140, False, 3
1866,0, 140, False, 3
1867,0, 140, False, 3
1868,0, 140, False, 3
1869,0, 140, False, 3
1870,0, 140, False, 3
1871,0, 140, False, 3
1872,0, 140, False, 3
1873,0, 140, False, 3
1874,0, 140, False, 3
1875,0, 140, False, 3
1876,0, 140, False, 3
1877,0, 140, False, 3
1878,0, 140, False, 3
1879,0, 140, False, 3
1880,0, 140, False, 3
1881,0, 140, False, 3
1882,0, 140, False, 3
1883,0, 140, False, 3
1884,0, 140, False, 3
1885,0, 140, False, 3
1886,0, 140, False, 3
1887,0, 140, False, 3
1888,0, 140, False, 3
1889,0, 140, False, 3
1890,0, 140, False, 3
1891,0, 140, False, 3
1892,0, 140, False, 3
1893,0, 140, False, 3
1894,0, 140, False, 3
1895,0, 140, False, 3
1896,0, 140, False, 3
1897,0, 140, False, 3
1898,0, 140, False, 3
1899,0, 140, False, 3
1900,0, 140, False, 3
1901,0, 140, False, 3
1902,0, 140, False, 3
1903,0, 140, False, 3
1904,0, 140, False, 3
1905,0, 140, False, 3
1906,0, 140, False, 3
1907,0, 140, False, 3
1908,0, 140, False, 3
1909,0, 140, False, 3
1910,0, 140, False, 3
1911,0, 140, False, 3
1912,0, 140, False, 3
1913,0, 140, False, 3
1914,0, 140, False, 3
1915,0, 140, False, 3
1916,0, 140, False, 3
1917,0, 140, False, 3
1918,0, 140, False, 3
1919,0, 140, False, 3
1920,0, 140, False, 3
1921,0, 140, False, 3
1922,0, 140, False, 3
1923,0, 140, False, 3
1924,0, 140, False, 11
1925,0, 140, False, 11
1926,0, 140, False, 11
1927,0, 140, False, 11
1928,0, 140, False, 11
1929,0, 140, False, 11
1930,0, 140, False, 11
1931,0, 140, False, 11
1932,0, 140, False, 11
1933,0, 140, False, 11
1934,0, 140, False, 3
1935,0, 140, False, 3
1936,0, 140, False, 3
1937,0, 140, False, 3
1938,0, 140, False, 3
1939,0, 140, False, 3
1940,0, 140, False, 3
1941,0, 140, False, 3
1942,0, 140, False, 3
1943,0, 140, False, 3
1944,0, 140, False, 0
1945,5, 145, False, 0
1946,0, 145, False, 0
1947,0, 145, False, 0
1948,0, 145, False, 0
1949,0, 145, False, 0
1950,0, 145, False, 0
1951,0, 145, False, 0
1952,0, 145, False, 0
1953,0, 145, False, 4
1954,0, 145, False, 4
1955,0, 145, False, 4
1956,0, 145, False, 4
1957,0, 145, False, 4
1958,0, 145, False, 4
1959,0, 145, False, 4
1960,0, 145, False, 4
1961,0, 145, False, 4
1962,0, 145, False, 4
1963,0, 145, False, 4
1964,0, 145, False, 4
1965,0, 145, False, 0
1966,0, 145, False, 0
1967,0, 145, False, 0
1968,0, 145, False, 0
1969,0, 145, False, 0
1970,0, 145, False, 0
1971,0, 145, False, 0
1972,0, 145, False, 0
1973,0, 145, False, 0
1974,0, 145, False, 0
1975,0, 145, False, 0
1976,0, 145, False, 0
1977,0, 145, False, 0
1978,0, 145, False, 1
1979,0, 145, False, 1
1980,0, 145, False, 1
1981,0, 145, False, 1
1982,0, 145, False, 1
1983,0, 145, False, 1
1984,0, 145, False, 1
1985,0, 145, False, 1
1986,0, 145, False, 1
1987,0, 145, False, 0
1988,0, 145, False, 0
1989,0, 145, False, 0
1990,0, 145, False, 0
1991,0, 145, False, 0
1992,0, 145, False, 0
1993,0, 145, False, 0
1994,0, 145, False, 0
1995,0, 145, False, 0
1996,0, 145, False, 0
1997,0, 145, False, 0
1998,0, 145, False, 0
1999,0, 145, False, 3
2000,0, 145, False, 3
2001,0, 145, False, 3
2002,0, 145, False, 3
2003,0, 145, False, 3
2004,0, 145, False, 3
2005,0, 145, False, 3
2006,0, 145, False, 3
2007,10, 155, False, 3
2008,0, 155, False, 3
2009,0, 155, False, 3
2010,0, 155, False, 3
2011,0, 155, False, 3
2012,0, 155, False, 3
2013,0, 155, False, 3
2014,0, 155, False, 3
2015,0, 155, False, 3
2016,0, 155, False, 3
2017,0, 155, False, 0
2018,0, 155, False, 0
2019,0, 155, False, 0
2020,0, 155, False, 0
2021,0, 155, False, 0
2022,0, 155, False, 0
2023,0, 155, False, 0
2024,0, 155, False, 0
2025,0, 155, False, 1
2026,0, 155, False, 1
2027,0, 155, False, 1
2028,0, 155, False, 1
2029,0, 155, False, 1
2030,0, 155, False, 1
2031,0, 155, False, 1
2032,0, 155, False, 1
2033,0, 155, False, 1
2034,0, 155, False, 1
2035,0, 155, False, 0
2036,0, 155, False, 0
2037,0, 155, False, 0
2038,0, 155, False, 0
2039,0, 155, False, 0
2040,0, 155, False, 0
2041,0, 155, False, 0
2042,0, 155, False, 0
2043,5, 160, False, 0
2044,0, 160, False, 0
2045,0, 160, False, 0
2046,0, 160, False, 0
2047,0, 160, False, 0
2048,0, 160, False, 0
2049,0, 160, False, 0
2050,0, 160, False, 0
2051,0, 160, False, 0
2052,0, 160, False, 0
2053,0, 160, False, 0
2054,0, 160, False, 0
2055,0, 160, False, 0
2056,0, 160, False, 0
2057,0, 160, False, 0
2058,0, 160, False, 0
2059,0, 160, False, 1
2060,0, 160, False, 1
2061,0, 160, False, 1
2062,0, 160, False, 1
2063,0, 160, False, 1
2064,0, 160, False, 1
2065,0, 160, False, 1
2066,0, 160, False, 1
2067,0, 160, False, 1
2068,0, 160, False, 1
2069,0, 160, False, 1
2070,0, 160, False, 1
2071,0, 160, False, 1
2072,0, 160, False, 1
2073,0, 160, False, 1
2074,0, 160, False, 0
2075,0, 160, False, 0
2076,0, 160, False, 0
2077,0, 160, False, 0
2078,0, 160, False, 0
2079,0, 160, False, 0
2080,0, 160, False, 0
2081,0, 160, False, 0
2082,0, 160, False, 0
2083,0, 160, False, 0
2084,0, 160, False, 0
2085,0, 160, False, 0
2086,0, 160, False, 0
2087,0, 160, False, 0
2088,0, 160, False, 0
2089,0, 160, False, 0
2090,0, 160, False, 0
2091,0, 160, False, 0
2092,0, 160, False, 0
2093,0, 160, False, 0
2094,0, 160, False, 3
2095,0, 160, False, 3
2096,0, 160, False, 3
2097,0, 160, False, 3
2098,0, 160, False, 3
2099,0, 160, False, 3
2100,0, 160, False, 3
2101,0, 160, False, 3
2102,0, 160, False, 3
2103,0, 160, False, 3
2104,0, 160, False, 3
2105,0, 160, False, 3
2106,0, 160, False, 3
2107,0, 160, False, 0
2108,0, 160, False, 0
2109,0, 160, False, 0
2110,0, 160, False, 0
2111,0, 160, False, 0
2112,0, 160, False, 0
2113,0, 160, False, 0
2114,0, 160, False, 0
2115,0, 160, False, 0
2116,0, 160, False, 0
2117,0, 160, False, 0
2118,0, 160, False, 0
2119,0, 160, False, 0
2120,0, 160, False, 0
2121,0, 160, False, 0
2122,0, 160, False, 0
2123,0, 160, False, 0
2124,0, 160, False, 0
2125,0, 160, False, 0
2126,0, 160, False, 0
2127,0, 160, False, 0
2128,0, 160, False, 0
2129,0, 160, False, 0
2130,0, 160, False, 0
2131,0, 160, False, 0
2132,0, 160, False, 3
2133,0, 160, False, 3
2134,0, 160, False, 3
2135,0, 160, False, 3
2136,0, 160, False, 3
2137,0, 160, False, 3
2138,0, 160, False, 3
2139,0, 160, False, 3
2140,0, 160, False, 3
2141,0, 160, False, 3
2142,0, 160, False, 3
2143,0, 160, False, 3
2144,0, 160, False, 3
2145,0, 160, False, 3
2146,0, 160, False, 3
2147,0, 160, False, 3
2148,0, 160, False, 3
2149,0, 160, False, 3
2150,0, 160, False, 3
2151,0, 160, False, 0
2152,0, 160, False, 0
2153,0, 160, False, 0
2154,0, 160, False, 0
2155,0, 160, False, 0
2156,0, 160, False, 0
2157,0, 160, False, 0
2158,0, 160, False, 0
2159,0, 160, False, 0
2160,0, 160, False, 0
2161,0, 160, False, 0
2162,0, 160, False, 0
2163,0, 160, False, 0
2164,0, 160, False, 0
2165,0, 160, False, 0
2166,0, 160, False, 0
2167,0, 160, False, 0
2168,0, 160, False, 0
2169,0, 160, False, 0
2170,0, 160, False, 0
2171,0, 160, False, 0
2172,0, 160, False, 0
2173,0, 160, False, 0
2174,0, 160, False, 0
2175,0, 160, False, 0
2176,0, 160, False, 0
2177,0, 160, False, 0
2178,0, 160, False, 0
2179,0, 160, False, 0
2180,0, 160, False, 0
2181,0, 160, False, 0
2182,0, 160, False, 0
2183,0, 160, False, 0
2184,0, 160, False, 0
2185,0, 160, False, 0
2186,0, 160, False, 0
2187,0, 160, False, 0
2188,0, 160, False, 0
2189,0, 160, False, 0
2190,0, 160, False, 0
2191,0, 160, False, 0
2192,0, 160, False, 0
2193,0, 160, False, 0
2194,0, 160, False, 0
2195,0, 160, False, 0
2196,0, 160, False, 0
2197,0, 160, False, 1
2198,0, 160, False, 1
2199,0, 160, False, 1
2200,0, 160, False, 1
2201,0, 160, False, 1
2202,0, 160, False, 1
2203,0, 160, False, 1
2204,0, 160, False, 1
2205,0, 160, False, 1
2206,0, 160, False, 1
2207,0, 160, False, 1
2208,0, 160, False, 1
2209,0, 160, False, 1
2210,0, 160, False, 1
2211,0, 160, False, 1
2212,0, 160, False, 1
2213,0, 160, False, 1
2214,0, 160, False, 0
2215,0, 160, False, 0
2216,0, 160, False, 0
2217,0, 160, False, 0
2218,0, 160, False, 0
2219,0, 160, False, 0
2220,0, 160, False, 0
2221,0, 160, False, 0
2222,0, 160, False, 0
2223,0, 160, False, 0
2224,0, 160, False, 0
2225,0, 160, False, 0
2226,0, 160, False, 0
2227,0, 160, False, 0
2228,0, 160, False, 0
2229,0, 160, False, 0
2230,0, 160, False, 0
2231,0, 160, False, 0
2232,0, 160, False, 0
2233,0, 160, False, 0
2234,0, 160, False, 0
2235,0, 160, False, 0
2236,0, 160, False, 0
2237,0, 160, False, 0
2238,0, 160, False, 0
2239,0, 160, False, 0
2240,0, 160, False, 0
2241,0, 160, False, 0
2242,0, 160, False, 0
2243,0, 160, False, 0
2244,0, 160, False, 0
2245,0, 160, False, 0
2246,0, 160, False, 0
2247,0, 160, False, 0
2248,0, 160, False, 0
2249,0, 160, False, 0
2250,0, 160, False, 1
2251,0, 160, False, 1
2252,0, 160, False, 1
2253,0, 160, False, 1
2254,0, 160, False, 1
2255,0, 160, False, 1
2256,0, 160, False, 1
2257,0, 160, False, 1
2258,0, 160, False, 1
2259,0, 160, False, 1
2260,0, 160, False, 1
2261,0, 160, False, 1
2262,0, 160, False, 1
2263,0, 160, False, 1
2264,0, 160, False, 1
2265,0, 160, False, 1
2266,0, 160, False, 1
2267,0, 160, False, 1
2268,0, 160, False, 1
2269,0, 160, False, 1
2270,0, 160, False, 1
2271,0, 160, False, 1
2272,0, 160, False, 1
2273,0, 160, False, 0
2274,0, 160, False, 0
2275,0, 160, False, 0
2276,0, 160, False, 0
2277,0, 160, False, 0
2278,0, 160, False, 0
2279,0, 160, False, 0
2280,0, 160, False, 0
2281,0, 160, False, 1
2282,0, 160, False, 1
2283,0, 160, False, 1
2284,0, 160, False, 1
2285,0, 160, False, 1
2286,0, 160, False, 1
2287,0, 160, False, 1
2288,0, 160, False, 1
2289,0, 160, False, 1
2290,0, 160, False, 1
2291,0, 160, False, 0
2292,0, 160, False, 0
2293,0, 160, False, 0
2294,0, 160, False, 0
2295,0, 160, False, 0
2296,0, 160, False, 0
2297,0, 160, False, 0
2298,0, 160, False, 0
2299,0, 160, False, 0
2300,0, 160, False, 0
2301,0, 160, False, 0
2302,0, 160, False, 0
2303,0, 160, False, 0
2304,0, 160, False, 0
2305,0, 160, False, 0
2306,0, 160, False, 0
2307,10, 170, False, 0
2308,0, 170, False, 0
2309,0, 170, False, 0
2310,0, 170, False, 0
2311,0, 170, False, 0
2312,0, 170, False, 0
2313,0, 170, False, 0
2314,0, 170, False, 0
2315,0, 170, False, 0
2316,0, 170, False, 0
2317,0, 170, False, 0
2318,0, 170, False, 0
2319,0, 170, False, 0
2320,0, 170, False, 0
2321,0, 170, False, 0
2322,0, 170, False, 0
2323,0, 170, False, 0
2324,0, 170, False, 0
2325,0, 170, False, 1
2326,0, 170, False, 1
2327,0, 170, False, 1
2328,0, 170, False, 1
2329,0, 170, False, 1
2330,0, 170, False, 1
2331,0, 170, False, 1
2332,0, 170, False, 1
2333,0, 170, False, 1
2334,0, 170, False, 1
2335,0, 170, False, 1
2336,0, 170, False, 1
2337,0, 170, False, 1
2338,0, 170, False, 1
2339,0, 170, False, 1
2340,0, 170, False, 1
2341,0, 170, False, 1
2342,0, 170, False, 1
2343,0, 170, False, 1
2344,0, 170, False, 1
2345,0, 170, False, 1
2346,0, 170, False, 0
2347,0, 170, False, 0
2348,0, 170, False, 0
2349,0, 170, False, 0
2350,0, 170, False, 0
2351,0, 170, False, 0
2352,0, 170, False, 0
2353,0, 170, False, 0
2354,0, 170, False, 0
2355,0, 170, False, 0
2356,0, 170, False, 0
2357,0, 170, False, 0
2358,0, 170, False, 0
2359,15, 185, False, 0
2360,0, 185, False, 0
2361,0, 185, False, 0
2362,0, 185, False, 0
2363,0, 185, False, 0
2364,0, 185, False, 0
2365,0, 185, False, 0
2366,0, 185, False, 0
2367,0, 185, False, 0
2368,0, 185, False, 0
2369,0, 185, False, 0
2370,0, 185, False, 0
2371,0, 185, False, 0
2372,0, 185, False, 0
2373,0, 185, False, 0
2374,0, 185, False, 0
2375,0, 185, False, 0
2376,0, 185, False, 0
2377,0, 185, False, 0
2378,0, 185, False, 0
2379,0, 185, False, 0
2380,0, 185, False, 0
2381,0, 185, False, 0
2382,0, 185, False, 0
2383,0, 185, False, 0
2384,0, 185, False, 0
2385,0, 185, False, 0
2386,0, 185, False, 0
2387,0, 185, False, 0
2388,0, 185, False, 3
2389,0, 185, False, 3
2390,0, 185, False, 3
2391,0, 185, False, 3
2392,0, 185, False, 3
2393,0, 185, False, 3
2394,0, 185, False, 3
2395,0, 185, False, 3
2396,0, 185, False, 0
2397,0, 185, False, 0
2398,0, 185, False, 0
2399,0, 185, False, 0
2400,0, 185, False, 1
2401,0, 185, False, 1
2402,0, 185, False, 1
2403,0, 185, False, 1
2404,0, 185, False, 1
2405,0, 185, False, 1
2406,0, 185, False, 1
2407,0, 185, False, 0
2408,0, 185, False, 0
2409,0, 185, False, 0
2410,0, 185, False, 0
2411,0, 185, False, 0
2412,0, 185, False, 0
2413,0, 185, False, 0
2414,0, 185, False, 0
2415,0, 185, False, 0
2416,0, 185, False, 0
2417,0, 185, False, 0
2418,0, 185, False, 0
2419,0, 185, False, 4
2420,0, 185, False, 4
2421,0, 185, False, 4
2422,0, 185, False, 4
2423,0, 185, False, 4
2424,0, 185, False, 4
2425,0, 185, False, 4
2426,0, 185, False, 4
2427,0, 185, False, 4
2428,0, 185, False, 4
2429,0, 185, False, 4
2430,0, 185, False, 4
2431,0, 185, False, 4
2432,0, 185, False, 4
2433,0, 185, False, 4
2434,0, 185, False, 4
2435,0, 185, False, 4
2436,0, 185, False, 4
2437,0, 185, False, 4
2438,0, 185, False, 4
2439,0, 185, False, 4
2440,0, 185, False, 4
2441,0, 185, False, 4
2442,0, 185, False, 4
2443,0, 185, False, 4
2444,0, 185, False, 4
2445,0, 185, False, 4
2446,0, 185, False, 4
2447,0, 185, False, 4
2448,0, 185, False, 4
2449,0, 185, False, 4
2450,0, 185, False, 4
2451,0, 185, False, 4
2452,0, 185, False, 4
2453,0, 185, False, 4
2454,0, 185, False, 4
2455,0, 185, False, 4
2456,0, 185, False, 4
2457,0, 185, False, 4
2458,0, 185, False, 4
2459,0, 185, False, 4
2460,0, 185, False, 0
2461,0, 185, False, 0
2462,0, 185, False, 0
2463,0, 185, False, 1
2464,0, 185, False, 1
2465,0, 185, False, 1
2466,0, 185, False, 1
2467,0, 185, False, 1
2468,0, 185, False, 1
2469,0, 185, False, 1
2470,0, 185, False, 1
2471,0, 185, False, 0
2472,0, 185, False, 0
2473,0, 185, False, 0
2474,0, 185, False, 0
2475,0, 185, False, 0
2476,0, 185, False, 0
2477,0, 185, False, 0
2478,0, 185, False, 0
2479,0, 185, False, 0
2480,0, 185, False, 0
2481,0, 185, False, 0
2482,0, 185, False, 0
2483,0, 185, False, 0
2484,0, 185, False, 0
2485,0, 185, False, 0
2486,0, 185, False, 0
2487,0, 185, False, 0
2488,0, 185, False, 0
2489,0, 185, False, 0
2490,0, 185, False, 0
2491,0, 185, False, 0
2492,0, 185, False, 0
2493,0, 185, False, 1
2494,0, 185, False, 1
2495,0, 185, False, 1
2496,0, 185, False, 1
2497,0, 185, False, 1
2498,0, 185, False, 1
2499,0, 185, False, 1
2500,0, 185, False, 1
2501,0, 185, False, 1
2502,0, 185, False, 1
2503,0, 185, False, 1
2504,0, 185, False, 1
2505,0, 185, False, 1
2506,0, 185, False, 1
2507,0, 185, False, 1
2508,0, 185, False, 1
2509,0, 185, False, 1
2510,0, 185, False, 1
2511,0, 185, False, 1
2512,0, 185, False, 1
2513,10, 195, False, 1
2514,0, 195, False, 0
2515,0, 195, False, 0
2516,0, 195, False, 0
2517,0, 195, False, 0
2518,0, 195, False, 0
2519,0, 195, False, 0
2520,0, 195, False, 0
2521,0, 195, False, 0
2522,0, 195, False, 0
2523,0, 195, False, 0
2524,0, 195, False, 0
2525,0, 195, False, 0
2526,0, 195, False, 0
2527,0, 195, False, 0
2528,0, 195, False, 0
2529,0, 195, False, 0
2530,0, 195, False, 0
2531,0, 195, False, 0
2532,0, 195, False, 1
2533,0, 195, False, 1
2534,0, 195, False, 1
2535,0, 195, False, 1
2536,0, 195, False, 1
2537,0, 195, False, 1
2538,0, 195, False, 1
2539,0, 195, False, 1
2540,0, 195, False, 1
2541,0, 195, False, 1
2542,0, 195, False, 1
2543,0, 195, False, 1
2544,0, 195, False, 1
2545,0, 195, False, 1
2546,0, 195, False, 1
2547,0, 195, False, 1
2548,0, 195, False, 1
2549,0, 195, False, 1
2550,0, 195, False, 1
2551,0, 195, False, 1
2552,0, 195, False, 1
2553,0, 195, False, 1
2554,0, 195, False, 1
2555,0, 195, False, 1
2556,0, 195, False, 1
2557,0, 195, False, 0
2558,0, 195, False, 0
2559,0, 195, False, 0
2560,0, 195, False, 0
2561,15, 210, False, 0
2562,0, 210, False, 0
2563,0, 210, False, 0
2564,0, 210, False, 0
2565,0, 210, False, 0
2566,0, 210, False, 0
2567,0, 210, False, 0
2568,0, 210, False, 0
2569,0, 210, False, 0
2570,0, 210, False, 0
2571,0, 210, False, 0
2572,0, 210, False, 0
2573,0, 210, False, 0
2574,0, 210, False, 0
2575,0, 210, False, 0
2576,0, 210, False, 0
2577,0, 210, False, 0
2578,0, 210, False, 0
2579,0, 210, False, 0
2580,0, 210, False, 0
2581,0, 210, False, 0
2582,0, 210, False, 0
2583,0, 210, False, 0
2584,0, 210, False, 0
2585,0, 210, False, 0
2586,0, 210, False, 0
2587,0, 210, False, 3
2588,0, 210, False, 3
2589,0, 210, False, 3
2590,0, 210, False, 3
2591,0, 210, False, 3
2592,0, 210, False, 0
2593,0, 210, False, 0
2594,0, 210, False, 1
2595,0, 210, False, 1
2596,0, 210, False, 1
2597,0, 210, False, 1
2598,0, 210, False, 1
2599,0, 210, False, 1
2600,0, 210, False, 1
2601,0, 210, False, 1
2602,0, 210, False, 1
2603,0, 210, False, 1
2604,0, 210, False, 1
2605,0, 210, False, 1
2606,0, 210, False, 1
2607,0, 210, False, 1
2608,0, 210, False, 1
2609,0, 210, False, 1
2610,0, 210, False, 1
2611,0, 210, False, 1
2612,0, 210, False, 1
2613,0, 210, False, 1
2614,0, 210, False, 0
2615,0, 210, False, 0
2616,0, 210, False, 0
2617,0, 210, False, 0
2618,0, 210, False, 0
2619,0, 210, False, 0
2620,0, 210, False, 0
2621,0, 210, False, 0
2622,0, 210, False, 0
2623,0, 210, False, 0
2624,0, 210, False, 0
2625,0, 210, False, 0
2626,0, 210, False, 0
2627,0, 210, False, 0
2628,0, 210, False, 0
2629,0, 210, False, 0
2630,0, 210, False, 0
2631,0, 210, False, 0
2632,0, 210, False, 0
2633,0, 210, False, 0
2634,0, 210, False, 0
2635,0, 210, False, 0
2636,0, 210, False, 0
2637,0, 210, False, 0
2638,0, 210, False, 0
2639,25, 235, False, 0
2640,0, 235, False, 0
2641,0, 235, False, 0
2642,0, 235, False, 0
2643,0, 235, False, 0
2644,0, 235, False, 0
2645,0, 235, False, 1
2646,0, 235, False, 1
2647,0, 235, False, 1
2648,0, 235, False, 1
2649,0, 235, False, 1
2650,0, 235, False, 1
2651,0, 235, False, 1
2652,0, 235, False, 1
2653,0, 235, False, 1
2654,0, 235, False, 1
2655,0, 235, False, 1
2656,0, 235, False, 1
2657,0, 235, False, 1
2658,0, 235, False, 1
2659,0, 235, False, 1
2660,0, 235, False, 1
2661,0, 235, False, 1
2662,0, 235, False, 1
2663,0, 235, False, 1
2664,0, 235, False, 1
2665,0, 235, False, 1
2666,0, 235, False, 0
2667,0, 235, False, 0
2668,0, 235, False, 0
2669,0, 235, False, 0
2670,0, 235, False, 0
2671,0, 235, False, 0
2672,0, 235, False, 0
2673,0, 235, False, 0
2674,0, 235, False, 0
2675,15, 250, False, 0
2676,0, 250, False, 0
2677,0, 250, False, 0
2678,0, 250, False, 0
2679,0, 250, False, 0
2680,0, 250, False, 0
2681,0, 250, False, 0
2682,0, 250, False, 0
2683,0, 250, False, 0
2684,0, 250, False, 0
2685,0, 250, False, 0
2686,0, 250, False, 0
2687,0, 250, False, 0
2688,0, 250, False, 0
2689,0, 250, False, 0
2690,0, 250, False, 0
2691,0, 250, False, 0
2692,0, 250, False, 0
2693,0, 250, False, 0
2694,0, 250, False, 0
2695,0, 250, False, 0
2696,0, 250, False, 0
2697,0, 250, False, 0
2698,0, 250, False, 0
2699,0, 250, False, 0
2700,0, 250, False, 0
2701,0, 250, False, 0
2702,0, 250, False, 0
2703,0, 250, False, 0
2704,0, 250, False, 0
2705,0, 250, False, 0
2706,0, 250, False, 0
2707,0, 250, False, 0
2708,0, 250, False, 0
2709,0, 250, False, 0
2710,0, 250, False, 0
2711,0, 250, False, 0
2712,0, 250, False, 0
2713,0, 250, False, 0
2714,0, 250, False, 0
2715,0, 250, False, 0
2716,0, 250, False, 0
2717,0, 250, False, 0
2718,0, 250, False, 0
2719,0, 250, False, 0
2720,0, 250, False, 0
2721,0, 250, False, 0
2722,0, 250, False, 0
2723,0, 250, False, 0
2724,0, 250, False, 0
2725,0, 250, False, 0
2726,0, 250, False, 0
2727,0, 250, False, 0
2728,0, 250, False, 0
2729,0, 250, False, 0
2730,0, 250, False, 0
2731,0, 250, False, 0
2732,0, 250, False, 0
2733,0, 250, False, 0
2734,0, 250, False, 0
2735,0, 250, False, 0
2736,0, 250, False, 0
2737,0, 250, False, 0
2738,0, 250, False, 0
2739,0, 250, False, 0
2740,0, 250, False, 0
2741,0, 250, False, 0
2742,0, 250, False, 0
2743,0, 250, False, 0
2744,0, 250, False, 0
2745,0, 250, False, 0
2746,0, 250, False, 0
2747,0, 250, False, 0
2748,0, 250, False, 0
2749,0, 250, False, 0
2750,0, 250, False, 0
2751,0, 250, False, 0
2752,0, 250, False, 0
2753,0, 250, False, 0
2754,0, 250, False, 0
2755,0, 250, False, 0
2756,0, 250, False, 0
2757,0, 250, False, 0
2758,0, 250, False, 0
2759,0, 250, False, 0
2760,0, 250, False, 0
2761,0, 250, False, 0
2762,0, 250, False, 0
2763,0, 250, False, 0
2764,0, 250, False, 0
2765,0, 250, False, 0
2766,0, 250, False, 0
2767,0, 250, False, 0
2768,0, 250, False, 0
2769,0, 250, False, 0
2770,0, 250, False, 0
2771,0, 250, False, 0
2772,0, 250, False, 0
2773,0, 250, False, 0
2774,0, 250, False, 0
2775,0, 250, False, 0
2776,0, 250, False, 0
2777,0, 250, False, 0
2778,0, 250, False, 0
2779,0, 250, False, 0
2780,0, 250, False, 0
2781,0, 250, False, 0
2782,0, 250, False, 0
2783,0, 250, False, 1
2784,0, 250, False, 1
2785,0, 250, False, 1
2786,0, 250, False, 1
2787,0, 250, False, 1
2788,0, 250, False, 1
2789,0, 250, False, 1
2790,0, 250, False, 1
2791,0, 250, False, 1
2792,0, 250, False, 1
2793,0, 250, False, 1
2794,0, 250, False, 1
2795,0, 250, False, 1
2796,0, 250, False, 1
2797,0, 250, False, 1
2798,0, 250, False, 1
2799,0, 250, False, 1
2800,0, 250, False, 1
2801,0, 250, False, 0
2802,0, 250, False, 0
2803,0, 250, False, 0
2804,0, 250, False, 0
2805,0, 250, False, 0
2806,0, 250, False, 0
2807,0, 250, False, 0
2808,0, 250, False, 0
2809,0, 250, False, 0
2810,0, 250, False, 0
2811,0, 250, False, 0
2812,0, 250, False, 0
2813,0, 250, False, 0
2814,0, 250, False, 0
2815,0, 250, False, 0
2816,0, 250, False, 0
2817,20, 270, False, 0
2818,0, 270, False, 0
2819,0, 270, False, 0
2820,0, 270, False, 0
2821,0, 270, False, 0
2822,0, 270, False, 0
2823,0, 270, False, 0
2824,0, 270, False, 0
2825,0, 270, False, 0
2826,0, 270, False, 0
2827,0, 270, False, 0
2828,0, 270, False, 0
2829,0, 270, False, 0
2830,0, 270, False, 0
2831,0, 270, False, 0
2832,0, 270, False, 0
2833,0, 270, False, 0
2834,0, 270, False, 0
2835,0, 270, False, 0
2836,0, 270, False, 0
2837,0, 270, False, 0
2838,0, 270, False, 0
2839,0, 270, False, 0
2840,0, 270, False, 1
2841,0, 270, False, 1
2842,0, 270, False, 1
2843,0, 270, False, 1
2844,0, 270, False, 1
2845,0, 270, False, 1
2846,0, 270, False, 1
2847,0, 270, False, 1
2848,0, 270, False, 1
2849,0, 270, False, 1
2850,0, 270, False, 1
2851,0, 270, False, 1
2852,0, 270, False, 0
2853,0, 270, False, 0
2854,0, 270, False, 0
2855,0, 270, False, 0
2856,0, 270, False, 0
2857,0, 270, False, 0
2858,0, 270, False, 0
2859,0, 270, False, 0
2860,0, 270, False, 0
2861,0, 270, False, 0
2862,0, 270, False, 0
2863,0, 270, False, 0
2864,0, 270, False, 0
2865,0, 270, False, 0
2866,0, 270, False, 0
2867,0, 270, False, 0
2868,0, 270, False, 0
2869,0, 270, False, 0
2870,0, 270, False, 0
2871,0, 270, False, 0
2872,0, 270, False, 0
2873,0, 270, False, 0
2874,0, 270, False, 0
2875,0, 270, False, 0
2876,0, 270, False, 0
2877,0, 270, False, 0
2878,0, 270, False, 0
2879,0, 270, False, 0
2880,0, 270, False, 0
2881,0, 270, False, 0
2882,0, 270, False, 0
2883,0, 270, False, 0
2884,0, 270, False, 0
2885,0, 270, False, 0
2886,0, 270, False, 0
2887,0, 270, False, 0
2888,0, 270, False, 0
2889,0, 270, False, 0
2890,0, 270, False, 0
2891,0, 270, False, 0
2892,0, 270, False, 0
2893,0, 270, False, 0
2894,0, 270, False, 0
2895,0, 270, False, 0
2896,0, 270, False, 0
2897,0, 270, False, 0
2898,0, 270, False, 0
2899,0, 270, False, 0
2900,0, 270, False, 0
2901,0, 270, False, 0
2902,0, 270, False, 0
2903,0, 270, False, 0
2904,0, 270, False, 1
2905,0, 270, False, 1
2906,0, 270, False, 1
2907,0, 270, False, 1
2908,0, 270, False, 1
2909,0, 270, False, 1
2910,0, 270, False, 1
2911,0, 270, False, 1
2912,0, 270, False, 1
2913,0, 270, False, 0
2914,0, 270, False, 0
2915,0, 270, False, 0
2916,0, 270, False, 4
2917,0, 270, False, 4
2918,0, 270, False, 4
2919,0, 270, False, 4
2920,0, 270, False, 4
2921,0, 270, False, 4
2922,0, 270, False, 4
2923,0, 270, False, 4
2924,0, 270, False, 4
2925,0, 270, False, 4
2926,0, 270, False, 4
2927,0, 270, False, 0
2928,0, 270, False, 0
2929,0, 270, False, 0
2930,0, 270, False, 0
2931,0, 270, False, 0
2932,0, 270, False, 0
2933,0, 270, False, 0
2934,0, 270, False, 0
2935,0, 270, False, 0
2936,0, 270, False, 0
2937,0, 270, False, 0
2938,0, 270, False, 0
2939,0, 270, False, 0
2940,0, 270, False, 3
2941,0, 270, False, 3
2942,0, 270, False, 3
2943,0, 270, False, 3
2944,0, 270, False, 3
2945,0, 270, False, 3
2946,0, 270, False, 3
2947,0, 270, False, 3
2948,0, 270, False, 0
2949,0, 270, False, 0
2950,0, 270, False, 0
2951,0, 270, False, 0
2952,0, 270, False, 1
2953,0, 270, False, 1
2954,0, 270, False, 1
2955,0, 270, False, 1
2956,0, 270, False, 1
2957,0, 270, False, 1
2958,0, 270, False, 1
2959,0, 270, False, 1
2960,0, 270, False, 1
2961,0, 270, False, 1
2962,0, 270, False, 1
2963,0, 270, False, 0
2964,0, 270, False, 0
2965,0, 270, False, 0
2966,0, 270, False, 0
2967,0, 270, False, 0
2968,0, 270, False, 0
2969,0, 270, False, 0
2970,0, 270, False, 0
2971,0, 270, False, 0
2972,0, 270, False, 0
2973,0, 270, False, 0
2974,0, 270, False, 0
2975,0, 270, False, 0
2976,0, 270, False, 0
2977,0, 270, False, 0
2978,0, 270, False, 0
2979,0, 270, False, 0
2980,0, 270, False, 0
2981,0, 270, False, 0
2982,0, 270, False, 4
2983,0, 270, False, 4
2984,0, 270, False, 4
2985,0, 270, False, 4
2986,0, 270, False, 4
2987,0, 270, False, 4
2988,0, 270, False, 4
2989,0, 270, False, 4
2990,0, 270, False, 4
2991,0, 270, False, 4
2992,0, 270, False, 4
2993,0, 270, False, 4
2994,0, 270, False, 4
2995,0, 270, False, 0
2996,0, 270, False, 0
2997,0, 270, False, 0
2998,0, 270, False, 0
2999,0, 270, False, 0
3000,0, 270, False, 0
3001,0, 270, False, 0
3002,0, 270, False, 0
3003,0, 270, False, 0
3004,0, 270, False, 1
3005,0, 270, False, 1
3006,0, 270, False, 1
3007,0, 270, False, 1
3008,0, 270, False, 1
3009,0, 270, False, 11
3010,0, 270, False, 11
3011,0, 270, False, 1
3012,0, 270, False, 1
3013,0, 270, False, 0
3014,0, 270, False, 0
3015,0, 270, False, 0
3016,0, 270, False, 0
3017,0, 270, False, 0
3018,0, 270, False, 0
3019,0, 270, False, 0
3020,0, 270, False, 0
3021,0, 270, False, 0
3022,0, 270, False, 0
3023,0, 270, False, 0
3024,0, 270, False, 0
3025,0, 270, False, 0
3026,0, 270, False, 0
3027,0, 270, False, 0
3028,0, 270, False, 1
3029,200, 470, False, 1
3030,0, 470, False, 1
3031,0, 470, False, 1
3032,0, 470, False, 1
3033,0, 470, False, 1
3034,0, 470, False, 1
3035,0, 470, False, 1
3036,0, 470, False, 0
3037,0, 470, False, 0
3038,0, 470, False, 0
3039,0, 470, False, 0
3040,0, 470, False, 0
3041,0, 470, False, 0
3042,0, 470, False, 0
3043,0, 470, False, 0
3044,0, 470, False, 0
3045,0, 470, False, 0
3046,0, 470, False, 0
3047,0, 470, False, 0
3048,0, 470, False, 0
3049,0, 470, False, 0
3050,0, 470, False, 0
3051,0, 470, False, 0
3052,0, 470, False, 0
3053,0, 470, False, 0
3054,0, 470, False, 0
3055,0, 470, False, 0
3056,0, 470, False, 0
3057,0, 470, False, 0
3058,0, 470, False, 0
3059,0, 470, False, 0
3060,0, 470, False, 1
3061,0, 470, False, 1
3062,0, 470, False, 1
3063,0, 470, False, 1
3064,0, 470, False, 1
3065,0, 470, False, 1
3066,0, 470, False, 1
3067,0, 470, False, 1
3068,0, 470, False, 1
3069,0, 470, False, 1
3070,0, 470, False, 1
3071,0, 470, False, 0
3072,0, 470, False, 0
3073,0, 470, False, 0
3074,0, 470, False, 0
3075,0, 470, False, 0
3076,0, 470, False, 0
3077,0, 470, False, 0
3078,0, 470, False, 0
3079,0, 470, False, 0
3080,0, 470, False, 0
3081,0, 470, False, 0
3082,0, 470, False, 0
3083,0, 470, False, 0
3084,0, 470, False, 0
3085,0, 470, False, 0
3086,0, 470, False, 0
3087,0, 470, False, 0
3088,0, 470, False, 0
3089,0, 470, False, 0
3090,0, 470, False, 0
3091,20, 490, False, 0
3092,0, 490, False, 0
3093,0, 490, False, 0
3094,0, 490, False, 0
3095,0, 490, False, 0
3096,0, 490, False, 0
3097,0, 490, False, 0
3098,0, 490, False, 0
3099,0, 490, False, 0
3100,0, 490, False, 0
3101,0, 490, False, 0
3102,0, 490, False, 0
3103,0, 490, False, 0
3104,0, 490, False, 0
3105,0, 490, False, 0
3106,0, 490, False, 0
3107,0, 490, False, 4
3108,0, 490, False, 4
3109,0, 490, False, 4
3110,0, 490, False, 4
3111,0, 490, False, 4
3112,0, 490, False, 4
3113,0, 490, False, 4
3114,0, 490, False, 4
3115,0, 490, False, 0
3116,0, 490, False, 0
3117,0, 490, False, 0
3118,0, 490, False, 0
3119,0, 490, False, 0
3120,0, 490, False, 0
3121,0, 490, False, 0
3122,0, 490, False, 0
3123,0, 490, False, 0
3124,0, 490, False, 4
3125,0, 490, False, 4
3126,0, 490, False, 4
3127,0, 490, False, 4
3128,0, 490, False, 4
3129,0, 490, False, 4
3130,0, 490, False, 4
3131,0, 490, False, 4
3132,0, 490, False, 4
3133,0, 490, False, 4
3134,0, 490, False, 4
3135,0, 490, False, 4
3136,0, 490, False, 4
3137,0, 490, False, 4
3138,0, 490, False, 4
3139,0, 490, False, 4
3140,0, 490, False, 4
3141,0, 490, False, 4
3142,0, 490, False, 4
3143,0, 490, False, 1
3144,0, 490, False, 1
3145,0, 490, False, 1
3146,0, 490, False, 1
3147,0, 490, False, 1
3148,0, 490, False, 1
3149,0, 490, False, 1
3150,0, 490, False, 1
3151,0, 490, False, 1
3152,0, 490, False, 1
3153,0, 490, False, 1
3154,0, 490, False, 1
3155,0, 490, False, 0
3156,0, 490, False, 0
3157,0, 490, False, 0
3158,0, 490, False, 0
3159,0, 490, False, 0
3160,0, 490, False, 0
3161,0, 490, False, 0
3162,0, 490, False, 0
3163,15, 505, False, 0
3164,0, 505, False, 0
3165,0, 505, False, 0
3166,0, 505, False, 0
3167,0, 505, False, 0
3168,0, 505, False, 0
3169,0, 505, False, 0
3170,0, 505, False, 0
3171,0, 505, False, 0
3172,0, 505, False, 0
3173,0, 505, False, 0
3174,0, 505, False, 0
3175,0, 505, False, 0
3176,0, 505, False, 0
3177,0, 505, False, 0
3178,0, 505, False, 0
3179,0, 505, False, 0
3180,0, 505, False, 0
3181,0, 505, False, 0
3182,0, 505, False, 0
3183,0, 505, False, 0
3184,0, 505, False, 0
3185,0, 505, False, 0
3186,0, 505, False, 0
3187,0, 505, False, 0
3188,0, 505, False, 0
3189,0, 505, False, 0
3190,0, 505, False, 0
3191,0, 505, False, 0
3192,0, 505, False, 0
3193,0, 505, False, 0
3194,0, 505, False, 0
3195,0, 505, False, 0
3196,0, 505, False, 0
3197,0, 505, False, 0
3198,0, 505, False, 0
3199,0, 505, False, 0
3200,0, 505, False, 0
3201,0, 505, False, 3
3202,0, 505, False, 3
3203,0, 505, False, 3
3204,0, 505, False, 3
3205,0, 505, False, 3
3206,0, 505, False, 3
3207,0, 505, False, 3
3208,0, 505, False, 3
3209,0, 505, False, 3
3210,0, 505, False, 3
3211,0, 505, False, 3
3212,0, 505, False, 3
3213,0, 505, False, 0
3214,0, 505, False, 0
3215,0, 505, False, 0
3216,0, 505, False, 0
3217,0, 505, False, 0
3218,0, 505, False, 0
3219,0, 505, False, 0
3220,0, 505, False, 0
3221,0, 505, False, 1
3222,0, 505, False, 1
3223,0, 505, False, 1
3224,0, 505, False, 1
3225,0, 505, False, 1
3226,0, 505, False, 1
3227,0, 505, False, 1
3228,0, 505, False, 1
3229,0, 505, False, 1
3230,0, 505, False, 0
3231,0, 505, False, 0
3232,0, 505, False, 0
3233,0, 505, False, 0
3234,0, 505, False, 0
3235,0, 505, False, 0
3236,0, 505, False, 0
3237,0, 505, False, 0
3238,0, 505, False, 0
3239,0, 505, False, 0
3240,0, 505, False, 0
3241,0, 505, False, 0
3242,0, 505, False, 0
3243,0, 505, False, 0
3244,0, 505, False, 0
3245,0, 505, False, 0
3246,0, 505, False, 0
3247,0, 505, False, 0
3248,0, 505, False, 0
3249,0, 505, False, 0
3250,0, 505, False, 0
3251,0, 505, False, 0
3252,0, 505, False, 0
3253,0, 505, False, 0
3254,0, 505, False, 0
3255,0, 505, False, 0
3256,0, 505, False, 0
3257,0, 505, False, 0
3258,0, 505, False, 0
3259,0, 505, False, 0
3260,0, 505, False, 0
3261,25, 530, False, 0
3262,0, 530, False, 0
3263,0, 530, False, 0
3264,0, 530, False, 0
3265,0, 530, False, 0
3266,0, 530, False, 0
3267,0, 530, False, 0
3268,0, 530, False, 0
3269,0, 530, False, 0
3270,0, 530, False, 0
3271,0, 530, False, 3
3272,0, 530, False, 3
3273,0, 530, False, 3
3274,0, 530, False, 3
3275,0, 530, False, 3
3276,0, 530, False, 3
3277,0, 530, False, 3
3278,0, 530, False, 3
3279,0, 530, False, 3
3280,0, 530, False, 3
3281,0, 530, False, 3
3282,0, 530, False, 3
3283,0, 530, False, 3
3284,0, 530, False, 3
3285,0, 530, False, 3
3286,0, 530, False, 3
3287,0, 530, False, 3
3288,0, 530, False, 3
3289,0, 530, False, 3
3290,0, 530, False, 0
3291,0, 530, False, 0
3292,0, 530, False, 0
3293,0, 530, False, 0
3294,0, 530, False, 0
3295,0, 530, False, 0
3296,0, 530, False, 0
3297,0, 530, False, 0
3298,0, 530, False, 0
3299,0, 530, False, 0
3300,0, 530, False, 0
3301,0, 530, False, 0
3302,0, 530, False, 0
3303,0, 530, False, 1
3304,0, 530, False, 1
3305,0, 530, False, 1
3306,0, 530, False, 1
3307,0, 530, False, 1
3308,0, 530, False, 1
3309,0, 530, False, 0
3310,0, 530, False, 0
3311,0, 530, False, 0
3312,0, 530, False, 0
3313,0, 530, False, 0
3314,0, 530, False, 0
3315,0, 530, False, 0
3316,0, 530, False, 0
3317,0, 530, False, 0
3318,0, 530, False, 0
3319,0, 530, False, 0
3320,0, 530, False, 0
3321,0, 530, False, 0
3322,0, 530, False, 0
3323,0, 530, False, 0
3324,0, 530, False, 0
3325,0, 530, False, 0
3326,0, 530, False, 0
3327,0, 530, False, 0
3328,0, 530, False, 0
3329,0, 530, False, 0
3330,0, 530, False, 0
3331,20, 550, False, 0
3332,0, 550, False, 0
3333,0, 550, False, 0
3334,0, 550, False, 0
3335,0, 550, False, 0
3336,0, 550, False, 0
3337,0, 550, False, 0
3338,0, 550, False, 0
3339,0, 550, False, 0
3340,0, 550, False, 0
3341,0, 550, False, 0
3342,0, 550, False, 0
3343,0, 550, False, 0
3344,0, 550, False, 0
3345,0, 550, False, 0
3346,0, 550, False, 0
3347,0, 550, False, 0
3348,0, 550, False, 0
3349,0, 550, False, 0
3350,0, 550, False, 0
3351,0, 550, False, 0
3352,0, 550, False, 0
3353,0, 550, False, 0
3354,0, 550, False, 0
3355,0, 550, False, 0
3356,0, 550, False, 0
3357,0, 550, False, 0
3358,0, 550, False, 0
3359,0, 550, False, 0
3360,0, 550, False, 0
3361,0, 550, False, 0
3362,0, 550, False, 0
3363,0, 550, False, 0
3364,0, 550, False, 0
3365,0, 550, False, 0
3366,0, 550, False, 0
3367,0, 550, False, 0
3368,0, 550, False, 0
3369,0, 550, False, 0
3370,0, 550, False, 0
3371,0, 550, False, 0
3372,0, 550, False, 0
3373,0, 550, False, 0
3374,0, 550, False, 0
3375,0, 550, False, 0
3376,0, 550, False, 0
3377,0, 550, False, 0
3378,0, 550, False, 0
3379,0, 550, False, 0
3380,0, 550, False, 0
3381,0, 550, False, 0
3382,0, 550, False, 0
3383,0, 550, False, 0
3384,0, 550, False, 0
3385,0, 550, False, 0
3386,0, 550, False, 0
3387,0, 550, False, 0
3388,0, 550, False, 0
3389,0, 550, False, 0
3390,0, 550, False, 0
3391,0, 550, False, 0
3392,0, 550, False, 0
3393,0, 550, False, 0
3394,0, 550, False, 0
3395,0, 550, False, 0
3396,0, 550, False, 0
3397,0, 550, False, 0
3398,0, 550, False, 0
3399,0, 550, False, 0
3400,0, 550, False, 0
3401,0, 550, False, 0
3402,0, 550, False, 0
3403,0, 550, False, 0
3404,0, 550, False, 0
3405,0, 550, False, 0
3406,0, 550, False, 0
3407,0, 550, False, 0
3408,0, 550, False, 0
3409,0, 550, False, 0
3410,0, 550, False, 0
3411,0, 550, False, 0
3412,0, 550, False, 0
3413,0, 550, False, 0
3414,0, 550, False, 0
3415,0, 550, False, 0
3416,0, 550, False, 0
3417,0, 550, False, 0
3418,0, 550, False, 3
3419,0, 550, False, 3
3420,0, 550, False, 3
3421,0, 550, False, 3
3422,0, 550, False, 3
3423,0, 550, False, 3
3424,0, 550, False, 0
3425,0, 550, False, 0
3426,0, 550, False, 0
3427,0, 550, False, 0
3428,0, 550, False, 0
3429,0, 550, False, 0
3430,0, 550, False, 0
3431,0, 550, False, 0
3432,0, 550, False, 0
3433,0, 550, False, 0
3434,0, 550, False, 0
3435,0, 550, False, 0
3436,0, 550, False, 0
3437,0, 550, False, 0
3438,0, 550, False, 0
3439,0, 550, False, 0
3440,0, 550, False, 0
3441,0, 550, False, 0
3442,0, 550, False, 0
3443,0, 550, False, 3
3444,0, 550, False, 3
3445,0, 550, False, 3
3446,0, 550, False, 3
3447,0, 550, False, 3
3448,0, 550, False, 0
3449,0, 550, False, 0
3450,0, 550, False, 0
3451,0, 550, False, 0
3452,0, 550, False, 0
3453,0, 550, False, 0
3454,0, 550, False, 0
3455,0, 550, False, 0
3456,0, 550, False, 0
3457,0, 550, False, 0
3458,0, 550, False, 0
3459,0, 550, False, 0
3460,0, 550, False, 0
3461,0, 550, False, 0
3462,0, 550, False, 0
3463,0, 550, False, 0
3464,0, 550, False, 0
3465,0, 550, False, 3
3466,0, 550, False, 3
3467,0, 550, False, 3
3468,0, 550, False, 3
3469,0, 550, False, 3
3470,0, 550, False, 3
3471,0, 550, False, 3
3472,0, 550, False, 3
3473,0, 550, False, 3
3474,0, 550, False, 3
3475,0, 550, False, 3
3476,0, 550, False, 3
3477,0, 550, False, 3
3478,0, 550, False, 3
3479,0, 550, False, 3
3480,0, 550, False, 3
3481,0, 550, False, 3
3482,0, 550, False, 3
3483,0, 550, False, 3
3484,0, 550, False, 3
3485,0, 550, False, 3
3486,0, 550, False, 3
3487,0, 550, False, 3
3488,0, 550, False, 3
3489,0, 550, False, 3
3490,0, 550, False, 3
3491,0, 550, False, 3
3492,0, 550, False, 3
3493,0, 550, False, 3
3494,0, 550, False, 3
3495,0, 550, False, 3
3496,0, 550, False, 3
3497,0, 550, False, 3
3498,0, 550, False, 0
3499,0, 550, False, 1
3500,0, 550, False, 1
3501,0, 550, False, 1
3502,0, 550, False, 1
3503,0, 550, False, 1
3504,0, 550, False, 1
3505,0, 550, False, 1
3506,0, 550, False, 1
3507,0, 550, False, 1
3508,0, 550, False, 0
3509,0, 550, False, 0
3510,0, 550, False, 0
3511,0, 550, False, 0
3512,0, 550, False, 0
3513,0, 550, False, 0
3514,0, 550, False, 0
3515,0, 550, False, 0
3516,0, 550, False, 0
3517,0, 550, False, 0
3518,0, 550, False, 0
3519,0, 550, False, 0
3520,0, 550, False, 0
3521,0, 550, False, 0
3522,0, 550, False, 0
3523,0, 550, False, 0
3524,0, 550, False, 0
3525,0, 550, False, 0
3526,0, 550, False, 0
3527,0, 550, False, 0
3528,0, 550, False, 0
3529,0, 550, False, 0
3530,0, 550, False, 0
3531,0, 550, False, 0
3532,0, 550, False, 0
3533,0, 550, False, 0
3534,0, 550, False, 0
3535,25, 575, False, 0
3536,0, 575, False, 0
3537,0, 575, False, 0
3538,0, 575, False, 0
3539,0, 575, False, 0
3540,0, 575, False, 0
3541,0, 575, False, 0
3542,0, 575, False, 0
3543,0, 575, False, 0
3544,0, 575, False, 0
3545,0, 575, False, 0
3546,0, 575, False, 0
3547,0, 575, False, 0
3548,0, 575, False, 0
3549,0, 575, False, 0
3550,0, 575, False, 0
3551,0, 575, False, 0
3552,0, 575, False, 0
3553,0, 575, False, 1
3554,0, 575, False, 1
3555,0, 575, False, 1
3556,0, 575, False, 1
3557,0, 575, False, 1
3558,0, 575, False, 1
3559,0, 575, False, 1
3560,0, 575, False, 1
3561,0, 575, False, 1
3562,0, 575, False, 1
3563,0, 575, False, 1
3564,0, 575, False, 1
3565,0, 575, False, 1
3566,0, 575, False, 0
3567,0, 575, False, 0
3568,0, 575, False, 0
3569,0, 575, False, 0
3570,0, 575, False, 0
3571,0, 575, False, 0
3572,0, 575, False, 0
3573,0, 575, False, 0
3574,0, 575, False, 0
3575,0, 575, False, 0
3576,0, 575, False, 0
3577,0, 575, False, 0
3578,0, 575, False, 0
3579,0, 575, False, 0
3580,0, 575, False, 0
3581,0, 575, False, 0
3582,0, 575, False, 0
3583,0, 575, False, 0
3584,0, 575, False, 0
3585,0, 575, False, 0
3586,0, 575, False, 0
3587,0, 575, False, 0
3588,0, 575, False, 0
3589,0, 575, False, 0
3590,0, 575, False, 0
3591,0, 575, False, 0
3592,0, 575, False, 0
3593,0, 575, False, 0
3594,0, 575, False, 0
3595,30, 605, False, 0
3596,0, 605, False, 0
3597,0, 605, False, 0
3598,0, 605, False, 0
3599,0, 605, False, 0
3600,0, 605, False, 0
3601,0, 605, False, 0
3602,0, 605, False, 0
3603,0, 605, False, 0
3604,0, 605, False, 0
3605,0, 605, False, 0
3606,0, 605, False, 0
3607,0, 605, False, 0
3608,0, 605, False, 0
3609,0, 605, False, 0
3610,0, 605, False, 0
3611,0, 605, False, 0
3612,0, 605, False, 0
3613,0, 605, False, 0
3614,0, 605, False, 0
3615,0, 605, False, 0
3616,0, 605, False, 0
3617,0, 605, False, 0
3618,0, 605, False, 0
3619,0, 605, False, 0
3620,0, 605, False, 0
3621,0, 605, False, 0
3622,0, 605, False, 0
3623,0, 605, False, 0
3624,0, 605, False, 0
3625,0, 605, False, 0
3626,0, 605, False, 0
3627,0, 605, False, 0
3628,0, 605, False, 0
3629,0, 605, False, 0
3630,0, 605, False, 0
3631,0, 605, False, 0
3632,0, 605, False, 4
3633,0, 605, False, 4
3634,0, 605, False, 4
3635,0, 605, False, 4
3636,0, 605, False, 4
3637,0, 605, False, 4
3638,0, 605, False, 4
3639,0, 605, False, 4
3640,0, 605, False, 4
3641,0, 605, False, 4
3642,0, 605, False, 4
3643,0, 605, False, 4
3644,0, 605, False, 4
3645,0, 605, False, 4
3646,0, 605, False, 4
3647,0, 605, False, 4
3648,0, 605, False, 4
3649,0, 605, False, 4
3650,0, 605, False, 4
3651,0, 605, False, 4
3652,0, 605, False, 4
3653,0, 605, False, 4
3654,0, 605, False, 4
3655,0, 605, False, 4
3656,0, 605, False, 4
3657,0, 605, False, 4
3658,0, 605, False, 4
3659,0, 605, False, 4
3660,0, 605, False, 4
3661,0, 605, False, 4
3662,0, 605, False, 4
3663,0, 605, False, 4
3664,0, 605, False, 4
3665,0, 605, False, 4
3666,0, 605, False, 4
3667,0, 605, False, 4
3668,0, 605, False, 4
3669,0, 605, False, 4
3670,0, 605, False, 4
3671,0, 605, False, 4
3672,0, 605, False, 4
3673,0, 605, False, 4
3674,0, 605, False, 4
3675,0, 605, False, 4
3676,0, 605, False, 4
3677,0, 605, False, 4
3678,0, 605, False, 4
3679,0, 605, False, 4
3680,0, 605, False, 4
3681,0, 605, False, 4
3682,0, 605, False, 4
3683,0, 605, False, 4
3684,0, 605, False, 4
3685,0, 605, False, 4
3686,0, 605, False, 4
3687,0, 605, False, 4
3688,0, 605, False, 4
3689,0, 605, False, 4
3690,0, 605, False, 4
3691,0, 605, False, 4
3692,0, 605, False, 4
3693,0, 605, False, 4
3694,0, 605, False, 4
3695,0, 605, False, 4
3696,0, 605, False, 4
3697,0, 605, False, 4
3698,0, 605, False, 4
3699,0, 605, False, 4
3700,0, 605, False, 4
3701,0, 605, False, 4
3702,0, 605, False, 4
3703,0, 605, False, 4
3704,0, 605, False, 4
3705,0, 605, False, 4
3706,0, 605, False, 4
3707,0, 605, False, 4
3708,0, 605, False, 4
3709,0, 605, False, 4
3710,0, 605, False, 4
3711,0, 605, False, 4
3712,0, 605, False, 4
3713,0, 605, False, 4
3714,0, 605, False, 4
3715,0, 605, False, 4
3716,0, 605, False, 4
3717,0, 605, False, 4
3718,0, 605, False, 4
3719,0, 605, False, 4
3720,0, 605, False, 4
3721,0, 605, False, 4
3722,0, 605, False, 4
3723,0, 605, False, 4
3724,0, 605, False, 4
3725,0, 605, False, 4
3726,0, 605, False, 4
3727,0, 605, False, 4
3728,0, 605, False, 4
3729,0, 605, False, 4
3730,0, 605, False, 4
3731,0, 605, False, 4
3732,0, 605, False, 4
3733,0, 605, False, 4
3734,0, 605, False, 4
3735,0, 605, False, 4
3736,0, 605, False, 4
3737,0, 605, False, 4
3738,0, 605, False, 4
3739,0, 605, False, 4
3740,0, 605, False, 4
3741,0, 605, False, 4
3742,0, 605, False, 4
3743,0, 605, False, 4
3744,0, 605, False, 4
3745,0, 605, False, 4
3746,0, 605, False, 4
3747,0, 605, False, 4
3748,0, 605, False, 0
3749,0, 605, False, 0
3750,0, 605, False, 1
3751,0, 605, False, 1
3752,0, 605, False, 1
3753,0, 605, False, 1
3754,0, 605, False, 1
3755,0, 605, False, 1
3756,0, 605, False, 1
3757,0, 605, False, 1
3758,0, 605, False, 1
3759,0, 605, False, 1
3760,0, 605, False, 1
3761,0, 605, False, 1
3762,0, 605, False, 1
3763,0, 605, False, 1
3764,0, 605, False, 1
3765,0, 605, False, 1
3766,0, 605, False, 0
3767,0, 605, False, 0
3768,0, 605, False, 0
3769,15, 620, False, 0
3770,0, 620, False, 0
3771,0, 620, False, 0
3772,0, 620, False, 0
3773,0, 620, False, 0
3774,0, 620, False, 0
3775,0, 620, False, 0
3776,0, 620, False, 0
3777,0, 620, False, 0
3778,0, 620, False, 0
3779,0, 620, False, 0
3780,0, 620, False, 0
3781,0, 620, False, 0
3782,0, 620, False, 0
3783,0, 620, False, 0
3784,0, 620, False, 0
3785,0, 620, False, 0
3786,0, 620, False, 0
3787,0, 620, False, 1
3788,0, 620, False, 1
3789,0, 620, False, 1
3790,0, 620, False, 1
3791,0, 620, False, 1
3792,0, 620, False, 1
3793,0, 620, False, 1
3794,0, 620, False, 1
3795,0, 620, False, 0
3796,0, 620, False, 0
3797,0, 620, False, 0
3798,0, 620, False, 0
3799,0, 620, False, 0
3800,0, 620, False, 0
3801,0, 620, False, 0
3802,0, 620, False, 0
3803,0, 620, False, 0
3804,0, 620, False, 0
3805,0, 620, False, 0
3806,0, 620, False, 0
3807,0, 620, False, 0
3808,0, 620, False, 0
3809,0, 620, False, 0
3810,0, 620, False, 0
3811,20, 640, False, 0
3812,0, 640, False, 0
3813,0, 640, False, 0
3814,0, 640, False, 0
3815,0, 640, False, 0
3816,0, 640, False, 0
3817,0, 640, False, 0
3818,0, 640, False, 0
3819,0, 640, False, 0
3820,0, 640, False, 0
3821,0, 640, False, 0
3822,0, 640, False, 1
3823,0, 640, False, 1
3824,0, 640, False, 1
3825,0, 640, False, 1
3826,0, 640, False, 1
3827,0, 640, False, 1
3828,0, 640, False, 1
3829,0, 640, False, 1
3830,0, 640, False, 1
3831,0, 640, False, 1
3832,0, 640, False, 1
3833,0, 640, False, 1
3834,0, 640, False, 1
3835,0, 640, False, 1
3836,0, 640, False, 1
3837,0, 640, False, 0
3838,0, 640, False, 0
3839,0, 640, False, 0
3840,0, 640, False, 0
3841,0, 640, False, 0
3842,0, 640, False, 0
3843,0, 640, False, 0
3844,0, 640, False, 0
3845,0, 640, False, 0
3846,0, 640, False, 0
3847,0, 640, False, 0
3848,0, 640, False, 0
3849,0, 640, False, 0
3850,0, 640, False, 0
3851,0, 640, False, 0
3852,0, 640, False, 0
3853,0, 640, False, 0
3854,0, 640, False, 0
3855,0, 640, False, 0
3856,0, 640, False, 0
3857,0, 640, False, 3
3858,0, 640, False, 3
3859,0, 640, False, 3
3860,0, 640, False, 3
3861,0, 640, False, 3
3862,0, 640, False, 3
3863,0, 640, False, 3
3864,0, 640, False, 3
3865,0, 640, False, 3
3866,0, 640, False, 3
3867,0, 640, False, 3
3868,0, 640, False, 3
3869,0, 640, False, 3
3870,0, 640, False, 3
3871,0, 640, False, 3
3872,0, 640, False, 3
3873,0, 640, False, 3
3874,0, 640, False, 3
3875,0, 640, False, 3
3876,0, 640, False, 3
3877,0, 640, False, 3
3878,0, 640, False, 0
3879,0, 640, False, 0
3880,0, 640, False, 0
3881,0, 640, False, 0
3882,0, 640, False, 0
3883,0, 640, False, 0
3884,0, 640, False, 0
3885,0, 640, False, 0
3886,0, 640, False, 0
3887,0, 640, False, 0
3888,0, 640, False, 0
3889,0, 640, False, 0
3890,0, 640, False, 0
3891,0, 640, False, 0
3892,0, 640, False, 0
3893,0, 640, False, 3
3894,0, 640, False, 3
3895,0, 640, False, 3
3896,0, 640, False, 3
3897,0, 640, False, 3
3898,0, 640, False, 3
3899,0, 640, False, 3
3900,0, 640, False, 3
3901,0, 640, False, 3
3902,0, 640, False, 3
3903,0, 640, False, 3
3904,0, 640, False, 3
3905,0, 640, False, 3
3906,0, 640, False, 3
3907,0, 640, False, 3
3908,0, 640, False, 3
3909,0, 640, False, 3
3910,0, 640, False, 0
3911,0, 640, False, 0
3912,0, 640, False, 0
3913,0, 640, False, 0
3914,0, 640, False, 0
3915,0, 640, False, 0
3916,0, 640, False, 0
3917,0, 640, False, 0
3918,0, 640, False, 0
3919,0, 640, False, 0
3920,0, 640, False, 0
3921,0, 640, False, 0
3922,0, 640, False, 0
3923,0, 640, False, 0
3924,0, 640, False, 0
3925,0, 640, False, 0
3926,0, 640, False, 0
3927,0, 640, False, 0
3928,0, 640, False, 0
3929,0, 640, False, 0
3930,0, 640, False, 0
3931,0, 640, False, 0
3932,0, 640, False, 0
3933,0, 640, False, 0
3934,0, 640, False, 0
3935,0, 640, False, 0
3936,0, 640, False, 0
3937,0, 640, False, 0
3938,0, 640, False, 0
3939,0, 640, False, 0
3940,0, 640, False, 0
3941,0, 640, False, 0
3942,0, 640, False, 1
3943,0, 640, False, 1
3944,0, 640, False, 1
3945,0, 640, False, 1
3946,0, 640, False, 1
3947,0, 640, False, 1
3948,0, 640, False, 1
3949,0, 640, False, 1
3950,0, 640, False, 1
3951,0, 640, False, 1
3952,0, 640, False, 1
3953,0, 640, False, 1
3954,0, 640, False, 0
3955,0, 640, False, 0
3956,0, 640, False, 0
3957,0, 640, False, 0
3958,0, 640, False, 0
3959,20, 660, False, 0
3960,0, 660, False, 0
3961,0, 660, False, 0
3962,0, 660, False, 0
3963,0, 660, False, 0
3964,0, 660, False, 0
3965,0, 660, False, 0
3966,0, 660, False, 0
3967,0, 660, False, 0
3968,0, 660, False, 0
3969,0, 660, False, 0
3970,0, 660, False, 0
3971,0, 660, False, 0
3972,0, 660, False, 1
3973,0, 660, False, 1
3974,0, 660, False, 1
3975,0, 660, False, 1
3976,0, 660, False, 1
3977,0, 660, False, 1
3978,0, 660, False, 1
3979,0, 660, False, 0
3980,0, 660, False, 0
3981,0, 660, False, 0
3982,0, 660, False, 0
3983,0, 660, False, 0
3984,0, 660, False, 0
3985,0, 660, False, 0
3986,0, 660, False, 0
3987,0, 660, False, 0
3988,0, 660, False, 0
3989,0, 660, False, 0
3990,0, 660, False, 0
3991,0, 660, False, 0
3992,0, 660, False, 0
3993,0, 660, False, 0
3994,0, 660, False, 0
3995,0, 660, False, 0
3996,0, 660, False, 0
3997,0, 660, False, 0
3998,0, 660, False, 0
3999,0, 660, False, 0
4000,0, 660, False, 0
4001,0, 660, False, 0
4002,0, 660, False, 0
4003,0, 660, False, 0
4004,0, 660, False, 0
4005,0, 660, False, 0
4006,0, 660, False, 0
4007,0, 660, False, 0
4008,0, 660, False, 0
4009,0, 660, False, 0
4010,0, 660, False, 0
4011,0, 660, False, 0
4012,0, 660, False, 0
4013,0, 660, False, 0
4014,0, 660, False, 3
4015,0, 660, False, 3
4016,0, 660, False, 3
4017,0, 660, False, 3
4018,0, 660, False, 3
4019,0, 660, False, 3
4020,0, 660, False, 3
4021,0, 660, False, 0
4022,0, 660, False, 0
4023,0, 660, False, 0
4024,0, 660, False, 0
4025,0, 660, False, 0
4026,0, 660, False, 0
4027,0, 660, False, 1
4028,0, 660, False, 1
4029,0, 660, False, 1
4030,0, 660, False, 1
4031,0, 660, False, 1
4032,0, 660, False, 1
4033,0, 660, False, 1
4034,0, 660, False, 0
4035,0, 660, False, 0
4036,0, 660, False, 0
4037,0, 660, False, 0
4038,0, 660, False, 0
4039,0, 660, False, 0
4040,0, 660, False, 0
4041,0, 660, False, 0
4042,0, 660, False, 0
4043,0, 660, False, 0
4044,0, 660, False, 0
4045,0, 660, False, 0
4046,0, 660, False, 0
4047,0, 660, False, 0
4048,0, 660, False, 0
4049,0, 660, False, 0
4050,0, 660, False, 0
4051,0, 660, False, 0
4052,0, 660, False, 0
4053,0, 660, False, 0
4054,0, 660, False, 0
4055,0, 660, False, 0
4056,0, 660, False, 0
4057,0, 660, False, 3
4058,0, 660, False, 3
4059,0, 660, False, 3
4060,0, 660, False, 3
4061,0, 660, False, 3
4062,0, 660, False, 3
4063,0, 660, False, 3
4064,0, 660, False, 3
4065,0, 660, False, 3
4066,0, 660, False, 3
4067,0, 660, False, 3
4068,0, 660, False, 0
4069,0, 660, False, 0
4070,0, 660, False, 0
4071,0, 660, False, 0
4072,0, 660, False, 0
4073,0, 660, False, 0
4074,0, 660, False, 4
4075,0, 660, False, 4
4076,0, 660, False, 4
4077,0, 660, False, 4
4078,0, 660, False, 4
4079,0, 660, False, 4
4080,0, 660, False, 4
4081,0, 660, False, 4
4082,0, 660, False, 4
4083,0, 660, False, 4
4084,0, 660, False, 4
4085,0, 660, False, 4
4086,0, 660, False, 4
4087,0, 660, False, 4
4088,0, 660, False, 4
4089,0, 660, False, 4
4090,0, 660, False, 4
4091,0, 660, False, 4
4092,0, 660, False, 4
4093,0, 660, False, 4
4094,0, 660, False, 4
4095,0, 660, False, 4
4096,0, 660, False, 4
4097,0, 660, False, 4
4098,0, 660, False, 4
4099,0, 660, False, 4
4100,0, 660, False, 4
4101,0, 660, False, 4
4102,0, 660, False, 4
4103,0, 660, False, 4
4104,0, 660, False, 4
4105,0, 660, False, 4
4106,0, 660, False, 4
4107,0, 660, False, 4
4108,0, 660, False, 4
4109,0, 660, False, 4
4110,0, 660, False, 4
4111,0, 660, False, 4
4112,0, 660, False, 4
4113,0, 660, False, 4
4114,0, 660, False, 4
4115,0, 660, False, 4
4116,0, 660, False, 4
4117,0, 660, False, 4
4118,0, 660, False, 4
4119,0, 660, False, 4
4120,0, 660, False, 4
4121,0, 660, False, 4
4122,0, 660, False, 4
4123,0, 660, False, 4
4124,0, 660, False, 0
4125,0, 660, False, 0
4126,0, 660, False, 0
4127,0, 660, False, 0
4128,0, 660, False, 0
4129,0, 660, False, 1
4130,0, 660, False, 1
4131,0, 660, False, 1
4132,0, 660, False, 1
4133,0, 660, False, 1
4134,0, 660, False, 1
4135,0, 660, False, 3
4136,0, 660, False, 3
4137,0, 660, False, 3
4138,0, 660, False, 3
4139,0, 660, False, 3
4140,0, 660, False, 3
4141,0, 660, False, 3
4142,0, 660, False, 3
4143,0, 660, False, 3
4144,0, 660, False, 3
4145,0, 660, False, 3
4146,0, 660, False, 3
4147,0, 660, False, 3
4148,0, 660, False, 3
4149,0, 660, False, 3
4150,0, 660, False, 3
4151,25, 685, False, 3
4152,0, 685, False, 3
4153,0, 685, False, 3
4154,0, 685, False, 3
4155,0, 685, False, 3
4156,0, 685, False, 3
4157,0, 685, False, 3
4158,0, 685, False, 3
4159,0, 685, False, 0
4160,0, 685, False, 0
4161,0, 685, False, 0
4162,0, 685, False, 1
4163,0, 685, False, 1
4164,0, 685, False, 1
4165,0, 685, False, 1
4166,0, 685, False, 1
4167,0, 685, False, 1
4168,0, 685, False, 1
4169,0, 685, False, 1
4170,0, 685, False, 1
4171,0, 685, False, 1
4172,0, 685, False, 1
4173,0, 685, False, 0
4174,0, 685, False, 0
4175,0, 685, False, 0
4176,0, 685, False, 0
4177,0, 685, False, 0
4178,0, 685, False, 0
4179,0, 685, False, 0
4180,0, 685, False, 0
4181,0, 685, False, 0
4182,0, 685, False, 0
4183,0, 685, False, 0
4184,0, 685, False, 0
4185,0, 685, False, 0
4186,0, 685, False, 0
4187,0, 685, False, 0
4188,0, 685, False, 0
4189,0, 685, False, 0
4190,0, 685, False, 0
4191,30, 715, False, 0
4192,0, 715, False, 0
4193,0, 715, False, 0
4194,0, 715, False, 0
4195,0, 715, False, 0
4196,0, 715, False, 0
4197,0, 715, False, 0
4198,0, 715, False, 0
4199,0, 715, False, 0
4200,0, 715, False, 0
4201,0, 715, False, 0
4202,0, 715, False, 0
4203,0, 715, False, 0
4204,0, 715, False, 0
4205,0, 715, False, 0
4206,0, 715, False, 0
4207,0, 715, False, 0
4208,0, 715, False, 0
4209,0, 715, False, 0
4210,0, 715, False, 0
4211,0, 715, False, 3
4212,0, 715, False, 3
4213,0, 715, False, 3
4214,0, 715, False, 3
4215,0, 715, False, 0
4216,0, 715, False, 0
4217,0, 715, False, 0
4218,0, 715, False, 0
4219,0, 715, False, 0
4220,0, 715, False, 0
4221,0, 715, False, 0
4222,0, 715, False, 0
4223,0, 715, False, 0
4224,0, 715, False, 0
4225,0, 715, False, 0
4226,0, 715, False, 0
4227,0, 715, False, 0
4228,0, 715, False, 0
4229,0, 715, False, 4
4230,0, 715, False, 4
4231,0, 715, False, 4
4232,0, 715, False, 4
4233,0, 715, False, 4
4234,0, 715, False, 4
4235,0, 715, False, 4
4236,0, 715, False, 4
4237,0, 715, False, 4
4238,0, 715, False, 4
4239,0, 715, False, 4
4240,0, 715, False, 4
4241,0, 715, False, 4
4242,0, 715, False, 4
4243,0, 715, False, 4
4244,0, 715, False, 4
4245,0, 715, False, 0
4246,0, 715, False, 0
4247,0, 715, False, 0
4248,0, 715, False, 0
4249,0, 715, False, 0
4250,0, 715, False, 0
4251,0, 715, False, 0
4252,0, 715, False, 0
4253,0, 715, False, 0
4254,0, 715, False, 0
4255,0, 715, False, 0
4256,0, 715, False, 0
4257,0, 715, False, 0
4258,0, 715, False, 0
4259,0, 715, False, 0
4260,0, 715, False, 0
4261,0, 715, False, 0
4262,0, 715, False, 0
4263,0, 715, False, 0
4264,0, 715, False, 0
4265,0, 715, False, 0
4266,0, 715, False, 1
4267,0, 715, False, 1
4268,0, 715, False, 1
4269,0, 715, False, 1
4270,0, 715, False, 1
4271,0, 715, False, 1
4272,0, 715, False, 1
4273,0, 715, False, 1
4274,0, 715, False, 1
4275,0, 715, False, 0
4276,0, 715, False, 0
4277,0, 715, False, 0
4278,0, 715, False, 0
4279,0, 715, False, 0
4280,0, 715, False, 0
4281,0, 715, False, 0
4282,0, 715, False, 0
4283,0, 715, False, 0
4284,0, 715, False, 0
4285,0, 715, False, 0
4286,0, 715, False, 0
4287,0, 715, False, 0
4288,0, 715, False, 0
4289,0, 715, False, 0
4290,0, 715, False, 0
4291,30, 745, False, 0
4292,0, 745, False, 0
4293,0, 745, False, 0
4294,0, 745, False, 0
4295,0, 745, False, 0
4296,0, 745, False, 3
4297,0, 745, False, 3
4298,0, 745, False, 3
4299,0, 745, False, 3
4300,0, 745, False, 3
4301,0, 745, False, 3
4302,0, 745, False, 3
4303,0, 745, False, 3
4304,0, 745, False, 3
4305,0, 745, False, 3
4306,0, 745, False, 3
4307,0, 745, False, 0
4308,0, 745, False, 0
4309,0, 745, False, 0
4310,0, 745, False, 0
4311,0, 745, False, 0
4312,0, 745, False, 0
4313,0, 745, False, 0
4314,0, 745, False, 0
4315,0, 745, False, 0
4316,0, 745, False, 0
4317,0, 745, False, 0
4318,0, 745, False, 0
4319,0, 745, False, 0
4320,0, 745, False, 0
4321,0, 745, False, 0
4322,0, 745, False, 0
4323,0, 745, False, 0
4324,0, 745, False, 0
4325,0, 745, False, 0
4326,0, 745, False, 0
4327,0, 745, False, 0
4328,0, 745, False, 0
4329,0, 745, False, 0
4330,0, 745, False, 0
4331,0, 745, False, 0
4332,0, 745, False, 0
4333,0, 745, False, 0
4334,0, 745, False, 0
4335,0, 745, False, 0
4336,0, 745, False, 0
4337,0, 745, False, 0
4338,0, 745, False, 0
4339,0, 745, False, 0
4340,0, 745, False, 0
4341,0, 745, False, 0
4342,0, 745, False, 0
4343,0, 745, False, 0
4344,0, 745, False, 0
4345,0, 745, False, 0
4346,0, 745, False, 0
4347,0, 745, False, 0
4348,0, 745, False, 0
4349,0, 745, False, 0
4350,0, 745, False, 0
4351,0, 745, False, 0
4352,0, 745, False, 0
4353,0, 745, False, 0
4354,0, 745, False, 0
4355,0, 745, False, 0
4356,0, 745, False, 0
4357,0, 745, False, 0
4358,0, 745, False, 0
4359,0, 745, False, 0
4360,0, 745, False, 0
4361,0, 745, False, 0
4362,0, 745, False, 0
4363,0, 745, False, 0
4364,0, 745, False, 0
4365,0, 745, False, 0
4366,0, 745, False, 0
4367,0, 745, False, 0
4368,0, 745, False, 0
4369,0, 745, False, 1
4370,0, 745, False, 1
4371,0, 745, False, 1
4372,0, 745, False, 1
4373,0, 745, False, 1
4374,0, 745, False, 0
4375,0, 745, False, 0
4376,0, 745, False, 0
4377,0, 745, False, 0
4378,0, 745, False, 0
4379,0, 745, False, 0
4380,0, 745, False, 0
4381,0, 745, False, 0
4382,0, 745, False, 0
4383,0, 745, False, 0
4384,0, 745, False, 0
4385,0, 745, False, 0
4386,0, 745, False, 0
4387,0, 745, False, 0
4388,0, 745, False, 0
4389,0, 745, False, 0
4390,0, 745, False, 0
4391,0, 745, False, 0
4392,0, 745, False, 0
4393,0, 745, False, 0
4394,0, 745, False, 0
4395,30, 775, False, 0
4396,0, 775, False, 0
4397,0, 775, False, 0
4398,0, 775, False, 0
4399,0, 775, False, 0
4400,0, 775, False, 0
4401,0, 775, False, 0
4402,0, 775, False, 0
4403,0, 775, False, 0
4404,0, 775, False, 0
4405,0, 775, False, 0
4406,0, 775, False, 0
4407,0, 775, False, 0
4408,0, 775, False, 0
4409,0, 775, False, 0
4410,0, 775, False, 0
4411,0, 775, False, 0
4412,0, 775, False, 0
4413,0, 775, False, 0
4414,0, 775, False, 0
4415,0, 775, False, 0
4416,0, 775, False, 0
4417,0, 775, False, 0
4418,0, 775, False, 0
4419,0, 775, False, 0
4420,0, 775, False, 0
4421,0, 775, False, 0
4422,0, 775, False, 0
4423,0, 775, False, 0
4424,0, 775, False, 0
4425,0, 775, False, 0
4426,0, 775, False, 0
4427,0, 775, False, 0
4428,0, 775, False, 0
4429,0, 775, False, 0
4430,0, 775, False, 0
4431,0, 775, False, 0
4432,0, 775, False, 0
4433,0, 775, False, 0
4434,0, 775, False, 0
4435,0, 775, False, 0
4436,0, 775, False, 0
4437,0, 775, False, 0
4438,0, 775, False, 0
4439,0, 775, False, 0
4440,0, 775, False, 0
4441,0, 775, False, 0
4442,0, 775, False, 0
4443,0, 775, False, 0
4444,0, 775, False, 0
4445,0, 775, False, 0
4446,0, 775, False, 0
4447,0, 775, False, 0
4448,0, 775, False, 0
4449,0, 775, False, 0
4450,0, 775, False, 0
4451,0, 775, False, 0
4452,0, 775, False, 0
4453,0, 775, False, 0
4454,0, 775, False, 0
4455,0, 775, False, 0
4456,0, 775, False, 0
4457,0, 775, False, 0
4458,0, 775, False, 0
4459,0, 775, False, 0
4460,0, 775, False, 0
4461,0, 775, False, 0
4462,0, 775, False, 0
4463,0, 775, False, 0
4464,0, 775, False, 0
4465,0, 775, False, 0
4466,0, 775, False, 0
4467,0, 775, False, 0
4468,0, 775, False, 0
4469,0, 775, False, 0
4470,0, 775, False, 1
4471,0, 775, False, 1
4472,0, 775, False, 1
4473,0, 775, False, 1
4474,0, 775, False, 1
4475,0, 775, False, 1
4476,0, 775, False, 1
4477,0, 775, False, 1
4478,0, 775, False, 1
4479,0, 775, False, 1
4480,0, 775, False, 1
4481,0, 775, False, 1
4482,0, 775, False, 1
4483,0, 775, False, 0
4484,0, 775, False, 0
4485,0, 775, False, 0
4486,0, 775, False, 0
4487,0, 775, False, 0
4488,0, 775, False, 0
4489,0, 775, False, 0
4490,0, 775, False, 0
4491,0, 775, False, 0
4492,0, 775, False, 0
4493,0, 775, False, 0
4494,0, 775, False, 0
4495,0, 775, False, 0
4496,0, 775, False, 0
4497,0, 775, False, 0
4498,0, 775, False, 0
4499,0, 775, False, 0
4500,0, 775, False, 0
4501,0, 775, False, 0
4502,0, 775, False, 0
4503,0, 775, False, 0
4504,0, 775, False, 0
4505,0, 775, False, 0
4506,0, 775, False, 0
4507,0, 775, False, 0
4508,0, 775, False, 0
4509,0, 775, False, 0
4510,0, 775, False, 0
4511,0, 775, False, 0
4512,0, 775, False, 0
4513,0, 775, False, 0
4514,0, 775, False, 0
4515,0, 775, False, 0
4516,0, 775, False, 0
4517,0, 775, False, 0
4518,0, 775, False, 0
4519,0, 775, False, 0
4520,0, 775, False, 0
4521,0, 775, False, 0
4522,0, 775, False, 0
4523,0, 775, False, 0
4524,0, 775, False, 0
4525,0, 775, False, 0
4526,0, 775, False, 4
4527,0, 775, False, 4
4528,0, 775, False, 4
4529,0, 775, False, 4
4530,0, 775, False, 4
4531,0, 775, False, 4
4532,0, 775, False, 4
4533,0, 775, False, 4
4534,0, 775, False, 4
4535,0, 775, False, 4
4536,0, 775, False, 4
4537,0, 775, False, 4
4538,0, 775, False, 4
4539,0, 775, False, 4
4540,0, 775, False, 4
4541,0, 775, False, 4
4542,0, 775, False, 4
4543,0, 775, False, 4
4544,0, 775, False, 4
4545,0, 775, False, 4
4546,0, 775, False, 4
4547,0, 775, False, 4
4548,0, 775, False, 4
4549,0, 775, False, 4
4550,0, 775, False, 4
4551,0, 775, True, 4
