db traj id : 3488
frame,reward,score,terminal, action
0,0, 0, False, 0
1,0, 0, False, 0
2,0, 0, False, 0
3,0, 0, False, 0
4,0, 0, False, 0
5,0, 0, False, 0
6,0, 0, False, 0
7,0, 0, False, 0
8,0, 0, False, 0
9,0, 0, False, 0
10,0, 0, False, 0
11,0, 0, False, 0
12,0, 0, False, 0
13,0, 0, False, 0
14,0, 0, False, 0
15,0, 0, False, 0
16,0, 0, False, 0
17,0, 0, False, 0
18,0, 0, False, 0
19,0, 0, False, 0
20,0, 0, False, 0
21,0, 0, False, 0
22,0, 0, False, 0
23,0, 0, False, 0
24,0, 0, False, 0
25,0, 0, False, 0
26,0, 0, False, 0
27,0, 0, False, 0
28,0, 0, False, 0
29,0, 0, False, 0
30,0, 0, False, 0
31,0, 0, False, 4
32,0, 0, False, 4
33,0, 0, False, 4
34,0, 0, False, 4
35,0, 0, False, 4
36,0, 0, False, 4
37,0, 0, False, 4
38,0, 0, False, 4
39,0, 0, False, 4
40,0, 0, False, 4
41,0, 0, False, 4
42,0, 0, False, 4
43,0, 0, False, 4
44,0, 0, False, 4
45,0, 0, False, 4
46,0, 0, False, 4
47,0, 0, False, 4
48,0, 0, False, 0
49,0, 0, False, 0
50,0, 0, False, 4
51,0, 0, False, 4
52,0, 0, False, 0
53,0, 0, False, 0
54,0, 0, False, 3
55,0, 0, False, 3
56,0, 0, False, 3
57,0, 0, False, 3
58,0, 0, False, 3
59,0, 0, False, 3
60,0, 0, False, 3
61,0, 0, False, 3
62,0, 0, False, 0
63,0, 0, False, 0
64,0, 0, False, 0
65,0, 0, False, 0
66,0, 0, False, 0
67,0, 0, False, 0
68,0, 0, False, 0
69,0, 0, False, 0
70,0, 0, False, 0
71,0, 0, False, 0
72,0, 0, False, 0
73,0, 0, False, 0
74,0, 0, False, 0
75,0, 0, False, 0
76,0, 0, False, 0
77,0, 0, False, 0
78,0, 0, False, 0
79,0, 0, False, 0
80,0, 0, False, 3
81,0, 0, False, 3
82,0, 0, False, 3
83,0, 0, False, 3
84,0, 0, False, 3
85,0, 0, False, 3
86,0, 0, False, 3
87,0, 0, False, 3
88,0, 0, False, 0
89,0, 0, False, 0
90,0, 0, False, 0
91,0, 0, False, 0
92,0, 0, False, 0
93,0, 0, False, 0
94,0, 0, False, 0
95,0, 0, False, 0
96,0, 0, False, 0
97,0, 0, False, 0
98,0, 0, False, 0
99,0, 0, False, 0
100,0, 0, False, 0
101,0, 0, False, 0
102,0, 0, False, 0
103,0, 0, False, 0
104,0, 0, False, 0
105,0, 0, False, 0
106,0, 0, False, 3
107,0, 0, False, 3
108,0, 0, False, 3
109,0, 0, False, 3
110,0, 0, False, 3
111,0, 0, False, 3
112,0, 0, False, 3
113,0, 0, False, 3
114,0, 0, False, 3
115,0, 0, False, 3
116,0, 0, False, 3
117,0, 0, False, 3
118,0, 0, False, 3
119,0, 0, False, 3
120,0, 0, False, 3
121,0, 0, False, 3
122,0, 0, False, 3
123,0, 0, False, 0
124,0, 0, False, 0
125,0, 0, False, 0
126,0, 0, False, 0
127,0, 0, False, 0
128,0, 0, False, 0
129,0, 0, False, 0
130,0, 0, False, 0
131,0, 0, False, 0
132,0, 0, False, 0
133,0, 0, False, 0
134,0, 0, False, 0
135,0, 0, False, 0
136,0, 0, False, 0
137,0, 0, False, 0
138,0, 0, False, 0
139,0, 0, False, 0
140,0, 0, False, 0
141,0, 0, False, 0
142,0, 0, False, 0
143,0, 0, False, 0
144,0, 0, False, 0
145,0, 0, False, 0
146,0, 0, False, 0
147,0, 0, False, 0
148,0, 0, False, 0
149,0, 0, False, 0
150,0, 0, False, 0
151,0, 0, False, 3
152,0, 0, False, 3
153,0, 0, False, 3
154,0, 0, False, 3
155,0, 0, False, 3
156,0, 0, False, 3
157,0, 0, False, 3
158,0, 0, False, 3
159,0, 0, False, 3
160,0, 0, False, 3
161,0, 0, False, 3
162,0, 0, False, 3
163,0, 0, False, 3
164,0, 0, False, 3
165,0, 0, False, 3
166,0, 0, False, 3
167,0, 0, False, 11
168,0, 0, False, 1
169,0, 0, False, 1
170,0, 0, False, 1
171,0, 0, False, 1
172,0, 0, False, 1
173,0, 0, False, 1
174,0, 0, False, 0
175,0, 0, False, 0
176,0, 0, False, 0
177,0, 0, False, 0
178,0, 0, False, 1
179,0, 0, False, 1
180,0, 0, False, 1
181,0, 0, False, 1
182,0, 0, False, 1
183,0, 0, False, 0
184,0, 0, False, 0
185,0, 0, False, 0
186,0, 0, False, 0
187,0, 0, False, 1
188,0, 0, False, 1
189,0, 0, False, 1
190,0, 0, False, 1
191,0, 0, False, 1
192,0, 0, False, 0
193,0, 0, False, 3
194,0, 0, False, 3
195,0, 0, False, 3
196,0, 0, False, 3
197,0, 0, False, 3
198,0, 0, False, 11
199,0, 0, False, 11
200,0, 0, False, 11
201,0, 0, False, 11
202,0, 0, False, 11
203,0, 0, False, 3
204,0, 0, False, 3
205,0, 0, False, 0
206,0, 0, False, 0
207,0, 0, False, 0
208,0, 0, False, 0
209,0, 0, False, 0
210,0, 0, False, 0
211,0, 0, False, 0
212,0, 0, False, 1
213,0, 0, False, 1
214,0, 0, False, 1
215,0, 0, False, 1
216,0, 0, False, 1
217,0, 0, False, 1
218,0, 0, False, 0
219,0, 0, False, 0
220,0, 0, False, 0
221,0, 0, False, 0
222,0, 0, False, 4
223,0, 0, False, 4
224,0, 0, False, 4
225,0, 0, False, 4
226,0, 0, False, 4
227,0, 0, False, 4
228,0, 0, False, 4
229,0, 0, False, 4
230,0, 0, False, 4
231,0, 0, False, 0
232,0, 0, False, 0
233,0, 0, False, 0
234,0, 0, False, 0
235,0, 0, False, 1
236,0, 0, False, 1
237,0, 0, False, 1
238,0, 0, False, 12
239,0, 0, False, 12
240,0, 0, False, 4
241,0, 0, False, 4
242,0, 0, False, 4
243,0, 0, False, 4
244,0, 0, False, 0
245,0, 0, False, 0
246,0, 0, False, 1
247,0, 0, False, 1
248,0, 0, False, 1
249,0, 0, False, 1
250,0, 0, False, 1
251,0, 0, False, 1
252,0, 0, False, 0
253,0, 0, False, 0
254,0, 0, False, 0
255,0, 0, False, 0
256,0, 0, False, 1
257,0, 0, False, 1
258,0, 0, False, 1
259,0, 0, False, 1
260,0, 0, False, 1
261,0, 0, False, 0
262,0, 0, False, 0
263,0, 0, False, 0
264,0, 0, False, 0
265,0, 0, False, 0
266,0, 0, False, 0
267,0, 0, False, 4
268,0, 0, False, 4
269,0, 0, False, 4
270,0, 0, False, 4
271,0, 0, False, 4
272,0, 0, False, 4
273,0, 0, False, 4
274,0, 0, False, 4
275,0, 0, False, 4
276,0, 0, False, 4
277,0, 0, False, 4
278,0, 0, False, 4
279,0, 0, False, 4
280,0, 0, False, 0
281,0, 0, False, 1
282,0, 0, False, 1
283,0, 0, False, 1
284,0, 0, False, 1
285,0, 0, False, 1
286,0, 0, False, 1
287,0, 0, False, 0
288,0, 0, False, 0
289,0, 0, False, 0
290,0, 0, False, 0
291,0, 0, False, 1
292,0, 0, False, 1
293,0, 0, False, 1
294,0, 0, False, 1
295,0, 0, False, 1
296,0, 0, False, 1
297,0, 0, False, 1
298,0, 0, False, 0
299,0, 0, False, 0
300,0, 0, False, 0
301,0, 0, False, 0
302,0, 0, False, 1
303,0, 0, False, 1
304,0, 0, False, 1
305,0, 0, False, 12
306,0, 0, False, 12
307,0, 0, False, 12
308,0, 0, False, 12
309,0, 0, False, 4
310,0, 0, False, 4
311,0, 0, False, 4
312,0, 0, False, 4
313,0, 0, False, 4
314,0, 0, False, 4
315,0, 0, False, 4
316,0, 0, False, 4
317,0, 0, False, 4
318,0, 0, False, 12
319,0, 0, False, 12
320,0, 0, False, 12
321,0, 0, False, 12
322,0, 0, False, 12
323,0, 0, False, 12
324,0, 0, False, 12
325,0, 0, False, 4
326,0, 0, False, 4
327,0, 0, False, 4
328,0, 0, False, 12
329,0, 0, False, 12
330,0, 0, False, 12
331,0, 0, False, 12
332,0, 0, False, 12
333,0, 0, False, 12
334,0, 0, False, 4
335,0, 0, False, 4
336,0, 0, False, 4
337,0, 0, False, 4
338,0, 0, False, 12
339,0, 0, False, 12
340,0, 0, False, 12
341,0, 0, False, 12
342,0, 0, False, 12
343,0, 0, False, 12
344,0, 0, False, 12
345,0, 0, False, 4
346,0, 0, False, 4
347,0, 0, False, 4
348,0, 0, False, 4
349,0, 0, False, 4
350,0, 0, False, 1
351,0, 0, False, 1
352,0, 0, False, 1
353,0, 0, False, 1
354,0, 0, False, 1
355,0, 0, False, 4
356,0, 0, False, 4
357,0, 0, False, 4
358,0, 0, False, 4
359,0, 0, False, 4
360,0, 0, False, 4
361,0, 0, False, 4
362,0, 0, False, 4
363,0, 0, False, 0
364,0, 0, False, 0
365,0, 0, False, 0
366,0, 0, False, 0
367,0, 0, False, 0
368,0, 0, False, 0
369,0, 0, False, 0
370,0, 0, False, 0
371,0, 0, False, 0
372,0, 0, False, 0
373,0, 0, False, 4
374,0, 0, False, 4
375,0, 0, False, 4
376,0, 0, False, 4
377,0, 0, False, 4
378,0, 0, False, 4
379,0, 0, False, 4
380,0, 0, False, 4
381,0, 0, False, 4
382,0, 0, False, 0
383,0, 0, False, 0
384,0, 0, False, 0
385,0, 0, False, 0
386,0, 0, False, 0
387,0, 0, False, 0
388,0, 0, False, 0
389,0, 0, False, 0
390,0, 0, False, 4
391,0, 0, False, 4
392,0, 0, False, 4
393,0, 0, False, 4
394,0, 0, False, 4
395,0, 0, False, 4
396,0, 0, False, 4
397,0, 0, False, 4
398,0, 0, False, 4
399,0, 0, False, 4
400,0, 0, False, 4
401,0, 0, False, 4
402,0, 0, False, 0
403,0, 0, False, 0
404,0, 0, False, 0
405,0, 0, False, 0
406,0, 0, False, 0
407,0, 0, False, 0
408,0, 0, False, 0
409,0, 0, False, 1
410,0, 0, False, 1
411,0, 0, False, 1
412,0, 0, False, 1
413,0, 0, False, 1
414,0, 0, False, 1
415,0, 0, False, 1
416,0, 0, False, 0
417,0, 0, False, 0
418,0, 0, False, 1
419,0, 0, False, 1
420,0, 0, False, 1
421,0, 0, False, 1
422,0, 0, False, 1
423,0, 0, False, 1
424,0, 0, False, 1
425,0, 0, False, 1
426,0, 0, False, 1
427,0, 0, False, 0
428,0, 0, False, 0
429,0, 0, False, 0
430,0, 0, False, 0
431,0, 0, False, 0
432,0, 0, False, 0
433,0, 0, False, 1
434,0, 0, False, 1
435,0, 0, False, 1
436,5, 5, False, 1
437,0, 5, False, 1
438,0, 5, False, 1
439,0, 5, False, 0
440,0, 5, False, 0
441,0, 5, False, 0
442,0, 5, False, 0
443,0, 5, False, 1
444,0, 5, False, 1
445,0, 5, False, 1
446,0, 5, False, 1
447,0, 5, False, 1
448,0, 5, False, 1
449,0, 5, False, 0
450,0, 5, False, 0
451,0, 5, False, 0
452,0, 5, False, 0
453,0, 5, False, 0
454,0, 5, False, 1
455,0, 5, False, 1
456,0, 5, False, 1
457,0, 5, False, 1
458,0, 5, False, 1
459,0, 5, False, 1
460,0, 5, False, 1
461,0, 5, False, 1
462,0, 5, False, 0
463,0, 5, False, 0
464,0, 5, False, 0
465,0, 5, False, 0
466,0, 5, False, 0
467,0, 5, False, 1
468,0, 5, False, 1
469,0, 5, False, 1
470,10, 15, False, 1
471,0, 15, False, 1
472,0, 15, False, 1
473,0, 15, False, 1
474,0, 15, False, 0
475,0, 15, False, 0
476,0, 15, False, 0
477,0, 15, False, 0
478,0, 15, False, 0
479,0, 15, False, 0
480,0, 15, False, 0
481,0, 15, False, 0
482,0, 15, False, 0
483,0, 15, False, 0
484,0, 15, False, 0
485,0, 15, False, 0
486,0, 15, False, 0
487,0, 15, False, 1
488,0, 15, False, 1
489,0, 15, False, 1
490,0, 15, False, 1
491,0, 15, False, 1
492,0, 15, False, 1
493,0, 15, False, 1
494,0, 15, False, 1
495,0, 15, False, 1
496,0, 15, False, 1
497,0, 15, False, 1
498,0, 15, False, 0
499,0, 15, False, 0
500,0, 15, False, 0
501,0, 15, False, 1
502,0, 15, False, 1
503,0, 15, False, 1
504,0, 15, False, 1
505,0, 15, False, 1
506,0, 15, False, 1
507,0, 15, False, 1
508,0, 15, False, 1
509,0, 15, False, 1
510,0, 15, False, 1
511,0, 15, False, 1
512,0, 15, False, 1
513,0, 15, False, 1
514,15, 30, False, 1
515,0, 30, False, 1
516,0, 30, False, 1
517,0, 30, False, 1
518,0, 30, False, 1
519,0, 30, False, 1
520,0, 30, False, 1
521,0, 30, False, 1
522,0, 30, False, 1
523,0, 30, False, 1
524,0, 30, False, 1
525,0, 30, False, 1
526,0, 30, False, 1
527,0, 30, False, 1
528,0, 30, False, 1
529,0, 30, False, 1
530,0, 30, False, 1
531,0, 30, False, 1
532,0, 30, False, 1
533,0, 30, False, 1
534,0, 30, False, 1
535,0, 30, False, 1
536,0, 30, False, 1
537,0, 30, False, 1
538,0, 30, False, 1
539,0, 30, False, 1
540,0, 30, False, 1
541,0, 30, False, 1
542,0, 30, False, 1
543,0, 30, False, 1
544,0, 30, False, 1
545,0, 30, False, 1
546,0, 30, False, 1
547,0, 30, False, 1
548,0, 30, False, 1
549,0, 30, False, 1
550,0, 30, False, 1
551,0, 30, False, 1
552,0, 30, False, 1
553,0, 30, False, 1
554,0, 30, False, 1
555,0, 30, False, 1
556,0, 30, False, 1
557,0, 30, False, 1
558,0, 30, False, 1
559,0, 30, False, 1
560,0, 30, False, 1
561,0, 30, False, 1
562,0, 30, False, 1
563,0, 30, False, 1
564,0, 30, False, 1
565,0, 30, False, 1
566,20, 50, False, 1
567,0, 50, False, 1
568,0, 50, False, 1
569,0, 50, False, 1
570,0, 50, False, 1
571,0, 50, False, 1
572,0, 50, False, 1
573,0, 50, False, 1
574,0, 50, False, 1
575,0, 50, False, 1
576,0, 50, False, 1
577,0, 50, False, 1
578,0, 50, False, 1
579,0, 50, False, 1
580,0, 50, False, 1
581,0, 50, False, 1
582,0, 50, False, 1
583,0, 50, False, 1
584,0, 50, False, 11
585,0, 50, False, 11
586,0, 50, False, 11
587,0, 50, False, 11
588,0, 50, False, 11
589,0, 50, False, 11
590,0, 50, False, 11
591,0, 50, False, 11
592,0, 50, False, 11
593,0, 50, False, 11
594,0, 50, False, 11
595,0, 50, False, 11
596,0, 50, False, 11
597,0, 50, False, 11
598,0, 50, False, 11
599,0, 50, False, 11
600,0, 50, False, 11
601,0, 50, False, 11
602,0, 50, False, 11
603,0, 50, False, 11
604,0, 50, False, 11
605,0, 50, False, 11
606,0, 50, False, 11
607,0, 50, False, 11
608,0, 50, False, 11
609,0, 50, False, 11
610,0, 50, False, 11
611,0, 50, False, 11
612,0, 50, False, 11
613,0, 50, False, 11
614,0, 50, False, 11
615,0, 50, False, 11
616,0, 50, False, 11
617,0, 50, False, 11
618,0, 50, False, 11
619,0, 50, False, 11
620,0, 50, False, 11
621,0, 50, False, 11
622,0, 50, False, 11
623,0, 50, False, 11
624,0, 50, False, 11
625,0, 50, False, 11
626,0, 50, False, 11
627,0, 50, False, 11
628,25, 75, False, 11
629,0, 75, False, 11
630,0, 75, False, 11
631,0, 75, False, 11
632,0, 75, False, 11
633,0, 75, False, 11
634,0, 75, False, 11
635,0, 75, False, 11
636,0, 75, False, 11
637,0, 75, False, 11
638,0, 75, False, 11
639,0, 75, False, 1
640,0, 75, False, 1
641,0, 75, False, 1
642,0, 75, False, 1
643,0, 75, False, 1
644,0, 75, False, 1
645,0, 75, False, 1
646,0, 75, False, 1
647,0, 75, False, 1
648,0, 75, False, 1
649,0, 75, False, 1
650,0, 75, False, 1
651,0, 75, False, 1
652,0, 75, False, 1
653,0, 75, False, 1
654,5, 80, False, 1
655,0, 80, False, 1
656,0, 80, False, 1
657,0, 80, False, 1
658,0, 80, False, 1
659,0, 80, False, 1
660,0, 80, False, 12
661,0, 80, False, 12
662,0, 80, False, 12
663,0, 80, False, 12
664,0, 80, False, 12
665,0, 80, False, 12
666,0, 80, False, 12
667,0, 80, False, 12
668,0, 80, False, 12
669,0, 80, False, 1
670,0, 80, False, 1
671,0, 80, False, 1
672,0, 80, False, 1
673,0, 80, False, 1
674,0, 80, False, 1
675,0, 80, False, 1
676,0, 80, False, 1
677,0, 80, False, 1
678,0, 80, False, 1
679,0, 80, False, 1
680,0, 80, False, 1
681,0, 80, False, 1
682,0, 80, False, 1
683,0, 80, False, 1
684,0, 80, False, 1
685,0, 80, False, 1
686,0, 80, False, 1
687,0, 80, False, 1
688,0, 80, False, 1
689,0, 80, False, 1
690,0, 80, False, 1
691,0, 80, False, 1
692,0, 80, False, 1
693,0, 80, False, 1
694,0, 80, False, 1
695,0, 80, False, 1
696,0, 80, False, 1
697,0, 80, False, 1
698,0, 80, False, 1
699,0, 80, False, 1
700,0, 80, False, 1
701,0, 80, False, 1
702,0, 80, False, 1
703,0, 80, False, 1
704,0, 80, False, 1
705,0, 80, False, 1
706,0, 80, False, 1
707,0, 80, False, 1
708,0, 80, False, 1
709,0, 80, False, 1
710,0, 80, False, 1
711,0, 80, False, 1
712,0, 80, False, 1
713,0, 80, False, 1
714,0, 80, False, 1
715,0, 80, False, 1
716,0, 80, False, 1
717,0, 80, False, 1
718,0, 80, False, 1
719,0, 80, False, 1
720,0, 80, False, 1
721,0, 80, False, 1
722,0, 80, False, 1
723,0, 80, False, 1
724,0, 80, False, 1
725,0, 80, False, 11
726,0, 80, False, 11
727,0, 80, False, 11
728,0, 80, False, 11
729,0, 80, False, 11
730,0, 80, False, 11
731,0, 80, False, 11
732,0, 80, False, 1
733,0, 80, False, 1
734,0, 80, False, 1
735,0, 80, False, 1
736,0, 80, False, 1
737,0, 80, False, 1
738,0, 80, False, 1
739,0, 80, False, 1
740,0, 80, False, 1
741,0, 80, False, 1
742,0, 80, False, 1
743,0, 80, False, 1
744,0, 80, False, 1
745,0, 80, False, 1
746,0, 80, False, 1
747,0, 80, False, 1
748,0, 80, False, 1
749,0, 80, False, 1
750,0, 80, False, 11
751,0, 80, False, 11
752,0, 80, False, 11
753,0, 80, False, 11
754,0, 80, False, 11
755,0, 80, False, 11
756,0, 80, False, 11
757,0, 80, False, 1
758,0, 80, False, 1
759,0, 80, False, 1
760,0, 80, False, 1
761,0, 80, False, 1
762,0, 80, False, 1
763,0, 80, False, 1
764,0, 80, False, 1
765,0, 80, False, 1
766,0, 80, False, 1
767,0, 80, False, 1
768,0, 80, False, 1
769,0, 80, False, 1
770,0, 80, False, 1
771,0, 80, False, 1
772,10, 90, False, 1
773,0, 90, False, 1
774,0, 90, False, 1
775,0, 90, False, 1
776,0, 90, False, 1
777,0, 90, False, 1
778,0, 90, False, 1
779,0, 90, False, 1
780,0, 90, False, 1
781,0, 90, False, 1
782,0, 90, False, 1
783,0, 90, False, 1
784,0, 90, False, 1
785,0, 90, False, 1
786,0, 90, False, 1
787,0, 90, False, 1
788,0, 90, False, 1
789,0, 90, False, 1
790,0, 90, False, 1
791,0, 90, False, 1
792,0, 90, False, 1
793,0, 90, False, 1
794,0, 90, False, 1
795,0, 90, False, 1
796,0, 90, False, 1
797,0, 90, False, 12
798,0, 90, False, 12
799,0, 90, False, 12
800,0, 90, False, 12
801,0, 90, False, 12
802,0, 90, False, 12
803,0, 90, False, 12
804,0, 90, False, 12
805,0, 90, False, 1
806,0, 90, False, 1
807,0, 90, False, 1
808,0, 90, False, 1
809,0, 90, False, 1
810,0, 90, False, 1
811,0, 90, False, 1
812,0, 90, False, 1
813,0, 90, False, 1
814,0, 90, False, 1
815,0, 90, False, 1
816,0, 90, False, 1
817,0, 90, False, 1
818,0, 90, False, 1
819,0, 90, False, 1
820,0, 90, False, 1
821,0, 90, False, 1
822,0, 90, False, 1
823,0, 90, False, 1
824,0, 90, False, 1
825,0, 90, False, 1
826,0, 90, False, 1
827,0, 90, False, 1
828,0, 90, False, 1
829,0, 90, False, 1
830,0, 90, False, 1
831,0, 90, False, 1
832,0, 90, False, 1
833,0, 90, False, 1
834,0, 90, False, 1
835,0, 90, False, 1
836,25, 115, False, 11
837,0, 115, False, 11
838,0, 115, False, 11
839,0, 115, False, 11
840,0, 115, False, 11
841,0, 115, False, 11
842,0, 115, False, 1
843,0, 115, False, 1
844,0, 115, False, 1
845,0, 115, False, 1
846,0, 115, False, 1
847,0, 115, False, 1
848,0, 115, False, 1
849,0, 115, False, 1
850,0, 115, False, 1
851,0, 115, False, 1
852,0, 115, False, 1
853,0, 115, False, 1
854,0, 115, False, 1
855,0, 115, False, 1
856,0, 115, False, 1
857,0, 115, False, 1
858,0, 115, False, 1
859,0, 115, False, 1
860,0, 115, False, 1
861,0, 115, False, 1
862,0, 115, False, 1
863,0, 115, False, 1
864,0, 115, False, 1
865,0, 115, False, 1
866,0, 115, False, 1
867,0, 115, False, 1
868,0, 115, False, 1
869,0, 115, False, 1
870,0, 115, False, 1
871,0, 115, False, 1
872,0, 115, False, 1
873,0, 115, False, 1
874,0, 115, False, 1
875,0, 115, False, 1
876,0, 115, False, 1
877,0, 115, False, 1
878,0, 115, False, 1
879,0, 115, False, 1
880,0, 115, False, 1
881,0, 115, False, 1
882,15, 130, False, 1
883,0, 130, False, 1
884,0, 130, False, 1
885,0, 130, False, 1
886,0, 130, False, 1
887,0, 130, False, 1
888,0, 130, False, 1
889,0, 130, False, 1
890,0, 130, False, 1
891,0, 130, False, 1
892,0, 130, False, 1
893,0, 130, False, 1
894,0, 130, False, 1
895,0, 130, False, 1
896,0, 130, False, 1
897,0, 130, False, 1
898,0, 130, False, 1
899,0, 130, False, 1
900,0, 130, False, 1
901,0, 130, False, 1
902,0, 130, False, 1
903,0, 130, False, 1
904,0, 130, False, 1
905,0, 130, False, 1
906,0, 130, False, 1
907,0, 130, False, 1
908,0, 130, False, 1
909,0, 130, False, 1
910,0, 130, False, 1
911,0, 130, False, 1
912,0, 130, False, 1
913,0, 130, False, 1
914,0, 130, False, 1
915,0, 130, False, 1
916,0, 130, False, 1
917,0, 130, False, 1
918,0, 130, False, 1
919,0, 130, False, 1
920,0, 130, False, 1
921,0, 130, False, 1
922,0, 130, False, 1
923,0, 130, False, 1
924,0, 130, False, 1
925,0, 130, False, 1
926,0, 130, False, 1
927,0, 130, False, 1
928,0, 130, False, 1
929,0, 130, False, 1
930,0, 130, False, 1
931,0, 130, False, 1
932,0, 130, False, 1
933,0, 130, False, 1
934,0, 130, False, 1
935,0, 130, False, 1
936,20, 150, False, 1
937,0, 150, False, 1
938,0, 150, False, 1
939,0, 150, False, 1
940,0, 150, False, 1
941,0, 150, False, 1
942,0, 150, False, 1
943,0, 150, False, 1
944,0, 150, False, 1
945,0, 150, False, 1
946,0, 150, False, 1
947,0, 150, False, 1
948,0, 150, False, 1
949,0, 150, False, 1
950,0, 150, False, 1
951,0, 150, False, 1
952,0, 150, False, 1
953,0, 150, False, 1
954,0, 150, False, 1
955,0, 150, False, 1
956,0, 150, False, 1
957,0, 150, False, 1
958,0, 150, False, 1
959,0, 150, False, 1
960,0, 150, False, 1
961,0, 150, False, 1
962,0, 150, False, 1
963,0, 150, False, 1
964,0, 150, False, 1
965,0, 150, False, 1
966,0, 150, False, 1
967,0, 150, False, 1
968,0, 150, False, 1
969,0, 150, False, 1
970,0, 150, False, 11
971,0, 150, False, 11
972,0, 150, False, 11
973,0, 150, False, 11
974,0, 150, False, 11
975,0, 150, False, 11
976,0, 150, False, 11
977,0, 150, False, 11
978,0, 150, False, 11
979,0, 150, False, 11
980,0, 150, False, 11
981,0, 150, False, 11
982,0, 150, False, 11
983,0, 150, False, 11
984,0, 150, False, 11
985,0, 150, False, 11
986,0, 150, False, 11
987,0, 150, False, 11
988,0, 150, False, 11
989,0, 150, False, 11
990,0, 150, False, 11
991,0, 150, False, 11
992,0, 150, False, 11
993,0, 150, False, 11
994,0, 150, False, 11
995,0, 150, False, 11
996,0, 150, False, 11
997,0, 150, False, 11
998,0, 150, False, 11
999,0, 150, False, 11
1000,0, 150, False, 11
1001,0, 150, False, 11
1002,30, 180, False, 11
1003,0, 180, False, 11
1004,0, 180, False, 11
1005,0, 180, False, 11
1006,0, 180, False, 11
1007,0, 180, False, 11
1008,0, 180, False, 11
1009,0, 180, False, 11
1010,0, 180, False, 11
1011,0, 180, False, 11
1012,0, 180, False, 1
1013,0, 180, False, 1
1014,0, 180, False, 1
1015,0, 180, False, 1
1016,0, 180, False, 1
1017,0, 180, False, 1
1018,0, 180, False, 1
1019,0, 180, False, 1
1020,0, 180, False, 1
1021,0, 180, False, 1
1022,0, 180, False, 1
1023,0, 180, False, 1
1024,0, 180, False, 1
1025,0, 180, False, 1
1026,0, 180, False, 11
1027,0, 180, False, 11
1028,0, 180, False, 11
1029,0, 180, False, 11
1030,0, 180, False, 11
1031,0, 180, False, 11
1032,0, 180, False, 11
1033,0, 180, False, 11
1034,0, 180, False, 1
1035,0, 180, False, 1
1036,0, 180, False, 1
1037,0, 180, False, 1
1038,0, 180, False, 1
1039,0, 180, False, 1
1040,0, 180, False, 1
1041,0, 180, False, 1
1042,0, 180, False, 1
1043,0, 180, False, 1
1044,0, 180, False, 1
1045,0, 180, False, 1
1046,0, 180, False, 1
1047,0, 180, False, 1
1048,0, 180, False, 1
1049,0, 180, False, 1
1050,0, 180, False, 1
1051,0, 180, False, 1
1052,0, 180, False, 1
1053,0, 180, False, 1
1054,0, 180, False, 1
1055,0, 180, False, 0
1056,0, 180, False, 0
1057,0, 180, False, 0
1058,0, 180, False, 0
1059,0, 180, False, 0
1060,0, 180, False, 0
1061,0, 180, False, 0
1062,0, 180, False, 0
1063,0, 180, False, 0
1064,0, 180, False, 0
1065,0, 180, False, 0
1066,0, 180, False, 0
1067,0, 180, False, 0
1068,0, 180, False, 0
1069,0, 180, False, 0
1070,0, 180, False, 0
1071,0, 180, False, 0
1072,0, 180, False, 0
1073,0, 180, False, 0
1074,0, 180, False, 3
1075,0, 180, False, 3
1076,0, 180, False, 3
1077,0, 180, False, 3
1078,0, 180, False, 3
1079,0, 180, False, 3
1080,0, 180, False, 3
1081,0, 180, False, 3
1082,0, 180, False, 3
1083,0, 180, False, 3
1084,0, 180, False, 3
1085,0, 180, False, 3
1086,0, 180, False, 3
1087,0, 180, False, 3
1088,0, 180, False, 3
1089,0, 180, False, 3
1090,0, 180, False, 3
1091,0, 180, False, 3
1092,0, 180, False, 3
1093,0, 180, False, 0
1094,0, 180, False, 0
1095,0, 180, False, 0
1096,0, 180, False, 0
1097,0, 180, False, 0
1098,0, 180, False, 0
1099,0, 180, False, 0
1100,0, 180, False, 0
1101,0, 180, False, 1
1102,0, 180, False, 1
1103,0, 180, False, 1
1104,0, 180, False, 1
1105,0, 180, False, 1
1106,0, 180, False, 1
1107,0, 180, False, 1
1108,0, 180, False, 1
1109,0, 180, False, 1
1110,0, 180, False, 1
1111,0, 180, False, 1
1112,0, 180, False, 1
1113,0, 180, False, 1
1114,0, 180, False, 1
1115,0, 180, False, 1
1116,0, 180, False, 1
1117,0, 180, False, 1
1118,0, 180, False, 1
1119,0, 180, False, 1
1120,0, 180, False, 1
1121,0, 180, False, 1
1122,0, 180, False, 1
1123,0, 180, False, 1
1124,0, 180, False, 1
1125,0, 180, False, 1
1126,0, 180, False, 1
1127,0, 180, False, 1
1128,0, 180, False, 1
1129,0, 180, False, 1
1130,0, 180, False, 1
1131,0, 180, False, 1
1132,0, 180, False, 1
1133,0, 180, False, 1
1134,0, 180, False, 11
1135,0, 180, False, 11
1136,0, 180, False, 11
1137,0, 180, False, 11
1138,0, 180, False, 3
1139,0, 180, False, 3
1140,0, 180, False, 3
1141,0, 180, False, 3
1142,0, 180, False, 3
1143,0, 180, False, 3
1144,0, 180, False, 3
1145,0, 180, False, 3
1146,0, 180, False, 3
1147,0, 180, False, 3
1148,0, 180, False, 3
1149,0, 180, False, 3
1150,0, 180, False, 3
1151,0, 180, False, 3
1152,0, 180, False, 3
1153,0, 180, False, 3
1154,0, 180, False, 3
1155,0, 180, False, 3
1156,0, 180, False, 3
1157,0, 180, False, 3
1158,0, 180, False, 3
1159,0, 180, False, 3
1160,0, 180, False, 0
1161,0, 180, False, 0
1162,0, 180, False, 0
1163,0, 180, False, 0
1164,0, 180, False, 0
1165,0, 180, False, 0
1166,0, 180, False, 0
1167,0, 180, False, 0
1168,0, 180, False, 0
1169,0, 180, False, 0
1170,0, 180, False, 0
1171,0, 180, False, 3
1172,0, 180, False, 3
1173,0, 180, False, 3
1174,0, 180, False, 3
1175,0, 180, False, 3
1176,0, 180, False, 3
1177,0, 180, False, 3
1178,0, 180, False, 3
1179,0, 180, False, 3
1180,0, 180, False, 3
1181,0, 180, False, 0
1182,0, 180, False, 0
1183,0, 180, False, 0
1184,0, 180, False, 0
1185,0, 180, False, 0
1186,0, 180, False, 0
1187,0, 180, False, 0
1188,0, 180, False, 0
1189,0, 180, False, 0
1190,0, 180, False, 0
1191,0, 180, False, 0
1192,0, 180, False, 0
1193,0, 180, False, 0
1194,0, 180, False, 0
1195,0, 180, False, 0
1196,0, 180, False, 0
1197,0, 180, False, 0
1198,0, 180, False, 0
1199,0, 180, False, 0
1200,0, 180, False, 0
1201,0, 180, False, 0
1202,0, 180, False, 0
1203,0, 180, False, 0
1204,0, 180, False, 0
1205,0, 180, False, 0
1206,0, 180, False, 0
1207,0, 180, False, 0
1208,0, 180, False, 0
1209,0, 180, False, 0
1210,0, 180, False, 0
1211,0, 180, False, 0
1212,0, 180, False, 0
1213,0, 180, False, 0
1214,0, 180, False, 0
1215,0, 180, False, 0
1216,0, 180, False, 0
1217,0, 180, False, 0
1218,0, 180, False, 0
1219,0, 180, False, 0
1220,0, 180, False, 0
1221,0, 180, False, 0
1222,0, 180, False, 0
1223,0, 180, False, 0
1224,0, 180, False, 0
1225,0, 180, False, 0
1226,0, 180, False, 0
1227,0, 180, False, 0
1228,0, 180, False, 0
1229,0, 180, False, 0
1230,0, 180, False, 0
1231,0, 180, False, 0
1232,0, 180, False, 0
1233,0, 180, False, 0
1234,0, 180, False, 0
1235,0, 180, False, 0
1236,0, 180, False, 0
1237,0, 180, False, 0
1238,0, 180, False, 0
1239,0, 180, False, 0
1240,0, 180, False, 0
1241,0, 180, False, 0
1242,0, 180, False, 0
1243,0, 180, False, 0
1244,0, 180, False, 0
1245,0, 180, False, 0
1246,0, 180, False, 0
1247,0, 180, False, 0
1248,0, 180, False, 0
1249,0, 180, False, 0
1250,0, 180, False, 0
1251,0, 180, False, 0
1252,0, 180, False, 0
1253,0, 180, False, 0
1254,0, 180, False, 0
1255,0, 180, False, 0
1256,0, 180, False, 0
1257,0, 180, False, 0
1258,0, 180, False, 0
1259,0, 180, False, 0
1260,0, 180, False, 0
1261,0, 180, False, 0
1262,0, 180, False, 0
1263,0, 180, False, 0
1264,0, 180, False, 0
1265,0, 180, False, 0
1266,0, 180, False, 0
1267,0, 180, False, 0
1268,0, 180, False, 0
1269,0, 180, False, 0
1270,0, 180, False, 0
1271,0, 180, False, 0
1272,0, 180, False, 0
1273,0, 180, False, 0
1274,0, 180, False, 0
1275,0, 180, False, 0
1276,0, 180, False, 0
1277,0, 180, False, 0
1278,0, 180, False, 0
1279,0, 180, False, 0
1280,0, 180, False, 0
1281,0, 180, False, 0
1282,0, 180, False, 0
1283,0, 180, False, 0
1284,0, 180, False, 0
1285,0, 180, False, 0
1286,0, 180, False, 0
1287,0, 180, False, 0
1288,0, 180, False, 0
1289,0, 180, False, 0
1290,0, 180, False, 0
1291,0, 180, False, 0
1292,0, 180, False, 0
1293,0, 180, False, 0
1294,0, 180, False, 0
1295,0, 180, False, 0
1296,0, 180, False, 0
1297,0, 180, False, 0
1298,0, 180, False, 0
1299,0, 180, False, 0
1300,0, 180, False, 0
1301,0, 180, False, 0
1302,0, 180, False, 0
1303,0, 180, False, 0
1304,0, 180, False, 0
1305,0, 180, False, 0
1306,0, 180, False, 0
1307,0, 180, False, 0
1308,0, 180, False, 0
1309,0, 180, False, 0
1310,0, 180, False, 0
1311,0, 180, False, 0
1312,0, 180, False, 0
1313,0, 180, False, 0
1314,0, 180, False, 0
1315,0, 180, False, 0
1316,0, 180, False, 0
1317,0, 180, False, 0
1318,0, 180, False, 0
1319,0, 180, False, 0
1320,0, 180, False, 0
1321,0, 180, False, 0
1322,0, 180, False, 0
1323,0, 180, False, 0
1324,0, 180, False, 0
1325,0, 180, False, 0
1326,0, 180, False, 0
1327,0, 180, False, 0
1328,0, 180, False, 0
1329,0, 180, False, 0
1330,0, 180, False, 0
1331,0, 180, False, 0
1332,0, 180, False, 0
1333,0, 180, False, 0
1334,0, 180, False, 0
1335,0, 180, False, 0
1336,0, 180, False, 0
1337,0, 180, False, 0
1338,0, 180, False, 0
1339,0, 180, False, 0
1340,0, 180, False, 0
1341,0, 180, False, 0
1342,0, 180, False, 0
1343,0, 180, False, 0
1344,0, 180, False, 0
1345,0, 180, False, 0
1346,0, 180, False, 0
1347,0, 180, False, 0
1348,0, 180, False, 0
1349,0, 180, False, 0
1350,0, 180, False, 0
1351,0, 180, False, 0
1352,0, 180, False, 0
1353,0, 180, False, 0
1354,0, 180, False, 0
1355,0, 180, False, 0
1356,0, 180, False, 0
1357,0, 180, False, 0
1358,0, 180, False, 0
1359,0, 180, False, 0
1360,0, 180, False, 0
1361,0, 180, False, 0
1362,0, 180, False, 0
1363,0, 180, False, 0
1364,0, 180, False, 0
1365,0, 180, False, 0
1366,0, 180, False, 0
1367,0, 180, False, 0
1368,0, 180, False, 0
1369,0, 180, False, 0
1370,0, 180, False, 0
1371,0, 180, False, 0
1372,0, 180, False, 0
1373,0, 180, False, 0
1374,0, 180, False, 0
1375,0, 180, False, 0
1376,0, 180, False, 0
1377,0, 180, False, 0
1378,0, 180, False, 0
1379,0, 180, False, 0
1380,0, 180, False, 0
1381,0, 180, False, 0
1382,0, 180, False, 0
1383,0, 180, False, 0
1384,0, 180, False, 0
1385,0, 180, False, 0
1386,0, 180, False, 0
1387,0, 180, False, 0
1388,0, 180, False, 0
1389,0, 180, False, 0
1390,0, 180, False, 0
1391,0, 180, False, 0
1392,0, 180, False, 0
1393,0, 180, False, 0
1394,0, 180, False, 0
1395,0, 180, False, 0
1396,0, 180, False, 0
1397,0, 180, False, 0
1398,0, 180, False, 1
1399,0, 180, False, 1
1400,0, 180, False, 1
1401,0, 180, False, 1
1402,0, 180, False, 1
1403,0, 180, False, 1
1404,0, 180, False, 1
1405,0, 180, False, 1
1406,0, 180, False, 1
1407,0, 180, False, 1
1408,0, 180, False, 1
1409,0, 180, False, 1
1410,0, 180, False, 1
1411,0, 180, False, 1
1412,0, 180, False, 1
1413,0, 180, False, 1
1414,0, 180, False, 1
1415,0, 180, False, 1
1416,0, 180, False, 1
1417,0, 180, False, 1
1418,0, 180, False, 1
1419,0, 180, False, 1
1420,0, 180, False, 1
1421,0, 180, False, 1
1422,0, 180, False, 1
1423,0, 180, False, 1
1424,0, 180, False, 1
1425,0, 180, False, 1
1426,0, 180, False, 1
1427,0, 180, False, 1
1428,0, 180, False, 1
1429,0, 180, False, 1
1430,0, 180, False, 1
1431,0, 180, False, 1
1432,0, 180, False, 1
1433,0, 180, False, 1
1434,0, 180, False, 1
1435,0, 180, False, 1
1436,0, 180, False, 1
1437,0, 180, False, 1
1438,0, 180, False, 1
1439,0, 180, False, 1
1440,0, 180, False, 1
1441,0, 180, False, 1
1442,0, 180, False, 1
1443,0, 180, False, 1
1444,0, 180, False, 1
1445,0, 180, False, 1
1446,0, 180, False, 1
1447,0, 180, False, 1
1448,0, 180, False, 1
1449,0, 180, False, 1
1450,0, 180, False, 1
1451,0, 180, False, 1
1452,0, 180, False, 1
1453,0, 180, False, 1
1454,0, 180, False, 1
1455,0, 180, False, 1
1456,0, 180, False, 1
1457,0, 180, False, 1
1458,0, 180, False, 1
1459,0, 180, False, 1
1460,0, 180, False, 1
1461,0, 180, False, 1
1462,0, 180, False, 1
1463,0, 180, False, 1
1464,0, 180, False, 1
1465,0, 180, False, 1
1466,0, 180, False, 1
1467,0, 180, False, 1
1468,0, 180, False, 1
1469,0, 180, False, 1
1470,0, 180, False, 1
1471,0, 180, False, 1
1472,0, 180, False, 1
1473,0, 180, False, 1
1474,0, 180, False, 1
1475,0, 180, False, 1
1476,0, 180, False, 1
1477,0, 180, False, 1
1478,0, 180, False, 1
1479,0, 180, False, 1
1480,0, 180, False, 1
1481,0, 180, False, 1
1482,0, 180, False, 1
1483,0, 180, False, 1
1484,0, 180, False, 1
1485,0, 180, False, 1
1486,0, 180, False, 1
1487,0, 180, False, 1
1488,0, 180, False, 1
1489,0, 180, False, 1
1490,0, 180, False, 1
1491,0, 180, False, 1
1492,0, 180, False, 1
1493,0, 180, False, 1
1494,0, 180, False, 1
1495,0, 180, False, 1
1496,0, 180, False, 1
1497,0, 180, False, 1
1498,0, 180, False, 1
1499,0, 180, False, 1
1500,0, 180, False, 1
1501,0, 180, False, 1
1502,0, 180, False, 1
1503,0, 180, False, 1
1504,0, 180, False, 1
1505,0, 180, False, 1
1506,0, 180, False, 1
1507,0, 180, False, 1
1508,0, 180, False, 1
1509,0, 180, False, 1
1510,0, 180, False, 1
1511,0, 180, False, 1
1512,0, 180, False, 1
1513,0, 180, False, 1
1514,0, 180, False, 1
1515,0, 180, False, 1
1516,0, 180, False, 1
1517,0, 180, False, 1
1518,0, 180, False, 1
1519,0, 180, False, 11
1520,0, 180, False, 3
1521,0, 180, False, 3
1522,0, 180, False, 3
1523,0, 180, False, 3
1524,0, 180, False, 3
1525,0, 180, False, 3
1526,0, 180, False, 3
1527,0, 180, False, 3
1528,0, 180, False, 3
1529,0, 180, False, 3
1530,0, 180, False, 3
1531,0, 180, False, 3
1532,0, 180, False, 3
1533,0, 180, False, 3
1534,0, 180, False, 3
1535,0, 180, False, 3
1536,0, 180, False, 3
1537,0, 180, False, 3
1538,0, 180, False, 3
1539,0, 180, False, 3
1540,0, 180, False, 3
1541,0, 180, False, 3
1542,0, 180, False, 3
1543,0, 180, False, 3
1544,0, 180, False, 3
1545,0, 180, False, 3
1546,0, 180, False, 3
1547,0, 180, False, 3
1548,30, 210, False, 3
1549,0, 210, False, 3
1550,0, 210, False, 3
1551,0, 210, False, 3
1552,0, 210, False, 3
1553,0, 210, False, 3
1554,0, 210, False, 3
1555,0, 210, False, 3
1556,0, 210, False, 3
1557,0, 210, False, 3
1558,0, 210, False, 3
1559,0, 210, False, 3
1560,0, 210, False, 3
1561,0, 210, False, 3
1562,0, 210, False, 11
1563,0, 210, False, 11
1564,0, 210, False, 11
1565,0, 210, False, 11
1566,0, 210, False, 11
1567,0, 210, False, 11
1568,0, 210, False, 11
1569,0, 210, False, 11
1570,0, 210, False, 11
1571,0, 210, False, 11
1572,0, 210, False, 11
1573,0, 210, False, 11
1574,0, 210, False, 11
1575,0, 210, False, 11
1576,0, 210, False, 11
1577,0, 210, False, 11
1578,0, 210, False, 11
1579,0, 210, False, 11
1580,0, 210, False, 11
1581,0, 210, False, 11
1582,0, 210, False, 11
1583,0, 210, False, 11
1584,0, 210, False, 11
1585,0, 210, False, 11
1586,0, 210, False, 11
1587,0, 210, False, 11
1588,0, 210, False, 11
1589,0, 210, False, 11
1590,0, 210, False, 11
1591,0, 210, False, 1
1592,0, 210, False, 0
1593,0, 210, False, 0
1594,0, 210, False, 0
1595,0, 210, False, 0
1596,0, 210, False, 0
1597,0, 210, False, 4
1598,0, 210, False, 4
1599,0, 210, False, 4
1600,0, 210, False, 4
1601,0, 210, False, 4
1602,0, 210, False, 4
1603,0, 210, False, 4
1604,0, 210, False, 4
1605,0, 210, False, 4
1606,0, 210, False, 4
1607,0, 210, False, 4
1608,0, 210, False, 4
1609,0, 210, False, 4
1610,0, 210, False, 0
1611,0, 210, False, 0
1612,0, 210, False, 0
1613,0, 210, False, 0
1614,0, 210, False, 1
1615,0, 210, False, 1
1616,0, 210, False, 1
1617,0, 210, False, 1
1618,0, 210, False, 1
1619,0, 210, False, 1
1620,0, 210, False, 1
1621,0, 210, False, 1
1622,0, 210, False, 1
1623,0, 210, False, 1
1624,0, 210, False, 1
1625,0, 210, False, 1
1626,0, 210, False, 1
1627,0, 210, False, 1
1628,0, 210, False, 1
1629,0, 210, False, 1
1630,0, 210, False, 1
1631,0, 210, False, 1
1632,0, 210, False, 1
1633,0, 210, False, 1
1634,0, 210, False, 1
1635,0, 210, False, 1
1636,0, 210, False, 1
1637,0, 210, False, 1
1638,0, 210, False, 1
1639,0, 210, False, 1
1640,0, 210, False, 1
1641,0, 210, False, 1
1642,0, 210, False, 1
1643,0, 210, False, 1
1644,0, 210, False, 1
1645,0, 210, False, 1
1646,0, 210, False, 1
1647,0, 210, False, 1
1648,0, 210, False, 1
1649,0, 210, False, 1
1650,0, 210, False, 1
1651,0, 210, False, 1
1652,0, 210, False, 1
1653,0, 210, False, 1
1654,0, 210, False, 1
1655,0, 210, False, 1
1656,0, 210, False, 1
1657,0, 210, False, 1
1658,0, 210, False, 1
1659,0, 210, False, 1
1660,0, 210, False, 1
1661,0, 210, False, 1
1662,0, 210, False, 1
1663,0, 210, False, 1
1664,0, 210, False, 1
1665,0, 210, False, 1
1666,5, 215, False, 1
1667,0, 215, False, 1
1668,0, 215, False, 1
1669,0, 215, False, 1
1670,0, 215, False, 1
1671,0, 215, False, 1
1672,0, 215, False, 1
1673,0, 215, False, 1
1674,0, 215, False, 1
1675,0, 215, False, 1
1676,0, 215, False, 1
1677,0, 215, False, 1
1678,0, 215, False, 1
1679,0, 215, False, 1
1680,0, 215, False, 1
1681,0, 215, False, 1
1682,0, 215, False, 1
1683,0, 215, False, 1
1684,0, 215, False, 1
1685,0, 215, False, 1
1686,0, 215, False, 1
1687,0, 215, False, 1
1688,0, 215, False, 1
1689,0, 215, False, 1
1690,0, 215, False, 1
1691,0, 215, False, 1
1692,0, 215, False, 1
1693,0, 215, False, 1
1694,0, 215, False, 1
1695,0, 215, False, 1
1696,0, 215, False, 1
1697,0, 215, False, 1
1698,10, 225, False, 1
1699,0, 225, False, 1
1700,0, 225, False, 1
1701,0, 225, False, 1
1702,0, 225, False, 1
1703,0, 225, False, 1
1704,0, 225, False, 1
1705,0, 225, False, 1
1706,0, 225, False, 1
1707,0, 225, False, 1
1708,0, 225, False, 1
1709,0, 225, False, 1
1710,0, 225, False, 1
1711,0, 225, False, 1
1712,0, 225, False, 1
1713,0, 225, False, 1
1714,0, 225, False, 1
1715,0, 225, False, 1
1716,0, 225, False, 1
1717,0, 225, False, 1
1718,0, 225, False, 1
1719,0, 225, False, 1
1720,0, 225, False, 1
1721,0, 225, False, 1
1722,0, 225, False, 1
1723,0, 225, False, 1
1724,0, 225, False, 1
1725,0, 225, False, 1
1726,0, 225, False, 1
1727,0, 225, False, 1
1728,0, 225, False, 1
1729,0, 225, False, 1
1730,0, 225, False, 1
1731,0, 225, False, 1
1732,0, 225, False, 1
1733,0, 225, False, 1
1734,0, 225, False, 1
1735,0, 225, False, 1
1736,15, 240, False, 1
1737,0, 240, False, 12
1738,0, 240, False, 12
1739,0, 240, False, 12
1740,0, 240, False, 12
1741,0, 240, False, 12
1742,0, 240, False, 12
1743,0, 240, False, 12
1744,0, 240, False, 12
1745,0, 240, False, 1
1746,0, 240, False, 1
1747,0, 240, False, 1
1748,0, 240, False, 1
1749,0, 240, False, 1
1750,0, 240, False, 1
1751,0, 240, False, 1
1752,0, 240, False, 1
1753,0, 240, False, 1
1754,0, 240, False, 1
1755,0, 240, False, 1
1756,0, 240, False, 1
1757,0, 240, False, 1
1758,0, 240, False, 1
1759,0, 240, False, 1
1760,0, 240, False, 1
1761,0, 240, False, 1
1762,0, 240, False, 12
1763,0, 240, False, 12
1764,0, 240, False, 12
1765,0, 240, False, 12
1766,0, 240, False, 12
1767,0, 240, False, 12
1768,0, 240, False, 12
1769,0, 240, False, 12
1770,0, 240, False, 12
1771,0, 240, False, 12
1772,0, 240, False, 12
1773,0, 240, False, 1
1774,0, 240, False, 1
1775,0, 240, False, 1
1776,0, 240, False, 1
1777,0, 240, False, 1
1778,0, 240, False, 1
1779,0, 240, False, 1
1780,0, 240, False, 1
1781,0, 240, False, 1
1782,0, 240, False, 1
1783,0, 240, False, 1
1784,0, 240, False, 1
1785,0, 240, False, 1
1786,0, 240, False, 1
1787,0, 240, False, 1
1788,0, 240, False, 1
1789,0, 240, False, 1
1790,0, 240, False, 1
1791,0, 240, False, 1
1792,0, 240, False, 1
1793,0, 240, False, 1
1794,0, 240, False, 1
1795,0, 240, False, 1
1796,0, 240, False, 1
1797,0, 240, False, 1
1798,0, 240, False, 1
1799,0, 240, False, 1
1800,0, 240, False, 1
1801,0, 240, False, 1
1802,0, 240, False, 1
1803,0, 240, False, 1
1804,0, 240, False, 1
1805,0, 240, False, 1
1806,0, 240, False, 1
1807,0, 240, False, 1
1808,0, 240, False, 1
1809,0, 240, False, 1
1810,0, 240, False, 1
1811,0, 240, False, 1
1812,0, 240, False, 1
1813,0, 240, False, 1
1814,0, 240, False, 12
1815,0, 240, False, 12
1816,0, 240, False, 1
1817,0, 240, False, 1
1818,0, 240, False, 1
1819,0, 240, False, 1
1820,0, 240, False, 1
1821,0, 240, False, 1
1822,0, 240, False, 1
1823,0, 240, False, 1
1824,0, 240, False, 1
1825,0, 240, False, 1
1826,0, 240, False, 1
1827,0, 240, False, 1
1828,0, 240, False, 1
1829,0, 240, False, 1
1830,0, 240, False, 1
1831,0, 240, False, 1
1832,0, 240, False, 1
1833,0, 240, False, 1
1834,0, 240, False, 1
1835,0, 240, False, 1
1836,0, 240, False, 0
1837,0, 240, False, 0
1838,0, 240, False, 0
1839,0, 240, False, 0
1840,0, 240, False, 0
1841,0, 240, False, 1
1842,0, 240, False, 1
1843,0, 240, False, 1
1844,0, 240, False, 1
1845,0, 240, False, 1
1846,0, 240, False, 1
1847,0, 240, False, 1
1848,0, 240, False, 11
1849,0, 240, False, 3
1850,0, 240, False, 3
1851,0, 240, False, 3
1852,0, 240, False, 3
1853,0, 240, False, 3
1854,0, 240, False, 3
1855,0, 240, False, 3
1856,0, 240, False, 3
1857,0, 240, False, 3
1858,0, 240, False, 3
1859,0, 240, False, 3
1860,0, 240, False, 3
1861,0, 240, False, 3
1862,0, 240, False, 3
1863,0, 240, False, 3
1864,0, 240, False, 3
1865,0, 240, False, 3
1866,0, 240, False, 11
1867,0, 240, False, 11
1868,20, 260, False, 11
1869,0, 260, False, 11
1870,0, 260, False, 11
1871,0, 260, False, 11
1872,0, 260, False, 11
1873,0, 260, False, 1
1874,0, 260, False, 0
1875,0, 260, False, 0
1876,0, 260, False, 0
1877,0, 260, False, 0
1878,0, 260, False, 0
1879,0, 260, False, 0
1880,0, 260, False, 0
1881,0, 260, False, 1
1882,0, 260, False, 1
1883,0, 260, False, 1
1884,0, 260, False, 1
1885,0, 260, False, 1
1886,0, 260, False, 1
1887,0, 260, False, 1
1888,5, 265, False, 1
1889,0, 265, False, 0
1890,0, 265, False, 0
1891,0, 265, False, 0
1892,0, 265, False, 0
1893,0, 265, False, 1
1894,0, 265, False, 1
1895,0, 265, False, 1
1896,0, 265, False, 1
1897,0, 265, False, 1
1898,0, 265, False, 0
1899,0, 265, False, 0
1900,0, 265, False, 0
1901,0, 265, False, 0
1902,0, 265, False, 0
1903,0, 265, False, 1
1904,0, 265, False, 1
1905,0, 265, False, 1
1906,0, 265, False, 1
1907,0, 265, False, 1
1908,0, 265, False, 0
1909,0, 265, False, 0
1910,0, 265, False, 0
1911,0, 265, False, 0
1912,0, 265, False, 1
1913,0, 265, False, 1
1914,0, 265, False, 1
1915,0, 265, False, 1
1916,0, 265, False, 1
1917,0, 265, False, 0
1918,0, 265, False, 0
1919,0, 265, False, 0
1920,0, 265, False, 0
1921,0, 265, False, 1
1922,0, 265, False, 1
1923,0, 265, False, 1
1924,0, 265, False, 1
1925,0, 265, False, 1
1926,0, 265, False, 0
1927,0, 265, False, 0
1928,0, 265, False, 0
1929,0, 265, False, 0
1930,0, 265, False, 0
1931,0, 265, False, 1
1932,0, 265, False, 1
1933,0, 265, False, 1
1934,0, 265, False, 1
1935,0, 265, False, 1
1936,0, 265, False, 11
1937,0, 265, False, 3
1938,0, 265, False, 3
1939,0, 265, False, 3
1940,0, 265, False, 3
1941,0, 265, False, 3
1942,0, 265, False, 3
1943,0, 265, False, 3
1944,0, 265, False, 3
1945,0, 265, False, 3
1946,0, 265, False, 11
1947,0, 265, False, 11
1948,0, 265, False, 11
1949,0, 265, False, 11
1950,0, 265, False, 11
1951,0, 265, False, 1
1952,0, 265, False, 1
1953,0, 265, False, 0
1954,0, 265, False, 0
1955,0, 265, False, 0
1956,0, 265, False, 0
1957,0, 265, False, 1
1958,0, 265, False, 1
1959,0, 265, False, 1
1960,0, 265, False, 0
1961,0, 265, False, 4
1962,0, 265, False, 4
1963,0, 265, False, 4
1964,0, 265, False, 4
1965,0, 265, False, 4
1966,0, 265, False, 4
1967,0, 265, False, 4
1968,0, 265, False, 4
1969,0, 265, False, 4
1970,0, 265, False, 4
1971,0, 265, False, 4
1972,0, 265, False, 4
1973,0, 265, False, 4
1974,0, 265, False, 4
1975,0, 265, False, 4
1976,0, 265, False, 4
1977,0, 265, False, 4
1978,0, 265, False, 4
1979,0, 265, False, 4
1980,0, 265, False, 4
1981,0, 265, False, 4
1982,0, 265, False, 0
1983,0, 265, False, 1
1984,0, 265, False, 1
1985,0, 265, False, 1
1986,0, 265, False, 1
1987,0, 265, False, 1
1988,0, 265, False, 1
1989,0, 265, False, 1
1990,0, 265, False, 1
1991,0, 265, False, 1
1992,0, 265, False, 1
1993,0, 265, False, 1
1994,0, 265, False, 1
1995,0, 265, False, 1
1996,0, 265, False, 1
1997,0, 265, False, 1
1998,0, 265, False, 1
1999,0, 265, False, 1
2000,0, 265, False, 1
2001,0, 265, False, 1
2002,0, 265, False, 1
2003,0, 265, False, 1
2004,0, 265, False, 1
2005,0, 265, False, 1
2006,5, 270, False, 1
2007,0, 270, False, 1
2008,0, 270, False, 1
2009,0, 270, False, 1
2010,0, 270, False, 1
2011,0, 270, False, 1
2012,0, 270, False, 1
2013,0, 270, False, 1
2014,0, 270, False, 1
2015,0, 270, False, 1
2016,0, 270, False, 1
2017,0, 270, False, 1
2018,0, 270, False, 1
2019,0, 270, False, 1
2020,0, 270, False, 1
2021,0, 270, False, 1
2022,0, 270, False, 1
2023,0, 270, False, 1
2024,0, 270, False, 1
2025,0, 270, False, 1
2026,0, 270, False, 1
2027,0, 270, False, 1
2028,0, 270, False, 1
2029,0, 270, False, 1
2030,0, 270, False, 1
2031,0, 270, False, 1
2032,0, 270, False, 1
2033,0, 270, False, 1
2034,0, 270, False, 1
2035,0, 270, False, 1
2036,10, 280, False, 1
2037,0, 280, False, 1
2038,0, 280, False, 1
2039,0, 280, False, 1
2040,0, 280, False, 1
2041,0, 280, False, 1
2042,0, 280, False, 1
2043,0, 280, False, 1
2044,0, 280, False, 1
2045,0, 280, False, 1
2046,0, 280, False, 1
2047,0, 280, False, 1
2048,0, 280, False, 1
2049,0, 280, False, 1
2050,0, 280, False, 1
2051,0, 280, False, 1
2052,0, 280, False, 1
2053,0, 280, False, 1
2054,0, 280, False, 1
2055,0, 280, False, 1
2056,0, 280, False, 1
2057,0, 280, False, 1
2058,0, 280, False, 1
2059,0, 280, False, 1
2060,0, 280, False, 1
2061,0, 280, False, 1
2062,0, 280, False, 1
2063,0, 280, False, 1
2064,0, 280, False, 1
2065,0, 280, False, 1
2066,0, 280, False, 1
2067,0, 280, False, 1
2068,0, 280, False, 1
2069,0, 280, False, 1
2070,0, 280, False, 1
2071,0, 280, False, 1
2072,0, 280, False, 1
2073,0, 280, False, 1
2074,15, 295, False, 1
2075,0, 295, False, 1
2076,0, 295, False, 1
2077,0, 295, False, 1
2078,0, 295, False, 1
2079,0, 295, False, 1
2080,0, 295, False, 1
2081,0, 295, False, 1
2082,0, 295, False, 1
2083,0, 295, False, 1
2084,0, 295, False, 1
2085,0, 295, False, 1
2086,0, 295, False, 1
2087,0, 295, False, 1
2088,0, 295, False, 1
2089,0, 295, False, 1
2090,0, 295, False, 1
2091,0, 295, False, 1
2092,0, 295, False, 1
2093,0, 295, False, 1
2094,0, 295, False, 1
2095,0, 295, False, 1
2096,0, 295, False, 1
2097,0, 295, False, 1
2098,0, 295, False, 1
2099,0, 295, False, 1
2100,0, 295, False, 1
2101,0, 295, False, 1
2102,0, 295, False, 1
2103,0, 295, False, 1
2104,0, 295, False, 1
2105,0, 295, False, 1
2106,0, 295, False, 1
2107,0, 295, False, 1
2108,0, 295, False, 1
2109,0, 295, False, 1
2110,0, 295, False, 1
2111,0, 295, False, 1
2112,0, 295, False, 1
2113,0, 295, False, 1
2114,0, 295, False, 1
2115,0, 295, False, 1
2116,0, 295, False, 1
2117,0, 295, False, 1
2118,0, 295, False, 1
2119,0, 295, False, 1
2120,0, 295, False, 1
2121,0, 295, False, 1
2122,0, 295, False, 1
2123,0, 295, False, 1
2124,0, 295, False, 1
2125,0, 295, False, 1
2126,0, 295, False, 1
2127,0, 295, False, 1
2128,0, 295, False, 1
2129,0, 295, False, 1
2130,0, 295, False, 1
2131,0, 295, False, 1
2132,0, 295, False, 1
2133,0, 295, False, 1
2134,0, 295, False, 1
2135,0, 295, False, 1
2136,0, 295, False, 1
2137,0, 295, False, 1
2138,0, 295, False, 1
2139,0, 295, False, 1
2140,0, 295, False, 1
2141,0, 295, False, 1
2142,0, 295, False, 1
2143,0, 295, False, 1
2144,0, 295, False, 1
2145,0, 295, False, 1
2146,0, 295, False, 1
2147,0, 295, False, 1
2148,0, 295, False, 1
2149,0, 295, False, 1
2150,0, 295, False, 1
2151,0, 295, False, 1
2152,0, 295, False, 1
2153,0, 295, False, 1
2154,0, 295, False, 1
2155,0, 295, False, 1
2156,0, 295, False, 1
2157,0, 295, False, 1
2158,0, 295, False, 1
2159,0, 295, False, 1
2160,0, 295, False, 1
2161,0, 295, False, 1
2162,0, 295, False, 1
2163,0, 295, False, 1
2164,0, 295, False, 1
2165,0, 295, False, 1
2166,0, 295, False, 1
2167,0, 295, False, 1
2168,0, 295, False, 1
2169,0, 295, False, 1
2170,0, 295, False, 1
2171,0, 295, False, 1
2172,0, 295, False, 1
2173,0, 295, False, 1
2174,0, 295, False, 1
2175,0, 295, False, 1
2176,0, 295, False, 1
2177,0, 295, False, 1
2178,0, 295, False, 1
2179,0, 295, False, 1
2180,0, 295, False, 1
2181,0, 295, False, 1
2182,0, 295, False, 1
2183,0, 295, False, 1
2184,0, 295, False, 1
2185,0, 295, False, 1
2186,0, 295, False, 1
2187,0, 295, False, 1
2188,0, 295, False, 1
2189,0, 295, False, 1
2190,0, 295, False, 1
2191,0, 295, False, 1
2192,0, 295, False, 1
2193,0, 295, False, 1
2194,0, 295, False, 1
2195,0, 295, False, 1
2196,0, 295, False, 1
2197,0, 295, False, 1
2198,0, 295, False, 1
2199,0, 295, False, 1
2200,0, 295, False, 1
2201,0, 295, False, 1
2202,0, 295, False, 1
2203,0, 295, False, 1
2204,0, 295, False, 1
2205,0, 295, False, 1
2206,0, 295, False, 1
2207,0, 295, False, 1
2208,0, 295, False, 1
2209,0, 295, False, 1
2210,0, 295, False, 1
2211,0, 295, False, 1
2212,0, 295, False, 1
2213,0, 295, False, 1
2214,0, 295, False, 1
2215,0, 295, False, 1
2216,0, 295, False, 1
2217,0, 295, False, 1
2218,0, 295, False, 1
2219,0, 295, False, 1
2220,0, 295, False, 1
2221,0, 295, False, 1
2222,0, 295, False, 1
2223,0, 295, False, 1
2224,0, 295, False, 1
2225,0, 295, False, 1
2226,0, 295, False, 1
2227,0, 295, False, 1
2228,0, 295, False, 1
2229,0, 295, False, 1
2230,0, 295, False, 1
2231,0, 295, False, 1
2232,0, 295, False, 1
2233,0, 295, False, 1
2234,0, 295, False, 1
2235,0, 295, False, 1
2236,0, 295, False, 1
2237,0, 295, False, 1
2238,0, 295, False, 1
2239,0, 295, False, 1
2240,0, 295, False, 1
2241,0, 295, False, 1
2242,0, 295, False, 1
2243,0, 295, False, 1
2244,0, 295, False, 1
2245,0, 295, False, 1
2246,0, 295, False, 1
2247,0, 295, False, 1
2248,0, 295, False, 1
2249,0, 295, False, 1
2250,0, 295, False, 1
2251,0, 295, False, 1
2252,0, 295, False, 1
2253,0, 295, False, 1
2254,0, 295, False, 1
2255,0, 295, False, 1
2256,0, 295, False, 1
2257,0, 295, False, 1
2258,0, 295, False, 1
2259,0, 295, False, 1
2260,0, 295, False, 1
2261,0, 295, False, 1
2262,0, 295, False, 1
2263,0, 295, False, 1
2264,0, 295, False, 1
2265,0, 295, False, 1
2266,0, 295, False, 1
2267,0, 295, False, 1
2268,0, 295, False, 1
2269,0, 295, False, 1
2270,0, 295, False, 1
2271,0, 295, False, 1
2272,0, 295, False, 1
2273,0, 295, False, 1
2274,0, 295, False, 1
2275,0, 295, False, 1
2276,0, 295, False, 1
2277,0, 295, False, 1
2278,0, 295, False, 1
2279,0, 295, False, 1
2280,0, 295, False, 1
2281,0, 295, False, 1
2282,0, 295, False, 1
2283,0, 295, False, 1
2284,0, 295, False, 1
2285,0, 295, False, 1
2286,20, 315, False, 1
2287,0, 315, False, 1
2288,0, 315, False, 11
2289,0, 315, False, 11
2290,0, 315, False, 11
2291,0, 315, False, 11
2292,0, 315, False, 11
2293,0, 315, False, 11
2294,0, 315, False, 11
2295,0, 315, False, 11
2296,0, 315, False, 11
2297,0, 315, False, 11
2298,0, 315, False, 11
2299,0, 315, False, 11
2300,0, 315, False, 11
2301,0, 315, False, 11
2302,0, 315, False, 11
2303,0, 315, False, 11
2304,0, 315, False, 11
2305,0, 315, False, 11
2306,0, 315, False, 11
2307,0, 315, False, 11
2308,0, 315, False, 11
2309,0, 315, False, 11
2310,0, 315, False, 11
2311,0, 315, False, 11
2312,0, 315, False, 11
2313,0, 315, False, 11
2314,0, 315, False, 11
2315,0, 315, False, 11
2316,0, 315, False, 11
2317,0, 315, False, 11
2318,0, 315, False, 11
2319,0, 315, False, 11
2320,0, 315, False, 11
2321,0, 315, False, 11
2322,0, 315, False, 11
2323,0, 315, False, 11
2324,0, 315, False, 11
2325,0, 315, False, 11
2326,0, 315, False, 11
2327,0, 315, False, 11
2328,0, 315, False, 11
2329,0, 315, False, 11
2330,0, 315, False, 11
2331,0, 315, False, 11
2332,0, 315, False, 11
2333,0, 315, False, 11
2334,0, 315, False, 11
2335,0, 315, False, 11
2336,0, 315, False, 1
2337,0, 315, False, 1
2338,25, 340, False, 1
2339,0, 340, False, 1
2340,0, 340, False, 1
2341,0, 340, False, 1
2342,0, 340, False, 1
2343,0, 340, False, 1
2344,0, 340, False, 1
2345,0, 340, False, 1
2346,0, 340, False, 1
2347,0, 340, False, 1
2348,0, 340, False, 1
2349,0, 340, False, 1
2350,0, 340, False, 1
2351,0, 340, False, 1
2352,0, 340, False, 1
2353,0, 340, False, 1
2354,5, 345, False, 1
2355,0, 345, False, 1
2356,0, 345, False, 1
2357,0, 345, False, 1
2358,0, 345, False, 1
2359,0, 345, False, 1
2360,0, 345, False, 1
2361,0, 345, False, 1
2362,0, 345, False, 1
2363,0, 345, False, 1
2364,0, 345, False, 1
2365,0, 345, False, 1
2366,0, 345, False, 1
2367,0, 345, False, 1
2368,0, 345, False, 1
2369,0, 345, False, 1
2370,0, 345, False, 1
2371,0, 345, False, 1
2372,0, 345, False, 1
2373,0, 345, False, 1
2374,0, 345, False, 1
2375,0, 345, False, 1
2376,0, 345, False, 1
2377,0, 345, False, 1
2378,0, 345, False, 1
2379,0, 345, False, 1
2380,10, 355, False, 1
2381,0, 355, False, 1
2382,0, 355, False, 1
2383,0, 355, False, 1
2384,0, 355, False, 1
2385,0, 355, False, 1
2386,0, 355, False, 1
2387,0, 355, False, 1
2388,0, 355, False, 1
2389,0, 355, False, 1
2390,0, 355, False, 1
2391,0, 355, False, 1
2392,0, 355, False, 1
2393,0, 355, False, 1
2394,0, 355, False, 1
2395,0, 355, False, 1
2396,0, 355, False, 1
2397,0, 355, False, 11
2398,0, 355, False, 11
2399,0, 355, False, 11
2400,0, 355, False, 11
2401,0, 355, False, 11
2402,0, 355, False, 11
2403,0, 355, False, 11
2404,0, 355, False, 11
2405,0, 355, False, 11
2406,0, 355, False, 11
2407,0, 355, False, 11
2408,0, 355, False, 11
2409,0, 355, False, 1
2410,0, 355, False, 1
2411,0, 355, False, 1
2412,0, 355, False, 1
2413,0, 355, False, 1
2414,15, 370, False, 1
2415,0, 370, False, 1
2416,0, 370, False, 1
2417,0, 370, False, 1
2418,0, 370, False, 1
2419,0, 370, False, 1
2420,0, 370, False, 1
2421,0, 370, False, 1
2422,0, 370, False, 1
2423,0, 370, False, 1
2424,0, 370, False, 1
2425,0, 370, False, 1
2426,0, 370, False, 11
2427,0, 370, False, 11
2428,0, 370, False, 11
2429,0, 370, False, 11
2430,0, 370, False, 11
2431,0, 370, False, 11
2432,0, 370, False, 11
2433,0, 370, False, 1
2434,0, 370, False, 1
2435,0, 370, False, 1
2436,0, 370, False, 1
2437,0, 370, False, 1
2438,0, 370, False, 1
2439,0, 370, False, 1
2440,0, 370, False, 1
2441,0, 370, False, 1
2442,0, 370, False, 1
2443,0, 370, False, 1
2444,0, 370, False, 1
2445,0, 370, False, 1
2446,0, 370, False, 1
2447,0, 370, False, 1
2448,0, 370, False, 1
2449,0, 370, False, 1
2450,0, 370, False, 1
2451,0, 370, False, 1
2452,0, 370, False, 1
2453,0, 370, False, 11
2454,0, 370, False, 11
2455,0, 370, False, 11
2456,20, 390, False, 11
2457,0, 390, False, 11
2458,0, 390, False, 11
2459,0, 390, False, 11
2460,0, 390, False, 1
2461,0, 390, False, 1
2462,0, 390, False, 1
2463,0, 390, False, 1
2464,0, 390, False, 1
2465,0, 390, False, 1
2466,0, 390, False, 1
2467,0, 390, False, 1
2468,0, 390, False, 1
2469,0, 390, False, 1
2470,0, 390, False, 1
2471,0, 390, False, 1
2472,0, 390, False, 1
2473,0, 390, False, 1
2474,0, 390, False, 1
2475,0, 390, False, 1
2476,0, 390, False, 1
2477,0, 390, False, 1
2478,0, 390, False, 1
2479,0, 390, False, 1
2480,0, 390, False, 1
2481,0, 390, False, 1
2482,0, 390, False, 1
2483,0, 390, False, 1
2484,0, 390, False, 1
2485,0, 390, False, 1
2486,0, 390, False, 1
2487,0, 390, False, 1
2488,0, 390, False, 1
2489,0, 390, False, 1
2490,0, 390, False, 1
2491,0, 390, False, 1
2492,0, 390, False, 1
2493,0, 390, False, 1
2494,0, 390, False, 1
2495,0, 390, False, 1
2496,0, 390, False, 1
2497,0, 390, False, 1
2498,0, 390, False, 1
2499,0, 390, False, 1
2500,0, 390, False, 1
2501,0, 390, False, 1
2502,0, 390, False, 1
2503,0, 390, False, 1
2504,0, 390, False, 1
2505,0, 390, False, 1
2506,0, 390, False, 1
2507,0, 390, False, 1
2508,25, 415, False, 1
2509,0, 415, False, 1
2510,0, 415, False, 1
2511,0, 415, False, 1
2512,0, 415, False, 1
2513,0, 415, False, 1
2514,0, 415, False, 11
2515,0, 415, False, 11
2516,0, 415, False, 11
2517,0, 415, False, 11
2518,0, 415, False, 11
2519,0, 415, False, 11
2520,0, 415, False, 1
2521,0, 415, False, 1
2522,0, 415, False, 1
2523,0, 415, False, 1
2524,0, 415, False, 1
2525,0, 415, False, 1
2526,0, 415, False, 1
2527,0, 415, False, 1
2528,0, 415, False, 1
2529,0, 415, False, 1
2530,0, 415, False, 1
2531,0, 415, False, 1
2532,0, 415, False, 1
2533,0, 415, False, 1
2534,0, 415, False, 1
2535,0, 415, False, 1
2536,0, 415, False, 1
2537,0, 415, False, 1
2538,0, 415, False, 1
2539,0, 415, False, 1
2540,0, 415, False, 1
2541,0, 415, False, 1
2542,0, 415, False, 1
2543,0, 415, False, 1
2544,0, 415, False, 1
2545,0, 415, False, 1
2546,0, 415, False, 1
2547,0, 415, False, 1
2548,0, 415, False, 1
2549,0, 415, False, 1
2550,0, 415, False, 1
2551,0, 415, False, 1
2552,0, 415, False, 1
2553,0, 415, False, 1
2554,0, 415, False, 1
2555,0, 415, False, 1
2556,0, 415, False, 1
2557,0, 415, False, 1
2558,0, 415, False, 1
2559,0, 415, False, 1
2560,0, 415, False, 1
2561,0, 415, False, 1
2562,0, 415, False, 1
2563,0, 415, False, 1
2564,0, 415, False, 1
2565,0, 415, False, 1
2566,0, 415, False, 1
2567,0, 415, False, 1
2568,0, 415, False, 1
2569,0, 415, False, 1
2570,0, 415, False, 1
2571,0, 415, False, 1
2572,0, 415, False, 1
2573,0, 415, False, 1
2574,0, 415, False, 1
2575,0, 415, False, 1
2576,0, 415, False, 1
2577,0, 415, False, 1
2578,0, 415, False, 1
2579,0, 415, False, 11
2580,0, 415, False, 11
2581,0, 415, False, 11
2582,0, 415, False, 11
2583,0, 415, False, 11
2584,0, 415, False, 11
2585,0, 415, False, 11
2586,0, 415, False, 11
2587,0, 415, False, 11
2588,0, 415, False, 11
2589,0, 415, False, 11
2590,0, 415, False, 11
2591,0, 415, False, 11
2592,0, 415, False, 11
2593,0, 415, False, 11
2594,0, 415, False, 11
2595,0, 415, False, 11
2596,0, 415, False, 11
2597,0, 415, False, 11
2598,0, 415, False, 11
2599,0, 415, False, 11
2600,0, 415, False, 11
2601,0, 415, False, 11
2602,0, 415, False, 11
2603,0, 415, False, 11
2604,0, 415, False, 11
2605,0, 415, False, 11
2606,0, 415, False, 11
2607,0, 415, False, 11
2608,0, 415, False, 11
2609,0, 415, False, 11
2610,0, 415, False, 11
2611,0, 415, False, 1
2612,0, 415, False, 1
2613,0, 415, False, 1
2614,0, 415, False, 1
2615,0, 415, False, 1
2616,0, 415, False, 1
2617,0, 415, False, 1
2618,0, 415, False, 1
2619,0, 415, False, 1
2620,0, 415, False, 1
2621,0, 415, False, 1
2622,0, 415, False, 1
2623,0, 415, False, 1
2624,0, 415, False, 1
2625,0, 415, False, 1
2626,0, 415, False, 1
2627,0, 415, False, 1
2628,0, 415, False, 1
2629,0, 415, False, 1
2630,0, 415, False, 1
2631,0, 415, False, 1
2632,0, 415, False, 1
2633,0, 415, False, 1
2634,0, 415, False, 1
2635,0, 415, False, 1
2636,0, 415, False, 1
2637,0, 415, False, 1
2638,0, 415, False, 1
2639,0, 415, False, 1
2640,0, 415, False, 1
2641,0, 415, False, 1
2642,0, 415, False, 1
2643,0, 415, False, 1
2644,0, 415, False, 1
2645,0, 415, False, 1
2646,0, 415, False, 1
2647,0, 415, False, 1
2648,0, 415, False, 1
2649,0, 415, False, 1
2650,0, 415, False, 1
2651,0, 415, False, 1
2652,30, 445, False, 1
2653,0, 445, False, 1
2654,0, 445, False, 1
2655,0, 445, False, 1
2656,0, 445, False, 1
2657,0, 445, False, 1
2658,0, 445, False, 1
2659,0, 445, False, 1
2660,0, 445, False, 1
2661,0, 445, False, 1
2662,0, 445, False, 1
2663,0, 445, False, 1
2664,0, 445, False, 1
2665,0, 445, False, 1
2666,0, 445, False, 1
2667,0, 445, False, 1
2668,0, 445, False, 1
2669,0, 445, False, 1
2670,0, 445, False, 1
2671,0, 445, False, 1
2672,0, 445, False, 1
2673,0, 445, False, 1
2674,0, 445, False, 1
2675,0, 445, False, 1
2676,0, 445, False, 1
2677,0, 445, False, 1
2678,0, 445, False, 1
2679,0, 445, False, 1
2680,0, 445, False, 1
2681,0, 445, False, 1
2682,0, 445, False, 1
2683,0, 445, False, 1
2684,0, 445, False, 1
2685,0, 445, False, 1
2686,0, 445, False, 1
2687,0, 445, False, 1
2688,0, 445, False, 1
2689,0, 445, False, 1
2690,0, 445, False, 1
2691,0, 445, False, 1
2692,0, 445, False, 1
2693,0, 445, False, 1
2694,0, 445, False, 1
2695,0, 445, False, 1
2696,0, 445, False, 1
2697,0, 445, False, 1
2698,0, 445, False, 1
2699,0, 445, False, 1
2700,0, 445, False, 1
2701,0, 445, False, 1
2702,0, 445, False, 1
2703,0, 445, False, 1
2704,0, 445, False, 1
2705,0, 445, False, 1
2706,0, 445, False, 1
2707,0, 445, False, 1
2708,0, 445, False, 1
2709,0, 445, False, 1
2710,0, 445, False, 1
2711,0, 445, False, 1
2712,0, 445, False, 1
2713,0, 445, False, 1
2714,0, 445, False, 1
2715,0, 445, False, 1
2716,0, 445, False, 1
2717,0, 445, False, 1
2718,0, 445, False, 1
2719,0, 445, False, 1
2720,0, 445, False, 1
2721,0, 445, False, 1
2722,0, 445, False, 1
2723,0, 445, False, 1
2724,0, 445, False, 1
2725,0, 445, False, 1
2726,0, 445, False, 1
2727,0, 445, False, 1
2728,0, 445, False, 1
2729,0, 445, False, 1
2730,0, 445, False, 1
2731,0, 445, False, 1
2732,0, 445, False, 1
2733,0, 445, False, 1
2734,0, 445, False, 1
2735,0, 445, False, 1
2736,0, 445, False, 1
2737,0, 445, False, 1
2738,0, 445, False, 1
2739,0, 445, False, 1
2740,0, 445, False, 1
2741,0, 445, False, 1
2742,0, 445, False, 1
2743,0, 445, False, 1
2744,0, 445, False, 12
2745,0, 445, False, 12
2746,0, 445, False, 12
2747,0, 445, False, 12
2748,0, 445, False, 12
2749,0, 445, False, 12
2750,0, 445, False, 12
2751,0, 445, False, 12
2752,0, 445, False, 12
2753,0, 445, False, 12
2754,0, 445, False, 12
2755,0, 445, False, 12
2756,0, 445, False, 12
2757,0, 445, False, 12
2758,0, 445, False, 12
2759,0, 445, False, 12
2760,0, 445, False, 12
2761,0, 445, False, 12
2762,0, 445, False, 12
2763,0, 445, False, 12
2764,0, 445, False, 12
2765,0, 445, False, 12
2766,0, 445, False, 12
2767,0, 445, False, 12
2768,0, 445, False, 12
2769,0, 445, False, 12
2770,0, 445, False, 12
2771,0, 445, False, 12
2772,0, 445, False, 12
2773,0, 445, False, 12
2774,0, 445, False, 12
2775,0, 445, False, 12
2776,0, 445, False, 12
2777,0, 445, False, 12
2778,0, 445, False, 12
2779,0, 445, False, 12
2780,0, 445, False, 12
2781,0, 445, False, 12
2782,0, 445, False, 12
2783,0, 445, False, 12
2784,0, 445, False, 12
2785,0, 445, False, 12
2786,0, 445, False, 12
2787,0, 445, False, 12
2788,0, 445, False, 12
2789,0, 445, False, 12
2790,0, 445, False, 12
2791,0, 445, False, 12
2792,0, 445, False, 12
2793,0, 445, False, 12
2794,0, 445, False, 12
2795,0, 445, False, 12
2796,0, 445, False, 12
2797,0, 445, False, 1
2798,0, 445, False, 1
2799,0, 445, False, 1
2800,0, 445, False, 1
2801,0, 445, False, 1
2802,0, 445, False, 1
2803,0, 445, False, 1
2804,0, 445, False, 1
2805,0, 445, False, 1
2806,0, 445, False, 1
2807,0, 445, False, 1
2808,0, 445, False, 1
2809,0, 445, False, 1
2810,0, 445, False, 1
2811,0, 445, False, 1
2812,0, 445, False, 1
2813,0, 445, False, 1
2814,0, 445, False, 1
2815,0, 445, False, 1
2816,0, 445, False, 1
2817,0, 445, False, 1
2818,0, 445, False, 1
2819,0, 445, False, 1
2820,0, 445, False, 1
2821,0, 445, False, 1
2822,0, 445, False, 1
2823,0, 445, False, 1
2824,0, 445, False, 1
2825,0, 445, False, 1
2826,0, 445, False, 1
2827,0, 445, False, 1
2828,0, 445, False, 1
2829,0, 445, False, 1
2830,0, 445, False, 1
2831,0, 445, False, 1
2832,0, 445, False, 1
2833,0, 445, False, 1
2834,0, 445, False, 1
2835,0, 445, False, 1
2836,0, 445, False, 1
2837,0, 445, False, 1
2838,0, 445, False, 1
2839,0, 445, False, 1
2840,0, 445, False, 1
2841,0, 445, False, 1
2842,0, 445, False, 1
2843,0, 445, False, 1
2844,0, 445, False, 1
2845,0, 445, False, 1
2846,0, 445, False, 1
2847,0, 445, False, 1
2848,0, 445, False, 1
2849,0, 445, False, 1
2850,0, 445, False, 1
2851,0, 445, False, 1
2852,0, 445, False, 1
2853,0, 445, False, 1
2854,0, 445, False, 1
2855,0, 445, False, 1
2856,0, 445, False, 1
2857,0, 445, False, 1
2858,0, 445, False, 1
2859,0, 445, False, 1
2860,0, 445, False, 1
2861,0, 445, False, 1
2862,0, 445, False, 1
2863,0, 445, False, 1
2864,0, 445, False, 1
2865,0, 445, False, 1
2866,0, 445, False, 1
2867,0, 445, False, 1
2868,0, 445, False, 1
2869,0, 445, False, 1
2870,0, 445, False, 1
2871,0, 445, False, 1
2872,0, 445, False, 1
2873,0, 445, False, 1
2874,25, 470, False, 1
2875,0, 470, False, 1
2876,0, 470, False, 11
2877,0, 470, False, 11
2878,0, 470, False, 11
2879,0, 470, False, 11
2880,0, 470, False, 11
2881,0, 470, False, 11
2882,0, 470, False, 11
2883,0, 470, False, 11
2884,0, 470, False, 11
2885,0, 470, False, 11
2886,0, 470, False, 11
2887,0, 470, False, 11
2888,0, 470, False, 11
2889,0, 470, False, 11
2890,0, 470, False, 11
2891,0, 470, False, 11
2892,0, 470, False, 11
2893,0, 470, False, 11
2894,0, 470, False, 11
2895,0, 470, False, 11
2896,0, 470, False, 11
2897,0, 470, False, 11
2898,0, 470, False, 11
2899,0, 470, False, 11
2900,0, 470, False, 11
2901,0, 470, False, 11
2902,0, 470, False, 11
2903,0, 470, False, 11
2904,0, 470, False, 11
2905,0, 470, False, 11
2906,0, 470, False, 11
2907,0, 470, False, 11
2908,0, 470, False, 11
2909,0, 470, False, 11
2910,0, 470, False, 11
2911,0, 470, False, 11
2912,0, 470, False, 11
2913,0, 470, False, 11
2914,0, 470, False, 11
2915,0, 470, False, 11
2916,0, 470, False, 11
2917,0, 470, False, 11
2918,0, 470, False, 11
2919,0, 470, False, 11
2920,0, 470, False, 11
2921,0, 470, False, 11
2922,0, 470, False, 11
2923,0, 470, False, 11
2924,0, 470, False, 11
2925,0, 470, False, 11
2926,0, 470, False, 11
2927,0, 470, False, 11
2928,0, 470, False, 11
2929,0, 470, False, 11
2930,0, 470, False, 11
2931,0, 470, False, 11
2932,0, 470, False, 11
2933,0, 470, False, 11
2934,0, 470, False, 1
2935,0, 470, False, 1
2936,0, 470, False, 1
2937,0, 470, False, 1
2938,0, 470, False, 1
2939,0, 470, False, 1
2940,0, 470, False, 1
2941,0, 470, False, 1
2942,0, 470, False, 11
2943,0, 470, False, 11
2944,0, 470, False, 11
2945,0, 470, False, 11
2946,0, 470, False, 1
2947,0, 470, False, 1
2948,0, 470, False, 1
2949,0, 470, False, 1
2950,0, 470, False, 1
2951,0, 470, False, 1
2952,0, 470, False, 1
2953,0, 470, False, 1
2954,0, 470, False, 1
2955,0, 470, False, 1
2956,0, 470, False, 1
2957,0, 470, False, 1
2958,0, 470, False, 1
2959,0, 470, False, 1
2960,0, 470, False, 1
2961,0, 470, False, 1
2962,0, 470, False, 1
2963,0, 470, False, 1
2964,0, 470, False, 1
2965,0, 470, False, 1
2966,0, 470, False, 1
2967,0, 470, False, 1
2968,0, 470, False, 1
2969,0, 470, False, 1
2970,0, 470, False, 1
2971,0, 470, False, 1
2972,0, 470, False, 1
2973,0, 470, False, 1
2974,0, 470, False, 1
2975,0, 470, False, 1
2976,0, 470, False, 1
2977,0, 470, False, 1
2978,0, 470, False, 1
2979,0, 470, False, 1
2980,0, 470, False, 1
2981,0, 470, False, 1
2982,0, 470, False, 1
2983,0, 470, False, 1
2984,0, 470, False, 1
2985,0, 470, False, 1
2986,0, 470, False, 1
2987,0, 470, False, 1
2988,0, 470, False, 1
2989,0, 470, False, 1
2990,0, 470, False, 1
2991,0, 470, False, 1
2992,0, 470, False, 1
2993,0, 470, False, 1
2994,0, 470, False, 1
2995,0, 470, False, 12
2996,0, 470, False, 12
2997,0, 470, False, 12
2998,0, 470, False, 12
2999,0, 470, False, 12
3000,0, 470, False, 12
3001,0, 470, False, 12
3002,0, 470, False, 12
3003,0, 470, False, 12
3004,0, 470, False, 12
3005,0, 470, False, 12
3006,0, 470, False, 12
3007,0, 470, False, 12
3008,0, 470, False, 12
3009,0, 470, False, 12
3010,0, 470, False, 12
3011,0, 470, False, 12
3012,0, 470, False, 12
3013,0, 470, False, 12
3014,30, 500, False, 12
3015,0, 500, False, 12
3016,0, 500, False, 12
3017,0, 500, False, 12
3018,0, 500, False, 12
3019,0, 500, False, 12
3020,0, 500, False, 12
3021,0, 500, False, 12
3022,0, 500, False, 12
3023,0, 500, False, 12
3024,0, 500, False, 12
3025,0, 500, False, 12
3026,0, 500, False, 12
3027,0, 500, False, 12
3028,0, 500, False, 12
3029,0, 500, False, 12
3030,0, 500, False, 12
3031,0, 500, False, 12
3032,0, 500, False, 12
3033,0, 500, False, 12
3034,0, 500, False, 12
3035,0, 500, False, 12
3036,0, 500, False, 12
3037,0, 500, False, 1
3038,0, 500, False, 1
3039,0, 500, False, 1
3040,0, 500, False, 1
3041,0, 500, False, 1
3042,0, 500, False, 1
3043,0, 500, False, 1
3044,0, 500, False, 12
3045,0, 500, False, 12
3046,0, 500, False, 12
3047,0, 500, False, 12
3048,0, 500, False, 12
3049,0, 500, False, 12
3050,0, 500, False, 12
3051,0, 500, False, 12
3052,0, 500, False, 12
3053,0, 500, False, 12
3054,0, 500, False, 1
3055,0, 500, False, 1
3056,0, 500, False, 1
3057,0, 500, False, 1
3058,0, 500, False, 1
3059,0, 500, False, 1
3060,0, 500, False, 1
3061,0, 500, False, 1
3062,0, 500, False, 1
3063,0, 500, False, 1
3064,0, 500, False, 1
3065,0, 500, False, 1
3066,0, 500, False, 1
3067,0, 500, False, 0
3068,0, 500, False, 0
3069,0, 500, False, 0
3070,0, 500, False, 0
3071,0, 500, False, 0
3072,0, 500, False, 0
3073,0, 500, False, 0
3074,0, 500, False, 0
3075,0, 500, False, 0
3076,0, 500, False, 0
3077,0, 500, False, 0
3078,0, 500, False, 0
3079,0, 500, False, 0
3080,0, 500, False, 0
3081,0, 500, False, 0
3082,0, 500, False, 0
3083,0, 500, False, 0
3084,0, 500, False, 0
3085,0, 500, False, 0
3086,0, 500, False, 0
3087,0, 500, False, 0
3088,0, 500, False, 0
3089,0, 500, False, 0
3090,0, 500, False, 0
3091,0, 500, False, 0
3092,0, 500, False, 0
3093,0, 500, False, 0
3094,0, 500, False, 0
3095,0, 500, False, 0
3096,0, 500, False, 0
3097,0, 500, False, 0
3098,0, 500, False, 0
3099,0, 500, False, 0
3100,0, 500, False, 0
3101,0, 500, False, 0
3102,0, 500, False, 0
3103,0, 500, False, 0
3104,0, 500, False, 0
3105,0, 500, False, 0
3106,0, 500, False, 0
3107,0, 500, False, 0
3108,0, 500, False, 0
3109,0, 500, False, 0
3110,0, 500, False, 0
3111,0, 500, False, 0
3112,0, 500, False, 0
3113,0, 500, False, 0
3114,0, 500, False, 0
3115,0, 500, False, 0
3116,0, 500, False, 0
3117,0, 500, False, 0
3118,0, 500, False, 0
3119,0, 500, False, 0
3120,0, 500, False, 0
3121,0, 500, False, 0
3122,0, 500, False, 0
3123,0, 500, False, 0
3124,0, 500, False, 0
3125,0, 500, False, 0
3126,0, 500, False, 0
3127,0, 500, False, 0
3128,0, 500, False, 0
3129,0, 500, False, 0
3130,0, 500, False, 0
3131,0, 500, False, 0
3132,0, 500, False, 0
3133,0, 500, False, 0
3134,0, 500, False, 0
3135,0, 500, False, 0
3136,0, 500, False, 0
3137,0, 500, False, 0
3138,0, 500, False, 0
3139,0, 500, False, 0
3140,0, 500, False, 0
3141,0, 500, False, 0
3142,0, 500, False, 0
3143,0, 500, False, 0
3144,0, 500, False, 0
3145,0, 500, False, 0
3146,0, 500, False, 0
3147,0, 500, False, 0
3148,0, 500, False, 0
3149,0, 500, False, 0
3150,0, 500, False, 0
3151,0, 500, False, 0
3152,0, 500, False, 0
3153,0, 500, False, 0
3154,0, 500, False, 0
3155,0, 500, False, 0
3156,0, 500, False, 0
3157,0, 500, False, 0
3158,0, 500, False, 0
3159,0, 500, False, 0
3160,0, 500, False, 0
3161,0, 500, False, 0
3162,0, 500, False, 0
3163,0, 500, False, 0
3164,0, 500, False, 0
3165,0, 500, False, 0
3166,0, 500, False, 0
3167,0, 500, False, 0
3168,0, 500, False, 0
3169,0, 500, False, 0
3170,0, 500, False, 0
3171,0, 500, False, 0
3172,0, 500, False, 0
3173,0, 500, False, 0
3174,0, 500, False, 0
3175,0, 500, False, 0
3176,0, 500, False, 0
3177,0, 500, False, 0
3178,0, 500, False, 0
3179,0, 500, False, 0
3180,0, 500, False, 0
3181,0, 500, False, 3
3182,0, 500, False, 3
3183,0, 500, False, 3
3184,0, 500, False, 3
3185,0, 500, False, 3
3186,0, 500, False, 3
3187,0, 500, False, 3
3188,0, 500, False, 3
3189,0, 500, False, 3
3190,0, 500, False, 3
3191,0, 500, False, 3
3192,0, 500, False, 3
3193,0, 500, False, 3
3194,0, 500, False, 3
3195,0, 500, False, 3
3196,0, 500, False, 3
3197,0, 500, False, 3
3198,0, 500, False, 3
3199,0, 500, False, 3
3200,0, 500, False, 3
3201,0, 500, False, 3
3202,0, 500, False, 3
3203,0, 500, False, 3
3204,0, 500, False, 3
3205,0, 500, False, 3
3206,0, 500, False, 3
3207,0, 500, False, 3
3208,0, 500, False, 3
3209,0, 500, False, 3
3210,0, 500, False, 3
3211,0, 500, False, 3
3212,0, 500, False, 3
3213,0, 500, False, 3
3214,0, 500, False, 3
3215,0, 500, False, 3
3216,0, 500, False, 3
3217,0, 500, False, 3
3218,0, 500, False, 3
3219,0, 500, False, 3
3220,0, 500, False, 3
3221,0, 500, False, 3
3222,0, 500, False, 11
3223,0, 500, False, 11
3224,0, 500, False, 11
3225,0, 500, False, 11
3226,0, 500, False, 11
3227,0, 500, False, 11
3228,0, 500, False, 11
3229,0, 500, False, 11
3230,0, 500, False, 11
3231,0, 500, False, 11
3232,0, 500, False, 11
3233,0, 500, False, 11
3234,0, 500, False, 3
3235,0, 500, False, 3
3236,0, 500, False, 3
3237,0, 500, False, 3
3238,0, 500, False, 3
3239,0, 500, False, 0
3240,0, 500, False, 0
3241,0, 500, False, 0
3242,0, 500, False, 0
3243,0, 500, False, 0
3244,0, 500, False, 0
3245,0, 500, False, 0
3246,0, 500, False, 0
3247,0, 500, False, 0
3248,0, 500, False, 0
3249,0, 500, False, 0
3250,0, 500, False, 0
3251,0, 500, False, 0
3252,0, 500, False, 0
3253,0, 500, False, 0
3254,0, 500, False, 1
3255,0, 500, False, 1
3256,0, 500, False, 1
3257,0, 500, False, 1
3258,0, 500, False, 1
3259,0, 500, False, 1
3260,0, 500, False, 1
3261,0, 500, False, 1
3262,0, 500, False, 1
3263,0, 500, False, 1
3264,0, 500, False, 1
3265,0, 500, False, 1
3266,0, 500, False, 1
3267,0, 500, False, 1
3268,0, 500, False, 1
3269,0, 500, False, 1
3270,0, 500, False, 1
3271,0, 500, False, 1
3272,0, 500, False, 1
3273,0, 500, False, 1
3274,0, 500, False, 1
3275,0, 500, False, 1
3276,0, 500, False, 1
3277,0, 500, False, 1
3278,0, 500, False, 1
3279,0, 500, False, 1
3280,0, 500, False, 1
3281,0, 500, False, 1
3282,0, 500, False, 1
3283,0, 500, False, 1
3284,0, 500, False, 1
3285,0, 500, False, 1
3286,0, 500, False, 1
3287,0, 500, False, 1
3288,0, 500, False, 1
3289,0, 500, False, 1
3290,0, 500, False, 1
3291,0, 500, False, 12
3292,0, 500, False, 12
3293,0, 500, False, 12
3294,0, 500, False, 12
3295,0, 500, False, 12
3296,0, 500, False, 12
3297,0, 500, False, 12
3298,0, 500, False, 12
3299,0, 500, False, 12
3300,0, 500, False, 12
3301,0, 500, False, 12
3302,0, 500, False, 1
3303,0, 500, False, 1
3304,0, 500, False, 1
3305,0, 500, False, 1
3306,0, 500, False, 1
3307,0, 500, False, 1
3308,0, 500, False, 1
3309,0, 500, False, 1
3310,0, 500, False, 1
3311,0, 500, False, 1
3312,0, 500, False, 12
3313,0, 500, False, 12
3314,0, 500, False, 12
3315,0, 500, False, 12
3316,0, 500, False, 12
3317,0, 500, False, 12
3318,0, 500, False, 12
3319,0, 500, False, 1
3320,0, 500, False, 1
3321,0, 500, False, 1
3322,0, 500, False, 1
3323,0, 500, False, 1
3324,0, 500, False, 1
3325,0, 500, False, 1
3326,0, 500, False, 1
3327,0, 500, False, 1
3328,0, 500, False, 1
3329,0, 500, False, 1
3330,0, 500, False, 1
3331,0, 500, False, 1
3332,0, 500, False, 1
3333,0, 500, False, 1
3334,0, 500, False, 1
3335,0, 500, False, 1
3336,0, 500, False, 1
3337,0, 500, False, 1
3338,0, 500, False, 1
3339,0, 500, False, 1
3340,0, 500, False, 1
3341,0, 500, False, 1
3342,0, 500, False, 1
3343,0, 500, False, 1
3344,0, 500, False, 1
3345,0, 500, False, 1
3346,0, 500, False, 1
3347,0, 500, False, 1
3348,0, 500, False, 1
3349,0, 500, False, 1
3350,0, 500, False, 1
3351,0, 500, False, 1
3352,0, 500, False, 1
3353,0, 500, False, 1
3354,0, 500, False, 1
3355,0, 500, False, 1
3356,0, 500, False, 1
3357,0, 500, False, 1
3358,0, 500, False, 1
3359,0, 500, False, 1
3360,0, 500, False, 1
3361,0, 500, False, 1
3362,30, 530, False, 1
3363,0, 530, False, 1
3364,0, 530, False, 1
3365,0, 530, False, 1
3366,0, 530, False, 1
3367,0, 530, False, 1
3368,0, 530, False, 1
3369,0, 530, False, 1
3370,0, 530, False, 1
3371,0, 530, False, 1
3372,0, 530, False, 1
3373,0, 530, False, 1
3374,0, 530, False, 1
3375,0, 530, False, 1
3376,0, 530, False, 1
3377,0, 530, False, 1
3378,0, 530, False, 1
3379,0, 530, False, 1
3380,0, 530, False, 1
3381,0, 530, False, 1
3382,0, 530, False, 1
3383,0, 530, False, 1
3384,0, 530, False, 11
3385,0, 530, False, 11
3386,0, 530, False, 11
3387,0, 530, False, 11
3388,0, 530, False, 11
3389,0, 530, False, 11
3390,0, 530, False, 11
3391,0, 530, False, 11
3392,0, 530, False, 11
3393,0, 530, False, 11
3394,0, 530, False, 11
3395,0, 530, False, 1
3396,0, 530, False, 1
3397,0, 530, False, 1
3398,0, 530, False, 1
3399,0, 530, False, 1
3400,0, 530, False, 1
3401,0, 530, False, 1
3402,0, 530, False, 1
3403,0, 530, False, 1
3404,0, 530, False, 1
3405,0, 530, False, 1
3406,0, 530, False, 1
3407,0, 530, False, 1
3408,0, 530, False, 1
3409,0, 530, False, 1
3410,0, 530, False, 1
3411,0, 530, False, 1
3412,0, 530, False, 1
3413,0, 530, False, 1
3414,0, 530, False, 12
3415,0, 530, False, 12
3416,0, 530, False, 12
3417,0, 530, False, 12
3418,0, 530, False, 12
3419,0, 530, False, 12
3420,0, 530, False, 1
3421,0, 530, False, 1
3422,0, 530, False, 1
3423,0, 530, False, 1
3424,0, 530, False, 1
3425,0, 530, False, 1
3426,0, 530, False, 1
3427,0, 530, False, 1
3428,0, 530, False, 1
3429,0, 530, False, 1
3430,0, 530, False, 1
3431,0, 530, False, 1
3432,0, 530, False, 1
3433,0, 530, False, 1
3434,0, 530, False, 1
3435,0, 530, False, 1
3436,0, 530, False, 1
3437,0, 530, False, 1
3438,0, 530, False, 1
3439,0, 530, False, 1
3440,0, 530, False, 1
3441,0, 530, False, 1
3442,0, 530, False, 11
3443,0, 530, False, 11
3444,0, 530, False, 11
3445,0, 530, False, 11
3446,0, 530, False, 11
3447,0, 530, False, 11
3448,0, 530, False, 11
3449,0, 530, False, 11
3450,0, 530, False, 11
3451,0, 530, False, 1
3452,0, 530, False, 1
3453,0, 530, False, 1
3454,0, 530, False, 1
3455,0, 530, False, 1
3456,0, 530, False, 1
3457,0, 530, False, 1
3458,0, 530, False, 1
3459,0, 530, False, 1
3460,0, 530, False, 1
3461,0, 530, False, 1
3462,0, 530, False, 1
3463,0, 530, False, 1
3464,0, 530, False, 1
3465,0, 530, False, 1
3466,0, 530, False, 1
3467,0, 530, False, 1
3468,0, 530, False, 1
3469,0, 530, False, 1
3470,0, 530, False, 1
3471,0, 530, False, 1
3472,0, 530, False, 1
3473,0, 530, False, 1
3474,0, 530, False, 1
3475,0, 530, False, 1
3476,0, 530, False, 1
3477,0, 530, False, 1
3478,0, 530, False, 1
3479,0, 530, False, 1
3480,0, 530, False, 1
3481,0, 530, False, 1
3482,0, 530, False, 1
3483,0, 530, False, 11
3484,0, 530, False, 11
3485,0, 530, False, 11
3486,0, 530, False, 11
3487,0, 530, False, 11
3488,0, 530, False, 11
3489,0, 530, False, 11
3490,0, 530, False, 1
3491,0, 530, False, 1
3492,0, 530, False, 1
3493,0, 530, False, 1
3494,0, 530, False, 1
3495,0, 530, False, 1
3496,0, 530, False, 1
3497,0, 530, False, 1
3498,0, 530, False, 1
3499,0, 530, False, 1
3500,0, 530, False, 1
3501,0, 530, False, 1
3502,0, 530, False, 1
3503,0, 530, False, 1
3504,0, 530, False, 1
3505,0, 530, False, 1
3506,0, 530, False, 1
3507,0, 530, False, 1
3508,0, 530, False, 1
3509,0, 530, False, 1
3510,0, 530, False, 1
3511,0, 530, False, 1
3512,0, 530, False, 1
3513,0, 530, False, 1
3514,0, 530, False, 1
3515,0, 530, False, 0
3516,0, 530, False, 0
3517,0, 530, False, 0
3518,0, 530, False, 0
3519,0, 530, False, 0
3520,0, 530, False, 0
3521,0, 530, False, 0
3522,0, 530, False, 0
3523,0, 530, False, 0
3524,0, 530, False, 0
3525,0, 530, False, 0
3526,0, 530, False, 0
3527,0, 530, False, 0
3528,0, 530, False, 0
3529,0, 530, False, 0
3530,0, 530, False, 0
3531,0, 530, False, 0
3532,0, 530, False, 0
3533,0, 530, False, 0
3534,0, 530, False, 0
3535,0, 530, False, 0
3536,0, 530, False, 0
3537,0, 530, False, 0
3538,0, 530, False, 0
3539,0, 530, False, 0
3540,0, 530, False, 0
3541,0, 530, False, 0
3542,0, 530, False, 0
3543,0, 530, False, 0
3544,0, 530, False, 0
3545,0, 530, False, 0
3546,0, 530, False, 0
3547,0, 530, False, 0
3548,0, 530, False, 0
3549,0, 530, False, 0
3550,0, 530, False, 0
3551,0, 530, False, 0
3552,0, 530, False, 0
3553,0, 530, False, 0
3554,0, 530, False, 0
3555,0, 530, False, 0
3556,0, 530, False, 0
3557,0, 530, False, 0
3558,0, 530, False, 0
3559,0, 530, False, 0
3560,0, 530, False, 0
3561,0, 530, False, 0
3562,0, 530, False, 0
3563,0, 530, False, 0
3564,0, 530, False, 0
3565,0, 530, False, 0
3566,0, 530, False, 0
3567,0, 530, False, 0
3568,0, 530, False, 0
3569,0, 530, False, 0
3570,0, 530, False, 0
3571,0, 530, False, 0
3572,0, 530, False, 0
3573,0, 530, False, 0
3574,0, 530, False, 0
3575,0, 530, False, 0
3576,0, 530, False, 0
3577,0, 530, False, 0
3578,0, 530, False, 0
3579,0, 530, False, 0
3580,0, 530, False, 0
3581,0, 530, False, 0
3582,0, 530, False, 0
3583,0, 530, False, 0
3584,0, 530, False, 0
3585,0, 530, False, 0
3586,0, 530, False, 0
3587,0, 530, False, 0
3588,0, 530, False, 0
3589,0, 530, False, 4
3590,0, 530, False, 4
3591,0, 530, False, 4
3592,0, 530, False, 4
3593,0, 530, False, 4
3594,0, 530, False, 4
3595,0, 530, False, 4
3596,0, 530, False, 4
3597,0, 530, False, 4
3598,0, 530, False, 4
3599,0, 530, False, 4
3600,0, 530, False, 4
3601,0, 530, False, 4
3602,0, 530, False, 4
3603,0, 530, False, 4
3604,0, 530, False, 4
3605,0, 530, False, 4
3606,0, 530, False, 4
3607,0, 530, False, 4
3608,0, 530, False, 4
3609,0, 530, False, 4
3610,0, 530, False, 4
3611,0, 530, False, 4
3612,0, 530, False, 4
3613,0, 530, False, 4
3614,0, 530, False, 4
3615,0, 530, False, 4
3616,0, 530, False, 4
3617,0, 530, False, 4
3618,0, 530, False, 4
3619,0, 530, False, 4
3620,0, 530, False, 4
3621,0, 530, False, 4
3622,0, 530, False, 4
3623,0, 530, False, 4
3624,0, 530, False, 4
3625,0, 530, False, 4
3626,0, 530, False, 4
3627,0, 530, False, 4
3628,0, 530, False, 4
3629,0, 530, False, 4
3630,0, 530, False, 4
3631,0, 530, False, 4
3632,0, 530, False, 4
3633,0, 530, False, 4
3634,0, 530, False, 4
3635,0, 530, False, 4
3636,0, 530, False, 4
3637,0, 530, False, 4
3638,0, 530, False, 4
3639,0, 530, False, 4
3640,0, 530, False, 4
3641,0, 530, False, 4
3642,0, 530, False, 4
3643,0, 530, False, 4
3644,0, 530, False, 4
3645,0, 530, False, 4
3646,0, 530, False, 4
3647,0, 530, False, 4
3648,0, 530, False, 4
3649,0, 530, False, 4
3650,0, 530, False, 0
3651,0, 530, False, 0
3652,0, 530, False, 1
3653,0, 530, False, 1
3654,0, 530, False, 1
3655,0, 530, False, 11
3656,0, 530, False, 11
3657,0, 530, False, 11
3658,0, 530, False, 11
3659,0, 530, False, 11
3660,0, 530, False, 11
3661,0, 530, False, 11
3662,0, 530, False, 11
3663,0, 530, False, 11
3664,0, 530, False, 11
3665,0, 530, False, 11
3666,0, 530, False, 11
3667,0, 530, False, 1
3668,10, 540, False, 1
3669,0, 540, False, 1
3670,0, 540, False, 1
3671,0, 540, False, 1
3672,0, 540, False, 1
3673,0, 540, False, 1
3674,0, 540, False, 1
3675,0, 540, False, 1
3676,0, 540, False, 1
3677,0, 540, False, 1
3678,0, 540, False, 1
3679,0, 540, False, 1
3680,0, 540, False, 1
3681,0, 540, False, 1
3682,0, 540, False, 1
3683,0, 540, False, 1
3684,0, 540, False, 1
3685,0, 540, False, 1
3686,0, 540, False, 1
3687,0, 540, False, 1
3688,0, 540, False, 1
3689,0, 540, False, 1
3690,0, 540, False, 1
3691,0, 540, False, 1
3692,0, 540, False, 1
3693,0, 540, False, 1
3694,0, 540, False, 1
3695,0, 540, False, 1
3696,0, 540, False, 11
3697,0, 540, False, 11
3698,0, 540, False, 11
3699,0, 540, False, 11
3700,0, 540, False, 11
3701,0, 540, False, 11
3702,0, 540, False, 11
3703,0, 540, False, 11
3704,0, 540, False, 11
3705,0, 540, False, 11
3706,0, 540, False, 11
3707,0, 540, False, 11
3708,0, 540, False, 11
3709,0, 540, False, 11
3710,0, 540, False, 11
3711,0, 540, False, 11
3712,0, 540, False, 11
3713,0, 540, False, 11
3714,15, 555, False, 11
3715,0, 555, False, 1
3716,0, 555, False, 1
3717,0, 555, False, 1
3718,0, 555, False, 1
3719,0, 555, False, 1
3720,0, 555, False, 1
3721,0, 555, False, 1
3722,0, 555, False, 1
3723,0, 555, False, 1
3724,0, 555, False, 1
3725,0, 555, False, 1
3726,0, 555, False, 1
3727,0, 555, False, 1
3728,0, 555, False, 1
3729,0, 555, False, 1
3730,0, 555, False, 1
3731,0, 555, False, 1
3732,0, 555, False, 1
3733,0, 555, False, 1
3734,0, 555, False, 1
3735,0, 555, False, 1
3736,0, 555, False, 1
3737,0, 555, False, 1
3738,0, 555, False, 1
3739,0, 555, False, 11
3740,0, 555, False, 11
3741,0, 555, False, 11
3742,0, 555, False, 11
3743,0, 555, False, 11
3744,0, 555, False, 11
3745,0, 555, False, 11
3746,0, 555, False, 11
3747,0, 555, False, 11
3748,0, 555, False, 11
3749,0, 555, False, 11
3750,0, 555, False, 11
3751,0, 555, False, 11
3752,0, 555, False, 11
3753,0, 555, False, 11
3754,0, 555, False, 11
3755,0, 555, False, 11
3756,0, 555, False, 11
3757,0, 555, False, 11
3758,0, 555, False, 11
3759,0, 555, False, 11
3760,0, 555, False, 11
3761,0, 555, False, 11
3762,0, 555, False, 11
3763,0, 555, False, 11
3764,0, 555, False, 11
3765,0, 555, False, 11
3766,0, 555, False, 11
3767,0, 555, False, 11
3768,0, 555, False, 11
3769,0, 555, False, 11
3770,0, 555, False, 11
3771,0, 555, False, 11
3772,0, 555, False, 11
3773,0, 555, False, 11
3774,0, 555, False, 11
3775,0, 555, False, 11
3776,0, 555, False, 11
3777,0, 555, False, 11
3778,0, 555, False, 11
3779,0, 555, False, 11
3780,0, 555, False, 11
3781,0, 555, False, 11
3782,0, 555, False, 11
3783,0, 555, False, 11
3784,0, 555, False, 11
3785,0, 555, False, 11
3786,0, 555, False, 11
3787,0, 555, False, 11
3788,0, 555, False, 11
3789,0, 555, False, 11
3790,0, 555, False, 11
3791,0, 555, False, 11
3792,0, 555, False, 11
3793,0, 555, False, 11
3794,0, 555, False, 11
3795,0, 555, False, 11
3796,0, 555, False, 11
3797,0, 555, False, 11
3798,0, 555, False, 11
3799,0, 555, False, 11
3800,0, 555, False, 11
3801,0, 555, False, 11
3802,0, 555, False, 11
3803,0, 555, False, 11
3804,0, 555, False, 11
3805,0, 555, False, 11
3806,0, 555, False, 11
3807,0, 555, False, 11
3808,0, 555, False, 11
3809,0, 555, False, 11
3810,0, 555, False, 11
3811,0, 555, False, 11
3812,0, 555, False, 11
3813,0, 555, False, 11
3814,0, 555, False, 11
3815,0, 555, False, 11
3816,0, 555, False, 11
3817,0, 555, False, 11
3818,0, 555, False, 11
3819,0, 555, False, 11
3820,0, 555, False, 11
3821,0, 555, False, 11
3822,0, 555, False, 11
3823,0, 555, False, 11
3824,0, 555, False, 11
3825,0, 555, False, 11
3826,0, 555, False, 11
3827,0, 555, False, 11
3828,0, 555, False, 11
3829,0, 555, False, 11
3830,0, 555, False, 11
3831,0, 555, False, 11
3832,0, 555, False, 11
3833,0, 555, False, 11
3834,0, 555, False, 11
3835,0, 555, False, 11
3836,0, 555, False, 11
3837,0, 555, False, 11
3838,0, 555, False, 11
3839,0, 555, False, 11
3840,0, 555, False, 11
3841,0, 555, False, 11
3842,0, 555, False, 11
3843,0, 555, False, 11
3844,0, 555, False, 11
3845,0, 555, False, 11
3846,0, 555, False, 11
3847,0, 555, False, 11
3848,0, 555, False, 11
3849,0, 555, False, 11
3850,0, 555, False, 11
3851,0, 555, False, 11
3852,0, 555, False, 11
3853,0, 555, False, 11
3854,0, 555, False, 11
3855,0, 555, False, 11
3856,0, 555, False, 11
3857,0, 555, False, 11
3858,0, 555, False, 11
3859,0, 555, False, 11
3860,0, 555, False, 11
3861,0, 555, False, 11
3862,0, 555, False, 11
3863,0, 555, False, 11
3864,0, 555, False, 11
3865,0, 555, False, 11
3866,0, 555, False, 11
3867,0, 555, False, 11
3868,0, 555, False, 11
3869,0, 555, False, 11
3870,0, 555, False, 11
3871,0, 555, False, 11
3872,0, 555, False, 11
3873,0, 555, False, 11
3874,0, 555, False, 11
3875,0, 555, False, 11
3876,0, 555, False, 11
3877,0, 555, False, 11
3878,0, 555, False, 11
3879,0, 555, False, 11
3880,0, 555, False, 11
3881,0, 555, False, 11
3882,0, 555, False, 11
3883,0, 555, False, 11
3884,0, 555, False, 11
3885,0, 555, False, 11
3886,0, 555, False, 11
3887,0, 555, False, 11
3888,0, 555, False, 11
3889,0, 555, False, 11
3890,0, 555, False, 11
3891,0, 555, False, 11
3892,0, 555, False, 11
3893,0, 555, False, 11
3894,0, 555, False, 11
3895,0, 555, False, 11
3896,0, 555, False, 11
3897,0, 555, False, 11
3898,0, 555, False, 11
3899,0, 555, False, 11
3900,0, 555, False, 11
3901,0, 555, False, 11
3902,0, 555, False, 11
3903,0, 555, False, 11
3904,0, 555, False, 11
3905,0, 555, False, 11
3906,0, 555, False, 11
3907,0, 555, False, 11
3908,0, 555, False, 11
3909,0, 555, False, 1
3910,0, 555, False, 1
3911,0, 555, False, 1
3912,0, 555, False, 1
3913,0, 555, False, 1
3914,0, 555, False, 1
3915,0, 555, False, 1
3916,0, 555, False, 1
3917,0, 555, False, 1
3918,0, 555, False, 0
3919,0, 555, False, 0
3920,0, 555, False, 0
3921,0, 555, False, 0
3922,0, 555, False, 0
3923,0, 555, False, 0
3924,0, 555, False, 3
3925,0, 555, False, 3
3926,0, 555, False, 3
3927,0, 555, False, 3
3928,0, 555, False, 3
3929,0, 555, False, 3
3930,0, 555, False, 3
3931,0, 555, False, 3
3932,0, 555, False, 3
3933,0, 555, False, 3
3934,0, 555, False, 3
3935,0, 555, False, 3
3936,0, 555, False, 3
3937,0, 555, False, 3
3938,0, 555, False, 3
3939,0, 555, False, 3
3940,0, 555, False, 3
3941,0, 555, False, 3
3942,0, 555, False, 3
3943,0, 555, False, 3
3944,0, 555, False, 3
3945,0, 555, False, 3
3946,0, 555, False, 3
3947,0, 555, False, 3
3948,0, 555, False, 3
3949,0, 555, False, 3
3950,0, 555, False, 0
3951,0, 555, False, 4
3952,0, 555, False, 4
3953,0, 555, False, 4
3954,0, 555, False, 4
3955,0, 555, False, 4
3956,0, 555, False, 4
3957,0, 555, False, 4
3958,0, 555, False, 4
3959,0, 555, False, 4
3960,0, 555, False, 4
3961,0, 555, False, 4
3962,0, 555, False, 4
3963,0, 555, False, 4
3964,0, 555, False, 4
3965,0, 555, False, 4
3966,0, 555, False, 4
3967,0, 555, False, 4
3968,0, 555, False, 4
3969,0, 555, False, 4
3970,0, 555, False, 4
3971,0, 555, False, 4
3972,0, 555, False, 4
3973,0, 555, False, 4
3974,0, 555, False, 4
3975,0, 555, False, 4
3976,0, 555, False, 4
3977,0, 555, False, 4
3978,0, 555, False, 4
3979,0, 555, False, 4
3980,0, 555, False, 4
3981,0, 555, False, 4
3982,0, 555, False, 4
3983,0, 555, False, 4
3984,0, 555, False, 4
3985,0, 555, False, 4
3986,0, 555, False, 4
3987,0, 555, False, 4
3988,0, 555, False, 4
3989,0, 555, False, 4
3990,0, 555, False, 4
3991,0, 555, False, 4
3992,0, 555, False, 4
3993,0, 555, False, 0
3994,0, 555, False, 0
3995,0, 555, False, 0
3996,0, 555, False, 0
3997,0, 555, False, 0
3998,0, 555, False, 0
3999,0, 555, False, 0
4000,0, 555, False, 0
4001,0, 555, False, 0
4002,0, 555, False, 0
4003,0, 555, False, 0
4004,0, 555, False, 0
4005,0, 555, False, 0
4006,0, 555, False, 0
4007,0, 555, False, 0
4008,0, 555, False, 0
4009,0, 555, False, 0
4010,0, 555, False, 0
4011,0, 555, False, 0
4012,0, 555, False, 0
4013,0, 555, False, 0
4014,0, 555, False, 0
4015,0, 555, False, 0
4016,0, 555, False, 0
4017,0, 555, False, 0
4018,0, 555, False, 0
4019,0, 555, False, 0
4020,0, 555, False, 0
4021,0, 555, False, 0
4022,0, 555, False, 0
4023,0, 555, False, 0
4024,0, 555, False, 0
4025,0, 555, False, 0
4026,0, 555, False, 0
4027,0, 555, False, 0
4028,0, 555, False, 0
4029,0, 555, False, 0
4030,0, 555, False, 0
4031,0, 555, False, 0
4032,0, 555, False, 0
4033,0, 555, False, 0
4034,0, 555, False, 0
4035,0, 555, False, 0
4036,0, 555, False, 0
4037,0, 555, False, 0
4038,0, 555, False, 0
4039,0, 555, False, 0
4040,0, 555, False, 0
4041,0, 555, False, 0
4042,0, 555, False, 0
4043,0, 555, False, 0
4044,0, 555, False, 0
4045,0, 555, False, 0
4046,0, 555, False, 0
4047,0, 555, False, 0
4048,0, 555, False, 0
4049,0, 555, False, 0
4050,0, 555, False, 0
4051,0, 555, False, 0
4052,0, 555, False, 0
4053,0, 555, False, 0
4054,0, 555, False, 0
4055,0, 555, False, 0
4056,0, 555, False, 0
4057,0, 555, False, 0
4058,0, 555, False, 0
4059,0, 555, False, 0
4060,0, 555, False, 0
4061,0, 555, False, 0
4062,0, 555, False, 0
4063,0, 555, False, 0
4064,0, 555, False, 0
4065,0, 555, False, 0
4066,0, 555, False, 0
4067,0, 555, False, 0
4068,0, 555, False, 0
4069,0, 555, False, 0
4070,0, 555, False, 0
4071,0, 555, False, 0
4072,0, 555, False, 0
4073,0, 555, False, 0
4074,0, 555, False, 0
4075,0, 555, False, 0
4076,0, 555, False, 0
4077,0, 555, False, 0
4078,0, 555, False, 0
4079,0, 555, False, 0
4080,0, 555, False, 0
4081,0, 555, False, 0
4082,0, 555, False, 0
4083,0, 555, True, 0
