db traj id : 3519
frame,reward,score,terminal, action
0,0, 0, False, 0
1,0, 0, False, 0
2,0, 0, False, 0
3,0, 0, False, 0
4,0, 0, False, 0
5,0, 0, False, 0
6,0, 0, False, 0
7,0, 0, False, 0
8,0, 0, False, 0
9,0, 0, False, 0
10,0, 0, False, 0
11,0, 0, False, 0
12,0, 0, False, 0
13,0, 0, False, 0
14,0, 0, False, 0
15,0, 0, False, 0
16,0, 0, False, 0
17,0, 0, False, 0
18,0, 0, False, 0
19,0, 0, False, 0
20,0, 0, False, 0
21,0, 0, False, 0
22,0, 0, False, 0
23,0, 0, False, 0
24,0, 0, False, 0
25,0, 0, False, 0
26,0, 0, False, 0
27,0, 0, False, 0
28,0, 0, False, 0
29,0, 0, False, 0
30,0, 0, False, 0
31,0, 0, False, 0
32,0, 0, False, 0
33,0, 0, False, 0
34,0, 0, False, 0
35,0, 0, False, 0
36,0, 0, False, 0
37,0, 0, False, 0
38,0, 0, False, 0
39,0, 0, False, 0
40,0, 0, False, 3
41,0, 0, False, 3
42,0, 0, False, 3
43,0, 0, False, 3
44,0, 0, False, 3
45,0, 0, False, 3
46,0, 0, False, 3
47,0, 0, False, 3
48,0, 0, False, 3
49,0, 0, False, 3
50,0, 0, False, 3
51,0, 0, False, 3
52,0, 0, False, 3
53,0, 0, False, 3
54,0, 0, False, 3
55,0, 0, False, 3
56,0, 0, False, 3
57,0, 0, False, 3
58,0, 0, False, 3
59,0, 0, False, 3
60,0, 0, False, 3
61,0, 0, False, 3
62,0, 0, False, 3
63,0, 0, False, 3
64,0, 0, False, 3
65,0, 0, False, 3
66,0, 0, False, 3
67,0, 0, False, 3
68,0, 0, False, 3
69,0, 0, False, 3
70,0, 0, False, 0
71,0, 0, False, 0
72,0, 0, False, 0
73,0, 0, False, 0
74,0, 0, False, 0
75,0, 0, False, 0
76,0, 0, False, 0
77,0, 0, False, 0
78,0, 0, False, 0
79,0, 0, False, 0
80,0, 0, False, 0
81,0, 0, False, 3
82,0, 0, False, 3
83,0, 0, False, 3
84,0, 0, False, 3
85,0, 0, False, 3
86,0, 0, False, 3
87,0, 0, False, 3
88,0, 0, False, 3
89,0, 0, False, 3
90,0, 0, False, 3
91,0, 0, False, 3
92,0, 0, False, 3
93,0, 0, False, 3
94,0, 0, False, 3
95,0, 0, False, 3
96,0, 0, False, 3
97,0, 0, False, 3
98,0, 0, False, 3
99,0, 0, False, 3
100,0, 0, False, 3
101,0, 0, False, 3
102,0, 0, False, 3
103,0, 0, False, 3
104,0, 0, False, 3
105,0, 0, False, 3
106,0, 0, False, 3
107,0, 0, False, 3
108,0, 0, False, 3
109,0, 0, False, 3
110,0, 0, False, 3
111,0, 0, False, 3
112,0, 0, False, 3
113,0, 0, False, 3
114,0, 0, False, 3
115,0, 0, False, 0
116,0, 0, False, 0
117,0, 0, False, 0
118,0, 0, False, 0
119,0, 0, False, 0
120,0, 0, False, 0
121,0, 0, False, 0
122,0, 0, False, 0
123,0, 0, False, 0
124,0, 0, False, 3
125,0, 0, False, 3
126,0, 0, False, 3
127,0, 0, False, 3
128,0, 0, False, 3
129,0, 0, False, 3
130,0, 0, False, 3
131,0, 0, False, 3
132,0, 0, False, 3
133,0, 0, False, 3
134,0, 0, False, 3
135,0, 0, False, 3
136,0, 0, False, 3
137,0, 0, False, 3
138,0, 0, False, 3
139,0, 0, False, 3
140,0, 0, False, 3
141,0, 0, False, 3
142,0, 0, False, 3
143,0, 0, False, 3
144,0, 0, False, 3
145,0, 0, False, 3
146,0, 0, False, 3
147,0, 0, False, 3
148,0, 0, False, 3
149,0, 0, False, 3
150,0, 0, False, 3
151,0, 0, False, 3
152,0, 0, False, 3
153,0, 0, False, 3
154,0, 0, False, 3
155,0, 0, False, 3
156,0, 0, False, 3
157,0, 0, False, 3
158,0, 0, False, 3
159,0, 0, False, 3
160,0, 0, False, 3
161,0, 0, False, 3
162,0, 0, False, 3
163,0, 0, False, 3
164,0, 0, False, 3
165,0, 0, False, 3
166,0, 0, False, 3
167,0, 0, False, 3
168,0, 0, False, 3
169,0, 0, False, 3
170,0, 0, False, 3
171,0, 0, False, 3
172,0, 0, False, 3
173,0, 0, False, 3
174,0, 0, False, 3
175,0, 0, False, 11
176,0, 0, False, 11
177,0, 0, False, 11
178,0, 0, False, 11
179,0, 0, False, 11
180,0, 0, False, 11
181,0, 0, False, 11
182,0, 0, False, 11
183,0, 0, False, 11
184,0, 0, False, 3
185,0, 0, False, 0
186,0, 0, False, 0
187,0, 0, False, 0
188,0, 0, False, 0
189,0, 0, False, 0
190,0, 0, False, 0
191,0, 0, False, 0
192,0, 0, False, 0
193,0, 0, False, 0
194,0, 0, False, 0
195,0, 0, False, 0
196,0, 0, False, 0
197,0, 0, False, 0
198,0, 0, False, 0
199,0, 0, False, 3
200,0, 0, False, 3
201,5, 5, False, 3
202,0, 5, False, 3
203,0, 5, False, 3
204,0, 5, False, 3
205,0, 5, False, 3
206,0, 5, False, 3
207,0, 5, False, 3
208,0, 5, False, 3
209,0, 5, False, 3
210,0, 5, False, 3
211,0, 5, False, 11
212,0, 5, False, 11
213,0, 5, False, 11
214,0, 5, False, 11
215,0, 5, False, 11
216,0, 5, False, 11
217,0, 5, False, 3
218,0, 5, False, 3
219,0, 5, False, 3
220,0, 5, False, 3
221,0, 5, False, 3
222,0, 5, False, 3
223,0, 5, False, 3
224,0, 5, False, 3
225,0, 5, False, 3
226,0, 5, False, 3
227,0, 5, False, 3
228,0, 5, False, 3
229,0, 5, False, 3
230,0, 5, False, 3
231,0, 5, False, 3
232,0, 5, False, 3
233,0, 5, False, 3
234,0, 5, False, 3
235,0, 5, False, 3
236,0, 5, False, 3
237,0, 5, False, 3
238,0, 5, False, 3
239,0, 5, False, 3
240,0, 5, False, 3
241,0, 5, False, 3
242,0, 5, False, 3
243,0, 5, False, 3
244,0, 5, False, 3
245,0, 5, False, 3
246,0, 5, False, 3
247,0, 5, False, 3
248,0, 5, False, 3
249,0, 5, False, 3
250,0, 5, False, 3
251,0, 5, False, 3
252,0, 5, False, 0
253,0, 5, False, 1
254,0, 5, False, 1
255,0, 5, False, 1
256,0, 5, False, 1
257,0, 5, False, 1
258,0, 5, False, 1
259,0, 5, False, 1
260,0, 5, False, 1
261,0, 5, False, 1
262,0, 5, False, 0
263,0, 5, False, 0
264,0, 5, False, 0
265,0, 5, False, 0
266,0, 5, False, 0
267,0, 5, False, 0
268,0, 5, False, 0
269,0, 5, False, 0
270,0, 5, False, 0
271,0, 5, False, 0
272,0, 5, False, 0
273,0, 5, False, 0
274,0, 5, False, 0
275,0, 5, False, 0
276,0, 5, False, 3
277,0, 5, False, 3
278,0, 5, False, 3
279,5, 10, False, 3
280,0, 10, False, 3
281,0, 10, False, 3
282,0, 10, False, 3
283,0, 10, False, 3
284,0, 10, False, 3
285,0, 10, False, 3
286,0, 10, False, 3
287,0, 10, False, 3
288,0, 10, False, 3
289,0, 10, False, 3
290,0, 10, False, 3
291,0, 10, False, 1
292,0, 10, False, 1
293,0, 10, False, 1
294,0, 10, False, 1
295,0, 10, False, 1
296,0, 10, False, 1
297,0, 10, False, 1
298,0, 10, False, 0
299,0, 10, False, 0
300,0, 10, False, 0
301,0, 10, False, 0
302,0, 10, False, 0
303,0, 10, False, 4
304,0, 10, False, 4
305,0, 10, False, 4
306,0, 10, False, 4
307,0, 10, False, 4
308,0, 10, False, 4
309,0, 10, False, 4
310,0, 10, False, 4
311,0, 10, False, 4
312,0, 10, False, 0
313,0, 10, False, 0
314,0, 10, False, 0
315,0, 10, False, 0
316,0, 10, False, 1
317,0, 10, False, 1
318,0, 10, False, 1
319,0, 10, False, 1
320,0, 10, False, 1
321,0, 10, False, 1
322,0, 10, False, 1
323,0, 10, False, 1
324,0, 10, False, 0
325,0, 10, False, 0
326,0, 10, False, 0
327,0, 10, False, 0
328,0, 10, False, 0
329,0, 10, False, 0
330,0, 10, False, 0
331,0, 10, False, 0
332,0, 10, False, 0
333,0, 10, False, 0
334,0, 10, False, 0
335,0, 10, False, 0
336,0, 10, False, 0
337,0, 10, False, 1
338,0, 10, False, 1
339,0, 10, False, 1
340,0, 10, False, 1
341,0, 10, False, 1
342,0, 10, False, 12
343,0, 10, False, 12
344,0, 10, False, 12
345,0, 10, False, 12
346,0, 10, False, 12
347,0, 10, False, 4
348,0, 10, False, 4
349,0, 10, False, 4
350,0, 10, False, 4
351,0, 10, False, 4
352,0, 10, False, 4
353,25, 35, False, 4
354,0, 35, False, 4
355,0, 35, False, 4
356,0, 35, False, 4
357,0, 35, False, 4
358,0, 35, False, 4
359,0, 35, False, 4
360,0, 35, False, 4
361,0, 35, False, 4
362,0, 35, False, 4
363,0, 35, False, 4
364,0, 35, False, 4
365,0, 35, False, 4
366,0, 35, False, 0
367,0, 35, False, 0
368,0, 35, False, 0
369,0, 35, False, 0
370,0, 35, False, 0
371,0, 35, False, 0
372,0, 35, False, 0
373,0, 35, False, 0
374,0, 35, False, 0
375,0, 35, False, 0
376,0, 35, False, 0
377,0, 35, False, 0
378,0, 35, False, 0
379,0, 35, False, 0
380,0, 35, False, 0
381,0, 35, False, 0
382,0, 35, False, 1
383,0, 35, False, 1
384,0, 35, False, 1
385,0, 35, False, 1
386,0, 35, False, 11
387,0, 35, False, 11
388,0, 35, False, 3
389,0, 35, False, 3
390,0, 35, False, 3
391,0, 35, False, 3
392,0, 35, False, 0
393,0, 35, False, 0
394,0, 35, False, 0
395,0, 35, False, 0
396,0, 35, False, 0
397,0, 35, False, 0
398,0, 35, False, 0
399,0, 35, False, 0
400,0, 35, False, 0
401,0, 35, False, 0
402,0, 35, False, 0
403,0, 35, False, 0
404,0, 35, False, 0
405,0, 35, False, 0
406,0, 35, False, 0
407,0, 35, False, 0
408,0, 35, False, 0
409,5, 40, False, 0
410,0, 40, False, 0
411,0, 40, False, 0
412,0, 40, False, 0
413,0, 40, False, 0
414,0, 40, False, 0
415,0, 40, False, 0
416,0, 40, False, 0
417,0, 40, False, 0
418,0, 40, False, 0
419,0, 40, False, 0
420,0, 40, False, 0
421,0, 40, False, 0
422,0, 40, False, 0
423,0, 40, False, 0
424,0, 40, False, 0
425,0, 40, False, 0
426,0, 40, False, 0
427,0, 40, False, 0
428,0, 40, False, 0
429,0, 40, False, 0
430,0, 40, False, 0
431,0, 40, False, 0
432,0, 40, False, 0
433,0, 40, False, 0
434,0, 40, False, 3
435,0, 40, False, 3
436,0, 40, False, 3
437,0, 40, False, 3
438,0, 40, False, 3
439,0, 40, False, 3
440,0, 40, False, 3
441,0, 40, False, 3
442,0, 40, False, 3
443,0, 40, False, 3
444,0, 40, False, 3
445,0, 40, False, 3
446,0, 40, False, 3
447,0, 40, False, 3
448,0, 40, False, 3
449,0, 40, False, 3
450,0, 40, False, 3
451,0, 40, False, 3
452,0, 40, False, 3
453,0, 40, False, 3
454,0, 40, False, 3
455,0, 40, False, 3
456,0, 40, False, 3
457,0, 40, False, 11
458,0, 40, False, 11
459,0, 40, False, 1
460,0, 40, False, 1
461,0, 40, False, 1
462,0, 40, False, 1
463,0, 40, False, 1
464,0, 40, False, 1
465,0, 40, False, 1
466,0, 40, False, 1
467,0, 40, False, 0
468,0, 40, False, 0
469,0, 40, False, 0
470,0, 40, False, 0
471,0, 40, False, 0
472,0, 40, False, 3
473,0, 40, False, 3
474,0, 40, False, 3
475,0, 40, False, 3
476,0, 40, False, 3
477,0, 40, False, 3
478,0, 40, False, 3
479,0, 40, False, 3
480,0, 40, False, 3
481,0, 40, False, 3
482,0, 40, False, 3
483,0, 40, False, 3
484,0, 40, False, 3
485,0, 40, False, 3
486,0, 40, False, 3
487,0, 40, False, 3
488,0, 40, False, 3
489,0, 40, False, 3
490,0, 40, False, 3
491,10, 50, False, 3
492,0, 50, False, 3
493,0, 50, False, 3
494,0, 50, False, 3
495,0, 50, False, 3
496,0, 50, False, 3
497,0, 50, False, 3
498,0, 50, False, 3
499,0, 50, False, 3
500,0, 50, False, 3
501,0, 50, False, 3
502,0, 50, False, 3
503,0, 50, False, 3
504,0, 50, False, 3
505,0, 50, False, 3
506,0, 50, False, 3
507,0, 50, False, 3
508,0, 50, False, 3
509,0, 50, False, 3
510,0, 50, False, 3
511,0, 50, False, 3
512,0, 50, False, 3
513,0, 50, False, 0
514,0, 50, False, 0
515,0, 50, False, 0
516,0, 50, False, 1
517,0, 50, False, 1
518,0, 50, False, 1
519,0, 50, False, 1
520,0, 50, False, 1
521,0, 50, False, 1
522,0, 50, False, 1
523,0, 50, False, 1
524,0, 50, False, 1
525,0, 50, False, 1
526,0, 50, False, 1
527,0, 50, False, 0
528,0, 50, False, 0
529,0, 50, False, 0
530,0, 50, False, 0
531,0, 50, False, 0
532,0, 50, False, 0
533,0, 50, False, 0
534,0, 50, False, 0
535,0, 50, False, 0
536,0, 50, False, 0
537,0, 50, False, 0
538,0, 50, False, 0
539,0, 50, False, 0
540,0, 50, False, 0
541,5, 55, False, 0
542,0, 55, False, 0
543,0, 55, False, 0
544,0, 55, False, 0
545,0, 55, False, 0
546,0, 55, False, 0
547,0, 55, False, 0
548,0, 55, False, 0
549,0, 55, False, 0
550,0, 55, False, 1
551,0, 55, False, 1
552,0, 55, False, 1
553,0, 55, False, 1
554,0, 55, False, 1
555,0, 55, False, 1
556,0, 55, False, 1
557,0, 55, False, 1
558,0, 55, False, 1
559,0, 55, False, 1
560,0, 55, False, 1
561,0, 55, False, 1
562,0, 55, False, 1
563,0, 55, False, 1
564,0, 55, False, 1
565,0, 55, False, 0
566,0, 55, False, 0
567,0, 55, False, 0
568,0, 55, False, 0
569,0, 55, False, 0
570,0, 55, False, 0
571,0, 55, False, 0
572,0, 55, False, 0
573,0, 55, False, 0
574,0, 55, False, 0
575,0, 55, False, 0
576,0, 55, False, 0
577,0, 55, False, 0
578,0, 55, False, 0
579,0, 55, False, 0
580,0, 55, False, 1
581,0, 55, False, 1
582,0, 55, False, 1
583,10, 65, False, 1
584,0, 65, False, 1
585,0, 65, False, 1
586,0, 65, False, 1
587,0, 65, False, 1
588,0, 65, False, 1
589,0, 65, False, 1
590,0, 65, False, 1
591,0, 65, False, 1
592,0, 65, False, 1
593,0, 65, False, 1
594,0, 65, False, 12
595,0, 65, False, 4
596,0, 65, False, 4
597,0, 65, False, 4
598,0, 65, False, 4
599,0, 65, False, 4
600,0, 65, False, 4
601,0, 65, False, 4
602,0, 65, False, 4
603,0, 65, False, 4
604,0, 65, False, 4
605,0, 65, False, 4
606,0, 65, False, 4
607,0, 65, False, 4
608,0, 65, False, 4
609,0, 65, False, 4
610,0, 65, False, 4
611,0, 65, False, 4
612,0, 65, False, 4
613,0, 65, False, 4
614,0, 65, False, 4
615,0, 65, False, 4
616,0, 65, False, 4
617,0, 65, False, 4
618,0, 65, False, 4
619,0, 65, False, 4
620,0, 65, False, 4
621,0, 65, False, 4
622,0, 65, False, 4
623,0, 65, False, 4
624,0, 65, False, 4
625,0, 65, False, 4
626,0, 65, False, 4
627,15, 80, False, 4
628,0, 80, False, 4
629,0, 80, False, 4
630,0, 80, False, 4
631,0, 80, False, 4
632,0, 80, False, 4
633,0, 80, False, 4
634,0, 80, False, 4
635,0, 80, False, 4
636,0, 80, False, 4
637,0, 80, False, 4
638,0, 80, False, 4
639,0, 80, False, 4
640,0, 80, False, 4
641,0, 80, False, 4
642,0, 80, False, 4
643,0, 80, False, 4
644,0, 80, False, 4
645,0, 80, False, 4
646,0, 80, False, 4
647,0, 80, False, 4
648,0, 80, False, 4
649,0, 80, False, 4
650,0, 80, False, 0
651,0, 80, False, 0
652,0, 80, False, 0
653,0, 80, False, 0
654,0, 80, False, 0
655,0, 80, False, 0
656,0, 80, False, 0
657,0, 80, False, 1
658,0, 80, False, 1
659,0, 80, False, 1
660,0, 80, False, 1
661,0, 80, False, 1
662,0, 80, False, 1
663,0, 80, False, 1
664,0, 80, False, 1
665,0, 80, False, 1
666,0, 80, False, 0
667,0, 80, False, 0
668,0, 80, False, 0
669,0, 80, False, 0
670,0, 80, False, 0
671,0, 80, False, 0
672,0, 80, False, 0
673,0, 80, False, 1
674,0, 80, False, 1
675,0, 80, False, 1
676,0, 80, False, 1
677,0, 80, False, 1
678,0, 80, False, 1
679,0, 80, False, 1
680,0, 80, False, 1
681,0, 80, False, 1
682,0, 80, False, 0
683,0, 80, False, 0
684,0, 80, False, 0
685,0, 80, False, 0
686,0, 80, False, 0
687,0, 80, False, 0
688,0, 80, False, 0
689,0, 80, False, 0
690,0, 80, False, 1
691,10, 90, False, 1
692,0, 90, False, 1
693,0, 90, False, 1
694,0, 90, False, 1
695,0, 90, False, 1
696,0, 90, False, 1
697,0, 90, False, 1
698,0, 90, False, 1
699,0, 90, False, 1
700,0, 90, False, 0
701,0, 90, False, 0
702,0, 90, False, 0
703,0, 90, False, 0
704,0, 90, False, 0
705,0, 90, False, 0
706,0, 90, False, 0
707,0, 90, False, 1
708,0, 90, False, 1
709,0, 90, False, 1
710,0, 90, False, 1
711,0, 90, False, 1
712,0, 90, False, 1
713,0, 90, False, 1
714,0, 90, False, 1
715,0, 90, False, 1
716,0, 90, False, 1
717,0, 90, False, 1
718,0, 90, False, 1
719,0, 90, False, 1
720,0, 90, False, 1
721,0, 90, False, 1
722,0, 90, False, 1
723,0, 90, False, 0
724,0, 90, False, 0
725,0, 90, False, 0
726,0, 90, False, 0
727,0, 90, False, 0
728,0, 90, False, 0
729,0, 90, False, 0
730,0, 90, False, 0
731,0, 90, False, 0
732,0, 90, False, 0
733,0, 90, False, 0
734,0, 90, False, 1
735,15, 105, False, 1
736,0, 105, False, 1
737,0, 105, False, 1
738,0, 105, False, 1
739,0, 105, False, 1
740,0, 105, False, 1
741,0, 105, False, 1
742,0, 105, False, 1
743,0, 105, False, 1
744,0, 105, False, 1
745,0, 105, False, 0
746,0, 105, False, 0
747,0, 105, False, 0
748,0, 105, False, 0
749,0, 105, False, 0
750,0, 105, False, 0
751,0, 105, False, 0
752,0, 105, False, 0
753,0, 105, False, 0
754,0, 105, False, 1
755,0, 105, False, 1
756,0, 105, False, 1
757,0, 105, False, 1
758,0, 105, False, 1
759,0, 105, False, 1
760,0, 105, False, 1
761,0, 105, False, 1
762,0, 105, False, 1
763,0, 105, False, 1
764,0, 105, False, 1
765,0, 105, False, 1
766,0, 105, False, 1
767,0, 105, False, 1
768,0, 105, False, 1
769,0, 105, False, 1
770,0, 105, False, 1
771,0, 105, False, 1
772,0, 105, False, 0
773,0, 105, False, 0
774,0, 105, False, 0
775,0, 105, False, 0
776,0, 105, False, 0
777,0, 105, False, 0
778,0, 105, False, 0
779,0, 105, False, 0
780,0, 105, False, 0
781,0, 105, False, 0
782,0, 105, False, 1
783,0, 105, False, 1
784,0, 105, False, 1
785,0, 105, False, 1
786,0, 105, False, 1
787,0, 105, False, 1
788,0, 105, False, 1
789,20, 125, False, 1
790,0, 125, False, 1
791,0, 125, False, 1
792,0, 125, False, 1
793,0, 125, False, 1
794,0, 125, False, 1
795,0, 125, False, 0
796,0, 125, False, 0
797,0, 125, False, 0
798,0, 125, False, 0
799,0, 125, False, 0
800,0, 125, False, 0
801,0, 125, False, 0
802,0, 125, False, 0
803,0, 125, False, 4
804,0, 125, False, 4
805,0, 125, False, 4
806,0, 125, False, 4
807,0, 125, False, 4
808,0, 125, False, 4
809,0, 125, False, 4
810,0, 125, False, 4
811,0, 125, False, 4
812,0, 125, False, 4
813,0, 125, False, 4
814,0, 125, False, 4
815,0, 125, False, 4
816,0, 125, False, 4
817,0, 125, False, 4
818,0, 125, False, 4
819,0, 125, False, 4
820,0, 125, False, 4
821,0, 125, False, 4
822,0, 125, False, 4
823,0, 125, False, 4
824,0, 125, False, 4
825,0, 125, False, 4
826,0, 125, False, 4
827,0, 125, False, 4
828,0, 125, False, 4
829,0, 125, False, 4
830,0, 125, False, 4
831,0, 125, False, 4
832,0, 125, False, 4
833,0, 125, False, 4
834,0, 125, False, 4
835,0, 125, False, 4
836,0, 125, False, 4
837,0, 125, False, 4
838,0, 125, False, 4
839,0, 125, False, 4
840,0, 125, False, 4
841,0, 125, False, 4
842,0, 125, False, 4
843,0, 125, False, 4
844,0, 125, False, 4
845,0, 125, False, 4
846,0, 125, False, 4
847,0, 125, False, 4
848,0, 125, False, 4
849,0, 125, False, 4
850,0, 125, False, 4
851,0, 125, False, 4
852,0, 125, False, 4
853,0, 125, False, 4
854,0, 125, False, 4
855,0, 125, False, 4
856,0, 125, False, 4
857,0, 125, False, 4
858,0, 125, False, 1
859,0, 125, False, 1
860,0, 125, False, 1
861,0, 125, False, 1
862,0, 125, False, 1
863,0, 125, False, 1
864,0, 125, False, 1
865,0, 125, False, 1
866,0, 125, False, 1
867,0, 125, False, 0
868,0, 125, False, 0
869,0, 125, False, 0
870,0, 125, False, 0
871,0, 125, False, 0
872,0, 125, False, 1
873,0, 125, False, 1
874,0, 125, False, 1
875,0, 125, False, 1
876,0, 125, False, 1
877,0, 125, False, 1
878,0, 125, False, 1
879,0, 125, False, 1
880,0, 125, False, 1
881,0, 125, False, 1
882,0, 125, False, 0
883,0, 125, False, 0
884,0, 125, False, 0
885,0, 125, False, 0
886,0, 125, False, 0
887,0, 125, False, 1
888,0, 125, False, 1
889,0, 125, False, 1
890,0, 125, False, 1
891,0, 125, False, 1
892,0, 125, False, 1
893,0, 125, False, 1
894,0, 125, False, 1
895,0, 125, False, 1
896,0, 125, False, 1
897,0, 125, False, 1
898,0, 125, False, 0
899,0, 125, False, 3
900,0, 125, False, 3
901,5, 130, False, 3
902,0, 130, False, 3
903,0, 130, False, 3
904,0, 130, False, 3
905,0, 130, False, 3
906,0, 130, False, 3
907,0, 130, False, 3
908,0, 130, False, 1
909,0, 130, False, 1
910,0, 130, False, 1
911,0, 130, False, 1
912,0, 130, False, 1
913,0, 130, False, 1
914,0, 130, False, 1
915,0, 130, False, 1
916,0, 130, False, 1
917,0, 130, False, 1
918,0, 130, False, 1
919,0, 130, False, 1
920,0, 130, False, 0
921,0, 130, False, 0
922,0, 130, False, 0
923,0, 130, False, 0
924,0, 130, False, 0
925,0, 130, False, 0
926,0, 130, False, 0
927,0, 130, False, 0
928,0, 130, False, 0
929,0, 130, False, 0
930,0, 130, False, 1
931,0, 130, False, 1
932,0, 130, False, 1
933,0, 130, False, 1
934,0, 130, False, 1
935,0, 130, False, 1
936,0, 130, False, 1
937,0, 130, False, 1
938,0, 130, False, 1
939,0, 130, False, 1
940,0, 130, False, 1
941,0, 130, False, 1
942,0, 130, False, 1
943,10, 140, False, 1
944,0, 140, False, 1
945,0, 140, False, 1
946,0, 140, False, 1
947,0, 140, False, 1
948,0, 140, False, 1
949,0, 140, False, 1
950,0, 140, False, 0
951,0, 140, False, 0
952,0, 140, False, 0
953,0, 140, False, 0
954,0, 140, False, 0
955,0, 140, False, 0
956,0, 140, False, 0
957,0, 140, False, 0
958,0, 140, False, 0
959,0, 140, False, 0
960,0, 140, False, 1
961,0, 140, False, 1
962,0, 140, False, 12
963,0, 140, False, 12
964,0, 140, False, 12
965,0, 140, False, 12
966,0, 140, False, 12
967,0, 140, False, 12
968,0, 140, False, 12
969,0, 140, False, 12
970,0, 140, False, 4
971,0, 140, False, 4
972,0, 140, False, 4
973,0, 140, False, 4
974,0, 140, False, 4
975,0, 140, False, 4
976,0, 140, False, 4
977,0, 140, False, 4
978,0, 140, False, 4
979,0, 140, False, 4
980,0, 140, False, 4
981,0, 140, False, 4
982,0, 140, False, 4
983,15, 155, False, 4
984,0, 155, False, 4
985,0, 155, False, 4
986,0, 155, False, 4
987,0, 155, False, 4
988,0, 155, False, 4
989,0, 155, False, 4
990,0, 155, False, 4
991,0, 155, False, 4
992,0, 155, False, 4
993,0, 155, False, 4
994,0, 155, False, 4
995,0, 155, False, 4
996,0, 155, False, 0
997,0, 155, False, 0
998,0, 155, False, 0
999,0, 155, False, 1
1000,0, 155, False, 1
1001,0, 155, False, 1
1002,0, 155, False, 1
1003,0, 155, False, 1
1004,0, 155, False, 1
1005,0, 155, False, 1
1006,0, 155, False, 1
1007,0, 155, False, 1
1008,0, 155, False, 1
1009,0, 155, False, 1
1010,0, 155, False, 0
1011,0, 155, False, 0
1012,0, 155, False, 0
1013,0, 155, False, 0
1014,0, 155, False, 0
1015,0, 155, False, 0
1016,0, 155, False, 0
1017,0, 155, False, 0
1018,0, 155, False, 0
1019,5, 160, False, 0
1020,0, 160, False, 0
1021,0, 160, False, 0
1022,0, 160, False, 0
1023,0, 160, False, 0
1024,0, 160, False, 4
1025,0, 160, False, 4
1026,0, 160, False, 4
1027,0, 160, False, 4
1028,0, 160, False, 4
1029,0, 160, False, 0
1030,0, 160, False, 0
1031,0, 160, False, 3
1032,0, 160, False, 3
1033,0, 160, False, 3
1034,0, 160, False, 3
1035,0, 160, False, 3
1036,0, 160, False, 3
1037,0, 160, False, 3
1038,0, 160, False, 3
1039,0, 160, False, 3
1040,0, 160, False, 3
1041,0, 160, False, 3
1042,0, 160, False, 3
1043,0, 160, False, 3
1044,0, 160, False, 3
1045,0, 160, False, 3
1046,0, 160, False, 3
1047,0, 160, False, 3
1048,0, 160, False, 3
1049,0, 160, False, 3
1050,0, 160, False, 3
1051,0, 160, False, 3
1052,0, 160, False, 3
1053,0, 160, False, 3
1054,0, 160, False, 3
1055,0, 160, False, 3
1056,0, 160, False, 3
1057,0, 160, False, 3
1058,0, 160, False, 3
1059,0, 160, False, 3
1060,0, 160, False, 3
1061,0, 160, False, 0
1062,0, 160, False, 0
1063,0, 160, False, 0
1064,0, 160, False, 0
1065,0, 160, False, 0
1066,0, 160, False, 0
1067,0, 160, False, 0
1068,0, 160, False, 0
1069,0, 160, False, 0
1070,0, 160, False, 0
1071,0, 160, False, 0
1072,0, 160, False, 0
1073,0, 160, False, 0
1074,0, 160, False, 0
1075,0, 160, False, 0
1076,0, 160, False, 0
1077,0, 160, False, 0
1078,0, 160, False, 0
1079,0, 160, False, 0
1080,0, 160, False, 0
1081,0, 160, False, 0
1082,0, 160, False, 0
1083,0, 160, False, 0
1084,0, 160, False, 0
1085,0, 160, False, 0
1086,0, 160, False, 0
1087,0, 160, False, 0
1088,0, 160, False, 0
1089,0, 160, False, 0
1090,0, 160, False, 0
1091,0, 160, False, 0
1092,0, 160, False, 0
1093,0, 160, False, 0
1094,0, 160, False, 0
1095,0, 160, False, 0
1096,0, 160, False, 0
1097,0, 160, False, 0
1098,0, 160, False, 0
1099,0, 160, False, 0
1100,0, 160, False, 0
1101,0, 160, False, 0
1102,0, 160, False, 0
1103,0, 160, False, 0
1104,0, 160, False, 0
1105,0, 160, False, 0
1106,0, 160, False, 0
1107,0, 160, False, 0
1108,0, 160, False, 0
1109,0, 160, False, 0
1110,0, 160, False, 0
1111,0, 160, False, 0
1112,0, 160, False, 0
1113,0, 160, False, 0
1114,0, 160, False, 0
1115,0, 160, False, 4
1116,0, 160, False, 4
1117,0, 160, False, 4
1118,0, 160, False, 4
1119,0, 160, False, 4
1120,0, 160, False, 4
1121,0, 160, False, 4
1122,0, 160, False, 4
1123,0, 160, False, 4
1124,0, 160, False, 4
1125,0, 160, False, 0
1126,0, 160, False, 0
1127,0, 160, False, 0
1128,0, 160, False, 0
1129,0, 160, False, 0
1130,0, 160, False, 0
1131,0, 160, False, 0
1132,0, 160, False, 0
1133,0, 160, False, 0
1134,0, 160, False, 0
1135,0, 160, False, 0
1136,0, 160, False, 0
1137,0, 160, False, 0
1138,0, 160, False, 0
1139,0, 160, False, 0
1140,0, 160, False, 0
1141,0, 160, False, 0
1142,0, 160, False, 0
1143,0, 160, False, 0
1144,0, 160, False, 0
1145,0, 160, False, 0
1146,0, 160, False, 0
1147,0, 160, False, 0
1148,0, 160, False, 0
1149,0, 160, False, 0
1150,0, 160, False, 0
1151,0, 160, False, 0
1152,0, 160, False, 0
1153,0, 160, False, 0
1154,0, 160, False, 0
1155,0, 160, False, 0
1156,0, 160, False, 0
1157,0, 160, False, 0
1158,0, 160, False, 0
1159,0, 160, False, 0
1160,0, 160, False, 0
1161,0, 160, False, 4
1162,0, 160, False, 4
1163,0, 160, False, 4
1164,0, 160, False, 4
1165,0, 160, False, 4
1166,0, 160, False, 4
1167,0, 160, False, 4
1168,0, 160, False, 4
1169,0, 160, False, 4
1170,0, 160, False, 4
1171,0, 160, False, 4
1172,0, 160, False, 4
1173,0, 160, False, 4
1174,0, 160, False, 4
1175,0, 160, False, 0
1176,0, 160, False, 0
1177,0, 160, False, 0
1178,0, 160, False, 0
1179,0, 160, False, 0
1180,0, 160, False, 0
1181,0, 160, False, 0
1182,0, 160, False, 0
1183,0, 160, False, 0
1184,0, 160, False, 0
1185,0, 160, False, 0
1186,0, 160, False, 0
1187,0, 160, False, 4
1188,0, 160, False, 4
1189,0, 160, False, 4
1190,0, 160, False, 4
1191,0, 160, False, 4
1192,0, 160, False, 4
1193,0, 160, False, 4
1194,0, 160, False, 4
1195,0, 160, False, 4
1196,0, 160, False, 0
1197,0, 160, False, 0
1198,0, 160, False, 0
1199,0, 160, False, 0
1200,0, 160, False, 0
1201,0, 160, False, 0
1202,0, 160, False, 0
1203,0, 160, False, 0
1204,0, 160, False, 0
1205,0, 160, False, 0
1206,0, 160, False, 0
1207,0, 160, False, 0
1208,0, 160, False, 3
1209,0, 160, False, 3
1210,0, 160, False, 3
1211,0, 160, False, 3
1212,0, 160, False, 3
1213,0, 160, False, 3
1214,0, 160, False, 3
1215,0, 160, False, 3
1216,0, 160, False, 3
1217,0, 160, False, 3
1218,0, 160, False, 3
1219,0, 160, False, 3
1220,0, 160, False, 0
1221,0, 160, False, 0
1222,0, 160, False, 0
1223,0, 160, False, 0
1224,0, 160, False, 0
1225,0, 160, False, 0
1226,0, 160, False, 0
1227,0, 160, False, 0
1228,0, 160, False, 0
1229,0, 160, False, 0
1230,0, 160, False, 0
1231,0, 160, False, 0
1232,0, 160, False, 0
1233,0, 160, False, 0
1234,0, 160, False, 0
1235,0, 160, False, 0
1236,0, 160, False, 0
1237,0, 160, False, 0
1238,0, 160, False, 0
1239,0, 160, False, 0
1240,0, 160, False, 0
1241,0, 160, False, 0
1242,0, 160, False, 0
1243,0, 160, False, 0
1244,0, 160, False, 0
1245,0, 160, False, 0
1246,0, 160, False, 0
1247,0, 160, False, 0
1248,0, 160, False, 0
1249,0, 160, False, 0
1250,0, 160, False, 3
1251,0, 160, False, 3
1252,0, 160, False, 3
1253,0, 160, False, 3
1254,0, 160, False, 3
1255,0, 160, False, 3
1256,0, 160, False, 3
1257,0, 160, False, 3
1258,0, 160, False, 3
1259,0, 160, False, 3
1260,0, 160, False, 3
1261,0, 160, False, 3
1262,0, 160, False, 0
1263,0, 160, False, 0
1264,0, 160, False, 0
1265,0, 160, False, 0
1266,0, 160, False, 0
1267,0, 160, False, 0
1268,0, 160, False, 0
1269,0, 160, False, 0
1270,0, 160, False, 0
1271,0, 160, False, 0
1272,0, 160, False, 0
1273,0, 160, False, 0
1274,0, 160, False, 4
1275,0, 160, False, 4
1276,0, 160, False, 4
1277,0, 160, False, 4
1278,0, 160, False, 4
1279,0, 160, False, 4
1280,0, 160, False, 4
1281,0, 160, False, 4
1282,0, 160, False, 4
1283,0, 160, False, 4
1284,0, 160, False, 4
1285,0, 160, False, 4
1286,0, 160, False, 4
1287,0, 160, False, 4
1288,0, 160, False, 0
1289,0, 160, False, 0
1290,0, 160, False, 0
1291,0, 160, False, 0
1292,0, 160, False, 0
1293,0, 160, False, 1
1294,0, 160, False, 1
1295,0, 160, False, 1
1296,0, 160, False, 1
1297,0, 160, False, 1
1298,0, 160, False, 1
1299,0, 160, False, 1
1300,0, 160, False, 1
1301,0, 160, False, 1
1302,0, 160, False, 1
1303,0, 160, False, 1
1304,0, 160, False, 0
1305,0, 160, False, 0
1306,0, 160, False, 0
1307,0, 160, False, 0
1308,0, 160, False, 0
1309,0, 160, False, 0
1310,0, 160, False, 0
1311,0, 160, False, 0
1312,0, 160, False, 0
1313,0, 160, False, 0
1314,0, 160, False, 0
1315,0, 160, False, 0
1316,0, 160, False, 0
1317,0, 160, False, 0
1318,0, 160, False, 0
1319,0, 160, False, 0
1320,0, 160, False, 0
1321,0, 160, False, 0
1322,0, 160, False, 0
1323,10, 170, False, 0
1324,0, 170, False, 0
1325,0, 170, False, 0
1326,0, 170, False, 0
1327,0, 170, False, 0
1328,0, 170, False, 0
1329,0, 170, False, 1
1330,0, 170, False, 1
1331,0, 170, False, 1
1332,0, 170, False, 1
1333,0, 170, False, 1
1334,0, 170, False, 1
1335,0, 170, False, 1
1336,0, 170, False, 1
1337,0, 170, False, 1
1338,0, 170, False, 1
1339,0, 170, False, 1
1340,0, 170, False, 1
1341,0, 170, False, 1
1342,0, 170, False, 0
1343,0, 170, False, 0
1344,0, 170, False, 0
1345,0, 170, False, 0
1346,0, 170, False, 0
1347,0, 170, False, 0
1348,0, 170, False, 0
1349,0, 170, False, 0
1350,0, 170, False, 0
1351,0, 170, False, 0
1352,0, 170, False, 0
1353,0, 170, False, 0
1354,0, 170, False, 0
1355,0, 170, False, 0
1356,0, 170, False, 0
1357,0, 170, False, 0
1358,0, 170, False, 0
1359,0, 170, False, 0
1360,0, 170, False, 0
1361,0, 170, False, 0
1362,0, 170, False, 0
1363,0, 170, False, 0
1364,0, 170, False, 0
1365,0, 170, False, 0
1366,0, 170, False, 0
1367,15, 185, False, 0
1368,0, 185, False, 0
1369,0, 185, False, 0
1370,0, 185, False, 0
1371,0, 185, False, 0
1372,0, 185, False, 0
1373,0, 185, False, 0
1374,0, 185, False, 0
1375,0, 185, False, 0
1376,0, 185, False, 4
1377,0, 185, False, 4
1378,0, 185, False, 4
1379,0, 185, False, 4
1380,0, 185, False, 4
1381,0, 185, False, 4
1382,0, 185, False, 4
1383,0, 185, False, 12
1384,0, 185, False, 1
1385,0, 185, False, 1
1386,0, 185, False, 1
1387,0, 185, False, 1
1388,0, 185, False, 1
1389,0, 185, False, 1
1390,0, 185, False, 1
1391,0, 185, False, 1
1392,0, 185, False, 1
1393,0, 185, False, 1
1394,0, 185, False, 0
1395,0, 185, False, 0
1396,0, 185, False, 0
1397,0, 185, False, 0
1398,0, 185, False, 0
1399,0, 185, False, 0
1400,0, 185, False, 0
1401,0, 185, False, 0
1402,0, 185, False, 0
1403,0, 185, False, 0
1404,0, 185, False, 0
1405,0, 185, False, 4
1406,0, 185, False, 4
1407,0, 185, False, 4
1408,0, 185, False, 4
1409,0, 185, False, 4
1410,0, 185, False, 4
1411,0, 185, False, 4
1412,0, 185, False, 4
1413,0, 185, False, 4
1414,0, 185, False, 4
1415,0, 185, False, 0
1416,0, 185, False, 0
1417,0, 185, False, 0
1418,0, 185, False, 0
1419,0, 185, False, 0
1420,0, 185, False, 0
1421,0, 185, False, 0
1422,0, 185, False, 0
1423,0, 185, False, 0
1424,0, 185, False, 0
1425,0, 185, False, 0
1426,0, 185, False, 0
1427,0, 185, False, 0
1428,0, 185, False, 0
1429,0, 185, False, 0
1430,0, 185, False, 0
1431,0, 185, False, 0
1432,0, 185, False, 0
1433,0, 185, False, 0
1434,0, 185, False, 0
1435,0, 185, False, 0
1436,0, 185, False, 0
1437,0, 185, False, 0
1438,0, 185, False, 0
1439,0, 185, False, 0
1440,0, 185, False, 0
1441,0, 185, False, 0
1442,0, 185, False, 0
1443,0, 185, False, 0
1444,0, 185, False, 0
1445,0, 185, False, 0
1446,0, 185, False, 0
1447,0, 185, False, 0
1448,0, 185, False, 0
1449,0, 185, False, 1
1450,0, 185, False, 1
1451,0, 185, False, 1
1452,0, 185, False, 1
1453,0, 185, False, 1
1454,0, 185, False, 1
1455,0, 185, False, 1
1456,0, 185, False, 1
1457,0, 185, False, 1
1458,0, 185, False, 1
1459,0, 185, False, 1
1460,0, 185, False, 1
1461,0, 185, False, 1
1462,0, 185, False, 1
1463,0, 185, False, 0
1464,0, 185, False, 0
1465,0, 185, False, 0
1466,0, 185, False, 0
1467,0, 185, False, 0
1468,0, 185, False, 0
1469,0, 185, False, 0
1470,0, 185, False, 0
1471,0, 185, False, 0
1472,0, 185, False, 0
1473,0, 185, False, 0
1474,0, 185, False, 0
1475,0, 185, False, 0
1476,0, 185, False, 0
1477,0, 185, False, 0
1478,0, 185, False, 0
1479,0, 185, False, 0
1480,0, 185, False, 0
1481,0, 185, False, 0
1482,0, 185, False, 1
1483,0, 185, False, 1
1484,0, 185, False, 1
1485,0, 185, False, 1
1486,0, 185, False, 1
1487,0, 185, False, 1
1488,0, 185, False, 1
1489,0, 185, False, 1
1490,0, 185, False, 1
1491,0, 185, False, 1
1492,0, 185, False, 1
1493,0, 185, False, 1
1494,0, 185, False, 1
1495,0, 185, False, 1
1496,0, 185, False, 1
1497,0, 185, False, 1
1498,0, 185, False, 1
1499,0, 185, False, 1
1500,0, 185, False, 0
1501,0, 185, False, 0
1502,0, 185, False, 0
1503,0, 185, False, 0
1504,0, 185, False, 0
1505,0, 185, False, 0
1506,0, 185, False, 0
1507,0, 185, False, 0
1508,0, 185, False, 0
1509,0, 185, False, 0
1510,0, 185, False, 0
1511,0, 185, False, 0
1512,0, 185, False, 0
1513,0, 185, False, 0
1514,0, 185, False, 0
1515,0, 185, False, 0
1516,0, 185, False, 0
1517,0, 185, False, 0
1518,0, 185, False, 0
1519,0, 185, False, 0
1520,0, 185, False, 0
1521,0, 185, False, 0
1522,0, 185, False, 0
1523,0, 185, False, 0
1524,0, 185, False, 0
1525,0, 185, False, 0
1526,0, 185, False, 0
1527,0, 185, False, 0
1528,0, 185, False, 0
1529,0, 185, False, 0
1530,0, 185, False, 3
1531,0, 185, False, 3
1532,0, 185, False, 3
1533,0, 185, False, 3
1534,0, 185, False, 3
1535,0, 185, False, 3
1536,0, 185, False, 3
1537,0, 185, False, 3
1538,0, 185, False, 3
1539,0, 185, False, 3
1540,0, 185, False, 3
1541,0, 185, False, 3
1542,0, 185, False, 3
1543,0, 185, False, 3
1544,0, 185, False, 3
1545,0, 185, False, 3
1546,0, 185, False, 3
1547,0, 185, False, 3
1548,0, 185, False, 3
1549,0, 185, False, 3
1550,0, 185, False, 3
1551,0, 185, False, 3
1552,0, 185, False, 3
1553,0, 185, False, 3
1554,0, 185, False, 3
1555,0, 185, False, 3
1556,0, 185, False, 3
1557,0, 185, False, 3
1558,0, 185, False, 3
1559,0, 185, False, 3
1560,0, 185, False, 3
1561,0, 185, False, 3
1562,0, 185, False, 3
1563,0, 185, False, 3
1564,0, 185, False, 3
1565,0, 185, False, 3
1566,0, 185, False, 3
1567,0, 185, False, 3
1568,0, 185, False, 3
1569,0, 185, False, 11
1570,0, 185, False, 1
1571,0, 185, False, 1
1572,0, 185, False, 1
1573,0, 185, False, 1
1574,0, 185, False, 1
1575,0, 185, False, 1
1576,0, 185, False, 1
1577,0, 185, False, 1
1578,0, 185, False, 1
1579,0, 185, False, 1
1580,0, 185, False, 0
1581,0, 185, False, 0
1582,0, 185, False, 0
1583,0, 185, False, 0
1584,0, 185, False, 0
1585,0, 185, False, 0
1586,0, 185, False, 0
1587,0, 185, False, 0
1588,0, 185, False, 0
1589,0, 185, False, 0
1590,0, 185, False, 0
1591,0, 185, False, 0
1592,0, 185, False, 3
1593,0, 185, False, 3
1594,0, 185, False, 3
1595,0, 185, False, 3
1596,0, 185, False, 3
1597,0, 185, False, 3
1598,0, 185, False, 3
1599,0, 185, False, 3
1600,0, 185, False, 3
1601,0, 185, False, 3
1602,0, 185, False, 3
1603,0, 185, False, 3
1604,0, 185, False, 3
1605,0, 185, False, 3
1606,0, 185, False, 0
1607,0, 185, False, 0
1608,0, 185, False, 0
1609,0, 185, False, 0
1610,0, 185, False, 1
1611,0, 185, False, 1
1612,0, 185, False, 1
1613,0, 185, False, 1
1614,0, 185, False, 1
1615,0, 185, False, 1
1616,0, 185, False, 1
1617,0, 185, False, 1
1618,0, 185, False, 1
1619,0, 185, False, 1
1620,0, 185, False, 1
1621,0, 185, False, 1
1622,0, 185, False, 1
1623,0, 185, False, 0
1624,0, 185, False, 0
1625,0, 185, False, 0
1626,0, 185, False, 0
1627,0, 185, False, 0
1628,0, 185, False, 0
1629,0, 185, False, 0
1630,0, 185, False, 0
1631,0, 185, False, 0
1632,0, 185, False, 0
1633,30, 215, False, 0
1634,0, 215, False, 0
1635,0, 215, False, 0
1636,0, 215, False, 3
1637,0, 215, False, 3
1638,0, 215, False, 3
1639,0, 215, False, 3
1640,0, 215, False, 3
1641,0, 215, False, 0
1642,0, 215, False, 0
1643,0, 215, False, 0
1644,0, 215, False, 0
1645,0, 215, False, 0
1646,0, 215, False, 0
1647,0, 215, False, 0
1648,0, 215, False, 0
1649,0, 215, False, 0
1650,0, 215, False, 0
1651,0, 215, False, 0
1652,0, 215, False, 0
1653,0, 215, False, 0
1654,0, 215, False, 0
1655,0, 215, False, 0
1656,0, 215, False, 0
1657,0, 215, False, 0
1658,0, 215, False, 0
1659,0, 215, False, 0
1660,0, 215, False, 4
1661,0, 215, False, 4
1662,0, 215, False, 4
1663,0, 215, False, 4
1664,0, 215, False, 4
1665,0, 215, False, 4
1666,0, 215, False, 4
1667,0, 215, False, 4
1668,0, 215, False, 4
1669,0, 215, False, 4
1670,0, 215, False, 4
1671,0, 215, False, 0
1672,0, 215, False, 0
1673,0, 215, False, 0
1674,0, 215, False, 0
1675,0, 215, False, 0
1676,0, 215, False, 0
1677,0, 215, False, 0
1678,0, 215, False, 1
1679,0, 215, False, 1
1680,0, 215, False, 1
1681,0, 215, False, 1
1682,0, 215, False, 1
1683,0, 215, False, 1
1684,0, 215, False, 1
1685,0, 215, False, 1
1686,0, 215, False, 1
1687,0, 215, False, 1
1688,0, 215, False, 1
1689,0, 215, False, 0
1690,0, 215, False, 0
1691,0, 215, False, 0
1692,0, 215, False, 0
1693,0, 215, False, 0
1694,0, 215, False, 0
1695,0, 215, False, 0
1696,0, 215, False, 0
1697,0, 215, False, 0
1698,0, 215, False, 0
1699,0, 215, False, 0
1700,0, 215, False, 0
1701,0, 215, False, 0
1702,0, 215, False, 0
1703,0, 215, False, 0
1704,0, 215, False, 0
1705,0, 215, False, 0
1706,0, 215, False, 0
1707,0, 215, False, 0
1708,0, 215, False, 0
1709,0, 215, False, 0
1710,0, 215, False, 0
1711,0, 215, False, 0
1712,0, 215, False, 0
1713,0, 215, False, 0
1714,0, 215, False, 0
1715,0, 215, False, 0
1716,0, 215, False, 0
1717,0, 215, False, 0
1718,0, 215, False, 0
1719,20, 235, False, 0
1720,0, 235, False, 0
1721,0, 235, False, 0
1722,0, 235, False, 0
1723,0, 235, False, 0
1724,0, 235, False, 0
1725,0, 235, False, 0
1726,0, 235, False, 0
1727,0, 235, False, 0
1728,0, 235, False, 0
1729,0, 235, False, 0
1730,0, 235, False, 0
1731,0, 235, False, 0
1732,0, 235, False, 0
1733,0, 235, False, 0
1734,0, 235, False, 0
1735,0, 235, False, 0
1736,0, 235, False, 0
1737,0, 235, False, 0
1738,0, 235, False, 0
1739,0, 235, False, 0
1740,0, 235, False, 0
1741,0, 235, False, 0
1742,0, 235, False, 0
1743,0, 235, False, 0
1744,0, 235, False, 4
1745,0, 235, False, 4
1746,0, 235, False, 4
1747,0, 235, False, 4
1748,0, 235, False, 4
1749,0, 235, False, 4
1750,0, 235, False, 4
1751,0, 235, False, 4
1752,0, 235, False, 4
1753,0, 235, False, 4
1754,0, 235, False, 4
1755,0, 235, False, 4
1756,0, 235, False, 0
1757,0, 235, False, 0
1758,0, 235, False, 0
1759,0, 235, False, 0
1760,0, 235, False, 1
1761,0, 235, False, 1
1762,0, 235, False, 1
1763,0, 235, False, 1
1764,0, 235, False, 1
1765,0, 235, False, 1
1766,0, 235, False, 1
1767,0, 235, False, 1
1768,0, 235, False, 1
1769,0, 235, False, 1
1770,0, 235, False, 1
1771,0, 235, False, 1
1772,0, 235, False, 0
1773,0, 235, False, 0
1774,0, 235, False, 0
1775,0, 235, False, 0
1776,0, 235, False, 0
1777,0, 235, False, 0
1778,0, 235, False, 0
1779,0, 235, False, 0
1780,0, 235, False, 0
1781,0, 235, False, 0
1782,0, 235, False, 0
1783,0, 235, False, 0
1784,0, 235, False, 0
1785,0, 235, False, 0
1786,0, 235, False, 0
1787,0, 235, False, 0
1788,0, 235, False, 0
1789,0, 235, False, 0
1790,0, 235, False, 0
1791,0, 235, False, 0
1792,0, 235, False, 0
1793,0, 235, False, 0
1794,0, 235, False, 0
1795,0, 235, False, 0
1796,0, 235, False, 3
1797,20, 255, False, 3
1798,0, 255, False, 3
1799,0, 255, False, 3
1800,0, 255, False, 3
1801,0, 255, False, 3
1802,0, 255, False, 3
1803,0, 255, False, 3
1804,0, 255, False, 3
1805,0, 255, False, 3
1806,0, 255, False, 3
1807,0, 255, False, 3
1808,0, 255, False, 3
1809,0, 255, False, 3
1810,0, 255, False, 3
1811,0, 255, False, 3
1812,0, 255, False, 3
1813,0, 255, False, 3
1814,0, 255, False, 3
1815,0, 255, False, 3
1816,0, 255, False, 3
1817,0, 255, False, 3
1818,0, 255, False, 3
1819,0, 255, False, 3
1820,0, 255, False, 3
1821,0, 255, False, 3
1822,0, 255, False, 3
1823,0, 255, False, 3
1824,0, 255, False, 3
1825,0, 255, False, 3
1826,0, 255, False, 3
1827,0, 255, False, 3
1828,0, 255, False, 3
1829,0, 255, False, 3
1830,0, 255, False, 3
1831,0, 255, False, 3
1832,0, 255, False, 3
1833,0, 255, False, 3
1834,0, 255, False, 3
1835,0, 255, False, 3
1836,0, 255, False, 0
1837,0, 255, False, 0
1838,0, 255, False, 0
1839,0, 255, False, 0
1840,0, 255, False, 0
1841,0, 255, False, 0
1842,0, 255, False, 0
1843,0, 255, False, 0
1844,0, 255, False, 0
1845,0, 255, False, 3
1846,0, 255, False, 3
1847,0, 255, False, 3
1848,0, 255, False, 3
1849,0, 255, False, 3
1850,0, 255, False, 3
1851,0, 255, False, 3
1852,0, 255, False, 3
1853,0, 255, False, 3
1854,0, 255, False, 3
1855,0, 255, False, 3
1856,0, 255, False, 3
1857,0, 255, False, 3
1858,0, 255, False, 3
1859,0, 255, False, 3
1860,0, 255, False, 3
1861,0, 255, False, 3
1862,0, 255, False, 3
1863,0, 255, False, 3
1864,0, 255, False, 3
1865,0, 255, False, 0
1866,0, 255, False, 0
1867,0, 255, False, 0
1868,0, 255, False, 0
1869,0, 255, False, 0
1870,0, 255, False, 0
1871,0, 255, False, 0
1872,0, 255, False, 0
1873,0, 255, False, 0
1874,0, 255, False, 0
1875,0, 255, False, 0
1876,0, 255, False, 0
1877,0, 255, False, 0
1878,0, 255, False, 0
1879,0, 255, False, 0
1880,0, 255, False, 0
1881,0, 255, False, 0
1882,0, 255, False, 4
1883,0, 255, False, 4
1884,0, 255, False, 4
1885,0, 255, False, 4
1886,0, 255, False, 4
1887,0, 255, False, 4
1888,0, 255, False, 4
1889,0, 255, False, 4
1890,0, 255, False, 4
1891,0, 255, False, 4
1892,0, 255, False, 4
1893,0, 255, False, 4
1894,0, 255, False, 4
1895,0, 255, False, 4
1896,0, 255, False, 4
1897,0, 255, False, 4
1898,0, 255, False, 4
1899,0, 255, False, 4
1900,0, 255, False, 4
1901,0, 255, False, 4
1902,0, 255, False, 4
1903,0, 255, False, 4
1904,0, 255, False, 4
1905,0, 255, False, 4
1906,0, 255, False, 4
1907,0, 255, False, 4
1908,0, 255, False, 4
1909,0, 255, False, 4
1910,0, 255, False, 4
1911,0, 255, False, 4
1912,0, 255, False, 4
1913,0, 255, False, 4
1914,0, 255, False, 4
1915,0, 255, False, 4
1916,0, 255, False, 4
1917,0, 255, False, 4
1918,0, 255, False, 4
1919,0, 255, False, 4
1920,0, 255, False, 4
1921,0, 255, False, 0
1922,0, 255, False, 1
1923,0, 255, False, 1
1924,0, 255, False, 1
1925,0, 255, False, 1
1926,0, 255, False, 1
1927,0, 255, False, 1
1928,0, 255, False, 1
1929,0, 255, False, 1
1930,0, 255, False, 1
1931,0, 255, False, 1
1932,0, 255, False, 1
1933,0, 255, False, 0
1934,0, 255, False, 0
1935,0, 255, False, 0
1936,0, 255, False, 0
1937,0, 255, False, 0
1938,0, 255, False, 0
1939,0, 255, False, 0
1940,0, 255, False, 0
1941,10, 265, False, 0
1942,0, 265, False, 0
1943,0, 265, False, 0
1944,0, 265, False, 0
1945,0, 265, False, 0
1946,0, 265, False, 0
1947,0, 265, False, 0
1948,0, 265, False, 0
1949,0, 265, False, 0
1950,0, 265, False, 0
1951,0, 265, False, 0
1952,0, 265, False, 0
1953,0, 265, False, 0
1954,0, 265, False, 0
1955,0, 265, False, 0
1956,0, 265, False, 0
1957,0, 265, False, 0
1958,0, 265, False, 0
1959,0, 265, False, 1
1960,0, 265, False, 1
1961,0, 265, False, 1
1962,0, 265, False, 1
1963,0, 265, False, 1
1964,0, 265, False, 1
1965,0, 265, False, 1
1966,0, 265, False, 1
1967,0, 265, False, 1
1968,0, 265, False, 1
1969,0, 265, False, 1
1970,0, 265, False, 1
1971,0, 265, False, 1
1972,0, 265, False, 1
1973,0, 265, False, 1
1974,0, 265, False, 1
1975,0, 265, False, 1
1976,0, 265, False, 1
1977,0, 265, False, 0
1978,0, 265, False, 0
1979,0, 265, False, 0
1980,0, 265, False, 0
1981,0, 265, False, 0
1982,0, 265, False, 0
1983,0, 265, False, 0
1984,0, 265, False, 0
1985,0, 265, False, 0
1986,0, 265, False, 0
1987,0, 265, False, 0
1988,0, 265, False, 0
1989,15, 280, False, 4
1990,0, 280, False, 4
1991,0, 280, False, 4
1992,0, 280, False, 4
1993,0, 280, False, 4
1994,0, 280, False, 4
1995,0, 280, False, 4
1996,0, 280, False, 4
1997,0, 280, False, 4
1998,0, 280, False, 0
1999,0, 280, False, 0
2000,0, 280, False, 0
2001,0, 280, False, 0
2002,0, 280, False, 0
2003,0, 280, False, 0
2004,0, 280, False, 0
2005,0, 280, False, 0
2006,0, 280, False, 0
2007,0, 280, False, 3
2008,0, 280, False, 3
2009,0, 280, False, 3
2010,0, 280, False, 3
2011,0, 280, False, 3
2012,0, 280, False, 3
2013,0, 280, False, 3
2014,0, 280, False, 3
2015,0, 280, False, 3
2016,0, 280, False, 3
2017,0, 280, False, 3
2018,0, 280, False, 3
2019,0, 280, False, 3
2020,0, 280, False, 3
2021,0, 280, False, 3
2022,0, 280, False, 3
2023,0, 280, False, 3
2024,0, 280, False, 3
2025,0, 280, False, 3
2026,0, 280, False, 0
2027,0, 280, False, 0
2028,0, 280, False, 0
2029,0, 280, False, 0
2030,0, 280, False, 0
2031,0, 280, False, 0
2032,0, 280, False, 4
2033,0, 280, False, 4
2034,0, 280, False, 4
2035,0, 280, False, 4
2036,0, 280, False, 4
2037,0, 280, False, 4
2038,0, 280, False, 4
2039,0, 280, False, 4
2040,0, 280, False, 4
2041,0, 280, False, 4
2042,0, 280, False, 4
2043,0, 280, False, 4
2044,0, 280, False, 4
2045,0, 280, False, 4
2046,0, 280, False, 4
2047,0, 280, False, 4
2048,0, 280, False, 4
2049,0, 280, False, 4
2050,0, 280, False, 4
2051,0, 280, False, 4
2052,0, 280, False, 4
2053,0, 280, False, 4
2054,0, 280, False, 4
2055,0, 280, False, 4
2056,0, 280, False, 4
2057,0, 280, False, 4
2058,0, 280, False, 4
2059,0, 280, False, 4
2060,0, 280, False, 4
2061,0, 280, False, 1
2062,0, 280, False, 1
2063,0, 280, False, 1
2064,0, 280, False, 1
2065,0, 280, False, 1
2066,0, 280, False, 1
2067,0, 280, False, 1
2068,0, 280, False, 1
2069,0, 280, False, 1
2070,0, 280, False, 1
2071,0, 280, False, 1
2072,0, 280, False, 1
2073,0, 280, False, 0
2074,0, 280, False, 0
2075,0, 280, False, 0
2076,0, 280, False, 0
2077,0, 280, False, 0
2078,0, 280, False, 0
2079,0, 280, False, 0
2080,0, 280, False, 0
2081,0, 280, False, 0
2082,0, 280, False, 0
2083,0, 280, False, 0
2084,0, 280, False, 0
2085,0, 280, False, 0
2086,0, 280, False, 0
2087,0, 280, False, 0
2088,0, 280, False, 0
2089,0, 280, False, 0
2090,0, 280, False, 0
2091,0, 280, False, 0
2092,0, 280, False, 0
2093,0, 280, False, 0
2094,0, 280, False, 0
2095,20, 300, False, 0
2096,0, 300, False, 0
2097,0, 300, False, 0
2098,0, 300, False, 0
2099,0, 300, False, 0
2100,0, 300, False, 0
2101,0, 300, False, 0
2102,0, 300, False, 0
2103,0, 300, False, 1
2104,0, 300, False, 1
2105,0, 300, False, 1
2106,0, 300, False, 1
2107,0, 300, False, 1
2108,0, 300, False, 1
2109,0, 300, False, 1
2110,0, 300, False, 1
2111,0, 300, False, 1
2112,0, 300, False, 1
2113,0, 300, False, 1
2114,0, 300, False, 0
2115,0, 300, False, 0
2116,0, 300, False, 0
2117,0, 300, False, 0
2118,0, 300, False, 0
2119,0, 300, False, 0
2120,0, 300, False, 0
2121,0, 300, False, 0
2122,0, 300, False, 0
2123,0, 300, False, 0
2124,0, 300, False, 3
2125,0, 300, False, 3
2126,0, 300, False, 3
2127,0, 300, False, 3
2128,0, 300, False, 3
2129,0, 300, False, 3
2130,0, 300, False, 3
2131,0, 300, False, 3
2132,0, 300, False, 3
2133,0, 300, False, 3
2134,0, 300, False, 3
2135,0, 300, False, 3
2136,0, 300, False, 3
2137,0, 300, False, 3
2138,0, 300, False, 3
2139,0, 300, False, 3
2140,0, 300, False, 3
2141,0, 300, False, 3
2142,0, 300, False, 3
2143,0, 300, False, 3
2144,0, 300, False, 3
2145,0, 300, False, 3
2146,0, 300, False, 3
2147,0, 300, False, 3
2148,0, 300, False, 3
2149,0, 300, False, 3
2150,0, 300, False, 3
2151,0, 300, False, 3
2152,0, 300, False, 3
2153,0, 300, False, 3
2154,0, 300, False, 3
2155,0, 300, False, 3
2156,0, 300, False, 3
2157,0, 300, False, 3
2158,0, 300, False, 3
2159,0, 300, False, 3
2160,0, 300, False, 3
2161,0, 300, False, 3
2162,0, 300, False, 0
2163,0, 300, False, 0
2164,0, 300, False, 0
2165,0, 300, False, 0
2166,0, 300, False, 0
2167,0, 300, False, 0
2168,0, 300, False, 0
2169,0, 300, False, 0
2170,0, 300, False, 0
2171,0, 300, False, 0
2172,0, 300, False, 0
2173,0, 300, False, 0
2174,0, 300, False, 0
2175,0, 300, False, 0
2176,0, 300, False, 0
2177,0, 300, False, 0
2178,0, 300, False, 0
2179,0, 300, False, 0
2180,0, 300, False, 0
2181,0, 300, False, 0
2182,0, 300, False, 0
2183,0, 300, False, 0
2184,0, 300, False, 0
2185,0, 300, False, 3
2186,0, 300, False, 3
2187,0, 300, False, 3
2188,0, 300, False, 3
2189,0, 300, False, 3
2190,0, 300, False, 3
2191,0, 300, False, 3
2192,0, 300, False, 3
2193,0, 300, False, 3
2194,0, 300, False, 3
2195,0, 300, False, 3
2196,0, 300, False, 3
2197,0, 300, False, 3
2198,0, 300, False, 3
2199,0, 300, False, 3
2200,0, 300, False, 3
2201,0, 300, False, 3
2202,0, 300, False, 3
2203,0, 300, False, 3
2204,0, 300, False, 3
2205,0, 300, False, 3
2206,0, 300, False, 3
2207,0, 300, False, 3
2208,0, 300, False, 3
2209,0, 300, False, 0
2210,0, 300, False, 0
2211,0, 300, False, 0
2212,0, 300, False, 0
2213,0, 300, False, 0
2214,0, 300, False, 0
2215,0, 300, False, 0
2216,0, 300, False, 0
2217,0, 300, False, 0
2218,0, 300, False, 0
2219,0, 300, False, 0
2220,0, 300, False, 0
2221,0, 300, False, 1
2222,0, 300, False, 1
2223,0, 300, False, 1
2224,0, 300, False, 1
2225,0, 300, False, 1
2226,0, 300, False, 1
2227,0, 300, False, 1
2228,0, 300, False, 1
2229,0, 300, False, 1
2230,0, 300, False, 1
2231,0, 300, False, 0
2232,0, 300, False, 4
2233,0, 300, False, 4
2234,0, 300, False, 4
2235,0, 300, False, 4
2236,0, 300, False, 4
2237,0, 300, False, 0
2238,0, 300, False, 0
2239,0, 300, False, 0
2240,0, 300, False, 0
2241,0, 300, False, 0
2242,0, 300, False, 0
2243,0, 300, False, 0
2244,0, 300, False, 0
2245,0, 300, False, 0
2246,0, 300, False, 0
2247,0, 300, False, 3
2248,0, 300, False, 3
2249,0, 300, False, 3
2250,0, 300, False, 3
2251,0, 300, False, 3
2252,0, 300, False, 3
2253,0, 300, False, 3
2254,0, 300, False, 3
2255,0, 300, False, 3
2256,0, 300, False, 3
2257,0, 300, False, 3
2258,0, 300, False, 3
2259,0, 300, False, 3
2260,0, 300, False, 3
2261,0, 300, False, 3
2262,0, 300, False, 3
2263,25, 325, False, 3
2264,0, 325, False, 3
2265,0, 325, False, 3
2266,0, 325, False, 3
2267,0, 325, False, 3
2268,0, 325, False, 3
2269,0, 325, False, 3
2270,0, 325, False, 3
2271,0, 325, False, 3
2272,0, 325, False, 1
2273,0, 325, False, 1
2274,0, 325, False, 1
2275,0, 325, False, 1
2276,0, 325, False, 1
2277,0, 325, False, 1
2278,0, 325, False, 1
2279,0, 325, False, 1
2280,0, 325, False, 1
2281,0, 325, False, 1
2282,0, 325, False, 1
2283,0, 325, False, 0
2284,0, 325, False, 4
2285,0, 325, False, 4
2286,0, 325, False, 4
2287,0, 325, False, 4
2288,0, 325, False, 4
2289,0, 325, False, 4
2290,0, 325, False, 4
2291,0, 325, False, 4
2292,0, 325, False, 0
2293,0, 325, False, 0
2294,0, 325, False, 0
2295,0, 325, False, 0
2296,0, 325, False, 1
2297,0, 325, False, 1
2298,0, 325, False, 1
2299,0, 325, False, 1
2300,0, 325, False, 1
2301,0, 325, False, 1
2302,0, 325, False, 1
2303,0, 325, False, 1
2304,0, 325, False, 0
2305,0, 325, False, 4
2306,0, 325, False, 4
2307,0, 325, False, 4
2308,0, 325, False, 4
2309,0, 325, False, 0
2310,0, 325, False, 0
2311,0, 325, False, 1
2312,0, 325, False, 1
2313,0, 325, False, 1
2314,0, 325, False, 1
2315,0, 325, False, 1
2316,0, 325, False, 1
2317,0, 325, False, 1
2318,0, 325, False, 1
2319,0, 325, False, 1
2320,0, 325, False, 1
2321,0, 325, False, 1
2322,0, 325, False, 1
2323,0, 325, False, 1
2324,0, 325, False, 1
2325,0, 325, False, 0
2326,0, 325, False, 0
2327,0, 325, False, 0
2328,0, 325, False, 0
2329,0, 325, False, 0
2330,0, 325, False, 0
2331,0, 325, False, 0
2332,0, 325, False, 0
2333,0, 325, False, 0
2334,0, 325, False, 0
2335,0, 325, False, 0
2336,0, 325, False, 0
2337,0, 325, False, 0
2338,0, 325, False, 0
2339,0, 325, False, 0
2340,0, 325, False, 0
2341,0, 325, False, 0
2342,0, 325, False, 0
2343,0, 325, False, 0
2344,0, 325, False, 0
2345,0, 325, False, 0
2346,0, 325, False, 1
2347,0, 325, False, 1
2348,0, 325, False, 1
2349,0, 325, False, 1
2350,0, 325, False, 1
2351,0, 325, False, 1
2352,0, 325, False, 1
2353,0, 325, False, 1
2354,0, 325, False, 1
2355,0, 325, False, 1
2356,0, 325, False, 1
2357,0, 325, False, 1
2358,0, 325, False, 1
2359,0, 325, False, 1
2360,0, 325, False, 1
2361,0, 325, False, 1
2362,0, 325, False, 0
2363,0, 325, False, 0
2364,0, 325, False, 0
2365,0, 325, False, 0
2366,0, 325, False, 0
2367,0, 325, False, 0
2368,0, 325, False, 0
2369,0, 325, False, 0
2370,0, 325, False, 0
2371,0, 325, False, 0
2372,0, 325, False, 0
2373,0, 325, False, 0
2374,0, 325, False, 0
2375,0, 325, False, 0
2376,0, 325, False, 0
2377,0, 325, False, 0
2378,0, 325, False, 0
2379,0, 325, False, 0
2380,0, 325, False, 4
2381,0, 325, False, 4
2382,0, 325, False, 4
2383,0, 325, False, 4
2384,0, 325, False, 4
2385,0, 325, False, 4
2386,0, 325, False, 4
2387,0, 325, False, 4
2388,0, 325, False, 4
2389,0, 325, False, 4
2390,0, 325, False, 0
2391,0, 325, False, 0
2392,0, 325, False, 0
2393,0, 325, False, 0
2394,0, 325, False, 0
2395,0, 325, False, 0
2396,0, 325, False, 0
2397,0, 325, False, 0
2398,0, 325, False, 0
2399,0, 325, False, 0
2400,0, 325, False, 0
2401,0, 325, False, 0
2402,0, 325, False, 0
2403,0, 325, False, 3
2404,0, 325, False, 3
2405,0, 325, False, 3
2406,0, 325, False, 3
2407,0, 325, False, 3
2408,0, 325, False, 3
2409,0, 325, False, 3
2410,0, 325, False, 3
2411,0, 325, False, 3
2412,0, 325, False, 3
2413,0, 325, False, 3
2414,0, 325, False, 3
2415,0, 325, False, 3
2416,0, 325, False, 3
2417,0, 325, False, 3
2418,0, 325, False, 3
2419,0, 325, False, 0
2420,0, 325, False, 0
2421,0, 325, False, 0
2422,0, 325, False, 0
2423,0, 325, False, 0
2424,0, 325, False, 0
2425,0, 325, False, 0
2426,0, 325, False, 0
2427,0, 325, False, 0
2428,0, 325, False, 0
2429,0, 325, False, 0
2430,0, 325, False, 0
2431,0, 325, False, 0
2432,0, 325, False, 0
2433,200, 525, False, 0
2434,0, 525, False, 0
2435,0, 525, False, 0
2436,0, 525, False, 0
2437,0, 525, False, 1
2438,0, 525, False, 1
2439,0, 525, False, 1
2440,0, 525, False, 1
2441,0, 525, False, 1
2442,0, 525, False, 1
2443,0, 525, False, 1
2444,0, 525, False, 1
2445,0, 525, False, 1
2446,0, 525, False, 1
2447,0, 525, False, 1
2448,0, 525, False, 0
2449,0, 525, False, 0
2450,0, 525, False, 0
2451,0, 525, False, 0
2452,0, 525, False, 0
2453,0, 525, False, 0
2454,0, 525, False, 0
2455,0, 525, False, 0
2456,0, 525, False, 0
2457,0, 525, False, 0
2458,0, 525, False, 0
2459,0, 525, False, 0
2460,0, 525, False, 0
2461,0, 525, False, 0
2462,0, 525, False, 0
2463,0, 525, False, 0
2464,0, 525, False, 0
2465,0, 525, False, 0
2466,0, 525, False, 0
2467,0, 525, False, 0
2468,0, 525, False, 0
2469,0, 525, False, 0
2470,0, 525, False, 0
2471,0, 525, False, 0
2472,0, 525, False, 0
2473,0, 525, False, 0
2474,0, 525, False, 0
2475,0, 525, False, 0
2476,0, 525, False, 0
2477,0, 525, False, 0
2478,0, 525, False, 0
2479,0, 525, False, 0
2480,0, 525, False, 0
2481,0, 525, False, 0
2482,0, 525, False, 0
2483,0, 525, False, 0
2484,0, 525, False, 0
2485,0, 525, False, 0
2486,0, 525, False, 0
2487,0, 525, False, 0
2488,0, 525, False, 0
2489,0, 525, False, 1
2490,0, 525, False, 1
2491,0, 525, False, 1
2492,0, 525, False, 1
2493,0, 525, False, 1
2494,0, 525, False, 1
2495,0, 525, False, 1
2496,0, 525, False, 1
2497,0, 525, False, 1
2498,0, 525, False, 1
2499,0, 525, False, 1
2500,0, 525, False, 1
2501,0, 525, False, 0
2502,0, 525, False, 0
2503,0, 525, False, 0
2504,0, 525, False, 0
2505,0, 525, False, 0
2506,0, 525, False, 0
2507,0, 525, False, 0
2508,0, 525, False, 0
2509,0, 525, False, 0
2510,0, 525, False, 0
2511,0, 525, False, 0
2512,0, 525, False, 0
2513,0, 525, False, 0
2514,0, 525, False, 0
2515,0, 525, False, 0
2516,0, 525, False, 0
2517,0, 525, False, 0
2518,0, 525, False, 0
2519,0, 525, False, 0
2520,0, 525, False, 0
2521,0, 525, False, 0
2522,0, 525, False, 0
2523,0, 525, False, 0
2524,0, 525, False, 0
2525,0, 525, False, 0
2526,0, 525, False, 0
2527,0, 525, False, 0
2528,0, 525, False, 0
2529,0, 525, False, 0
2530,0, 525, False, 0
2531,0, 525, False, 0
2532,0, 525, False, 0
2533,0, 525, False, 0
2534,0, 525, False, 0
2535,0, 525, False, 0
2536,0, 525, False, 1
2537,0, 525, False, 1
2538,0, 525, False, 1
2539,0, 525, False, 1
2540,0, 525, False, 1
2541,0, 525, False, 1
2542,0, 525, False, 1
2543,0, 525, False, 1
2544,0, 525, False, 1
2545,0, 525, False, 1
2546,0, 525, False, 1
2547,0, 525, False, 1
2548,0, 525, False, 1
2549,0, 525, False, 1
2550,0, 525, False, 1
2551,0, 525, False, 1
2552,0, 525, False, 1
2553,15, 540, False, 0
2554,0, 540, False, 0
2555,0, 540, False, 0
2556,0, 540, False, 0
2557,0, 540, False, 0
2558,0, 540, False, 0
2559,0, 540, False, 0
2560,0, 540, False, 0
2561,0, 540, False, 0
2562,0, 540, False, 0
2563,0, 540, False, 0
2564,0, 540, False, 0
2565,0, 540, False, 0
2566,0, 540, False, 0
2567,0, 540, False, 0
2568,0, 540, False, 0
2569,0, 540, False, 0
2570,0, 540, False, 0
2571,0, 540, False, 0
2572,0, 540, False, 0
2573,0, 540, False, 0
2574,0, 540, False, 0
2575,0, 540, False, 1
2576,0, 540, False, 1
2577,0, 540, False, 1
2578,0, 540, False, 1
2579,0, 540, False, 1
2580,0, 540, False, 1
2581,0, 540, False, 1
2582,0, 540, False, 1
2583,0, 540, False, 1
2584,0, 540, False, 1
2585,0, 540, False, 1
2586,0, 540, False, 1
2587,0, 540, False, 1
2588,0, 540, False, 1
2589,0, 540, False, 1
2590,0, 540, False, 1
2591,0, 540, False, 1
2592,0, 540, False, 1
2593,0, 540, False, 1
2594,0, 540, False, 1
2595,0, 540, False, 0
2596,0, 540, False, 0
2597,0, 540, False, 0
2598,0, 540, False, 0
2599,0, 540, False, 0
2600,0, 540, False, 0
2601,0, 540, False, 0
2602,0, 540, False, 0
2603,20, 560, False, 0
2604,0, 560, False, 3
2605,0, 560, False, 3
2606,0, 560, False, 3
2607,0, 560, False, 3
2608,0, 560, False, 3
2609,0, 560, False, 3
2610,0, 560, False, 3
2611,0, 560, False, 3
2612,0, 560, False, 3
2613,0, 560, False, 3
2614,0, 560, False, 3
2615,0, 560, False, 3
2616,0, 560, False, 3
2617,0, 560, False, 0
2618,0, 560, False, 0
2619,0, 560, False, 0
2620,0, 560, False, 0
2621,0, 560, False, 0
2622,0, 560, False, 0
2623,0, 560, False, 0
2624,0, 560, False, 0
2625,0, 560, False, 0
2626,0, 560, False, 0
2627,0, 560, False, 0
2628,0, 560, False, 0
2629,0, 560, False, 0
2630,0, 560, False, 0
2631,0, 560, False, 0
2632,0, 560, False, 0
2633,0, 560, False, 0
2634,0, 560, False, 0
2635,0, 560, False, 1
2636,0, 560, False, 1
2637,0, 560, False, 1
2638,0, 560, False, 1
2639,0, 560, False, 1
2640,0, 560, False, 1
2641,0, 560, False, 1
2642,0, 560, False, 1
2643,0, 560, False, 1
2644,0, 560, False, 1
2645,0, 560, False, 1
2646,0, 560, False, 1
2647,0, 560, False, 1
2648,0, 560, False, 0
2649,0, 560, False, 0
2650,0, 560, False, 0
2651,0, 560, False, 0
2652,0, 560, False, 0
2653,0, 560, False, 0
2654,0, 560, False, 0
2655,0, 560, False, 0
2656,0, 560, False, 0
2657,0, 560, False, 0
2658,0, 560, False, 0
2659,0, 560, False, 0
2660,0, 560, False, 0
2661,0, 560, False, 0
2662,0, 560, False, 0
2663,20, 580, False, 0
2664,0, 580, False, 0
2665,0, 580, False, 0
2666,0, 580, False, 0
2667,0, 580, False, 0
2668,0, 580, False, 0
2669,0, 580, False, 0
2670,0, 580, False, 0
2671,0, 580, False, 0
2672,0, 580, False, 0
2673,0, 580, False, 0
2674,0, 580, False, 0
2675,0, 580, False, 0
2676,0, 580, False, 0
2677,0, 580, False, 0
2678,0, 580, False, 1
2679,0, 580, False, 1
2680,0, 580, False, 1
2681,0, 580, False, 1
2682,0, 580, False, 1
2683,0, 580, False, 1
2684,0, 580, False, 1
2685,0, 580, False, 1
2686,0, 580, False, 1
2687,0, 580, False, 1
2688,0, 580, False, 1
2689,0, 580, False, 1
2690,0, 580, False, 1
2691,0, 580, False, 0
2692,0, 580, False, 0
2693,0, 580, False, 0
2694,0, 580, False, 0
2695,0, 580, False, 0
2696,0, 580, False, 0
2697,0, 580, False, 0
2698,0, 580, False, 0
2699,0, 580, False, 0
2700,0, 580, False, 0
2701,0, 580, False, 0
2702,0, 580, False, 0
2703,0, 580, False, 0
2704,0, 580, False, 0
2705,0, 580, False, 0
2706,0, 580, False, 0
2707,0, 580, False, 0
2708,0, 580, False, 0
2709,0, 580, False, 0
2710,0, 580, False, 0
2711,0, 580, False, 0
2712,0, 580, False, 0
2713,0, 580, False, 0
2714,0, 580, False, 1
2715,0, 580, False, 1
2716,0, 580, False, 1
2717,0, 580, False, 1
2718,0, 580, False, 1
2719,0, 580, False, 1
2720,0, 580, False, 1
2721,0, 580, False, 1
2722,0, 580, False, 1
2723,0, 580, False, 1
2724,0, 580, False, 1
2725,0, 580, False, 1
2726,0, 580, False, 1
2727,0, 580, False, 1
2728,0, 580, False, 1
2729,0, 580, False, 0
2730,0, 580, False, 0
2731,0, 580, False, 0
2732,0, 580, False, 0
2733,0, 580, False, 0
2734,0, 580, False, 0
2735,0, 580, False, 0
2736,0, 580, False, 0
2737,0, 580, False, 0
2738,0, 580, False, 0
2739,0, 580, False, 0
2740,0, 580, False, 0
2741,0, 580, False, 0
2742,0, 580, False, 0
2743,0, 580, False, 0
2744,0, 580, False, 0
2745,0, 580, False, 0
2746,0, 580, False, 0
2747,0, 580, False, 0
2748,0, 580, False, 0
2749,0, 580, False, 3
2750,0, 580, False, 3
2751,0, 580, False, 3
2752,0, 580, False, 3
2753,0, 580, False, 3
2754,0, 580, False, 3
2755,0, 580, False, 3
2756,0, 580, False, 3
2757,0, 580, False, 3
2758,0, 580, False, 0
2759,0, 580, False, 0
2760,0, 580, False, 0
2761,0, 580, False, 0
2762,0, 580, False, 0
2763,0, 580, False, 0
2764,0, 580, False, 0
2765,0, 580, False, 0
2766,0, 580, False, 0
2767,0, 580, False, 0
2768,0, 580, False, 0
2769,0, 580, False, 0
2770,0, 580, False, 4
2771,0, 580, False, 4
2772,0, 580, False, 4
2773,0, 580, False, 4
2774,0, 580, False, 4
2775,0, 580, False, 4
2776,0, 580, False, 4
2777,0, 580, False, 4
2778,0, 580, False, 4
2779,0, 580, False, 0
2780,0, 580, False, 1
2781,0, 580, False, 1
2782,0, 580, False, 1
2783,0, 580, False, 1
2784,0, 580, False, 1
2785,0, 580, False, 1
2786,0, 580, False, 1
2787,0, 580, False, 1
2788,0, 580, False, 1
2789,0, 580, False, 1
2790,0, 580, False, 1
2791,0, 580, False, 0
2792,0, 580, False, 0
2793,0, 580, False, 0
2794,0, 580, False, 0
2795,0, 580, False, 0
2796,0, 580, False, 0
2797,0, 580, False, 0
2798,0, 580, False, 0
2799,0, 580, False, 0
2800,0, 580, False, 0
2801,0, 580, False, 0
2802,0, 580, False, 0
2803,0, 580, False, 0
2804,0, 580, False, 0
2805,0, 580, False, 0
2806,0, 580, False, 0
2807,0, 580, False, 0
2808,0, 580, False, 3
2809,0, 580, False, 3
2810,0, 580, False, 3
2811,0, 580, False, 3
2812,0, 580, False, 3
2813,0, 580, False, 3
2814,0, 580, False, 3
2815,0, 580, False, 3
2816,0, 580, False, 3
2817,0, 580, False, 3
2818,0, 580, False, 3
2819,30, 610, False, 3
2820,0, 610, False, 3
2821,0, 610, False, 3
2822,0, 610, False, 3
2823,0, 610, False, 3
2824,0, 610, False, 3
2825,0, 610, False, 3
2826,0, 610, False, 3
2827,0, 610, False, 3
2828,0, 610, False, 3
2829,0, 610, False, 3
2830,0, 610, False, 3
2831,0, 610, False, 3
2832,0, 610, False, 3
2833,0, 610, False, 3
2834,0, 610, False, 3
2835,0, 610, False, 3
2836,0, 610, False, 3
2837,0, 610, False, 3
2838,0, 610, False, 3
2839,0, 610, False, 3
2840,0, 610, False, 3
2841,0, 610, False, 0
2842,0, 610, False, 1
2843,0, 610, False, 1
2844,0, 610, False, 1
2845,0, 610, False, 1
2846,0, 610, False, 1
2847,0, 610, False, 1
2848,0, 610, False, 1
2849,0, 610, False, 1
2850,0, 610, False, 1
2851,0, 610, False, 1
2852,0, 610, False, 1
2853,0, 610, False, 1
2854,0, 610, False, 0
2855,0, 610, False, 0
2856,0, 610, False, 0
2857,0, 610, False, 0
2858,0, 610, False, 0
2859,0, 610, False, 0
2860,0, 610, False, 0
2861,0, 610, False, 0
2862,0, 610, False, 0
2863,0, 610, False, 0
2864,0, 610, False, 0
2865,0, 610, False, 0
2866,0, 610, False, 0
2867,0, 610, False, 0
2868,0, 610, False, 0
2869,0, 610, False, 0
2870,0, 610, False, 0
2871,0, 610, False, 0
2872,0, 610, False, 0
2873,0, 610, False, 0
2874,0, 610, False, 0
2875,25, 635, False, 0
2876,0, 635, False, 0
2877,0, 635, False, 0
2878,0, 635, False, 0
2879,0, 635, False, 0
2880,0, 635, False, 0
2881,0, 635, False, 4
2882,0, 635, False, 4
2883,0, 635, False, 4
2884,0, 635, False, 4
2885,0, 635, False, 4
2886,0, 635, False, 4
2887,0, 635, False, 4
2888,0, 635, False, 4
2889,0, 635, False, 4
2890,0, 635, False, 4
2891,0, 635, False, 4
2892,0, 635, False, 4
2893,0, 635, False, 4
2894,0, 635, False, 4
2895,0, 635, False, 4
2896,0, 635, False, 4
2897,0, 635, False, 4
2898,0, 635, False, 4
2899,0, 635, False, 4
2900,0, 635, False, 4
2901,0, 635, False, 4
2902,0, 635, False, 4
2903,0, 635, False, 0
2904,0, 635, False, 0
2905,0, 635, False, 0
2906,0, 635, False, 0
2907,0, 635, False, 0
2908,0, 635, False, 0
2909,0, 635, False, 0
2910,0, 635, False, 0
2911,0, 635, False, 0
2912,0, 635, False, 0
2913,0, 635, False, 0
2914,0, 635, False, 0
2915,0, 635, False, 0
2916,0, 635, False, 0
2917,0, 635, False, 0
2918,0, 635, False, 4
2919,0, 635, False, 4
2920,0, 635, False, 4
2921,0, 635, False, 4
2922,0, 635, False, 4
2923,0, 635, False, 4
2924,0, 635, False, 4
2925,0, 635, False, 4
2926,0, 635, False, 4
2927,0, 635, False, 4
2928,0, 635, False, 4
2929,0, 635, False, 4
2930,0, 635, False, 4
2931,0, 635, False, 4
2932,0, 635, False, 4
2933,0, 635, False, 4
2934,0, 635, False, 4
2935,0, 635, False, 4
2936,0, 635, False, 4
2937,0, 635, False, 4
2938,0, 635, False, 4
2939,0, 635, False, 4
2940,0, 635, False, 4
2941,0, 635, False, 4
2942,0, 635, False, 4
2943,0, 635, False, 4
2944,0, 635, False, 4
2945,0, 635, False, 4
2946,0, 635, False, 4
2947,0, 635, False, 4
2948,0, 635, False, 4
2949,0, 635, False, 4
2950,0, 635, False, 4
2951,0, 635, False, 12
2952,0, 635, False, 12
2953,0, 635, False, 12
2954,0, 635, False, 12
2955,0, 635, False, 12
2956,0, 635, False, 12
2957,0, 635, False, 12
2958,0, 635, False, 12
2959,0, 635, False, 12
2960,0, 635, False, 12
2961,0, 635, False, 12
2962,0, 635, False, 12
2963,0, 635, False, 12
2964,0, 635, False, 12
2965,0, 635, False, 4
2966,0, 635, False, 0
2967,0, 635, False, 0
2968,0, 635, False, 0
2969,0, 635, False, 0
2970,0, 635, False, 0
2971,0, 635, False, 1
2972,0, 635, False, 1
2973,0, 635, False, 1
2974,0, 635, False, 1
2975,0, 635, False, 1
2976,0, 635, False, 1
2977,0, 635, False, 1
2978,0, 635, False, 1
2979,0, 635, False, 1
2980,0, 635, False, 12
2981,0, 635, False, 12
2982,0, 635, False, 12
2983,0, 635, False, 4
2984,0, 635, False, 4
2985,0, 635, False, 4
2986,0, 635, False, 4
2987,30, 665, False, 4
2988,0, 665, False, 4
2989,0, 665, False, 4
2990,0, 665, False, 4
2991,0, 665, False, 4
2992,0, 665, False, 4
2993,0, 665, False, 4
2994,0, 665, False, 4
2995,0, 665, False, 4
2996,0, 665, False, 4
2997,0, 665, False, 4
2998,0, 665, False, 4
2999,0, 665, False, 4
3000,0, 665, False, 4
3001,0, 665, False, 4
3002,0, 665, False, 4
3003,0, 665, False, 4
3004,0, 665, False, 4
3005,0, 665, False, 4
3006,0, 665, False, 4
3007,0, 665, False, 4
3008,0, 665, False, 4
3009,0, 665, False, 4
3010,0, 665, False, 4
3011,0, 665, False, 4
3012,0, 665, False, 4
3013,0, 665, False, 4
3014,0, 665, False, 4
3015,0, 665, False, 4
3016,0, 665, False, 12
3017,0, 665, False, 12
3018,0, 665, False, 12
3019,0, 665, False, 12
3020,0, 665, False, 12
3021,0, 665, False, 12
3022,0, 665, False, 12
3023,0, 665, False, 12
3024,0, 665, False, 12
3025,0, 665, False, 1
3026,0, 665, False, 1
3027,0, 665, False, 1
3028,0, 665, False, 1
3029,0, 665, False, 1
3030,0, 665, False, 1
3031,0, 665, False, 1
3032,0, 665, False, 0
3033,0, 665, False, 0
3034,0, 665, False, 0
3035,0, 665, False, 0
3036,0, 665, False, 0
3037,0, 665, False, 4
3038,0, 665, False, 4
3039,0, 665, False, 4
3040,0, 665, False, 4
3041,0, 665, False, 4
3042,0, 665, False, 4
3043,25, 690, False, 4
3044,0, 690, False, 4
3045,0, 690, False, 4
3046,0, 690, False, 4
3047,0, 690, False, 4
3048,0, 690, False, 4
3049,0, 690, False, 4
3050,0, 690, False, 4
3051,0, 690, False, 4
3052,0, 690, False, 4
3053,0, 690, False, 4
3054,0, 690, False, 4
3055,0, 690, False, 4
3056,0, 690, False, 4
3057,0, 690, False, 4
3058,0, 690, False, 4
3059,0, 690, False, 4
3060,0, 690, False, 4
3061,0, 690, False, 4
3062,0, 690, False, 4
3063,0, 690, False, 4
3064,0, 690, False, 4
3065,0, 690, False, 4
3066,0, 690, False, 4
3067,0, 690, False, 0
3068,0, 690, False, 0
3069,0, 690, False, 0
3070,0, 690, False, 0
3071,0, 690, False, 0
3072,0, 690, False, 3
3073,0, 690, False, 3
3074,0, 690, False, 3
3075,0, 690, False, 3
3076,0, 690, False, 3
3077,0, 690, False, 3
3078,0, 690, False, 3
3079,0, 690, False, 3
3080,0, 690, False, 3
3081,0, 690, False, 0
3082,0, 690, False, 0
3083,0, 690, False, 0
3084,0, 690, False, 0
3085,0, 690, False, 0
3086,0, 690, False, 0
3087,0, 690, False, 0
3088,0, 690, False, 0
3089,0, 690, False, 0
3090,0, 690, False, 0
3091,0, 690, False, 0
3092,0, 690, False, 0
3093,0, 690, False, 0
3094,0, 690, False, 0
3095,0, 690, False, 1
3096,0, 690, False, 1
3097,0, 690, False, 1
3098,0, 690, False, 1
3099,0, 690, False, 1
3100,0, 690, False, 1
3101,0, 690, False, 1
3102,0, 690, False, 1
3103,0, 690, False, 1
3104,0, 690, False, 1
3105,0, 690, False, 1
3106,0, 690, False, 0
3107,0, 690, False, 0
3108,0, 690, False, 0
3109,0, 690, False, 0
3110,0, 690, False, 0
3111,0, 690, False, 0
3112,0, 690, False, 0
3113,0, 690, False, 0
3114,0, 690, False, 0
3115,0, 690, False, 0
3116,0, 690, False, 0
3117,0, 690, False, 0
3118,0, 690, False, 0
3119,0, 690, False, 0
3120,0, 690, False, 0
3121,0, 690, False, 0
3122,0, 690, False, 0
3123,0, 690, False, 0
3124,0, 690, False, 0
3125,0, 690, False, 0
3126,0, 690, False, 0
3127,0, 690, False, 0
3128,0, 690, False, 0
3129,0, 690, False, 0
3130,0, 690, False, 0
3131,0, 690, False, 0
3132,0, 690, False, 0
3133,0, 690, False, 0
3134,0, 690, False, 0
3135,0, 690, False, 0
3136,0, 690, False, 1
3137,0, 690, False, 1
3138,0, 690, False, 1
3139,0, 690, False, 1
3140,0, 690, False, 1
3141,0, 690, False, 1
3142,0, 690, False, 1
3143,0, 690, False, 1
3144,0, 690, False, 1
3145,0, 690, False, 1
3146,0, 690, False, 1
3147,0, 690, False, 1
3148,0, 690, False, 1
3149,0, 690, False, 1
3150,0, 690, False, 1
3151,0, 690, False, 1
3152,0, 690, False, 1
3153,0, 690, False, 1
3154,0, 690, False, 1
3155,0, 690, False, 1
3156,0, 690, False, 1
3157,0, 690, False, 1
3158,0, 690, False, 1
3159,0, 690, False, 0
3160,0, 690, False, 3
3161,0, 690, False, 3
3162,0, 690, False, 3
3163,0, 690, False, 3
3164,0, 690, False, 3
3165,0, 690, False, 3
3166,0, 690, False, 3
3167,0, 690, False, 3
3168,0, 690, False, 3
3169,0, 690, False, 3
3170,0, 690, False, 3
3171,0, 690, False, 3
3172,0, 690, False, 3
3173,0, 690, False, 3
3174,0, 690, False, 3
3175,0, 690, False, 3
3176,0, 690, False, 3
3177,0, 690, False, 3
3178,0, 690, False, 3
3179,0, 690, False, 3
3180,0, 690, False, 3
3181,0, 690, False, 3
3182,0, 690, False, 3
3183,0, 690, False, 3
3184,0, 690, False, 3
3185,0, 690, False, 3
3186,0, 690, False, 3
3187,0, 690, False, 11
3188,0, 690, False, 11
3189,0, 690, False, 11
3190,0, 690, False, 1
3191,0, 690, False, 1
3192,0, 690, False, 1
3193,0, 690, False, 1
3194,0, 690, False, 1
3195,0, 690, False, 1
3196,0, 690, False, 1
3197,0, 690, False, 1
3198,0, 690, False, 1
3199,0, 690, False, 1
3200,0, 690, False, 1
3201,0, 690, False, 1
3202,0, 690, False, 1
3203,0, 690, False, 1
3204,0, 690, False, 0
3205,0, 690, False, 0
3206,0, 690, False, 0
3207,0, 690, False, 3
3208,0, 690, False, 3
3209,0, 690, False, 3
3210,0, 690, False, 3
3211,25, 715, False, 3
3212,0, 715, False, 3
3213,0, 715, False, 3
3214,0, 715, False, 3
3215,0, 715, False, 3
3216,0, 715, False, 3
3217,0, 715, False, 3
3218,0, 715, False, 3
3219,0, 715, False, 3
3220,0, 715, False, 3
3221,0, 715, False, 3
3222,0, 715, False, 3
3223,0, 715, False, 3
3224,0, 715, False, 3
3225,0, 715, False, 3
3226,0, 715, False, 3
3227,0, 715, False, 3
3228,0, 715, False, 3
3229,0, 715, False, 3
3230,0, 715, False, 3
3231,0, 715, False, 3
3232,0, 715, False, 3
3233,0, 715, False, 3
3234,0, 715, False, 3
3235,0, 715, False, 3
3236,0, 715, False, 3
3237,0, 715, False, 3
3238,0, 715, False, 3
3239,0, 715, False, 3
3240,0, 715, False, 3
3241,0, 715, False, 3
3242,0, 715, False, 3
3243,0, 715, False, 3
3244,0, 715, False, 3
3245,0, 715, False, 3
3246,0, 715, False, 3
3247,0, 715, False, 3
3248,0, 715, False, 3
3249,0, 715, False, 3
3250,0, 715, False, 3
3251,0, 715, False, 3
3252,0, 715, False, 3
3253,0, 715, False, 11
3254,0, 715, False, 11
3255,0, 715, False, 1
3256,0, 715, False, 1
3257,0, 715, False, 1
3258,0, 715, False, 1
3259,0, 715, False, 1
3260,0, 715, False, 1
3261,0, 715, False, 1
3262,0, 715, False, 1
3263,0, 715, False, 0
3264,0, 715, False, 0
3265,0, 715, False, 0
3266,0, 715, False, 0
3267,0, 715, False, 0
3268,0, 715, False, 0
3269,0, 715, False, 0
3270,0, 715, False, 0
3271,0, 715, False, 0
3272,0, 715, False, 0
3273,0, 715, False, 0
3274,0, 715, False, 0
3275,0, 715, False, 4
3276,0, 715, False, 4
3277,0, 715, False, 4
3278,0, 715, False, 4
3279,0, 715, False, 4
3280,0, 715, False, 4
3281,0, 715, False, 4
3282,0, 715, False, 4
3283,0, 715, False, 4
3284,0, 715, False, 4
3285,0, 715, False, 4
3286,0, 715, False, 4
3287,0, 715, False, 4
3288,0, 715, False, 4
3289,0, 715, False, 4
3290,0, 715, False, 4
3291,0, 715, False, 4
3292,0, 715, False, 4
3293,0, 715, False, 4
3294,0, 715, False, 4
3295,0, 715, False, 4
3296,0, 715, False, 4
3297,0, 715, False, 4
3298,0, 715, False, 4
3299,0, 715, False, 4
3300,0, 715, False, 4
3301,0, 715, False, 4
3302,0, 715, False, 4
3303,0, 715, False, 4
3304,0, 715, False, 4
3305,0, 715, False, 4
3306,0, 715, False, 4
3307,0, 715, False, 4
3308,0, 715, False, 4
3309,0, 715, False, 4
3310,0, 715, False, 4
3311,0, 715, False, 4
3312,0, 715, False, 4
3313,0, 715, False, 4
3314,0, 715, False, 4
3315,0, 715, False, 4
3316,0, 715, False, 4
3317,0, 715, False, 4
3318,0, 715, False, 4
3319,0, 715, False, 4
3320,0, 715, False, 4
3321,0, 715, False, 4
3322,0, 715, False, 4
3323,0, 715, False, 4
3324,0, 715, False, 4
3325,0, 715, False, 4
3326,0, 715, False, 4
3327,0, 715, False, 4
3328,0, 715, False, 4
3329,0, 715, False, 4
3330,0, 715, False, 4
3331,0, 715, False, 4
3332,0, 715, False, 4
3333,0, 715, False, 4
3334,0, 715, False, 4
3335,0, 715, False, 4
3336,0, 715, False, 4
3337,0, 715, False, 4
3338,0, 715, False, 4
3339,0, 715, False, 4
3340,0, 715, False, 4
3341,0, 715, False, 4
3342,0, 715, False, 4
3343,0, 715, False, 4
3344,0, 715, False, 4
3345,0, 715, False, 4
3346,0, 715, False, 4
3347,0, 715, False, 4
3348,0, 715, False, 4
3349,0, 715, False, 4
3350,0, 715, False, 4
3351,0, 715, False, 4
3352,0, 715, False, 4
3353,0, 715, False, 4
3354,0, 715, False, 4
3355,0, 715, False, 4
3356,0, 715, False, 4
3357,0, 715, False, 4
3358,0, 715, False, 4
3359,0, 715, False, 4
3360,0, 715, False, 4
3361,0, 715, False, 4
3362,0, 715, False, 4
3363,0, 715, False, 4
3364,0, 715, False, 4
3365,0, 715, False, 4
3366,0, 715, False, 0
3367,0, 715, False, 0
3368,0, 715, False, 0
3369,0, 715, False, 0
3370,0, 715, False, 0
3371,0, 715, False, 0
3372,0, 715, False, 0
3373,0, 715, False, 0
3374,0, 715, False, 0
3375,0, 715, False, 0
3376,0, 715, False, 0
3377,0, 715, False, 0
3378,0, 715, False, 4
3379,0, 715, False, 4
3380,0, 715, False, 4
3381,0, 715, False, 4
3382,0, 715, False, 4
3383,0, 715, False, 4
3384,0, 715, False, 4
3385,0, 715, False, 4
3386,0, 715, False, 4
3387,0, 715, False, 4
3388,0, 715, False, 4
3389,0, 715, False, 4
3390,0, 715, False, 4
3391,0, 715, False, 4
3392,0, 715, False, 4
3393,0, 715, False, 4
3394,0, 715, False, 4
3395,0, 715, False, 0
3396,0, 715, False, 0
3397,0, 715, False, 0
3398,0, 715, False, 0
3399,0, 715, False, 0
3400,0, 715, False, 0
3401,0, 715, False, 1
3402,0, 715, False, 1
3403,0, 715, False, 1
3404,0, 715, False, 1
3405,0, 715, False, 11
3406,0, 715, False, 11
3407,0, 715, False, 11
3408,0, 715, False, 11
3409,0, 715, False, 11
3410,0, 715, False, 11
3411,0, 715, False, 11
3412,0, 715, False, 3
3413,25, 740, False, 3
3414,0, 740, False, 3
3415,0, 740, False, 3
3416,0, 740, False, 3
3417,0, 740, False, 3
3418,0, 740, False, 0
3419,0, 740, False, 0
3420,0, 740, False, 0
3421,0, 740, False, 0
3422,0, 740, False, 0
3423,0, 740, False, 0
3424,0, 740, False, 0
3425,0, 740, False, 0
3426,0, 740, False, 0
3427,0, 740, False, 0
3428,0, 740, False, 0
3429,0, 740, False, 0
3430,0, 740, False, 0
3431,0, 740, False, 0
3432,0, 740, False, 4
3433,0, 740, False, 4
3434,0, 740, False, 4
3435,0, 740, False, 4
3436,0, 740, False, 4
3437,0, 740, False, 4
3438,0, 740, False, 0
3439,0, 740, False, 0
3440,0, 740, False, 3
3441,0, 740, False, 3
3442,0, 740, False, 3
3443,0, 740, False, 3
3444,0, 740, False, 3
3445,0, 740, False, 3
3446,0, 740, False, 3
3447,0, 740, False, 3
3448,0, 740, False, 3
3449,0, 740, False, 3
3450,0, 740, False, 3
3451,0, 740, False, 3
3452,0, 740, False, 3
3453,0, 740, False, 3
3454,0, 740, False, 3
3455,0, 740, False, 3
3456,0, 740, False, 3
3457,0, 740, False, 3
3458,0, 740, False, 3
3459,0, 740, False, 3
3460,0, 740, False, 3
3461,0, 740, False, 3
3462,0, 740, False, 3
3463,0, 740, False, 3
3464,0, 740, False, 3
3465,0, 740, False, 3
3466,0, 740, False, 3
3467,0, 740, False, 3
3468,0, 740, False, 11
3469,0, 740, False, 11
3470,0, 740, False, 11
3471,0, 740, False, 11
3472,0, 740, False, 11
3473,0, 740, False, 1
3474,0, 740, False, 1
3475,0, 740, False, 1
3476,0, 740, False, 1
3477,0, 740, False, 1
3478,0, 740, False, 1
3479,0, 740, False, 1
3480,0, 740, False, 0
3481,0, 740, False, 0
3482,0, 740, False, 0
3483,0, 740, False, 0
3484,0, 740, False, 0
3485,0, 740, False, 0
3486,0, 740, False, 0
3487,0, 740, False, 0
3488,0, 740, False, 0
3489,0, 740, False, 0
3490,0, 740, False, 0
3491,0, 740, False, 0
3492,0, 740, False, 0
3493,0, 740, False, 0
3494,0, 740, False, 0
3495,0, 740, False, 0
3496,0, 740, False, 0
3497,0, 740, False, 0
3498,0, 740, False, 0
3499,0, 740, False, 0
3500,0, 740, False, 0
3501,0, 740, False, 0
3502,0, 740, False, 0
3503,0, 740, False, 0
3504,0, 740, False, 0
3505,0, 740, False, 0
3506,0, 740, False, 0
3507,0, 740, False, 0
3508,0, 740, False, 0
3509,0, 740, False, 0
3510,0, 740, False, 0
3511,0, 740, False, 0
3512,0, 740, False, 0
3513,0, 740, False, 0
3514,0, 740, False, 0
3515,0, 740, False, 0
3516,0, 740, False, 0
3517,0, 740, False, 0
3518,0, 740, False, 0
3519,0, 740, False, 0
3520,0, 740, False, 0
3521,0, 740, False, 0
3522,0, 740, False, 0
3523,0, 740, False, 0
3524,0, 740, False, 0
3525,0, 740, False, 1
3526,0, 740, False, 1
3527,0, 740, False, 1
3528,0, 740, False, 1
3529,0, 740, False, 1
3530,0, 740, False, 1
3531,0, 740, False, 1
3532,0, 740, False, 1
3533,0, 740, False, 1
3534,0, 740, False, 1
3535,0, 740, False, 1
3536,0, 740, False, 1
3537,0, 740, False, 1
3538,0, 740, False, 1
3539,0, 740, False, 0
3540,0, 740, False, 0
3541,0, 740, False, 0
3542,0, 740, False, 3
3543,0, 740, False, 3
3544,0, 740, False, 3
3545,0, 740, False, 3
3546,0, 740, False, 3
3547,0, 740, False, 3
3548,0, 740, False, 3
3549,0, 740, False, 3
3550,0, 740, False, 3
3551,0, 740, False, 3
3552,0, 740, False, 3
3553,0, 740, False, 3
3554,0, 740, False, 3
3555,0, 740, False, 3
3556,0, 740, False, 3
3557,0, 740, False, 3
3558,0, 740, False, 3
3559,0, 740, False, 3
3560,0, 740, False, 0
3561,0, 740, False, 0
3562,0, 740, False, 0
3563,0, 740, False, 0
3564,0, 740, False, 0
3565,0, 740, False, 0
3566,0, 740, False, 0
3567,0, 740, False, 4
3568,0, 740, False, 4
3569,0, 740, False, 4
3570,0, 740, False, 4
3571,0, 740, False, 4
3572,0, 740, False, 4
3573,0, 740, False, 4
3574,0, 740, False, 4
3575,0, 740, False, 4
3576,0, 740, False, 4
3577,0, 740, False, 4
3578,0, 740, False, 4
3579,0, 740, False, 4
3580,0, 740, False, 4
3581,0, 740, False, 4
3582,0, 740, False, 4
3583,0, 740, False, 4
3584,0, 740, False, 4
3585,0, 740, False, 4
3586,0, 740, False, 4
3587,0, 740, False, 4
3588,0, 740, False, 4
3589,0, 740, False, 4
3590,0, 740, False, 4
3591,0, 740, False, 12
3592,0, 740, False, 12
3593,0, 740, False, 12
3594,0, 740, False, 12
3595,0, 740, False, 12
3596,0, 740, False, 1
3597,0, 740, False, 1
3598,0, 740, False, 1
3599,0, 740, False, 1
3600,0, 740, False, 1
3601,0, 740, False, 1
3602,0, 740, False, 1
3603,0, 740, False, 0
3604,0, 740, False, 0
3605,0, 740, False, 0
3606,0, 740, False, 0
3607,0, 740, False, 0
3608,0, 740, False, 0
3609,0, 740, False, 0
3610,0, 740, False, 0
3611,0, 740, False, 0
3612,0, 740, False, 0
3613,0, 740, False, 0
3614,0, 740, False, 0
3615,0, 740, False, 0
3616,0, 740, False, 0
3617,0, 740, False, 0
3618,0, 740, False, 0
3619,0, 740, False, 0
3620,0, 740, False, 0
3621,0, 740, False, 0
3622,0, 740, False, 0
3623,0, 740, False, 0
3624,0, 740, False, 0
3625,0, 740, False, 3
3626,0, 740, False, 3
3627,0, 740, False, 3
3628,0, 740, False, 3
3629,0, 740, False, 3
3630,0, 740, False, 3
3631,0, 740, False, 3
3632,0, 740, False, 3
3633,0, 740, False, 3
3634,0, 740, False, 3
3635,0, 740, False, 3
3636,0, 740, False, 3
3637,0, 740, False, 3
3638,0, 740, False, 3
3639,0, 740, False, 3
3640,0, 740, False, 3
3641,0, 740, False, 3
3642,0, 740, False, 3
3643,0, 740, False, 3
3644,0, 740, False, 3
3645,0, 740, False, 11
3646,0, 740, False, 11
3647,0, 740, False, 11
3648,0, 740, False, 1
3649,0, 740, False, 1
3650,0, 740, False, 1
3651,0, 740, True, 1
