db traj id : 3742
frame,reward,score,terminal, action
0,0, 0, False, 0
1,0, 0, False, 0
2,0, 0, False, 0
3,0, 0, False, 0
4,0, 0, False, 0
5,0, 0, False, 0
6,0, 0, False, 0
7,0, 0, False, 0
8,0, 0, False, 0
9,0, 0, False, 0
10,0, 0, False, 0
11,0, 0, False, 0
12,0, 0, False, 0
13,0, 0, False, 0
14,0, 0, False, 0
15,0, 0, False, 0
16,0, 0, False, 0
17,0, 0, False, 0
18,0, 0, False, 0
19,0, 0, False, 0
20,0, 0, False, 0
21,0, 0, False, 0
22,0, 0, False, 0
23,0, 0, False, 0
24,0, 0, False, 0
25,0, 0, False, 0
26,0, 0, False, 0
27,0, 0, False, 0
28,0, 0, False, 0
29,0, 0, False, 0
30,0, 0, False, 0
31,0, 0, False, 0
32,0, 0, False, 0
33,0, 0, False, 0
34,0, 0, False, 0
35,0, 0, False, 0
36,0, 0, False, 0
37,0, 0, False, 0
38,0, 0, False, 0
39,0, 0, False, 0
40,0, 0, False, 0
41,0, 0, False, 0
42,0, 0, False, 0
43,0, 0, False, 0
44,0, 0, False, 0
45,0, 0, False, 0
46,0, 0, False, 0
47,0, 0, False, 0
48,0, 0, False, 0
49,0, 0, False, 0
50,0, 0, False, 0
51,0, 0, False, 0
52,0, 0, False, 0
53,0, 0, False, 0
54,0, 0, False, 0
55,0, 0, False, 0
56,0, 0, False, 0
57,0, 0, False, 0
58,0, 0, False, 0
59,0, 0, False, 0
60,0, 0, False, 0
61,0, 0, False, 0
62,0, 0, False, 0
63,0, 0, False, 0
64,0, 0, False, 0
65,0, 0, False, 0
66,0, 0, False, 0
67,0, 0, False, 0
68,0, 0, False, 0
69,0, 0, False, 0
70,0, 0, False, 0
71,0, 0, False, 0
72,0, 0, False, 0
73,0, 0, False, 0
74,0, 0, False, 0
75,0, 0, False, 3
76,0, 0, False, 3
77,0, 0, False, 3
78,0, 0, False, 3
79,0, 0, False, 3
80,0, 0, False, 3
81,0, 0, False, 3
82,0, 0, False, 3
83,0, 0, False, 3
84,0, 0, False, 3
85,0, 0, False, 3
86,0, 0, False, 3
87,0, 0, False, 3
88,0, 0, False, 3
89,0, 0, False, 3
90,0, 0, False, 3
91,0, 0, False, 3
92,0, 0, False, 3
93,0, 0, False, 3
94,0, 0, False, 3
95,0, 0, False, 3
96,0, 0, False, 3
97,0, 0, False, 3
98,0, 0, False, 3
99,0, 0, False, 3
100,0, 0, False, 3
101,0, 0, False, 3
102,0, 0, False, 3
103,0, 0, False, 3
104,0, 0, False, 3
105,0, 0, False, 3
106,0, 0, False, 3
107,0, 0, False, 3
108,0, 0, False, 0
109,0, 0, False, 0
110,0, 0, False, 0
111,0, 0, False, 0
112,0, 0, False, 0
113,0, 0, False, 0
114,0, 0, False, 0
115,0, 0, False, 0
116,0, 0, False, 0
117,0, 0, False, 0
118,0, 0, False, 0
119,0, 0, False, 0
120,0, 0, False, 3
121,0, 0, False, 3
122,0, 0, False, 3
123,0, 0, False, 3
124,0, 0, False, 3
125,0, 0, False, 3
126,0, 0, False, 3
127,0, 0, False, 3
128,0, 0, False, 3
129,0, 0, False, 3
130,0, 0, False, 3
131,0, 0, False, 3
132,0, 0, False, 3
133,0, 0, False, 3
134,0, 0, False, 3
135,0, 0, False, 3
136,0, 0, False, 3
137,0, 0, False, 3
138,0, 0, False, 3
139,0, 0, False, 3
140,0, 0, False, 3
141,0, 0, False, 3
142,0, 0, False, 3
143,0, 0, False, 3
144,0, 0, False, 3
145,0, 0, False, 3
146,0, 0, False, 3
147,0, 0, False, 3
148,0, 0, False, 3
149,0, 0, False, 3
150,0, 0, False, 3
151,0, 0, False, 3
152,0, 0, False, 3
153,0, 0, False, 3
154,0, 0, False, 3
155,0, 0, False, 3
156,0, 0, False, 3
157,0, 0, False, 3
158,0, 0, False, 3
159,0, 0, False, 3
160,0, 0, False, 3
161,0, 0, False, 3
162,0, 0, False, 3
163,0, 0, False, 3
164,0, 0, False, 3
165,0, 0, False, 3
166,0, 0, False, 3
167,0, 0, False, 0
168,0, 0, False, 1
169,0, 0, False, 1
170,0, 0, False, 1
171,0, 0, False, 1
172,0, 0, False, 1
173,0, 0, False, 1
174,0, 0, False, 0
175,0, 0, False, 0
176,0, 0, False, 0
177,0, 0, False, 3
178,0, 0, False, 3
179,0, 0, False, 3
180,0, 0, False, 3
181,0, 0, False, 3
182,0, 0, False, 11
183,0, 0, False, 1
184,0, 0, False, 1
185,0, 0, False, 1
186,0, 0, False, 1
187,0, 0, False, 1
188,0, 0, False, 1
189,0, 0, False, 1
190,0, 0, False, 1
191,0, 0, False, 1
192,0, 0, False, 0
193,0, 0, False, 0
194,0, 0, False, 0
195,5, 5, False, 0
196,0, 5, False, 0
197,0, 5, False, 0
198,0, 5, False, 0
199,0, 5, False, 0
200,0, 5, False, 1
201,0, 5, False, 1
202,0, 5, False, 1
203,0, 5, False, 1
204,0, 5, False, 1
205,0, 5, False, 1
206,0, 5, False, 1
207,0, 5, False, 1
208,0, 5, False, 11
209,0, 5, False, 11
210,0, 5, False, 11
211,0, 5, False, 11
212,0, 5, False, 11
213,0, 5, False, 3
214,0, 5, False, 3
215,0, 5, False, 3
216,0, 5, False, 3
217,0, 5, False, 3
218,0, 5, False, 0
219,0, 5, False, 1
220,0, 5, False, 1
221,0, 5, False, 1
222,0, 5, False, 1
223,0, 5, False, 1
224,0, 5, False, 1
225,0, 5, False, 1
226,0, 5, False, 1
227,0, 5, False, 1
228,0, 5, False, 0
229,0, 5, False, 0
230,0, 5, False, 0
231,0, 5, False, 0
232,0, 5, False, 0
233,10, 15, False, 0
234,0, 15, False, 0
235,0, 15, False, 0
236,0, 15, False, 0
237,0, 15, False, 0
238,0, 15, False, 1
239,0, 15, False, 1
240,0, 15, False, 1
241,0, 15, False, 1
242,0, 15, False, 1
243,0, 15, False, 1
244,0, 15, False, 1
245,0, 15, False, 1
246,0, 15, False, 1
247,0, 15, False, 1
248,0, 15, False, 1
249,0, 15, False, 0
250,0, 15, False, 0
251,0, 15, False, 0
252,0, 15, False, 0
253,0, 15, False, 0
254,0, 15, False, 0
255,0, 15, False, 1
256,0, 15, False, 1
257,0, 15, False, 1
258,0, 15, False, 1
259,0, 15, False, 1
260,0, 15, False, 1
261,0, 15, False, 1
262,0, 15, False, 1
263,0, 15, False, 1
264,0, 15, False, 1
265,0, 15, False, 1
266,0, 15, False, 0
267,0, 15, False, 0
268,0, 15, False, 0
269,0, 15, False, 0
270,0, 15, False, 0
271,0, 15, False, 0
272,0, 15, False, 0
273,0, 15, False, 1
274,0, 15, False, 1
275,0, 15, False, 1
276,0, 15, False, 1
277,0, 15, False, 1
278,0, 15, False, 1
279,0, 15, False, 1
280,0, 15, False, 1
281,0, 15, False, 1
282,0, 15, False, 1
283,15, 30, False, 0
284,0, 30, False, 0
285,0, 30, False, 0
286,0, 30, False, 0
287,0, 30, False, 0
288,0, 30, False, 0
289,0, 30, False, 1
290,0, 30, False, 1
291,0, 30, False, 1
292,0, 30, False, 1
293,0, 30, False, 1
294,0, 30, False, 1
295,0, 30, False, 1
296,0, 30, False, 1
297,0, 30, False, 1
298,0, 30, False, 1
299,0, 30, False, 11
300,0, 30, False, 11
301,0, 30, False, 3
302,0, 30, False, 3
303,0, 30, False, 3
304,0, 30, False, 3
305,0, 30, False, 3
306,0, 30, False, 3
307,0, 30, False, 3
308,0, 30, False, 3
309,0, 30, False, 3
310,0, 30, False, 3
311,0, 30, False, 3
312,0, 30, False, 3
313,0, 30, False, 3
314,0, 30, False, 3
315,0, 30, False, 3
316,0, 30, False, 3
317,0, 30, False, 3
318,0, 30, False, 3
319,0, 30, False, 3
320,0, 30, False, 3
321,0, 30, False, 3
322,0, 30, False, 3
323,0, 30, False, 3
324,0, 30, False, 3
325,0, 30, False, 3
326,0, 30, False, 3
327,0, 30, False, 3
328,0, 30, False, 3
329,0, 30, False, 3
330,0, 30, False, 3
331,0, 30, False, 3
332,0, 30, False, 3
333,0, 30, False, 3
334,0, 30, False, 3
335,0, 30, False, 3
336,0, 30, False, 3
337,0, 30, False, 3
338,0, 30, False, 3
339,0, 30, False, 3
340,0, 30, False, 3
341,20, 50, False, 3
342,0, 50, False, 3
343,0, 50, False, 3
344,0, 50, False, 3
345,0, 50, False, 3
346,0, 50, False, 3
347,0, 50, False, 3
348,0, 50, False, 3
349,0, 50, False, 3
350,0, 50, False, 3
351,0, 50, False, 3
352,0, 50, False, 0
353,0, 50, False, 0
354,0, 50, False, 0
355,0, 50, False, 0
356,0, 50, False, 0
357,0, 50, False, 0
358,0, 50, False, 0
359,0, 50, False, 0
360,0, 50, False, 0
361,0, 50, False, 0
362,0, 50, False, 0
363,0, 50, False, 0
364,0, 50, False, 0
365,0, 50, False, 0
366,0, 50, False, 0
367,0, 50, False, 0
368,0, 50, False, 1
369,0, 50, False, 1
370,0, 50, False, 1
371,0, 50, False, 1
372,0, 50, False, 1
373,0, 50, False, 1
374,0, 50, False, 1
375,0, 50, False, 1
376,0, 50, False, 1
377,0, 50, False, 1
378,0, 50, False, 1
379,0, 50, False, 1
380,0, 50, False, 1
381,0, 50, False, 0
382,0, 50, False, 0
383,0, 50, False, 0
384,0, 50, False, 0
385,0, 50, False, 0
386,0, 50, False, 1
387,0, 50, False, 1
388,0, 50, False, 1
389,0, 50, False, 1
390,0, 50, False, 1
391,0, 50, False, 1
392,0, 50, False, 12
393,0, 50, False, 12
394,0, 50, False, 12
395,0, 50, False, 12
396,0, 50, False, 12
397,0, 50, False, 12
398,0, 50, False, 4
399,0, 50, False, 4
400,0, 50, False, 4
401,0, 50, False, 4
402,0, 50, False, 4
403,0, 50, False, 4
404,0, 50, False, 4
405,0, 50, False, 4
406,0, 50, False, 4
407,0, 50, False, 4
408,0, 50, False, 4
409,0, 50, False, 4
410,0, 50, False, 4
411,0, 50, False, 4
412,0, 50, False, 4
413,0, 50, False, 4
414,0, 50, False, 0
415,0, 50, False, 0
416,0, 50, False, 0
417,0, 50, False, 0
418,0, 50, False, 0
419,0, 50, False, 0
420,0, 50, False, 0
421,0, 50, False, 0
422,0, 50, False, 0
423,0, 50, False, 0
424,0, 50, False, 0
425,0, 50, False, 0
426,0, 50, False, 0
427,0, 50, False, 0
428,0, 50, False, 0
429,0, 50, False, 0
430,0, 50, False, 0
431,0, 50, False, 0
432,0, 50, False, 0
433,0, 50, False, 3
434,0, 50, False, 3
435,0, 50, False, 3
436,0, 50, False, 3
437,0, 50, False, 3
438,0, 50, False, 3
439,0, 50, False, 3
440,0, 50, False, 3
441,0, 50, False, 3
442,0, 50, False, 3
443,0, 50, False, 3
444,0, 50, False, 0
445,0, 50, False, 0
446,0, 50, False, 0
447,0, 50, False, 0
448,0, 50, False, 0
449,0, 50, False, 0
450,0, 50, False, 1
451,0, 50, False, 1
452,0, 50, False, 1
453,0, 50, False, 1
454,0, 50, False, 1
455,0, 50, False, 1
456,0, 50, False, 1
457,0, 50, False, 1
458,0, 50, False, 1
459,0, 50, False, 1
460,0, 50, False, 1
461,0, 50, False, 1
462,0, 50, False, 1
463,0, 50, False, 1
464,0, 50, False, 1
465,0, 50, False, 1
466,0, 50, False, 1
467,0, 50, False, 1
468,0, 50, False, 0
469,0, 50, False, 0
470,0, 50, False, 0
471,0, 50, False, 0
472,0, 50, False, 0
473,0, 50, False, 0
474,0, 50, False, 1
475,0, 50, False, 1
476,0, 50, False, 1
477,5, 55, False, 1
478,0, 55, False, 1
479,0, 55, False, 1
480,0, 55, False, 1
481,0, 55, False, 11
482,0, 55, False, 11
483,0, 55, False, 11
484,0, 55, False, 11
485,0, 55, False, 3
486,0, 55, False, 3
487,0, 55, False, 3
488,0, 55, False, 3
489,0, 55, False, 3
490,0, 55, False, 3
491,0, 55, False, 3
492,0, 55, False, 3
493,0, 55, False, 3
494,0, 55, False, 11
495,0, 55, False, 11
496,0, 55, False, 11
497,0, 55, False, 11
498,0, 55, False, 11
499,0, 55, False, 11
500,0, 55, False, 11
501,0, 55, False, 11
502,0, 55, False, 11
503,0, 55, False, 11
504,0, 55, False, 11
505,0, 55, False, 11
506,0, 55, False, 11
507,0, 55, False, 0
508,0, 55, False, 0
509,0, 55, False, 0
510,0, 55, False, 3
511,10, 65, False, 3
512,0, 65, False, 3
513,0, 65, False, 3
514,0, 65, False, 11
515,0, 65, False, 11
516,0, 65, False, 11
517,0, 65, False, 11
518,0, 65, False, 11
519,0, 65, False, 11
520,0, 65, False, 1
521,0, 65, False, 1
522,0, 65, False, 1
523,0, 65, False, 0
524,0, 65, False, 0
525,0, 65, False, 0
526,0, 65, False, 0
527,0, 65, False, 0
528,0, 65, False, 0
529,0, 65, False, 0
530,0, 65, False, 1
531,0, 65, False, 1
532,0, 65, False, 1
533,0, 65, False, 1
534,0, 65, False, 1
535,0, 65, False, 1
536,0, 65, False, 1
537,0, 65, False, 1
538,0, 65, False, 1
539,5, 70, False, 1
540,0, 70, False, 1
541,0, 70, False, 1
542,0, 70, False, 1
543,0, 70, False, 1
544,0, 70, False, 0
545,0, 70, False, 0
546,0, 70, False, 0
547,0, 70, False, 0
548,0, 70, False, 0
549,0, 70, False, 0
550,0, 70, False, 0
551,0, 70, False, 0
552,0, 70, False, 0
553,0, 70, False, 1
554,0, 70, False, 1
555,0, 70, False, 1
556,0, 70, False, 1
557,0, 70, False, 1
558,0, 70, False, 1
559,0, 70, False, 1
560,0, 70, False, 1
561,0, 70, False, 1
562,0, 70, False, 1
563,0, 70, False, 1
564,0, 70, False, 1
565,0, 70, False, 1
566,0, 70, False, 0
567,0, 70, False, 0
568,0, 70, False, 0
569,0, 70, False, 0
570,0, 70, False, 0
571,0, 70, False, 0
572,0, 70, False, 0
573,0, 70, False, 0
574,0, 70, False, 0
575,0, 70, False, 0
576,0, 70, False, 4
577,0, 70, False, 4
578,0, 70, False, 4
579,0, 70, False, 4
580,0, 70, False, 4
581,0, 70, False, 4
582,0, 70, False, 4
583,0, 70, False, 4
584,0, 70, False, 4
585,0, 70, False, 4
586,0, 70, False, 4
587,0, 70, False, 4
588,0, 70, False, 4
589,0, 70, False, 0
590,0, 70, False, 0
591,0, 70, False, 0
592,0, 70, False, 0
593,0, 70, False, 0
594,0, 70, False, 0
595,0, 70, False, 0
596,0, 70, False, 0
597,10, 80, False, 0
598,0, 80, False, 0
599,0, 80, False, 0
600,0, 80, False, 0
601,0, 80, False, 0
602,0, 80, False, 0
603,0, 80, False, 0
604,0, 80, False, 0
605,0, 80, False, 0
606,0, 80, False, 0
607,0, 80, False, 0
608,0, 80, False, 0
609,0, 80, False, 0
610,0, 80, False, 0
611,0, 80, False, 0
612,0, 80, False, 0
613,0, 80, False, 0
614,0, 80, False, 0
615,0, 80, False, 0
616,0, 80, False, 0
617,0, 80, False, 0
618,0, 80, False, 0
619,0, 80, False, 0
620,0, 80, False, 0
621,0, 80, False, 0
622,0, 80, False, 0
623,0, 80, False, 1
624,0, 80, False, 0
625,0, 80, False, 0
626,0, 80, False, 0
627,0, 80, False, 0
628,0, 80, False, 0
629,0, 80, False, 0
630,0, 80, False, 0
631,0, 80, False, 0
632,0, 80, False, 4
633,0, 80, False, 4
634,0, 80, False, 4
635,0, 80, False, 4
636,0, 80, False, 4
637,0, 80, False, 4
638,0, 80, False, 12
639,0, 80, False, 12
640,0, 80, False, 12
641,0, 80, False, 1
642,0, 80, False, 1
643,0, 80, False, 1
644,0, 80, False, 1
645,0, 80, False, 1
646,0, 80, False, 1
647,0, 80, False, 1
648,0, 80, False, 1
649,0, 80, False, 4
650,0, 80, False, 4
651,0, 80, False, 4
652,0, 80, False, 4
653,0, 80, False, 4
654,0, 80, False, 4
655,0, 80, False, 4
656,0, 80, False, 4
657,0, 80, False, 4
658,0, 80, False, 4
659,0, 80, False, 4
660,0, 80, False, 4
661,0, 80, False, 4
662,0, 80, False, 4
663,0, 80, False, 4
664,0, 80, False, 4
665,0, 80, False, 4
666,0, 80, False, 4
667,0, 80, False, 4
668,0, 80, False, 4
669,0, 80, False, 12
670,0, 80, False, 12
671,0, 80, False, 12
672,0, 80, False, 1
673,0, 80, False, 1
674,0, 80, False, 1
675,0, 80, False, 0
676,0, 80, False, 0
677,0, 80, False, 0
678,0, 80, False, 0
679,0, 80, False, 0
680,0, 80, False, 0
681,0, 80, False, 0
682,0, 80, False, 0
683,0, 80, False, 0
684,0, 80, False, 0
685,0, 80, False, 0
686,0, 80, False, 0
687,0, 80, False, 0
688,0, 80, False, 0
689,0, 80, False, 0
690,0, 80, False, 0
691,0, 80, False, 0
692,0, 80, False, 1
693,0, 80, False, 1
694,0, 80, False, 1
695,0, 80, False, 1
696,0, 80, False, 1
697,0, 80, False, 1
698,0, 80, False, 1
699,0, 80, False, 1
700,0, 80, False, 1
701,0, 80, False, 11
702,0, 80, False, 11
703,0, 80, False, 11
704,0, 80, False, 1
705,0, 80, False, 12
706,0, 80, False, 12
707,0, 80, False, 12
708,0, 80, False, 12
709,0, 80, False, 4
710,0, 80, False, 4
711,0, 80, False, 4
712,0, 80, False, 4
713,0, 80, False, 4
714,0, 80, False, 4
715,0, 80, False, 4
716,0, 80, False, 4
717,0, 80, False, 4
718,0, 80, False, 4
719,0, 80, False, 4
720,0, 80, False, 4
721,0, 80, False, 4
722,0, 80, False, 4
723,0, 80, False, 4
724,0, 80, False, 4
725,0, 80, False, 4
726,0, 80, False, 4
727,0, 80, False, 4
728,0, 80, False, 4
729,0, 80, False, 4
730,0, 80, False, 4
731,0, 80, False, 4
732,0, 80, False, 4
733,0, 80, False, 4
734,0, 80, False, 4
735,0, 80, False, 4
736,0, 80, False, 4
737,0, 80, False, 4
738,0, 80, False, 4
739,0, 80, False, 4
740,0, 80, False, 4
741,0, 80, False, 4
742,0, 80, False, 4
743,0, 80, False, 4
744,0, 80, False, 4
745,0, 80, False, 4
746,0, 80, False, 4
747,0, 80, False, 4
748,0, 80, False, 4
749,0, 80, False, 4
750,0, 80, False, 12
751,0, 80, False, 12
752,0, 80, False, 1
753,0, 80, False, 1
754,0, 80, False, 1
755,0, 80, False, 1
756,0, 80, False, 1
757,0, 80, False, 1
758,0, 80, False, 1
759,0, 80, False, 1
760,0, 80, False, 1
761,0, 80, False, 1
762,0, 80, False, 1
763,0, 80, False, 1
764,0, 80, False, 0
765,0, 80, False, 0
766,0, 80, False, 0
767,0, 80, False, 0
768,0, 80, False, 0
769,0, 80, False, 0
770,0, 80, False, 0
771,0, 80, False, 1
772,0, 80, False, 1
773,0, 80, False, 1
774,0, 80, False, 1
775,5, 85, False, 1
776,0, 85, False, 1
777,0, 85, False, 1
778,0, 85, False, 1
779,0, 85, False, 1
780,0, 85, False, 1
781,0, 85, False, 1
782,0, 85, False, 1
783,0, 85, False, 0
784,0, 85, False, 3
785,0, 85, False, 3
786,0, 85, False, 3
787,0, 85, False, 3
788,0, 85, False, 3
789,0, 85, False, 3
790,0, 85, False, 3
791,0, 85, False, 3
792,0, 85, False, 0
793,0, 85, False, 0
794,0, 85, False, 0
795,0, 85, False, 0
796,0, 85, False, 0
797,0, 85, False, 0
798,0, 85, False, 0
799,0, 85, False, 0
800,0, 85, False, 0
801,0, 85, False, 0
802,0, 85, False, 1
803,0, 85, False, 1
804,0, 85, False, 1
805,0, 85, False, 1
806,0, 85, False, 1
807,0, 85, False, 1
808,0, 85, False, 1
809,10, 95, False, 1
810,0, 95, False, 1
811,0, 95, False, 1
812,0, 95, False, 1
813,0, 95, False, 1
814,0, 95, False, 1
815,0, 95, False, 0
816,0, 95, False, 0
817,0, 95, False, 3
818,0, 95, False, 3
819,0, 95, False, 3
820,0, 95, False, 3
821,0, 95, False, 3
822,0, 95, False, 3
823,0, 95, False, 3
824,0, 95, False, 3
825,0, 95, False, 3
826,0, 95, False, 3
827,0, 95, False, 3
828,0, 95, False, 3
829,0, 95, False, 3
830,0, 95, False, 3
831,0, 95, False, 3
832,0, 95, False, 3
833,0, 95, False, 3
834,0, 95, False, 3
835,0, 95, False, 3
836,0, 95, False, 3
837,0, 95, False, 3
838,0, 95, False, 3
839,0, 95, False, 3
840,0, 95, False, 3
841,0, 95, False, 3
842,0, 95, False, 3
843,0, 95, False, 3
844,0, 95, False, 3
845,0, 95, False, 3
846,0, 95, False, 3
847,0, 95, False, 3
848,0, 95, False, 3
849,0, 95, False, 3
850,0, 95, False, 3
851,0, 95, False, 3
852,0, 95, False, 3
853,15, 110, False, 3
854,0, 110, False, 3
855,0, 110, False, 3
856,0, 110, False, 3
857,0, 110, False, 3
858,0, 110, False, 3
859,0, 110, False, 3
860,0, 110, False, 3
861,0, 110, False, 3
862,0, 110, False, 3
863,0, 110, False, 3
864,0, 110, False, 3
865,0, 110, False, 3
866,0, 110, False, 3
867,0, 110, False, 3
868,0, 110, False, 3
869,0, 110, False, 3
870,0, 110, False, 3
871,0, 110, False, 3
872,0, 110, False, 3
873,0, 110, False, 3
874,0, 110, False, 3
875,0, 110, False, 0
876,0, 110, False, 0
877,0, 110, False, 0
878,0, 110, False, 0
879,0, 110, False, 0
880,0, 110, False, 0
881,0, 110, False, 0
882,0, 110, False, 0
883,0, 110, False, 0
884,0, 110, False, 0
885,0, 110, False, 0
886,0, 110, False, 0
887,0, 110, False, 3
888,0, 110, False, 3
889,0, 110, False, 3
890,0, 110, False, 3
891,0, 110, False, 3
892,0, 110, False, 3
893,0, 110, False, 3
894,0, 110, False, 3
895,0, 110, False, 3
896,0, 110, False, 3
897,0, 110, False, 3
898,0, 110, False, 3
899,0, 110, False, 0
900,0, 110, False, 0
901,0, 110, False, 0
902,0, 110, False, 0
903,0, 110, False, 0
904,0, 110, False, 0
905,0, 110, False, 1
906,0, 110, False, 1
907,0, 110, False, 1
908,0, 110, False, 1
909,0, 110, False, 1
910,0, 110, False, 1
911,0, 110, False, 1
912,0, 110, False, 1
913,0, 110, False, 1
914,0, 110, False, 1
915,0, 110, False, 1
916,0, 110, False, 1
917,0, 110, False, 1
918,0, 110, False, 1
919,0, 110, False, 1
920,0, 110, False, 0
921,0, 110, False, 0
922,0, 110, False, 0
923,0, 110, False, 0
924,0, 110, False, 0
925,0, 110, False, 0
926,0, 110, False, 0
927,0, 110, False, 0
928,0, 110, False, 1
929,0, 110, False, 1
930,0, 110, False, 1
931,0, 110, False, 1
932,0, 110, False, 1
933,0, 110, False, 1
934,0, 110, False, 1
935,0, 110, False, 1
936,0, 110, False, 1
937,0, 110, False, 1
938,0, 110, False, 1
939,0, 110, False, 1
940,0, 110, False, 0
941,0, 110, False, 0
942,0, 110, False, 0
943,0, 110, False, 0
944,0, 110, False, 0
945,0, 110, False, 0
946,0, 110, False, 0
947,0, 110, False, 0
948,0, 110, False, 0
949,15, 125, False, 0
950,0, 125, False, 0
951,0, 125, False, 0
952,0, 125, False, 1
953,0, 125, False, 1
954,0, 125, False, 1
955,0, 125, False, 1
956,0, 125, False, 1
957,0, 125, False, 1
958,0, 125, False, 1
959,0, 125, False, 1
960,0, 125, False, 1
961,0, 125, False, 1
962,0, 125, False, 11
963,0, 125, False, 11
964,0, 125, False, 3
965,0, 125, False, 3
966,0, 125, False, 3
967,0, 125, False, 3
968,0, 125, False, 3
969,0, 125, False, 3
970,0, 125, False, 3
971,0, 125, False, 3
972,0, 125, False, 3
973,0, 125, False, 3
974,0, 125, False, 3
975,0, 125, False, 3
976,0, 125, False, 3
977,0, 125, False, 3
978,0, 125, False, 3
979,0, 125, False, 3
980,0, 125, False, 3
981,0, 125, False, 3
982,0, 125, False, 3
983,0, 125, False, 3
984,0, 125, False, 3
985,0, 125, False, 3
986,0, 125, False, 3
987,0, 125, False, 3
988,0, 125, False, 3
989,0, 125, False, 3
990,0, 125, False, 3
991,0, 125, False, 3
992,0, 125, False, 3
993,0, 125, False, 3
994,0, 125, False, 3
995,0, 125, False, 3
996,0, 125, False, 3
997,0, 125, False, 3
998,0, 125, False, 3
999,20, 145, False, 3
1000,0, 145, False, 3
1001,0, 145, False, 3
1002,0, 145, False, 3
1003,0, 145, False, 0
1004,0, 145, False, 0
1005,0, 145, False, 0
1006,0, 145, False, 0
1007,0, 145, False, 0
1008,0, 145, False, 0
1009,0, 145, False, 0
1010,0, 145, False, 0
1011,0, 145, False, 0
1012,0, 145, False, 0
1013,0, 145, False, 0
1014,0, 145, False, 3
1015,0, 145, False, 3
1016,0, 145, False, 3
1017,0, 145, False, 3
1018,0, 145, False, 3
1019,0, 145, False, 3
1020,0, 145, False, 3
1021,0, 145, False, 3
1022,0, 145, False, 3
1023,0, 145, False, 3
1024,0, 145, False, 3
1025,0, 145, False, 3
1026,0, 145, False, 3
1027,0, 145, False, 3
1028,0, 145, False, 3
1029,0, 145, False, 3
1030,0, 145, False, 3
1031,0, 145, False, 3
1032,0, 145, False, 3
1033,0, 145, False, 3
1034,0, 145, False, 3
1035,0, 145, False, 11
1036,0, 145, False, 11
1037,0, 145, False, 11
1038,0, 145, False, 1
1039,0, 145, False, 1
1040,0, 145, False, 1
1041,0, 145, False, 1
1042,0, 145, False, 1
1043,0, 145, False, 1
1044,0, 145, False, 1
1045,0, 145, False, 1
1046,0, 145, False, 1
1047,0, 145, False, 1
1048,0, 145, False, 1
1049,0, 145, False, 1
1050,0, 145, False, 1
1051,0, 145, False, 1
1052,0, 145, False, 1
1053,0, 145, False, 1
1054,0, 145, False, 1
1055,0, 145, False, 0
1056,0, 145, False, 0
1057,0, 145, False, 0
1058,0, 145, False, 0
1059,0, 145, False, 0
1060,0, 145, False, 0
1061,0, 145, False, 0
1062,0, 145, False, 0
1063,0, 145, False, 0
1064,0, 145, False, 0
1065,0, 145, False, 0
1066,0, 145, False, 0
1067,0, 145, False, 0
1068,0, 145, False, 0
1069,0, 145, False, 0
1070,0, 145, False, 0
1071,0, 145, False, 0
1072,0, 145, False, 3
1073,0, 145, False, 3
1074,0, 145, False, 0
1075,0, 145, False, 0
1076,0, 145, False, 0
1077,0, 145, False, 4
1078,0, 145, False, 4
1079,0, 145, False, 4
1080,0, 145, False, 4
1081,0, 145, False, 4
1082,0, 145, False, 4
1083,0, 145, False, 4
1084,0, 145, False, 4
1085,0, 145, False, 4
1086,0, 145, False, 4
1087,0, 145, False, 4
1088,0, 145, False, 4
1089,0, 145, False, 4
1090,0, 145, False, 4
1091,0, 145, False, 4
1092,0, 145, False, 4
1093,0, 145, False, 4
1094,0, 145, False, 4
1095,0, 145, False, 4
1096,0, 145, False, 4
1097,0, 145, False, 4
1098,0, 145, False, 4
1099,0, 145, False, 4
1100,0, 145, False, 4
1101,0, 145, False, 4
1102,0, 145, False, 4
1103,0, 145, False, 4
1104,0, 145, False, 4
1105,0, 145, False, 4
1106,0, 145, False, 4
1107,0, 145, False, 4
1108,0, 145, False, 0
1109,0, 145, False, 0
1110,0, 145, False, 0
1111,0, 145, False, 0
1112,0, 145, False, 0
1113,0, 145, False, 0
1114,0, 145, False, 0
1115,0, 145, False, 0
1116,0, 145, False, 0
1117,0, 145, False, 0
1118,0, 145, False, 1
1119,0, 145, False, 1
1120,0, 145, False, 1
1121,0, 145, False, 1
1122,0, 145, False, 1
1123,0, 145, False, 1
1124,0, 145, False, 1
1125,0, 145, False, 1
1126,0, 145, False, 1
1127,0, 145, False, 1
1128,0, 145, False, 1
1129,0, 145, False, 0
1130,0, 145, False, 0
1131,0, 145, False, 0
1132,0, 145, False, 0
1133,0, 145, False, 0
1134,0, 145, False, 0
1135,0, 145, False, 0
1136,0, 145, False, 0
1137,0, 145, False, 0
1138,0, 145, False, 0
1139,0, 145, False, 0
1140,0, 145, False, 0
1141,0, 145, False, 0
1142,0, 145, False, 0
1143,0, 145, False, 0
1144,0, 145, False, 1
1145,0, 145, False, 1
1146,0, 145, False, 1
1147,0, 145, False, 1
1148,0, 145, False, 1
1149,0, 145, False, 1
1150,0, 145, False, 12
1151,0, 145, False, 12
1152,0, 145, False, 12
1153,0, 145, False, 12
1154,0, 145, False, 12
1155,0, 145, False, 12
1156,0, 145, False, 4
1157,0, 145, False, 4
1158,0, 145, False, 4
1159,0, 145, False, 4
1160,0, 145, False, 4
1161,0, 145, False, 4
1162,0, 145, False, 4
1163,0, 145, False, 4
1164,0, 145, False, 4
1165,0, 145, False, 4
1166,0, 145, False, 4
1167,0, 145, False, 4
1168,0, 145, False, 4
1169,0, 145, False, 4
1170,0, 145, False, 4
1171,0, 145, False, 4
1172,0, 145, False, 4
1173,0, 145, False, 4
1174,0, 145, False, 4
1175,0, 145, False, 4
1176,0, 145, False, 4
1177,0, 145, False, 4
1178,0, 145, False, 4
1179,0, 145, False, 4
1180,0, 145, False, 4
1181,0, 145, False, 4
1182,0, 145, False, 4
1183,0, 145, False, 4
1184,0, 145, False, 4
1185,0, 145, False, 4
1186,0, 145, False, 4
1187,0, 145, False, 4
1188,0, 145, False, 4
1189,0, 145, False, 4
1190,0, 145, False, 4
1191,0, 145, False, 4
1192,0, 145, False, 4
1193,0, 145, False, 4
1194,0, 145, False, 4
1195,0, 145, False, 4
1196,0, 145, False, 4
1197,0, 145, False, 4
1198,0, 145, False, 4
1199,0, 145, False, 4
1200,0, 145, False, 4
1201,0, 145, False, 4
1202,0, 145, False, 4
1203,0, 145, False, 4
1204,0, 145, False, 4
1205,0, 145, False, 4
1206,0, 145, False, 4
1207,0, 145, False, 4
1208,0, 145, False, 4
1209,0, 145, False, 4
1210,0, 145, False, 4
1211,0, 145, False, 4
1212,0, 145, False, 4
1213,0, 145, False, 4
1214,0, 145, False, 4
1215,0, 145, False, 4
1216,0, 145, False, 4
1217,0, 145, False, 4
1218,0, 145, False, 4
1219,0, 145, False, 4
1220,0, 145, False, 4
1221,0, 145, False, 4
1222,0, 145, False, 4
1223,0, 145, False, 4
1224,0, 145, False, 4
1225,0, 145, False, 4
1226,0, 145, False, 4
1227,0, 145, False, 4
1228,0, 145, False, 4
1229,0, 145, False, 4
1230,0, 145, False, 4
1231,0, 145, False, 4
1232,0, 145, False, 4
1233,0, 145, False, 4
1234,0, 145, False, 4
1235,0, 145, False, 4
1236,0, 145, False, 4
1237,0, 145, False, 4
1238,0, 145, False, 4
1239,0, 145, False, 12
1240,0, 145, False, 12
1241,0, 145, False, 1
1242,0, 145, False, 1
1243,0, 145, False, 1
1244,0, 145, False, 1
1245,0, 145, False, 1
1246,0, 145, False, 1
1247,0, 145, False, 1
1248,0, 145, False, 1
1249,0, 145, False, 1
1250,0, 145, False, 1
1251,0, 145, False, 1
1252,0, 145, False, 1
1253,0, 145, False, 1
1254,0, 145, False, 1
1255,0, 145, False, 0
1256,0, 145, False, 0
1257,0, 145, False, 0
1258,0, 145, False, 0
1259,0, 145, False, 0
1260,0, 145, False, 0
1261,0, 145, False, 0
1262,0, 145, False, 0
1263,0, 145, False, 0
1264,0, 145, False, 0
1265,0, 145, False, 0
1266,0, 145, False, 0
1267,0, 145, False, 0
1268,0, 145, False, 0
1269,0, 145, False, 0
1270,0, 145, False, 0
1271,0, 145, False, 0
1272,0, 145, False, 0
1273,0, 145, False, 1
1274,0, 145, False, 1
1275,0, 145, False, 1
1276,0, 145, False, 1
1277,0, 145, False, 1
1278,0, 145, False, 1
1279,0, 145, False, 1
1280,0, 145, False, 1
1281,0, 145, False, 1
1282,0, 145, False, 1
1283,0, 145, False, 1
1284,0, 145, False, 1
1285,0, 145, False, 1
1286,0, 145, False, 1
1287,0, 145, False, 1
1288,0, 145, False, 0
1289,20, 165, False, 0
1290,0, 165, False, 0
1291,0, 165, False, 0
1292,0, 165, False, 0
1293,0, 165, False, 0
1294,0, 165, False, 0
1295,0, 165, False, 0
1296,0, 165, False, 0
1297,0, 165, False, 0
1298,0, 165, False, 4
1299,0, 165, False, 4
1300,0, 165, False, 4
1301,0, 165, False, 4
1302,0, 165, False, 12
1303,0, 165, False, 12
1304,0, 165, False, 12
1305,0, 165, False, 4
1306,0, 165, False, 4
1307,0, 165, False, 0
1308,0, 165, False, 0
1309,0, 165, False, 0
1310,0, 165, False, 1
1311,0, 165, False, 1
1312,0, 165, False, 1
1313,0, 165, False, 1
1314,0, 165, False, 1
1315,0, 165, False, 1
1316,0, 165, False, 1
1317,0, 165, False, 1
1318,0, 165, False, 0
1319,0, 165, False, 0
1320,0, 165, False, 0
1321,0, 165, False, 0
1322,0, 165, False, 0
1323,0, 165, False, 0
1324,0, 165, False, 0
1325,0, 165, False, 0
1326,0, 165, False, 0
1327,0, 165, False, 0
1328,0, 165, False, 0
1329,0, 165, False, 0
1330,0, 165, False, 1
1331,0, 165, False, 1
1332,0, 165, False, 1
1333,0, 165, False, 1
1334,0, 165, False, 1
1335,0, 165, False, 1
1336,0, 165, False, 1
1337,0, 165, False, 1
1338,0, 165, False, 1
1339,0, 165, False, 1
1340,0, 165, False, 1
1341,0, 165, False, 1
1342,0, 165, False, 1
1343,0, 165, False, 0
1344,0, 165, False, 0
1345,0, 165, False, 0
1346,0, 165, False, 0
1347,0, 165, False, 0
1348,0, 165, False, 0
1349,0, 165, False, 0
1350,0, 165, False, 0
1351,0, 165, False, 0
1352,0, 165, False, 0
1353,0, 165, False, 0
1354,0, 165, False, 0
1355,0, 165, False, 0
1356,0, 165, False, 0
1357,25, 190, False, 0
1358,0, 190, False, 0
1359,0, 190, False, 0
1360,0, 190, False, 0
1361,0, 190, False, 1
1362,0, 190, False, 1
1363,0, 190, False, 1
1364,0, 190, False, 1
1365,0, 190, False, 1
1366,0, 190, False, 1
1367,0, 190, False, 1
1368,0, 190, False, 1
1369,0, 190, False, 0
1370,0, 190, False, 0
1371,0, 190, False, 0
1372,0, 190, False, 0
1373,0, 190, False, 0
1374,0, 190, False, 0
1375,0, 190, False, 0
1376,0, 190, False, 0
1377,0, 190, False, 0
1378,0, 190, False, 3
1379,0, 190, False, 3
1380,0, 190, False, 3
1381,0, 190, False, 3
1382,0, 190, False, 0
1383,0, 190, False, 0
1384,0, 190, False, 0
1385,0, 190, False, 0
1386,0, 190, False, 0
1387,0, 190, False, 0
1388,0, 190, False, 0
1389,0, 190, False, 0
1390,0, 190, False, 0
1391,0, 190, False, 0
1392,0, 190, False, 0
1393,0, 190, False, 0
1394,0, 190, False, 0
1395,0, 190, False, 0
1396,0, 190, False, 0
1397,0, 190, False, 0
1398,0, 190, False, 0
1399,0, 190, False, 0
1400,0, 190, False, 0
1401,0, 190, False, 0
1402,0, 190, False, 0
1403,0, 190, False, 0
1404,0, 190, False, 0
1405,0, 190, False, 0
1406,0, 190, False, 0
1407,0, 190, False, 1
1408,0, 190, False, 1
1409,0, 190, False, 1
1410,0, 190, False, 1
1411,0, 190, False, 1
1412,0, 190, False, 1
1413,0, 190, False, 1
1414,0, 190, False, 1
1415,0, 190, False, 1
1416,0, 190, False, 1
1417,0, 190, False, 1
1418,0, 190, False, 0
1419,0, 190, False, 0
1420,0, 190, False, 0
1421,0, 190, False, 0
1422,0, 190, False, 0
1423,0, 190, False, 0
1424,0, 190, False, 0
1425,0, 190, False, 0
1426,0, 190, False, 3
1427,0, 190, False, 3
1428,0, 190, False, 3
1429,0, 190, False, 3
1430,0, 190, False, 3
1431,0, 190, False, 3
1432,0, 190, False, 3
1433,0, 190, False, 3
1434,0, 190, False, 3
1435,0, 190, False, 3
1436,0, 190, False, 3
1437,0, 190, False, 3
1438,0, 190, False, 3
1439,0, 190, False, 3
1440,0, 190, False, 3
1441,0, 190, False, 3
1442,0, 190, False, 3
1443,0, 190, False, 3
1444,0, 190, False, 0
1445,0, 190, False, 0
1446,0, 190, False, 0
1447,0, 190, False, 0
1448,0, 190, False, 0
1449,0, 190, False, 0
1450,0, 190, False, 0
1451,0, 190, False, 1
1452,0, 190, False, 1
1453,0, 190, False, 1
1454,0, 190, False, 1
1455,0, 190, False, 1
1456,0, 190, False, 12
1457,0, 190, False, 12
1458,0, 190, False, 12
1459,0, 190, False, 12
1460,0, 190, False, 12
1461,0, 190, False, 12
1462,0, 190, False, 12
1463,0, 190, False, 12
1464,0, 190, False, 12
1465,0, 190, False, 12
1466,0, 190, False, 4
1467,0, 190, False, 0
1468,0, 190, False, 0
1469,0, 190, False, 0
1470,0, 190, False, 0
1471,0, 190, False, 0
1472,0, 190, False, 0
1473,0, 190, False, 0
1474,0, 190, False, 0
1475,0, 190, False, 0
1476,0, 190, False, 0
1477,0, 190, False, 0
1478,0, 190, False, 0
1479,0, 190, False, 0
1480,0, 190, False, 0
1481,0, 190, False, 0
1482,0, 190, False, 0
1483,0, 190, False, 0
1484,0, 190, False, 0
1485,0, 190, False, 0
1486,0, 190, False, 0
1487,0, 190, False, 0
1488,0, 190, False, 0
1489,0, 190, False, 0
1490,0, 190, False, 0
1491,0, 190, False, 0
1492,0, 190, False, 0
1493,0, 190, False, 0
1494,0, 190, False, 0
1495,0, 190, False, 0
1496,0, 190, False, 0
1497,0, 190, False, 0
1498,0, 190, False, 0
1499,0, 190, False, 0
1500,0, 190, False, 0
1501,0, 190, False, 4
1502,0, 190, False, 4
1503,0, 190, False, 4
1504,0, 190, False, 4
1505,0, 190, False, 4
1506,0, 190, False, 4
1507,0, 190, False, 4
1508,0, 190, False, 4
1509,0, 190, False, 4
1510,0, 190, False, 4
1511,0, 190, False, 4
1512,0, 190, False, 4
1513,0, 190, False, 4
1514,0, 190, False, 4
1515,0, 190, False, 4
1516,0, 190, False, 4
1517,0, 190, False, 4
1518,0, 190, False, 4
1519,0, 190, False, 4
1520,0, 190, False, 4
1521,0, 190, False, 4
1522,0, 190, False, 0
1523,0, 190, False, 0
1524,0, 190, False, 0
1525,0, 190, False, 0
1526,0, 190, False, 0
1527,0, 190, False, 0
1528,0, 190, False, 0
1529,0, 190, False, 0
1530,0, 190, False, 0
1531,0, 190, False, 0
1532,0, 190, False, 0
1533,0, 190, False, 0
1534,0, 190, False, 0
1535,0, 190, False, 0
1536,0, 190, False, 0
1537,0, 190, False, 0
1538,0, 190, False, 0
1539,0, 190, False, 3
1540,0, 190, False, 3
1541,0, 190, False, 3
1542,0, 190, False, 3
1543,0, 190, False, 3
1544,0, 190, False, 3
1545,0, 190, False, 3
1546,0, 190, False, 3
1547,0, 190, False, 3
1548,0, 190, False, 3
1549,0, 190, False, 3
1550,0, 190, False, 3
1551,0, 190, False, 3
1552,0, 190, False, 3
1553,0, 190, False, 3
1554,0, 190, False, 3
1555,0, 190, False, 3
1556,0, 190, False, 3
1557,0, 190, False, 3
1558,0, 190, False, 3
1559,0, 190, False, 3
1560,0, 190, False, 3
1561,0, 190, False, 3
1562,0, 190, False, 3
1563,0, 190, False, 3
1564,0, 190, False, 3
1565,0, 190, False, 3
1566,0, 190, False, 3
1567,0, 190, False, 3
1568,0, 190, False, 3
1569,0, 190, False, 3
1570,0, 190, False, 3
1571,0, 190, False, 0
1572,0, 190, False, 0
1573,0, 190, False, 0
1574,0, 190, False, 0
1575,0, 190, False, 0
1576,0, 190, False, 0
1577,0, 190, False, 0
1578,0, 190, False, 0
1579,0, 190, False, 1
1580,0, 190, False, 1
1581,0, 190, False, 1
1582,0, 190, False, 1
1583,0, 190, False, 1
1584,0, 190, False, 1
1585,0, 190, False, 1
1586,0, 190, False, 1
1587,0, 190, False, 1
1588,0, 190, False, 1
1589,0, 190, False, 12
1590,0, 190, False, 12
1591,0, 190, False, 12
1592,0, 190, False, 12
1593,0, 190, False, 12
1594,0, 190, False, 12
1595,0, 190, False, 12
1596,0, 190, False, 4
1597,0, 190, False, 4
1598,0, 190, False, 4
1599,0, 190, False, 4
1600,0, 190, False, 4
1601,0, 190, False, 4
1602,0, 190, False, 4
1603,0, 190, False, 4
1604,0, 190, False, 4
1605,0, 190, False, 4
1606,0, 190, False, 4
1607,0, 190, False, 4
1608,0, 190, False, 4
1609,0, 190, False, 4
1610,0, 190, False, 4
1611,0, 190, False, 4
1612,0, 190, False, 0
1613,0, 190, False, 0
1614,0, 190, False, 0
1615,0, 190, False, 0
1616,0, 190, False, 0
1617,0, 190, False, 0
1618,0, 190, False, 0
1619,0, 190, False, 0
1620,0, 190, False, 0
1621,0, 190, False, 0
1622,0, 190, False, 0
1623,0, 190, False, 0
1624,0, 190, False, 0
1625,0, 190, False, 0
1626,0, 190, False, 0
1627,0, 190, False, 0
1628,0, 190, False, 0
1629,0, 190, False, 0
1630,0, 190, False, 0
1631,25, 215, False, 0
1632,0, 215, False, 3
1633,0, 215, False, 3
1634,0, 215, False, 3
1635,0, 215, False, 3
1636,0, 215, False, 0
1637,0, 215, False, 0
1638,0, 215, False, 0
1639,0, 215, False, 0
1640,0, 215, False, 0
1641,0, 215, False, 0
1642,0, 215, False, 0
1643,0, 215, False, 0
1644,0, 215, False, 0
1645,0, 215, False, 0
1646,0, 215, False, 0
1647,0, 215, False, 0
1648,0, 215, False, 0
1649,0, 215, False, 0
1650,0, 215, False, 4
1651,0, 215, False, 4
1652,0, 215, False, 4
1653,0, 215, False, 4
1654,0, 215, False, 4
1655,0, 215, False, 4
1656,0, 215, False, 4
1657,0, 215, False, 4
1658,0, 215, False, 4
1659,0, 215, False, 4
1660,0, 215, False, 4
1661,0, 215, False, 4
1662,0, 215, False, 4
1663,0, 215, False, 4
1664,0, 215, False, 4
1665,0, 215, False, 0
1666,0, 215, False, 0
1667,0, 215, False, 0
1668,0, 215, False, 0
1669,0, 215, False, 0
1670,0, 215, False, 0
1671,0, 215, False, 0
1672,0, 215, False, 0
1673,0, 215, False, 0
1674,0, 215, False, 0
1675,0, 215, False, 0
1676,0, 215, False, 0
1677,0, 215, False, 3
1678,0, 215, False, 3
1679,0, 215, False, 3
1680,0, 215, False, 3
1681,0, 215, False, 3
1682,0, 215, False, 3
1683,0, 215, False, 3
1684,0, 215, False, 3
1685,0, 215, False, 3
1686,0, 215, False, 3
1687,0, 215, False, 3
1688,0, 215, False, 3
1689,0, 215, False, 3
1690,0, 215, False, 3
1691,0, 215, False, 3
1692,0, 215, False, 3
1693,0, 215, False, 3
1694,0, 215, False, 3
1695,0, 215, False, 3
1696,0, 215, False, 3
1697,0, 215, False, 3
1698,0, 215, False, 3
1699,0, 215, False, 3
1700,0, 215, False, 3
1701,0, 215, False, 3
1702,0, 215, False, 3
1703,0, 215, False, 3
1704,0, 215, False, 0
1705,0, 215, False, 0
1706,0, 215, False, 0
1707,0, 215, False, 0
1708,0, 215, False, 0
1709,0, 215, False, 0
1710,0, 215, False, 1
1711,0, 215, False, 1
1712,0, 215, False, 1
1713,0, 215, False, 1
1714,0, 215, False, 1
1715,0, 215, False, 1
1716,0, 215, False, 1
1717,0, 215, False, 1
1718,0, 215, False, 1
1719,0, 215, False, 1
1720,0, 215, False, 1
1721,0, 215, False, 1
1722,0, 215, False, 1
1723,0, 215, False, 1
1724,0, 215, False, 0
1725,0, 215, False, 0
1726,0, 215, False, 0
1727,0, 215, False, 0
1728,0, 215, False, 0
1729,0, 215, False, 0
1730,0, 215, False, 0
1731,0, 215, False, 0
1732,0, 215, False, 0
1733,0, 215, False, 0
1734,0, 215, False, 0
1735,0, 215, False, 0
1736,0, 215, False, 0
1737,0, 215, False, 0
1738,0, 215, False, 0
1739,0, 215, False, 0
1740,0, 215, False, 0
1741,0, 215, False, 0
1742,0, 215, False, 0
1743,0, 215, False, 0
1744,0, 215, False, 0
1745,0, 215, False, 0
1746,0, 215, False, 0
1747,0, 215, False, 0
1748,0, 215, False, 0
1749,0, 215, False, 3
1750,0, 215, False, 3
1751,0, 215, False, 3
1752,0, 215, False, 3
1753,0, 215, False, 3
1754,0, 215, False, 3
1755,0, 215, False, 3
1756,0, 215, False, 3
1757,0, 215, False, 3
1758,0, 215, False, 3
1759,0, 215, False, 3
1760,0, 215, False, 3
1761,0, 215, False, 3
1762,0, 215, False, 3
1763,0, 215, False, 3
1764,0, 215, False, 0
1765,0, 215, False, 0
1766,0, 215, False, 0
1767,0, 215, False, 0
1768,0, 215, False, 0
1769,0, 215, False, 0
1770,0, 215, False, 0
1771,30, 245, False, 0
1772,0, 245, False, 0
1773,0, 245, False, 0
1774,0, 245, False, 0
1775,0, 245, False, 0
1776,0, 245, False, 0
1777,0, 245, False, 0
1778,0, 245, False, 0
1779,0, 245, False, 0
1780,0, 245, False, 0
1781,0, 245, False, 0
1782,0, 245, False, 0
1783,0, 245, False, 0
1784,0, 245, False, 0
1785,0, 245, False, 0
1786,0, 245, False, 4
1787,0, 245, False, 4
1788,0, 245, False, 4
1789,0, 245, False, 4
1790,0, 245, False, 4
1791,0, 245, False, 4
1792,0, 245, False, 4
1793,0, 245, False, 4
1794,0, 245, False, 4
1795,0, 245, False, 4
1796,0, 245, False, 4
1797,0, 245, False, 4
1798,0, 245, False, 4
1799,0, 245, False, 4
1800,0, 245, False, 4
1801,0, 245, False, 0
1802,0, 245, False, 0
1803,0, 245, False, 0
1804,0, 245, False, 0
1805,0, 245, False, 0
1806,0, 245, False, 0
1807,0, 245, False, 0
1808,0, 245, False, 0
1809,0, 245, False, 0
1810,0, 245, False, 0
1811,0, 245, False, 0
1812,0, 245, False, 0
1813,0, 245, False, 0
1814,0, 245, False, 0
1815,0, 245, False, 0
1816,0, 245, False, 0
1817,0, 245, False, 0
1818,0, 245, False, 0
1819,0, 245, False, 0
1820,0, 245, False, 0
1821,0, 245, False, 0
1822,0, 245, False, 0
1823,0, 245, False, 0
1824,0, 245, False, 4
1825,0, 245, False, 4
1826,0, 245, False, 4
1827,0, 245, False, 4
1828,0, 245, False, 4
1829,0, 245, False, 4
1830,0, 245, False, 4
1831,0, 245, False, 0
1832,0, 245, False, 0
1833,0, 245, False, 0
1834,0, 245, False, 0
1835,0, 245, False, 0
1836,0, 245, False, 0
1837,0, 245, False, 0
1838,0, 245, False, 0
1839,0, 245, False, 0
1840,0, 245, False, 0
1841,0, 245, False, 0
1842,0, 245, False, 4
1843,0, 245, False, 4
1844,0, 245, False, 4
1845,0, 245, False, 4
1846,0, 245, False, 4
1847,0, 245, False, 4
1848,0, 245, False, 4
1849,0, 245, False, 4
1850,0, 245, False, 4
1851,0, 245, False, 4
1852,0, 245, False, 4
1853,0, 245, False, 4
1854,0, 245, False, 4
1855,0, 245, False, 4
1856,0, 245, False, 4
1857,0, 245, False, 4
1858,0, 245, False, 4
1859,0, 245, False, 4
1860,0, 245, False, 4
1861,0, 245, False, 4
1862,0, 245, False, 4
1863,0, 245, False, 4
1864,0, 245, False, 4
1865,0, 245, False, 4
1866,0, 245, False, 12
1867,0, 245, False, 12
1868,0, 245, False, 12
1869,0, 245, False, 12
1870,0, 245, False, 12
1871,0, 245, False, 12
1872,0, 245, False, 12
1873,0, 245, False, 1
1874,0, 245, False, 1
1875,5, 250, False, 1
1876,0, 250, False, 1
1877,0, 250, False, 1
1878,0, 250, False, 1
1879,0, 250, False, 1
1880,0, 250, False, 1
1881,0, 250, False, 0
1882,0, 250, False, 0
1883,0, 250, False, 0
1884,0, 250, False, 0
1885,0, 250, False, 0
1886,0, 250, False, 0
1887,0, 250, False, 0
1888,0, 250, False, 0
1889,0, 250, False, 1
1890,0, 250, False, 1
1891,0, 250, False, 1
1892,0, 250, False, 1
1893,0, 250, False, 1
1894,0, 250, False, 1
1895,10, 260, False, 1
1896,0, 260, False, 1
1897,0, 260, False, 1
1898,0, 260, False, 1
1899,0, 260, False, 0
1900,0, 260, False, 0
1901,0, 260, False, 0
1902,0, 260, False, 0
1903,0, 260, False, 0
1904,0, 260, False, 0
1905,0, 260, False, 1
1906,0, 260, False, 1
1907,0, 260, False, 1
1908,0, 260, False, 1
1909,0, 260, False, 1
1910,0, 260, False, 1
1911,0, 260, False, 1
1912,0, 260, False, 1
1913,0, 260, False, 1
1914,0, 260, False, 1
1915,0, 260, False, 1
1916,0, 260, False, 1
1917,0, 260, False, 1
1918,0, 260, False, 0
1919,0, 260, False, 4
1920,0, 260, False, 4
1921,0, 260, False, 4
1922,0, 260, False, 4
1923,15, 275, False, 4
1924,0, 275, False, 12
1925,0, 275, False, 12
1926,0, 275, False, 12
1927,0, 275, False, 12
1928,0, 275, False, 12
1929,0, 275, False, 12
1930,0, 275, False, 12
1931,0, 275, False, 12
1932,0, 275, False, 12
1933,0, 275, False, 4
1934,0, 275, False, 4
1935,0, 275, False, 4
1936,0, 275, False, 4
1937,0, 275, False, 4
1938,0, 275, False, 4
1939,0, 275, False, 4
1940,0, 275, False, 4
1941,0, 275, False, 12
1942,0, 275, False, 12
1943,0, 275, False, 12
1944,0, 275, False, 12
1945,0, 275, False, 12
1946,0, 275, False, 12
1947,0, 275, False, 12
1948,0, 275, False, 1
1949,0, 275, False, 1
1950,0, 275, False, 1
1951,0, 275, False, 1
1952,0, 275, False, 0
1953,0, 275, False, 0
1954,0, 275, False, 0
1955,0, 275, False, 0
1956,0, 275, False, 0
1957,0, 275, False, 0
1958,0, 275, False, 0
1959,0, 275, False, 1
1960,0, 275, False, 1
1961,20, 295, False, 1
1962,0, 295, False, 1
1963,0, 295, False, 1
1964,0, 295, False, 1
1965,0, 295, False, 12
1966,0, 295, False, 12
1967,0, 295, False, 12
1968,0, 295, False, 12
1969,0, 295, False, 12
1970,0, 295, False, 12
1971,0, 295, False, 4
1972,0, 295, False, 4
1973,0, 295, False, 4
1974,0, 295, False, 4
1975,0, 295, False, 4
1976,0, 295, False, 4
1977,0, 295, False, 4
1978,0, 295, False, 12
1979,0, 295, False, 12
1980,0, 295, False, 12
1981,0, 295, False, 12
1982,0, 295, False, 12
1983,0, 295, False, 12
1984,0, 295, False, 12
1985,0, 295, False, 12
1986,0, 295, False, 12
1987,0, 295, False, 12
1988,0, 295, False, 12
1989,0, 295, False, 12
1990,0, 295, False, 4
1991,0, 295, False, 4
1992,0, 295, False, 4
1993,0, 295, False, 4
1994,0, 295, False, 4
1995,0, 295, False, 4
1996,0, 295, False, 12
1997,0, 295, False, 12
1998,0, 295, False, 12
1999,0, 295, False, 12
2000,0, 295, False, 12
2001,0, 295, False, 12
2002,0, 295, False, 12
2003,0, 295, False, 12
2004,0, 295, False, 12
2005,0, 295, False, 12
2006,0, 295, False, 12
2007,25, 320, False, 12
2008,0, 320, False, 4
2009,0, 320, False, 4
2010,0, 320, False, 4
2011,0, 320, False, 4
2012,0, 320, False, 4
2013,0, 320, False, 4
2014,0, 320, False, 4
2015,0, 320, False, 12
2016,0, 320, False, 12
2017,0, 320, False, 12
2018,0, 320, False, 12
2019,0, 320, False, 12
2020,0, 320, False, 12
2021,0, 320, False, 12
2022,0, 320, False, 12
2023,0, 320, False, 12
2024,0, 320, False, 12
2025,0, 320, False, 12
2026,0, 320, False, 4
2027,0, 320, False, 4
2028,0, 320, False, 4
2029,0, 320, False, 4
2030,0, 320, False, 4
2031,0, 320, False, 4
2032,0, 320, False, 4
2033,0, 320, False, 4
2034,0, 320, False, 4
2035,0, 320, False, 4
2036,0, 320, False, 4
2037,0, 320, False, 4
2038,0, 320, False, 4
2039,0, 320, False, 4
2040,0, 320, False, 4
2041,0, 320, False, 4
2042,0, 320, False, 4
2043,0, 320, False, 4
2044,0, 320, False, 4
2045,0, 320, False, 4
2046,0, 320, False, 4
2047,0, 320, False, 4
2048,0, 320, False, 4
2049,0, 320, False, 4
2050,0, 320, False, 0
2051,0, 320, False, 0
2052,0, 320, False, 3
2053,0, 320, False, 3
2054,0, 320, False, 3
2055,0, 320, False, 3
2056,0, 320, False, 3
2057,0, 320, False, 3
2058,0, 320, False, 3
2059,0, 320, False, 3
2060,0, 320, False, 3
2061,0, 320, False, 3
2062,0, 320, False, 3
2063,0, 320, False, 3
2064,0, 320, False, 3
2065,0, 320, False, 3
2066,0, 320, False, 3
2067,0, 320, False, 3
2068,0, 320, False, 3
2069,0, 320, False, 3
2070,0, 320, False, 3
2071,0, 320, False, 3
2072,0, 320, False, 3
2073,0, 320, False, 3
2074,0, 320, False, 3
2075,0, 320, False, 3
2076,0, 320, False, 3
2077,0, 320, False, 3
2078,0, 320, False, 3
2079,0, 320, False, 3
2080,0, 320, False, 3
2081,0, 320, False, 3
2082,0, 320, False, 3
2083,0, 320, False, 3
2084,0, 320, False, 3
2085,0, 320, False, 3
2086,0, 320, False, 3
2087,0, 320, False, 3
2088,0, 320, False, 3
2089,0, 320, False, 3
2090,0, 320, False, 3
2091,0, 320, False, 3
2092,0, 320, False, 3
2093,0, 320, False, 3
2094,0, 320, False, 3
2095,0, 320, False, 3
2096,0, 320, False, 3
2097,0, 320, False, 3
2098,0, 320, False, 3
2099,0, 320, False, 3
2100,0, 320, False, 3
2101,0, 320, False, 3
2102,0, 320, False, 3
2103,0, 320, False, 3
2104,0, 320, False, 3
2105,0, 320, False, 3
2106,0, 320, False, 3
2107,0, 320, False, 3
2108,0, 320, False, 3
2109,0, 320, False, 3
2110,0, 320, False, 3
2111,0, 320, False, 3
2112,0, 320, False, 3
2113,0, 320, False, 3
2114,0, 320, False, 3
2115,0, 320, False, 3
2116,0, 320, False, 3
2117,0, 320, False, 3
2118,0, 320, False, 3
2119,0, 320, False, 3
2120,0, 320, False, 3
2121,0, 320, False, 3
2122,0, 320, False, 3
2123,0, 320, False, 3
2124,0, 320, False, 3
2125,0, 320, False, 3
2126,0, 320, False, 3
2127,0, 320, False, 3
2128,0, 320, False, 3
2129,0, 320, False, 3
2130,0, 320, False, 3
2131,0, 320, False, 3
2132,0, 320, False, 3
2133,0, 320, False, 3
2134,0, 320, False, 3
2135,0, 320, False, 3
2136,0, 320, False, 3
2137,0, 320, False, 3
2138,0, 320, False, 3
2139,0, 320, False, 3
2140,0, 320, False, 3
2141,0, 320, False, 3
2142,0, 320, False, 3
2143,0, 320, False, 3
2144,0, 320, False, 3
2145,0, 320, False, 3
2146,0, 320, False, 3
2147,0, 320, False, 3
2148,0, 320, False, 3
2149,0, 320, False, 3
2150,0, 320, False, 3
2151,0, 320, False, 3
2152,0, 320, False, 3
2153,0, 320, False, 3
2154,0, 320, False, 3
2155,0, 320, False, 3
2156,0, 320, False, 3
2157,0, 320, False, 3
2158,0, 320, False, 3
2159,0, 320, False, 3
2160,0, 320, False, 3
2161,0, 320, False, 3
2162,0, 320, False, 3
2163,0, 320, False, 3
2164,0, 320, False, 3
2165,0, 320, False, 3
2166,0, 320, False, 3
2167,0, 320, False, 3
2168,0, 320, False, 3
2169,0, 320, False, 3
2170,0, 320, False, 3
2171,0, 320, False, 3
2172,0, 320, False, 3
2173,0, 320, False, 3
2174,0, 320, False, 3
2175,0, 320, False, 3
2176,0, 320, False, 3
2177,0, 320, False, 3
2178,0, 320, False, 3
2179,0, 320, False, 3
2180,0, 320, False, 3
2181,0, 320, False, 3
2182,0, 320, False, 3
2183,0, 320, False, 3
2184,0, 320, False, 3
2185,0, 320, False, 3
2186,0, 320, False, 3
2187,0, 320, False, 3
2188,0, 320, False, 3
2189,0, 320, False, 3
2190,0, 320, False, 3
2191,0, 320, False, 3
2192,0, 320, False, 3
2193,0, 320, False, 3
2194,0, 320, False, 3
2195,0, 320, False, 3
2196,0, 320, False, 3
2197,0, 320, False, 3
2198,0, 320, False, 3
2199,0, 320, False, 3
2200,0, 320, False, 3
2201,0, 320, False, 3
2202,0, 320, False, 11
2203,0, 320, False, 11
2204,0, 320, False, 11
2205,0, 320, False, 11
2206,0, 320, False, 11
2207,5, 325, False, 11
2208,0, 325, False, 11
2209,0, 325, False, 11
2210,0, 325, False, 1
2211,0, 325, False, 1
2212,0, 325, False, 1
2213,0, 325, False, 1
2214,0, 325, False, 1
2215,0, 325, False, 1
2216,0, 325, False, 1
2217,0, 325, False, 0
2218,0, 325, False, 0
2219,0, 325, False, 0
2220,0, 325, False, 0
2221,0, 325, False, 3
2222,0, 325, False, 11
2223,10, 335, False, 1
2224,0, 335, False, 1
2225,0, 335, False, 1
2226,0, 335, False, 12
2227,0, 335, False, 12
2228,0, 335, False, 12
2229,0, 335, False, 12
2230,0, 335, False, 12
2231,0, 335, False, 12
2232,0, 335, False, 12
2233,0, 335, False, 12
2234,0, 335, False, 12
2235,0, 335, False, 12
2236,0, 335, False, 12
2237,0, 335, False, 0
2238,0, 335, False, 0
2239,0, 335, False, 0
2240,0, 335, False, 0
2241,0, 335, False, 0
2242,0, 335, False, 0
2243,0, 335, False, 0
2244,0, 335, False, 1
2245,0, 335, False, 1
2246,0, 335, False, 1
2247,15, 350, False, 1
2248,0, 350, False, 1
2249,0, 350, False, 1
2250,0, 350, False, 1
2251,0, 350, False, 11
2252,0, 350, False, 11
2253,0, 350, False, 11
2254,0, 350, False, 11
2255,0, 350, False, 11
2256,0, 350, False, 11
2257,0, 350, False, 11
2258,0, 350, False, 11
2259,0, 350, False, 3
2260,0, 350, False, 3
2261,0, 350, False, 3
2262,0, 350, False, 3
2263,0, 350, False, 3
2264,0, 350, False, 3
2265,0, 350, False, 3
2266,0, 350, False, 3
2267,0, 350, False, 11
2268,0, 350, False, 11
2269,0, 350, False, 11
2270,0, 350, False, 11
2271,0, 350, False, 11
2272,0, 350, False, 11
2273,0, 350, False, 11
2274,0, 350, False, 11
2275,0, 350, False, 11
2276,0, 350, False, 3
2277,0, 350, False, 3
2278,0, 350, False, 3
2279,0, 350, False, 3
2280,0, 350, False, 3
2281,0, 350, False, 3
2282,0, 350, False, 0
2283,0, 350, False, 0
2284,0, 350, False, 1
2285,0, 350, False, 1
2286,0, 350, False, 11
2287,0, 350, False, 11
2288,0, 350, False, 11
2289,0, 350, False, 11
2290,0, 350, False, 11
2291,0, 350, False, 11
2292,0, 350, False, 11
2293,0, 350, False, 11
2294,0, 350, False, 3
2295,0, 350, False, 3
2296,0, 350, False, 3
2297,0, 350, False, 3
2298,0, 350, False, 3
2299,0, 350, False, 3
2300,0, 350, False, 3
2301,0, 350, False, 3
2302,0, 350, False, 3
2303,0, 350, False, 3
2304,0, 350, False, 11
2305,0, 350, False, 11
2306,0, 350, False, 11
2307,0, 350, False, 11
2308,0, 350, False, 11
2309,0, 350, False, 11
2310,0, 350, False, 11
2311,0, 350, False, 11
2312,0, 350, False, 11
2313,0, 350, False, 3
2314,0, 350, False, 3
2315,0, 350, False, 3
2316,0, 350, False, 3
2317,0, 350, False, 3
2318,0, 350, False, 3
2319,0, 350, False, 3
2320,0, 350, False, 3
2321,0, 350, False, 3
2322,0, 350, False, 3
2323,0, 350, False, 3
2324,0, 350, False, 3
2325,0, 350, False, 3
2326,0, 350, False, 3
2327,0, 350, False, 3
2328,0, 350, False, 3
2329,0, 350, False, 3
2330,0, 350, False, 0
2331,0, 350, False, 0
2332,0, 350, False, 0
2333,0, 350, False, 0
2334,0, 350, False, 0
2335,0, 350, False, 0
2336,0, 350, False, 0
2337,0, 350, False, 0
2338,0, 350, False, 0
2339,0, 350, False, 4
2340,0, 350, False, 4
2341,0, 350, False, 4
2342,0, 350, False, 4
2343,0, 350, False, 4
2344,0, 350, False, 4
2345,0, 350, False, 4
2346,0, 350, False, 4
2347,0, 350, False, 4
2348,0, 350, False, 4
2349,0, 350, False, 4
2350,0, 350, False, 4
2351,0, 350, False, 4
2352,0, 350, False, 12
2353,0, 350, False, 12
2354,0, 350, False, 1
2355,0, 350, False, 1
2356,0, 350, False, 1
2357,0, 350, False, 1
2358,0, 350, False, 1
2359,0, 350, False, 1
2360,0, 350, False, 1
2361,0, 350, False, 1
2362,0, 350, False, 1
2363,0, 350, False, 1
2364,0, 350, False, 1
2365,0, 350, False, 1
2366,0, 350, False, 0
2367,0, 350, False, 0
2368,0, 350, False, 0
2369,0, 350, False, 0
2370,0, 350, False, 0
2371,0, 350, False, 0
2372,0, 350, False, 0
2373,0, 350, False, 0
2374,0, 350, False, 0
2375,15, 365, False, 0
2376,0, 365, False, 0
2377,0, 365, False, 0
2378,0, 365, False, 0
2379,0, 365, False, 1
2380,0, 365, False, 1
2381,0, 365, False, 1
2382,0, 365, False, 1
2383,0, 365, False, 1
2384,0, 365, False, 1
2385,0, 365, False, 1
2386,0, 365, False, 1
2387,0, 365, False, 1
2388,0, 365, False, 0
2389,0, 365, False, 0
2390,0, 365, False, 0
2391,0, 365, False, 0
2392,0, 365, False, 0
2393,0, 365, False, 0
2394,0, 365, False, 0
2395,0, 365, False, 0
2396,0, 365, False, 0
2397,0, 365, False, 0
2398,0, 365, False, 0
2399,0, 365, False, 0
2400,0, 365, False, 0
2401,0, 365, False, 0
2402,0, 365, False, 0
2403,0, 365, False, 0
2404,0, 365, False, 0
2405,0, 365, False, 0
2406,0, 365, False, 0
2407,0, 365, False, 0
2408,0, 365, False, 0
2409,0, 365, False, 0
2410,0, 365, False, 0
2411,0, 365, False, 0
2412,0, 365, False, 0
2413,0, 365, False, 0
2414,0, 365, False, 0
2415,0, 365, False, 0
2416,0, 365, False, 0
2417,0, 365, False, 0
2418,0, 365, False, 0
2419,0, 365, False, 0
2420,0, 365, False, 4
2421,0, 365, False, 4
2422,0, 365, False, 4
2423,0, 365, False, 4
2424,0, 365, False, 4
2425,0, 365, False, 4
2426,0, 365, False, 4
2427,0, 365, False, 4
2428,0, 365, False, 4
2429,0, 365, False, 4
2430,0, 365, False, 4
2431,0, 365, False, 4
2432,0, 365, False, 4
2433,0, 365, False, 4
2434,0, 365, False, 4
2435,0, 365, False, 4
2436,0, 365, False, 4
2437,0, 365, False, 4
2438,0, 365, False, 4
2439,0, 365, False, 4
2440,0, 365, False, 4
2441,0, 365, False, 4
2442,0, 365, False, 4
2443,0, 365, False, 4
2444,0, 365, False, 4
2445,0, 365, False, 4
2446,0, 365, False, 4
2447,0, 365, False, 4
2448,0, 365, False, 4
2449,0, 365, False, 4
2450,0, 365, False, 4
2451,0, 365, False, 4
2452,0, 365, False, 4
2453,0, 365, False, 4
2454,0, 365, False, 4
2455,0, 365, False, 4
2456,0, 365, False, 4
2457,0, 365, False, 4
2458,0, 365, False, 4
2459,0, 365, False, 4
2460,0, 365, False, 4
2461,0, 365, False, 4
2462,0, 365, False, 4
2463,0, 365, False, 4
2464,0, 365, False, 4
2465,0, 365, False, 0
2466,0, 365, False, 0
2467,0, 365, False, 0
2468,0, 365, False, 0
2469,0, 365, False, 3
2470,0, 365, False, 3
2471,0, 365, False, 3
2472,0, 365, False, 3
2473,0, 365, False, 3
2474,0, 365, False, 3
2475,0, 365, False, 3
2476,0, 365, False, 3
2477,0, 365, False, 3
2478,0, 365, False, 3
2479,0, 365, False, 3
2480,0, 365, False, 3
2481,0, 365, False, 3
2482,0, 365, False, 3
2483,0, 365, False, 3
2484,0, 365, False, 3
2485,0, 365, False, 3
2486,0, 365, False, 3
2487,0, 365, False, 0
2488,0, 365, False, 0
2489,0, 365, False, 0
2490,0, 365, False, 0
2491,0, 365, False, 0
2492,0, 365, False, 0
2493,0, 365, False, 0
2494,0, 365, False, 0
2495,0, 365, False, 0
2496,0, 365, False, 0
2497,0, 365, False, 0
2498,0, 365, False, 0
2499,0, 365, False, 0
2500,0, 365, False, 0
2501,0, 365, False, 0
2502,0, 365, False, 0
2503,0, 365, False, 0
2504,0, 365, False, 0
2505,0, 365, False, 0
2506,0, 365, False, 0
2507,0, 365, False, 0
2508,0, 365, False, 0
2509,0, 365, False, 3
2510,0, 365, False, 3
2511,0, 365, False, 3
2512,0, 365, False, 3
2513,0, 365, False, 3
2514,0, 365, False, 3
2515,0, 365, False, 3
2516,0, 365, False, 3
2517,0, 365, False, 3
2518,0, 365, False, 3
2519,0, 365, False, 3
2520,0, 365, False, 3
2521,0, 365, False, 3
2522,0, 365, False, 3
2523,0, 365, False, 0
2524,0, 365, False, 0
2525,0, 365, False, 0
2526,0, 365, False, 0
2527,0, 365, False, 0
2528,0, 365, False, 0
2529,0, 365, False, 0
2530,0, 365, False, 0
2531,0, 365, False, 0
2532,0, 365, False, 0
2533,0, 365, False, 1
2534,0, 365, False, 1
2535,0, 365, False, 1
2536,0, 365, False, 1
2537,0, 365, False, 1
2538,0, 365, False, 12
2539,0, 365, False, 12
2540,0, 365, False, 12
2541,0, 365, False, 12
2542,0, 365, False, 12
2543,0, 365, False, 12
2544,0, 365, False, 12
2545,0, 365, False, 12
2546,0, 365, False, 12
2547,0, 365, False, 12
2548,0, 365, False, 4
2549,0, 365, False, 4
2550,0, 365, False, 4
2551,0, 365, False, 4
2552,0, 365, False, 4
2553,0, 365, False, 4
2554,0, 365, False, 4
2555,0, 365, False, 4
2556,0, 365, False, 4
2557,0, 365, False, 4
2558,0, 365, False, 4
2559,0, 365, False, 4
2560,0, 365, False, 4
2561,20, 385, False, 4
2562,0, 385, False, 4
2563,0, 385, False, 4
2564,0, 385, False, 4
2565,0, 385, False, 4
2566,0, 385, False, 4
2567,0, 385, False, 4
2568,0, 385, False, 4
2569,0, 385, False, 0
2570,0, 385, False, 0
2571,0, 385, False, 0
2572,0, 385, False, 0
2573,0, 385, False, 0
2574,0, 385, False, 0
2575,0, 385, False, 0
2576,0, 385, False, 0
2577,0, 385, False, 0
2578,0, 385, False, 3
2579,0, 385, False, 8
2580,0, 385, False, 8
2581,0, 385, False, 8
2582,0, 385, False, 3
2583,0, 385, False, 3
2584,0, 385, False, 3
2585,0, 385, False, 3
2586,0, 385, False, 3
2587,0, 385, False, 3
2588,0, 385, False, 3
2589,0, 385, False, 3
2590,0, 385, False, 3
2591,0, 385, False, 3
2592,0, 385, False, 3
2593,0, 385, False, 3
2594,0, 385, False, 3
2595,0, 385, False, 0
2596,0, 385, False, 0
2597,0, 385, False, 0
2598,0, 385, False, 0
2599,0, 385, False, 0
2600,0, 385, False, 0
2601,0, 385, False, 0
2602,0, 385, False, 0
2603,0, 385, False, 0
2604,0, 385, False, 0
2605,0, 385, False, 0
2606,0, 385, False, 0
2607,0, 385, False, 1
2608,0, 385, False, 1
2609,0, 385, False, 1
2610,0, 385, False, 1
2611,0, 385, False, 1
2612,0, 385, False, 1
2613,0, 385, False, 1
2614,0, 385, False, 1
2615,0, 385, False, 1
2616,0, 385, False, 1
2617,0, 385, False, 1
2618,0, 385, False, 1
2619,0, 385, False, 0
2620,0, 385, False, 0
2621,0, 385, False, 0
2622,0, 385, False, 0
2623,0, 385, False, 0
2624,0, 385, False, 0
2625,0, 385, False, 0
2626,0, 385, False, 1
2627,0, 385, False, 1
2628,0, 385, False, 12
2629,0, 385, False, 12
2630,0, 385, False, 12
2631,0, 385, False, 12
2632,0, 385, False, 12
2633,0, 385, False, 12
2634,0, 385, False, 12
2635,0, 385, False, 1
2636,0, 385, False, 1
2637,0, 385, False, 0
2638,0, 385, False, 0
2639,0, 385, False, 0
2640,0, 385, False, 0
2641,0, 385, False, 0
2642,0, 385, False, 0
2643,25, 410, False, 0
2644,0, 410, False, 3
2645,0, 410, False, 3
2646,0, 410, False, 3
2647,0, 410, False, 3
2648,0, 410, False, 3
2649,0, 410, False, 3
2650,0, 410, False, 3
2651,0, 410, False, 3
2652,0, 410, False, 3
2653,0, 410, False, 3
2654,0, 410, False, 3
2655,0, 410, False, 3
2656,0, 410, False, 3
2657,0, 410, False, 3
2658,0, 410, False, 3
2659,0, 410, False, 3
2660,0, 410, False, 3
2661,0, 410, False, 3
2662,0, 410, False, 3
2663,0, 410, False, 3
2664,0, 410, False, 3
2665,0, 410, False, 3
2666,0, 410, False, 3
2667,0, 410, False, 3
2668,0, 410, False, 3
2669,0, 410, False, 3
2670,0, 410, False, 3
2671,0, 410, False, 3
2672,0, 410, False, 3
2673,0, 410, False, 3
2674,0, 410, False, 3
2675,0, 410, False, 3
2676,0, 410, False, 3
2677,0, 410, False, 3
2678,0, 410, False, 3
2679,0, 410, False, 3
2680,0, 410, False, 1
2681,0, 410, False, 1
2682,0, 410, False, 1
2683,0, 410, False, 1
2684,0, 410, False, 1
2685,0, 410, False, 1
2686,0, 410, False, 1
2687,0, 410, False, 1
2688,0, 410, False, 1
2689,0, 410, False, 1
2690,0, 410, False, 12
2691,0, 410, False, 12
2692,0, 410, False, 4
2693,0, 410, False, 4
2694,0, 410, False, 4
2695,0, 410, False, 4
2696,0, 410, False, 4
2697,0, 410, False, 4
2698,0, 410, False, 4
2699,0, 410, False, 4
2700,0, 410, False, 4
2701,0, 410, False, 4
2702,0, 410, False, 4
2703,0, 410, False, 4
2704,0, 410, False, 4
2705,0, 410, False, 4
2706,0, 410, False, 4
2707,0, 410, False, 4
2708,0, 410, False, 4
2709,0, 410, False, 4
2710,0, 410, False, 0
2711,0, 410, False, 0
2712,0, 410, False, 0
2713,0, 410, False, 0
2714,0, 410, False, 0
2715,0, 410, False, 0
2716,0, 410, False, 0
2717,0, 410, False, 0
2718,0, 410, False, 0
2719,0, 410, False, 1
2720,0, 410, False, 1
2721,0, 410, False, 1
2722,0, 410, False, 1
2723,0, 410, False, 1
2724,0, 410, False, 1
2725,0, 410, False, 1
2726,0, 410, False, 1
2727,0, 410, False, 1
2728,0, 410, False, 1
2729,0, 410, False, 1
2730,0, 410, False, 1
2731,0, 410, False, 1
2732,0, 410, False, 0
2733,0, 410, False, 0
2734,0, 410, False, 0
2735,0, 410, False, 0
2736,0, 410, False, 0
2737,0, 410, False, 0
2738,0, 410, False, 1
2739,0, 410, False, 1
2740,0, 410, False, 1
2741,0, 410, False, 1
2742,0, 410, False, 1
2743,0, 410, False, 1
2744,0, 410, False, 1
2745,0, 410, False, 1
2746,0, 410, False, 1
2747,0, 410, False, 1
2748,0, 410, False, 1
2749,0, 410, False, 1
2750,0, 410, False, 0
2751,0, 410, False, 0
2752,0, 410, False, 0
2753,0, 410, False, 0
2754,0, 410, False, 0
2755,0, 410, False, 0
2756,0, 410, False, 0
2757,0, 410, False, 0
2758,0, 410, False, 0
2759,0, 410, False, 0
2760,0, 410, False, 3
2761,0, 410, False, 3
2762,0, 410, False, 3
2763,0, 410, False, 3
2764,0, 410, False, 3
2765,0, 410, False, 3
2766,0, 410, False, 3
2767,0, 410, False, 3
2768,0, 410, False, 3
2769,0, 410, False, 3
2770,0, 410, False, 3
2771,0, 410, False, 3
2772,0, 410, False, 3
2773,0, 410, False, 3
2774,0, 410, False, 3
2775,0, 410, False, 3
2776,0, 410, False, 3
2777,0, 410, False, 3
2778,0, 410, False, 3
2779,0, 410, False, 11
2780,0, 410, False, 11
2781,0, 410, False, 11
2782,0, 410, False, 11
2783,0, 410, False, 11
2784,0, 410, False, 1
2785,0, 410, False, 1
2786,0, 410, False, 1
2787,0, 410, False, 1
2788,0, 410, False, 1
2789,0, 410, False, 1
2790,0, 410, False, 0
2791,0, 410, False, 0
2792,0, 410, False, 0
2793,0, 410, False, 0
2794,0, 410, False, 0
2795,0, 410, False, 0
2796,0, 410, False, 0
2797,0, 410, False, 3
2798,0, 410, False, 3
2799,0, 410, False, 3
2800,0, 410, False, 3
2801,0, 410, False, 3
2802,0, 410, False, 1
2803,20, 430, False, 1
2804,0, 430, False, 1
2805,0, 430, False, 1
2806,0, 430, False, 1
2807,0, 430, False, 1
2808,0, 430, False, 0
2809,0, 430, False, 0
2810,0, 430, False, 0
2811,0, 430, False, 0
2812,0, 430, False, 0
2813,0, 430, False, 0
2814,0, 430, False, 0
2815,0, 430, False, 0
2816,0, 430, False, 0
2817,0, 430, False, 0
2818,0, 430, False, 0
2819,0, 430, False, 3
2820,0, 430, False, 11
2821,0, 430, False, 11
2822,0, 430, False, 11
2823,0, 430, False, 11
2824,0, 430, False, 1
2825,0, 430, False, 1
2826,0, 430, False, 1
2827,0, 430, False, 0
2828,0, 430, False, 0
2829,0, 430, False, 0
2830,0, 430, False, 0
2831,0, 430, False, 0
2832,0, 430, False, 0
2833,0, 430, False, 0
2834,0, 430, False, 0
2835,25, 455, False, 0
2836,0, 455, False, 0
2837,0, 455, False, 0
2838,0, 455, False, 3
2839,0, 455, False, 3
2840,0, 455, False, 3
2841,0, 455, False, 3
2842,0, 455, False, 3
2843,0, 455, False, 3
2844,0, 455, False, 4
2845,0, 455, False, 4
2846,0, 455, False, 4
2847,0, 455, False, 4
2848,0, 455, False, 4
2849,0, 455, False, 4
2850,0, 455, False, 4
2851,0, 455, False, 4
2852,0, 455, False, 4
2853,0, 455, False, 4
2854,0, 455, False, 4
2855,0, 455, False, 4
2856,0, 455, False, 4
2857,0, 455, False, 4
2858,0, 455, False, 4
2859,0, 455, False, 4
2860,0, 455, False, 4
2861,0, 455, False, 4
2862,0, 455, False, 4
2863,0, 455, False, 4
2864,0, 455, False, 4
2865,0, 455, False, 4
2866,0, 455, False, 4
2867,0, 455, False, 4
2868,0, 455, False, 4
2869,0, 455, False, 4
2870,0, 455, False, 4
2871,0, 455, False, 4
2872,0, 455, False, 4
2873,0, 455, False, 4
2874,0, 455, False, 4
2875,0, 455, False, 4
2876,0, 455, False, 4
2877,0, 455, False, 4
2878,0, 455, False, 4
2879,0, 455, False, 0
2880,0, 455, False, 0
2881,0, 455, False, 0
2882,0, 455, False, 0
2883,0, 455, False, 0
2884,0, 455, False, 1
2885,0, 455, False, 1
2886,0, 455, False, 1
2887,0, 455, False, 1
2888,0, 455, False, 1
2889,0, 455, False, 1
2890,0, 455, False, 1
2891,0, 455, False, 1
2892,0, 455, False, 1
2893,0, 455, False, 1
2894,0, 455, False, 1
2895,0, 455, False, 11
2896,0, 455, False, 3
2897,0, 455, False, 0
2898,0, 455, False, 0
2899,0, 455, False, 0
2900,0, 455, False, 0
2901,0, 455, False, 0
2902,0, 455, False, 0
2903,0, 455, False, 0
2904,0, 455, False, 0
2905,0, 455, False, 0
2906,0, 455, False, 0
2907,0, 455, False, 0
2908,0, 455, False, 0
2909,0, 455, False, 0
2910,0, 455, False, 0
2911,0, 455, False, 0
2912,0, 455, False, 0
2913,25, 480, False, 0
2914,0, 480, False, 0
2915,0, 480, False, 0
2916,0, 480, False, 0
2917,0, 480, False, 0
2918,0, 480, False, 0
2919,0, 480, False, 3
2920,0, 480, False, 3
2921,0, 480, False, 3
2922,0, 480, False, 3
2923,0, 480, False, 3
2924,0, 480, False, 3
2925,0, 480, False, 11
2926,0, 480, False, 11
2927,0, 480, False, 11
2928,0, 480, False, 1
2929,0, 480, False, 1
2930,0, 480, False, 1
2931,0, 480, False, 1
2932,0, 480, False, 1
2933,0, 480, False, 1
2934,0, 480, False, 1
2935,0, 480, False, 0
2936,0, 480, False, 0
2937,0, 480, False, 0
2938,0, 480, False, 0
2939,0, 480, False, 0
2940,0, 480, False, 4
2941,0, 480, False, 4
2942,0, 480, False, 4
2943,0, 480, False, 4
2944,0, 480, False, 4
2945,0, 480, False, 4
2946,0, 480, False, 4
2947,0, 480, False, 4
2948,0, 480, False, 4
2949,0, 480, False, 4
2950,0, 480, False, 4
2951,0, 480, False, 4
2952,0, 480, False, 4
2953,0, 480, False, 4
2954,0, 480, False, 4
2955,0, 480, False, 4
2956,0, 480, False, 0
2957,0, 480, False, 0
2958,0, 480, False, 0
2959,0, 480, False, 0
2960,0, 480, False, 0
2961,30, 510, False, 0
2962,0, 510, False, 0
2963,0, 510, False, 0
2964,0, 510, False, 0
2965,0, 510, False, 0
2966,0, 510, False, 0
2967,0, 510, False, 0
2968,0, 510, False, 0
2969,0, 510, False, 0
2970,0, 510, False, 0
2971,0, 510, False, 0
2972,0, 510, False, 0
2973,0, 510, False, 0
2974,0, 510, False, 0
2975,0, 510, False, 0
2976,0, 510, False, 0
2977,0, 510, False, 0
2978,0, 510, False, 0
2979,0, 510, False, 0
2980,0, 510, False, 0
2981,0, 510, False, 0
2982,0, 510, False, 0
2983,0, 510, False, 0
2984,0, 510, False, 0
2985,0, 510, False, 0
2986,0, 510, False, 0
2987,0, 510, False, 0
2988,0, 510, False, 0
2989,0, 510, False, 0
2990,0, 510, False, 0
2991,0, 510, False, 0
2992,0, 510, False, 0
2993,0, 510, False, 0
2994,0, 510, False, 0
2995,0, 510, False, 0
2996,0, 510, False, 0
2997,0, 510, False, 0
2998,0, 510, False, 0
2999,0, 510, False, 0
3000,0, 510, False, 0
3001,0, 510, False, 0
3002,0, 510, False, 0
3003,0, 510, False, 0
3004,0, 510, False, 1
3005,0, 510, False, 1
3006,0, 510, False, 1
3007,0, 510, False, 1
3008,0, 510, False, 1
3009,0, 510, False, 11
3010,0, 510, False, 11
3011,0, 510, False, 11
3012,0, 510, False, 11
3013,0, 510, False, 3
3014,0, 510, False, 3
3015,0, 510, False, 3
3016,0, 510, False, 0
3017,0, 510, False, 0
3018,0, 510, False, 0
3019,0, 510, False, 0
3020,0, 510, False, 0
3021,0, 510, False, 0
3022,0, 510, False, 0
3023,0, 510, False, 0
3024,0, 510, False, 0
3025,0, 510, False, 4
3026,0, 510, False, 4
3027,0, 510, False, 4
3028,0, 510, False, 4
3029,0, 510, False, 4
3030,0, 510, False, 4
3031,0, 510, False, 4
3032,0, 510, False, 4
3033,0, 510, False, 4
3034,0, 510, False, 4
3035,0, 510, False, 4
3036,0, 510, False, 4
3037,0, 510, False, 4
3038,0, 510, False, 4
3039,0, 510, False, 4
3040,0, 510, False, 4
3041,0, 510, False, 4
3042,0, 510, False, 4
3043,0, 510, False, 4
3044,0, 510, False, 4
3045,0, 510, False, 4
3046,0, 510, False, 4
3047,0, 510, False, 4
3048,0, 510, False, 0
3049,0, 510, False, 0
3050,0, 510, False, 0
3051,0, 510, False, 0
3052,0, 510, False, 0
3053,0, 510, False, 0
3054,0, 510, False, 0
3055,0, 510, False, 0
3056,0, 510, False, 0
3057,0, 510, False, 0
3058,0, 510, False, 0
3059,0, 510, False, 4
3060,0, 510, False, 4
3061,0, 510, False, 4
3062,0, 510, False, 4
3063,0, 510, False, 4
3064,0, 510, False, 4
3065,0, 510, False, 4
3066,0, 510, False, 4
3067,0, 510, False, 4
3068,0, 510, False, 4
3069,0, 510, False, 4
3070,0, 510, False, 4
3071,0, 510, False, 4
3072,0, 510, False, 4
3073,0, 510, False, 4
3074,0, 510, False, 4
3075,0, 510, False, 4
3076,0, 510, False, 4
3077,0, 510, False, 4
3078,0, 510, False, 0
3079,0, 510, False, 0
3080,0, 510, False, 1
3081,0, 510, False, 1
3082,0, 510, False, 1
3083,0, 510, False, 1
3084,0, 510, False, 1
3085,0, 510, False, 1
3086,0, 510, False, 1
3087,0, 510, False, 1
3088,0, 510, False, 1
3089,0, 510, False, 1
3090,0, 510, False, 1
3091,0, 510, False, 1
3092,0, 510, False, 11
3093,0, 510, False, 11
3094,0, 510, False, 3
3095,0, 510, False, 3
3096,0, 510, False, 3
3097,0, 510, False, 3
3098,0, 510, False, 3
3099,0, 510, False, 3
3100,0, 510, False, 3
3101,0, 510, False, 3
3102,0, 510, False, 0
3103,0, 510, False, 0
3104,0, 510, False, 0
3105,0, 510, False, 0
3106,0, 510, False, 0
3107,0, 510, False, 0
3108,0, 510, False, 0
3109,0, 510, False, 0
3110,0, 510, False, 0
3111,0, 510, False, 0
3112,0, 510, False, 0
3113,0, 510, False, 0
3114,0, 510, False, 0
3115,0, 510, False, 0
3116,0, 510, False, 0
3117,0, 510, False, 0
3118,0, 510, False, 0
3119,0, 510, False, 0
3120,0, 510, False, 0
3121,0, 510, False, 0
3122,0, 510, False, 0
3123,0, 510, False, 0
3124,0, 510, False, 0
3125,0, 510, False, 0
3126,0, 510, False, 3
3127,0, 510, False, 3
3128,0, 510, False, 3
3129,0, 510, False, 3
3130,0, 510, False, 3
3131,0, 510, False, 3
3132,0, 510, False, 3
3133,0, 510, False, 3
3134,0, 510, False, 3
3135,0, 510, False, 3
3136,0, 510, False, 3
3137,0, 510, False, 3
3138,0, 510, False, 3
3139,0, 510, False, 3
3140,0, 510, False, 3
3141,0, 510, False, 3
3142,0, 510, False, 3
3143,0, 510, False, 3
3144,0, 510, False, 3
3145,0, 510, False, 3
3146,0, 510, False, 3
3147,0, 510, False, 3
3148,0, 510, False, 3
3149,0, 510, False, 3
3150,0, 510, False, 3
3151,0, 510, False, 3
3152,0, 510, False, 3
3153,0, 510, False, 3
3154,0, 510, False, 3
3155,0, 510, False, 3
3156,0, 510, False, 3
3157,0, 510, False, 11
3158,0, 510, False, 11
3159,0, 510, False, 11
3160,0, 510, False, 11
3161,0, 510, False, 1
3162,0, 510, False, 1
3163,0, 510, False, 1
3164,0, 510, False, 1
3165,0, 510, False, 1
3166,0, 510, False, 1
3167,0, 510, False, 1
3168,0, 510, False, 1
3169,0, 510, False, 0
3170,0, 510, False, 0
3171,0, 510, False, 0
3172,0, 510, False, 0
3173,0, 510, False, 0
3174,0, 510, False, 0
3175,0, 510, False, 0
3176,0, 510, False, 4
3177,0, 510, False, 4
3178,0, 510, False, 4
3179,0, 510, False, 4
3180,0, 510, False, 4
3181,0, 510, False, 4
3182,0, 510, False, 4
3183,0, 510, False, 4
3184,0, 510, False, 4
3185,0, 510, False, 4
3186,0, 510, False, 4
3187,0, 510, False, 4
3188,0, 510, False, 4
3189,0, 510, False, 4
3190,0, 510, False, 4
3191,0, 510, False, 4
3192,0, 510, False, 4
3193,0, 510, False, 4
3194,0, 510, False, 4
3195,0, 510, False, 4
3196,0, 510, False, 4
3197,0, 510, False, 4
3198,0, 510, False, 4
3199,0, 510, False, 4
3200,0, 510, False, 4
3201,0, 510, False, 4
3202,0, 510, False, 4
3203,0, 510, False, 4
3204,0, 510, False, 4
3205,0, 510, False, 4
3206,0, 510, False, 4
3207,0, 510, False, 4
3208,0, 510, False, 4
3209,0, 510, False, 4
3210,0, 510, False, 4
3211,0, 510, False, 4
3212,0, 510, False, 4
3213,0, 510, False, 4
3214,0, 510, False, 4
3215,0, 510, False, 4
3216,0, 510, False, 4
3217,0, 510, False, 4
3218,0, 510, False, 12
3219,0, 510, False, 12
3220,0, 510, False, 12
3221,0, 510, False, 12
3222,0, 510, False, 12
3223,0, 510, False, 12
3224,0, 510, False, 12
3225,0, 510, False, 12
3226,0, 510, False, 12
3227,0, 510, False, 12
3228,0, 510, False, 12
3229,0, 510, False, 12
3230,0, 510, False, 12
3231,0, 510, False, 0
3232,0, 510, False, 0
3233,0, 510, False, 0
3234,0, 510, False, 0
3235,0, 510, False, 0
3236,0, 510, False, 0
3237,0, 510, False, 0
3238,0, 510, False, 0
3239,0, 510, False, 0
3240,0, 510, False, 0
3241,0, 510, False, 0
3242,0, 510, False, 0
3243,0, 510, False, 0
3244,0, 510, False, 0
3245,0, 510, False, 0
3246,0, 510, False, 0
3247,0, 510, False, 0
3248,0, 510, False, 4
3249,0, 510, False, 4
3250,0, 510, False, 4
3251,0, 510, False, 4
3252,0, 510, False, 4
3253,0, 510, False, 4
3254,0, 510, False, 4
3255,0, 510, False, 4
3256,0, 510, False, 4
3257,0, 510, False, 4
3258,0, 510, False, 4
3259,0, 510, False, 4
3260,0, 510, False, 4
3261,0, 510, False, 4
3262,0, 510, False, 4
3263,0, 510, False, 4
3264,0, 510, False, 4
3265,0, 510, False, 4
3266,0, 510, False, 4
3267,0, 510, False, 4
3268,0, 510, False, 4
3269,0, 510, False, 4
3270,0, 510, False, 4
3271,0, 510, False, 4
3272,0, 510, False, 4
3273,0, 510, False, 4
3274,0, 510, False, 12
3275,0, 510, False, 12
3276,0, 510, False, 12
3277,0, 510, False, 12
3278,0, 510, False, 12
3279,0, 510, False, 12
3280,0, 510, False, 12
3281,0, 510, False, 12
3282,0, 510, False, 12
3283,0, 510, False, 12
3284,0, 510, False, 12
3285,0, 510, False, 12
3286,0, 510, False, 12
3287,0, 510, False, 4
3288,0, 510, False, 4
3289,0, 510, False, 4
3290,0, 510, False, 4
3291,0, 510, False, 4
3292,0, 510, False, 4
3293,0, 510, False, 4
3294,0, 510, False, 12
3295,0, 510, False, 12
3296,0, 510, False, 12
3297,0, 510, False, 12
3298,0, 510, False, 12
3299,0, 510, False, 12
3300,0, 510, False, 12
3301,0, 510, False, 12
3302,0, 510, False, 12
3303,0, 510, False, 12
3304,0, 510, False, 12
3305,0, 510, False, 12
3306,0, 510, False, 12
3307,0, 510, False, 12
3308,0, 510, False, 4
3309,0, 510, False, 4
3310,0, 510, False, 4
3311,0, 510, False, 4
3312,0, 510, False, 4
3313,0, 510, False, 0
3314,0, 510, False, 0
3315,0, 510, False, 0
3316,0, 510, False, 0
3317,0, 510, False, 0
3318,0, 510, False, 0
3319,0, 510, False, 0
3320,0, 510, False, 0
3321,0, 510, False, 0
3322,0, 510, False, 0
3323,0, 510, False, 0
3324,0, 510, False, 0
3325,0, 510, False, 0
3326,0, 510, False, 0
3327,0, 510, False, 0
3328,0, 510, False, 0
3329,0, 510, False, 3
3330,0, 510, False, 3
3331,0, 510, False, 3
3332,0, 510, False, 3
3333,0, 510, False, 3
3334,0, 510, False, 3
3335,0, 510, False, 0
3336,0, 510, False, 0
3337,0, 510, False, 0
3338,0, 510, False, 0
3339,0, 510, False, 0
3340,0, 510, False, 0
3341,0, 510, False, 3
3342,0, 510, False, 3
3343,0, 510, False, 3
3344,0, 510, False, 3
3345,0, 510, False, 3
3346,0, 510, False, 3
3347,0, 510, False, 3
3348,0, 510, False, 3
3349,0, 510, False, 3
3350,0, 510, False, 3
3351,0, 510, False, 3
3352,0, 510, False, 3
3353,0, 510, False, 3
3354,0, 510, False, 3
3355,0, 510, False, 3
3356,0, 510, False, 3
3357,0, 510, False, 3
3358,0, 510, False, 3
3359,0, 510, False, 3
3360,0, 510, False, 0
3361,0, 510, False, 0
3362,0, 510, False, 0
3363,0, 510, False, 0
3364,0, 510, False, 0
3365,0, 510, False, 0
3366,0, 510, False, 0
3367,0, 510, False, 0
3368,0, 510, False, 0
3369,0, 510, False, 0
3370,0, 510, False, 0
3371,0, 510, False, 0
3372,0, 510, False, 0
3373,0, 510, False, 0
3374,0, 510, False, 4
3375,0, 510, False, 4
3376,0, 510, False, 4
3377,0, 510, False, 4
3378,0, 510, False, 4
3379,0, 510, False, 4
3380,0, 510, False, 4
3381,0, 510, False, 4
3382,0, 510, False, 4
3383,0, 510, False, 4
3384,0, 510, False, 4
3385,0, 510, False, 4
3386,0, 510, False, 0
3387,0, 510, False, 0
3388,0, 510, False, 0
3389,0, 510, False, 0
3390,0, 510, False, 0
3391,0, 510, False, 1
3392,0, 510, False, 1
3393,0, 510, False, 1
3394,0, 510, False, 1
3395,0, 510, False, 1
3396,0, 510, False, 1
3397,0, 510, False, 1
3398,0, 510, False, 1
3399,0, 510, False, 1
3400,0, 510, False, 1
3401,0, 510, False, 1
3402,0, 510, False, 11
3403,0, 510, False, 11
3404,0, 510, False, 11
3405,0, 510, False, 3
3406,0, 510, False, 0
3407,30, 540, False, 0
3408,0, 540, False, 0
3409,0, 540, False, 0
3410,0, 540, False, 0
3411,0, 540, False, 0
3412,0, 540, False, 0
3413,0, 540, False, 0
3414,0, 540, False, 0
3415,0, 540, False, 0
3416,0, 540, False, 0
3417,0, 540, False, 0
3418,0, 540, False, 0
3419,0, 540, False, 0
3420,0, 540, False, 0
3421,0, 540, False, 0
3422,0, 540, False, 3
3423,0, 540, False, 0
3424,0, 540, False, 0
3425,0, 540, False, 0
3426,0, 540, False, 0
3427,0, 540, False, 0
3428,0, 540, False, 0
3429,0, 540, False, 0
3430,0, 540, False, 0
3431,0, 540, False, 0
3432,0, 540, False, 0
3433,0, 540, False, 0
3434,0, 540, False, 0
3435,0, 540, False, 0
3436,0, 540, False, 4
3437,0, 540, False, 4
3438,0, 540, False, 4
3439,0, 540, False, 4
3440,0, 540, False, 0
3441,0, 540, False, 0
3442,0, 540, False, 0
3443,0, 540, False, 0
3444,0, 540, False, 0
3445,0, 540, False, 3
3446,0, 540, False, 3
3447,0, 540, False, 3
3448,0, 540, False, 3
3449,0, 540, False, 3
3450,0, 540, False, 3
3451,0, 540, False, 3
3452,0, 540, False, 3
3453,0, 540, False, 3
3454,0, 540, False, 3
3455,0, 540, False, 3
3456,0, 540, False, 3
3457,0, 540, False, 3
3458,0, 540, False, 3
3459,0, 540, False, 3
3460,0, 540, False, 3
3461,0, 540, False, 3
3462,0, 540, False, 3
3463,0, 540, False, 3
3464,0, 540, False, 3
3465,0, 540, False, 3
3466,0, 540, False, 3
3467,0, 540, False, 3
3468,0, 540, False, 0
3469,0, 540, False, 0
3470,0, 540, False, 0
3471,0, 540, False, 0
3472,0, 540, False, 0
3473,0, 540, False, 0
3474,0, 540, False, 0
3475,0, 540, False, 0
3476,0, 540, False, 0
3477,0, 540, False, 0
3478,0, 540, False, 0
3479,0, 540, False, 0
3480,0, 540, False, 0
3481,0, 540, False, 0
3482,0, 540, False, 0
3483,0, 540, False, 0
3484,0, 540, False, 0
3485,0, 540, False, 0
3486,0, 540, False, 0
3487,0, 540, False, 0
3488,0, 540, False, 0
3489,0, 540, False, 0
3490,0, 540, False, 0
3491,0, 540, False, 0
3492,0, 540, False, 0
3493,0, 540, False, 0
3494,0, 540, False, 0
3495,0, 540, False, 0
3496,0, 540, False, 0
3497,0, 540, False, 0
3498,0, 540, False, 0
3499,0, 540, False, 0
3500,0, 540, False, 0
3501,0, 540, False, 0
3502,0, 540, False, 0
3503,0, 540, False, 0
3504,0, 540, False, 0
3505,0, 540, False, 0
3506,0, 540, False, 0
3507,0, 540, False, 0
3508,0, 540, False, 0
3509,0, 540, False, 0
3510,0, 540, False, 0
3511,0, 540, False, 0
3512,0, 540, False, 0
3513,0, 540, False, 0
3514,0, 540, False, 0
3515,0, 540, False, 0
3516,0, 540, False, 0
3517,0, 540, False, 0
3518,0, 540, False, 0
3519,0, 540, False, 0
3520,0, 540, False, 0
3521,0, 540, False, 0
3522,0, 540, False, 0
3523,0, 540, False, 0
3524,0, 540, False, 0
3525,0, 540, False, 0
3526,0, 540, False, 0
3527,0, 540, False, 0
3528,0, 540, False, 0
3529,0, 540, False, 0
3530,0, 540, False, 0
3531,0, 540, False, 0
3532,0, 540, False, 0
3533,0, 540, False, 0
3534,0, 540, False, 0
3535,0, 540, False, 0
3536,0, 540, False, 0
3537,0, 540, False, 0
3538,0, 540, False, 0
3539,0, 540, False, 0
3540,0, 540, False, 0
3541,0, 540, False, 0
3542,0, 540, False, 0
3543,0, 540, False, 0
3544,0, 540, False, 0
3545,0, 540, False, 0
3546,0, 540, False, 0
3547,0, 540, False, 0
3548,0, 540, False, 0
3549,0, 540, False, 0
3550,0, 540, False, 0
3551,0, 540, False, 0
3552,0, 540, False, 0
3553,0, 540, False, 0
3554,0, 540, False, 0
3555,0, 540, False, 0
3556,0, 540, False, 0
3557,0, 540, False, 0
3558,0, 540, False, 0
3559,0, 540, False, 0
3560,0, 540, False, 0
3561,0, 540, False, 0
3562,0, 540, False, 0
3563,0, 540, False, 0
3564,0, 540, False, 0
3565,0, 540, False, 0
3566,0, 540, False, 0
3567,0, 540, False, 0
3568,0, 540, False, 1
3569,0, 540, False, 1
3570,0, 540, False, 1
3571,0, 540, False, 1
3572,0, 540, False, 1
3573,0, 540, False, 1
3574,0, 540, False, 1
3575,0, 540, False, 1
3576,0, 540, False, 1
3577,0, 540, False, 1
3578,0, 540, False, 0
3579,0, 540, False, 0
3580,0, 540, False, 0
3581,0, 540, False, 0
3582,0, 540, False, 0
3583,0, 540, False, 0
3584,0, 540, False, 0
3585,0, 540, False, 0
3586,0, 540, False, 0
3587,0, 540, False, 0
3588,0, 540, False, 0
3589,0, 540, False, 0
3590,0, 540, False, 0
3591,0, 540, False, 0
3592,0, 540, False, 0
3593,0, 540, False, 0
3594,0, 540, False, 0
3595,0, 540, False, 0
3596,0, 540, False, 0
3597,0, 540, False, 0
3598,0, 540, False, 0
3599,0, 540, False, 3
3600,0, 540, False, 3
3601,0, 540, False, 3
3602,0, 540, False, 3
3603,0, 540, False, 3
3604,0, 540, False, 3
3605,0, 540, False, 3
3606,0, 540, False, 3
3607,0, 540, False, 3
3608,0, 540, False, 3
3609,0, 540, False, 3
3610,0, 540, False, 3
3611,0, 540, False, 3
3612,0, 540, False, 3
3613,0, 540, False, 3
3614,0, 540, False, 3
3615,0, 540, False, 3
3616,0, 540, False, 3
3617,0, 540, False, 3
3618,0, 540, False, 3
3619,0, 540, False, 3
3620,0, 540, False, 3
3621,0, 540, False, 3
3622,0, 540, False, 3
3623,0, 540, False, 3
3624,0, 540, False, 3
3625,0, 540, False, 3
3626,0, 540, False, 3
3627,0, 540, False, 3
3628,0, 540, False, 3
3629,0, 540, False, 3
3630,0, 540, False, 3
3631,0, 540, False, 0
3632,0, 540, False, 0
3633,0, 540, False, 0
3634,0, 540, False, 0
3635,0, 540, False, 0
3636,0, 540, False, 0
3637,0, 540, False, 0
3638,0, 540, False, 0
3639,0, 540, False, 0
3640,0, 540, False, 0
3641,0, 540, False, 0
3642,0, 540, False, 0
3643,0, 540, False, 0
3644,0, 540, False, 3
3645,0, 540, False, 3
3646,0, 540, False, 3
3647,0, 540, False, 3
3648,0, 540, False, 3
3649,0, 540, False, 3
3650,0, 540, False, 3
3651,0, 540, False, 3
3652,0, 540, False, 3
3653,0, 540, False, 3
3654,0, 540, False, 3
3655,0, 540, False, 3
3656,0, 540, False, 3
3657,0, 540, False, 3
3658,0, 540, False, 3
3659,0, 540, False, 3
3660,0, 540, False, 3
3661,0, 540, False, 3
3662,0, 540, False, 3
3663,0, 540, False, 3
3664,0, 540, False, 3
3665,0, 540, False, 0
3666,0, 540, False, 0
3667,0, 540, False, 0
3668,0, 540, False, 0
3669,0, 540, False, 1
3670,0, 540, False, 1
3671,0, 540, False, 1
3672,0, 540, False, 1
3673,0, 540, False, 1
3674,0, 540, False, 1
3675,0, 540, False, 1
3676,0, 540, False, 1
3677,0, 540, False, 1
3678,0, 540, False, 1
3679,0, 540, False, 1
3680,0, 540, False, 1
3681,0, 540, False, 1
3682,0, 540, False, 1
3683,0, 540, False, 1
3684,0, 540, False, 1
3685,30, 570, False, 1
3686,0, 570, False, 0
3687,0, 570, False, 0
3688,0, 570, False, 0
3689,0, 570, False, 0
3690,0, 570, False, 0
3691,0, 570, False, 0
3692,0, 570, False, 0
3693,0, 570, False, 0
3694,0, 570, False, 0
3695,0, 570, False, 0
3696,0, 570, False, 0
3697,0, 570, False, 0
3698,0, 570, False, 0
3699,0, 570, False, 0
3700,0, 570, False, 0
3701,0, 570, False, 0
3702,0, 570, False, 4
3703,0, 570, False, 4
3704,0, 570, False, 4
3705,0, 570, False, 4
3706,0, 570, False, 4
3707,0, 570, False, 4
3708,0, 570, False, 4
3709,0, 570, False, 4
3710,0, 570, False, 4
3711,0, 570, False, 4
3712,0, 570, False, 4
3713,0, 570, False, 4
3714,0, 570, False, 4
3715,0, 570, False, 4
3716,0, 570, False, 4
3717,0, 570, False, 4
3718,0, 570, False, 4
3719,0, 570, False, 4
3720,0, 570, False, 4
3721,0, 570, False, 4
3722,0, 570, False, 0
3723,0, 570, False, 0
3724,0, 570, False, 0
3725,0, 570, False, 1
3726,0, 570, False, 1
3727,0, 570, False, 1
3728,0, 570, False, 1
3729,0, 570, False, 1
3730,0, 570, False, 1
3731,0, 570, False, 1
3732,0, 570, False, 1
3733,0, 570, False, 1
3734,0, 570, False, 1
3735,0, 570, False, 1
3736,0, 570, False, 1
3737,0, 570, False, 1
3738,0, 570, False, 1
3739,0, 570, False, 0
3740,0, 570, False, 0
3741,0, 570, False, 0
3742,0, 570, False, 0
3743,0, 570, False, 0
3744,0, 570, False, 0
3745,0, 570, False, 0
3746,0, 570, False, 0
3747,0, 570, False, 0
3748,0, 570, False, 0
3749,0, 570, False, 0
3750,0, 570, False, 0
3751,0, 570, False, 0
3752,0, 570, False, 0
3753,0, 570, False, 0
3754,0, 570, False, 0
3755,0, 570, False, 0
3756,0, 570, False, 0
3757,0, 570, False, 0
3758,0, 570, False, 0
3759,0, 570, False, 0
3760,0, 570, False, 0
3761,0, 570, False, 0
3762,0, 570, False, 0
3763,0, 570, False, 3
3764,0, 570, False, 3
3765,0, 570, False, 3
3766,0, 570, False, 3
3767,0, 570, False, 3
3768,0, 570, False, 3
3769,0, 570, False, 3
3770,0, 570, False, 3
3771,0, 570, False, 3
3772,0, 570, False, 3
3773,0, 570, False, 3
3774,0, 570, False, 3
3775,0, 570, False, 3
3776,0, 570, False, 3
3777,0, 570, False, 3
3778,0, 570, False, 3
3779,0, 570, False, 3
3780,0, 570, False, 3
3781,0, 570, False, 3
3782,0, 570, False, 3
3783,0, 570, False, 3
3784,0, 570, False, 3
3785,0, 570, False, 3
3786,0, 570, False, 3
3787,0, 570, False, 3
3788,0, 570, False, 3
3789,0, 570, False, 3
3790,0, 570, False, 3
3791,0, 570, False, 3
3792,0, 570, False, 3
3793,0, 570, False, 0
3794,0, 570, False, 0
3795,0, 570, False, 0
3796,0, 570, False, 0
3797,0, 570, False, 0
3798,0, 570, False, 0
3799,0, 570, False, 0
3800,0, 570, False, 0
3801,0, 570, False, 0
3802,0, 570, False, 0
3803,0, 570, False, 0
3804,0, 570, False, 0
3805,0, 570, False, 3
3806,0, 570, False, 3
3807,0, 570, False, 3
3808,0, 570, False, 3
3809,0, 570, False, 3
3810,0, 570, False, 3
3811,0, 570, False, 3
3812,0, 570, False, 3
3813,0, 570, False, 3
3814,0, 570, False, 3
3815,0, 570, False, 3
3816,0, 570, False, 3
3817,0, 570, False, 3
3818,0, 570, False, 3
3819,0, 570, False, 3
3820,0, 570, False, 3
3821,0, 570, False, 3
3822,0, 570, False, 3
3823,0, 570, False, 3
3824,0, 570, False, 3
3825,0, 570, False, 3
3826,0, 570, False, 3
3827,0, 570, False, 3
3828,0, 570, False, 3
3829,0, 570, False, 3
3830,0, 570, False, 3
3831,0, 570, False, 3
3832,0, 570, False, 3
3833,0, 570, False, 3
3834,0, 570, False, 3
3835,0, 570, False, 3
3836,0, 570, False, 3
3837,0, 570, False, 3
3838,0, 570, False, 3
3839,0, 570, False, 3
3840,0, 570, False, 3
3841,0, 570, False, 3
3842,0, 570, False, 3
3843,0, 570, False, 3
3844,0, 570, False, 3
3845,0, 570, False, 3
3846,0, 570, False, 3
3847,0, 570, False, 3
3848,0, 570, False, 3
3849,0, 570, False, 3
3850,0, 570, False, 3
3851,0, 570, False, 3
3852,0, 570, False, 3
3853,0, 570, False, 3
3854,0, 570, False, 3
3855,0, 570, False, 3
3856,0, 570, False, 3
3857,0, 570, False, 3
3858,0, 570, False, 3
3859,0, 570, False, 3
3860,0, 570, False, 3
3861,0, 570, False, 3
3862,0, 570, False, 3
3863,0, 570, False, 3
3864,0, 570, False, 3
3865,0, 570, False, 3
3866,0, 570, False, 3
3867,0, 570, False, 3
3868,0, 570, False, 3
3869,0, 570, False, 3
3870,0, 570, False, 3
3871,0, 570, False, 3
3872,0, 570, False, 3
3873,0, 570, False, 3
3874,0, 570, False, 3
3875,0, 570, False, 3
3876,0, 570, False, 3
3877,0, 570, False, 3
3878,0, 570, False, 3
3879,0, 570, False, 4
3880,0, 570, False, 4
3881,0, 570, False, 4
3882,0, 570, False, 4
3883,0, 570, False, 4
3884,0, 570, False, 4
3885,0, 570, False, 4
3886,0, 570, False, 4
3887,0, 570, False, 4
3888,0, 570, False, 4
3889,0, 570, False, 4
3890,0, 570, False, 4
3891,0, 570, False, 4
3892,0, 570, False, 4
3893,0, 570, False, 4
3894,0, 570, False, 0
3895,0, 570, False, 0
3896,0, 570, False, 3
3897,0, 570, False, 3
3898,0, 570, False, 3
3899,0, 570, False, 3
3900,0, 570, False, 3
3901,0, 570, False, 3
3902,0, 570, False, 3
3903,0, 570, False, 3
3904,0, 570, False, 3
3905,0, 570, False, 3
3906,0, 570, False, 3
3907,0, 570, False, 3
3908,0, 570, False, 3
3909,0, 570, False, 3
3910,0, 570, False, 3
3911,0, 570, False, 3
3912,0, 570, False, 3
3913,0, 570, False, 3
3914,0, 570, False, 3
3915,0, 570, False, 3
3916,0, 570, False, 3
3917,0, 570, False, 3
3918,0, 570, False, 3
3919,0, 570, False, 3
3920,0, 570, False, 3
3921,0, 570, False, 3
3922,0, 570, False, 3
3923,0, 570, False, 3
3924,0, 570, False, 3
3925,0, 570, False, 3
3926,0, 570, False, 0
3927,0, 570, False, 0
3928,0, 570, False, 0
3929,0, 570, False, 0
3930,0, 570, False, 0
3931,0, 570, False, 0
3932,0, 570, False, 0
3933,0, 570, False, 0
3934,0, 570, False, 0
3935,0, 570, False, 0
3936,0, 570, False, 0
3937,0, 570, False, 0
3938,0, 570, False, 0
3939,0, 570, False, 0
3940,0, 570, False, 1
3941,0, 570, False, 1
3942,0, 570, False, 1
3943,0, 570, False, 1
3944,0, 570, False, 1
3945,0, 570, False, 1
3946,0, 570, False, 1
3947,0, 570, False, 1
3948,0, 570, False, 1
3949,0, 570, False, 1
3950,0, 570, False, 1
3951,0, 570, False, 1
3952,0, 570, False, 1
3953,0, 570, False, 0
3954,0, 570, False, 0
3955,0, 570, False, 0
3956,0, 570, False, 0
3957,0, 570, False, 0
3958,0, 570, False, 0
3959,0, 570, False, 0
3960,0, 570, False, 0
3961,0, 570, False, 0
3962,0, 570, False, 0
3963,0, 570, False, 0
3964,0, 570, False, 0
3965,0, 570, False, 0
3966,0, 570, False, 0
3967,0, 570, False, 0
3968,0, 570, False, 0
3969,0, 570, False, 0
3970,0, 570, False, 0
3971,0, 570, False, 0
3972,0, 570, False, 0
3973,0, 570, False, 0
3974,0, 570, False, 0
3975,0, 570, False, 0
3976,0, 570, False, 0
3977,0, 570, False, 0
3978,0, 570, False, 0
3979,0, 570, False, 0
3980,0, 570, False, 0
3981,0, 570, False, 0
3982,0, 570, False, 0
3983,0, 570, False, 1
3984,0, 570, False, 1
3985,0, 570, False, 1
3986,0, 570, False, 1
3987,0, 570, False, 1
3988,0, 570, False, 1
3989,0, 570, False, 1
3990,0, 570, False, 1
3991,0, 570, False, 1
3992,0, 570, False, 1
3993,0, 570, False, 1
3994,0, 570, False, 1
3995,0, 570, False, 1
3996,0, 570, False, 0
3997,0, 570, False, 0
3998,0, 570, False, 0
3999,0, 570, False, 0
4000,0, 570, False, 0
4001,0, 570, False, 0
4002,0, 570, False, 0
4003,0, 570, False, 0
4004,0, 570, False, 0
4005,0, 570, False, 0
4006,0, 570, False, 0
4007,0, 570, False, 0
4008,0, 570, False, 0
4009,0, 570, False, 0
4010,0, 570, False, 0
4011,0, 570, False, 0
4012,0, 570, False, 0
4013,0, 570, False, 0
4014,0, 570, False, 0
4015,0, 570, False, 0
4016,0, 570, False, 0
4017,0, 570, False, 0
4018,0, 570, False, 0
4019,0, 570, False, 0
4020,0, 570, False, 0
4021,0, 570, False, 0
4022,0, 570, False, 0
4023,0, 570, False, 0
4024,0, 570, False, 0
4025,0, 570, False, 0
4026,0, 570, False, 0
4027,0, 570, False, 0
4028,0, 570, False, 0
4029,0, 570, False, 0
4030,0, 570, False, 0
4031,0, 570, False, 0
4032,0, 570, False, 0
4033,0, 570, False, 0
4034,0, 570, False, 0
4035,0, 570, False, 0
4036,0, 570, False, 0
4037,0, 570, False, 0
4038,0, 570, False, 0
4039,0, 570, False, 0
4040,0, 570, False, 0
4041,0, 570, False, 0
4042,0, 570, False, 0
4043,0, 570, False, 0
4044,0, 570, False, 0
4045,0, 570, False, 0
4046,0, 570, False, 0
4047,0, 570, False, 0
4048,0, 570, False, 0
4049,0, 570, False, 0
4050,0, 570, False, 0
4051,0, 570, False, 0
4052,0, 570, False, 0
4053,0, 570, False, 0
4054,0, 570, False, 3
4055,0, 570, False, 3
4056,0, 570, False, 3
4057,0, 570, False, 3
4058,0, 570, False, 3
4059,0, 570, False, 3
4060,0, 570, False, 3
4061,0, 570, False, 3
4062,0, 570, False, 3
4063,0, 570, False, 3
4064,0, 570, False, 3
4065,0, 570, False, 3
4066,0, 570, False, 3
4067,0, 570, False, 3
4068,0, 570, False, 3
4069,0, 570, False, 3
4070,0, 570, False, 3
4071,0, 570, False, 3
4072,0, 570, False, 3
4073,0, 570, False, 3
4074,0, 570, False, 3
4075,0, 570, False, 3
4076,0, 570, False, 3
4077,0, 570, False, 0
4078,0, 570, False, 0
4079,0, 570, False, 0
4080,0, 570, False, 0
4081,0, 570, False, 0
4082,0, 570, False, 0
4083,0, 570, False, 0
4084,0, 570, False, 0
4085,0, 570, False, 0
4086,0, 570, False, 0
4087,0, 570, False, 0
4088,0, 570, False, 0
4089,0, 570, False, 0
4090,0, 570, False, 0
4091,0, 570, False, 0
4092,0, 570, False, 0
4093,0, 570, False, 0
4094,0, 570, False, 0
4095,0, 570, False, 0
4096,0, 570, False, 0
4097,0, 570, False, 0
4098,0, 570, False, 0
4099,0, 570, False, 3
4100,0, 570, False, 3
4101,0, 570, False, 3
4102,0, 570, False, 3
4103,0, 570, False, 3
4104,0, 570, False, 3
4105,0, 570, False, 3
4106,0, 570, False, 3
4107,0, 570, False, 3
4108,0, 570, False, 3
4109,0, 570, False, 3
4110,0, 570, False, 3
4111,0, 570, False, 3
4112,0, 570, False, 3
4113,0, 570, False, 3
4114,0, 570, False, 3
4115,0, 570, False, 3
4116,0, 570, False, 3
4117,0, 570, False, 3
4118,0, 570, False, 3
4119,0, 570, False, 3
4120,0, 570, False, 3
4121,0, 570, False, 3
4122,0, 570, False, 3
4123,0, 570, False, 3
4124,0, 570, False, 3
4125,0, 570, False, 3
4126,0, 570, False, 3
4127,0, 570, False, 3
4128,0, 570, False, 3
4129,0, 570, False, 3
4130,0, 570, False, 3
4131,0, 570, False, 3
4132,0, 570, False, 3
4133,0, 570, False, 3
4134,0, 570, False, 0
4135,0, 570, False, 0
4136,0, 570, False, 0
4137,0, 570, False, 0
4138,0, 570, False, 0
4139,0, 570, False, 0
4140,0, 570, False, 0
4141,0, 570, False, 0
4142,0, 570, False, 0
4143,0, 570, False, 1
4144,0, 570, False, 1
4145,0, 570, False, 1
4146,0, 570, False, 1
4147,0, 570, False, 1
4148,0, 570, False, 1
4149,0, 570, False, 1
4150,0, 570, False, 1
4151,0, 570, False, 1
4152,0, 570, False, 1
4153,0, 570, False, 1
4154,0, 570, False, 1
4155,0, 570, False, 1
4156,0, 570, False, 1
4157,0, 570, False, 1
4158,0, 570, False, 1
4159,0, 570, False, 1
4160,0, 570, False, 1
4161,0, 570, False, 0
4162,0, 570, False, 0
4163,0, 570, False, 0
4164,0, 570, False, 0
4165,0, 570, False, 0
4166,0, 570, False, 0
4167,0, 570, False, 0
4168,0, 570, False, 0
4169,0, 570, False, 0
4170,0, 570, False, 0
4171,0, 570, False, 0
4172,0, 570, False, 0
4173,0, 570, False, 0
4174,0, 570, False, 0
4175,0, 570, False, 0
4176,0, 570, False, 0
4177,0, 570, False, 0
4178,0, 570, False, 0
4179,0, 570, False, 0
4180,0, 570, False, 0
4181,0, 570, False, 0
4182,0, 570, False, 0
4183,0, 570, False, 0
4184,0, 570, False, 0
4185,0, 570, False, 0
4186,0, 570, False, 0
4187,0, 570, False, 0
4188,0, 570, False, 0
4189,0, 570, False, 0
4190,0, 570, False, 0
4191,0, 570, False, 0
4192,0, 570, False, 0
4193,0, 570, False, 0
4194,0, 570, False, 0
4195,0, 570, False, 0
4196,0, 570, False, 0
4197,0, 570, False, 0
4198,0, 570, False, 0
4199,0, 570, False, 0
4200,0, 570, False, 0
4201,0, 570, False, 0
4202,0, 570, False, 0
4203,0, 570, False, 0
4204,0, 570, False, 0
4205,0, 570, False, 0
4206,0, 570, False, 0
4207,0, 570, False, 0
4208,0, 570, False, 0
4209,0, 570, False, 0
4210,0, 570, True, 0
