db traj id : 3729
frame,reward,score,terminal, action
0,0, 0, False, 0
1,0, 0, False, 0
2,0, 0, False, 0
3,0, 0, False, 0
4,0, 0, False, 0
5,0, 0, False, 0
6,0, 0, False, 0
7,0, 0, False, 0
8,0, 0, False, 0
9,0, 0, False, 0
10,0, 0, False, 0
11,0, 0, False, 0
12,0, 0, False, 0
13,0, 0, False, 0
14,0, 0, False, 0
15,0, 0, False, 0
16,0, 0, False, 0
17,0, 0, False, 0
18,0, 0, False, 0
19,0, 0, False, 0
20,0, 0, False, 0
21,0, 0, False, 0
22,0, 0, False, 0
23,0, 0, False, 0
24,0, 0, False, 0
25,0, 0, False, 0
26,0, 0, False, 0
27,0, 0, False, 0
28,0, 0, False, 0
29,0, 0, False, 0
30,0, 0, False, 0
31,0, 0, False, 0
32,0, 0, False, 0
33,0, 0, False, 0
34,0, 0, False, 0
35,0, 0, False, 0
36,0, 0, False, 0
37,0, 0, False, 0
38,0, 0, False, 0
39,0, 0, False, 0
40,0, 0, False, 0
41,0, 0, False, 0
42,0, 0, False, 0
43,0, 0, False, 0
44,0, 0, False, 0
45,0, 0, False, 0
46,0, 0, False, 0
47,0, 0, False, 0
48,0, 0, False, 0
49,0, 0, False, 0
50,0, 0, False, 0
51,0, 0, False, 0
52,0, 0, False, 0
53,0, 0, False, 0
54,0, 0, False, 0
55,0, 0, False, 0
56,0, 0, False, 0
57,0, 0, False, 0
58,0, 0, False, 0
59,0, 0, False, 0
60,0, 0, False, 0
61,0, 0, False, 0
62,0, 0, False, 0
63,0, 0, False, 0
64,0, 0, False, 0
65,0, 0, False, 0
66,0, 0, False, 0
67,0, 0, False, 0
68,0, 0, False, 0
69,0, 0, False, 0
70,0, 0, False, 0
71,0, 0, False, 0
72,0, 0, False, 0
73,0, 0, False, 0
74,0, 0, False, 0
75,0, 0, False, 0
76,0, 0, False, 0
77,0, 0, False, 0
78,0, 0, False, 0
79,0, 0, False, 0
80,0, 0, False, 0
81,0, 0, False, 0
82,0, 0, False, 0
83,0, 0, False, 0
84,0, 0, False, 0
85,0, 0, False, 0
86,0, 0, False, 0
87,0, 0, False, 0
88,0, 0, False, 1
89,0, 0, False, 1
90,0, 0, False, 1
91,0, 0, False, 1
92,0, 0, False, 1
93,0, 0, False, 1
94,0, 0, False, 1
95,0, 0, False, 1
96,0, 0, False, 1
97,0, 0, False, 0
98,0, 0, False, 0
99,0, 0, False, 0
100,0, 0, False, 0
101,0, 0, False, 0
102,0, 0, False, 0
103,0, 0, False, 0
104,0, 0, False, 0
105,0, 0, False, 0
106,0, 0, False, 0
107,0, 0, False, 0
108,0, 0, False, 0
109,0, 0, False, 0
110,0, 0, False, 0
111,0, 0, False, 0
112,0, 0, False, 0
113,0, 0, False, 0
114,0, 0, False, 0
115,0, 0, False, 0
116,0, 0, False, 0
117,0, 0, False, 0
118,0, 0, False, 0
119,0, 0, False, 0
120,0, 0, False, 0
121,0, 0, False, 0
122,0, 0, False, 0
123,0, 0, False, 0
124,0, 0, False, 0
125,0, 0, False, 0
126,0, 0, False, 0
127,0, 0, False, 0
128,0, 0, False, 0
129,0, 0, False, 0
130,0, 0, False, 0
131,0, 0, False, 0
132,0, 0, False, 0
133,0, 0, False, 0
134,0, 0, False, 0
135,0, 0, False, 0
136,0, 0, False, 0
137,0, 0, False, 0
138,0, 0, False, 0
139,0, 0, False, 0
140,0, 0, False, 0
141,0, 0, False, 0
142,0, 0, False, 0
143,0, 0, False, 0
144,0, 0, False, 0
145,0, 0, False, 0
146,0, 0, False, 0
147,0, 0, False, 0
148,0, 0, False, 0
149,0, 0, False, 0
150,0, 0, False, 0
151,0, 0, False, 0
152,0, 0, False, 0
153,0, 0, False, 0
154,0, 0, False, 0
155,0, 0, False, 3
156,0, 0, False, 3
157,0, 0, False, 3
158,0, 0, False, 3
159,0, 0, False, 3
160,0, 0, False, 3
161,0, 0, False, 0
162,0, 0, False, 1
163,0, 0, False, 1
164,0, 0, False, 1
165,0, 0, False, 1
166,0, 0, False, 1
167,0, 0, False, 1
168,0, 0, False, 1
169,0, 0, False, 1
170,0, 0, False, 1
171,0, 0, False, 1
172,0, 0, False, 0
173,0, 0, False, 0
174,0, 0, False, 0
175,0, 0, False, 0
176,0, 0, False, 0
177,0, 0, False, 0
178,0, 0, False, 0
179,0, 0, False, 0
180,0, 0, False, 0
181,0, 0, False, 0
182,0, 0, False, 3
183,0, 0, False, 3
184,0, 0, False, 3
185,0, 0, False, 3
186,0, 0, False, 3
187,5, 5, False, 3
188,0, 5, False, 3
189,0, 5, False, 3
190,0, 5, False, 3
191,0, 5, False, 3
192,0, 5, False, 3
193,0, 5, False, 3
194,0, 5, False, 3
195,0, 5, False, 3
196,0, 5, False, 3
197,0, 5, False, 3
198,0, 5, False, 3
199,0, 5, False, 3
200,0, 5, False, 3
201,0, 5, False, 3
202,0, 5, False, 3
203,0, 5, False, 3
204,0, 5, False, 3
205,0, 5, False, 11
206,0, 5, False, 11
207,0, 5, False, 11
208,0, 5, False, 11
209,0, 5, False, 11
210,0, 5, False, 11
211,0, 5, False, 11
212,0, 5, False, 11
213,0, 5, False, 11
214,0, 5, False, 3
215,0, 5, False, 3
216,0, 5, False, 3
217,0, 5, False, 3
218,0, 5, False, 0
219,0, 5, False, 0
220,0, 5, False, 1
221,0, 5, False, 1
222,0, 5, False, 1
223,0, 5, False, 1
224,0, 5, False, 1
225,0, 5, False, 1
226,0, 5, False, 1
227,0, 5, False, 1
228,0, 5, False, 0
229,0, 5, False, 0
230,0, 5, False, 0
231,0, 5, False, 0
232,0, 5, False, 0
233,0, 5, False, 0
234,0, 5, False, 0
235,0, 5, False, 0
236,0, 5, False, 0
237,0, 5, False, 4
238,0, 5, False, 4
239,0, 5, False, 4
240,0, 5, False, 4
241,0, 5, False, 4
242,0, 5, False, 4
243,0, 5, False, 4
244,0, 5, False, 4
245,0, 5, False, 4
246,0, 5, False, 0
247,0, 5, False, 0
248,0, 5, False, 0
249,0, 5, False, 1
250,0, 5, False, 1
251,0, 5, False, 1
252,0, 5, False, 1
253,0, 5, False, 1
254,0, 5, False, 0
255,0, 5, False, 0
256,0, 5, False, 0
257,0, 5, False, 3
258,0, 5, False, 3
259,0, 5, False, 3
260,0, 5, False, 3
261,0, 5, False, 3
262,0, 5, False, 3
263,0, 5, False, 3
264,0, 5, False, 11
265,0, 5, False, 11
266,0, 5, False, 11
267,0, 5, False, 11
268,0, 5, False, 11
269,0, 5, False, 11
270,0, 5, False, 11
271,0, 5, False, 3
272,0, 5, False, 3
273,0, 5, False, 3
274,0, 5, False, 3
275,0, 5, False, 3
276,0, 5, False, 3
277,0, 5, False, 3
278,0, 5, False, 3
279,0, 5, False, 3
280,0, 5, False, 1
281,0, 5, False, 1
282,0, 5, False, 1
283,0, 5, False, 1
284,0, 5, False, 1
285,0, 5, False, 1
286,0, 5, False, 1
287,0, 5, False, 1
288,0, 5, False, 0
289,0, 5, False, 0
290,0, 5, False, 0
291,0, 5, False, 0
292,0, 5, False, 0
293,0, 5, False, 0
294,0, 5, False, 1
295,0, 5, False, 1
296,0, 5, False, 1
297,0, 5, False, 1
298,0, 5, False, 1
299,0, 5, False, 1
300,0, 5, False, 1
301,0, 5, False, 0
302,0, 5, False, 0
303,0, 5, False, 0
304,0, 5, False, 0
305,0, 5, False, 0
306,0, 5, False, 0
307,0, 5, False, 0
308,0, 5, False, 0
309,0, 5, False, 1
310,0, 5, False, 1
311,0, 5, False, 1
312,0, 5, False, 1
313,0, 5, False, 1
314,0, 5, False, 1
315,0, 5, False, 1
316,0, 5, False, 0
317,0, 5, False, 0
318,0, 5, False, 0
319,0, 5, False, 0
320,0, 5, False, 0
321,5, 10, False, 0
322,0, 10, False, 0
323,0, 10, False, 0
324,0, 10, False, 1
325,0, 10, False, 1
326,0, 10, False, 1
327,0, 10, False, 1
328,0, 10, False, 0
329,0, 10, False, 0
330,0, 10, False, 0
331,0, 10, False, 0
332,0, 10, False, 0
333,0, 10, False, 0
334,0, 10, False, 0
335,0, 10, False, 0
336,0, 10, False, 1
337,0, 10, False, 1
338,0, 10, False, 1
339,0, 10, False, 1
340,0, 10, False, 1
341,0, 10, False, 1
342,0, 10, False, 0
343,0, 10, False, 0
344,0, 10, False, 0
345,0, 10, False, 0
346,0, 10, False, 0
347,0, 10, False, 0
348,0, 10, False, 0
349,0, 10, False, 1
350,0, 10, False, 1
351,0, 10, False, 1
352,0, 10, False, 1
353,0, 10, False, 1
354,0, 10, False, 1
355,0, 10, False, 1
356,0, 10, False, 0
357,0, 10, False, 0
358,0, 10, False, 0
359,10, 20, False, 0
360,0, 20, False, 0
361,0, 20, False, 0
362,0, 20, False, 0
363,0, 20, False, 0
364,0, 20, False, 0
365,0, 20, False, 0
366,0, 20, False, 4
367,0, 20, False, 4
368,0, 20, False, 4
369,0, 20, False, 4
370,0, 20, False, 4
371,0, 20, False, 4
372,0, 20, False, 4
373,0, 20, False, 4
374,0, 20, False, 4
375,0, 20, False, 4
376,0, 20, False, 4
377,0, 20, False, 4
378,0, 20, False, 4
379,0, 20, False, 4
380,0, 20, False, 4
381,0, 20, False, 4
382,0, 20, False, 4
383,0, 20, False, 4
384,0, 20, False, 4
385,0, 20, False, 4
386,0, 20, False, 4
387,0, 20, False, 4
388,0, 20, False, 4
389,0, 20, False, 4
390,0, 20, False, 4
391,0, 20, False, 4
392,0, 20, False, 4
393,0, 20, False, 1
394,0, 20, False, 1
395,0, 20, False, 1
396,0, 20, False, 1
397,0, 20, False, 1
398,0, 20, False, 1
399,0, 20, False, 1
400,0, 20, False, 1
401,0, 20, False, 1
402,0, 20, False, 1
403,0, 20, False, 1
404,0, 20, False, 1
405,0, 20, False, 0
406,0, 20, False, 0
407,0, 20, False, 0
408,0, 20, False, 0
409,0, 20, False, 0
410,0, 20, False, 1
411,0, 20, False, 1
412,0, 20, False, 1
413,0, 20, False, 1
414,0, 20, False, 1
415,0, 20, False, 1
416,0, 20, False, 1
417,0, 20, False, 0
418,0, 20, False, 0
419,0, 20, False, 0
420,0, 20, False, 0
421,0, 20, False, 0
422,0, 20, False, 1
423,0, 20, False, 1
424,0, 20, False, 1
425,0, 20, False, 1
426,0, 20, False, 1
427,10, 30, False, 1
428,0, 30, False, 0
429,0, 30, False, 0
430,0, 30, False, 0
431,0, 30, False, 0
432,0, 30, False, 0
433,0, 30, False, 0
434,0, 30, False, 1
435,0, 30, False, 1
436,0, 30, False, 1
437,0, 30, False, 1
438,0, 30, False, 1
439,0, 30, False, 0
440,0, 30, False, 0
441,0, 30, False, 0
442,0, 30, False, 0
443,0, 30, False, 0
444,0, 30, False, 0
445,0, 30, False, 1
446,0, 30, False, 1
447,0, 30, False, 1
448,0, 30, False, 1
449,0, 30, False, 1
450,0, 30, False, 0
451,0, 30, False, 0
452,0, 30, False, 0
453,0, 30, False, 0
454,0, 30, False, 0
455,0, 30, False, 0
456,0, 30, False, 0
457,0, 30, False, 1
458,0, 30, False, 1
459,0, 30, False, 1
460,0, 30, False, 1
461,0, 30, False, 1
462,0, 30, False, 1
463,0, 30, False, 0
464,0, 30, False, 0
465,0, 30, False, 0
466,0, 30, False, 0
467,0, 30, False, 0
468,0, 30, False, 0
469,0, 30, False, 1
470,0, 30, False, 1
471,0, 30, False, 11
472,0, 30, False, 11
473,0, 30, False, 11
474,0, 30, False, 11
475,0, 30, False, 11
476,0, 30, False, 3
477,15, 45, False, 0
478,0, 45, False, 0
479,0, 45, False, 0
480,0, 45, False, 0
481,0, 45, False, 0
482,0, 45, False, 0
483,0, 45, False, 0
484,0, 45, False, 0
485,0, 45, False, 0
486,0, 45, False, 1
487,0, 45, False, 1
488,0, 45, False, 1
489,0, 45, False, 1
490,0, 45, False, 1
491,0, 45, False, 1
492,0, 45, False, 1
493,0, 45, False, 1
494,0, 45, False, 0
495,0, 45, False, 0
496,0, 45, False, 0
497,0, 45, False, 0
498,0, 45, False, 0
499,0, 45, False, 1
500,0, 45, False, 1
501,0, 45, False, 1
502,0, 45, False, 1
503,0, 45, False, 1
504,0, 45, False, 1
505,0, 45, False, 1
506,0, 45, False, 0
507,0, 45, False, 0
508,0, 45, False, 0
509,0, 45, False, 0
510,0, 45, False, 0
511,0, 45, False, 0
512,0, 45, False, 1
513,0, 45, False, 1
514,0, 45, False, 1
515,0, 45, False, 1
516,0, 45, False, 1
517,0, 45, False, 1
518,0, 45, False, 1
519,0, 45, False, 0
520,0, 45, False, 0
521,0, 45, False, 0
522,0, 45, False, 0
523,0, 45, False, 0
524,0, 45, False, 0
525,0, 45, False, 1
526,0, 45, False, 1
527,0, 45, False, 1
528,0, 45, False, 1
529,0, 45, False, 1
530,0, 45, False, 1
531,0, 45, False, 0
532,0, 45, False, 0
533,0, 45, False, 0
534,0, 45, False, 3
535,0, 45, False, 3
536,0, 45, False, 3
537,20, 65, False, 3
538,0, 65, False, 3
539,0, 65, False, 3
540,0, 65, False, 3
541,0, 65, False, 3
542,0, 65, False, 3
543,0, 65, False, 3
544,0, 65, False, 1
545,0, 65, False, 1
546,0, 65, False, 1
547,0, 65, False, 1
548,0, 65, False, 1
549,0, 65, False, 1
550,0, 65, False, 0
551,0, 65, False, 0
552,0, 65, False, 0
553,0, 65, False, 0
554,0, 65, False, 0
555,0, 65, False, 1
556,0, 65, False, 1
557,0, 65, False, 1
558,0, 65, False, 1
559,0, 65, False, 1
560,0, 65, False, 1
561,0, 65, False, 1
562,0, 65, False, 0
563,0, 65, False, 0
564,0, 65, False, 0
565,0, 65, False, 0
566,0, 65, False, 0
567,0, 65, False, 0
568,0, 65, False, 0
569,0, 65, False, 11
570,0, 65, False, 11
571,0, 65, False, 11
572,0, 65, False, 11
573,0, 65, False, 11
574,0, 65, False, 3
575,0, 65, False, 3
576,0, 65, False, 0
577,0, 65, False, 0
578,0, 65, False, 0
579,0, 65, False, 0
580,0, 65, False, 1
581,0, 65, False, 1
582,0, 65, False, 1
583,0, 65, False, 1
584,0, 65, False, 11
585,0, 65, False, 11
586,0, 65, False, 3
587,0, 65, False, 3
588,0, 65, False, 3
589,0, 65, False, 3
590,0, 65, False, 3
591,0, 65, False, 3
592,0, 65, False, 3
593,0, 65, False, 3
594,0, 65, False, 3
595,0, 65, False, 3
596,0, 65, False, 3
597,0, 65, False, 3
598,0, 65, False, 3
599,0, 65, False, 3
600,0, 65, False, 3
601,0, 65, False, 3
602,0, 65, False, 3
603,0, 65, False, 3
604,0, 65, False, 3
605,0, 65, False, 3
606,0, 65, False, 3
607,0, 65, False, 3
608,0, 65, False, 3
609,25, 90, False, 3
610,0, 90, False, 3
611,0, 90, False, 3
612,0, 90, False, 3
613,0, 90, False, 3
614,0, 90, False, 3
615,0, 90, False, 3
616,0, 90, False, 3
617,0, 90, False, 3
618,0, 90, False, 3
619,0, 90, False, 3
620,0, 90, False, 3
621,0, 90, False, 11
622,0, 90, False, 11
623,0, 90, False, 11
624,0, 90, False, 11
625,0, 90, False, 11
626,0, 90, False, 11
627,0, 90, False, 3
628,0, 90, False, 3
629,0, 90, False, 3
630,0, 90, False, 3
631,0, 90, False, 3
632,0, 90, False, 3
633,0, 90, False, 3
634,0, 90, False, 11
635,0, 90, False, 11
636,0, 90, False, 11
637,0, 90, False, 11
638,0, 90, False, 11
639,0, 90, False, 11
640,0, 90, False, 3
641,0, 90, False, 0
642,0, 90, False, 0
643,0, 90, False, 0
644,0, 90, False, 0
645,0, 90, False, 0
646,0, 90, False, 1
647,0, 90, False, 1
648,0, 90, False, 1
649,0, 90, False, 1
650,0, 90, False, 1
651,0, 90, False, 1
652,0, 90, False, 1
653,0, 90, False, 1
654,0, 90, False, 0
655,0, 90, False, 0
656,0, 90, False, 0
657,0, 90, False, 0
658,0, 90, False, 0
659,0, 90, False, 0
660,0, 90, False, 0
661,0, 90, False, 1
662,0, 90, False, 1
663,0, 90, False, 1
664,0, 90, False, 1
665,0, 90, False, 1
666,0, 90, False, 1
667,0, 90, False, 1
668,0, 90, False, 1
669,0, 90, False, 0
670,0, 90, False, 0
671,0, 90, False, 0
672,0, 90, False, 0
673,0, 90, False, 0
674,0, 90, False, 1
675,0, 90, False, 1
676,0, 90, False, 1
677,0, 90, False, 1
678,0, 90, False, 1
679,0, 90, False, 1
680,0, 90, False, 1
681,0, 90, False, 1
682,0, 90, False, 0
683,0, 90, False, 0
684,0, 90, False, 0
685,0, 90, False, 0
686,0, 90, False, 0
687,0, 90, False, 0
688,0, 90, False, 1
689,0, 90, False, 1
690,0, 90, False, 1
691,0, 90, False, 1
692,0, 90, False, 1
693,0, 90, False, 1
694,0, 90, False, 1
695,0, 90, False, 1
696,0, 90, False, 0
697,0, 90, False, 0
698,0, 90, False, 0
699,0, 90, False, 0
700,0, 90, False, 0
701,0, 90, False, 0
702,0, 90, False, 0
703,0, 90, False, 0
704,0, 90, False, 1
705,0, 90, False, 1
706,0, 90, False, 1
707,0, 90, False, 1
708,0, 90, False, 1
709,0, 90, False, 1
710,0, 90, False, 1
711,0, 90, False, 0
712,0, 90, False, 0
713,0, 90, False, 0
714,0, 90, False, 0
715,0, 90, False, 0
716,0, 90, False, 0
717,0, 90, False, 0
718,0, 90, False, 0
719,0, 90, False, 1
720,0, 90, False, 1
721,0, 90, False, 1
722,0, 90, False, 1
723,0, 90, False, 1
724,0, 90, False, 1
725,0, 90, False, 11
726,0, 90, False, 11
727,0, 90, False, 3
728,0, 90, False, 3
729,0, 90, False, 3
730,0, 90, False, 3
731,5, 95, False, 0
732,0, 95, False, 0
733,0, 95, False, 0
734,0, 95, False, 1
735,0, 95, False, 1
736,0, 95, False, 1
737,0, 95, False, 1
738,0, 95, False, 1
739,0, 95, False, 1
740,0, 95, False, 1
741,0, 95, False, 1
742,0, 95, False, 0
743,0, 95, False, 0
744,0, 95, False, 0
745,0, 95, False, 0
746,0, 95, False, 0
747,0, 95, False, 1
748,0, 95, False, 1
749,0, 95, False, 1
750,0, 95, False, 1
751,0, 95, False, 1
752,0, 95, False, 1
753,0, 95, False, 1
754,0, 95, False, 1
755,0, 95, False, 0
756,0, 95, False, 0
757,0, 95, False, 0
758,0, 95, False, 0
759,0, 95, False, 0
760,0, 95, False, 0
761,0, 95, False, 1
762,0, 95, False, 1
763,0, 95, False, 1
764,0, 95, False, 1
765,0, 95, False, 1
766,0, 95, False, 1
767,10, 105, False, 0
768,0, 105, False, 0
769,0, 105, False, 0
770,0, 105, False, 0
771,0, 105, False, 0
772,0, 105, False, 0
773,0, 105, False, 0
774,0, 105, False, 0
775,0, 105, False, 1
776,0, 105, False, 1
777,0, 105, False, 1
778,0, 105, False, 1
779,0, 105, False, 1
780,0, 105, False, 1
781,0, 105, False, 0
782,0, 105, False, 0
783,0, 105, False, 0
784,0, 105, False, 0
785,0, 105, False, 0
786,0, 105, False, 0
787,0, 105, False, 1
788,0, 105, False, 1
789,0, 105, False, 1
790,0, 105, False, 1
791,0, 105, False, 1
792,0, 105, False, 1
793,0, 105, False, 0
794,0, 105, False, 0
795,0, 105, False, 0
796,0, 105, False, 0
797,0, 105, False, 0
798,0, 105, False, 0
799,0, 105, False, 0
800,0, 105, False, 1
801,0, 105, False, 1
802,0, 105, False, 1
803,0, 105, False, 1
804,0, 105, False, 1
805,0, 105, False, 0
806,0, 105, False, 0
807,0, 105, False, 0
808,0, 105, False, 0
809,0, 105, False, 0
810,0, 105, False, 0
811,0, 105, False, 1
812,0, 105, False, 1
813,0, 105, False, 1
814,0, 105, False, 1
815,0, 105, False, 1
816,0, 105, False, 1
817,0, 105, False, 1
818,0, 105, False, 0
819,0, 105, False, 0
820,0, 105, False, 0
821,15, 120, False, 0
822,0, 120, False, 0
823,0, 120, False, 1
824,0, 120, False, 1
825,0, 120, False, 1
826,0, 120, False, 1
827,0, 120, False, 1
828,0, 120, False, 1
829,0, 120, False, 0
830,0, 120, False, 0
831,0, 120, False, 0
832,0, 120, False, 0
833,0, 120, False, 0
834,0, 120, False, 0
835,0, 120, False, 3
836,0, 120, False, 3
837,0, 120, False, 3
838,0, 120, False, 3
839,0, 120, False, 3
840,0, 120, False, 3
841,0, 120, False, 3
842,0, 120, False, 3
843,0, 120, False, 3
844,0, 120, False, 3
845,0, 120, False, 3
846,0, 120, False, 3
847,0, 120, False, 3
848,0, 120, False, 3
849,0, 120, False, 3
850,0, 120, False, 3
851,0, 120, False, 3
852,0, 120, False, 3
853,0, 120, False, 3
854,0, 120, False, 3
855,0, 120, False, 3
856,0, 120, False, 3
857,0, 120, False, 3
858,0, 120, False, 3
859,0, 120, False, 3
860,0, 120, False, 3
861,0, 120, False, 3
862,0, 120, False, 3
863,0, 120, False, 3
864,0, 120, False, 3
865,0, 120, False, 3
866,0, 120, False, 3
867,0, 120, False, 3
868,0, 120, False, 3
869,0, 120, False, 3
870,0, 120, False, 3
871,0, 120, False, 3
872,0, 120, False, 3
873,0, 120, False, 3
874,0, 120, False, 3
875,20, 140, False, 3
876,0, 140, False, 3
877,0, 140, False, 3
878,0, 140, False, 3
879,0, 140, False, 3
880,0, 140, False, 3
881,0, 140, False, 3
882,0, 140, False, 3
883,0, 140, False, 3
884,0, 140, False, 3
885,0, 140, False, 3
886,0, 140, False, 3
887,0, 140, False, 3
888,0, 140, False, 1
889,0, 140, False, 1
890,0, 140, False, 1
891,0, 140, False, 1
892,0, 140, False, 1
893,0, 140, False, 1
894,0, 140, False, 1
895,0, 140, False, 0
896,0, 140, False, 0
897,0, 140, False, 0
898,0, 140, False, 0
899,0, 140, False, 0
900,0, 140, False, 0
901,0, 140, False, 1
902,0, 140, False, 1
903,0, 140, False, 1
904,0, 140, False, 1
905,0, 140, False, 1
906,0, 140, False, 1
907,0, 140, False, 1
908,0, 140, False, 0
909,0, 140, False, 0
910,0, 140, False, 0
911,0, 140, False, 3
912,0, 140, False, 3
913,0, 140, False, 3
914,0, 140, False, 3
915,0, 140, False, 3
916,0, 140, False, 3
917,0, 140, False, 3
918,0, 140, False, 3
919,0, 140, False, 3
920,0, 140, False, 3
921,0, 140, False, 3
922,0, 140, False, 3
923,0, 140, False, 3
924,0, 140, False, 3
925,0, 140, False, 3
926,0, 140, False, 3
927,0, 140, False, 3
928,0, 140, False, 3
929,0, 140, False, 3
930,0, 140, False, 3
931,0, 140, False, 3
932,0, 140, False, 3
933,0, 140, False, 3
934,0, 140, False, 3
935,0, 140, False, 3
936,0, 140, False, 3
937,0, 140, False, 3
938,0, 140, False, 3
939,0, 140, False, 3
940,0, 140, False, 3
941,0, 140, False, 3
942,0, 140, False, 3
943,0, 140, False, 3
944,0, 140, False, 3
945,0, 140, False, 3
946,0, 140, False, 3
947,0, 140, False, 3
948,0, 140, False, 0
949,0, 140, False, 0
950,0, 140, False, 0
951,0, 140, False, 0
952,0, 140, False, 0
953,0, 140, False, 0
954,0, 140, False, 0
955,0, 140, False, 1
956,0, 140, False, 1
957,0, 140, False, 1
958,0, 140, False, 1
959,0, 140, False, 1
960,0, 140, False, 1
961,0, 140, False, 1
962,0, 140, False, 1
963,0, 140, False, 1
964,0, 140, False, 0
965,0, 140, False, 0
966,0, 140, False, 0
967,0, 140, False, 0
968,0, 140, False, 0
969,0, 140, False, 0
970,0, 140, False, 1
971,0, 140, False, 1
972,0, 140, False, 1
973,0, 140, False, 1
974,0, 140, False, 1
975,0, 140, False, 1
976,0, 140, False, 1
977,0, 140, False, 1
978,0, 140, False, 0
979,0, 140, False, 0
980,0, 140, False, 0
981,0, 140, False, 0
982,0, 140, False, 0
983,0, 140, False, 0
984,0, 140, False, 0
985,0, 140, False, 0
986,0, 140, False, 0
987,0, 140, False, 0
988,0, 140, False, 1
989,0, 140, False, 1
990,0, 140, False, 1
991,5, 145, False, 1
992,0, 145, False, 1
993,0, 145, False, 1
994,0, 145, False, 1
995,0, 145, False, 0
996,0, 145, False, 0
997,0, 145, False, 0
998,0, 145, False, 0
999,0, 145, False, 0
1000,0, 145, False, 0
1001,0, 145, False, 0
1002,0, 145, False, 0
1003,0, 145, False, 0
1004,0, 145, False, 1
1005,0, 145, False, 1
1006,0, 145, False, 1
1007,0, 145, False, 1
1008,0, 145, False, 1
1009,0, 145, False, 1
1010,0, 145, False, 1
1011,0, 145, False, 0
1012,0, 145, False, 0
1013,0, 145, False, 0
1014,0, 145, False, 0
1015,0, 145, False, 0
1016,0, 145, False, 0
1017,0, 145, False, 1
1018,0, 145, False, 1
1019,0, 145, False, 1
1020,0, 145, False, 1
1021,0, 145, False, 1
1022,0, 145, False, 1
1023,0, 145, False, 1
1024,0, 145, False, 0
1025,0, 145, False, 0
1026,0, 145, False, 0
1027,0, 145, False, 0
1028,0, 145, False, 0
1029,0, 145, False, 0
1030,0, 145, False, 0
1031,0, 145, False, 0
1032,0, 145, False, 0
1033,0, 145, False, 3
1034,0, 145, False, 3
1035,0, 145, False, 3
1036,0, 145, False, 3
1037,0, 145, False, 3
1038,0, 145, False, 3
1039,0, 145, False, 3
1040,0, 145, False, 3
1041,0, 145, False, 3
1042,0, 145, False, 3
1043,0, 145, False, 3
1044,0, 145, False, 3
1045,0, 145, False, 3
1046,0, 145, False, 3
1047,0, 145, False, 3
1048,0, 145, False, 0
1049,0, 145, False, 0
1050,0, 145, False, 0
1051,0, 145, False, 0
1052,0, 145, False, 0
1053,0, 145, False, 0
1054,0, 145, False, 0
1055,0, 145, False, 0
1056,0, 145, False, 0
1057,0, 145, False, 0
1058,0, 145, False, 3
1059,0, 145, False, 3
1060,0, 145, False, 3
1061,0, 145, False, 3
1062,0, 145, False, 3
1063,0, 145, False, 3
1064,0, 145, False, 3
1065,0, 145, False, 3
1066,0, 145, False, 3
1067,0, 145, False, 3
1068,0, 145, False, 3
1069,0, 145, False, 3
1070,0, 145, False, 3
1071,0, 145, False, 3
1072,0, 145, False, 3
1073,0, 145, False, 3
1074,0, 145, False, 0
1075,0, 145, False, 0
1076,0, 145, False, 0
1077,0, 145, False, 0
1078,0, 145, False, 0
1079,0, 145, False, 0
1080,0, 145, False, 1
1081,0, 145, False, 1
1082,0, 145, False, 1
1083,0, 145, False, 1
1084,0, 145, False, 1
1085,0, 145, False, 1
1086,0, 145, False, 1
1087,0, 145, False, 1
1088,0, 145, False, 1
1089,0, 145, False, 1
1090,0, 145, False, 1
1091,0, 145, False, 1
1092,0, 145, False, 0
1093,0, 145, False, 0
1094,0, 145, False, 0
1095,0, 145, False, 0
1096,0, 145, False, 0
1097,0, 145, False, 0
1098,0, 145, False, 0
1099,0, 145, False, 0
1100,0, 145, False, 0
1101,0, 145, False, 0
1102,0, 145, False, 1
1103,0, 145, False, 1
1104,0, 145, False, 1
1105,0, 145, False, 1
1106,0, 145, False, 1
1107,0, 145, False, 1
1108,0, 145, False, 1
1109,0, 145, False, 1
1110,0, 145, False, 1
1111,0, 145, False, 0
1112,0, 145, False, 0
1113,0, 145, False, 0
1114,0, 145, False, 0
1115,0, 145, False, 0
1116,0, 145, False, 0
1117,0, 145, False, 0
1118,0, 145, False, 0
1119,0, 145, False, 0
1120,0, 145, False, 1
1121,0, 145, False, 1
1122,0, 145, False, 1
1123,0, 145, False, 1
1124,0, 145, False, 1
1125,0, 145, False, 1
1126,0, 145, False, 1
1127,0, 145, False, 0
1128,0, 145, False, 0
1129,0, 145, False, 0
1130,0, 145, False, 0
1131,0, 145, False, 0
1132,0, 145, False, 4
1133,0, 145, False, 4
1134,0, 145, False, 4
1135,0, 145, False, 4
1136,0, 145, False, 4
1137,0, 145, False, 4
1138,0, 145, False, 4
1139,0, 145, False, 4
1140,0, 145, False, 4
1141,0, 145, False, 4
1142,0, 145, False, 4
1143,0, 145, False, 4
1144,0, 145, False, 4
1145,0, 145, False, 4
1146,0, 145, False, 4
1147,0, 145, False, 4
1148,0, 145, False, 4
1149,0, 145, False, 4
1150,0, 145, False, 4
1151,0, 145, False, 4
1152,0, 145, False, 4
1153,0, 145, False, 4
1154,0, 145, False, 4
1155,0, 145, False, 4
1156,0, 145, False, 4
1157,0, 145, False, 4
1158,0, 145, False, 4
1159,0, 145, False, 4
1160,0, 145, False, 4
1161,0, 145, False, 4
1162,0, 145, False, 4
1163,0, 145, False, 4
1164,0, 145, False, 4
1165,0, 145, False, 4
1166,0, 145, False, 4
1167,0, 145, False, 4
1168,0, 145, False, 0
1169,0, 145, False, 1
1170,0, 145, False, 1
1171,0, 145, False, 1
1172,0, 145, False, 1
1173,0, 145, False, 1
1174,0, 145, False, 1
1175,0, 145, False, 1
1176,0, 145, False, 1
1177,0, 145, False, 0
1178,0, 145, False, 0
1179,0, 145, False, 4
1180,0, 145, False, 4
1181,0, 145, False, 4
1182,0, 145, False, 4
1183,0, 145, False, 4
1184,0, 145, False, 12
1185,0, 145, False, 12
1186,0, 145, False, 12
1187,0, 145, False, 12
1188,0, 145, False, 1
1189,0, 145, False, 1
1190,0, 145, False, 1
1191,0, 145, False, 0
1192,0, 145, False, 0
1193,0, 145, False, 0
1194,0, 145, False, 0
1195,0, 145, False, 0
1196,0, 145, False, 0
1197,0, 145, False, 0
1198,0, 145, False, 1
1199,0, 145, False, 1
1200,0, 145, False, 1
1201,0, 145, False, 1
1202,0, 145, False, 1
1203,0, 145, False, 1
1204,0, 145, False, 1
1205,0, 145, False, 1
1206,0, 145, False, 0
1207,0, 145, False, 0
1208,0, 145, False, 0
1209,0, 145, False, 0
1210,0, 145, False, 0
1211,0, 145, False, 0
1212,0, 145, False, 0
1213,0, 145, False, 0
1214,0, 145, False, 0
1215,0, 145, False, 0
1216,0, 145, False, 0
1217,0, 145, False, 0
1218,0, 145, False, 0
1219,0, 145, False, 0
1220,0, 145, False, 0
1221,0, 145, False, 1
1222,0, 145, False, 1
1223,0, 145, False, 1
1224,0, 145, False, 1
1225,0, 145, False, 1
1226,0, 145, False, 1
1227,0, 145, False, 1
1228,0, 145, False, 1
1229,0, 145, False, 0
1230,0, 145, False, 0
1231,0, 145, False, 0
1232,0, 145, False, 0
1233,0, 145, False, 0
1234,0, 145, False, 0
1235,0, 145, False, 0
1236,0, 145, False, 1
1237,0, 145, False, 1
1238,0, 145, False, 1
1239,0, 145, False, 1
1240,0, 145, False, 1
1241,0, 145, False, 1
1242,0, 145, False, 1
1243,0, 145, False, 1
1244,0, 145, False, 0
1245,0, 145, False, 0
1246,0, 145, False, 0
1247,0, 145, False, 0
1248,0, 145, False, 0
1249,0, 145, False, 0
1250,0, 145, False, 0
1251,0, 145, False, 0
1252,0, 145, False, 0
1253,0, 145, False, 0
1254,0, 145, False, 0
1255,0, 145, False, 0
1256,0, 145, False, 0
1257,0, 145, False, 0
1258,0, 145, False, 1
1259,0, 145, False, 1
1260,0, 145, False, 1
1261,0, 145, False, 1
1262,0, 145, False, 1
1263,0, 145, False, 1
1264,0, 145, False, 1
1265,0, 145, False, 1
1266,0, 145, False, 1
1267,0, 145, False, 0
1268,0, 145, False, 3
1269,0, 145, False, 3
1270,0, 145, False, 3
1271,0, 145, False, 3
1272,0, 145, False, 3
1273,0, 145, False, 0
1274,0, 145, False, 0
1275,0, 145, False, 0
1276,0, 145, False, 1
1277,0, 145, False, 1
1278,0, 145, False, 1
1279,0, 145, False, 1
1280,0, 145, False, 1
1281,0, 145, False, 1
1282,0, 145, False, 1
1283,0, 145, False, 0
1284,0, 145, False, 0
1285,0, 145, False, 0
1286,0, 145, False, 0
1287,0, 145, False, 0
1288,0, 145, False, 0
1289,0, 145, False, 0
1290,0, 145, False, 0
1291,0, 145, False, 0
1292,0, 145, False, 0
1293,0, 145, False, 0
1294,0, 145, False, 11
1295,0, 145, False, 11
1296,0, 145, False, 11
1297,0, 145, False, 11
1298,0, 145, False, 11
1299,0, 145, False, 11
1300,0, 145, False, 11
1301,0, 145, False, 0
1302,0, 145, False, 0
1303,0, 145, False, 0
1304,0, 145, False, 0
1305,0, 145, False, 0
1306,0, 145, False, 0
1307,0, 145, False, 0
1308,0, 145, False, 0
1309,0, 145, False, 1
1310,0, 145, False, 1
1311,0, 145, False, 1
1312,0, 145, False, 1
1313,0, 145, False, 1
1314,0, 145, False, 1
1315,0, 145, False, 1
1316,0, 145, False, 0
1317,0, 145, False, 0
1318,0, 145, False, 0
1319,0, 145, False, 0
1320,0, 145, False, 0
1321,0, 145, False, 0
1322,0, 145, False, 0
1323,0, 145, False, 0
1324,0, 145, False, 0
1325,0, 145, False, 0
1326,0, 145, False, 0
1327,0, 145, False, 0
1328,0, 145, False, 0
1329,0, 145, False, 1
1330,0, 145, False, 1
1331,0, 145, False, 1
1332,0, 145, False, 1
1333,0, 145, False, 1
1334,0, 145, False, 1
1335,200, 345, False, 1
1336,0, 345, False, 0
1337,0, 345, False, 0
1338,0, 345, False, 0
1339,0, 345, False, 0
1340,0, 345, False, 0
1341,0, 345, False, 0
1342,0, 345, False, 1
1343,0, 345, False, 1
1344,0, 345, False, 1
1345,0, 345, False, 1
1346,0, 345, False, 1
1347,0, 345, False, 1
1348,0, 345, False, 1
1349,0, 345, False, 1
1350,0, 345, False, 1
1351,0, 345, False, 1
1352,0, 345, False, 0
1353,0, 345, False, 0
1354,0, 345, False, 0
1355,0, 345, False, 0
1356,0, 345, False, 0
1357,0, 345, False, 0
1358,0, 345, False, 0
1359,0, 345, False, 0
1360,0, 345, False, 0
1361,0, 345, False, 0
1362,0, 345, False, 0
1363,0, 345, False, 0
1364,0, 345, False, 0
1365,0, 345, False, 0
1366,0, 345, False, 1
1367,0, 345, False, 1
1368,0, 345, False, 1
1369,0, 345, False, 1
1370,0, 345, False, 1
1371,10, 355, False, 0
1372,0, 355, False, 0
1373,0, 355, False, 0
1374,0, 355, False, 0
1375,0, 355, False, 0
1376,0, 355, False, 0
1377,0, 355, False, 0
1378,0, 355, False, 0
1379,0, 355, False, 3
1380,0, 355, False, 3
1381,0, 355, False, 3
1382,0, 355, False, 3
1383,0, 355, False, 3
1384,0, 355, False, 3
1385,0, 355, False, 3
1386,0, 355, False, 3
1387,0, 355, False, 3
1388,0, 355, False, 3
1389,0, 355, False, 3
1390,0, 355, False, 3
1391,0, 355, False, 3
1392,0, 355, False, 3
1393,0, 355, False, 3
1394,0, 355, False, 3
1395,0, 355, False, 3
1396,0, 355, False, 3
1397,0, 355, False, 3
1398,0, 355, False, 3
1399,0, 355, False, 3
1400,0, 355, False, 3
1401,0, 355, False, 3
1402,0, 355, False, 3
1403,0, 355, False, 3
1404,0, 355, False, 3
1405,0, 355, False, 3
1406,0, 355, False, 3
1407,0, 355, False, 3
1408,0, 355, False, 3
1409,0, 355, False, 3
1410,0, 355, False, 3
1411,0, 355, False, 3
1412,0, 355, False, 3
1413,0, 355, False, 3
1414,0, 355, False, 3
1415,0, 355, False, 0
1416,0, 355, False, 1
1417,0, 355, False, 1
1418,0, 355, False, 1
1419,0, 355, False, 1
1420,0, 355, False, 1
1421,0, 355, False, 1
1422,0, 355, False, 1
1423,0, 355, False, 0
1424,0, 355, False, 0
1425,0, 355, False, 0
1426,0, 355, False, 0
1427,0, 355, False, 0
1428,0, 355, False, 0
1429,0, 355, False, 4
1430,0, 355, False, 4
1431,0, 355, False, 4
1432,0, 355, False, 4
1433,0, 355, False, 4
1434,0, 355, False, 4
1435,0, 355, False, 4
1436,0, 355, False, 4
1437,0, 355, False, 4
1438,0, 355, False, 4
1439,5, 360, False, 4
1440,0, 360, False, 4
1441,0, 360, False, 4
1442,0, 360, False, 4
1443,0, 360, False, 4
1444,0, 360, False, 4
1445,0, 360, False, 4
1446,0, 360, False, 4
1447,0, 360, False, 4
1448,0, 360, False, 4
1449,0, 360, False, 4
1450,0, 360, False, 4
1451,0, 360, False, 4
1452,0, 360, False, 4
1453,0, 360, False, 4
1454,0, 360, False, 0
1455,0, 360, False, 0
1456,0, 360, False, 0
1457,0, 360, False, 0
1458,0, 360, False, 0
1459,0, 360, False, 0
1460,0, 360, False, 0
1461,0, 360, False, 0
1462,0, 360, False, 1
1463,0, 360, False, 1
1464,0, 360, False, 1
1465,0, 360, False, 1
1466,0, 360, False, 1
1467,0, 360, False, 1
1468,0, 360, False, 1
1469,0, 360, False, 1
1470,0, 360, False, 0
1471,0, 360, False, 0
1472,0, 360, False, 0
1473,0, 360, False, 0
1474,0, 360, False, 0
1475,0, 360, False, 0
1476,0, 360, False, 0
1477,0, 360, False, 0
1478,0, 360, False, 0
1479,0, 360, False, 0
1480,0, 360, False, 0
1481,0, 360, False, 0
1482,0, 360, False, 0
1483,0, 360, False, 0
1484,0, 360, False, 0
1485,0, 360, False, 0
1486,0, 360, False, 0
1487,0, 360, False, 0
1488,0, 360, False, 0
1489,0, 360, False, 0
1490,0, 360, False, 4
1491,0, 360, False, 4
1492,0, 360, False, 4
1493,0, 360, False, 4
1494,0, 360, False, 4
1495,0, 360, False, 4
1496,0, 360, False, 4
1497,0, 360, False, 4
1498,0, 360, False, 4
1499,0, 360, False, 4
1500,0, 360, False, 4
1501,0, 360, False, 4
1502,0, 360, False, 4
1503,0, 360, False, 4
1504,0, 360, False, 4
1505,0, 360, False, 4
1506,0, 360, False, 4
1507,0, 360, False, 4
1508,0, 360, False, 4
1509,0, 360, False, 4
1510,0, 360, False, 4
1511,0, 360, False, 1
1512,0, 360, False, 1
1513,0, 360, False, 1
1514,0, 360, False, 1
1515,0, 360, False, 1
1516,0, 360, False, 1
1517,0, 360, False, 1
1518,0, 360, False, 1
1519,0, 360, False, 1
1520,0, 360, False, 0
1521,0, 360, False, 0
1522,0, 360, False, 0
1523,0, 360, False, 0
1524,0, 360, False, 0
1525,0, 360, False, 1
1526,0, 360, False, 1
1527,0, 360, False, 1
1528,0, 360, False, 1
1529,0, 360, False, 1
1530,0, 360, False, 1
1531,0, 360, False, 1
1532,0, 360, False, 1
1533,0, 360, False, 0
1534,0, 360, False, 0
1535,0, 360, False, 0
1536,0, 360, False, 0
1537,0, 360, False, 0
1538,0, 360, False, 1
1539,0, 360, False, 1
1540,0, 360, False, 1
1541,0, 360, False, 1
1542,0, 360, False, 1
1543,0, 360, False, 0
1544,0, 360, False, 0
1545,0, 360, False, 0
1546,0, 360, False, 0
1547,0, 360, False, 0
1548,0, 360, False, 0
1549,15, 375, False, 1
1550,0, 375, False, 1
1551,0, 375, False, 1
1552,0, 375, False, 1
1553,0, 375, False, 1
1554,0, 375, False, 1
1555,0, 375, False, 0
1556,0, 375, False, 0
1557,0, 375, False, 0
1558,0, 375, False, 0
1559,0, 375, False, 0
1560,0, 375, False, 0
1561,0, 375, False, 0
1562,0, 375, False, 0
1563,0, 375, False, 0
1564,0, 375, False, 0
1565,0, 375, False, 0
1566,0, 375, False, 0
1567,0, 375, False, 1
1568,0, 375, False, 1
1569,0, 375, False, 1
1570,0, 375, False, 1
1571,0, 375, False, 1
1572,0, 375, False, 1
1573,0, 375, False, 0
1574,0, 375, False, 0
1575,0, 375, False, 0
1576,0, 375, False, 0
1577,0, 375, False, 0
1578,0, 375, False, 0
1579,0, 375, False, 0
1580,0, 375, False, 0
1581,0, 375, False, 0
1582,0, 375, False, 0
1583,0, 375, False, 4
1584,0, 375, False, 4
1585,0, 375, False, 4
1586,0, 375, False, 4
1587,0, 375, False, 4
1588,0, 375, False, 4
1589,0, 375, False, 4
1590,0, 375, False, 4
1591,0, 375, False, 4
1592,0, 375, False, 4
1593,0, 375, False, 4
1594,0, 375, False, 1
1595,0, 375, False, 1
1596,0, 375, False, 1
1597,20, 395, False, 1
1598,0, 395, False, 1
1599,0, 395, False, 0
1600,0, 395, False, 0
1601,0, 395, False, 0
1602,0, 395, False, 0
1603,0, 395, False, 0
1604,0, 395, False, 0
1605,0, 395, False, 0
1606,0, 395, False, 1
1607,0, 395, False, 1
1608,0, 395, False, 1
1609,0, 395, False, 1
1610,0, 395, False, 1
1611,0, 395, False, 1
1612,0, 395, False, 1
1613,0, 395, False, 1
1614,0, 395, False, 0
1615,0, 395, False, 0
1616,0, 395, False, 0
1617,0, 395, False, 0
1618,0, 395, False, 0
1619,0, 395, False, 0
1620,0, 395, False, 0
1621,0, 395, False, 4
1622,0, 395, False, 4
1623,0, 395, False, 4
1624,0, 395, False, 4
1625,0, 395, False, 4
1626,0, 395, False, 4
1627,0, 395, False, 4
1628,0, 395, False, 4
1629,0, 395, False, 4
1630,0, 395, False, 4
1631,0, 395, False, 0
1632,0, 395, False, 0
1633,0, 395, False, 0
1634,0, 395, False, 0
1635,0, 395, False, 0
1636,0, 395, False, 0
1637,0, 395, False, 0
1638,0, 395, False, 0
1639,0, 395, False, 0
1640,0, 395, False, 0
1641,0, 395, False, 0
1642,0, 395, False, 0
1643,0, 395, False, 0
1644,0, 395, False, 0
1645,0, 395, False, 4
1646,0, 395, False, 4
1647,0, 395, False, 4
1648,0, 395, False, 4
1649,25, 420, False, 4
1650,0, 420, False, 4
1651,0, 420, False, 4
1652,0, 420, False, 4
1653,0, 420, False, 4
1654,0, 420, False, 4
1655,0, 420, False, 4
1656,0, 420, False, 4
1657,0, 420, False, 4
1658,0, 420, False, 4
1659,0, 420, False, 4
1660,0, 420, False, 4
1661,0, 420, False, 4
1662,0, 420, False, 4
1663,0, 420, False, 4
1664,0, 420, False, 4
1665,0, 420, False, 4
1666,0, 420, False, 12
1667,0, 420, False, 12
1668,0, 420, False, 12
1669,0, 420, False, 12
1670,0, 420, False, 12
1671,0, 420, False, 12
1672,0, 420, False, 12
1673,0, 420, False, 12
1674,0, 420, False, 4
1675,0, 420, False, 4
1676,0, 420, False, 4
1677,0, 420, False, 4
1678,0, 420, False, 4
1679,0, 420, False, 4
1680,0, 420, False, 4
1681,0, 420, False, 12
1682,0, 420, False, 12
1683,0, 420, False, 12
1684,0, 420, False, 12
1685,0, 420, False, 1
1686,0, 420, False, 1
1687,0, 420, False, 1
1688,0, 420, False, 1
1689,0, 420, False, 1
1690,0, 420, False, 0
1691,0, 420, False, 0
1692,0, 420, False, 0
1693,0, 420, False, 0
1694,0, 420, False, 0
1695,0, 420, False, 0
1696,0, 420, False, 1
1697,0, 420, False, 1
1698,0, 420, False, 1
1699,0, 420, False, 1
1700,0, 420, False, 1
1701,0, 420, False, 1
1702,0, 420, False, 1
1703,0, 420, False, 1
1704,0, 420, False, 0
1705,0, 420, False, 0
1706,0, 420, False, 0
1707,0, 420, False, 0
1708,0, 420, False, 0
1709,0, 420, False, 0
1710,0, 420, False, 0
1711,0, 420, False, 0
1712,0, 420, False, 0
1713,0, 420, False, 0
1714,0, 420, False, 0
1715,0, 420, False, 1
1716,0, 420, False, 1
1717,15, 435, False, 1
1718,0, 435, False, 1
1719,0, 435, False, 1
1720,0, 435, False, 1
1721,0, 435, False, 1
1722,0, 435, False, 0
1723,0, 435, False, 0
1724,0, 435, False, 0
1725,0, 435, False, 0
1726,0, 435, False, 0
1727,0, 435, False, 0
1728,0, 435, False, 1
1729,0, 435, False, 1
1730,0, 435, False, 1
1731,0, 435, False, 1
1732,0, 435, False, 1
1733,0, 435, False, 1
1734,0, 435, False, 1
1735,0, 435, False, 1
1736,0, 435, False, 0
1737,0, 435, False, 0
1738,0, 435, False, 0
1739,0, 435, False, 0
1740,0, 435, False, 0
1741,0, 435, False, 0
1742,0, 435, False, 0
1743,0, 435, False, 1
1744,0, 435, False, 1
1745,0, 435, False, 1
1746,0, 435, False, 1
1747,0, 435, False, 1
1748,0, 435, False, 1
1749,0, 435, False, 1
1750,0, 435, False, 0
1751,0, 435, False, 0
1752,0, 435, False, 0
1753,0, 435, False, 0
1754,0, 435, False, 0
1755,0, 435, False, 0
1756,0, 435, False, 1
1757,0, 435, False, 1
1758,0, 435, False, 1
1759,20, 455, False, 1
1760,0, 455, False, 1
1761,0, 455, False, 1
1762,0, 455, False, 1
1763,0, 455, False, 0
1764,0, 455, False, 0
1765,0, 455, False, 0
1766,0, 455, False, 0
1767,0, 455, False, 0
1768,0, 455, False, 0
1769,0, 455, False, 0
1770,0, 455, False, 0
1771,0, 455, False, 1
1772,0, 455, False, 1
1773,0, 455, False, 1
1774,0, 455, False, 1
1775,0, 455, False, 1
1776,0, 455, False, 1
1777,0, 455, False, 1
1778,0, 455, False, 0
1779,0, 455, False, 0
1780,0, 455, False, 0
1781,0, 455, False, 0
1782,0, 455, False, 0
1783,0, 455, False, 0
1784,0, 455, False, 1
1785,0, 455, False, 1
1786,0, 455, False, 1
1787,0, 455, False, 1
1788,0, 455, False, 1
1789,0, 455, False, 1
1790,0, 455, False, 1
1791,0, 455, False, 1
1792,0, 455, False, 0
1793,0, 455, False, 0
1794,0, 455, False, 0
1795,0, 455, False, 0
1796,0, 455, False, 0
1797,0, 455, False, 0
1798,0, 455, False, 0
1799,0, 455, False, 0
1800,0, 455, False, 0
1801,0, 455, False, 0
1802,0, 455, False, 1
1803,0, 455, False, 1
1804,0, 455, False, 1
1805,0, 455, False, 1
1806,0, 455, False, 1
1807,0, 455, False, 0
1808,0, 455, False, 0
1809,0, 455, False, 0
1810,0, 455, False, 0
1811,0, 455, False, 0
1812,0, 455, False, 0
1813,0, 455, False, 0
1814,0, 455, False, 1
1815,0, 455, False, 1
1816,0, 455, False, 1
1817,0, 455, False, 1
1818,0, 455, False, 1
1819,0, 455, False, 1
1820,0, 455, False, 1
1821,0, 455, False, 1
1822,0, 455, False, 0
1823,0, 455, False, 0
1824,0, 455, False, 0
1825,0, 455, False, 0
1826,0, 455, False, 0
1827,0, 455, False, 0
1828,0, 455, False, 0
1829,0, 455, False, 0
1830,0, 455, False, 0
1831,0, 455, False, 1
1832,0, 455, False, 1
1833,0, 455, False, 1
1834,0, 455, False, 1
1835,0, 455, False, 1
1836,0, 455, False, 1
1837,0, 455, False, 1
1838,0, 455, False, 0
1839,0, 455, False, 0
1840,0, 455, False, 0
1841,0, 455, False, 0
1842,0, 455, False, 0
1843,0, 455, False, 0
1844,0, 455, False, 0
1845,0, 455, False, 0
1846,0, 455, False, 1
1847,0, 455, False, 1
1848,0, 455, False, 1
1849,0, 455, False, 1
1850,0, 455, False, 1
1851,0, 455, False, 1
1852,0, 455, False, 1
1853,0, 455, False, 1
1854,0, 455, False, 1
1855,0, 455, False, 0
1856,0, 455, False, 0
1857,0, 455, False, 0
1858,0, 455, False, 0
1859,0, 455, False, 0
1860,0, 455, False, 0
1861,0, 455, False, 0
1862,0, 455, False, 0
1863,0, 455, False, 0
1864,0, 455, False, 0
1865,0, 455, False, 0
1866,0, 455, False, 0
1867,0, 455, False, 0
1868,0, 455, False, 0
1869,0, 455, False, 0
1870,0, 455, False, 3
1871,0, 455, False, 3
1872,0, 455, False, 3
1873,0, 455, False, 3
1874,0, 455, False, 3
1875,0, 455, False, 3
1876,0, 455, False, 3
1877,0, 455, False, 3
1878,0, 455, False, 3
1879,0, 455, False, 3
1880,0, 455, False, 3
1881,0, 455, False, 3
1882,0, 455, False, 3
1883,0, 455, False, 3
1884,0, 455, False, 3
1885,0, 455, False, 3
1886,0, 455, False, 3
1887,0, 455, False, 3
1888,0, 455, False, 3
1889,0, 455, False, 3
1890,0, 455, False, 3
1891,0, 455, False, 3
1892,0, 455, False, 3
1893,0, 455, False, 3
1894,0, 455, False, 3
1895,0, 455, False, 3
1896,0, 455, False, 3
1897,0, 455, False, 3
1898,0, 455, False, 3
1899,0, 455, False, 3
1900,0, 455, False, 3
1901,0, 455, False, 3
1902,0, 455, False, 0
1903,0, 455, False, 0
1904,0, 455, False, 0
1905,0, 455, False, 0
1906,0, 455, False, 0
1907,30, 485, False, 0
1908,0, 485, False, 0
1909,0, 485, False, 0
1910,0, 485, False, 0
1911,0, 485, False, 0
1912,0, 485, False, 0
1913,0, 485, False, 0
1914,0, 485, False, 0
1915,0, 485, False, 0
1916,0, 485, False, 0
1917,0, 485, False, 0
1918,0, 485, False, 0
1919,0, 485, False, 0
1920,0, 485, False, 0
1921,0, 485, False, 0
1922,0, 485, False, 0
1923,0, 485, False, 0
1924,0, 485, False, 0
1925,0, 485, False, 0
1926,0, 485, False, 0
1927,0, 485, False, 0
1928,0, 485, False, 0
1929,0, 485, False, 0
1930,0, 485, False, 0
1931,0, 485, False, 0
1932,0, 485, False, 0
1933,0, 485, False, 0
1934,0, 485, False, 0
1935,0, 485, False, 0
1936,0, 485, False, 0
1937,0, 485, False, 4
1938,0, 485, False, 4
1939,0, 485, False, 4
1940,0, 485, False, 4
1941,0, 485, False, 4
1942,0, 485, False, 4
1943,0, 485, False, 4
1944,0, 485, False, 4
1945,0, 485, False, 0
1946,0, 485, False, 0
1947,0, 485, False, 0
1948,0, 485, False, 0
1949,0, 485, False, 0
1950,0, 485, False, 0
1951,0, 485, False, 0
1952,0, 485, False, 0
1953,0, 485, False, 0
1954,0, 485, False, 0
1955,0, 485, False, 0
1956,0, 485, False, 0
1957,0, 485, False, 0
1958,0, 485, False, 0
1959,0, 485, False, 0
1960,0, 485, False, 0
1961,0, 485, False, 0
1962,0, 485, False, 0
1963,0, 485, False, 0
1964,0, 485, False, 0
1965,0, 485, False, 0
1966,0, 485, False, 0
1967,0, 485, False, 0
1968,0, 485, False, 0
1969,0, 485, False, 0
1970,0, 485, False, 0
1971,0, 485, False, 0
1972,0, 485, False, 0
1973,0, 485, False, 0
1974,0, 485, False, 0
1975,0, 485, False, 0
1976,0, 485, False, 0
1977,0, 485, False, 0
1978,0, 485, False, 0
1979,0, 485, False, 0
1980,0, 485, False, 0
1981,0, 485, False, 0
1982,0, 485, False, 0
1983,0, 485, False, 0
1984,0, 485, False, 0
1985,0, 485, False, 0
1986,0, 485, False, 0
1987,0, 485, False, 0
1988,0, 485, False, 4
1989,0, 485, False, 4
1990,0, 485, False, 4
1991,0, 485, False, 4
1992,0, 485, False, 4
1993,0, 485, False, 4
1994,0, 485, False, 4
1995,0, 485, False, 4
1996,0, 485, False, 4
1997,0, 485, False, 4
1998,0, 485, False, 4
1999,0, 485, False, 4
2000,0, 485, False, 4
2001,0, 485, False, 4
2002,0, 485, False, 4
2003,0, 485, False, 4
2004,0, 485, False, 4
2005,0, 485, False, 4
2006,0, 485, False, 4
2007,0, 485, False, 4
2008,0, 485, False, 4
2009,0, 485, False, 4
2010,0, 485, False, 4
2011,0, 485, False, 4
2012,0, 485, False, 4
2013,0, 485, False, 4
2014,0, 485, False, 4
2015,0, 485, False, 4
2016,0, 485, False, 4
2017,0, 485, False, 4
2018,0, 485, False, 4
2019,0, 485, False, 4
2020,0, 485, False, 4
2021,0, 485, False, 4
2022,0, 485, False, 4
2023,0, 485, False, 4
2024,0, 485, False, 4
2025,0, 485, False, 4
2026,0, 485, False, 4
2027,0, 485, False, 4
2028,0, 485, False, 4
2029,0, 485, False, 4
2030,0, 485, False, 4
2031,0, 485, False, 4
2032,0, 485, False, 4
2033,0, 485, False, 4
2034,0, 485, False, 4
2035,0, 485, False, 4
2036,0, 485, False, 4
2037,0, 485, False, 4
2038,0, 485, False, 4
2039,0, 485, False, 4
2040,0, 485, False, 4
2041,0, 485, False, 4
2042,0, 485, False, 4
2043,0, 485, False, 4
2044,0, 485, False, 4
2045,0, 485, False, 4
2046,0, 485, False, 4
2047,0, 485, False, 4
2048,0, 485, False, 4
2049,0, 485, False, 4
2050,0, 485, False, 4
2051,0, 485, False, 4
2052,0, 485, False, 4
2053,0, 485, False, 4
2054,0, 485, False, 4
2055,0, 485, False, 4
2056,0, 485, False, 4
2057,0, 485, False, 12
2058,0, 485, False, 12
2059,0, 485, False, 1
2060,0, 485, False, 1
2061,0, 485, False, 1
2062,0, 485, False, 1
2063,0, 485, False, 1
2064,0, 485, False, 1
2065,0, 485, False, 1
2066,0, 485, False, 0
2067,5, 490, False, 0
2068,0, 490, False, 0
2069,0, 490, False, 0
2070,0, 490, False, 0
2071,0, 490, False, 0
2072,0, 490, False, 0
2073,0, 490, False, 0
2074,0, 490, False, 0
2075,0, 490, False, 0
2076,0, 490, False, 0
2077,0, 490, False, 0
2078,0, 490, False, 0
2079,0, 490, False, 0
2080,0, 490, False, 0
2081,0, 490, False, 0
2082,0, 490, False, 0
2083,0, 490, False, 0
2084,0, 490, False, 1
2085,0, 490, False, 1
2086,0, 490, False, 1
2087,0, 490, False, 1
2088,0, 490, False, 1
2089,0, 490, False, 1
2090,0, 490, False, 0
2091,0, 490, False, 0
2092,0, 490, False, 4
2093,0, 490, False, 4
2094,0, 490, False, 4
2095,0, 490, False, 4
2096,0, 490, False, 4
2097,0, 490, False, 4
2098,0, 490, False, 4
2099,0, 490, False, 4
2100,0, 490, False, 4
2101,0, 490, False, 4
2102,0, 490, False, 4
2103,0, 490, False, 4
2104,0, 490, False, 4
2105,0, 490, False, 4
2106,0, 490, False, 4
2107,0, 490, False, 4
2108,0, 490, False, 4
2109,0, 490, False, 4
2110,0, 490, False, 4
2111,0, 490, False, 4
2112,0, 490, False, 4
2113,0, 490, False, 0
2114,0, 490, False, 0
2115,0, 490, False, 1
2116,0, 490, False, 1
2117,0, 490, False, 1
2118,0, 490, False, 1
2119,0, 490, False, 1
2120,0, 490, False, 1
2121,0, 490, False, 1
2122,0, 490, False, 0
2123,0, 490, False, 0
2124,0, 490, False, 0
2125,0, 490, False, 0
2126,0, 490, False, 0
2127,0, 490, False, 1
2128,0, 490, False, 1
2129,0, 490, False, 1
2130,0, 490, False, 1
2131,0, 490, False, 1
2132,0, 490, False, 1
2133,0, 490, False, 1
2134,0, 490, False, 1
2135,0, 490, False, 0
2136,0, 490, False, 0
2137,0, 490, False, 0
2138,0, 490, False, 0
2139,0, 490, False, 0
2140,0, 490, False, 0
2141,0, 490, False, 3
2142,0, 490, False, 3
2143,0, 490, False, 3
2144,0, 490, False, 3
2145,0, 490, False, 3
2146,0, 490, False, 3
2147,0, 490, False, 3
2148,0, 490, False, 3
2149,0, 490, False, 3
2150,0, 490, False, 3
2151,0, 490, False, 3
2152,0, 490, False, 3
2153,0, 490, False, 3
2154,0, 490, False, 3
2155,0, 490, False, 3
2156,0, 490, False, 3
2157,0, 490, False, 3
2158,0, 490, False, 3
2159,0, 490, False, 3
2160,0, 490, False, 3
2161,0, 490, False, 3
2162,0, 490, False, 3
2163,0, 490, False, 3
2164,0, 490, False, 3
2165,0, 490, False, 3
2166,0, 490, False, 3
2167,0, 490, False, 3
2168,0, 490, False, 3
2169,0, 490, False, 0
2170,0, 490, False, 0
2171,0, 490, False, 0
2172,0, 490, False, 0
2173,0, 490, False, 0
2174,0, 490, False, 0
2175,0, 490, False, 0
2176,0, 490, False, 0
2177,0, 490, False, 0
2178,0, 490, False, 0
2179,0, 490, False, 0
2180,0, 490, False, 0
2181,0, 490, False, 0
2182,0, 490, False, 1
2183,0, 490, False, 1
2184,0, 490, False, 1
2185,0, 490, False, 1
2186,0, 490, False, 1
2187,0, 490, False, 1
2188,0, 490, False, 1
2189,0, 490, False, 0
2190,0, 490, False, 0
2191,0, 490, False, 0
2192,0, 490, False, 0
2193,0, 490, False, 0
2194,0, 490, False, 0
2195,0, 490, False, 1
2196,0, 490, False, 1
2197,0, 490, False, 1
2198,0, 490, False, 1
2199,0, 490, False, 1
2200,0, 490, False, 1
2201,0, 490, False, 1
2202,0, 490, False, 0
2203,0, 490, False, 0
2204,0, 490, False, 0
2205,0, 490, False, 3
2206,0, 490, False, 3
2207,0, 490, False, 3
2208,0, 490, False, 3
2209,0, 490, False, 3
2210,0, 490, False, 3
2211,0, 490, False, 3
2212,0, 490, False, 3
2213,0, 490, False, 3
2214,0, 490, False, 3
2215,0, 490, False, 3
2216,0, 490, False, 3
2217,0, 490, False, 3
2218,0, 490, False, 3
2219,0, 490, False, 3
2220,0, 490, False, 0
2221,0, 490, False, 0
2222,0, 490, False, 0
2223,0, 490, False, 0
2224,0, 490, False, 0
2225,0, 490, False, 0
2226,0, 490, False, 0
2227,0, 490, False, 0
2228,0, 490, False, 0
2229,0, 490, False, 1
2230,0, 490, False, 1
2231,0, 490, False, 1
2232,0, 490, False, 1
2233,0, 490, False, 1
2234,0, 490, False, 1
2235,0, 490, False, 1
2236,0, 490, False, 1
2237,0, 490, False, 0
2238,0, 490, False, 0
2239,0, 490, False, 0
2240,0, 490, False, 0
2241,0, 490, False, 3
2242,0, 490, False, 3
2243,0, 490, False, 3
2244,0, 490, False, 3
2245,0, 490, False, 3
2246,0, 490, False, 3
2247,0, 490, False, 3
2248,0, 490, False, 3
2249,0, 490, False, 3
2250,0, 490, False, 3
2251,0, 490, False, 3
2252,0, 490, False, 3
2253,0, 490, False, 3
2254,0, 490, False, 3
2255,0, 490, False, 3
2256,0, 490, False, 3
2257,0, 490, False, 3
2258,0, 490, False, 3
2259,0, 490, False, 3
2260,0, 490, False, 3
2261,0, 490, False, 3
2262,0, 490, False, 3
2263,0, 490, False, 3
2264,0, 490, False, 3
2265,0, 490, False, 3
2266,0, 490, False, 3
2267,0, 490, False, 3
2268,0, 490, False, 3
2269,0, 490, False, 3
2270,0, 490, False, 3
2271,0, 490, False, 3
2272,0, 490, False, 3
2273,0, 490, False, 3
2274,0, 490, False, 3
2275,0, 490, False, 3
2276,0, 490, False, 3
2277,0, 490, False, 3
2278,0, 490, False, 3
2279,0, 490, False, 3
2280,0, 490, False, 3
2281,0, 490, False, 3
2282,0, 490, False, 3
2283,0, 490, False, 3
2284,0, 490, False, 3
2285,0, 490, False, 3
2286,0, 490, False, 3
2287,0, 490, False, 1
2288,0, 490, False, 1
2289,0, 490, False, 1
2290,0, 490, False, 1
2291,0, 490, False, 1
2292,0, 490, False, 1
2293,0, 490, False, 1
2294,0, 490, False, 0
2295,0, 490, False, 0
2296,0, 490, False, 0
2297,0, 490, False, 0
2298,0, 490, False, 0
2299,0, 490, False, 0
2300,0, 490, False, 0
2301,0, 490, False, 0
2302,0, 490, False, 0
2303,0, 490, False, 0
2304,0, 490, False, 1
2305,0, 490, False, 1
2306,0, 490, False, 1
2307,0, 490, False, 1
2308,0, 490, False, 1
2309,0, 490, False, 0
2310,0, 490, False, 0
2311,0, 490, False, 0
2312,0, 490, False, 0
2313,0, 490, False, 0
2314,0, 490, False, 0
2315,0, 490, False, 0
2316,0, 490, False, 0
2317,0, 490, False, 1
2318,0, 490, False, 1
2319,0, 490, False, 1
2320,0, 490, False, 1
2321,0, 490, False, 11
2322,0, 490, False, 3
2323,0, 490, False, 3
2324,0, 490, False, 3
2325,0, 490, False, 3
2326,0, 490, False, 3
2327,0, 490, False, 3
2328,0, 490, False, 3
2329,25, 515, False, 3
2330,0, 515, False, 3
2331,0, 515, False, 3
2332,0, 515, False, 3
2333,0, 515, False, 3
2334,0, 515, False, 3
2335,0, 515, False, 3
2336,0, 515, False, 3
2337,0, 515, False, 3
2338,0, 515, False, 3
2339,0, 515, False, 3
2340,0, 515, False, 0
2341,0, 515, False, 0
2342,0, 515, False, 0
2343,0, 515, False, 0
2344,0, 515, False, 0
2345,0, 515, False, 0
2346,0, 515, False, 0
2347,0, 515, False, 0
2348,0, 515, False, 0
2349,0, 515, False, 0
2350,0, 515, False, 0
2351,0, 515, False, 0
2352,0, 515, False, 0
2353,0, 515, False, 0
2354,0, 515, False, 0
2355,0, 515, False, 0
2356,0, 515, False, 0
2357,0, 515, False, 0
2358,0, 515, False, 0
2359,0, 515, False, 1
2360,0, 515, False, 1
2361,0, 515, False, 1
2362,0, 515, False, 1
2363,0, 515, False, 1
2364,0, 515, False, 1
2365,0, 515, False, 1
2366,0, 515, False, 0
2367,0, 515, False, 0
2368,0, 515, False, 0
2369,0, 515, False, 0
2370,0, 515, False, 0
2371,0, 515, False, 0
2372,0, 515, False, 0
2373,0, 515, False, 0
2374,0, 515, False, 3
2375,0, 515, False, 3
2376,0, 515, False, 3
2377,0, 515, False, 3
2378,0, 515, False, 3
2379,0, 515, False, 3
2380,0, 515, False, 3
2381,0, 515, False, 3
2382,0, 515, False, 3
2383,0, 515, False, 3
2384,0, 515, False, 3
2385,0, 515, False, 3
2386,0, 515, False, 3
2387,0, 515, False, 3
2388,0, 515, False, 3
2389,0, 515, False, 3
2390,0, 515, False, 3
2391,0, 515, False, 3
2392,0, 515, False, 3
2393,0, 515, False, 3
2394,0, 515, False, 3
2395,0, 515, False, 0
2396,0, 515, False, 0
2397,0, 515, False, 0
2398,0, 515, False, 0
2399,0, 515, False, 0
2400,0, 515, False, 0
2401,0, 515, False, 0
2402,0, 515, False, 0
2403,0, 515, False, 0
2404,0, 515, False, 0
2405,0, 515, False, 0
2406,0, 515, False, 0
2407,0, 515, False, 0
2408,0, 515, False, 0
2409,0, 515, False, 0
2410,0, 515, False, 0
2411,30, 545, False, 0
2412,0, 545, False, 0
2413,0, 545, False, 3
2414,0, 545, False, 3
2415,0, 545, False, 3
2416,0, 545, False, 3
2417,0, 545, False, 3
2418,0, 545, False, 3
2419,0, 545, False, 3
2420,0, 545, False, 3
2421,0, 545, False, 3
2422,0, 545, False, 3
2423,0, 545, False, 3
2424,0, 545, False, 3
2425,0, 545, False, 3
2426,0, 545, False, 3
2427,0, 545, False, 3
2428,0, 545, False, 3
2429,0, 545, False, 3
2430,0, 545, False, 3
2431,0, 545, False, 3
2432,0, 545, False, 3
2433,0, 545, False, 3
2434,0, 545, False, 3
2435,0, 545, False, 0
2436,0, 545, False, 1
2437,0, 545, False, 1
2438,0, 545, False, 1
2439,0, 545, False, 1
2440,0, 545, False, 1
2441,0, 545, False, 1
2442,0, 545, False, 1
2443,0, 545, False, 1
2444,0, 545, False, 0
2445,0, 545, False, 0
2446,0, 545, False, 0
2447,0, 545, False, 0
2448,0, 545, False, 0
2449,0, 545, False, 0
2450,0, 545, False, 0
2451,0, 545, False, 0
2452,0, 545, False, 0
2453,0, 545, False, 0
2454,0, 545, False, 0
2455,0, 545, False, 0
2456,0, 545, False, 0
2457,0, 545, False, 0
2458,0, 545, False, 0
2459,0, 545, False, 0
2460,0, 545, False, 0
2461,0, 545, False, 0
2462,0, 545, False, 0
2463,0, 545, False, 0
2464,0, 545, False, 0
2465,0, 545, False, 0
2466,0, 545, False, 0
2467,0, 545, False, 0
2468,0, 545, False, 0
2469,0, 545, False, 0
2470,0, 545, False, 0
2471,0, 545, False, 0
2472,0, 545, False, 0
2473,0, 545, False, 0
2474,0, 545, False, 0
2475,0, 545, False, 0
2476,0, 545, False, 0
2477,0, 545, False, 0
2478,0, 545, False, 0
2479,0, 545, False, 0
2480,0, 545, False, 0
2481,0, 545, False, 0
2482,0, 545, False, 0
2483,0, 545, False, 0
2484,0, 545, False, 0
2485,30, 575, False, 0
2486,0, 575, False, 0
2487,0, 575, False, 0
2488,0, 575, False, 0
2489,0, 575, False, 0
2490,0, 575, False, 0
2491,0, 575, False, 0
2492,0, 575, False, 0
2493,0, 575, False, 0
2494,0, 575, False, 0
2495,0, 575, False, 0
2496,0, 575, False, 0
2497,0, 575, False, 0
2498,0, 575, False, 0
2499,0, 575, False, 0
2500,0, 575, False, 0
2501,0, 575, False, 0
2502,0, 575, False, 0
2503,0, 575, False, 0
2504,0, 575, False, 0
2505,0, 575, False, 0
2506,0, 575, False, 0
2507,0, 575, False, 0
2508,0, 575, False, 0
2509,0, 575, False, 0
2510,0, 575, False, 4
2511,0, 575, False, 4
2512,0, 575, False, 4
2513,0, 575, False, 4
2514,0, 575, False, 4
2515,0, 575, False, 4
2516,0, 575, False, 4
2517,0, 575, False, 4
2518,0, 575, False, 4
2519,0, 575, False, 4
2520,0, 575, False, 4
2521,0, 575, False, 4
2522,0, 575, False, 4
2523,0, 575, False, 4
2524,0, 575, False, 4
2525,0, 575, False, 4
2526,0, 575, False, 4
2527,0, 575, False, 4
2528,0, 575, False, 4
2529,0, 575, False, 4
2530,0, 575, False, 4
2531,0, 575, False, 4
2532,0, 575, False, 4
2533,0, 575, False, 4
2534,0, 575, False, 4
2535,0, 575, False, 4
2536,0, 575, False, 4
2537,0, 575, False, 4
2538,0, 575, False, 4
2539,0, 575, False, 4
2540,0, 575, False, 4
2541,0, 575, False, 4
2542,0, 575, False, 4
2543,0, 575, False, 4
2544,0, 575, False, 4
2545,0, 575, False, 4
2546,0, 575, False, 4
2547,0, 575, False, 4
2548,0, 575, False, 4
2549,0, 575, False, 4
2550,0, 575, False, 4
2551,0, 575, False, 4
2552,0, 575, False, 4
2553,0, 575, False, 4
2554,0, 575, False, 4
2555,0, 575, False, 4
2556,0, 575, False, 12
2557,0, 575, False, 12
2558,0, 575, False, 12
2559,0, 575, False, 12
2560,0, 575, False, 12
2561,0, 575, False, 12
2562,0, 575, False, 12
2563,0, 575, False, 4
2564,0, 575, False, 4
2565,0, 575, False, 4
2566,0, 575, False, 4
2567,0, 575, False, 4
2568,0, 575, False, 4
2569,0, 575, False, 4
2570,0, 575, False, 4
2571,0, 575, False, 4
2572,0, 575, False, 4
2573,0, 575, False, 4
2574,0, 575, False, 4
2575,0, 575, False, 4
2576,0, 575, False, 4
2577,0, 575, False, 4
2578,0, 575, False, 4
2579,0, 575, False, 4
2580,0, 575, False, 4
2581,0, 575, False, 4
2582,0, 575, False, 4
2583,0, 575, False, 4
2584,0, 575, False, 4
2585,0, 575, False, 4
2586,0, 575, False, 4
2587,0, 575, False, 4
2588,0, 575, False, 4
2589,0, 575, False, 4
2590,0, 575, False, 12
2591,0, 575, False, 12
2592,0, 575, False, 1
2593,0, 575, False, 1
2594,0, 575, False, 1
2595,0, 575, False, 1
2596,0, 575, False, 1
2597,0, 575, False, 0
2598,0, 575, False, 0
2599,0, 575, False, 0
2600,0, 575, False, 0
2601,0, 575, False, 0
2602,0, 575, False, 0
2603,0, 575, False, 0
2604,0, 575, False, 0
2605,0, 575, False, 0
2606,0, 575, False, 0
2607,0, 575, False, 0
2608,0, 575, False, 0
2609,0, 575, False, 0
2610,0, 575, False, 0
2611,0, 575, False, 0
2612,0, 575, False, 0
2613,0, 575, False, 0
2614,0, 575, False, 0
2615,0, 575, False, 4
2616,0, 575, False, 4
2617,0, 575, False, 4
2618,0, 575, False, 4
2619,0, 575, False, 4
2620,0, 575, False, 4
2621,0, 575, False, 4
2622,0, 575, False, 4
2623,0, 575, False, 4
2624,0, 575, False, 4
2625,0, 575, False, 4
2626,0, 575, False, 4
2627,0, 575, False, 4
2628,0, 575, False, 4
2629,0, 575, False, 4
2630,0, 575, False, 4
2631,0, 575, False, 4
2632,0, 575, False, 4
2633,0, 575, False, 4
2634,0, 575, False, 0
2635,0, 575, False, 1
2636,0, 575, False, 1
2637,0, 575, False, 1
2638,0, 575, False, 1
2639,0, 575, False, 1
2640,0, 575, False, 1
2641,0, 575, False, 1
2642,0, 575, False, 1
2643,0, 575, False, 1
2644,0, 575, False, 0
2645,0, 575, False, 0
2646,0, 575, False, 0
2647,0, 575, False, 0
2648,0, 575, False, 0
2649,0, 575, False, 0
2650,0, 575, False, 0
2651,0, 575, False, 0
2652,0, 575, False, 0
2653,0, 575, False, 0
2654,0, 575, False, 0
2655,0, 575, False, 0
2656,0, 575, False, 0
2657,0, 575, False, 0
2658,0, 575, False, 0
2659,0, 575, False, 0
2660,0, 575, False, 0
2661,0, 575, False, 0
2662,0, 575, False, 0
2663,0, 575, False, 0
2664,0, 575, False, 0
2665,0, 575, False, 0
2666,0, 575, False, 0
2667,0, 575, False, 0
2668,0, 575, False, 0
2669,0, 575, False, 0
2670,0, 575, False, 0
2671,0, 575, False, 0
2672,0, 575, False, 0
2673,0, 575, False, 0
2674,0, 575, False, 0
2675,0, 575, False, 0
2676,0, 575, False, 0
2677,0, 575, False, 0
2678,0, 575, False, 0
2679,0, 575, False, 0
2680,0, 575, False, 0
2681,0, 575, False, 0
2682,0, 575, False, 0
2683,0, 575, False, 0
2684,0, 575, False, 0
2685,0, 575, False, 0
2686,0, 575, False, 0
2687,0, 575, False, 0
2688,0, 575, False, 1
2689,0, 575, False, 1
2690,0, 575, False, 1
2691,0, 575, False, 1
2692,0, 575, False, 1
2693,0, 575, False, 1
2694,0, 575, False, 0
2695,0, 575, False, 0
2696,0, 575, False, 0
2697,0, 575, False, 0
2698,0, 575, False, 0
2699,0, 575, False, 0
2700,0, 575, False, 0
2701,0, 575, False, 0
2702,0, 575, False, 0
2703,0, 575, False, 0
2704,0, 575, False, 0
2705,0, 575, False, 0
2706,0, 575, False, 0
2707,0, 575, False, 1
2708,0, 575, False, 1
2709,0, 575, False, 1
2710,0, 575, False, 1
2711,0, 575, False, 1
2712,0, 575, False, 1
2713,0, 575, False, 0
2714,0, 575, False, 0
2715,0, 575, False, 0
2716,0, 575, False, 0
2717,0, 575, False, 0
2718,0, 575, False, 0
2719,0, 575, False, 0
2720,0, 575, False, 0
2721,0, 575, False, 0
2722,0, 575, False, 0
2723,0, 575, False, 0
2724,0, 575, False, 0
2725,0, 575, False, 0
2726,0, 575, False, 0
2727,0, 575, False, 0
2728,0, 575, False, 1
2729,0, 575, False, 1
2730,0, 575, False, 1
2731,0, 575, False, 1
2732,0, 575, False, 1
2733,0, 575, False, 1
2734,0, 575, False, 1
2735,0, 575, False, 1
2736,0, 575, False, 0
2737,0, 575, False, 0
2738,0, 575, False, 0
2739,0, 575, False, 0
2740,0, 575, False, 0
2741,0, 575, False, 4
2742,0, 575, False, 4
2743,0, 575, False, 4
2744,0, 575, False, 4
2745,0, 575, False, 4
2746,0, 575, False, 4
2747,0, 575, False, 4
2748,0, 575, False, 4
2749,0, 575, False, 4
2750,0, 575, False, 4
2751,0, 575, False, 4
2752,0, 575, False, 4
2753,0, 575, False, 4
2754,0, 575, False, 4
2755,0, 575, False, 4
2756,0, 575, False, 4
2757,0, 575, False, 0
2758,0, 575, False, 0
2759,0, 575, False, 0
2760,0, 575, False, 0
2761,0, 575, False, 0
2762,0, 575, False, 0
2763,25, 600, False, 0
2764,0, 600, False, 0
2765,0, 600, False, 0
2766,0, 600, False, 0
2767,0, 600, False, 0
2768,0, 600, False, 0
2769,0, 600, False, 0
2770,0, 600, False, 0
2771,0, 600, False, 0
2772,0, 600, False, 0
2773,0, 600, False, 0
2774,0, 600, False, 0
2775,0, 600, False, 0
2776,0, 600, False, 0
2777,0, 600, False, 0
2778,0, 600, False, 0
2779,0, 600, False, 0
2780,0, 600, False, 0
2781,0, 600, False, 0
2782,0, 600, False, 0
2783,0, 600, False, 1
2784,0, 600, False, 1
2785,0, 600, False, 1
2786,0, 600, False, 1
2787,0, 600, False, 1
2788,0, 600, False, 1
2789,0, 600, False, 1
2790,0, 600, False, 0
2791,0, 600, False, 0
2792,0, 600, False, 0
2793,0, 600, False, 0
2794,0, 600, False, 0
2795,0, 600, False, 0
2796,0, 600, False, 0
2797,0, 600, False, 0
2798,0, 600, False, 0
2799,0, 600, False, 0
2800,0, 600, False, 0
2801,0, 600, False, 0
2802,0, 600, False, 0
2803,0, 600, False, 0
2804,0, 600, False, 0
2805,0, 600, False, 0
2806,0, 600, False, 0
2807,0, 600, False, 0
2808,0, 600, False, 0
2809,0, 600, False, 0
2810,0, 600, False, 0
2811,0, 600, False, 0
2812,0, 600, False, 0
2813,0, 600, False, 0
2814,0, 600, False, 0
2815,0, 600, False, 0
2816,0, 600, False, 0
2817,0, 600, False, 0
2818,0, 600, False, 0
2819,0, 600, False, 0
2820,0, 600, False, 0
2821,0, 600, False, 0
2822,0, 600, False, 0
2823,0, 600, False, 0
2824,0, 600, False, 0
2825,0, 600, False, 0
2826,0, 600, False, 0
2827,0, 600, False, 0
2828,0, 600, False, 0
2829,30, 630, False, 0
2830,0, 630, False, 0
2831,0, 630, False, 0
2832,0, 630, False, 0
2833,0, 630, False, 0
2834,0, 630, False, 0
2835,0, 630, False, 0
2836,0, 630, False, 4
2837,0, 630, False, 4
2838,0, 630, False, 4
2839,0, 630, False, 4
2840,0, 630, False, 4
2841,0, 630, False, 4
2842,0, 630, False, 4
2843,0, 630, False, 4
2844,0, 630, False, 4
2845,0, 630, False, 4
2846,0, 630, False, 4
2847,0, 630, False, 4
2848,0, 630, False, 4
2849,0, 630, False, 4
2850,0, 630, False, 4
2851,0, 630, False, 4
2852,0, 630, False, 4
2853,0, 630, False, 4
2854,0, 630, False, 4
2855,0, 630, False, 4
2856,0, 630, False, 4
2857,0, 630, False, 4
2858,0, 630, False, 4
2859,0, 630, False, 4
2860,0, 630, False, 4
2861,0, 630, False, 4
2862,0, 630, False, 4
2863,0, 630, False, 4
2864,0, 630, False, 4
2865,0, 630, False, 4
2866,0, 630, False, 4
2867,0, 630, False, 4
2868,0, 630, False, 4
2869,0, 630, False, 4
2870,0, 630, False, 4
2871,0, 630, False, 4
2872,0, 630, False, 4
2873,0, 630, False, 0
2874,0, 630, False, 0
2875,0, 630, False, 0
2876,0, 630, False, 0
2877,0, 630, False, 0
2878,0, 630, False, 0
2879,0, 630, False, 0
2880,0, 630, False, 0
2881,0, 630, False, 0
2882,0, 630, False, 0
2883,0, 630, False, 0
2884,0, 630, False, 0
2885,0, 630, False, 0
2886,0, 630, False, 0
2887,0, 630, False, 0
2888,0, 630, False, 0
2889,0, 630, False, 0
2890,0, 630, False, 0
2891,0, 630, False, 0
2892,0, 630, False, 0
2893,0, 630, False, 0
2894,0, 630, False, 0
2895,0, 630, False, 0
2896,0, 630, False, 0
2897,0, 630, False, 0
2898,0, 630, False, 0
2899,0, 630, False, 0
2900,0, 630, False, 0
2901,0, 630, False, 0
2902,0, 630, False, 0
2903,0, 630, False, 0
2904,0, 630, False, 0
2905,0, 630, False, 0
2906,0, 630, False, 0
2907,0, 630, False, 0
2908,0, 630, False, 0
2909,0, 630, False, 0
2910,0, 630, False, 0
2911,0, 630, False, 0
2912,0, 630, False, 0
2913,0, 630, False, 0
2914,0, 630, False, 0
2915,0, 630, False, 0
2916,0, 630, False, 0
2917,0, 630, False, 0
2918,0, 630, False, 0
2919,0, 630, False, 0
2920,0, 630, False, 0
2921,0, 630, False, 0
2922,0, 630, False, 0
2923,0, 630, False, 0
2924,0, 630, False, 0
2925,0, 630, False, 0
2926,0, 630, False, 0
2927,0, 630, False, 0
2928,0, 630, False, 0
2929,0, 630, False, 0
2930,0, 630, False, 0
2931,0, 630, False, 0
2932,0, 630, False, 1
2933,0, 630, False, 1
2934,0, 630, False, 1
2935,0, 630, False, 1
2936,0, 630, False, 1
2937,0, 630, False, 1
2938,0, 630, False, 1
2939,0, 630, False, 1
2940,0, 630, False, 3
2941,0, 630, False, 3
2942,0, 630, False, 3
2943,0, 630, False, 3
2944,0, 630, False, 3
2945,15, 645, False, 3
2946,0, 645, False, 3
2947,0, 645, False, 3
2948,0, 645, False, 3
2949,0, 645, False, 3
2950,0, 645, False, 3
2951,0, 645, False, 3
2952,0, 645, False, 3
2953,0, 645, False, 3
2954,0, 645, False, 3
2955,0, 645, False, 3
2956,0, 645, False, 3
2957,0, 645, False, 0
2958,0, 645, False, 0
2959,0, 645, False, 0
2960,0, 645, False, 0
2961,0, 645, False, 0
2962,0, 645, False, 0
2963,0, 645, False, 0
2964,0, 645, False, 0
2965,0, 645, False, 0
2966,0, 645, False, 0
2967,0, 645, False, 0
2968,0, 645, False, 0
2969,0, 645, False, 0
2970,0, 645, False, 0
2971,0, 645, False, 0
2972,0, 645, False, 0
2973,0, 645, False, 0
2974,0, 645, False, 0
2975,0, 645, False, 0
2976,0, 645, False, 0
2977,0, 645, False, 0
2978,0, 645, False, 0
2979,0, 645, False, 0
2980,0, 645, False, 0
2981,0, 645, False, 0
2982,0, 645, False, 0
2983,0, 645, False, 0
2984,0, 645, False, 0
2985,0, 645, False, 0
2986,0, 645, False, 0
2987,0, 645, False, 0
2988,0, 645, False, 0
2989,0, 645, False, 0
2990,0, 645, False, 0
2991,0, 645, False, 0
2992,0, 645, False, 0
2993,0, 645, False, 0
2994,0, 645, False, 0
2995,0, 645, False, 0
2996,0, 645, False, 0
2997,0, 645, False, 0
2998,0, 645, False, 0
2999,0, 645, False, 0
3000,0, 645, False, 0
3001,0, 645, False, 0
3002,0, 645, False, 0
3003,0, 645, False, 0
3004,0, 645, False, 0
3005,0, 645, False, 0
3006,0, 645, False, 0
3007,0, 645, False, 0
3008,0, 645, False, 0
3009,0, 645, False, 0
3010,0, 645, False, 0
3011,0, 645, False, 0
3012,0, 645, False, 0
3013,0, 645, False, 0
3014,0, 645, False, 0
3015,0, 645, False, 0
3016,0, 645, False, 0
3017,0, 645, False, 0
3018,0, 645, False, 0
3019,0, 645, False, 0
3020,0, 645, False, 0
3021,0, 645, False, 0
3022,0, 645, False, 0
3023,0, 645, False, 0
3024,0, 645, False, 0
3025,0, 645, False, 0
3026,0, 645, False, 0
3027,0, 645, False, 0
3028,0, 645, False, 0
3029,0, 645, False, 0
3030,0, 645, False, 1
3031,0, 645, False, 1
3032,0, 645, False, 1
3033,10, 655, False, 1
3034,0, 655, False, 1
3035,0, 655, False, 1
3036,0, 655, False, 1
3037,0, 655, False, 11
3038,0, 655, False, 3
3039,0, 655, False, 3
3040,0, 655, False, 3
3041,0, 655, False, 3
3042,0, 655, False, 3
3043,0, 655, False, 3
3044,0, 655, False, 3
3045,0, 655, False, 3
3046,0, 655, False, 3
3047,0, 655, False, 3
3048,0, 655, False, 3
3049,0, 655, False, 3
3050,0, 655, False, 3
3051,0, 655, False, 3
3052,0, 655, False, 3
3053,0, 655, False, 3
3054,0, 655, False, 3
3055,0, 655, False, 3
3056,0, 655, False, 3
3057,20, 675, False, 0
3058,0, 675, False, 0
3059,0, 675, False, 0
3060,0, 675, False, 0
3061,0, 675, False, 0
3062,0, 675, False, 0
3063,0, 675, False, 0
3064,0, 675, False, 0
3065,0, 675, False, 0
3066,0, 675, False, 0
3067,0, 675, False, 0
3068,0, 675, False, 0
3069,0, 675, False, 0
3070,0, 675, False, 0
3071,0, 675, False, 3
3072,0, 675, False, 3
3073,0, 675, False, 3
3074,0, 675, False, 3
3075,0, 675, False, 3
3076,0, 675, False, 3
3077,0, 675, False, 3
3078,0, 675, False, 3
3079,0, 675, False, 3
3080,0, 675, False, 3
3081,0, 675, False, 3
3082,0, 675, False, 3
3083,0, 675, False, 0
3084,0, 675, False, 0
3085,0, 675, False, 0
3086,0, 675, False, 0
3087,0, 675, False, 0
3088,0, 675, False, 0
3089,0, 675, False, 0
3090,0, 675, False, 0
3091,0, 675, False, 0
3092,0, 675, False, 0
3093,0, 675, False, 0
3094,0, 675, False, 0
3095,0, 675, False, 0
3096,0, 675, False, 0
3097,0, 675, False, 0
3098,0, 675, False, 0
3099,0, 675, False, 0
3100,0, 675, False, 0
3101,0, 675, False, 0
3102,0, 675, False, 0
3103,0, 675, False, 0
3104,0, 675, True, 0
