db traj id : 3828
frame,reward,score,terminal, action
0,0, 0, False, 0
1,0, 0, False, 0
2,0, 0, False, 0
3,0, 0, False, 0
4,0, 0, False, 0
5,0, 0, False, 0
6,0, 0, False, 0
7,0, 0, False, 0
8,0, 0, False, 0
9,0, 0, False, 0
10,0, 0, False, 0
11,0, 0, False, 0
12,0, 0, False, 0
13,0, 0, False, 0
14,0, 0, False, 0
15,0, 0, False, 0
16,0, 0, False, 0
17,0, 0, False, 0
18,0, 0, False, 0
19,0, 0, False, 0
20,0, 0, False, 0
21,0, 0, False, 0
22,0, 0, False, 0
23,0, 0, False, 0
24,0, 0, False, 0
25,0, 0, False, 0
26,0, 0, False, 0
27,0, 0, False, 0
28,0, 0, False, 0
29,0, 0, False, 0
30,0, 0, False, 0
31,0, 0, False, 0
32,0, 0, False, 0
33,0, 0, False, 0
34,0, 0, False, 0
35,0, 0, False, 0
36,0, 0, False, 0
37,0, 0, False, 0
38,0, 0, False, 0
39,0, 0, False, 0
40,0, 0, False, 0
41,0, 0, False, 0
42,0, 0, False, 0
43,0, 0, False, 0
44,0, 0, False, 0
45,0, 0, False, 0
46,0, 0, False, 0
47,0, 0, False, 0
48,0, 0, False, 0
49,0, 0, False, 0
50,0, 0, False, 0
51,0, 0, False, 0
52,0, 0, False, 0
53,0, 0, False, 0
54,0, 0, False, 0
55,0, 0, False, 0
56,0, 0, False, 0
57,0, 0, False, 0
58,0, 0, False, 0
59,0, 0, False, 1
60,0, 0, False, 1
61,0, 0, False, 1
62,0, 0, False, 1
63,0, 0, False, 1
64,0, 0, False, 1
65,0, 0, False, 1
66,0, 0, False, 1
67,0, 0, False, 1
68,0, 0, False, 1
69,0, 0, False, 1
70,0, 0, False, 1
71,0, 0, False, 1
72,0, 0, False, 1
73,0, 0, False, 1
74,0, 0, False, 1
75,0, 0, False, 1
76,0, 0, False, 1
77,0, 0, False, 1
78,0, 0, False, 1
79,0, 0, False, 1
80,0, 0, False, 1
81,0, 0, False, 1
82,0, 0, False, 1
83,0, 0, False, 1
84,0, 0, False, 1
85,0, 0, False, 1
86,0, 0, False, 1
87,0, 0, False, 1
88,0, 0, False, 1
89,0, 0, False, 1
90,0, 0, False, 1
91,0, 0, False, 1
92,0, 0, False, 1
93,0, 0, False, 1
94,0, 0, False, 1
95,0, 0, False, 1
96,0, 0, False, 1
97,0, 0, False, 1
98,0, 0, False, 1
99,0, 0, False, 1
100,0, 0, False, 1
101,0, 0, False, 1
102,0, 0, False, 1
103,0, 0, False, 1
104,0, 0, False, 1
105,0, 0, False, 1
106,0, 0, False, 1
107,0, 0, False, 1
108,0, 0, False, 1
109,0, 0, False, 1
110,0, 0, False, 1
111,0, 0, False, 1
112,0, 0, False, 1
113,0, 0, False, 1
114,0, 0, False, 1
115,0, 0, False, 1
116,0, 0, False, 1
117,0, 0, False, 1
118,0, 0, False, 1
119,0, 0, False, 1
120,0, 0, False, 1
121,0, 0, False, 1
122,0, 0, False, 1
123,0, 0, False, 1
124,0, 0, False, 1
125,0, 0, False, 1
126,0, 0, False, 1
127,0, 0, False, 1
128,0, 0, False, 1
129,0, 0, False, 1
130,0, 0, False, 0
131,0, 0, False, 0
132,0, 0, False, 0
133,0, 0, False, 0
134,0, 0, False, 0
135,0, 0, False, 0
136,0, 0, False, 0
137,0, 0, False, 0
138,0, 0, False, 0
139,0, 0, False, 0
140,0, 0, False, 0
141,0, 0, False, 0
142,0, 0, False, 0
143,0, 0, False, 0
144,0, 0, False, 0
145,0, 0, False, 0
146,0, 0, False, 0
147,0, 0, False, 0
148,0, 0, False, 0
149,0, 0, False, 0
150,0, 0, False, 0
151,0, 0, False, 0
152,0, 0, False, 0
153,0, 0, False, 0
154,0, 0, False, 0
155,0, 0, False, 0
156,0, 0, False, 0
157,0, 0, False, 0
158,0, 0, False, 0
159,0, 0, False, 0
160,0, 0, False, 0
161,0, 0, False, 0
162,0, 0, False, 0
163,0, 0, False, 0
164,0, 0, False, 0
165,0, 0, False, 3
166,0, 0, False, 3
167,0, 0, False, 3
168,0, 0, False, 3
169,0, 0, False, 3
170,0, 0, False, 3
171,0, 0, False, 3
172,0, 0, False, 3
173,0, 0, False, 3
174,0, 0, False, 3
175,0, 0, False, 3
176,0, 0, False, 3
177,0, 0, False, 3
178,0, 0, False, 3
179,0, 0, False, 3
180,0, 0, False, 3
181,0, 0, False, 3
182,0, 0, False, 3
183,0, 0, False, 3
184,0, 0, False, 3
185,0, 0, False, 3
186,0, 0, False, 3
187,0, 0, False, 3
188,0, 0, False, 3
189,0, 0, False, 3
190,0, 0, False, 3
191,0, 0, False, 3
192,0, 0, False, 3
193,0, 0, False, 3
194,0, 0, False, 3
195,0, 0, False, 3
196,0, 0, False, 3
197,0, 0, False, 3
198,0, 0, False, 3
199,0, 0, False, 3
200,0, 0, False, 3
201,0, 0, False, 3
202,0, 0, False, 3
203,0, 0, False, 3
204,0, 0, False, 3
205,0, 0, False, 3
206,0, 0, False, 3
207,0, 0, False, 3
208,0, 0, False, 3
209,0, 0, False, 3
210,0, 0, False, 3
211,0, 0, False, 3
212,0, 0, False, 3
213,0, 0, False, 3
214,0, 0, False, 3
215,0, 0, False, 3
216,0, 0, False, 3
217,0, 0, False, 3
218,0, 0, False, 3
219,0, 0, False, 3
220,0, 0, False, 0
221,0, 0, False, 0
222,0, 0, False, 0
223,0, 0, False, 0
224,0, 0, False, 1
225,0, 0, False, 1
226,0, 0, False, 1
227,0, 0, False, 1
228,0, 0, False, 1
229,0, 0, False, 1
230,0, 0, False, 1
231,0, 0, False, 1
232,0, 0, False, 1
233,0, 0, False, 1
234,0, 0, False, 1
235,0, 0, False, 1
236,0, 0, False, 1
237,0, 0, False, 1
238,0, 0, False, 1
239,0, 0, False, 1
240,0, 0, False, 1
241,0, 0, False, 1
242,0, 0, False, 1
243,0, 0, False, 1
244,0, 0, False, 1
245,0, 0, False, 1
246,0, 0, False, 1
247,0, 0, False, 1
248,0, 0, False, 1
249,0, 0, False, 1
250,0, 0, False, 1
251,0, 0, False, 1
252,0, 0, False, 1
253,0, 0, False, 1
254,0, 0, False, 1
255,0, 0, False, 1
256,0, 0, False, 1
257,0, 0, False, 1
258,0, 0, False, 1
259,10, 10, False, 1
260,0, 10, False, 1
261,0, 10, False, 1
262,0, 10, False, 1
263,0, 10, False, 1
264,0, 10, False, 1
265,0, 10, False, 1
266,0, 10, False, 1
267,0, 10, False, 1
268,0, 10, False, 1
269,0, 10, False, 1
270,0, 10, False, 1
271,0, 10, False, 1
272,0, 10, False, 1
273,0, 10, False, 1
274,0, 10, False, 1
275,0, 10, False, 1
276,0, 10, False, 1
277,0, 10, False, 1
278,0, 10, False, 1
279,0, 10, False, 1
280,0, 10, False, 1
281,0, 10, False, 1
282,0, 10, False, 1
283,0, 10, False, 1
284,0, 10, False, 1
285,5, 15, False, 1
286,0, 15, False, 1
287,0, 15, False, 1
288,0, 15, False, 1
289,0, 15, False, 1
290,0, 15, False, 1
291,0, 15, False, 1
292,0, 15, False, 1
293,0, 15, False, 1
294,0, 15, False, 1
295,0, 15, False, 1
296,0, 15, False, 1
297,0, 15, False, 1
298,0, 15, False, 1
299,0, 15, False, 1
300,0, 15, False, 1
301,0, 15, False, 1
302,0, 15, False, 1
303,0, 15, False, 1
304,0, 15, False, 1
305,0, 15, False, 1
306,0, 15, False, 1
307,0, 15, False, 1
308,0, 15, False, 1
309,0, 15, False, 1
310,0, 15, False, 1
311,0, 15, False, 1
312,0, 15, False, 1
313,0, 15, False, 1
314,0, 15, False, 1
315,0, 15, False, 1
316,0, 15, False, 1
317,0, 15, False, 1
318,0, 15, False, 1
319,0, 15, False, 1
320,0, 15, False, 1
321,0, 15, False, 1
322,0, 15, False, 1
323,0, 15, False, 1
324,0, 15, False, 1
325,0, 15, False, 1
326,0, 15, False, 1
327,0, 15, False, 1
328,0, 15, False, 1
329,15, 30, False, 1
330,0, 30, False, 1
331,0, 30, False, 1
332,0, 30, False, 1
333,0, 30, False, 1
334,0, 30, False, 1
335,0, 30, False, 1
336,0, 30, False, 1
337,0, 30, False, 1
338,0, 30, False, 1
339,0, 30, False, 1
340,0, 30, False, 1
341,0, 30, False, 1
342,0, 30, False, 1
343,0, 30, False, 1
344,0, 30, False, 1
345,0, 30, False, 1
346,0, 30, False, 1
347,0, 30, False, 1
348,0, 30, False, 1
349,0, 30, False, 1
350,0, 30, False, 1
351,0, 30, False, 11
352,0, 30, False, 11
353,0, 30, False, 11
354,0, 30, False, 11
355,0, 30, False, 11
356,0, 30, False, 11
357,0, 30, False, 11
358,0, 30, False, 11
359,0, 30, False, 11
360,0, 30, False, 11
361,0, 30, False, 11
362,0, 30, False, 11
363,0, 30, False, 11
364,0, 30, False, 11
365,0, 30, False, 11
366,0, 30, False, 11
367,0, 30, False, 11
368,0, 30, False, 11
369,0, 30, False, 11
370,0, 30, False, 11
371,0, 30, False, 11
372,0, 30, False, 11
373,0, 30, False, 11
374,0, 30, False, 11
375,0, 30, False, 11
376,0, 30, False, 11
377,0, 30, False, 11
378,0, 30, False, 11
379,0, 30, False, 11
380,0, 30, False, 11
381,0, 30, False, 11
382,0, 30, False, 11
383,20, 50, False, 11
384,0, 50, False, 11
385,0, 50, False, 11
386,0, 50, False, 11
387,0, 50, False, 11
388,0, 50, False, 11
389,0, 50, False, 11
390,0, 50, False, 11
391,0, 50, False, 11
392,0, 50, False, 11
393,0, 50, False, 1
394,0, 50, False, 1
395,0, 50, False, 1
396,0, 50, False, 1
397,0, 50, False, 1
398,0, 50, False, 1
399,0, 50, False, 1
400,0, 50, False, 1
401,0, 50, False, 1
402,0, 50, False, 1
403,0, 50, False, 1
404,0, 50, False, 1
405,0, 50, False, 1
406,0, 50, False, 1
407,0, 50, False, 1
408,0, 50, False, 1
409,5, 55, False, 1
410,0, 55, False, 1
411,0, 55, False, 1
412,0, 55, False, 1
413,0, 55, False, 1
414,0, 55, False, 1
415,0, 55, False, 1
416,0, 55, False, 1
417,0, 55, False, 1
418,0, 55, False, 1
419,0, 55, False, 1
420,0, 55, False, 1
421,0, 55, False, 1
422,0, 55, False, 1
423,0, 55, False, 1
424,0, 55, False, 1
425,0, 55, False, 1
426,0, 55, False, 1
427,0, 55, False, 1
428,0, 55, False, 1
429,0, 55, False, 1
430,0, 55, False, 1
431,0, 55, False, 1
432,0, 55, False, 1
433,0, 55, False, 1
434,0, 55, False, 1
435,0, 55, False, 1
436,0, 55, False, 1
437,0, 55, False, 1
438,0, 55, False, 1
439,0, 55, False, 1
440,0, 55, False, 1
441,0, 55, False, 1
442,0, 55, False, 1
443,10, 65, False, 1
444,0, 65, False, 1
445,0, 65, False, 1
446,0, 65, False, 1
447,0, 65, False, 1
448,0, 65, False, 1
449,0, 65, False, 1
450,0, 65, False, 1
451,0, 65, False, 1
452,0, 65, False, 1
453,0, 65, False, 1
454,0, 65, False, 1
455,0, 65, False, 1
456,0, 65, False, 1
457,0, 65, False, 1
458,0, 65, False, 1
459,0, 65, False, 1
460,0, 65, False, 1
461,0, 65, False, 1
462,0, 65, False, 1
463,0, 65, False, 1
464,0, 65, False, 1
465,0, 65, False, 1
466,0, 65, False, 1
467,0, 65, False, 1
468,0, 65, False, 1
469,0, 65, False, 1
470,0, 65, False, 1
471,0, 65, False, 1
472,0, 65, False, 1
473,0, 65, False, 1
474,0, 65, False, 1
475,0, 65, False, 1
476,0, 65, False, 1
477,0, 65, False, 1
478,0, 65, False, 1
479,0, 65, False, 1
480,0, 65, False, 1
481,0, 65, False, 1
482,0, 65, False, 1
483,0, 65, False, 1
484,0, 65, False, 1
485,0, 65, False, 1
486,0, 65, False, 1
487,15, 80, False, 1
488,0, 80, False, 1
489,0, 80, False, 1
490,0, 80, False, 1
491,0, 80, False, 1
492,0, 80, False, 1
493,0, 80, False, 1
494,0, 80, False, 1
495,0, 80, False, 1
496,0, 80, False, 1
497,0, 80, False, 1
498,0, 80, False, 1
499,0, 80, False, 1
500,0, 80, False, 1
501,0, 80, False, 1
502,0, 80, False, 1
503,0, 80, False, 1
504,0, 80, False, 1
505,0, 80, False, 1
506,0, 80, False, 1
507,0, 80, False, 1
508,0, 80, False, 1
509,0, 80, False, 1
510,0, 80, False, 1
511,0, 80, False, 1
512,0, 80, False, 1
513,0, 80, False, 1
514,0, 80, False, 1
515,0, 80, False, 1
516,0, 80, False, 1
517,0, 80, False, 1
518,0, 80, False, 1
519,0, 80, False, 1
520,0, 80, False, 1
521,0, 80, False, 1
522,0, 80, False, 1
523,0, 80, False, 1
524,0, 80, False, 1
525,0, 80, False, 1
526,0, 80, False, 1
527,0, 80, False, 1
528,0, 80, False, 11
529,0, 80, False, 11
530,0, 80, False, 11
531,0, 80, False, 11
532,0, 80, False, 11
533,0, 80, False, 11
534,0, 80, False, 11
535,0, 80, False, 11
536,0, 80, False, 11
537,0, 80, False, 11
538,0, 80, False, 11
539,0, 80, False, 11
540,0, 80, False, 11
541,20, 100, False, 11
542,0, 100, False, 11
543,0, 100, False, 11
544,0, 100, False, 11
545,0, 100, False, 11
546,0, 100, False, 11
547,0, 100, False, 11
548,0, 100, False, 11
549,0, 100, False, 11
550,0, 100, False, 11
551,0, 100, False, 11
552,0, 100, False, 11
553,0, 100, False, 11
554,0, 100, False, 11
555,0, 100, False, 11
556,0, 100, False, 11
557,0, 100, False, 11
558,0, 100, False, 11
559,0, 100, False, 11
560,0, 100, False, 11
561,0, 100, False, 11
562,0, 100, False, 11
563,0, 100, False, 11
564,0, 100, False, 11
565,0, 100, False, 11
566,0, 100, False, 11
567,0, 100, False, 11
568,0, 100, False, 11
569,0, 100, False, 11
570,0, 100, False, 11
571,0, 100, False, 11
572,0, 100, False, 11
573,0, 100, False, 11
574,0, 100, False, 11
575,0, 100, False, 11
576,0, 100, False, 11
577,0, 100, False, 11
578,0, 100, False, 11
579,0, 100, False, 11
580,0, 100, False, 11
581,0, 100, False, 11
582,0, 100, False, 11
583,0, 100, False, 11
584,0, 100, False, 11
585,0, 100, False, 11
586,0, 100, False, 1
587,0, 100, False, 1
588,0, 100, False, 1
589,0, 100, False, 1
590,0, 100, False, 1
591,0, 100, False, 1
592,0, 100, False, 1
593,0, 100, False, 1
594,0, 100, False, 1
595,0, 100, False, 1
596,0, 100, False, 1
597,0, 100, False, 1
598,0, 100, False, 1
599,0, 100, False, 1
600,0, 100, False, 1
601,0, 100, False, 1
602,0, 100, False, 1
603,0, 100, False, 1
604,0, 100, False, 1
605,0, 100, False, 1
606,0, 100, False, 1
607,0, 100, False, 1
608,0, 100, False, 1
609,0, 100, False, 1
610,0, 100, False, 1
611,0, 100, False, 1
612,0, 100, False, 1
613,0, 100, False, 1
614,0, 100, False, 1
615,0, 100, False, 1
616,0, 100, False, 1
617,0, 100, False, 1
618,0, 100, False, 1
619,0, 100, False, 1
620,0, 100, False, 1
621,0, 100, False, 1
622,0, 100, False, 1
623,0, 100, False, 1
624,0, 100, False, 1
625,0, 100, False, 1
626,0, 100, False, 1
627,0, 100, False, 1
628,0, 100, False, 1
629,0, 100, False, 1
630,0, 100, False, 1
631,0, 100, False, 1
632,0, 100, False, 1
633,0, 100, False, 1
634,0, 100, False, 1
635,0, 100, False, 1
636,0, 100, False, 1
637,0, 100, False, 1
638,0, 100, False, 1
639,0, 100, False, 1
640,0, 100, False, 1
641,0, 100, False, 1
642,0, 100, False, 1
643,0, 100, False, 1
644,0, 100, False, 1
645,0, 100, False, 1
646,0, 100, False, 1
647,0, 100, False, 1
648,0, 100, False, 1
649,0, 100, False, 1
650,0, 100, False, 1
651,0, 100, False, 1
652,0, 100, False, 1
653,0, 100, False, 1
654,0, 100, False, 1
655,0, 100, False, 1
656,0, 100, False, 1
657,0, 100, False, 1
658,0, 100, False, 1
659,0, 100, False, 1
660,0, 100, False, 1
661,0, 100, False, 11
662,0, 100, False, 11
663,0, 100, False, 11
664,0, 100, False, 11
665,0, 100, False, 11
666,0, 100, False, 11
667,0, 100, False, 11
668,0, 100, False, 11
669,0, 100, False, 11
670,0, 100, False, 11
671,0, 100, False, 11
672,0, 100, False, 11
673,0, 100, False, 11
674,0, 100, False, 11
675,0, 100, False, 11
676,0, 100, False, 11
677,0, 100, False, 11
678,0, 100, False, 11
679,0, 100, False, 11
680,0, 100, False, 11
681,0, 100, False, 11
682,0, 100, False, 11
683,0, 100, False, 11
684,0, 100, False, 11
685,0, 100, False, 11
686,0, 100, False, 11
687,0, 100, False, 11
688,0, 100, False, 1
689,0, 100, False, 1
690,0, 100, False, 1
691,0, 100, False, 1
692,0, 100, False, 1
693,0, 100, False, 1
694,0, 100, False, 1
695,0, 100, False, 1
696,0, 100, False, 1
697,0, 100, False, 1
698,0, 100, False, 12
699,0, 100, False, 12
700,0, 100, False, 12
701,0, 100, False, 12
702,0, 100, False, 12
703,0, 100, False, 12
704,0, 100, False, 12
705,0, 100, False, 12
706,0, 100, False, 1
707,0, 100, False, 1
708,0, 100, False, 1
709,0, 100, False, 1
710,0, 100, False, 1
711,0, 100, False, 1
712,0, 100, False, 1
713,0, 100, False, 1
714,0, 100, False, 1
715,0, 100, False, 1
716,0, 100, False, 1
717,0, 100, False, 1
718,0, 100, False, 1
719,0, 100, False, 1
720,0, 100, False, 1
721,0, 100, False, 1
722,0, 100, False, 1
723,0, 100, False, 1
724,0, 100, False, 1
725,0, 100, False, 1
726,0, 100, False, 1
727,0, 100, False, 1
728,0, 100, False, 1
729,0, 100, False, 1
730,0, 100, False, 1
731,0, 100, False, 1
732,0, 100, False, 1
733,0, 100, False, 1
734,0, 100, False, 1
735,0, 100, False, 1
736,0, 100, False, 1
737,0, 100, False, 1
738,0, 100, False, 1
739,0, 100, False, 1
740,0, 100, False, 1
741,0, 100, False, 1
742,0, 100, False, 1
743,0, 100, False, 1
744,0, 100, False, 1
745,0, 100, False, 1
746,0, 100, False, 1
747,0, 100, False, 1
748,0, 100, False, 1
749,0, 100, False, 1
750,0, 100, False, 1
751,0, 100, False, 1
752,0, 100, False, 1
753,0, 100, False, 1
754,0, 100, False, 1
755,0, 100, False, 1
756,0, 100, False, 1
757,0, 100, False, 1
758,0, 100, False, 1
759,0, 100, False, 1
760,0, 100, False, 1
761,0, 100, False, 1
762,0, 100, False, 1
763,0, 100, False, 1
764,0, 100, False, 1
765,0, 100, False, 1
766,0, 100, False, 1
767,0, 100, False, 1
768,0, 100, False, 1
769,0, 100, False, 1
770,0, 100, False, 1
771,0, 100, False, 1
772,0, 100, False, 1
773,0, 100, False, 1
774,0, 100, False, 1
775,0, 100, False, 1
776,0, 100, False, 1
777,0, 100, False, 1
778,0, 100, False, 1
779,0, 100, False, 1
780,0, 100, False, 1
781,0, 100, False, 1
782,0, 100, False, 1
783,0, 100, False, 1
784,0, 100, False, 1
785,0, 100, False, 1
786,0, 100, False, 1
787,0, 100, False, 1
788,0, 100, False, 1
789,0, 100, False, 1
790,0, 100, False, 1
791,0, 100, False, 1
792,0, 100, False, 1
793,0, 100, False, 1
794,0, 100, False, 1
795,0, 100, False, 1
796,0, 100, False, 1
797,0, 100, False, 1
798,0, 100, False, 1
799,0, 100, False, 1
800,0, 100, False, 1
801,0, 100, False, 1
802,0, 100, False, 1
803,0, 100, False, 1
804,0, 100, False, 1
805,0, 100, False, 1
806,0, 100, False, 1
807,0, 100, False, 1
808,0, 100, False, 1
809,0, 100, False, 1
810,0, 100, False, 1
811,0, 100, False, 1
812,0, 100, False, 1
813,0, 100, False, 1
814,0, 100, False, 1
815,0, 100, False, 1
816,0, 100, False, 1
817,0, 100, False, 1
818,0, 100, False, 1
819,0, 100, False, 1
820,0, 100, False, 1
821,0, 100, False, 1
822,0, 100, False, 1
823,0, 100, False, 1
824,0, 100, False, 1
825,0, 100, False, 1
826,0, 100, False, 1
827,0, 100, False, 1
828,0, 100, False, 1
829,0, 100, False, 1
830,0, 100, False, 1
831,0, 100, False, 1
832,0, 100, False, 1
833,10, 110, False, 1
834,0, 110, False, 1
835,0, 110, False, 1
836,0, 110, False, 1
837,0, 110, False, 1
838,0, 110, False, 1
839,0, 110, False, 1
840,0, 110, False, 1
841,0, 110, False, 1
842,0, 110, False, 1
843,0, 110, False, 1
844,0, 110, False, 1
845,0, 110, False, 1
846,0, 110, False, 1
847,0, 110, False, 1
848,0, 110, False, 1
849,0, 110, False, 1
850,0, 110, False, 1
851,0, 110, False, 1
852,0, 110, False, 1
853,0, 110, False, 1
854,0, 110, False, 1
855,0, 110, False, 1
856,0, 110, False, 1
857,0, 110, False, 1
858,0, 110, False, 1
859,5, 115, False, 1
860,0, 115, False, 1
861,0, 115, False, 1
862,0, 115, False, 1
863,0, 115, False, 1
864,0, 115, False, 1
865,0, 115, False, 1
866,0, 115, False, 1
867,0, 115, False, 1
868,0, 115, False, 1
869,0, 115, False, 1
870,0, 115, False, 1
871,0, 115, False, 1
872,0, 115, False, 1
873,0, 115, False, 1
874,0, 115, False, 1
875,0, 115, False, 1
876,0, 115, False, 1
877,0, 115, False, 1
878,0, 115, False, 1
879,0, 115, False, 1
880,0, 115, False, 1
881,0, 115, False, 1
882,0, 115, False, 1
883,0, 115, False, 1
884,0, 115, False, 1
885,0, 115, False, 1
886,0, 115, False, 1
887,0, 115, False, 1
888,0, 115, False, 1
889,0, 115, False, 1
890,0, 115, False, 1
891,0, 115, False, 1
892,0, 115, False, 1
893,0, 115, False, 1
894,0, 115, False, 1
895,0, 115, False, 1
896,0, 115, False, 1
897,0, 115, False, 1
898,0, 115, False, 1
899,0, 115, False, 1
900,0, 115, False, 1
901,0, 115, False, 1
902,0, 115, False, 1
903,15, 130, False, 1
904,0, 130, False, 1
905,0, 130, False, 1
906,0, 130, False, 1
907,0, 130, False, 1
908,0, 130, False, 1
909,0, 130, False, 1
910,0, 130, False, 1
911,0, 130, False, 1
912,0, 130, False, 1
913,0, 130, False, 1
914,0, 130, False, 1
915,0, 130, False, 1
916,0, 130, False, 1
917,0, 130, False, 1
918,0, 130, False, 1
919,0, 130, False, 1
920,0, 130, False, 1
921,0, 130, False, 1
922,0, 130, False, 1
923,0, 130, False, 1
924,0, 130, False, 1
925,0, 130, False, 1
926,0, 130, False, 1
927,0, 130, False, 1
928,0, 130, False, 1
929,0, 130, False, 1
930,0, 130, False, 1
931,0, 130, False, 1
932,0, 130, False, 1
933,0, 130, False, 1
934,0, 130, False, 1
935,0, 130, False, 1
936,0, 130, False, 1
937,0, 130, False, 1
938,0, 130, False, 1
939,0, 130, False, 1
940,0, 130, False, 1
941,0, 130, False, 1
942,0, 130, False, 1
943,0, 130, False, 1
944,0, 130, False, 1
945,0, 130, False, 1
946,0, 130, False, 1
947,0, 130, False, 1
948,0, 130, False, 1
949,0, 130, False, 1
950,0, 130, False, 1
951,0, 130, False, 1
952,0, 130, False, 1
953,0, 130, False, 1
954,0, 130, False, 1
955,0, 130, False, 1
956,0, 130, False, 1
957,20, 150, False, 1
958,0, 150, False, 1
959,0, 150, False, 1
960,0, 150, False, 1
961,0, 150, False, 1
962,0, 150, False, 1
963,0, 150, False, 1
964,0, 150, False, 1
965,0, 150, False, 1
966,0, 150, False, 1
967,0, 150, False, 1
968,0, 150, False, 1
969,0, 150, False, 1
970,0, 150, False, 1
971,0, 150, False, 1
972,0, 150, False, 1
973,0, 150, False, 1
974,0, 150, False, 1
975,0, 150, False, 1
976,0, 150, False, 1
977,0, 150, False, 1
978,0, 150, False, 1
979,0, 150, False, 1
980,0, 150, False, 1
981,0, 150, False, 1
982,0, 150, False, 1
983,0, 150, False, 1
984,0, 150, False, 1
985,0, 150, False, 1
986,0, 150, False, 1
987,0, 150, False, 1
988,0, 150, False, 1
989,0, 150, False, 1
990,0, 150, False, 1
991,0, 150, False, 1
992,0, 150, False, 1
993,0, 150, False, 1
994,0, 150, False, 1
995,0, 150, False, 1
996,0, 150, False, 1
997,0, 150, False, 1
998,0, 150, False, 1
999,0, 150, False, 1
1000,0, 150, False, 1
1001,0, 150, False, 1
1002,0, 150, False, 1
1003,0, 150, False, 1
1004,0, 150, False, 1
1005,0, 150, False, 1
1006,0, 150, False, 1
1007,0, 150, False, 1
1008,0, 150, False, 1
1009,0, 150, False, 1
1010,0, 150, False, 1
1011,0, 150, False, 1
1012,0, 150, False, 1
1013,0, 150, False, 1
1014,0, 150, False, 1
1015,25, 175, False, 1
1016,0, 175, False, 1
1017,0, 175, False, 1
1018,0, 175, False, 1
1019,0, 175, False, 1
1020,0, 175, False, 1
1021,0, 175, False, 1
1022,0, 175, False, 1
1023,0, 175, False, 1
1024,0, 175, False, 1
1025,0, 175, False, 1
1026,0, 175, False, 1
1027,0, 175, False, 1
1028,0, 175, False, 1
1029,0, 175, False, 1
1030,0, 175, False, 1
1031,0, 175, False, 1
1032,0, 175, False, 11
1033,0, 175, False, 11
1034,0, 175, False, 11
1035,0, 175, False, 11
1036,0, 175, False, 11
1037,0, 175, False, 11
1038,0, 175, False, 11
1039,0, 175, False, 11
1040,0, 175, False, 11
1041,0, 175, False, 11
1042,0, 175, False, 11
1043,0, 175, False, 11
1044,0, 175, False, 11
1045,0, 175, False, 11
1046,0, 175, False, 11
1047,0, 175, False, 11
1048,0, 175, False, 11
1049,0, 175, False, 11
1050,0, 175, False, 11
1051,0, 175, False, 11
1052,0, 175, False, 11
1053,0, 175, False, 11
1054,0, 175, False, 11
1055,0, 175, False, 11
1056,0, 175, False, 11
1057,0, 175, False, 11
1058,0, 175, False, 11
1059,0, 175, False, 11
1060,0, 175, False, 11
1061,0, 175, False, 11
1062,0, 175, False, 11
1063,0, 175, False, 11
1064,0, 175, False, 11
1065,0, 175, False, 11
1066,0, 175, False, 11
1067,0, 175, False, 11
1068,0, 175, False, 11
1069,0, 175, False, 11
1070,0, 175, False, 11
1071,0, 175, False, 11
1072,0, 175, False, 11
1073,0, 175, False, 11
1074,0, 175, False, 11
1075,0, 175, False, 11
1076,0, 175, False, 11
1077,0, 175, False, 11
1078,0, 175, False, 11
1079,0, 175, False, 11
1080,0, 175, False, 11
1081,30, 205, False, 11
1082,0, 205, False, 11
1083,0, 205, False, 11
1084,0, 205, False, 11
1085,0, 205, False, 11
1086,0, 205, False, 11
1087,0, 205, False, 11
1088,0, 205, False, 11
1089,0, 205, False, 11
1090,0, 205, False, 11
1091,0, 205, False, 11
1092,0, 205, False, 11
1093,0, 205, False, 11
1094,0, 205, False, 11
1095,0, 205, False, 11
1096,0, 205, False, 11
1097,0, 205, False, 11
1098,0, 205, False, 11
1099,0, 205, False, 11
1100,0, 205, False, 11
1101,0, 205, False, 11
1102,0, 205, False, 11
1103,0, 205, False, 11
1104,0, 205, False, 11
1105,0, 205, False, 11
1106,0, 205, False, 11
1107,0, 205, False, 11
1108,0, 205, False, 11
1109,0, 205, False, 11
1110,0, 205, False, 11
1111,0, 205, False, 11
1112,0, 205, False, 11
1113,0, 205, False, 11
1114,0, 205, False, 11
1115,0, 205, False, 11
1116,0, 205, False, 11
1117,0, 205, False, 11
1118,0, 205, False, 11
1119,0, 205, False, 11
1120,0, 205, False, 11
1121,0, 205, False, 11
1122,0, 205, False, 11
1123,0, 205, False, 11
1124,0, 205, False, 11
1125,0, 205, False, 11
1126,0, 205, False, 11
1127,0, 205, False, 11
1128,0, 205, False, 11
1129,0, 205, False, 11
1130,0, 205, False, 11
1131,0, 205, False, 11
1132,0, 205, False, 11
1133,0, 205, False, 11
1134,0, 205, False, 11
1135,0, 205, False, 11
1136,0, 205, False, 11
1137,0, 205, False, 11
1138,0, 205, False, 11
1139,0, 205, False, 11
1140,0, 205, False, 11
1141,0, 205, False, 11
1142,0, 205, False, 11
1143,0, 205, False, 11
1144,0, 205, False, 11
1145,0, 205, False, 11
1146,0, 205, False, 11
1147,0, 205, False, 11
1148,0, 205, False, 11
1149,0, 205, False, 11
1150,0, 205, False, 11
1151,0, 205, False, 11
1152,0, 205, False, 11
1153,0, 205, False, 11
1154,0, 205, False, 11
1155,0, 205, False, 11
1156,0, 205, False, 11
1157,0, 205, False, 11
1158,0, 205, False, 11
1159,0, 205, False, 11
1160,0, 205, False, 11
1161,0, 205, False, 11
1162,0, 205, False, 11
1163,0, 205, False, 11
1164,0, 205, False, 11
1165,0, 205, False, 11
1166,0, 205, False, 11
1167,0, 205, False, 11
1168,0, 205, False, 11
1169,0, 205, False, 11
1170,0, 205, False, 11
1171,0, 205, False, 11
1172,0, 205, False, 11
1173,0, 205, False, 11
1174,0, 205, False, 11
1175,0, 205, False, 11
1176,0, 205, False, 11
1177,0, 205, False, 11
1178,0, 205, False, 11
1179,0, 205, False, 11
1180,0, 205, False, 11
1181,0, 205, False, 11
1182,0, 205, False, 11
1183,0, 205, False, 11
1184,0, 205, False, 11
1185,0, 205, False, 11
1186,0, 205, False, 11
1187,0, 205, False, 11
1188,0, 205, False, 11
1189,0, 205, False, 11
1190,0, 205, False, 11
1191,0, 205, False, 11
1192,0, 205, False, 11
1193,0, 205, False, 11
1194,0, 205, False, 11
1195,0, 205, False, 11
1196,0, 205, False, 11
1197,0, 205, False, 11
1198,0, 205, False, 11
1199,0, 205, False, 11
1200,0, 205, False, 11
1201,0, 205, False, 11
1202,0, 205, False, 11
1203,0, 205, False, 11
1204,0, 205, False, 11
1205,0, 205, False, 11
1206,0, 205, False, 11
1207,0, 205, False, 11
1208,0, 205, False, 11
1209,0, 205, False, 11
1210,0, 205, False, 11
1211,0, 205, False, 11
1212,0, 205, False, 11
1213,0, 205, False, 11
1214,0, 205, False, 11
1215,0, 205, False, 11
1216,0, 205, False, 11
1217,0, 205, False, 11
1218,0, 205, False, 11
1219,0, 205, False, 11
1220,0, 205, False, 11
1221,0, 205, False, 11
1222,0, 205, False, 11
1223,0, 205, False, 11
1224,0, 205, False, 11
1225,0, 205, False, 11
1226,0, 205, False, 11
1227,0, 205, False, 11
1228,0, 205, False, 11
1229,0, 205, False, 11
1230,0, 205, False, 11
1231,0, 205, False, 11
1232,0, 205, False, 11
1233,0, 205, False, 11
1234,0, 205, False, 11
1235,0, 205, False, 11
1236,0, 205, False, 11
1237,0, 205, False, 11
1238,0, 205, False, 11
1239,0, 205, False, 11
1240,0, 205, False, 11
1241,0, 205, False, 11
1242,0, 205, False, 11
1243,0, 205, False, 11
1244,0, 205, False, 11
1245,0, 205, False, 11
1246,0, 205, False, 11
1247,0, 205, False, 11
1248,0, 205, False, 11
1249,0, 205, False, 11
1250,0, 205, False, 11
1251,0, 205, False, 11
1252,0, 205, False, 11
1253,0, 205, False, 11
1254,0, 205, False, 11
1255,0, 205, False, 11
1256,0, 205, False, 11
1257,0, 205, False, 11
1258,0, 205, False, 11
1259,0, 205, False, 11
1260,0, 205, False, 11
1261,0, 205, False, 11
1262,0, 205, False, 11
1263,0, 205, False, 11
1264,0, 205, False, 11
1265,0, 205, False, 1
1266,0, 205, False, 1
1267,0, 205, False, 1
1268,0, 205, False, 1
1269,5, 210, False, 1
1270,0, 210, False, 1
1271,0, 210, False, 1
1272,0, 210, False, 1
1273,0, 210, False, 1
1274,0, 210, False, 1
1275,0, 210, False, 1
1276,0, 210, False, 1
1277,0, 210, False, 1
1278,0, 210, False, 1
1279,0, 210, False, 1
1280,0, 210, False, 1
1281,0, 210, False, 1
1282,0, 210, False, 1
1283,0, 210, False, 1
1284,0, 210, False, 1
1285,0, 210, False, 1
1286,0, 210, False, 1
1287,0, 210, False, 1
1288,0, 210, False, 1
1289,0, 210, False, 1
1290,0, 210, False, 1
1291,0, 210, False, 1
1292,0, 210, False, 1
1293,0, 210, False, 1
1294,0, 210, False, 1
1295,0, 210, False, 1
1296,0, 210, False, 1
1297,0, 210, False, 1
1298,0, 210, False, 1
1299,10, 220, False, 1
1300,0, 220, False, 1
1301,0, 220, False, 1
1302,0, 220, False, 1
1303,0, 220, False, 1
1304,0, 220, False, 1
1305,0, 220, False, 1
1306,0, 220, False, 1
1307,0, 220, False, 1
1308,0, 220, False, 1
1309,0, 220, False, 1
1310,0, 220, False, 1
1311,0, 220, False, 1
1312,0, 220, False, 1
1313,0, 220, False, 1
1314,0, 220, False, 1
1315,0, 220, False, 1
1316,0, 220, False, 1
1317,0, 220, False, 1
1318,0, 220, False, 1
1319,0, 220, False, 1
1320,0, 220, False, 1
1321,0, 220, False, 1
1322,0, 220, False, 1
1323,0, 220, False, 1
1324,0, 220, False, 1
1325,0, 220, False, 1
1326,0, 220, False, 1
1327,0, 220, False, 1
1328,0, 220, False, 1
1329,0, 220, False, 1
1330,0, 220, False, 1
1331,0, 220, False, 1
1332,0, 220, False, 1
1333,0, 220, False, 1
1334,0, 220, False, 1
1335,0, 220, False, 1
1336,0, 220, False, 1
1337,0, 220, False, 1
1338,0, 220, False, 1
1339,15, 235, False, 1
1340,0, 235, False, 1
1341,0, 235, False, 1
1342,0, 235, False, 1
1343,0, 235, False, 1
1344,0, 235, False, 1
1345,0, 235, False, 1
1346,0, 235, False, 1
1347,0, 235, False, 1
1348,0, 235, False, 1
1349,0, 235, False, 1
1350,0, 235, False, 1
1351,0, 235, False, 1
1352,0, 235, False, 1
1353,0, 235, False, 1
1354,0, 235, False, 1
1355,0, 235, False, 1
1356,0, 235, False, 1
1357,0, 235, False, 1
1358,0, 235, False, 1
1359,0, 235, False, 1
1360,0, 235, False, 1
1361,0, 235, False, 1
1362,0, 235, False, 1
1363,0, 235, False, 1
1364,0, 235, False, 1
1365,0, 235, False, 1
1366,0, 235, False, 1
1367,0, 235, False, 1
1368,0, 235, False, 1
1369,0, 235, False, 1
1370,0, 235, False, 1
1371,0, 235, False, 1
1372,0, 235, False, 1
1373,0, 235, False, 1
1374,0, 235, False, 1
1375,0, 235, False, 1
1376,0, 235, False, 1
1377,0, 235, False, 1
1378,0, 235, False, 1
1379,0, 235, False, 1
1380,0, 235, False, 1
1381,0, 235, False, 1
1382,0, 235, False, 1
1383,0, 235, False, 1
1384,0, 235, False, 1
1385,0, 235, False, 1
1386,0, 235, False, 1
1387,0, 235, False, 1
1388,0, 235, False, 1
1389,0, 235, False, 1
1390,0, 235, False, 1
1391,0, 235, False, 1
1392,0, 235, False, 1
1393,0, 235, False, 1
1394,0, 235, False, 1
1395,0, 235, False, 1
1396,0, 235, False, 1
1397,0, 235, False, 1
1398,0, 235, False, 1
1399,0, 235, False, 1
1400,0, 235, False, 1
1401,0, 235, False, 1
1402,0, 235, False, 1
1403,0, 235, False, 1
1404,0, 235, False, 1
1405,0, 235, False, 1
1406,0, 235, False, 1
1407,0, 235, False, 1
1408,0, 235, False, 1
1409,0, 235, False, 12
1410,0, 235, False, 12
1411,0, 235, False, 12
1412,0, 235, False, 12
1413,0, 235, False, 12
1414,0, 235, False, 12
1415,0, 235, False, 12
1416,0, 235, False, 12
1417,0, 235, False, 12
1418,0, 235, False, 12
1419,0, 235, False, 12
1420,0, 235, False, 12
1421,0, 235, False, 12
1422,0, 235, False, 12
1423,0, 235, False, 12
1424,0, 235, False, 12
1425,0, 235, False, 12
1426,0, 235, False, 12
1427,0, 235, False, 12
1428,0, 235, False, 12
1429,0, 235, False, 12
1430,0, 235, False, 12
1431,0, 235, False, 12
1432,0, 235, False, 12
1433,0, 235, False, 12
1434,0, 235, False, 12
1435,0, 235, False, 12
1436,0, 235, False, 12
1437,0, 235, False, 12
1438,0, 235, False, 12
1439,0, 235, False, 12
1440,0, 235, False, 12
1441,0, 235, False, 12
1442,0, 235, False, 12
1443,0, 235, False, 12
1444,0, 235, False, 12
1445,0, 235, False, 12
1446,0, 235, False, 12
1447,0, 235, False, 12
1448,0, 235, False, 12
1449,0, 235, False, 12
1450,0, 235, False, 12
1451,0, 235, False, 12
1452,0, 235, False, 12
1453,0, 235, False, 12
1454,0, 235, False, 12
1455,0, 235, False, 12
1456,0, 235, False, 12
1457,0, 235, False, 12
1458,0, 235, False, 12
1459,0, 235, False, 12
1460,0, 235, False, 12
1461,0, 235, False, 12
1462,0, 235, False, 12
1463,0, 235, False, 12
1464,0, 235, False, 12
1465,0, 235, False, 12
1466,0, 235, False, 12
1467,0, 235, False, 12
1468,0, 235, False, 12
1469,0, 235, False, 12
1470,0, 235, False, 12
1471,0, 235, False, 12
1472,0, 235, False, 12
1473,0, 235, False, 12
1474,0, 235, False, 12
1475,0, 235, False, 12
1476,0, 235, False, 12
1477,0, 235, False, 12
1478,0, 235, False, 12
1479,0, 235, False, 12
1480,0, 235, False, 12
1481,0, 235, False, 12
1482,0, 235, False, 12
1483,20, 255, False, 12
1484,0, 255, False, 12
1485,0, 255, False, 12
1486,0, 255, False, 12
1487,0, 255, False, 12
1488,0, 255, False, 12
1489,0, 255, False, 12
1490,0, 255, False, 12
1491,0, 255, False, 12
1492,0, 255, False, 12
1493,0, 255, False, 12
1494,0, 255, False, 12
1495,0, 255, False, 12
1496,0, 255, False, 12
1497,0, 255, False, 12
1498,0, 255, False, 12
1499,0, 255, False, 12
1500,0, 255, False, 12
1501,0, 255, False, 12
1502,0, 255, False, 12
1503,0, 255, False, 12
1504,0, 255, False, 12
1505,0, 255, False, 12
1506,0, 255, False, 12
1507,0, 255, False, 12
1508,0, 255, False, 12
1509,0, 255, False, 12
1510,0, 255, False, 12
1511,0, 255, False, 12
1512,0, 255, False, 12
1513,0, 255, False, 12
1514,0, 255, False, 12
1515,0, 255, False, 12
1516,0, 255, False, 12
1517,0, 255, False, 12
1518,0, 255, False, 12
1519,0, 255, False, 12
1520,0, 255, False, 12
1521,0, 255, False, 12
1522,0, 255, False, 12
1523,0, 255, False, 12
1524,0, 255, False, 12
1525,0, 255, False, 1
1526,0, 255, False, 1
1527,0, 255, False, 1
1528,0, 255, False, 1
1529,0, 255, False, 1
1530,0, 255, False, 1
1531,0, 255, False, 1
1532,0, 255, False, 1
1533,0, 255, False, 1
1534,0, 255, False, 1
1535,0, 255, False, 1
1536,0, 255, False, 1
1537,25, 280, False, 1
1538,0, 280, False, 1
1539,0, 280, False, 1
1540,0, 280, False, 1
1541,0, 280, False, 1
1542,0, 280, False, 1
1543,0, 280, False, 1
1544,0, 280, False, 1
1545,0, 280, False, 1
1546,0, 280, False, 1
1547,0, 280, False, 1
1548,0, 280, False, 1
1549,0, 280, False, 1
1550,0, 280, False, 1
1551,0, 280, False, 1
1552,0, 280, False, 1
1553,0, 280, False, 1
1554,0, 280, False, 1
1555,0, 280, False, 1
1556,0, 280, False, 1
1557,0, 280, False, 1
1558,0, 280, False, 1
1559,0, 280, False, 1
1560,0, 280, False, 1
1561,0, 280, False, 1
1562,0, 280, False, 1
1563,0, 280, False, 1
1564,0, 280, False, 12
1565,0, 280, False, 12
1566,0, 280, False, 12
1567,0, 280, False, 12
1568,0, 280, False, 12
1569,0, 280, False, 1
1570,0, 280, False, 1
1571,0, 280, False, 1
1572,0, 280, False, 1
1573,0, 280, False, 1
1574,0, 280, False, 1
1575,0, 280, False, 1
1576,0, 280, False, 1
1577,0, 280, False, 1
1578,0, 280, False, 1
1579,0, 280, False, 1
1580,0, 280, False, 1
1581,0, 280, False, 1
1582,0, 280, False, 1
1583,0, 280, False, 1
1584,0, 280, False, 1
1585,0, 280, False, 1
1586,0, 280, False, 1
1587,0, 280, False, 1
1588,0, 280, False, 1
1589,0, 280, False, 1
1590,0, 280, False, 1
1591,0, 280, False, 1
1592,0, 280, False, 1
1593,0, 280, False, 12
1594,0, 280, False, 12
1595,0, 280, False, 12
1596,0, 280, False, 12
1597,0, 280, False, 1
1598,0, 280, False, 1
1599,0, 280, False, 1
1600,0, 280, False, 1
1601,0, 280, False, 1
1602,0, 280, False, 1
1603,0, 280, False, 1
1604,0, 280, False, 1
1605,0, 280, False, 1
1606,0, 280, False, 1
1607,0, 280, False, 1
1608,0, 280, False, 1
1609,0, 280, False, 1
1610,0, 280, False, 1
1611,0, 280, False, 1
1612,0, 280, False, 1
1613,0, 280, False, 1
1614,0, 280, False, 1
1615,0, 280, False, 1
1616,0, 280, False, 1
1617,0, 280, False, 1
1618,0, 280, False, 1
1619,0, 280, False, 1
1620,0, 280, False, 1
1621,0, 280, False, 1
1622,0, 280, False, 1
1623,0, 280, False, 1
1624,0, 280, False, 1
1625,0, 280, False, 1
1626,0, 280, False, 1
1627,0, 280, False, 1
1628,0, 280, False, 1
1629,0, 280, False, 1
1630,0, 280, False, 1
1631,0, 280, False, 1
1632,0, 280, False, 1
1633,0, 280, False, 1
1634,0, 280, False, 1
1635,0, 280, False, 1
1636,0, 280, False, 1
1637,0, 280, False, 1
1638,0, 280, False, 1
1639,0, 280, False, 1
1640,0, 280, False, 1
1641,0, 280, False, 1
1642,0, 280, False, 1
1643,0, 280, False, 1
1644,0, 280, False, 1
1645,0, 280, False, 1
1646,0, 280, False, 1
1647,0, 280, False, 1
1648,0, 280, False, 1
1649,0, 280, False, 1
1650,0, 280, False, 1
1651,0, 280, False, 1
1652,0, 280, False, 1
1653,0, 280, False, 1
1654,0, 280, False, 1
1655,0, 280, False, 1
1656,0, 280, False, 1
1657,0, 280, False, 1
1658,0, 280, False, 1
1659,0, 280, False, 1
1660,0, 280, False, 1
1661,0, 280, False, 1
1662,0, 280, False, 1
1663,0, 280, False, 1
1664,0, 280, False, 1
1665,0, 280, False, 1
1666,0, 280, False, 1
1667,0, 280, False, 1
1668,0, 280, False, 1
1669,0, 280, False, 1
1670,0, 280, False, 1
1671,0, 280, False, 1
1672,0, 280, False, 1
1673,0, 280, False, 1
1674,0, 280, False, 1
1675,0, 280, False, 1
1676,0, 280, False, 1
1677,0, 280, False, 1
1678,0, 280, False, 1
1679,0, 280, False, 1
1680,0, 280, False, 1
1681,0, 280, False, 1
1682,0, 280, False, 1
1683,0, 280, False, 1
1684,0, 280, False, 1
1685,0, 280, False, 1
1686,0, 280, False, 1
1687,0, 280, False, 1
1688,0, 280, False, 1
1689,0, 280, False, 1
1690,0, 280, False, 1
1691,0, 280, False, 1
1692,0, 280, False, 1
1693,0, 280, False, 1
1694,0, 280, False, 1
1695,0, 280, False, 1
1696,0, 280, False, 1
1697,0, 280, False, 1
1698,0, 280, False, 1
1699,0, 280, False, 1
1700,0, 280, False, 1
1701,0, 280, False, 1
1702,0, 280, False, 1
1703,0, 280, False, 1
1704,0, 280, False, 1
1705,0, 280, False, 1
1706,0, 280, False, 1
1707,0, 280, False, 1
1708,0, 280, False, 1
1709,0, 280, False, 1
1710,0, 280, False, 1
1711,0, 280, False, 1
1712,0, 280, False, 1
1713,0, 280, False, 1
1714,0, 280, False, 1
1715,0, 280, False, 1
1716,0, 280, False, 1
1717,0, 280, False, 1
1718,0, 280, False, 1
1719,0, 280, False, 1
1720,0, 280, False, 1
1721,0, 280, False, 1
1722,0, 280, False, 1
1723,0, 280, False, 1
1724,0, 280, False, 1
1725,0, 280, False, 1
1726,0, 280, False, 1
1727,0, 280, False, 1
1728,0, 280, False, 1
1729,0, 280, False, 1
1730,0, 280, False, 1
1731,0, 280, False, 1
1732,0, 280, False, 1
1733,0, 280, False, 1
1734,0, 280, False, 1
1735,0, 280, False, 1
1736,0, 280, False, 1
1737,0, 280, False, 1
1738,0, 280, False, 1
1739,0, 280, False, 1
1740,0, 280, False, 1
1741,0, 280, False, 1
1742,0, 280, False, 1
1743,0, 280, False, 1
1744,0, 280, False, 1
1745,0, 280, False, 1
1746,0, 280, False, 1
1747,0, 280, False, 1
1748,0, 280, False, 1
1749,0, 280, False, 1
1750,0, 280, False, 1
1751,0, 280, False, 1
1752,0, 280, False, 1
1753,0, 280, False, 1
1754,0, 280, False, 1
1755,0, 280, False, 1
1756,0, 280, False, 1
1757,0, 280, False, 1
1758,0, 280, False, 1
1759,0, 280, False, 1
1760,0, 280, False, 1
1761,0, 280, False, 1
1762,0, 280, False, 1
1763,0, 280, False, 1
1764,0, 280, False, 1
1765,0, 280, False, 1
1766,0, 280, False, 1
1767,0, 280, False, 1
1768,0, 280, False, 1
1769,0, 280, False, 1
1770,0, 280, False, 1
1771,0, 280, False, 1
1772,0, 280, False, 1
1773,0, 280, False, 1
1774,0, 280, False, 1
1775,0, 280, False, 1
1776,0, 280, False, 1
1777,0, 280, False, 1
1778,0, 280, False, 1
1779,0, 280, False, 1
1780,0, 280, False, 1
1781,0, 280, False, 1
1782,0, 280, False, 1
1783,0, 280, False, 1
1784,0, 280, False, 1
1785,0, 280, False, 1
1786,0, 280, False, 1
1787,0, 280, False, 1
1788,0, 280, False, 11
1789,0, 280, False, 11
1790,0, 280, False, 11
1791,0, 280, False, 11
1792,0, 280, False, 11
1793,0, 280, False, 11
1794,0, 280, False, 11
1795,0, 280, False, 11
1796,0, 280, False, 11
1797,0, 280, False, 11
1798,0, 280, False, 11
1799,0, 280, False, 11
1800,0, 280, False, 11
1801,0, 280, False, 11
1802,0, 280, False, 11
1803,0, 280, False, 11
1804,0, 280, False, 11
1805,0, 280, False, 11
1806,0, 280, False, 11
1807,0, 280, False, 11
1808,0, 280, False, 11
1809,0, 280, False, 11
1810,0, 280, False, 11
1811,0, 280, False, 11
1812,0, 280, False, 11
1813,0, 280, False, 11
1814,0, 280, False, 11
1815,0, 280, False, 11
1816,0, 280, False, 11
1817,0, 280, False, 11
1818,0, 280, False, 11
1819,0, 280, False, 11
1820,0, 280, False, 11
1821,5, 285, False, 11
1822,0, 285, False, 11
1823,0, 285, False, 11
1824,0, 285, False, 11
1825,0, 285, False, 11
1826,0, 285, False, 11
1827,0, 285, False, 11
1828,0, 285, False, 11
1829,0, 285, False, 11
1830,0, 285, False, 11
1831,0, 285, False, 11
1832,0, 285, False, 11
1833,0, 285, False, 11
1834,0, 285, False, 11
1835,0, 285, False, 11
1836,0, 285, False, 11
1837,0, 285, False, 11
1838,0, 285, False, 11
1839,0, 285, False, 11
1840,0, 285, False, 11
1841,0, 285, False, 11
1842,0, 285, False, 11
1843,0, 285, False, 11
1844,0, 285, False, 11
1845,0, 285, False, 11
1846,0, 285, False, 11
1847,0, 285, False, 11
1848,0, 285, False, 11
1849,0, 285, False, 11
1850,0, 285, False, 11
1851,0, 285, False, 11
1852,0, 285, False, 11
1853,0, 285, False, 11
1854,0, 285, False, 11
1855,0, 285, False, 11
1856,0, 285, False, 11
1857,0, 285, False, 11
1858,0, 285, False, 11
1859,0, 285, False, 11
1860,0, 285, False, 1
1861,0, 285, False, 1
1862,0, 285, False, 1
1863,0, 285, False, 1
1864,0, 285, False, 1
1865,0, 285, False, 1
1866,0, 285, False, 1
1867,0, 285, False, 1
1868,0, 285, False, 1
1869,0, 285, False, 1
1870,0, 285, False, 1
1871,0, 285, False, 1
1872,0, 285, False, 1
1873,0, 285, False, 1
1874,0, 285, False, 1
1875,0, 285, False, 1
1876,0, 285, False, 1
1877,0, 285, False, 1
1878,0, 285, False, 1
1879,0, 285, False, 1
1880,0, 285, False, 1
1881,0, 285, False, 1
1882,0, 285, False, 1
1883,0, 285, False, 1
1884,0, 285, False, 1
1885,0, 285, False, 1
1886,0, 285, False, 1
1887,0, 285, False, 1
1888,0, 285, False, 1
1889,0, 285, False, 1
1890,0, 285, False, 1
1891,0, 285, False, 1
1892,0, 285, False, 1
1893,0, 285, False, 1
1894,0, 285, False, 1
1895,0, 285, False, 1
1896,0, 285, False, 1
1897,0, 285, False, 1
1898,0, 285, False, 1
1899,0, 285, False, 1
1900,0, 285, False, 1
1901,0, 285, False, 1
1902,0, 285, False, 1
1903,0, 285, False, 1
1904,0, 285, False, 1
1905,0, 285, False, 1
1906,0, 285, False, 1
1907,0, 285, False, 1
1908,0, 285, False, 1
1909,0, 285, False, 1
1910,0, 285, False, 1
1911,0, 285, False, 1
1912,0, 285, False, 1
1913,0, 285, False, 1
1914,0, 285, False, 1
1915,0, 285, False, 11
1916,0, 285, False, 11
1917,0, 285, False, 11
1918,0, 285, False, 11
1919,0, 285, False, 11
1920,0, 285, False, 11
1921,0, 285, False, 11
1922,0, 285, False, 11
1923,0, 285, False, 11
1924,0, 285, False, 11
1925,0, 285, False, 11
1926,0, 285, False, 11
1927,0, 285, False, 11
1928,0, 285, False, 11
1929,0, 285, False, 11
1930,0, 285, False, 1
1931,5, 290, False, 1
1932,0, 290, False, 1
1933,0, 290, False, 1
1934,0, 290, False, 1
1935,0, 290, False, 1
1936,0, 290, False, 1
1937,0, 290, False, 1
1938,0, 290, False, 1
1939,0, 290, False, 1
1940,0, 290, False, 1
1941,0, 290, False, 1
1942,0, 290, False, 1
1943,0, 290, False, 1
1944,0, 290, False, 1
1945,0, 290, False, 1
1946,0, 290, False, 1
1947,0, 290, False, 1
1948,0, 290, False, 1
1949,0, 290, False, 1
1950,0, 290, False, 1
1951,0, 290, False, 1
1952,0, 290, False, 1
1953,0, 290, False, 1
1954,0, 290, False, 1
1955,0, 290, False, 1
1956,0, 290, False, 1
1957,0, 290, False, 1
1958,0, 290, False, 1
1959,0, 290, False, 1
1960,0, 290, False, 1
1961,0, 290, False, 1
1962,0, 290, False, 1
1963,0, 290, False, 1
1964,0, 290, False, 1
1965,0, 290, False, 1
1966,0, 290, False, 1
1967,0, 290, False, 1
1968,0, 290, False, 1
1969,0, 290, False, 1
1970,0, 290, False, 1
1971,0, 290, False, 1
1972,0, 290, False, 1
1973,0, 290, False, 1
1974,0, 290, False, 1
1975,0, 290, False, 1
1976,0, 290, False, 1
1977,0, 290, False, 1
1978,0, 290, False, 1
1979,0, 290, False, 1
1980,0, 290, False, 1
1981,0, 290, False, 1
1982,0, 290, False, 1
1983,0, 290, False, 1
1984,0, 290, False, 1
1985,0, 290, False, 1
1986,0, 290, False, 1
1987,0, 290, False, 1
1988,0, 290, False, 12
1989,0, 290, False, 12
1990,0, 290, False, 12
1991,0, 290, False, 12
1992,0, 290, False, 12
1993,0, 290, False, 12
1994,0, 290, False, 12
1995,0, 290, False, 12
1996,0, 290, False, 12
1997,0, 290, False, 12
1998,0, 290, False, 12
1999,0, 290, False, 12
2000,0, 290, False, 12
2001,0, 290, False, 12
2002,0, 290, False, 12
2003,0, 290, False, 12
2004,0, 290, False, 12
2005,0, 290, False, 12
2006,0, 290, False, 12
2007,0, 290, False, 12
2008,0, 290, False, 12
2009,0, 290, False, 12
2010,0, 290, False, 12
2011,0, 290, False, 12
2012,0, 290, False, 12
2013,0, 290, False, 12
2014,0, 290, False, 12
2015,0, 290, False, 12
2016,0, 290, False, 12
2017,0, 290, False, 12
2018,0, 290, False, 12
2019,0, 290, False, 12
2020,0, 290, False, 12
2021,0, 290, False, 12
2022,0, 290, False, 12
2023,0, 290, False, 12
2024,0, 290, False, 1
2025,0, 290, False, 1
2026,0, 290, False, 1
2027,0, 290, False, 1
2028,0, 290, False, 1
2029,0, 290, False, 1
2030,0, 290, False, 1
2031,0, 290, False, 1
2032,0, 290, False, 1
2033,0, 290, False, 1
2034,0, 290, False, 1
2035,0, 290, False, 1
2036,0, 290, False, 1
2037,0, 290, False, 1
2038,0, 290, False, 1
2039,0, 290, False, 1
2040,0, 290, False, 1
2041,0, 290, False, 1
2042,0, 290, False, 1
2043,0, 290, False, 1
2044,0, 290, False, 1
2045,0, 290, False, 1
2046,0, 290, False, 1
2047,0, 290, False, 1
2048,0, 290, False, 1
2049,0, 290, False, 1
2050,0, 290, False, 1
2051,0, 290, False, 1
2052,0, 290, False, 1
2053,0, 290, False, 1
2054,0, 290, False, 1
2055,0, 290, False, 1
2056,0, 290, False, 1
2057,0, 290, False, 1
2058,0, 290, False, 1
2059,0, 290, False, 1
2060,0, 290, False, 1
2061,0, 290, False, 1
2062,0, 290, False, 1
2063,15, 305, False, 1
2064,0, 305, False, 1
2065,0, 305, False, 1
2066,0, 305, False, 1
2067,0, 305, False, 1
2068,0, 305, False, 1
2069,0, 305, False, 1
2070,0, 305, False, 1
2071,0, 305, False, 1
2072,0, 305, False, 1
2073,0, 305, False, 1
2074,0, 305, False, 1
2075,0, 305, False, 1
2076,0, 305, False, 1
2077,0, 305, False, 1
2078,0, 305, False, 1
2079,0, 305, False, 1
2080,0, 305, False, 1
2081,0, 305, False, 1
2082,0, 305, False, 1
2083,10, 315, False, 1
2084,0, 315, False, 1
2085,0, 315, False, 1
2086,0, 315, False, 1
2087,0, 315, False, 1
2088,0, 315, False, 1
2089,0, 315, False, 1
2090,0, 315, False, 1
2091,0, 315, False, 1
2092,0, 315, False, 1
2093,0, 315, False, 1
2094,0, 315, False, 1
2095,0, 315, False, 1
2096,0, 315, False, 1
2097,0, 315, False, 1
2098,0, 315, False, 1
2099,0, 315, False, 1
2100,0, 315, False, 1
2101,0, 315, False, 1
2102,0, 315, False, 1
2103,0, 315, False, 1
2104,0, 315, False, 1
2105,0, 315, False, 1
2106,0, 315, False, 1
2107,0, 315, False, 1
2108,0, 315, False, 1
2109,0, 315, False, 1
2110,0, 315, False, 1
2111,0, 315, False, 1
2112,0, 315, False, 1
2113,0, 315, False, 1
2114,0, 315, False, 1
2115,0, 315, False, 1
2116,0, 315, False, 1
2117,0, 315, False, 1
2118,0, 315, False, 1
2119,0, 315, False, 1
2120,0, 315, False, 1
2121,20, 335, False, 1
2122,0, 335, False, 12
2123,0, 335, False, 12
2124,0, 335, False, 12
2125,0, 335, False, 12
2126,0, 335, False, 12
2127,0, 335, False, 12
2128,0, 335, False, 12
2129,0, 335, False, 12
2130,0, 335, False, 12
2131,0, 335, False, 12
2132,0, 335, False, 12
2133,0, 335, False, 12
2134,0, 335, False, 12
2135,0, 335, False, 12
2136,0, 335, False, 12
2137,0, 335, False, 12
2138,0, 335, False, 12
2139,0, 335, False, 12
2140,0, 335, False, 12
2141,0, 335, False, 12
2142,0, 335, False, 12
2143,0, 335, False, 12
2144,0, 335, False, 12
2145,0, 335, False, 12
2146,0, 335, False, 12
2147,0, 335, False, 12
2148,0, 335, False, 12
2149,0, 335, False, 12
2150,0, 335, False, 12
2151,0, 335, False, 12
2152,0, 335, False, 12
2153,0, 335, False, 12
2154,0, 335, False, 12
2155,0, 335, False, 12
2156,0, 335, False, 12
2157,0, 335, False, 12
2158,0, 335, False, 12
2159,0, 335, False, 1
2160,0, 335, False, 1
2161,0, 335, False, 1
2162,0, 335, False, 1
2163,0, 335, False, 1
2164,0, 335, False, 1
2165,0, 335, False, 1
2166,0, 335, False, 11
2167,0, 335, False, 11
2168,0, 335, False, 11
2169,0, 335, False, 11
2170,0, 335, False, 11
2171,0, 335, False, 11
2172,0, 335, False, 11
2173,0, 335, False, 11
2174,0, 335, False, 11
2175,0, 335, False, 11
2176,0, 335, False, 11
2177,0, 335, False, 11
2178,0, 335, False, 11
2179,0, 335, False, 11
2180,0, 335, False, 11
2181,0, 335, False, 11
2182,0, 335, False, 11
2183,0, 335, False, 11
2184,0, 335, False, 11
2185,0, 335, False, 11
2186,0, 335, False, 11
2187,0, 335, False, 11
2188,0, 335, False, 11
2189,0, 335, False, 11
2190,0, 335, False, 11
2191,0, 335, False, 11
2192,0, 335, False, 11
2193,0, 335, False, 1
2194,0, 335, False, 1
2195,0, 335, False, 1
2196,0, 335, False, 1
2197,0, 335, False, 1
2198,0, 335, False, 1
2199,0, 335, False, 1
2200,0, 335, False, 1
2201,0, 335, False, 1
2202,0, 335, False, 1
2203,0, 335, False, 1
2204,0, 335, False, 1
2205,0, 335, False, 1
2206,0, 335, False, 1
2207,0, 335, False, 1
2208,0, 335, False, 1
2209,0, 335, False, 1
2210,0, 335, False, 1
2211,0, 335, False, 1
2212,0, 335, False, 1
2213,0, 335, False, 1
2214,0, 335, False, 1
2215,0, 335, False, 1
2216,0, 335, False, 1
2217,0, 335, False, 1
2218,0, 335, False, 1
2219,0, 335, False, 1
2220,0, 335, False, 1
2221,0, 335, False, 1
2222,0, 335, False, 1
2223,0, 335, False, 1
2224,0, 335, False, 1
2225,0, 335, False, 1
2226,0, 335, False, 1
2227,0, 335, False, 1
2228,0, 335, False, 1
2229,0, 335, False, 1
2230,0, 335, False, 1
2231,0, 335, False, 1
2232,0, 335, False, 1
2233,0, 335, False, 1
2234,0, 335, False, 1
2235,0, 335, False, 1
2236,0, 335, False, 1
2237,0, 335, False, 1
2238,0, 335, False, 1
2239,0, 335, False, 1
2240,0, 335, False, 1
2241,0, 335, False, 1
2242,0, 335, False, 1
2243,0, 335, False, 1
2244,0, 335, False, 1
2245,0, 335, False, 1
2246,0, 335, False, 1
2247,0, 335, False, 1
2248,0, 335, False, 1
2249,0, 335, False, 1
2250,0, 335, False, 1
2251,0, 335, False, 1
2252,0, 335, False, 1
2253,0, 335, False, 1
2254,0, 335, False, 1
2255,0, 335, False, 1
2256,0, 335, False, 1
2257,0, 335, False, 1
2258,0, 335, False, 1
2259,0, 335, False, 1
2260,0, 335, False, 1
2261,0, 335, False, 1
2262,0, 335, False, 1
2263,0, 335, False, 1
2264,0, 335, False, 1
2265,0, 335, False, 1
2266,0, 335, False, 1
2267,0, 335, False, 1
2268,0, 335, False, 1
2269,0, 335, False, 0
2270,0, 335, False, 0
2271,0, 335, False, 0
2272,0, 335, False, 0
2273,0, 335, False, 0
2274,0, 335, False, 0
2275,0, 335, False, 0
2276,0, 335, False, 0
2277,0, 335, False, 0
2278,0, 335, False, 0
2279,0, 335, False, 0
2280,0, 335, False, 0
2281,0, 335, False, 0
2282,0, 335, False, 0
2283,0, 335, False, 0
2284,0, 335, False, 0
2285,0, 335, False, 0
2286,0, 335, False, 0
2287,0, 335, False, 0
2288,0, 335, False, 0
2289,0, 335, False, 0
2290,0, 335, False, 0
2291,0, 335, False, 0
2292,0, 335, False, 0
2293,0, 335, False, 0
2294,0, 335, False, 0
2295,0, 335, False, 0
2296,0, 335, False, 0
2297,0, 335, False, 0
2298,0, 335, False, 0
2299,0, 335, False, 0
2300,0, 335, False, 0
