db traj id : 3997
frame,reward,score,terminal, action
0,0, 0, False, 0
1,0, 0, False, 0
2,0, 0, False, 0
3,0, 0, False, 0
4,0, 0, False, 0
5,0, 0, False, 0
6,0, 0, False, 0
7,0, 0, False, 0
8,0, 0, False, 0
9,0, 0, False, 0
10,0, 0, False, 0
11,0, 0, False, 0
12,0, 0, False, 0
13,0, 0, False, 0
14,0, 0, False, 0
15,0, 0, False, 0
16,0, 0, False, 0
17,0, 0, False, 0
18,0, 0, False, 0
19,0, 0, False, 0
20,0, 0, False, 0
21,0, 0, False, 0
22,0, 0, False, 0
23,0, 0, False, 0
24,0, 0, False, 0
25,0, 0, False, 0
26,0, 0, False, 0
27,0, 0, False, 0
28,0, 0, False, 0
29,0, 0, False, 0
30,0, 0, False, 0
31,0, 0, False, 0
32,0, 0, False, 0
33,0, 0, False, 0
34,0, 0, False, 0
35,0, 0, False, 0
36,0, 0, False, 0
37,0, 0, False, 0
38,0, 0, False, 0
39,0, 0, False, 0
40,0, 0, False, 0
41,0, 0, False, 0
42,0, 0, False, 0
43,0, 0, False, 0
44,0, 0, False, 0
45,0, 0, False, 0
46,0, 0, False, 0
47,0, 0, False, 0
48,0, 0, False, 0
49,0, 0, False, 0
50,0, 0, False, 0
51,0, 0, False, 0
52,0, 0, False, 0
53,0, 0, False, 0
54,0, 0, False, 0
55,0, 0, False, 0
56,0, 0, False, 0
57,0, 0, False, 0
58,0, 0, False, 0
59,0, 0, False, 3
60,0, 0, False, 3
61,0, 0, False, 3
62,0, 0, False, 3
63,0, 0, False, 3
64,0, 0, False, 3
65,0, 0, False, 3
66,0, 0, False, 3
67,0, 0, False, 3
68,0, 0, False, 3
69,0, 0, False, 3
70,0, 0, False, 3
71,0, 0, False, 0
72,0, 0, False, 0
73,0, 0, False, 0
74,0, 0, False, 0
75,0, 0, False, 0
76,0, 0, False, 0
77,0, 0, False, 0
78,0, 0, False, 0
79,0, 0, False, 0
80,0, 0, False, 0
81,0, 0, False, 0
82,0, 0, False, 0
83,0, 0, False, 0
84,0, 0, False, 0
85,0, 0, False, 0
86,0, 0, False, 0
87,0, 0, False, 0
88,0, 0, False, 0
89,0, 0, False, 0
90,0, 0, False, 0
91,0, 0, False, 0
92,0, 0, False, 0
93,0, 0, False, 0
94,0, 0, False, 0
95,0, 0, False, 0
96,0, 0, False, 0
97,0, 0, False, 0
98,0, 0, False, 0
99,0, 0, False, 0
100,0, 0, False, 0
101,0, 0, False, 0
102,0, 0, False, 0
103,0, 0, False, 0
104,0, 0, False, 0
105,0, 0, False, 0
106,0, 0, False, 0
107,0, 0, False, 0
108,0, 0, False, 0
109,0, 0, False, 0
110,0, 0, False, 0
111,0, 0, False, 0
112,0, 0, False, 0
113,0, 0, False, 0
114,0, 0, False, 0
115,0, 0, False, 0
116,0, 0, False, 0
117,0, 0, False, 0
118,0, 0, False, 0
119,0, 0, False, 0
120,0, 0, False, 0
121,0, 0, False, 0
122,0, 0, False, 0
123,0, 0, False, 0
124,0, 0, False, 0
125,0, 0, False, 0
126,0, 0, False, 0
127,0, 0, False, 0
128,0, 0, False, 0
129,0, 0, False, 0
130,0, 0, False, 0
131,0, 0, False, 0
132,0, 0, False, 0
133,0, 0, False, 0
134,0, 0, False, 0
135,0, 0, False, 0
136,0, 0, False, 3
137,0, 0, False, 3
138,0, 0, False, 3
139,0, 0, False, 3
140,0, 0, False, 3
141,0, 0, False, 3
142,0, 0, False, 3
143,0, 0, False, 3
144,0, 0, False, 3
145,0, 0, False, 0
146,0, 0, False, 0
147,0, 0, False, 0
148,0, 0, False, 0
149,0, 0, False, 0
150,0, 0, False, 0
151,0, 0, False, 0
152,0, 0, False, 0
153,0, 0, False, 0
154,0, 0, False, 0
155,0, 0, False, 0
156,0, 0, False, 0
157,0, 0, False, 0
158,0, 0, False, 0
159,0, 0, False, 0
160,0, 0, False, 0
161,0, 0, False, 1
162,0, 0, False, 1
163,0, 0, False, 1
164,0, 0, False, 1
165,0, 0, False, 1
166,0, 0, False, 1
167,0, 0, False, 1
168,0, 0, False, 1
169,0, 0, False, 1
170,0, 0, False, 1
171,0, 0, False, 0
172,0, 0, False, 0
173,0, 0, False, 0
174,0, 0, False, 0
175,0, 0, False, 0
176,0, 0, False, 0
177,0, 0, False, 1
178,0, 0, False, 1
179,0, 0, False, 1
180,0, 0, False, 1
181,0, 0, False, 1
182,0, 0, False, 1
183,0, 0, False, 0
184,0, 0, False, 0
185,0, 0, False, 0
186,0, 0, False, 0
187,0, 0, False, 0
188,0, 0, False, 1
189,0, 0, False, 1
190,0, 0, False, 1
191,0, 0, False, 1
192,0, 0, False, 1
193,0, 0, False, 1
194,0, 0, False, 1
195,0, 0, False, 0
196,0, 0, False, 0
197,5, 5, False, 0
198,0, 5, False, 1
199,0, 5, False, 1
200,0, 5, False, 1
201,0, 5, False, 1
202,0, 5, False, 1
203,0, 5, False, 1
204,0, 5, False, 1
205,0, 5, False, 1
206,0, 5, False, 0
207,0, 5, False, 0
208,0, 5, False, 0
209,0, 5, False, 0
210,0, 5, False, 0
211,0, 5, False, 0
212,0, 5, False, 0
213,0, 5, False, 0
214,0, 5, False, 0
215,0, 5, False, 0
216,0, 5, False, 0
217,0, 5, False, 0
218,0, 5, False, 0
219,0, 5, False, 0
220,0, 5, False, 0
221,0, 5, False, 0
222,0, 5, False, 0
223,0, 5, False, 0
224,0, 5, False, 0
225,0, 5, False, 0
226,0, 5, False, 0
227,0, 5, False, 0
228,0, 5, False, 0
229,0, 5, False, 1
230,0, 5, False, 1
231,0, 5, False, 1
232,0, 5, False, 1
233,10, 15, False, 1
234,0, 15, False, 1
235,0, 15, False, 1
236,0, 15, False, 1
237,0, 15, False, 1
238,0, 15, False, 0
239,0, 15, False, 0
240,0, 15, False, 0
241,0, 15, False, 0
242,0, 15, False, 0
243,0, 15, False, 0
244,0, 15, False, 0
245,0, 15, False, 0
246,0, 15, False, 0
247,0, 15, False, 1
248,0, 15, False, 1
249,0, 15, False, 1
250,0, 15, False, 1
251,0, 15, False, 1
252,0, 15, False, 1
253,0, 15, False, 1
254,0, 15, False, 1
255,0, 15, False, 0
256,0, 15, False, 0
257,0, 15, False, 0
258,0, 15, False, 0
259,0, 15, False, 0
260,0, 15, False, 1
261,0, 15, False, 1
262,0, 15, False, 1
263,0, 15, False, 1
264,0, 15, False, 1
265,0, 15, False, 1
266,0, 15, False, 0
267,0, 15, False, 0
268,0, 15, False, 0
269,0, 15, False, 0
270,0, 15, False, 0
271,0, 15, False, 1
272,0, 15, False, 1
273,0, 15, False, 1
274,0, 15, False, 1
275,0, 15, False, 1
276,0, 15, False, 1
277,0, 15, False, 0
278,0, 15, False, 0
279,0, 15, False, 0
280,0, 15, False, 3
281,0, 15, False, 3
282,0, 15, False, 3
283,0, 15, False, 3
284,0, 15, False, 3
285,0, 15, False, 3
286,0, 15, False, 3
287,0, 15, False, 3
288,0, 15, False, 3
289,0, 15, False, 0
290,0, 15, False, 0
291,0, 15, False, 0
292,0, 15, False, 0
293,0, 15, False, 0
294,0, 15, False, 0
295,0, 15, False, 0
296,0, 15, False, 0
297,0, 15, False, 0
298,0, 15, False, 0
299,0, 15, False, 0
300,0, 15, False, 0
301,0, 15, False, 0
302,0, 15, False, 0
303,0, 15, False, 0
304,0, 15, False, 0
305,0, 15, False, 1
306,0, 15, False, 1
307,0, 15, False, 1
308,0, 15, False, 1
309,0, 15, False, 1
310,0, 15, False, 1
311,0, 15, False, 1
312,0, 15, False, 1
313,0, 15, False, 0
314,0, 15, False, 0
315,0, 15, False, 0
316,0, 15, False, 1
317,0, 15, False, 1
318,0, 15, False, 1
319,0, 15, False, 11
320,0, 15, False, 11
321,0, 15, False, 11
322,0, 15, False, 11
323,0, 15, False, 3
324,0, 15, False, 3
325,0, 15, False, 0
326,0, 15, False, 0
327,0, 15, False, 0
328,0, 15, False, 1
329,0, 15, False, 1
330,0, 15, False, 1
331,0, 15, False, 1
332,0, 15, False, 11
333,0, 15, False, 11
334,0, 15, False, 11
335,0, 15, False, 11
336,0, 15, False, 3
337,0, 15, False, 3
338,0, 15, False, 3
339,0, 15, False, 3
340,0, 15, False, 3
341,0, 15, False, 3
342,0, 15, False, 3
343,0, 15, False, 3
344,0, 15, False, 3
345,0, 15, False, 3
346,0, 15, False, 3
347,0, 15, False, 3
348,0, 15, False, 11
349,0, 15, False, 11
350,0, 15, False, 11
351,0, 15, False, 11
352,0, 15, False, 1
353,0, 15, False, 0
354,0, 15, False, 0
355,0, 15, False, 0
356,0, 15, False, 0
357,0, 15, False, 0
358,0, 15, False, 0
359,0, 15, False, 3
360,0, 15, False, 11
361,0, 15, False, 11
362,0, 15, False, 11
363,0, 15, False, 1
364,0, 15, False, 1
365,0, 15, False, 1
366,0, 15, False, 0
367,0, 15, False, 0
368,0, 15, False, 0
369,0, 15, False, 0
370,0, 15, False, 1
371,0, 15, False, 1
372,0, 15, False, 1
373,0, 15, False, 1
374,0, 15, False, 1
375,0, 15, False, 1
376,0, 15, False, 0
377,0, 15, False, 0
378,0, 15, False, 0
379,0, 15, False, 0
380,0, 15, False, 0
381,0, 15, False, 1
382,0, 15, False, 1
383,0, 15, False, 1
384,0, 15, False, 1
385,0, 15, False, 1
386,0, 15, False, 1
387,0, 15, False, 0
388,0, 15, False, 0
389,0, 15, False, 0
390,0, 15, False, 0
391,0, 15, False, 0
392,0, 15, False, 1
393,0, 15, False, 1
394,0, 15, False, 1
395,0, 15, False, 1
396,0, 15, False, 1
397,0, 15, False, 1
398,0, 15, False, 0
399,0, 15, False, 0
400,0, 15, False, 0
401,0, 15, False, 0
402,0, 15, False, 0
403,0, 15, False, 1
404,0, 15, False, 1
405,0, 15, False, 1
406,0, 15, False, 1
407,0, 15, False, 1
408,0, 15, False, 1
409,0, 15, False, 0
410,0, 15, False, 0
411,0, 15, False, 0
412,0, 15, False, 0
413,0, 15, False, 0
414,0, 15, False, 0
415,0, 15, False, 1
416,0, 15, False, 1
417,0, 15, False, 1
418,0, 15, False, 1
419,0, 15, False, 1
420,0, 15, False, 1
421,0, 15, False, 0
422,0, 15, False, 0
423,0, 15, False, 0
424,0, 15, False, 0
425,0, 15, False, 0
426,0, 15, False, 0
427,0, 15, False, 0
428,0, 15, False, 3
429,0, 15, False, 3
430,0, 15, False, 3
431,0, 15, False, 3
432,0, 15, False, 3
433,0, 15, False, 3
434,0, 15, False, 3
435,0, 15, False, 3
436,0, 15, False, 3
437,0, 15, False, 3
438,0, 15, False, 3
439,0, 15, False, 3
440,0, 15, False, 3
441,0, 15, False, 3
442,0, 15, False, 3
443,0, 15, False, 3
444,0, 15, False, 3
445,0, 15, False, 0
446,0, 15, False, 0
447,0, 15, False, 0
448,0, 15, False, 0
449,0, 15, False, 0
450,0, 15, False, 0
451,0, 15, False, 0
452,0, 15, False, 0
453,0, 15, False, 0
454,0, 15, False, 0
455,0, 15, False, 0
456,0, 15, False, 0
457,0, 15, False, 0
458,0, 15, False, 0
459,0, 15, False, 0
460,0, 15, False, 0
461,0, 15, False, 1
462,0, 15, False, 1
463,0, 15, False, 1
464,0, 15, False, 1
465,0, 15, False, 1
466,0, 15, False, 1
467,0, 15, False, 1
468,0, 15, False, 0
469,0, 15, False, 0
470,0, 15, False, 0
471,0, 15, False, 0
472,0, 15, False, 0
473,0, 15, False, 0
474,0, 15, False, 1
475,0, 15, False, 1
476,0, 15, False, 1
477,0, 15, False, 1
478,0, 15, False, 1
479,0, 15, False, 1
480,0, 15, False, 0
481,0, 15, False, 0
482,0, 15, False, 0
483,0, 15, False, 0
484,0, 15, False, 0
485,0, 15, False, 0
486,0, 15, False, 0
487,5, 20, False, 0
488,0, 20, False, 0
489,0, 20, False, 0
490,0, 20, False, 0
491,0, 20, False, 0
492,0, 20, False, 1
493,0, 20, False, 1
494,0, 20, False, 1
495,0, 20, False, 1
496,0, 20, False, 0
497,0, 20, False, 0
498,0, 20, False, 0
499,0, 20, False, 0
500,0, 20, False, 1
501,0, 20, False, 1
502,0, 20, False, 1
503,0, 20, False, 1
504,0, 20, False, 1
505,0, 20, False, 1
506,0, 20, False, 1
507,0, 20, False, 0
508,0, 20, False, 0
509,0, 20, False, 0
510,0, 20, False, 0
511,0, 20, False, 0
512,0, 20, False, 0
513,0, 20, False, 1
514,0, 20, False, 1
515,0, 20, False, 1
516,0, 20, False, 1
517,0, 20, False, 1
518,0, 20, False, 1
519,0, 20, False, 0
520,0, 20, False, 0
521,0, 20, False, 0
522,0, 20, False, 0
523,0, 20, False, 0
524,0, 20, False, 0
525,10, 30, False, 1
526,0, 30, False, 1
527,0, 30, False, 1
528,0, 30, False, 1
529,0, 30, False, 1
530,0, 30, False, 1
531,0, 30, False, 0
532,0, 30, False, 0
533,0, 30, False, 0
534,0, 30, False, 0
535,0, 30, False, 0
536,0, 30, False, 0
537,0, 30, False, 1
538,0, 30, False, 1
539,0, 30, False, 1
540,0, 30, False, 1
541,0, 30, False, 0
542,0, 30, False, 0
543,0, 30, False, 0
544,0, 30, False, 0
545,0, 30, False, 0
546,0, 30, False, 0
547,0, 30, False, 1
548,0, 30, False, 1
549,0, 30, False, 1
550,0, 30, False, 1
551,0, 30, False, 1
552,0, 30, False, 0
553,0, 30, False, 0
554,0, 30, False, 0
555,0, 30, False, 0
556,0, 30, False, 0
557,0, 30, False, 0
558,0, 30, False, 1
559,0, 30, False, 1
560,0, 30, False, 1
561,0, 30, False, 1
562,0, 30, False, 1
563,0, 30, False, 1
564,0, 30, False, 0
565,0, 30, False, 0
566,0, 30, False, 0
567,0, 30, False, 0
568,0, 30, False, 0
569,15, 45, False, 1
570,0, 45, False, 1
571,0, 45, False, 1
572,0, 45, False, 1
573,0, 45, False, 1
574,0, 45, False, 1
575,0, 45, False, 1
576,0, 45, False, 0
577,0, 45, False, 0
578,0, 45, False, 0
579,0, 45, False, 0
580,0, 45, False, 0
581,0, 45, False, 0
582,0, 45, False, 1
583,0, 45, False, 1
584,0, 45, False, 1
585,0, 45, False, 1
586,0, 45, False, 1
587,0, 45, False, 1
588,0, 45, False, 0
589,0, 45, False, 0
590,0, 45, False, 0
591,0, 45, False, 0
592,0, 45, False, 0
593,0, 45, False, 0
594,0, 45, False, 0
595,0, 45, False, 0
596,0, 45, False, 0
597,0, 45, False, 0
598,0, 45, False, 0
599,0, 45, False, 0
600,0, 45, False, 0
601,0, 45, False, 0
602,0, 45, False, 0
603,0, 45, False, 0
604,0, 45, False, 0
605,0, 45, False, 4
606,0, 45, False, 4
607,0, 45, False, 4
608,0, 45, False, 4
609,0, 45, False, 4
610,0, 45, False, 4
611,0, 45, False, 4
612,0, 45, False, 4
613,0, 45, False, 4
614,0, 45, False, 4
615,0, 45, False, 4
616,0, 45, False, 4
617,0, 45, False, 4
618,0, 45, False, 4
619,0, 45, False, 4
620,0, 45, False, 0
621,0, 45, False, 0
622,0, 45, False, 0
623,0, 45, False, 0
624,0, 45, False, 0
625,0, 45, False, 0
626,0, 45, False, 0
627,0, 45, False, 0
628,0, 45, False, 0
629,0, 45, False, 0
630,0, 45, False, 0
631,0, 45, False, 0
632,0, 45, False, 0
633,0, 45, False, 0
634,0, 45, False, 0
635,0, 45, False, 0
636,0, 45, False, 0
637,0, 45, False, 1
638,0, 45, False, 1
639,0, 45, False, 1
640,0, 45, False, 1
641,0, 45, False, 1
642,0, 45, False, 1
643,0, 45, False, 1
644,0, 45, False, 0
645,0, 45, False, 0
646,0, 45, False, 0
647,0, 45, False, 0
648,0, 45, False, 0
649,0, 45, False, 1
650,0, 45, False, 1
651,0, 45, False, 1
652,0, 45, False, 1
653,0, 45, False, 1
654,0, 45, False, 1
655,0, 45, False, 0
656,0, 45, False, 0
657,0, 45, False, 0
658,0, 45, False, 0
659,0, 45, False, 0
660,0, 45, False, 1
661,0, 45, False, 1
662,0, 45, False, 1
663,0, 45, False, 1
664,0, 45, False, 1
665,0, 45, False, 1
666,0, 45, False, 0
667,0, 45, False, 0
668,0, 45, False, 0
669,0, 45, False, 0
670,0, 45, False, 0
671,0, 45, False, 1
672,0, 45, False, 1
673,0, 45, False, 1
674,0, 45, False, 1
675,0, 45, False, 1
676,0, 45, False, 1
677,0, 45, False, 0
678,0, 45, False, 0
679,0, 45, False, 0
680,0, 45, False, 0
681,0, 45, False, 0
682,0, 45, False, 0
683,0, 45, False, 1
684,0, 45, False, 1
685,0, 45, False, 1
686,0, 45, False, 1
687,0, 45, False, 1
688,0, 45, False, 1
689,0, 45, False, 1
690,0, 45, False, 0
691,0, 45, False, 0
692,0, 45, False, 0
693,0, 45, False, 0
694,0, 45, False, 0
695,0, 45, False, 1
696,0, 45, False, 1
697,15, 60, False, 1
698,0, 60, False, 1
699,0, 60, False, 1
700,0, 60, False, 1
701,0, 60, False, 0
702,0, 60, False, 0
703,0, 60, False, 0
704,0, 60, False, 0
705,0, 60, False, 0
706,0, 60, False, 1
707,0, 60, False, 1
708,0, 60, False, 1
709,0, 60, False, 1
710,0, 60, False, 1
711,0, 60, False, 0
712,0, 60, False, 0
713,0, 60, False, 0
714,0, 60, False, 0
715,0, 60, False, 0
716,0, 60, False, 0
717,0, 60, False, 0
718,0, 60, False, 1
719,0, 60, False, 1
720,0, 60, False, 1
721,0, 60, False, 1
722,0, 60, False, 1
723,0, 60, False, 0
724,0, 60, False, 0
725,0, 60, False, 0
726,0, 60, False, 0
727,0, 60, False, 0
728,0, 60, False, 0
729,0, 60, False, 0
730,0, 60, False, 0
731,0, 60, False, 0
732,0, 60, False, 0
733,0, 60, False, 0
734,0, 60, False, 0
735,0, 60, False, 0
736,0, 60, False, 3
737,0, 60, False, 3
738,0, 60, False, 3
739,0, 60, False, 3
740,0, 60, False, 3
741,0, 60, False, 3
742,0, 60, False, 3
743,0, 60, False, 3
744,0, 60, False, 3
745,0, 60, False, 3
746,0, 60, False, 3
747,0, 60, False, 3
748,0, 60, False, 3
749,0, 60, False, 0
750,0, 60, False, 0
751,20, 80, False, 0
752,0, 80, False, 0
753,0, 80, False, 0
754,0, 80, False, 0
755,0, 80, False, 0
756,0, 80, False, 0
757,0, 80, False, 0
758,0, 80, False, 0
759,0, 80, False, 0
760,0, 80, False, 0
761,0, 80, False, 0
762,0, 80, False, 0
763,0, 80, False, 0
764,0, 80, False, 0
765,0, 80, False, 0
766,0, 80, False, 0
767,0, 80, False, 0
768,0, 80, False, 0
769,0, 80, False, 0
770,0, 80, False, 0
771,0, 80, False, 0
772,0, 80, False, 0
773,0, 80, False, 0
774,0, 80, False, 0
775,0, 80, False, 0
776,0, 80, False, 0
777,0, 80, False, 0
778,0, 80, False, 0
779,0, 80, False, 0
780,0, 80, False, 0
781,0, 80, False, 0
782,0, 80, False, 0
783,0, 80, False, 0
784,0, 80, False, 0
785,0, 80, False, 0
786,0, 80, False, 0
787,0, 80, False, 0
788,0, 80, False, 0
789,0, 80, False, 1
790,0, 80, False, 1
791,0, 80, False, 1
792,0, 80, False, 1
793,0, 80, False, 1
794,0, 80, False, 1
795,0, 80, False, 1
796,0, 80, False, 1
797,0, 80, False, 0
798,0, 80, False, 0
799,0, 80, False, 0
800,0, 80, False, 0
801,0, 80, False, 0
802,0, 80, False, 0
803,0, 80, False, 0
804,0, 80, False, 0
805,0, 80, False, 1
806,0, 80, False, 1
807,0, 80, False, 1
808,0, 80, False, 1
809,0, 80, False, 1
810,0, 80, False, 1
811,0, 80, False, 1
812,0, 80, False, 1
813,0, 80, False, 1
814,0, 80, False, 0
815,0, 80, False, 0
816,0, 80, False, 0
817,0, 80, False, 0
818,0, 80, False, 0
819,0, 80, False, 0
820,0, 80, False, 1
821,0, 80, False, 1
822,0, 80, False, 1
823,0, 80, False, 1
824,0, 80, False, 1
825,0, 80, False, 1
826,0, 80, False, 1
827,0, 80, False, 0
828,0, 80, False, 0
829,0, 80, False, 0
830,0, 80, False, 0
831,0, 80, False, 0
832,0, 80, False, 0
833,0, 80, False, 1
834,0, 80, False, 1
835,0, 80, False, 1
836,0, 80, False, 1
837,0, 80, False, 1
838,0, 80, False, 1
839,0, 80, False, 0
840,0, 80, False, 0
841,0, 80, False, 0
842,0, 80, False, 0
843,0, 80, False, 0
844,0, 80, False, 0
845,0, 80, False, 1
846,0, 80, False, 1
847,0, 80, False, 1
848,0, 80, False, 1
849,0, 80, False, 1
850,0, 80, False, 0
851,25, 105, False, 0
852,0, 105, False, 0
853,0, 105, False, 0
854,0, 105, False, 0
855,0, 105, False, 1
856,0, 105, False, 1
857,0, 105, False, 1
858,0, 105, False, 1
859,0, 105, False, 1
860,0, 105, False, 1
861,0, 105, False, 1
862,0, 105, False, 0
863,0, 105, False, 0
864,0, 105, False, 0
865,0, 105, False, 0
866,0, 105, False, 3
867,0, 105, False, 3
868,0, 105, False, 3
869,0, 105, False, 3
870,0, 105, False, 3
871,0, 105, False, 3
872,0, 105, False, 3
873,0, 105, False, 3
874,0, 105, False, 3
875,0, 105, False, 3
876,0, 105, False, 3
877,0, 105, False, 3
878,0, 105, False, 3
879,0, 105, False, 3
880,0, 105, False, 3
881,0, 105, False, 3
882,0, 105, False, 3
883,0, 105, False, 3
884,0, 105, False, 3
885,0, 105, False, 3
886,0, 105, False, 3
887,0, 105, False, 3
888,0, 105, False, 3
889,0, 105, False, 3
890,0, 105, False, 3
891,0, 105, False, 3
892,0, 105, False, 3
893,0, 105, False, 3
894,0, 105, False, 3
895,0, 105, False, 3
896,0, 105, False, 3
897,0, 105, False, 3
898,0, 105, False, 3
899,0, 105, False, 1
900,0, 105, False, 1
901,0, 105, False, 1
902,0, 105, False, 1
903,0, 105, False, 1
904,0, 105, False, 1
905,0, 105, False, 0
906,0, 105, False, 0
907,0, 105, False, 0
908,0, 105, False, 0
909,0, 105, False, 0
910,0, 105, False, 1
911,0, 105, False, 1
912,0, 105, False, 1
913,0, 105, False, 1
914,0, 105, False, 1
915,0, 105, False, 1
916,0, 105, False, 1
917,0, 105, False, 0
918,0, 105, False, 0
919,0, 105, False, 0
920,0, 105, False, 0
921,0, 105, False, 0
922,0, 105, False, 1
923,0, 105, False, 1
924,0, 105, False, 1
925,0, 105, False, 1
926,0, 105, False, 1
927,30, 135, False, 1
928,0, 135, False, 1
929,0, 135, False, 0
930,0, 135, False, 0
931,0, 135, False, 0
932,0, 135, False, 0
933,0, 135, False, 0
934,0, 135, False, 0
935,0, 135, False, 1
936,0, 135, False, 1
937,0, 135, False, 1
938,0, 135, False, 1
939,0, 135, False, 1
940,0, 135, False, 1
941,0, 135, False, 0
942,0, 135, False, 3
943,0, 135, False, 3
944,0, 135, False, 3
945,0, 135, False, 3
946,0, 135, False, 3
947,0, 135, False, 3
948,0, 135, False, 11
949,0, 135, False, 11
950,0, 135, False, 11
951,0, 135, False, 11
952,0, 135, False, 11
953,0, 135, False, 1
954,0, 135, False, 0
955,0, 135, False, 0
956,0, 135, False, 0
957,0, 135, False, 0
958,0, 135, False, 0
959,0, 135, False, 0
960,0, 135, False, 1
961,0, 135, False, 1
962,0, 135, False, 1
963,0, 135, False, 1
964,0, 135, False, 1
965,0, 135, False, 11
966,0, 135, False, 11
967,0, 135, False, 11
968,0, 135, False, 3
969,0, 135, False, 0
970,0, 135, False, 0
971,0, 135, False, 0
972,0, 135, False, 0
973,0, 135, False, 0
974,0, 135, False, 0
975,20, 155, False, 1
976,0, 155, False, 1
977,0, 155, False, 1
978,0, 155, False, 1
979,0, 155, False, 11
980,0, 155, False, 11
981,0, 155, False, 3
982,0, 155, False, 3
983,0, 155, False, 3
984,0, 155, False, 0
985,0, 155, False, 0
986,0, 155, False, 0
987,0, 155, False, 0
988,0, 155, False, 1
989,0, 155, False, 1
990,0, 155, False, 1
991,0, 155, False, 1
992,0, 155, False, 1
993,0, 155, False, 1
994,0, 155, False, 0
995,0, 155, False, 0
996,0, 155, False, 0
997,0, 155, False, 0
998,0, 155, False, 3
999,0, 155, False, 3
1000,0, 155, False, 3
1001,0, 155, False, 11
1002,0, 155, False, 11
1003,0, 155, False, 1
1004,0, 155, False, 1
1005,0, 155, False, 1
1006,0, 155, False, 0
1007,0, 155, False, 0
1008,0, 155, False, 0
1009,0, 155, False, 0
1010,0, 155, False, 0
1011,0, 155, False, 1
1012,0, 155, False, 1
1013,0, 155, False, 1
1014,0, 155, False, 11
1015,0, 155, False, 11
1016,0, 155, False, 11
1017,0, 155, False, 11
1018,0, 155, False, 3
1019,0, 155, False, 3
1020,0, 155, False, 0
1021,0, 155, False, 0
1022,0, 155, False, 0
1023,0, 155, False, 0
1024,0, 155, False, 1
1025,0, 155, False, 1
1026,0, 155, False, 1
1027,0, 155, False, 1
1028,0, 155, False, 11
1029,0, 155, False, 11
1030,0, 155, False, 11
1031,0, 155, False, 3
1032,0, 155, False, 3
1033,0, 155, False, 3
1034,0, 155, False, 0
1035,0, 155, False, 0
1036,0, 155, False, 0
1037,0, 155, False, 1
1038,0, 155, False, 1
1039,0, 155, False, 1
1040,0, 155, False, 1
1041,0, 155, False, 1
1042,0, 155, False, 1
1043,0, 155, False, 0
1044,0, 155, False, 3
1045,0, 155, False, 3
1046,0, 155, False, 3
1047,0, 155, False, 1
1048,0, 155, False, 1
1049,0, 155, False, 1
1050,0, 155, False, 1
1051,0, 155, False, 1
1052,0, 155, False, 0
1053,0, 155, False, 0
1054,0, 155, False, 0
1055,0, 155, False, 0
1056,0, 155, False, 1
1057,0, 155, False, 1
1058,0, 155, False, 1
1059,0, 155, False, 1
1060,0, 155, False, 1
1061,0, 155, False, 1
1062,0, 155, False, 0
1063,0, 155, False, 0
1064,0, 155, False, 0
1065,0, 155, False, 0
1066,0, 155, False, 1
1067,0, 155, False, 1
1068,0, 155, False, 1
1069,0, 155, False, 1
1070,0, 155, False, 1
1071,0, 155, False, 1
1072,0, 155, False, 0
1073,0, 155, False, 0
1074,0, 155, False, 0
1075,0, 155, False, 0
1076,0, 155, False, 0
1077,0, 155, False, 0
1078,0, 155, False, 1
1079,0, 155, False, 1
1080,0, 155, False, 1
1081,0, 155, False, 1
1082,0, 155, False, 0
1083,0, 155, False, 0
1084,0, 155, False, 0
1085,0, 155, False, 0
1086,0, 155, False, 0
1087,0, 155, False, 0
1088,0, 155, False, 1
1089,0, 155, False, 1
1090,0, 155, False, 1
1091,0, 155, False, 1
1092,0, 155, False, 1
1093,0, 155, False, 1
1094,0, 155, False, 0
1095,0, 155, False, 0
1096,0, 155, False, 0
1097,0, 155, False, 0
1098,0, 155, False, 0
1099,0, 155, False, 0
1100,0, 155, False, 1
1101,0, 155, False, 1
1102,0, 155, False, 1
1103,0, 155, False, 1
1104,0, 155, False, 1
1105,0, 155, False, 0
1106,0, 155, False, 0
1107,0, 155, False, 0
1108,0, 155, False, 0
1109,0, 155, False, 0
1110,0, 155, False, 0
1111,0, 155, False, 0
1112,0, 155, False, 1
1113,0, 155, False, 1
1114,0, 155, False, 1
1115,0, 155, False, 1
1116,0, 155, False, 1
1117,0, 155, False, 1
1118,0, 155, False, 0
1119,0, 155, False, 0
1120,0, 155, False, 0
1121,0, 155, False, 0
1122,0, 155, False, 0
1123,0, 155, False, 0
1124,0, 155, False, 0
1125,0, 155, False, 0
1126,0, 155, False, 0
1127,0, 155, False, 0
1128,0, 155, False, 0
1129,0, 155, False, 3
1130,0, 155, False, 3
1131,0, 155, False, 3
1132,0, 155, False, 3
1133,0, 155, False, 3
1134,0, 155, False, 3
1135,0, 155, False, 3
1136,0, 155, False, 3
1137,0, 155, False, 3
1138,0, 155, False, 3
1139,0, 155, False, 3
1140,0, 155, False, 3
1141,0, 155, False, 3
1142,0, 155, False, 3
1143,0, 155, False, 3
1144,0, 155, False, 3
1145,0, 155, False, 3
1146,0, 155, False, 3
1147,0, 155, False, 3
1148,0, 155, False, 3
1149,0, 155, False, 0
1150,0, 155, False, 0
1151,0, 155, False, 0
1152,0, 155, False, 0
1153,0, 155, False, 0
1154,0, 155, False, 1
1155,0, 155, False, 1
1156,0, 155, False, 1
1157,0, 155, False, 1
1158,0, 155, False, 1
1159,0, 155, False, 0
1160,0, 155, False, 0
1161,0, 155, False, 0
1162,0, 155, False, 0
1163,0, 155, False, 0
1164,0, 155, False, 0
1165,0, 155, False, 0
1166,0, 155, False, 1
1167,0, 155, False, 1
1168,0, 155, False, 1
1169,0, 155, False, 1
1170,0, 155, False, 1
1171,0, 155, False, 1
1172,0, 155, False, 1
1173,0, 155, False, 1
1174,0, 155, False, 0
1175,0, 155, False, 0
1176,0, 155, False, 0
1177,0, 155, False, 0
1178,0, 155, False, 0
1179,0, 155, False, 0
1180,0, 155, False, 0
1181,0, 155, False, 0
1182,0, 155, False, 0
1183,0, 155, False, 0
1184,0, 155, False, 0
1185,0, 155, False, 0
1186,0, 155, False, 0
1187,0, 155, False, 1
1188,0, 155, False, 1
1189,0, 155, False, 1
1190,0, 155, False, 1
1191,0, 155, False, 1
1192,0, 155, False, 1
1193,0, 155, False, 0
1194,0, 155, False, 0
1195,0, 155, False, 0
1196,0, 155, False, 0
1197,0, 155, False, 0
1198,0, 155, False, 0
1199,0, 155, False, 3
1200,0, 155, False, 3
1201,0, 155, False, 3
1202,0, 155, False, 3
1203,0, 155, False, 3
1204,0, 155, False, 3
1205,0, 155, False, 3
1206,0, 155, False, 3
1207,0, 155, False, 3
1208,0, 155, False, 3
1209,0, 155, False, 3
1210,0, 155, False, 3
1211,0, 155, False, 3
1212,0, 155, False, 3
1213,0, 155, False, 3
1214,0, 155, False, 3
1215,0, 155, False, 3
1216,0, 155, False, 0
1217,0, 155, False, 0
1218,0, 155, False, 0
1219,0, 155, False, 0
1220,0, 155, False, 0
1221,0, 155, False, 0
1222,0, 155, False, 1
1223,0, 155, False, 1
1224,0, 155, False, 1
1225,0, 155, False, 1
1226,0, 155, False, 1
1227,0, 155, False, 1
1228,0, 155, False, 1
1229,0, 155, False, 1
1230,0, 155, False, 0
1231,0, 155, False, 0
1232,0, 155, False, 0
1233,0, 155, False, 0
1234,0, 155, False, 0
1235,0, 155, False, 0
1236,0, 155, False, 1
1237,0, 155, False, 1
1238,0, 155, False, 1
1239,0, 155, False, 1
1240,0, 155, False, 1
1241,0, 155, False, 1
1242,0, 155, False, 1
1243,0, 155, False, 0
1244,0, 155, False, 0
1245,0, 155, False, 0
1246,0, 155, False, 0
1247,0, 155, False, 0
1248,0, 155, False, 0
1249,0, 155, False, 1
1250,0, 155, False, 1
1251,0, 155, False, 1
1252,0, 155, False, 1
1253,10, 165, False, 1
1254,0, 165, False, 0
1255,0, 165, False, 0
1256,0, 165, False, 0
1257,0, 165, False, 0
1258,0, 165, False, 0
1259,0, 165, False, 0
1260,0, 165, False, 0
1261,0, 165, False, 0
1262,0, 165, False, 1
1263,0, 165, False, 1
1264,0, 165, False, 11
1265,0, 165, False, 11
1266,0, 165, False, 11
1267,0, 165, False, 11
1268,0, 165, False, 3
1269,0, 165, False, 3
1270,0, 165, False, 3
1271,0, 165, False, 0
1272,0, 165, False, 0
1273,0, 165, False, 0
1274,0, 165, False, 1
1275,0, 165, False, 1
1276,0, 165, False, 1
1277,0, 165, False, 1
1278,0, 165, False, 1
1279,0, 165, False, 1
1280,0, 165, False, 1
1281,0, 165, False, 0
1282,0, 165, False, 0
1283,5, 170, False, 0
1284,0, 170, False, 0
1285,0, 170, False, 0
1286,0, 170, False, 0
1287,0, 170, False, 0
1288,0, 170, False, 1
1289,0, 170, False, 1
1290,0, 170, False, 1
1291,0, 170, False, 1
1292,0, 170, False, 1
1293,0, 170, False, 1
1294,0, 170, False, 1
1295,0, 170, False, 0
1296,0, 170, False, 0
1297,0, 170, False, 0
1298,0, 170, False, 0
1299,0, 170, False, 0
1300,0, 170, False, 0
1301,0, 170, False, 1
1302,0, 170, False, 1
1303,0, 170, False, 1
1304,0, 170, False, 1
1305,0, 170, False, 1
1306,0, 170, False, 1
1307,0, 170, False, 0
1308,0, 170, False, 0
1309,0, 170, False, 0
1310,0, 170, False, 0
1311,0, 170, False, 0
1312,0, 170, False, 0
1313,0, 170, False, 1
1314,0, 170, False, 1
1315,0, 170, False, 1
1316,0, 170, False, 1
1317,0, 170, False, 1
1318,0, 170, False, 1
1319,0, 170, False, 0
1320,0, 170, False, 0
1321,0, 170, False, 0
1322,0, 170, False, 0
1323,0, 170, False, 0
1324,0, 170, False, 0
1325,0, 170, False, 0
1326,0, 170, False, 1
1327,15, 185, False, 1
1328,0, 185, False, 1
1329,0, 185, False, 1
1330,0, 185, False, 0
1331,0, 185, False, 0
1332,0, 185, False, 0
1333,0, 185, False, 0
1334,0, 185, False, 0
1335,0, 185, False, 0
1336,0, 185, False, 0
1337,0, 185, False, 1
1338,0, 185, False, 1
1339,0, 185, False, 1
1340,0, 185, False, 1
1341,0, 185, False, 1
1342,0, 185, False, 0
1343,0, 185, False, 0
1344,0, 185, False, 0
1345,0, 185, False, 0
1346,0, 185, False, 0
1347,0, 185, False, 0
1348,0, 185, False, 1
1349,0, 185, False, 1
1350,0, 185, False, 1
1351,0, 185, False, 1
1352,0, 185, False, 1
1353,0, 185, False, 0
1354,0, 185, False, 0
1355,0, 185, False, 0
1356,0, 185, False, 0
1357,0, 185, False, 0
1358,0, 185, False, 0
1359,0, 185, False, 0
1360,0, 185, False, 0
1361,0, 185, False, 1
1362,0, 185, False, 1
1363,0, 185, False, 1
1364,0, 185, False, 1
1365,0, 185, False, 0
1366,0, 185, False, 0
1367,0, 185, False, 0
1368,0, 185, False, 0
1369,0, 185, False, 0
1370,0, 185, False, 0
1371,0, 185, False, 0
1372,0, 185, False, 1
1373,0, 185, False, 1
1374,0, 185, False, 1
1375,0, 185, False, 1
1376,0, 185, False, 1
1377,20, 205, False, 1
1378,0, 205, False, 0
1379,0, 205, False, 0
1380,0, 205, False, 0
1381,0, 205, False, 0
1382,0, 205, False, 0
1383,0, 205, False, 0
1384,0, 205, False, 1
1385,0, 205, False, 1
1386,0, 205, False, 1
1387,0, 205, False, 1
1388,0, 205, False, 1
1389,0, 205, False, 0
1390,0, 205, False, 0
1391,0, 205, False, 0
1392,0, 205, False, 0
1393,0, 205, False, 0
1394,0, 205, False, 1
1395,0, 205, False, 1
1396,0, 205, False, 1
1397,0, 205, False, 1
1398,0, 205, False, 11
1399,0, 205, False, 3
1400,0, 205, False, 3
1401,0, 205, False, 3
1402,0, 205, False, 3
1403,0, 205, False, 3
1404,0, 205, False, 3
1405,0, 205, False, 3
1406,0, 205, False, 3
1407,0, 205, False, 3
1408,0, 205, False, 3
1409,0, 205, False, 3
1410,0, 205, False, 0
1411,0, 205, False, 0
1412,0, 205, False, 0
1413,0, 205, False, 0
1414,0, 205, False, 0
1415,0, 205, False, 0
1416,0, 205, False, 0
1417,0, 205, False, 0
1418,0, 205, False, 0
1419,0, 205, False, 0
1420,0, 205, False, 0
1421,0, 205, False, 0
1422,0, 205, False, 0
1423,0, 205, False, 0
1424,0, 205, False, 0
1425,0, 205, False, 0
1426,0, 205, False, 0
1427,0, 205, False, 0
1428,0, 205, False, 0
1429,0, 205, False, 0
1430,0, 205, False, 0
1431,0, 205, False, 3
1432,0, 205, False, 3
1433,0, 205, False, 3
1434,0, 205, False, 3
1435,0, 205, False, 3
1436,0, 205, False, 3
1437,0, 205, False, 3
1438,0, 205, False, 3
1439,0, 205, False, 0
1440,0, 205, False, 0
1441,0, 205, False, 0
1442,0, 205, False, 0
1443,25, 230, False, 0
1444,0, 230, False, 0
1445,0, 230, False, 0
1446,0, 230, False, 0
1447,0, 230, False, 4
1448,0, 230, False, 4
1449,0, 230, False, 4
1450,0, 230, False, 4
1451,0, 230, False, 4
1452,0, 230, False, 4
1453,0, 230, False, 4
1454,0, 230, False, 4
1455,0, 230, False, 4
1456,0, 230, False, 4
1457,0, 230, False, 4
1458,0, 230, False, 4
1459,0, 230, False, 4
1460,0, 230, False, 4
1461,0, 230, False, 4
1462,0, 230, False, 4
1463,0, 230, False, 4
1464,0, 230, False, 4
1465,0, 230, False, 4
1466,0, 230, False, 4
1467,0, 230, False, 4
1468,0, 230, False, 4
1469,0, 230, False, 4
1470,0, 230, False, 4
1471,0, 230, False, 0
1472,0, 230, False, 0
1473,0, 230, False, 0
1474,0, 230, False, 0
1475,0, 230, False, 0
1476,0, 230, False, 0
1477,0, 230, False, 0
1478,0, 230, False, 0
1479,0, 230, False, 0
1480,0, 230, False, 0
1481,0, 230, False, 0
1482,0, 230, False, 0
1483,0, 230, False, 0
1484,0, 230, False, 0
1485,0, 230, False, 0
1486,0, 230, False, 0
1487,0, 230, False, 0
1488,0, 230, False, 0
1489,0, 230, False, 0
1490,0, 230, False, 0
1491,0, 230, False, 0
1492,0, 230, False, 0
1493,0, 230, False, 0
1494,0, 230, False, 0
1495,0, 230, False, 0
1496,0, 230, False, 0
1497,0, 230, False, 0
1498,0, 230, False, 0
1499,0, 230, False, 0
1500,0, 230, False, 0
1501,0, 230, False, 0
1502,0, 230, False, 0
1503,0, 230, False, 0
1504,0, 230, False, 0
1505,0, 230, False, 0
1506,0, 230, False, 0
1507,0, 230, False, 0
1508,0, 230, False, 0
1509,0, 230, False, 0
1510,0, 230, False, 0
1511,0, 230, False, 4
1512,0, 230, False, 4
1513,0, 230, False, 4
1514,0, 230, False, 4
1515,0, 230, False, 4
1516,0, 230, False, 4
1517,0, 230, False, 4
1518,0, 230, False, 4
1519,0, 230, False, 4
1520,0, 230, False, 4
1521,0, 230, False, 4
1522,0, 230, False, 4
1523,0, 230, False, 4
1524,0, 230, False, 4
1525,0, 230, False, 4
1526,0, 230, False, 4
1527,0, 230, False, 4
1528,0, 230, False, 4
1529,0, 230, False, 4
1530,0, 230, False, 4
1531,0, 230, False, 0
1532,0, 230, False, 0
1533,0, 230, False, 0
1534,0, 230, False, 0
1535,0, 230, False, 0
1536,0, 230, False, 0
1537,0, 230, False, 0
1538,0, 230, False, 0
1539,0, 230, False, 0
1540,0, 230, False, 0
1541,0, 230, False, 0
1542,0, 230, False, 0
1543,0, 230, False, 0
1544,0, 230, False, 0
1545,0, 230, False, 0
1546,0, 230, False, 0
1547,0, 230, False, 0
1548,0, 230, False, 0
1549,0, 230, False, 0
1550,0, 230, False, 0
1551,0, 230, False, 0
1552,0, 230, False, 0
1553,0, 230, False, 0
1554,0, 230, False, 0
1555,0, 230, False, 0
1556,0, 230, False, 0
1557,0, 230, False, 0
1558,0, 230, False, 0
1559,0, 230, False, 0
1560,0, 230, False, 0
1561,0, 230, False, 0
1562,0, 230, False, 0
1563,0, 230, False, 0
1564,0, 230, False, 0
1565,0, 230, False, 0
1566,0, 230, False, 0
1567,0, 230, False, 0
1568,0, 230, False, 0
1569,0, 230, False, 0
1570,0, 230, False, 0
1571,0, 230, False, 0
1572,0, 230, False, 0
1573,0, 230, False, 0
1574,0, 230, False, 0
1575,0, 230, False, 0
1576,0, 230, False, 0
1577,0, 230, False, 0
1578,0, 230, False, 0
1579,0, 230, False, 0
1580,0, 230, False, 0
1581,0, 230, False, 0
1582,0, 230, False, 0
1583,0, 230, False, 0
1584,0, 230, False, 0
1585,0, 230, False, 0
1586,0, 230, False, 0
1587,0, 230, False, 0
1588,0, 230, False, 0
1589,0, 230, False, 0
1590,0, 230, False, 0
1591,0, 230, False, 0
1592,0, 230, False, 0
1593,0, 230, False, 0
1594,0, 230, False, 0
1595,0, 230, False, 0
1596,0, 230, False, 0
1597,0, 230, False, 0
1598,0, 230, False, 0
1599,0, 230, False, 0
1600,0, 230, False, 0
1601,0, 230, False, 0
1602,0, 230, False, 0
1603,0, 230, False, 0
1604,0, 230, False, 0
1605,0, 230, False, 0
1606,0, 230, False, 0
1607,0, 230, False, 0
1608,0, 230, False, 0
1609,0, 230, False, 0
1610,0, 230, False, 0
1611,0, 230, False, 0
1612,0, 230, False, 0
1613,0, 230, False, 0
1614,0, 230, False, 0
1615,0, 230, False, 0
1616,0, 230, False, 0
1617,0, 230, False, 0
1618,0, 230, False, 0
1619,0, 230, False, 0
1620,0, 230, False, 0
1621,0, 230, False, 0
1622,0, 230, False, 0
1623,0, 230, False, 0
1624,0, 230, False, 0
1625,0, 230, False, 0
1626,0, 230, False, 0
1627,0, 230, False, 0
1628,0, 230, False, 0
1629,0, 230, False, 0
1630,0, 230, False, 0
1631,0, 230, False, 0
1632,0, 230, False, 0
1633,0, 230, False, 0
1634,0, 230, False, 0
1635,0, 230, False, 0
1636,0, 230, False, 0
1637,0, 230, False, 0
1638,0, 230, False, 0
1639,0, 230, False, 0
1640,0, 230, False, 0
1641,0, 230, False, 0
1642,0, 230, False, 0
1643,0, 230, False, 0
1644,0, 230, False, 0
1645,0, 230, False, 0
1646,0, 230, False, 0
1647,0, 230, False, 0
1648,0, 230, False, 0
1649,0, 230, False, 0
1650,0, 230, False, 0
1651,0, 230, False, 0
1652,0, 230, False, 0
1653,0, 230, False, 0
1654,0, 230, False, 0
1655,0, 230, False, 0
1656,0, 230, False, 0
1657,0, 230, False, 0
1658,0, 230, False, 0
1659,0, 230, False, 0
1660,0, 230, False, 0
1661,0, 230, False, 0
1662,0, 230, False, 0
1663,0, 230, False, 0
1664,0, 230, False, 0
1665,0, 230, False, 0
1666,0, 230, False, 0
1667,0, 230, False, 0
1668,0, 230, False, 0
1669,0, 230, False, 0
1670,0, 230, False, 0
1671,0, 230, False, 0
1672,0, 230, False, 0
1673,0, 230, False, 0
1674,0, 230, False, 0
1675,0, 230, False, 0
1676,0, 230, False, 0
1677,0, 230, False, 1
1678,0, 230, False, 1
1679,0, 230, False, 1
1680,0, 230, False, 1
1681,0, 230, False, 1
1682,0, 230, False, 1
1683,0, 230, False, 0
1684,0, 230, False, 0
1685,0, 230, False, 0
1686,0, 230, False, 0
1687,0, 230, False, 0
1688,0, 230, False, 0
1689,0, 230, False, 0
1690,0, 230, False, 0
1691,0, 230, False, 0
1692,0, 230, False, 0
1693,0, 230, False, 0
1694,0, 230, False, 0
1695,0, 230, False, 0
1696,0, 230, False, 0
1697,0, 230, False, 0
1698,0, 230, False, 0
1699,0, 230, False, 0
1700,0, 230, False, 0
1701,0, 230, False, 0
1702,0, 230, False, 0
1703,0, 230, False, 0
1704,0, 230, False, 0
1705,0, 230, False, 0
1706,0, 230, False, 0
1707,0, 230, False, 0
1708,0, 230, False, 0
1709,0, 230, False, 0
1710,0, 230, False, 0
1711,0, 230, False, 0
1712,0, 230, False, 0
1713,0, 230, False, 0
1714,0, 230, False, 0
1715,0, 230, False, 0
1716,0, 230, False, 0
1717,0, 230, False, 0
1718,0, 230, False, 0
1719,0, 230, False, 0
1720,0, 230, False, 0
1721,0, 230, False, 0
1722,0, 230, False, 0
1723,0, 230, False, 0
1724,0, 230, False, 0
1725,0, 230, False, 0
1726,0, 230, False, 0
1727,0, 230, False, 0
1728,0, 230, False, 0
1729,0, 230, False, 0
1730,0, 230, False, 0
1731,0, 230, False, 0
1732,0, 230, False, 0
1733,0, 230, False, 0
1734,0, 230, False, 0
1735,0, 230, False, 0
1736,0, 230, False, 0
1737,0, 230, False, 0
1738,0, 230, False, 0
1739,0, 230, False, 0
1740,0, 230, False, 0
1741,0, 230, False, 0
1742,0, 230, False, 0
1743,0, 230, False, 0
1744,0, 230, False, 0
1745,0, 230, False, 0
1746,0, 230, False, 0
1747,0, 230, False, 0
1748,0, 230, False, 0
1749,0, 230, False, 0
1750,0, 230, False, 0
1751,0, 230, False, 0
1752,0, 230, False, 0
1753,0, 230, False, 0
1754,0, 230, False, 0
1755,0, 230, False, 0
1756,0, 230, False, 0
1757,0, 230, False, 0
1758,0, 230, False, 0
1759,0, 230, False, 0
1760,0, 230, False, 0
1761,0, 230, False, 0
1762,0, 230, False, 0
1763,0, 230, False, 0
1764,0, 230, False, 0
1765,0, 230, False, 0
1766,0, 230, False, 0
1767,0, 230, False, 0
1768,0, 230, False, 0
1769,0, 230, False, 0
1770,0, 230, False, 0
1771,0, 230, False, 0
1772,0, 230, False, 0
1773,0, 230, False, 0
1774,0, 230, False, 0
1775,0, 230, False, 0
1776,0, 230, False, 0
1777,0, 230, False, 0
1778,0, 230, False, 0
1779,0, 230, False, 0
1780,0, 230, False, 0
1781,0, 230, False, 0
1782,0, 230, False, 0
1783,0, 230, False, 0
1784,0, 230, False, 0
1785,0, 230, False, 0
1786,0, 230, False, 0
1787,0, 230, False, 0
1788,0, 230, False, 0
1789,0, 230, False, 0
1790,0, 230, False, 0
1791,0, 230, False, 0
1792,0, 230, False, 0
1793,0, 230, False, 0
1794,0, 230, False, 0
1795,0, 230, False, 0
1796,0, 230, False, 0
1797,0, 230, False, 0
1798,0, 230, False, 0
1799,0, 230, False, 0
1800,0, 230, False, 0
1801,0, 230, False, 0
1802,0, 230, False, 0
1803,0, 230, False, 0
1804,0, 230, False, 0
1805,0, 230, False, 0
1806,0, 230, False, 0
1807,0, 230, False, 0
1808,0, 230, False, 0
1809,0, 230, False, 0
1810,0, 230, False, 0
1811,0, 230, False, 0
1812,0, 230, False, 0
1813,0, 230, False, 0
1814,0, 230, False, 0
1815,0, 230, False, 0
1816,0, 230, False, 0
1817,0, 230, False, 0
1818,0, 230, False, 0
1819,0, 230, False, 0
1820,0, 230, False, 0
1821,0, 230, False, 0
1822,0, 230, False, 0
1823,0, 230, False, 0
1824,0, 230, False, 0
1825,0, 230, False, 0
1826,0, 230, False, 0
1827,0, 230, False, 0
1828,0, 230, False, 0
1829,0, 230, False, 0
1830,0, 230, False, 0
1831,0, 230, False, 0
1832,0, 230, False, 0
1833,0, 230, False, 0
1834,0, 230, False, 0
1835,0, 230, False, 0
1836,0, 230, False, 0
1837,0, 230, False, 0
1838,0, 230, False, 0
1839,0, 230, False, 0
1840,0, 230, False, 0
1841,0, 230, False, 0
1842,0, 230, False, 0
1843,0, 230, False, 0
1844,0, 230, False, 0
1845,0, 230, False, 0
1846,0, 230, False, 0
1847,0, 230, False, 0
1848,0, 230, False, 0
1849,0, 230, False, 0
1850,0, 230, False, 0
1851,0, 230, False, 0
1852,0, 230, False, 0
1853,0, 230, False, 0
1854,0, 230, False, 0
1855,0, 230, False, 0
1856,0, 230, False, 0
1857,0, 230, False, 0
1858,0, 230, False, 0
1859,0, 230, False, 0
1860,0, 230, False, 0
1861,0, 230, False, 0
1862,0, 230, False, 0
1863,0, 230, False, 0
1864,0, 230, False, 0
1865,0, 230, False, 0
1866,0, 230, False, 0
1867,0, 230, False, 0
1868,0, 230, False, 0
1869,0, 230, False, 0
1870,0, 230, False, 0
1871,0, 230, False, 0
1872,0, 230, False, 0
1873,0, 230, False, 0
1874,0, 230, False, 0
1875,0, 230, False, 0
1876,0, 230, False, 0
1877,0, 230, False, 3
1878,0, 230, False, 3
1879,0, 230, False, 3
1880,0, 230, False, 3
1881,0, 230, False, 3
1882,0, 230, False, 3
1883,0, 230, False, 3
1884,0, 230, False, 3
1885,0, 230, False, 3
1886,0, 230, False, 3
1887,0, 230, False, 3
1888,0, 230, False, 3
1889,0, 230, False, 3
1890,0, 230, False, 3
1891,0, 230, False, 0
1892,0, 230, False, 0
1893,0, 230, False, 0
1894,0, 230, False, 0
1895,0, 230, False, 0
1896,0, 230, False, 0
1897,0, 230, False, 0
1898,0, 230, False, 0
1899,0, 230, False, 0
1900,0, 230, False, 0
1901,0, 230, False, 0
1902,0, 230, False, 0
1903,0, 230, False, 0
1904,0, 230, False, 0
1905,0, 230, False, 0
1906,0, 230, False, 0
1907,0, 230, False, 0
1908,0, 230, False, 0
1909,0, 230, False, 0
1910,0, 230, False, 0
1911,0, 230, False, 0
1912,0, 230, False, 0
1913,0, 230, False, 0
1914,0, 230, False, 0
1915,0, 230, False, 0
1916,0, 230, False, 0
1917,0, 230, False, 0
1918,0, 230, False, 0
1919,0, 230, False, 0
1920,0, 230, False, 0
1921,0, 230, False, 0
1922,0, 230, False, 0
1923,0, 230, False, 0
1924,0, 230, False, 0
1925,0, 230, False, 3
1926,0, 230, False, 3
1927,0, 230, False, 3
1928,0, 230, False, 3
1929,0, 230, False, 3
1930,0, 230, False, 3
1931,0, 230, False, 3
1932,0, 230, False, 3
1933,0, 230, False, 3
1934,0, 230, False, 3
1935,0, 230, False, 3
1936,0, 230, False, 3
1937,0, 230, False, 3
1938,0, 230, False, 3
1939,0, 230, False, 3
1940,0, 230, False, 3
1941,0, 230, False, 3
1942,0, 230, False, 3
1943,0, 230, False, 3
1944,0, 230, False, 3
1945,0, 230, False, 3
1946,0, 230, False, 3
1947,0, 230, False, 3
1948,0, 230, False, 3
1949,0, 230, False, 3
1950,0, 230, False, 3
1951,0, 230, False, 3
1952,0, 230, False, 3
1953,0, 230, False, 3
1954,0, 230, False, 3
1955,0, 230, False, 3
1956,0, 230, False, 11
1957,0, 230, False, 1
1958,0, 230, False, 1
1959,0, 230, False, 1
1960,0, 230, False, 1
1961,0, 230, False, 1
1962,0, 230, False, 1
1963,0, 230, False, 1
1964,0, 230, False, 1
1965,0, 230, False, 0
1966,0, 230, False, 0
1967,0, 230, False, 0
1968,0, 230, False, 0
1969,0, 230, False, 0
1970,0, 230, False, 0
1971,0, 230, False, 1
1972,0, 230, False, 1
1973,0, 230, False, 1
1974,0, 230, False, 1
1975,0, 230, False, 1
1976,0, 230, False, 1
1977,0, 230, False, 0
1978,0, 230, False, 0
1979,0, 230, False, 0
1980,0, 230, False, 0
1981,0, 230, False, 0
1982,0, 230, False, 1
1983,0, 230, False, 1
1984,0, 230, False, 1
1985,0, 230, False, 1
1986,0, 230, False, 1
1987,0, 230, False, 1
1988,0, 230, False, 1
1989,0, 230, False, 0
1990,0, 230, False, 0
1991,0, 230, False, 0
1992,0, 230, False, 0
1993,0, 230, False, 0
1994,0, 230, False, 1
1995,0, 230, False, 1
1996,0, 230, False, 1
1997,0, 230, False, 1
1998,0, 230, False, 1
1999,0, 230, False, 1
2000,0, 230, False, 1
2001,0, 230, False, 0
2002,0, 230, False, 0
2003,0, 230, False, 0
2004,0, 230, False, 0
2005,0, 230, False, 0
2006,0, 230, False, 1
2007,0, 230, False, 1
2008,0, 230, False, 1
2009,25, 255, False, 1
2010,0, 255, False, 1
2011,0, 255, False, 1
2012,0, 255, False, 1
2013,0, 255, False, 0
2014,0, 255, False, 0
2015,0, 255, False, 0
2016,0, 255, False, 0
2017,0, 255, False, 0
2018,0, 255, False, 1
2019,0, 255, False, 1
2020,0, 255, False, 1
2021,0, 255, False, 1
2022,0, 255, False, 1
2023,0, 255, False, 1
2024,0, 255, False, 0
2025,0, 255, False, 0
2026,0, 255, False, 0
2027,0, 255, False, 0
2028,0, 255, False, 0
2029,0, 255, False, 0
2030,0, 255, False, 1
2031,0, 255, False, 1
2032,0, 255, False, 1
2033,0, 255, False, 1
2034,0, 255, False, 1
2035,0, 255, False, 1
2036,0, 255, False, 0
2037,0, 255, False, 0
2038,0, 255, False, 0
2039,0, 255, False, 0
2040,0, 255, False, 1
2041,0, 255, False, 1
2042,0, 255, False, 1
2043,0, 255, False, 1
2044,0, 255, False, 11
2045,0, 255, False, 11
2046,0, 255, False, 3
2047,0, 255, False, 3
2048,0, 255, False, 3
2049,0, 255, False, 3
2050,0, 255, False, 3
2051,0, 255, False, 3
2052,0, 255, False, 3
2053,0, 255, False, 3
2054,0, 255, False, 3
2055,0, 255, False, 3
2056,0, 255, False, 3
2057,0, 255, False, 3
2058,0, 255, False, 3
2059,0, 255, False, 3
2060,0, 255, False, 3
2061,0, 255, False, 3
2062,0, 255, False, 3
2063,0, 255, False, 3
2064,0, 255, False, 3
2065,0, 255, False, 3
2066,0, 255, False, 3
2067,0, 255, False, 11
2068,0, 255, False, 11
2069,0, 255, False, 11
2070,0, 255, False, 11
2071,0, 255, False, 11
2072,0, 255, False, 11
2073,0, 255, False, 11
2074,0, 255, False, 11
2075,0, 255, False, 11
2076,0, 255, False, 11
2077,0, 255, False, 11
2078,0, 255, False, 11
2079,0, 255, False, 11
2080,0, 255, False, 11
2081,0, 255, False, 11
2082,0, 255, False, 11
2083,0, 255, False, 11
2084,0, 255, False, 3
2085,0, 255, False, 3
2086,0, 255, False, 3
2087,0, 255, False, 3
2088,0, 255, False, 3
2089,0, 255, False, 3
2090,0, 255, False, 3
2091,0, 255, False, 3
2092,0, 255, False, 3
2093,0, 255, False, 3
2094,0, 255, False, 3
2095,0, 255, False, 3
2096,0, 255, False, 3
2097,0, 255, False, 3
2098,0, 255, False, 3
2099,0, 255, False, 3
2100,0, 255, False, 3
2101,0, 255, False, 3
2102,0, 255, False, 3
2103,0, 255, False, 3
2104,0, 255, False, 3
2105,0, 255, False, 3
2106,0, 255, False, 3
2107,0, 255, False, 11
2108,0, 255, False, 11
2109,0, 255, False, 11
2110,0, 255, False, 11
2111,0, 255, False, 11
2112,0, 255, False, 11
2113,0, 255, False, 3
2114,0, 255, False, 0
2115,0, 255, False, 0
2116,0, 255, False, 0
2117,0, 255, False, 0
2118,0, 255, False, 1
2119,0, 255, False, 1
2120,0, 255, False, 1
2121,0, 255, False, 1
2122,0, 255, False, 1
2123,5, 260, False, 1
2124,0, 260, False, 1
2125,0, 260, False, 0
2126,0, 260, False, 0
2127,0, 260, False, 0
2128,0, 260, False, 0
2129,0, 260, False, 1
2130,0, 260, False, 1
2131,0, 260, False, 1
2132,0, 260, False, 1
2133,0, 260, False, 1
2134,0, 260, False, 1
2135,0, 260, False, 0
2136,0, 260, False, 0
2137,0, 260, False, 0
2138,0, 260, False, 0
2139,0, 260, False, 0
2140,0, 260, False, 1
2141,0, 260, False, 1
2142,0, 260, False, 1
2143,0, 260, False, 1
2144,0, 260, False, 1
2145,0, 260, False, 0
2146,0, 260, False, 0
2147,10, 270, False, 0
2148,0, 270, False, 0
2149,0, 270, False, 0
2150,0, 270, False, 1
2151,0, 270, False, 1
2152,0, 270, False, 1
2153,0, 270, False, 1
2154,0, 270, False, 1
2155,0, 270, False, 1
2156,0, 270, False, 0
2157,0, 270, False, 0
2158,0, 270, False, 0
2159,0, 270, False, 0
2160,0, 270, False, 0
2161,0, 270, False, 1
2162,0, 270, False, 11
2163,0, 270, False, 11
2164,0, 270, False, 11
2165,0, 270, False, 11
2166,0, 270, False, 3
2167,0, 270, False, 3
2168,0, 270, False, 3
2169,0, 270, False, 3
2170,0, 270, False, 0
2171,0, 270, False, 0
2172,0, 270, False, 1
2173,0, 270, False, 1
2174,0, 270, False, 1
2175,0, 270, False, 1
2176,0, 270, False, 1
2177,0, 270, False, 0
2178,0, 270, False, 0
2179,0, 270, False, 0
2180,0, 270, False, 0
2181,0, 270, False, 0
2182,0, 270, False, 1
2183,0, 270, False, 1
2184,0, 270, False, 1
2185,15, 285, False, 1
2186,0, 285, False, 0
2187,0, 285, False, 0
2188,0, 285, False, 0
2189,0, 285, False, 0
2190,0, 285, False, 0
2191,0, 285, False, 0
2192,0, 285, False, 0
2193,0, 285, False, 1
2194,0, 285, False, 1
2195,0, 285, False, 1
2196,0, 285, False, 1
2197,0, 285, False, 1
2198,0, 285, False, 0
2199,0, 285, False, 0
2200,0, 285, False, 0
2201,0, 285, False, 0
2202,0, 285, False, 0
2203,0, 285, False, 1
2204,0, 285, False, 1
2205,0, 285, False, 1
2206,0, 285, False, 1
2207,0, 285, False, 1
2208,0, 285, False, 0
2209,0, 285, False, 0
2210,0, 285, False, 0
2211,0, 285, False, 0
2212,0, 285, False, 0
2213,0, 285, False, 1
2214,0, 285, False, 1
2215,0, 285, False, 1
2216,0, 285, False, 1
2217,0, 285, False, 1
2218,0, 285, False, 1
2219,0, 285, False, 0
2220,0, 285, False, 0
2221,0, 285, False, 0
2222,0, 285, False, 0
2223,0, 285, False, 0
2224,0, 285, False, 1
2225,0, 285, False, 1
2226,0, 285, False, 1
2227,0, 285, False, 1
2228,0, 285, False, 1
2229,0, 285, False, 0
2230,0, 285, False, 0
2231,0, 285, False, 0
2232,0, 285, False, 0
2233,0, 285, False, 0
2234,0, 285, False, 0
2235,0, 285, False, 0
2236,0, 285, False, 11
2237,20, 305, False, 11
2238,0, 305, False, 11
2239,0, 305, False, 11
2240,0, 305, False, 11
2241,0, 305, False, 3
2242,0, 305, False, 3
2243,0, 305, False, 3
2244,0, 305, False, 3
2245,0, 305, False, 3
2246,0, 305, False, 3
2247,0, 305, False, 3
2248,0, 305, False, 3
2249,0, 305, False, 3
2250,0, 305, False, 3
2251,0, 305, False, 3
2252,0, 305, False, 3
2253,0, 305, False, 3
2254,0, 305, False, 3
2255,0, 305, False, 3
2256,0, 305, False, 11
2257,0, 305, False, 11
2258,0, 305, False, 11
2259,0, 305, False, 11
2260,0, 305, False, 11
2261,0, 305, False, 3
2262,0, 305, False, 3
2263,0, 305, False, 3
2264,0, 305, False, 3
2265,0, 305, False, 3
2266,0, 305, False, 3
2267,0, 305, False, 11
2268,0, 305, False, 11
2269,0, 305, False, 11
2270,0, 305, False, 11
2271,0, 305, False, 11
2272,0, 305, False, 11
2273,0, 305, False, 3
2274,0, 305, False, 3
2275,0, 305, False, 3
2276,0, 305, False, 3
2277,0, 305, False, 3
2278,0, 305, False, 3
2279,0, 305, False, 3
2280,0, 305, False, 11
2281,0, 305, False, 11
2282,0, 305, False, 11
2283,25, 330, False, 11
2284,0, 330, False, 3
2285,0, 330, False, 3
2286,0, 330, False, 3
2287,0, 330, False, 3
2288,0, 330, False, 3
2289,0, 330, False, 3
2290,0, 330, False, 3
2291,0, 330, False, 11
2292,0, 330, False, 11
2293,0, 330, False, 11
2294,0, 330, False, 11
2295,0, 330, False, 11
2296,0, 330, False, 1
2297,0, 330, False, 1
2298,0, 330, False, 0
2299,0, 330, False, 0
2300,0, 330, False, 0
2301,0, 330, False, 0
2302,0, 330, False, 0
2303,0, 330, False, 0
2304,0, 330, False, 0
2305,0, 330, False, 1
2306,0, 330, False, 1
2307,0, 330, False, 1
2308,0, 330, False, 1
2309,0, 330, False, 1
2310,0, 330, False, 1
2311,0, 330, False, 0
2312,0, 330, False, 0
2313,0, 330, False, 0
2314,0, 330, False, 0
2315,0, 330, False, 0
2316,0, 330, False, 1
2317,0, 330, False, 1
2318,0, 330, False, 1
2319,0, 330, False, 1
2320,0, 330, False, 1
2321,0, 330, False, 1
2322,0, 330, False, 0
2323,0, 330, False, 0
2324,0, 330, False, 0
2325,0, 330, False, 0
2326,0, 330, False, 0
2327,0, 330, False, 0
2328,0, 330, False, 1
2329,0, 330, False, 1
2330,0, 330, False, 1
2331,0, 330, False, 1
2332,0, 330, False, 1
2333,0, 330, False, 1
2334,0, 330, False, 1
2335,0, 330, False, 0
2336,0, 330, False, 0
2337,0, 330, False, 0
2338,0, 330, False, 0
2339,0, 330, False, 0
2340,0, 330, False, 0
2341,0, 330, False, 0
2342,0, 330, False, 0
2343,0, 330, False, 0
2344,0, 330, False, 0
2345,0, 330, False, 0
2346,0, 330, False, 0
2347,0, 330, False, 4
2348,0, 330, False, 4
2349,0, 330, False, 4
2350,0, 330, False, 4
2351,30, 360, False, 4
2352,0, 360, False, 4
2353,0, 360, False, 4
2354,0, 360, False, 4
2355,0, 360, False, 4
2356,0, 360, False, 4
2357,0, 360, False, 4
2358,0, 360, False, 0
2359,0, 360, False, 0
2360,0, 360, False, 0
2361,0, 360, False, 0
2362,0, 360, False, 0
2363,0, 360, False, 0
2364,0, 360, False, 0
2365,0, 360, False, 1
2366,0, 360, False, 1
2367,0, 360, False, 1
2368,0, 360, False, 1
2369,0, 360, False, 1
2370,0, 360, False, 1
2371,0, 360, False, 1
2372,0, 360, False, 0
2373,0, 360, False, 0
2374,0, 360, False, 0
2375,0, 360, False, 0
2376,0, 360, False, 0
2377,0, 360, False, 1
2378,0, 360, False, 1
2379,0, 360, False, 1
2380,0, 360, False, 1
2381,0, 360, False, 1
2382,0, 360, False, 1
2383,0, 360, False, 1
2384,0, 360, False, 0
2385,0, 360, False, 0
2386,0, 360, False, 0
2387,0, 360, False, 0
2388,0, 360, False, 0
2389,0, 360, False, 1
2390,0, 360, False, 1
2391,0, 360, False, 1
2392,0, 360, False, 1
2393,0, 360, False, 1
2394,0, 360, False, 1
2395,0, 360, False, 1
2396,0, 360, False, 0
2397,0, 360, False, 0
2398,0, 360, False, 4
2399,0, 360, False, 4
2400,0, 360, False, 4
2401,0, 360, False, 4
2402,0, 360, False, 4
2403,0, 360, False, 4
2404,0, 360, False, 4
2405,0, 360, False, 4
2406,0, 360, False, 4
2407,0, 360, False, 4
2408,0, 360, False, 4
2409,0, 360, False, 4
2410,0, 360, False, 4
2411,0, 360, False, 4
2412,0, 360, False, 4
2413,0, 360, False, 4
2414,0, 360, False, 4
2415,0, 360, False, 4
2416,0, 360, False, 4
2417,0, 360, False, 4
2418,0, 360, False, 4
2419,0, 360, False, 0
2420,0, 360, False, 0
2421,0, 360, False, 1
2422,0, 360, False, 1
2423,0, 360, False, 1
2424,0, 360, False, 1
2425,0, 360, False, 1
2426,0, 360, False, 1
2427,0, 360, False, 1
2428,0, 360, False, 0
2429,0, 360, False, 0
2430,0, 360, False, 0
2431,0, 360, False, 0
2432,0, 360, False, 1
2433,0, 360, False, 1
2434,0, 360, False, 1
2435,0, 360, False, 1
2436,0, 360, False, 1
2437,0, 360, False, 1
2438,0, 360, False, 1
2439,0, 360, False, 0
2440,0, 360, False, 0
2441,0, 360, False, 0
2442,0, 360, False, 0
2443,0, 360, False, 0
2444,0, 360, False, 1
2445,0, 360, False, 1
2446,0, 360, False, 1
2447,0, 360, False, 1
2448,0, 360, False, 1
2449,0, 360, False, 1
2450,0, 360, False, 1
2451,0, 360, False, 0
2452,0, 360, False, 0
2453,0, 360, False, 0
2454,0, 360, False, 0
2455,0, 360, False, 0
2456,0, 360, False, 0
2457,0, 360, False, 1
2458,0, 360, False, 1
2459,0, 360, False, 1
2460,0, 360, False, 1
2461,0, 360, False, 1
2462,0, 360, False, 1
2463,0, 360, False, 12
2464,0, 360, False, 4
2465,0, 360, False, 4
2466,0, 360, False, 4
2467,0, 360, False, 4
2468,0, 360, False, 4
2469,0, 360, False, 4
2470,0, 360, False, 4
2471,0, 360, False, 4
2472,0, 360, False, 4
2473,0, 360, False, 4
2474,0, 360, False, 4
2475,0, 360, False, 0
2476,0, 360, False, 0
2477,0, 360, False, 0
2478,0, 360, False, 0
2479,0, 360, False, 0
2480,0, 360, False, 0
2481,0, 360, False, 0
2482,0, 360, False, 0
2483,0, 360, False, 0
2484,0, 360, False, 0
2485,0, 360, False, 0
2486,0, 360, False, 0
2487,0, 360, False, 0
2488,0, 360, False, 0
2489,0, 360, False, 4
2490,0, 360, False, 4
2491,0, 360, False, 4
2492,0, 360, False, 4
2493,0, 360, False, 4
2494,0, 360, False, 4
2495,0, 360, False, 4
2496,0, 360, False, 4
2497,0, 360, False, 0
2498,0, 360, False, 0
2499,0, 360, False, 0
2500,0, 360, False, 0
2501,0, 360, False, 0
2502,0, 360, False, 0
2503,0, 360, False, 0
2504,0, 360, False, 0
2505,0, 360, False, 0
2506,0, 360, False, 0
2507,0, 360, False, 0
2508,0, 360, False, 0
2509,0, 360, False, 0
2510,0, 360, False, 0
2511,0, 360, False, 0
2512,0, 360, False, 0
2513,0, 360, False, 1
2514,0, 360, False, 1
2515,0, 360, False, 0
2516,0, 360, False, 0
2517,0, 360, False, 0
2518,0, 360, False, 0
2519,0, 360, False, 0
2520,0, 360, False, 0
2521,0, 360, False, 1
2522,0, 360, False, 1
2523,0, 360, False, 1
2524,0, 360, False, 1
2525,0, 360, False, 1
2526,0, 360, False, 1
2527,0, 360, False, 0
2528,0, 360, False, 0
2529,0, 360, False, 0
2530,0, 360, False, 0
2531,0, 360, False, 0
2532,0, 360, False, 0
2533,0, 360, False, 1
2534,0, 360, False, 1
2535,0, 360, False, 1
2536,0, 360, False, 1
2537,0, 360, False, 1
2538,0, 360, False, 1
2539,0, 360, False, 1
2540,0, 360, False, 0
2541,0, 360, False, 0
2542,0, 360, False, 0
2543,0, 360, False, 0
2544,0, 360, False, 0
2545,0, 360, False, 0
2546,0, 360, False, 0
2547,0, 360, False, 0
2548,0, 360, False, 0
2549,0, 360, False, 0
2550,0, 360, False, 0
2551,0, 360, False, 0
2552,0, 360, False, 0
2553,0, 360, False, 0
2554,0, 360, False, 0
2555,0, 360, False, 0
2556,0, 360, False, 0
2557,0, 360, False, 0
2558,0, 360, False, 0
2559,0, 360, False, 0
2560,0, 360, False, 0
2561,0, 360, False, 0
2562,0, 360, False, 0
2563,0, 360, False, 0
2564,0, 360, False, 0
2565,0, 360, False, 0
2566,0, 360, False, 0
2567,0, 360, False, 0
2568,0, 360, False, 0
2569,0, 360, False, 0
2570,0, 360, False, 0
2571,0, 360, False, 0
2572,0, 360, False, 0
2573,0, 360, False, 0
2574,0, 360, False, 0
2575,0, 360, False, 0
2576,0, 360, False, 0
2577,0, 360, False, 0
2578,0, 360, False, 0
2579,0, 360, False, 0
2580,0, 360, False, 0
2581,0, 360, False, 0
2582,0, 360, False, 0
2583,0, 360, False, 0
2584,0, 360, False, 0
2585,0, 360, False, 0
2586,0, 360, False, 0
2587,0, 360, False, 0
2588,0, 360, False, 0
2589,0, 360, False, 0
2590,0, 360, False, 0
2591,0, 360, False, 0
2592,0, 360, False, 0
2593,0, 360, False, 0
2594,0, 360, False, 0
2595,0, 360, False, 0
2596,0, 360, False, 0
2597,0, 360, False, 0
2598,0, 360, False, 0
2599,0, 360, False, 0
2600,0, 360, False, 0
2601,0, 360, False, 0
2602,0, 360, False, 0
2603,0, 360, False, 0
2604,0, 360, False, 0
2605,0, 360, False, 0
2606,0, 360, False, 0
2607,0, 360, False, 0
2608,0, 360, False, 0
2609,0, 360, False, 0
2610,0, 360, False, 0
2611,0, 360, False, 0
2612,0, 360, False, 0
2613,0, 360, False, 0
2614,0, 360, False, 0
2615,0, 360, False, 0
2616,0, 360, False, 0
2617,0, 360, False, 0
2618,0, 360, False, 0
2619,0, 360, False, 0
2620,0, 360, False, 0
2621,0, 360, False, 0
2622,0, 360, False, 0
2623,0, 360, False, 0
2624,0, 360, False, 0
2625,0, 360, False, 0
2626,0, 360, False, 0
2627,0, 360, False, 0
2628,0, 360, False, 0
2629,0, 360, False, 0
2630,0, 360, False, 0
2631,0, 360, False, 0
2632,0, 360, False, 0
2633,0, 360, False, 0
2634,0, 360, False, 0
2635,0, 360, False, 0
2636,0, 360, True, 0
