db traj id : 4071
frame,reward,score,terminal, action
0,0, 0, False, 0
1,0, 0, False, 0
2,0, 0, False, 0
3,0, 0, False, 0
4,0, 0, False, 0
5,0, 0, False, 0
6,0, 0, False, 0
7,0, 0, False, 0
8,0, 0, False, 0
9,0, 0, False, 0
10,0, 0, False, 0
11,0, 0, False, 0
12,0, 0, False, 0
13,0, 0, False, 0
14,0, 0, False, 0
15,0, 0, False, 0
16,0, 0, False, 0
17,0, 0, False, 0
18,0, 0, False, 0
19,0, 0, False, 0
20,0, 0, False, 0
21,0, 0, False, 0
22,0, 0, False, 0
23,0, 0, False, 0
24,0, 0, False, 0
25,0, 0, False, 0
26,0, 0, False, 0
27,0, 0, False, 0
28,0, 0, False, 0
29,0, 0, False, 0
30,0, 0, False, 0
31,0, 0, False, 0
32,0, 0, False, 0
33,0, 0, False, 0
34,0, 0, False, 0
35,0, 0, False, 0
36,0, 0, False, 0
37,0, 0, False, 0
38,0, 0, False, 0
39,0, 0, False, 0
40,0, 0, False, 0
41,0, 0, False, 0
42,0, 0, False, 0
43,0, 0, False, 0
44,0, 0, False, 0
45,0, 0, False, 0
46,0, 0, False, 0
47,0, 0, False, 0
48,0, 0, False, 0
49,0, 0, False, 1
50,0, 0, False, 1
51,0, 0, False, 1
52,0, 0, False, 1
53,0, 0, False, 1
54,0, 0, False, 1
55,0, 0, False, 1
56,0, 0, False, 0
57,0, 0, False, 0
58,0, 0, False, 0
59,0, 0, False, 0
60,0, 0, False, 0
61,0, 0, False, 1
62,0, 0, False, 1
63,0, 0, False, 1
64,0, 0, False, 1
65,0, 0, False, 0
66,0, 0, False, 0
67,0, 0, False, 0
68,0, 0, False, 0
69,0, 0, False, 0
70,0, 0, False, 0
71,0, 0, False, 0
72,0, 0, False, 0
73,0, 0, False, 1
74,0, 0, False, 1
75,0, 0, False, 1
76,0, 0, False, 0
77,0, 0, False, 0
78,0, 0, False, 0
79,0, 0, False, 0
80,0, 0, False, 0
81,0, 0, False, 3
82,0, 0, False, 3
83,0, 0, False, 3
84,0, 0, False, 3
85,0, 0, False, 3
86,0, 0, False, 3
87,0, 0, False, 3
88,0, 0, False, 0
89,0, 0, False, 0
90,0, 0, False, 0
91,0, 0, False, 0
92,0, 0, False, 0
93,0, 0, False, 0
94,0, 0, False, 0
95,0, 0, False, 3
96,0, 0, False, 3
97,0, 0, False, 3
98,0, 0, False, 3
99,0, 0, False, 3
100,0, 0, False, 3
101,0, 0, False, 3
102,0, 0, False, 3
103,0, 0, False, 3
104,0, 0, False, 0
105,0, 0, False, 0
106,0, 0, False, 0
107,0, 0, False, 0
108,0, 0, False, 0
109,0, 0, False, 3
110,0, 0, False, 3
111,0, 0, False, 3
112,0, 0, False, 3
113,0, 0, False, 3
114,0, 0, False, 3
115,0, 0, False, 3
116,0, 0, False, 3
117,0, 0, False, 3
118,0, 0, False, 3
119,0, 0, False, 3
120,0, 0, False, 8
121,0, 0, False, 8
122,0, 0, False, 8
123,0, 0, False, 5
124,0, 0, False, 5
125,0, 0, False, 5
126,0, 0, False, 9
127,0, 0, False, 4
128,0, 0, False, 4
129,0, 0, False, 4
130,0, 0, False, 4
131,0, 0, False, 4
132,0, 0, False, 4
133,0, 0, False, 4
134,0, 0, False, 4
135,0, 0, False, 4
136,0, 0, False, 4
137,0, 0, False, 0
138,0, 0, False, 8
139,0, 0, False, 8
140,0, 0, False, 8
141,0, 0, False, 8
142,0, 0, False, 8
143,0, 0, False, 8
144,0, 0, False, 8
145,0, 0, False, 8
146,0, 0, False, 8
147,0, 0, False, 0
148,0, 0, False, 0
149,0, 0, False, 0
150,0, 0, False, 0
151,0, 0, False, 0
152,0, 0, False, 0
153,0, 0, False, 0
154,0, 0, False, 0
155,0, 0, False, 0
156,0, 0, False, 0
157,0, 0, False, 0
158,0, 0, False, 0
159,0, 0, False, 0
160,0, 0, False, 0
161,0, 0, False, 0
162,0, 0, False, 0
163,0, 0, False, 0
164,0, 0, False, 0
165,0, 0, False, 0
166,0, 0, False, 0
167,0, 0, False, 0
168,0, 0, False, 0
169,0, 0, False, 0
170,0, 0, False, 0
171,0, 0, False, 1
172,0, 0, False, 1
173,0, 0, False, 1
174,0, 0, False, 1
175,0, 0, False, 1
176,0, 0, False, 1
177,0, 0, False, 0
178,0, 0, False, 0
179,0, 0, False, 0
180,0, 0, False, 0
181,0, 0, False, 1
182,0, 0, False, 1
183,0, 0, False, 1
184,0, 0, False, 1
185,0, 0, False, 1
186,0, 0, False, 0
187,0, 0, False, 0
188,0, 0, False, 0
189,0, 0, False, 1
190,0, 0, False, 1
191,0, 0, False, 1
192,0, 0, False, 1
193,0, 0, False, 3
194,0, 0, False, 3
195,0, 0, False, 3
196,0, 0, False, 3
197,0, 0, False, 3
198,0, 0, False, 3
199,0, 0, False, 3
200,0, 0, False, 3
201,0, 0, False, 0
202,0, 0, False, 0
203,0, 0, False, 0
204,0, 0, False, 3
205,0, 0, False, 3
206,0, 0, False, 3
207,0, 0, False, 3
208,0, 0, False, 3
209,0, 0, False, 0
210,0, 0, False, 0
211,0, 0, False, 1
212,0, 0, False, 1
213,0, 0, False, 1
214,0, 0, False, 1
215,0, 0, False, 1
216,0, 0, False, 0
217,0, 0, False, 0
218,0, 0, False, 0
219,5, 5, False, 3
220,0, 5, False, 3
221,0, 5, False, 11
222,0, 5, False, 11
223,0, 5, False, 11
224,0, 5, False, 11
225,0, 5, False, 11
226,0, 5, False, 0
227,0, 5, False, 1
228,0, 5, False, 1
229,0, 5, False, 1
230,0, 5, False, 1
231,0, 5, False, 11
232,0, 5, False, 11
233,0, 5, False, 11
234,0, 5, False, 0
235,0, 5, False, 0
236,0, 5, False, 0
237,0, 5, False, 0
238,0, 5, False, 0
239,0, 5, False, 0
240,0, 5, False, 1
241,0, 5, False, 1
242,0, 5, False, 0
243,0, 5, False, 0
244,0, 5, False, 0
245,0, 5, False, 3
246,0, 5, False, 3
247,0, 5, False, 11
248,0, 5, False, 11
249,0, 5, False, 11
250,0, 5, False, 0
251,0, 5, False, 3
252,0, 5, False, 3
253,0, 5, False, 3
254,0, 5, False, 3
255,0, 5, False, 3
256,0, 5, False, 1
257,0, 5, False, 0
258,0, 5, False, 0
259,0, 5, False, 0
260,0, 5, False, 3
261,0, 5, False, 3
262,0, 5, False, 11
263,0, 5, False, 1
264,0, 5, False, 1
265,0, 5, False, 0
266,0, 5, False, 0
267,15, 20, False, 0
268,0, 20, False, 3
269,0, 20, False, 3
270,0, 20, False, 0
271,0, 20, False, 1
272,0, 20, False, 0
273,0, 20, False, 0
274,0, 20, False, 3
275,0, 20, False, 3
276,0, 20, False, 3
277,0, 20, False, 11
278,0, 20, False, 11
279,0, 20, False, 1
280,0, 20, False, 3
281,0, 20, False, 3
282,0, 20, False, 11
283,0, 20, False, 11
284,0, 20, False, 11
285,0, 20, False, 0
286,0, 20, False, 0
287,0, 20, False, 0
288,0, 20, False, 3
289,0, 20, False, 3
290,0, 20, False, 1
291,0, 20, False, 1
292,0, 20, False, 0
293,0, 20, False, 0
294,0, 20, False, 0
295,0, 20, False, 3
296,0, 20, False, 3
297,0, 20, False, 3
298,0, 20, False, 1
299,0, 20, False, 1
300,0, 20, False, 0
301,0, 20, False, 3
302,0, 20, False, 3
303,5, 25, False, 11
304,0, 25, False, 1
305,0, 25, False, 1
306,0, 25, False, 0
307,0, 25, False, 0
308,0, 25, False, 3
309,0, 25, False, 3
310,0, 25, False, 3
311,0, 25, False, 11
312,0, 25, False, 1
313,0, 25, False, 0
314,0, 25, False, 0
315,0, 25, False, 0
316,0, 25, False, 3
317,0, 25, False, 3
318,0, 25, False, 11
319,0, 25, False, 11
320,0, 25, False, 1
321,0, 25, False, 0
322,0, 25, False, 0
323,0, 25, False, 0
324,0, 25, False, 3
325,0, 25, False, 3
326,0, 25, False, 11
327,0, 25, False, 11
328,0, 25, False, 1
329,0, 25, False, 0
330,0, 25, False, 0
331,0, 25, False, 0
332,0, 25, False, 3
333,0, 25, False, 3
334,0, 25, False, 3
335,0, 25, False, 1
336,0, 25, False, 0
337,0, 25, False, 0
338,0, 25, False, 0
339,0, 25, False, 3
340,0, 25, False, 3
341,0, 25, False, 3
342,0, 25, False, 11
343,0, 25, False, 1
344,0, 25, False, 1
345,0, 25, False, 0
346,0, 25, False, 3
347,0, 25, False, 3
348,0, 25, False, 3
349,0, 25, False, 3
350,0, 25, False, 3
351,0, 25, False, 0
352,0, 25, False, 0
353,0, 25, False, 0
354,0, 25, False, 0
355,0, 25, False, 0
356,0, 25, False, 3
357,0, 25, False, 11
358,0, 25, False, 11
359,0, 25, False, 11
360,0, 25, False, 11
361,0, 25, False, 0
362,0, 25, False, 0
363,0, 25, False, 3
364,0, 25, False, 3
365,0, 25, False, 11
366,0, 25, False, 11
367,0, 25, False, 1
368,0, 25, False, 1
369,0, 25, False, 0
370,0, 25, False, 0
371,0, 25, False, 3
372,0, 25, False, 3
373,0, 25, False, 11
374,0, 25, False, 11
375,0, 25, False, 1
376,0, 25, False, 0
377,0, 25, False, 0
378,0, 25, False, 0
379,0, 25, False, 3
380,0, 25, False, 3
381,0, 25, False, 11
382,0, 25, False, 11
383,0, 25, False, 1
384,0, 25, False, 0
385,0, 25, False, 0
386,0, 25, False, 0
387,0, 25, False, 3
388,0, 25, False, 3
389,0, 25, False, 0
390,0, 25, False, 1
391,0, 25, False, 0
392,0, 25, False, 0
393,0, 25, False, 0
394,0, 25, False, 3
395,0, 25, False, 3
396,0, 25, False, 11
397,0, 25, False, 1
398,0, 25, False, 0
399,0, 25, False, 0
400,0, 25, False, 0
401,0, 25, False, 0
402,0, 25, False, 3
403,0, 25, False, 3
404,0, 25, False, 3
405,0, 25, False, 1
406,0, 25, False, 1
407,0, 25, False, 1
408,0, 25, False, 3
409,0, 25, False, 3
410,0, 25, False, 3
411,0, 25, False, 0
412,0, 25, False, 0
413,0, 25, False, 0
414,0, 25, False, 0
415,0, 25, False, 3
416,0, 25, False, 3
417,0, 25, False, 11
418,0, 25, False, 11
419,0, 25, False, 1
420,0, 25, False, 1
421,0, 25, False, 0
422,0, 25, False, 0
423,0, 25, False, 3
424,0, 25, False, 3
425,0, 25, False, 11
426,0, 25, False, 11
427,0, 25, False, 1
428,0, 25, False, 0
429,0, 25, False, 0
430,0, 25, False, 0
431,0, 25, False, 0
432,0, 25, False, 3
433,0, 25, False, 3
434,0, 25, False, 11
435,0, 25, False, 11
436,0, 25, False, 0
437,0, 25, False, 0
438,0, 25, False, 0
439,0, 25, False, 0
440,0, 25, False, 0
441,0, 25, False, 0
442,0, 25, False, 1
443,0, 25, False, 1
444,0, 25, False, 1
445,0, 25, False, 1
446,0, 25, False, 11
447,0, 25, False, 11
448,0, 25, False, 1
449,0, 25, False, 1
450,0, 25, False, 0
451,0, 25, False, 0
452,0, 25, False, 0
453,0, 25, False, 0
454,0, 25, False, 3
455,0, 25, False, 3
456,0, 25, False, 11
457,0, 25, False, 1
458,0, 25, False, 1
459,0, 25, False, 0
460,0, 25, False, 0
461,0, 25, False, 0
462,0, 25, False, 0
463,0, 25, False, 3
464,0, 25, False, 3
465,0, 25, False, 1
466,0, 25, False, 1
467,0, 25, False, 0
468,0, 25, False, 0
469,0, 25, False, 0
470,0, 25, False, 0
471,0, 25, False, 0
472,0, 25, False, 0
473,0, 25, False, 0
474,0, 25, False, 0
475,0, 25, False, 0
476,0, 25, False, 13
477,0, 25, False, 13
478,0, 25, False, 13
479,0, 25, False, 12
480,0, 25, False, 12
481,0, 25, False, 12
482,0, 25, False, 4
483,0, 25, False, 4
484,0, 25, False, 4
485,0, 25, False, 4
486,0, 25, False, 0
487,0, 25, False, 0
488,0, 25, False, 0
489,0, 25, False, 0
490,0, 25, False, 0
491,0, 25, False, 4
492,0, 25, False, 12
493,0, 25, False, 12
494,0, 25, False, 12
495,0, 25, False, 0
496,0, 25, False, 0
497,0, 25, False, 0
498,0, 25, False, 0
499,0, 25, False, 4
500,0, 25, False, 12
501,5, 30, False, 12
502,0, 30, False, 1
503,0, 30, False, 0
504,0, 30, False, 0
505,0, 30, False, 0
506,0, 30, False, 4
507,0, 30, False, 4
508,0, 30, False, 1
509,0, 30, False, 1
510,0, 30, False, 1
511,0, 30, False, 0
512,0, 30, False, 0
513,0, 30, False, 4
514,0, 30, False, 4
515,0, 30, False, 4
516,0, 30, False, 1
517,0, 30, False, 1
518,0, 30, False, 1
519,0, 30, False, 0
520,0, 30, False, 0
521,0, 30, False, 0
522,0, 30, False, 0
523,0, 30, False, 0
524,0, 30, False, 0
525,0, 30, False, 0
526,0, 30, False, 0
527,0, 30, False, 1
528,0, 30, False, 1
529,0, 30, False, 12
530,0, 30, False, 12
531,0, 30, False, 4
532,0, 30, False, 4
533,0, 30, False, 0
534,0, 30, False, 0
535,0, 30, False, 0
536,0, 30, False, 0
537,0, 30, False, 0
538,0, 30, False, 0
539,0, 30, False, 12
540,0, 30, False, 12
541,0, 30, False, 4
542,0, 30, False, 0
543,0, 30, False, 0
544,0, 30, False, 0
545,0, 30, False, 0
546,0, 30, False, 3
547,0, 30, False, 3
548,0, 30, False, 3
549,0, 30, False, 3
550,0, 30, False, 3
551,0, 30, False, 11
552,0, 30, False, 1
553,0, 30, False, 1
554,0, 30, False, 1
555,0, 30, False, 1
556,0, 30, False, 1
557,0, 30, False, 1
558,0, 30, False, 1
559,0, 30, False, 1
560,0, 30, False, 0
561,0, 30, False, 0
562,0, 30, False, 0
563,0, 30, False, 0
564,0, 30, False, 0
565,0, 30, False, 0
566,0, 30, False, 3
567,0, 30, False, 11
568,0, 30, False, 11
569,0, 30, False, 11
570,0, 30, False, 1
571,0, 30, False, 1
572,0, 30, False, 0
573,0, 30, False, 0
574,0, 30, False, 0
575,0, 30, False, 0
576,0, 30, False, 0
577,0, 30, False, 0
578,0, 30, False, 4
579,0, 30, False, 4
580,0, 30, False, 4
581,0, 30, False, 4
582,0, 30, False, 4
583,0, 30, False, 4
584,0, 30, False, 4
585,0, 30, False, 0
586,0, 30, False, 0
587,0, 30, False, 0
588,0, 30, False, 0
589,0, 30, False, 0
590,0, 30, False, 0
591,0, 30, False, 4
592,0, 30, False, 4
593,0, 30, False, 0
594,0, 30, False, 1
595,0, 30, False, 1
596,0, 30, False, 1
597,0, 30, False, 1
598,0, 30, False, 1
599,0, 30, False, 1
600,0, 30, False, 0
601,0, 30, False, 0
602,0, 30, False, 0
603,0, 30, False, 0
604,0, 30, False, 0
605,0, 30, False, 0
606,0, 30, False, 1
607,0, 30, False, 1
608,0, 30, False, 1
609,0, 30, False, 1
610,0, 30, False, 1
611,0, 30, False, 0
612,0, 30, False, 0
613,0, 30, False, 0
614,0, 30, False, 0
615,0, 30, False, 0
616,0, 30, False, 0
617,0, 30, False, 1
618,0, 30, False, 1
619,5, 35, False, 1
620,0, 35, False, 0
621,0, 35, False, 0
622,0, 35, False, 0
623,0, 35, False, 0
624,0, 35, False, 0
625,0, 35, False, 1
626,0, 35, False, 1
627,0, 35, False, 1
628,0, 35, False, 1
629,0, 35, False, 0
630,0, 35, False, 0
631,0, 35, False, 0
632,0, 35, False, 0
633,0, 35, False, 0
634,0, 35, False, 0
635,0, 35, False, 0
636,0, 35, False, 0
637,0, 35, False, 0
638,0, 35, False, 0
639,0, 35, False, 0
640,0, 35, False, 1
641,0, 35, False, 1
642,0, 35, False, 1
643,0, 35, False, 1
644,0, 35, False, 1
645,0, 35, False, 0
646,0, 35, False, 0
647,0, 35, False, 0
648,0, 35, False, 0
649,0, 35, False, 0
650,0, 35, False, 0
651,0, 35, False, 1
652,0, 35, False, 1
653,0, 35, False, 1
654,0, 35, False, 1
655,0, 35, False, 0
656,0, 35, False, 0
657,0, 35, False, 0
658,0, 35, False, 0
659,10, 45, False, 0
660,0, 45, False, 0
661,0, 45, False, 1
662,0, 45, False, 1
663,0, 45, False, 1
664,0, 45, False, 0
665,0, 45, False, 0
666,0, 45, False, 0
667,0, 45, False, 0
668,0, 45, False, 0
669,0, 45, False, 1
670,0, 45, False, 1
671,0, 45, False, 1
672,0, 45, False, 0
673,0, 45, False, 0
674,0, 45, False, 0
675,0, 45, False, 3
676,0, 45, False, 3
677,0, 45, False, 3
678,0, 45, False, 3
679,0, 45, False, 3
680,0, 45, False, 3
681,0, 45, False, 0
682,0, 45, False, 0
683,0, 45, False, 0
684,0, 45, False, 0
685,0, 45, False, 1
686,0, 45, False, 1
687,0, 45, False, 1
688,0, 45, False, 1
689,0, 45, False, 0
690,0, 45, False, 0
691,0, 45, False, 0
692,0, 45, False, 0
693,0, 45, False, 0
694,0, 45, False, 0
695,0, 45, False, 0
696,0, 45, False, 0
697,0, 45, False, 11
698,0, 45, False, 1
699,0, 45, False, 1
700,0, 45, False, 0
701,0, 45, False, 0
702,0, 45, False, 0
703,0, 45, False, 0
704,0, 45, False, 0
705,15, 60, False, 0
706,0, 60, False, 0
707,0, 60, False, 0
708,0, 60, False, 1
709,0, 60, False, 1
710,0, 60, False, 1
711,0, 60, False, 1
712,0, 60, False, 3
713,0, 60, False, 3
714,0, 60, False, 3
715,0, 60, False, 3
716,0, 60, False, 0
717,0, 60, False, 0
718,0, 60, False, 0
719,0, 60, False, 1
720,0, 60, False, 1
721,0, 60, False, 0
722,0, 60, False, 0
723,0, 60, False, 3
724,0, 60, False, 3
725,0, 60, False, 3
726,0, 60, False, 3
727,0, 60, False, 11
728,0, 60, False, 1
729,0, 60, False, 1
730,0, 60, False, 0
731,0, 60, False, 0
732,0, 60, False, 0
733,0, 60, False, 0
734,0, 60, False, 3
735,0, 60, False, 3
736,0, 60, False, 3
737,0, 60, False, 1
738,0, 60, False, 1
739,0, 60, False, 0
740,0, 60, False, 0
741,0, 60, False, 0
742,0, 60, False, 0
743,0, 60, False, 3
744,0, 60, False, 3
745,0, 60, False, 11
746,0, 60, False, 11
747,0, 60, False, 1
748,0, 60, False, 1
749,0, 60, False, 0
750,0, 60, False, 0
751,0, 60, False, 0
752,0, 60, False, 0
753,0, 60, False, 0
754,0, 60, False, 0
755,0, 60, False, 0
756,0, 60, False, 1
757,0, 60, False, 1
758,0, 60, False, 1
759,0, 60, False, 0
760,0, 60, False, 0
761,20, 80, False, 0
762,0, 80, False, 0
763,0, 80, False, 0
764,0, 80, False, 0
765,0, 80, False, 0
766,0, 80, False, 0
767,0, 80, False, 1
768,0, 80, False, 1
769,0, 80, False, 1
770,0, 80, False, 4
771,0, 80, False, 4
772,0, 80, False, 4
773,0, 80, False, 4
774,0, 80, False, 0
775,0, 80, False, 0
776,0, 80, False, 0
777,0, 80, False, 0
778,0, 80, False, 1
779,0, 80, False, 12
780,0, 80, False, 12
781,0, 80, False, 0
782,0, 80, False, 0
783,0, 80, False, 0
784,0, 80, False, 0
785,0, 80, False, 0
786,0, 80, False, 0
787,0, 80, False, 0
788,0, 80, False, 12
789,0, 80, False, 12
790,0, 80, False, 1
791,0, 80, False, 0
792,0, 80, False, 0
793,0, 80, False, 0
794,0, 80, False, 4
795,0, 80, False, 4
796,0, 80, False, 4
797,0, 80, False, 0
798,0, 80, False, 1
799,0, 80, False, 1
800,0, 80, False, 0
801,0, 80, False, 0
802,0, 80, False, 0
803,0, 80, False, 4
804,0, 80, False, 4
805,0, 80, False, 4
806,0, 80, False, 0
807,0, 80, False, 1
808,0, 80, False, 1
809,0, 80, False, 0
810,0, 80, False, 0
811,0, 80, False, 0
812,0, 80, False, 0
813,0, 80, False, 0
814,0, 80, False, 0
815,0, 80, False, 1
816,0, 80, False, 1
817,0, 80, False, 1
818,0, 80, False, 0
819,0, 80, False, 0
820,0, 80, False, 0
821,0, 80, False, 0
822,0, 80, False, 0
823,0, 80, False, 0
824,0, 80, False, 0
825,0, 80, False, 0
826,0, 80, False, 1
827,0, 80, False, 1
828,0, 80, False, 1
829,0, 80, False, 12
830,0, 80, False, 12
831,0, 80, False, 0
832,0, 80, False, 0
833,0, 80, False, 0
834,0, 80, False, 0
835,0, 80, False, 0
836,0, 80, False, 0
837,0, 80, False, 0
838,0, 80, False, 0
839,0, 80, False, 12
840,0, 80, False, 12
841,0, 80, False, 0
842,0, 80, False, 0
843,0, 80, False, 0
844,0, 80, False, 0
845,0, 80, False, 0
846,0, 80, False, 0
847,0, 80, False, 0
848,0, 80, False, 0
849,0, 80, False, 0
850,0, 80, False, 0
851,0, 80, False, 1
852,0, 80, False, 1
853,0, 80, False, 1
854,0, 80, False, 1
855,0, 80, False, 1
856,0, 80, False, 1
857,0, 80, False, 12
858,0, 80, False, 12
859,0, 80, False, 12
860,0, 80, False, 12
861,0, 80, False, 12
862,0, 80, False, 12
863,0, 80, False, 4
864,0, 80, False, 4
865,0, 80, False, 4
866,0, 80, False, 4
867,0, 80, False, 0
868,0, 80, False, 0
869,0, 80, False, 0
870,0, 80, False, 4
871,0, 80, False, 12
872,0, 80, False, 12
873,0, 80, False, 12
874,0, 80, False, 12
875,0, 80, False, 4
876,0, 80, False, 4
877,0, 80, False, 0
878,0, 80, False, 0
879,0, 80, False, 4
880,0, 80, False, 4
881,0, 80, False, 4
882,0, 80, False, 4
883,0, 80, False, 4
884,0, 80, False, 4
885,0, 80, False, 1
886,0, 80, False, 1
887,0, 80, False, 1
888,0, 80, False, 12
889,0, 80, False, 12
890,0, 80, False, 12
891,0, 80, False, 12
892,0, 80, False, 12
893,0, 80, False, 12
894,0, 80, False, 12
895,0, 80, False, 12
896,0, 80, False, 1
897,0, 80, False, 1
898,0, 80, False, 1
899,0, 80, False, 1
900,0, 80, False, 12
901,0, 80, False, 12
902,0, 80, False, 12
903,0, 80, False, 12
904,0, 80, False, 12
905,0, 80, False, 1
906,0, 80, False, 0
907,0, 80, False, 0
908,0, 80, False, 0
909,0, 80, False, 4
910,0, 80, False, 4
911,0, 80, False, 4
912,0, 80, False, 4
913,0, 80, False, 12
914,0, 80, False, 12
915,0, 80, False, 1
916,0, 80, False, 0
917,0, 80, False, 0
918,0, 80, False, 0
919,0, 80, False, 0
920,0, 80, False, 4
921,0, 80, False, 4
922,0, 80, False, 4
923,0, 80, False, 12
924,0, 80, False, 1
925,0, 80, False, 1
926,0, 80, False, 0
927,0, 80, False, 0
928,0, 80, False, 4
929,0, 80, False, 4
930,0, 80, False, 4
931,0, 80, False, 4
932,0, 80, False, 4
933,0, 80, False, 1
934,0, 80, False, 1
935,0, 80, False, 1
936,0, 80, False, 0
937,0, 80, False, 4
938,0, 80, False, 4
939,0, 80, False, 4
940,0, 80, False, 4
941,0, 80, False, 4
942,0, 80, False, 1
943,0, 80, False, 1
944,0, 80, False, 1
945,0, 80, False, 0
946,0, 80, False, 0
947,0, 80, False, 0
948,0, 80, False, 4
949,0, 80, False, 4
950,0, 80, False, 4
951,0, 80, False, 12
952,0, 80, False, 1
953,0, 80, False, 1
954,0, 80, False, 0
955,0, 80, False, 0
956,0, 80, False, 0
957,0, 80, False, 4
958,0, 80, False, 4
959,0, 80, False, 4
960,0, 80, False, 4
961,0, 80, False, 12
962,0, 80, False, 1
963,0, 80, False, 1
964,0, 80, False, 0
965,0, 80, False, 0
966,0, 80, False, 0
967,0, 80, False, 4
968,0, 80, False, 4
969,0, 80, False, 0
970,0, 80, False, 0
971,10, 90, False, 1
972,0, 90, False, 1
973,0, 90, False, 0
974,0, 90, False, 0
975,0, 90, False, 0
976,0, 90, False, 0
977,0, 90, False, 0
978,0, 90, False, 0
979,0, 90, False, 0
980,0, 90, False, 0
981,0, 90, False, 0
982,0, 90, False, 0
983,0, 90, False, 0
984,0, 90, False, 0
985,0, 90, False, 0
986,0, 90, False, 0
987,0, 90, False, 1
988,0, 90, False, 1
989,0, 90, False, 1
990,0, 90, False, 1
991,0, 90, False, 1
992,0, 90, False, 12
993,0, 90, False, 4
994,0, 90, False, 4
995,0, 90, False, 4
996,0, 90, False, 4
997,0, 90, False, 0
998,0, 90, False, 0
999,0, 90, False, 0
1000,0, 90, False, 0
1001,0, 90, False, 0
1002,0, 90, False, 0
1003,0, 90, False, 0
1004,0, 90, False, 0
1005,0, 90, False, 0
1006,0, 90, False, 0
1007,0, 90, False, 0
1008,0, 90, False, 0
1009,0, 90, False, 0
1010,0, 90, False, 1
1011,0, 90, False, 1
1012,0, 90, False, 1
1013,0, 90, False, 11
1014,0, 90, False, 11
1015,0, 90, False, 11
1016,0, 90, False, 11
1017,0, 90, False, 11
1018,0, 90, False, 3
1019,0, 90, False, 3
1020,0, 90, False, 3
1021,0, 90, False, 3
1022,0, 90, False, 3
1023,0, 90, False, 3
1024,0, 90, False, 0
1025,0, 90, False, 0
1026,0, 90, False, 0
1027,0, 90, False, 0
1028,0, 90, False, 0
1029,0, 90, False, 0
1030,0, 90, False, 0
1031,0, 90, False, 0
1032,0, 90, False, 0
1033,0, 90, False, 4
1034,0, 90, False, 4
1035,0, 90, False, 4
1036,0, 90, False, 4
1037,0, 90, False, 4
1038,0, 90, False, 4
1039,0, 90, False, 4
1040,0, 90, False, 4
1041,0, 90, False, 0
1042,0, 90, False, 0
1043,0, 90, False, 0
1044,0, 90, False, 0
1045,0, 90, False, 4
1046,0, 90, False, 4
1047,0, 90, False, 4
1048,0, 90, False, 4
1049,0, 90, False, 0
1050,0, 90, False, 0
1051,0, 90, False, 0
1052,0, 90, False, 0
1053,0, 90, False, 0
1054,0, 90, False, 1
1055,0, 90, False, 1
1056,0, 90, False, 1
1057,0, 90, False, 1
1058,0, 90, False, 1
1059,0, 90, False, 0
1060,0, 90, False, 0
1061,0, 90, False, 0
1062,0, 90, False, 0
1063,0, 90, False, 0
1064,0, 90, False, 0
1065,0, 90, False, 0
1066,0, 90, False, 1
1067,0, 90, False, 1
1068,0, 90, False, 1
1069,0, 90, False, 1
1070,0, 90, False, 0
1071,0, 90, False, 0
1072,0, 90, False, 0
1073,0, 90, False, 0
1074,0, 90, False, 0
1075,0, 90, False, 0
1076,0, 90, False, 0
1077,0, 90, False, 0
1078,0, 90, False, 4
1079,0, 90, False, 4
1080,0, 90, False, 4
1081,0, 90, False, 4
1082,0, 90, False, 4
1083,0, 90, False, 4
1084,0, 90, False, 0
1085,0, 90, False, 0
1086,0, 90, False, 0
1087,0, 90, False, 0
1088,0, 90, False, 0
1089,0, 90, False, 4
1090,0, 90, False, 4
1091,0, 90, False, 4
1092,0, 90, False, 0
1093,0, 90, False, 0
1094,0, 90, False, 0
1095,0, 90, False, 0
1096,0, 90, False, 0
1097,0, 90, False, 0
1098,0, 90, False, 0
1099,0, 90, False, 3
1100,0, 90, False, 3
1101,0, 90, False, 3
1102,0, 90, False, 3
1103,0, 90, False, 3
1104,0, 90, False, 3
1105,0, 90, False, 3
1106,0, 90, False, 0
1107,0, 90, False, 0
1108,0, 90, False, 0
1109,0, 90, False, 0
1110,0, 90, False, 0
1111,0, 90, False, 0
1112,0, 90, False, 0
1113,0, 90, False, 0
1114,0, 90, False, 0
1115,0, 90, False, 0
1116,0, 90, False, 1
1117,0, 90, False, 1
1118,0, 90, False, 1
1119,0, 90, False, 1
1120,0, 90, False, 1
1121,0, 90, False, 0
1122,0, 90, False, 0
1123,0, 90, False, 0
1124,0, 90, False, 0
1125,0, 90, False, 0
1126,0, 90, False, 1
1127,0, 90, False, 1
1128,0, 90, False, 1
1129,0, 90, False, 1
1130,0, 90, False, 1
1131,0, 90, False, 1
1132,0, 90, False, 0
1133,0, 90, False, 0
1134,0, 90, False, 0
1135,0, 90, False, 0
1136,0, 90, False, 0
1137,0, 90, False, 0
1138,0, 90, False, 0
1139,0, 90, False, 0
1140,0, 90, False, 1
1141,0, 90, False, 1
1142,0, 90, False, 1
1143,0, 90, False, 0
1144,0, 90, False, 0
1145,0, 90, False, 0
1146,0, 90, False, 0
1147,0, 90, False, 0
1148,0, 90, False, 0
1149,0, 90, False, 0
1150,0, 90, False, 0
1151,0, 90, False, 0
1152,0, 90, False, 0
1153,0, 90, False, 3
1154,0, 90, False, 3
1155,0, 90, False, 3
1156,0, 90, False, 3
1157,0, 90, False, 3
1158,0, 90, False, 0
1159,0, 90, False, 0
1160,0, 90, False, 0
1161,0, 90, False, 0
1162,0, 90, False, 0
1163,0, 90, False, 0
1164,0, 90, False, 3
1165,0, 90, False, 3
1166,0, 90, False, 3
1167,0, 90, False, 3
1168,0, 90, False, 0
1169,0, 90, False, 0
1170,0, 90, False, 0
1171,0, 90, False, 0
1172,0, 90, False, 0
1173,0, 90, False, 0
1174,0, 90, False, 0
1175,0, 90, False, 0
1176,0, 90, False, 0
1177,0, 90, False, 0
1178,0, 90, False, 0
1179,0, 90, False, 0
1180,0, 90, False, 0
1181,0, 90, False, 0
1182,0, 90, False, 0
1183,0, 90, False, 0
1184,0, 90, False, 0
1185,0, 90, False, 0
1186,0, 90, False, 0
1187,0, 90, False, 0
1188,0, 90, False, 0
1189,0, 90, False, 0
1190,0, 90, False, 0
1191,0, 90, False, 0
1192,0, 90, False, 0
1193,0, 90, False, 0
1194,0, 90, False, 0
1195,0, 90, False, 0
1196,0, 90, False, 0
1197,0, 90, False, 0
1198,0, 90, False, 0
1199,0, 90, False, 1
1200,0, 90, False, 1
1201,0, 90, False, 1
1202,0, 90, False, 1
1203,0, 90, False, 0
1204,0, 90, False, 0
1205,0, 90, False, 0
1206,0, 90, False, 0
1207,0, 90, False, 0
1208,0, 90, False, 0
1209,0, 90, False, 0
1210,0, 90, False, 0
1211,0, 90, False, 1
1212,0, 90, False, 1
1213,0, 90, False, 1
1214,0, 90, False, 0
1215,0, 90, False, 0
1216,0, 90, False, 0
1217,0, 90, False, 0
1218,0, 90, False, 0
1219,0, 90, False, 0
1220,0, 90, False, 1
1221,0, 90, False, 1
1222,0, 90, False, 1
1223,0, 90, False, 1
1224,0, 90, False, 0
1225,0, 90, False, 0
1226,0, 90, False, 0
1227,0, 90, False, 0
1228,0, 90, False, 0
1229,0, 90, False, 1
1230,0, 90, False, 1
1231,0, 90, False, 1
1232,0, 90, False, 0
1233,0, 90, False, 0
1234,0, 90, False, 0
1235,0, 90, False, 0
1236,0, 90, False, 3
1237,0, 90, False, 3
1238,0, 90, False, 3
1239,0, 90, False, 3
1240,0, 90, False, 3
1241,0, 90, False, 3
1242,0, 90, False, 0
1243,0, 90, False, 0
1244,0, 90, False, 0
1245,0, 90, False, 0
1246,0, 90, False, 0
1247,0, 90, False, 0
1248,0, 90, False, 0
1249,0, 90, False, 0
1250,0, 90, False, 0
1251,0, 90, False, 0
1252,0, 90, False, 0
1253,0, 90, False, 1
1254,0, 90, False, 1
1255,0, 90, False, 1
1256,0, 90, False, 1
1257,0, 90, False, 11
1258,0, 90, False, 11
1259,0, 90, False, 3
1260,0, 90, False, 3
1261,0, 90, False, 3
1262,0, 90, False, 3
1263,0, 90, False, 0
1264,0, 90, False, 0
1265,0, 90, False, 0
1266,0, 90, False, 0
1267,0, 90, False, 1
1268,0, 90, False, 1
1269,0, 90, False, 1
1270,0, 90, False, 1
1271,0, 90, False, 0
1272,0, 90, False, 0
1273,0, 90, False, 0
1274,0, 90, False, 0
1275,0, 90, False, 0
1276,0, 90, False, 3
1277,20, 110, False, 3
1278,0, 110, False, 3
1279,0, 110, False, 11
1280,0, 110, False, 11
1281,0, 110, False, 11
1282,0, 110, False, 1
1283,0, 110, False, 0
1284,0, 110, False, 0
1285,0, 110, False, 0
1286,0, 110, False, 0
1287,0, 110, False, 0
1288,0, 110, False, 0
1289,0, 110, False, 0
1290,0, 110, False, 0
1291,0, 110, False, 0
1292,0, 110, False, 0
1293,0, 110, False, 0
1294,0, 110, False, 0
1295,0, 110, False, 0
1296,0, 110, False, 0
1297,0, 110, False, 0
1298,0, 110, False, 0
1299,0, 110, False, 0
1300,0, 110, False, 0
1301,0, 110, False, 1
1302,0, 110, False, 1
1303,0, 110, False, 1
1304,0, 110, False, 1
1305,0, 110, False, 1
1306,0, 110, False, 1
1307,0, 110, False, 1
1308,0, 110, False, 1
1309,0, 110, False, 0
1310,0, 110, False, 0
1311,0, 110, False, 3
1312,0, 110, False, 3
1313,0, 110, False, 3
1314,0, 110, False, 3
1315,0, 110, False, 3
1316,0, 110, False, 3
1317,0, 110, False, 3
1318,0, 110, False, 0
1319,0, 110, False, 0
1320,0, 110, False, 0
1321,0, 110, False, 1
1322,0, 110, False, 1
1323,0, 110, False, 1
1324,0, 110, False, 1
1325,0, 110, False, 1
1326,0, 110, False, 0
1327,0, 110, False, 0
1328,0, 110, False, 0
1329,0, 110, False, 0
1330,0, 110, False, 0
1331,0, 110, False, 0
1332,0, 110, False, 0
1333,0, 110, False, 0
1334,0, 110, False, 0
1335,0, 110, False, 0
1336,0, 110, False, 0
1337,0, 110, False, 0
1338,0, 110, False, 0
1339,0, 110, False, 0
1340,0, 110, False, 0
1341,0, 110, False, 0
1342,0, 110, False, 0
1343,0, 110, False, 0
1344,0, 110, False, 0
1345,0, 110, False, 0
1346,0, 110, False, 0
1347,0, 110, False, 0
1348,0, 110, False, 0
1349,0, 110, False, 0
1350,0, 110, False, 0
1351,30, 140, False, 0
1352,0, 140, False, 1
1353,0, 140, False, 1
1354,0, 140, False, 1
1355,0, 140, False, 1
1356,0, 140, False, 1
1357,0, 140, False, 1
1358,0, 140, False, 0
1359,0, 140, False, 0
1360,0, 140, False, 0
1361,0, 140, False, 0
1362,0, 140, False, 0
1363,0, 140, False, 0
1364,0, 140, False, 1
1365,0, 140, False, 1
1366,0, 140, False, 12
1367,0, 140, False, 12
1368,0, 140, False, 12
1369,0, 140, False, 4
1370,0, 140, False, 4
1371,0, 140, False, 4
1372,0, 140, False, 0
1373,0, 140, False, 0
1374,0, 140, False, 0
1375,0, 140, False, 0
1376,0, 140, False, 0
1377,0, 140, False, 0
1378,0, 140, False, 0
1379,0, 140, False, 0
1380,0, 140, False, 0
1381,0, 140, False, 0
1382,0, 140, False, 0
1383,0, 140, False, 0
1384,0, 140, False, 0
1385,0, 140, False, 0
1386,0, 140, False, 1
1387,0, 140, False, 1
1388,0, 140, False, 1
1389,0, 140, False, 1
1390,0, 140, False, 1
1391,0, 140, False, 1
1392,0, 140, False, 1
1393,0, 140, False, 0
1394,0, 140, False, 0
1395,0, 140, False, 0
1396,0, 140, False, 0
1397,0, 140, False, 0
1398,0, 140, False, 0
1399,0, 140, False, 0
1400,0, 140, False, 1
1401,0, 140, False, 1
1402,0, 140, False, 1
1403,0, 140, False, 1
1404,0, 140, False, 1
1405,0, 140, False, 1
1406,0, 140, False, 1
1407,0, 140, False, 12
1408,0, 140, False, 12
1409,0, 140, False, 12
1410,0, 140, False, 4
1411,0, 140, False, 4
1412,0, 140, False, 4
1413,0, 140, False, 4
1414,0, 140, False, 0
1415,10, 150, False, 0
1416,0, 150, False, 0
1417,0, 150, False, 0
1418,0, 150, False, 0
1419,0, 150, False, 0
1420,0, 150, False, 12
1421,0, 150, False, 12
1422,0, 150, False, 12
1423,0, 150, False, 1
1424,0, 150, False, 0
1425,0, 150, False, 0
1426,0, 150, False, 0
1427,0, 150, False, 0
1428,0, 150, False, 0
1429,0, 150, False, 0
1430,0, 150, False, 0
1431,0, 150, False, 1
1432,0, 150, False, 1
1433,0, 150, False, 1
1434,0, 150, False, 1
1435,0, 150, False, 1
1436,0, 150, False, 0
1437,0, 150, False, 0
1438,0, 150, False, 0
1439,0, 150, False, 0
1440,0, 150, False, 0
1441,0, 150, False, 0
1442,0, 150, False, 1
1443,0, 150, False, 1
1444,0, 150, False, 1
1445,0, 150, False, 1
1446,0, 150, False, 1
1447,0, 150, False, 3
1448,0, 150, False, 3
1449,0, 150, False, 3
1450,0, 150, False, 3
1451,0, 150, False, 3
1452,0, 150, False, 3
1453,0, 150, False, 0
1454,0, 150, False, 0
1455,0, 150, False, 0
1456,0, 150, False, 0
1457,15, 165, False, 0
1458,0, 165, False, 1
1459,0, 165, False, 1
1460,0, 165, False, 1
1461,0, 165, False, 0
1462,0, 165, False, 0
1463,0, 165, False, 0
1464,0, 165, False, 0
1465,0, 165, False, 0
1466,0, 165, False, 0
1467,0, 165, False, 0
1468,0, 165, False, 1
1469,0, 165, False, 1
1470,0, 165, False, 12
1471,0, 165, False, 12
1472,0, 165, False, 4
1473,0, 165, False, 4
1474,0, 165, False, 4
1475,0, 165, False, 4
1476,0, 165, False, 0
1477,0, 165, False, 0
1478,0, 165, False, 0
1479,0, 165, False, 0
1480,0, 165, False, 0
1481,0, 165, False, 0
1482,0, 165, False, 1
1483,0, 165, False, 1
1484,0, 165, False, 1
1485,0, 165, False, 1
1486,0, 165, False, 0
1487,0, 165, False, 0
1488,0, 165, False, 0
1489,0, 165, False, 0
1490,0, 165, False, 0
1491,0, 165, False, 0
1492,0, 165, False, 0
1493,0, 165, False, 1
1494,0, 165, False, 1
1495,0, 165, False, 1
1496,0, 165, False, 12
1497,0, 165, False, 12
1498,0, 165, False, 12
1499,0, 165, False, 12
1500,0, 165, False, 12
1501,0, 165, False, 4
1502,0, 165, False, 4
1503,0, 165, False, 4
1504,0, 165, False, 4
1505,0, 165, False, 0
1506,0, 165, False, 0
1507,20, 185, False, 0
1508,0, 185, False, 1
1509,0, 185, False, 1
1510,0, 185, False, 12
1511,0, 185, False, 12
1512,0, 185, False, 4
1513,0, 185, False, 0
1514,0, 185, False, 0
1515,0, 185, False, 0
1516,0, 185, False, 0
1517,0, 185, False, 0
1518,0, 185, False, 0
1519,0, 185, False, 0
1520,0, 185, False, 1
1521,0, 185, False, 1
1522,0, 185, False, 1
1523,0, 185, False, 1
1524,0, 185, False, 0
1525,0, 185, False, 0
1526,0, 185, False, 0
1527,0, 185, False, 0
1528,0, 185, False, 0
1529,0, 185, False, 0
1530,0, 185, False, 0
1531,0, 185, False, 0
1532,0, 185, False, 0
1533,0, 185, False, 1
1534,0, 185, False, 1
1535,0, 185, False, 1
1536,0, 185, False, 0
1537,0, 185, False, 0
1538,0, 185, False, 0
1539,0, 185, False, 0
1540,0, 185, False, 0
1541,0, 185, False, 0
1542,0, 185, False, 0
1543,0, 185, False, 0
1544,0, 185, False, 0
1545,0, 185, False, 1
1546,0, 185, False, 1
1547,0, 185, False, 1
1548,0, 185, False, 1
1549,0, 185, False, 0
1550,0, 185, False, 0
1551,0, 185, False, 0
1552,0, 185, False, 3
1553,0, 185, False, 3
1554,0, 185, False, 3
1555,0, 185, False, 3
1556,0, 185, False, 3
1557,0, 185, False, 3
1558,0, 185, False, 0
1559,0, 185, False, 0
1560,0, 185, False, 0
1561,0, 185, False, 0
1562,0, 185, False, 0
1563,0, 185, False, 0
1564,0, 185, False, 0
1565,0, 185, False, 0
1566,0, 185, False, 0
1567,0, 185, False, 11
1568,0, 185, False, 11
1569,0, 185, False, 11
1570,0, 185, False, 11
1571,0, 185, False, 0
1572,0, 185, False, 0
1573,0, 185, False, 0
1574,0, 185, False, 0
1575,0, 185, False, 0
1576,0, 185, False, 0
1577,0, 185, False, 0
1578,0, 185, False, 0
1579,0, 185, False, 0
1580,0, 185, False, 0
1581,0, 185, False, 0
1582,0, 185, False, 0
1583,0, 185, False, 0
1584,0, 185, False, 1
1585,0, 185, False, 1
1586,0, 185, False, 1
1587,0, 185, False, 1
1588,0, 185, False, 1
1589,0, 185, False, 1
1590,0, 185, False, 1
1591,0, 185, False, 4
1592,0, 185, False, 4
1593,0, 185, False, 4
1594,0, 185, False, 4
1595,0, 185, False, 4
1596,0, 185, False, 0
1597,0, 185, False, 0
1598,0, 185, False, 0
1599,0, 185, False, 0
1600,0, 185, False, 0
1601,0, 185, False, 0
1602,0, 185, False, 0
1603,0, 185, False, 0
1604,0, 185, False, 0
1605,0, 185, False, 0
1606,0, 185, False, 1
1607,0, 185, False, 1
1608,0, 185, False, 1
1609,0, 185, False, 1
1610,0, 185, False, 0
1611,0, 185, False, 4
1612,0, 185, False, 4
1613,0, 185, False, 4
1614,0, 185, False, 0
1615,0, 185, False, 0
1616,0, 185, False, 0
1617,0, 185, False, 0
1618,0, 185, False, 0
1619,0, 185, False, 0
1620,0, 185, False, 1
1621,0, 185, False, 1
1622,0, 185, False, 1
1623,0, 185, False, 1
1624,0, 185, False, 1
1625,0, 185, False, 0
1626,0, 185, False, 0
1627,0, 185, False, 0
1628,0, 185, False, 0
1629,0, 185, False, 0
1630,0, 185, False, 0
1631,0, 185, False, 0
1632,0, 185, False, 0
1633,0, 185, False, 0
1634,0, 185, False, 0
1635,0, 185, False, 0
1636,0, 185, False, 0
1637,0, 185, False, 0
1638,0, 185, False, 1
1639,0, 185, False, 1
1640,0, 185, False, 1
1641,0, 185, False, 1
1642,0, 185, False, 0
1643,0, 185, False, 0
1644,0, 185, False, 0
1645,0, 185, False, 0
1646,0, 185, False, 0
1647,0, 185, False, 0
1648,0, 185, False, 0
1649,0, 185, False, 0
1650,0, 185, False, 1
1651,0, 185, False, 1
1652,0, 185, False, 1
1653,0, 185, False, 0
1654,0, 185, False, 0
1655,0, 185, False, 0
1656,0, 185, False, 0
1657,0, 185, False, 0
1658,0, 185, False, 0
1659,0, 185, False, 1
1660,0, 185, False, 1
1661,0, 185, False, 1
1662,0, 185, False, 0
1663,25, 210, False, 0
1664,0, 210, False, 0
1665,0, 210, False, 0
1666,0, 210, False, 0
1667,0, 210, False, 0
1668,0, 210, False, 0
1669,0, 210, False, 0
1670,0, 210, False, 0
1671,0, 210, False, 0
1672,0, 210, False, 1
1673,0, 210, False, 1
1674,0, 210, False, 1
1675,0, 210, False, 1
1676,0, 210, False, 1
1677,0, 210, False, 0
1678,0, 210, False, 0
1679,0, 210, False, 0
1680,0, 210, False, 0
1681,0, 210, False, 0
1682,0, 210, False, 0
1683,0, 210, False, 1
1684,0, 210, False, 1
1685,0, 210, False, 1
1686,0, 210, False, 0
1687,0, 210, False, 0
1688,0, 210, False, 0
1689,0, 210, False, 0
1690,0, 210, False, 0
1691,0, 210, False, 0
1692,0, 210, False, 0
1693,0, 210, False, 0
1694,0, 210, False, 0
1695,0, 210, False, 0
1696,0, 210, False, 0
1697,0, 210, False, 0
1698,0, 210, False, 0
1699,0, 210, False, 0
1700,0, 210, False, 0
1701,0, 210, False, 0
1702,0, 210, False, 0
1703,0, 210, False, 0
1704,0, 210, False, 0
1705,0, 210, False, 0
1706,0, 210, False, 0
1707,0, 210, False, 0
1708,0, 210, False, 0
1709,0, 210, False, 0
1710,0, 210, False, 0
1711,0, 210, False, 0
1712,0, 210, False, 0
1713,0, 210, False, 0
1714,0, 210, False, 0
1715,0, 210, False, 0
1716,0, 210, False, 0
1717,0, 210, False, 0
1718,0, 210, False, 0
1719,0, 210, False, 0
1720,0, 210, False, 0
1721,0, 210, False, 0
1722,0, 210, False, 0
1723,0, 210, False, 0
1724,0, 210, False, 0
1725,0, 210, False, 0
1726,0, 210, False, 0
1727,0, 210, False, 0
1728,0, 210, False, 0
1729,0, 210, False, 0
1730,0, 210, False, 0
1731,0, 210, False, 0
1732,0, 210, False, 0
1733,0, 210, False, 0
1734,0, 210, False, 0
1735,0, 210, False, 0
1736,0, 210, False, 0
1737,0, 210, False, 0
1738,0, 210, False, 0
1739,0, 210, False, 0
1740,0, 210, False, 0
1741,0, 210, False, 0
1742,0, 210, False, 0
1743,0, 210, False, 0
1744,0, 210, False, 0
1745,0, 210, False, 0
1746,0, 210, False, 0
1747,0, 210, False, 3
1748,0, 210, False, 3
1749,0, 210, False, 3
1750,0, 210, False, 3
1751,0, 210, False, 3
1752,0, 210, False, 3
1753,0, 210, False, 3
1754,0, 210, False, 0
1755,0, 210, False, 0
1756,0, 210, False, 0
1757,0, 210, False, 0
1758,0, 210, False, 0
1759,0, 210, False, 0
1760,0, 210, False, 0
1761,0, 210, False, 0
1762,0, 210, False, 0
1763,0, 210, False, 0
1764,0, 210, False, 0
1765,0, 210, False, 1
1766,0, 210, False, 1
1767,0, 210, False, 1
1768,0, 210, False, 1
1769,0, 210, False, 0
1770,0, 210, False, 0
1771,0, 210, False, 0
1772,0, 210, False, 0
1773,0, 210, False, 0
1774,0, 210, False, 0
1775,0, 210, False, 0
1776,0, 210, False, 0
1777,0, 210, False, 0
1778,0, 210, False, 0
1779,0, 210, False, 0
1780,0, 210, False, 0
1781,0, 210, False, 0
1782,0, 210, False, 0
1783,0, 210, False, 0
1784,0, 210, False, 0
1785,0, 210, False, 0
1786,0, 210, False, 0
1787,0, 210, False, 0
1788,0, 210, False, 0
1789,0, 210, False, 0
1790,0, 210, False, 0
1791,0, 210, False, 0
1792,0, 210, False, 0
1793,0, 210, False, 0
1794,0, 210, False, 0
1795,0, 210, False, 0
1796,0, 210, False, 0
1797,0, 210, False, 0
1798,0, 210, False, 0
1799,0, 210, False, 0
1800,0, 210, False, 0
1801,0, 210, False, 0
1802,0, 210, False, 0
1803,0, 210, False, 0
1804,0, 210, False, 0
1805,0, 210, False, 0
1806,0, 210, False, 0
1807,0, 210, False, 4
1808,0, 210, False, 4
1809,0, 210, False, 4
1810,0, 210, False, 4
1811,0, 210, False, 4
1812,0, 210, False, 4
1813,0, 210, False, 4
1814,0, 210, False, 4
1815,0, 210, False, 4
1816,0, 210, False, 4
1817,0, 210, False, 4
1818,0, 210, False, 4
1819,0, 210, False, 4
1820,0, 210, False, 0
1821,0, 210, False, 0
1822,0, 210, False, 0
1823,0, 210, False, 0
1824,0, 210, False, 0
1825,0, 210, False, 0
1826,0, 210, False, 0
1827,0, 210, False, 0
1828,0, 210, False, 0
1829,0, 210, False, 4
1830,0, 210, False, 4
1831,0, 210, False, 4
1832,0, 210, False, 4
1833,0, 210, False, 4
1834,0, 210, False, 4
1835,0, 210, False, 4
1836,0, 210, False, 4
1837,0, 210, False, 4
1838,0, 210, False, 4
1839,0, 210, False, 4
1840,0, 210, False, 4
1841,0, 210, False, 4
1842,0, 210, False, 4
1843,0, 210, False, 4
1844,0, 210, False, 4
1845,0, 210, False, 4
1846,0, 210, False, 4
1847,0, 210, False, 4
1848,0, 210, False, 4
1849,0, 210, False, 4
1850,0, 210, False, 4
1851,0, 210, False, 4
1852,0, 210, False, 4
1853,0, 210, False, 4
1854,0, 210, False, 4
1855,0, 210, False, 0
1856,0, 210, False, 0
1857,0, 210, False, 0
1858,0, 210, False, 0
1859,0, 210, False, 0
1860,0, 210, False, 1
1861,0, 210, False, 1
1862,0, 210, False, 1
1863,0, 210, False, 1
1864,0, 210, False, 1
1865,0, 210, False, 1
1866,0, 210, False, 12
1867,0, 210, False, 12
1868,0, 210, False, 4
1869,0, 210, False, 0
1870,0, 210, False, 0
1871,0, 210, False, 0
1872,0, 210, False, 0
1873,0, 210, False, 0
1874,0, 210, False, 4
1875,0, 210, False, 0
1876,0, 210, False, 0
1877,0, 210, False, 0
1878,0, 210, False, 0
1879,0, 210, False, 0
1880,0, 210, False, 0
1881,0, 210, False, 0
1882,0, 210, False, 12
1883,0, 210, False, 12
1884,0, 210, False, 12
1885,0, 210, False, 12
1886,0, 210, False, 4
1887,0, 210, False, 0
1888,0, 210, False, 0
1889,0, 210, False, 0
1890,0, 210, False, 0
1891,0, 210, False, 0
1892,0, 210, False, 0
1893,0, 210, False, 1
1894,0, 210, False, 1
1895,0, 210, False, 1
1896,0, 210, False, 1
1897,0, 210, False, 0
1898,0, 210, False, 0
1899,0, 210, False, 0
1900,0, 210, False, 0
1901,0, 210, False, 0
1902,0, 210, False, 0
1903,0, 210, False, 1
1904,0, 210, False, 1
1905,0, 210, False, 1
1906,0, 210, False, 1
1907,0, 210, False, 0
1908,0, 210, False, 0
1909,5, 215, False, 0
1910,0, 215, False, 0
1911,0, 215, False, 0
1912,0, 215, False, 0
1913,0, 215, False, 0
1914,0, 215, False, 1
1915,0, 215, False, 1
1916,0, 215, False, 1
1917,0, 215, False, 0
1918,0, 215, False, 0
1919,0, 215, False, 0
1920,0, 215, False, 0
1921,0, 215, False, 1
1922,0, 215, False, 1
1923,0, 215, False, 1
1924,0, 215, False, 0
1925,0, 215, False, 0
1926,0, 215, False, 0
1927,0, 215, False, 0
1928,0, 215, False, 0
1929,0, 215, False, 1
1930,0, 215, False, 1
1931,0, 215, False, 0
1932,0, 215, False, 0
1933,0, 215, False, 0
1934,0, 215, False, 0
1935,0, 215, False, 0
1936,0, 215, False, 0
1937,10, 225, False, 1
1938,0, 225, False, 1
1939,0, 225, False, 1
1940,0, 225, False, 0
1941,0, 225, False, 0
1942,0, 225, False, 0
1943,0, 225, False, 0
1944,0, 225, False, 1
1945,0, 225, False, 1
1946,0, 225, False, 1
1947,0, 225, False, 0
1948,0, 225, False, 0
1949,0, 225, False, 0
1950,0, 225, False, 0
1951,0, 225, False, 0
1952,0, 225, False, 1
1953,0, 225, False, 1
1954,0, 225, False, 1
1955,0, 225, False, 1
1956,0, 225, False, 0
1957,0, 225, False, 0
1958,0, 225, False, 0
1959,0, 225, False, 0
1960,0, 225, False, 0
1961,0, 225, False, 1
1962,0, 225, False, 1
1963,0, 225, False, 1
1964,0, 225, False, 0
1965,0, 225, False, 0
1966,0, 225, False, 0
1967,0, 225, False, 0
1968,0, 225, False, 0
1969,0, 225, False, 0
1970,0, 225, False, 0
1971,0, 225, False, 0
1972,0, 225, False, 0
1973,0, 225, False, 0
1974,0, 225, False, 0
1975,0, 225, False, 0
1976,0, 225, False, 0
1977,0, 225, False, 0
1978,0, 225, False, 0
1979,0, 225, False, 0
1980,0, 225, False, 0
1981,0, 225, False, 0
1982,0, 225, False, 0
1983,0, 225, False, 0
1984,0, 225, False, 0
1985,0, 225, False, 0
1986,0, 225, False, 0
1987,0, 225, False, 3
1988,0, 225, False, 3
1989,0, 225, False, 3
1990,0, 225, False, 3
1991,0, 225, False, 3
1992,0, 225, False, 3
1993,0, 225, False, 3
1994,0, 225, False, 3
1995,0, 225, False, 3
1996,0, 225, False, 3
1997,0, 225, False, 3
1998,0, 225, False, 3
1999,0, 225, False, 3
2000,0, 225, False, 3
2001,0, 225, False, 3
2002,0, 225, False, 3
2003,0, 225, False, 3
2004,0, 225, False, 3
2005,0, 225, False, 3
2006,0, 225, False, 0
2007,0, 225, False, 0
2008,0, 225, False, 3
2009,0, 225, False, 3
2010,0, 225, False, 3
2011,0, 225, False, 3
2012,0, 225, False, 3
2013,0, 225, False, 0
2014,0, 225, False, 0
2015,0, 225, False, 0
2016,0, 225, False, 0
2017,0, 225, False, 1
2018,0, 225, False, 1
2019,0, 225, False, 1
2020,0, 225, False, 1
2021,0, 225, False, 1
2022,0, 225, False, 0
2023,0, 225, False, 0
2024,0, 225, False, 0
2025,0, 225, False, 0
2026,0, 225, False, 1
2027,0, 225, False, 1
2028,0, 225, False, 1
2029,0, 225, False, 1
2030,0, 225, False, 0
2031,0, 225, False, 0
2032,0, 225, False, 0
2033,0, 225, False, 0
2034,0, 225, False, 0
2035,0, 225, False, 1
2036,0, 225, False, 1
2037,0, 225, False, 1
2038,0, 225, False, 0
2039,0, 225, False, 0
2040,0, 225, False, 0
2041,0, 225, False, 0
2042,0, 225, False, 1
2043,0, 225, False, 1
2044,0, 225, False, 1
2045,0, 225, False, 0
2046,0, 225, False, 0
2047,0, 225, False, 0
2048,0, 225, False, 0
2049,0, 225, False, 1
2050,0, 225, False, 1
2051,0, 225, False, 1
2052,0, 225, False, 0
2053,0, 225, False, 0
2054,0, 225, False, 0
2055,0, 225, False, 0
2056,0, 225, False, 0
2057,15, 240, False, 1
2058,0, 240, False, 1
2059,0, 240, False, 1
2060,0, 240, False, 0
2061,0, 240, False, 0
2062,0, 240, False, 0
2063,0, 240, False, 0
2064,0, 240, False, 1
2065,0, 240, False, 1
2066,0, 240, False, 1
2067,0, 240, False, 1
2068,0, 240, False, 0
2069,0, 240, False, 0
2070,0, 240, False, 0
2071,0, 240, False, 0
2072,0, 240, False, 0
2073,0, 240, False, 1
2074,0, 240, False, 1
2075,0, 240, False, 0
2076,0, 240, False, 0
2077,0, 240, False, 0
2078,0, 240, False, 0
2079,0, 240, False, 0
2080,0, 240, False, 0
2081,0, 240, False, 0
2082,0, 240, False, 12
2083,0, 240, False, 12
2084,0, 240, False, 12
2085,0, 240, False, 4
2086,0, 240, False, 4
2087,0, 240, False, 4
2088,0, 240, False, 4
2089,0, 240, False, 4
2090,0, 240, False, 0
2091,0, 240, False, 0
2092,0, 240, False, 0
2093,0, 240, False, 4
2094,0, 240, False, 4
2095,0, 240, False, 4
2096,0, 240, False, 4
2097,0, 240, False, 4
2098,0, 240, False, 4
2099,0, 240, False, 4
2100,0, 240, False, 4
2101,0, 240, False, 4
2102,0, 240, False, 4
2103,0, 240, False, 0
2104,0, 240, False, 0
2105,0, 240, False, 0
2106,0, 240, False, 0
2107,0, 240, False, 1
2108,0, 240, False, 1
2109,0, 240, False, 1
2110,0, 240, False, 1
2111,0, 240, False, 0
2112,0, 240, False, 0
2113,0, 240, False, 0
2114,0, 240, False, 0
2115,0, 240, False, 0
2116,0, 240, False, 0
2117,0, 240, False, 1
2118,0, 240, False, 1
2119,0, 240, False, 1
2120,0, 240, False, 1
2121,0, 240, False, 0
2122,0, 240, False, 0
2123,0, 240, False, 0
2124,0, 240, False, 0
2125,0, 240, False, 0
2126,0, 240, False, 1
2127,0, 240, False, 1
2128,0, 240, False, 1
2129,0, 240, False, 1
2130,0, 240, False, 0
2131,0, 240, False, 0
2132,0, 240, False, 0
2133,0, 240, False, 0
2134,0, 240, False, 0
2135,0, 240, False, 1
2136,0, 240, False, 1
2137,0, 240, False, 1
2138,0, 240, False, 12
2139,0, 240, False, 4
2140,0, 240, False, 4
2141,0, 240, False, 4
2142,0, 240, False, 4
2143,0, 240, False, 4
2144,0, 240, False, 4
2145,0, 240, False, 4
2146,0, 240, False, 4
2147,0, 240, False, 4
2148,0, 240, False, 4
2149,0, 240, False, 4
2150,0, 240, False, 4
2151,0, 240, False, 1
2152,0, 240, False, 1
2153,0, 240, False, 1
2154,0, 240, False, 1
2155,0, 240, False, 1
2156,0, 240, False, 4
2157,0, 240, False, 4
2158,0, 240, False, 4
2159,0, 240, False, 4
2160,0, 240, False, 0
2161,0, 240, False, 0
2162,0, 240, False, 0
2163,0, 240, False, 1
2164,0, 240, False, 1
2165,0, 240, False, 12
2166,0, 240, False, 12
2167,0, 240, False, 4
2168,0, 240, False, 0
2169,0, 240, False, 0
2170,0, 240, False, 0
2171,0, 240, False, 0
2172,0, 240, False, 0
2173,0, 240, False, 1
2174,0, 240, False, 1
2175,0, 240, False, 1
2176,0, 240, False, 1
2177,0, 240, False, 1
2178,0, 240, False, 4
2179,0, 240, False, 4
2180,0, 240, False, 4
2181,0, 240, False, 4
2182,0, 240, False, 4
2183,0, 240, False, 4
2184,0, 240, False, 4
2185,0, 240, False, 1
2186,0, 240, False, 1
2187,0, 240, False, 0
2188,0, 240, False, 0
2189,0, 240, False, 0
2190,0, 240, False, 4
2191,20, 260, False, 4
2192,0, 260, False, 4
2193,0, 260, False, 12
2194,0, 260, False, 12
2195,0, 260, False, 12
2196,0, 260, False, 12
2197,0, 260, False, 4
2198,0, 260, False, 0
2199,0, 260, False, 0
2200,0, 260, False, 0
2201,0, 260, False, 4
2202,0, 260, False, 4
2203,0, 260, False, 12
2204,0, 260, False, 12
2205,0, 260, False, 12
2206,0, 260, False, 0
2207,0, 260, False, 0
2208,0, 260, False, 0
2209,0, 260, False, 0
2210,0, 260, False, 4
2211,0, 260, False, 4
2212,0, 260, False, 12
2213,0, 260, False, 12
2214,0, 260, False, 1
2215,0, 260, False, 1
2216,0, 260, False, 1
2217,0, 260, False, 4
2218,0, 260, False, 4
2219,0, 260, False, 4
2220,0, 260, False, 4
2221,0, 260, False, 4
2222,0, 260, False, 4
2223,0, 260, False, 12
2224,0, 260, False, 12
2225,0, 260, False, 4
2226,0, 260, False, 4
2227,0, 260, False, 4
2228,0, 260, False, 4
2229,0, 260, False, 4
2230,0, 260, False, 4
2231,0, 260, False, 4
2232,0, 260, False, 4
2233,0, 260, False, 12
2234,0, 260, False, 12
2235,0, 260, False, 12
2236,0, 260, False, 4
2237,0, 260, False, 4
2238,0, 260, False, 4
2239,0, 260, False, 0
2240,0, 260, False, 0
2241,25, 285, False, 0
2242,0, 285, False, 4
2243,0, 285, False, 4
2244,0, 285, False, 4
2245,0, 285, False, 4
2246,0, 285, False, 4
2247,0, 285, False, 4
2248,0, 285, False, 0
2249,0, 285, False, 0
2250,0, 285, False, 0
2251,0, 285, False, 0
2252,0, 285, False, 0
2253,0, 285, False, 0
2254,0, 285, False, 0
2255,0, 285, False, 0
2256,0, 285, False, 0
2257,0, 285, False, 0
2258,0, 285, False, 0
2259,0, 285, False, 0
2260,0, 285, False, 0
2261,0, 285, False, 0
2262,0, 285, False, 0
2263,0, 285, False, 4
2264,0, 285, False, 0
2265,0, 285, False, 3
2266,0, 285, False, 3
2267,0, 285, False, 3
2268,0, 285, False, 3
2269,0, 285, False, 3
2270,0, 285, False, 3
2271,0, 285, False, 3
2272,0, 285, False, 3
2273,0, 285, False, 3
2274,0, 285, False, 3
2275,0, 285, False, 3
2276,0, 285, False, 3
2277,0, 285, False, 3
2278,0, 285, False, 3
2279,0, 285, False, 3
2280,0, 285, False, 3
2281,0, 285, False, 3
2282,0, 285, False, 3
2283,0, 285, False, 3
2284,0, 285, False, 3
2285,0, 285, False, 3
2286,0, 285, False, 3
2287,0, 285, False, 3
2288,0, 285, False, 3
2289,0, 285, False, 3
2290,0, 285, False, 3
2291,0, 285, False, 3
2292,0, 285, False, 0
2293,0, 285, False, 0
2294,0, 285, False, 0
2295,0, 285, False, 0
2296,0, 285, False, 0
2297,0, 285, False, 0
2298,0, 285, False, 0
2299,0, 285, False, 0
2300,0, 285, False, 0
2301,0, 285, False, 0
2302,0, 285, False, 0
2303,0, 285, False, 0
2304,0, 285, False, 0
2305,0, 285, False, 0
2306,0, 285, False, 0
2307,0, 285, False, 0
2308,0, 285, False, 0
2309,0, 285, False, 0
2310,0, 285, False, 0
2311,0, 285, False, 0
2312,0, 285, False, 0
2313,0, 285, False, 0
2314,0, 285, False, 3
2315,0, 285, False, 3
2316,0, 285, False, 3
2317,0, 285, False, 3
2318,0, 285, False, 3
2319,0, 285, False, 3
2320,0, 285, False, 3
2321,0, 285, False, 3
2322,0, 285, False, 3
2323,0, 285, False, 3
2324,0, 285, False, 3
2325,0, 285, False, 3
2326,0, 285, False, 0
2327,0, 285, False, 0
2328,0, 285, False, 0
2329,0, 285, False, 0
2330,0, 285, False, 0
2331,0, 285, False, 0
2332,0, 285, False, 0
2333,0, 285, False, 0
2334,0, 285, False, 0
2335,0, 285, False, 0
2336,0, 285, False, 0
2337,0, 285, False, 0
2338,0, 285, False, 0
2339,0, 285, False, 0
2340,0, 285, False, 0
2341,0, 285, False, 0
2342,0, 285, False, 0
2343,0, 285, False, 0
2344,0, 285, False, 0
2345,0, 285, False, 0
2346,0, 285, False, 0
2347,0, 285, False, 0
2348,0, 285, False, 0
2349,0, 285, False, 0
2350,0, 285, False, 0
2351,0, 285, False, 0
2352,0, 285, False, 0
2353,0, 285, False, 0
2354,0, 285, False, 0
2355,0, 285, False, 0
2356,0, 285, False, 0
2357,0, 285, False, 0
2358,0, 285, False, 0
2359,0, 285, False, 0
2360,0, 285, False, 0
2361,0, 285, False, 0
2362,0, 285, False, 0
2363,0, 285, False, 0
2364,0, 285, False, 0
2365,0, 285, False, 0
2366,0, 285, False, 0
2367,0, 285, False, 0
2368,0, 285, False, 0
2369,0, 285, False, 0
2370,0, 285, False, 0
2371,0, 285, False, 0
2372,0, 285, False, 0
2373,0, 285, False, 0
2374,0, 285, False, 0
2375,0, 285, False, 0
2376,0, 285, False, 0
2377,0, 285, False, 0
2378,0, 285, False, 0
2379,0, 285, False, 0
2380,0, 285, False, 0
2381,0, 285, False, 0
2382,0, 285, False, 0
2383,0, 285, False, 0
2384,0, 285, False, 0
2385,0, 285, False, 0
2386,0, 285, False, 0
2387,0, 285, False, 0
2388,0, 285, False, 0
2389,0, 285, False, 0
2390,0, 285, False, 0
2391,0, 285, False, 0
2392,0, 285, False, 0
2393,0, 285, False, 0
2394,0, 285, False, 0
2395,0, 285, False, 0
2396,0, 285, False, 0
2397,0, 285, False, 0
2398,0, 285, False, 0
2399,0, 285, False, 0
2400,0, 285, False, 0
2401,0, 285, False, 0
2402,0, 285, False, 0
2403,0, 285, False, 0
2404,0, 285, False, 0
2405,0, 285, False, 0
2406,0, 285, False, 0
2407,0, 285, False, 0
2408,0, 285, False, 0
2409,0, 285, False, 0
2410,0, 285, False, 0
2411,0, 285, False, 0
2412,0, 285, False, 0
2413,0, 285, False, 0
2414,0, 285, False, 0
2415,0, 285, False, 0
2416,0, 285, False, 0
2417,0, 285, False, 0
2418,0, 285, False, 0
2419,0, 285, False, 0
2420,0, 285, False, 0
2421,0, 285, False, 0
2422,0, 285, False, 0
2423,0, 285, False, 0
2424,0, 285, False, 0
2425,0, 285, False, 0
2426,0, 285, False, 0
2427,0, 285, False, 0
2428,0, 285, False, 0
2429,0, 285, False, 0
2430,0, 285, False, 0
2431,0, 285, False, 0
2432,0, 285, False, 0
2433,0, 285, False, 0
2434,0, 285, False, 0
2435,0, 285, False, 0
2436,0, 285, False, 0
2437,0, 285, False, 0
2438,0, 285, False, 0
2439,0, 285, False, 0
2440,0, 285, False, 0
2441,0, 285, False, 0
2442,0, 285, False, 0
2443,0, 285, False, 0
2444,0, 285, False, 0
2445,0, 285, False, 0
2446,0, 285, False, 0
2447,0, 285, False, 0
2448,0, 285, False, 0
2449,0, 285, False, 0
2450,0, 285, False, 0
2451,0, 285, False, 0
2452,0, 285, False, 0
2453,0, 285, False, 0
2454,0, 285, False, 0
2455,0, 285, False, 0
2456,0, 285, False, 0
2457,0, 285, False, 0
2458,0, 285, False, 0
2459,0, 285, False, 0
2460,0, 285, False, 0
2461,0, 285, False, 4
2462,0, 285, False, 4
2463,0, 285, False, 4
2464,0, 285, False, 4
2465,0, 285, False, 4
2466,0, 285, False, 4
2467,0, 285, False, 4
2468,0, 285, False, 4
2469,0, 285, False, 0
2470,0, 285, False, 0
2471,0, 285, False, 0
2472,0, 285, False, 0
2473,0, 285, False, 0
2474,0, 285, False, 0
2475,0, 285, False, 0
2476,0, 285, False, 0
2477,0, 285, False, 0
2478,0, 285, False, 0
2479,0, 285, False, 0
2480,0, 285, False, 0
2481,0, 285, False, 0
2482,0, 285, False, 0
2483,0, 285, False, 0
2484,0, 285, False, 0
2485,0, 285, False, 0
2486,0, 285, False, 0
2487,0, 285, False, 0
2488,0, 285, False, 0
2489,0, 285, False, 0
2490,0, 285, False, 0
2491,0, 285, False, 0
2492,0, 285, False, 0
2493,0, 285, False, 0
2494,0, 285, False, 0
2495,0, 285, False, 0
2496,0, 285, False, 0
2497,0, 285, False, 0
2498,0, 285, False, 0
2499,0, 285, False, 4
2500,0, 285, False, 4
2501,0, 285, False, 4
2502,0, 285, False, 4
2503,0, 285, False, 0
2504,0, 285, False, 3
2505,0, 285, False, 3
2506,0, 285, False, 3
2507,0, 285, False, 3
2508,0, 285, False, 3
2509,0, 285, False, 0
2510,0, 285, False, 1
2511,0, 285, False, 1
2512,0, 285, False, 1
2513,0, 285, False, 1
2514,0, 285, False, 1
2515,0, 285, False, 1
2516,0, 285, False, 0
2517,0, 285, False, 0
2518,0, 285, False, 0
2519,0, 285, False, 0
2520,0, 285, False, 0
2521,0, 285, False, 0
2522,0, 285, False, 1
2523,0, 285, False, 1
2524,0, 285, False, 1
2525,0, 285, False, 1
2526,0, 285, False, 1
2527,0, 285, False, 1
2528,0, 285, False, 0
2529,0, 285, False, 0
2530,0, 285, False, 0
2531,0, 285, False, 0
2532,0, 285, False, 11
2533,0, 285, False, 11
2534,0, 285, False, 11
2535,0, 285, False, 11
2536,0, 285, False, 11
2537,0, 285, False, 11
2538,0, 285, False, 0
2539,0, 285, False, 0
2540,0, 285, False, 0
2541,0, 285, False, 0
2542,0, 285, False, 0
2543,0, 285, False, 11
2544,0, 285, False, 11
2545,0, 285, False, 1
2546,0, 285, False, 0
2547,0, 285, False, 0
2548,0, 285, False, 0
2549,0, 285, False, 0
2550,0, 285, False, 3
2551,0, 285, False, 3
2552,0, 285, False, 11
2553,25, 310, False, 11
2554,0, 310, False, 1
2555,0, 310, False, 1
2556,0, 310, False, 0
2557,0, 310, False, 0
2558,0, 310, False, 3
2559,0, 310, False, 3
2560,0, 310, False, 3
2561,0, 310, False, 3
2562,0, 310, False, 11
2563,0, 310, False, 11
2564,0, 310, False, 11
2565,0, 310, False, 3
2566,0, 310, False, 3
2567,0, 310, False, 11
2568,0, 310, False, 11
2569,0, 310, False, 11
2570,0, 310, False, 11
2571,0, 310, False, 11
2572,0, 310, False, 11
2573,0, 310, False, 11
2574,0, 310, False, 11
2575,0, 310, False, 11
2576,0, 310, False, 11
2577,0, 310, False, 11
2578,0, 310, False, 11
2579,0, 310, False, 11
2580,0, 310, False, 11
2581,0, 310, False, 11
2582,0, 310, False, 11
2583,0, 310, False, 11
2584,0, 310, False, 11
2585,0, 310, False, 11
2586,0, 310, False, 11
2587,0, 310, False, 11
2588,0, 310, False, 11
2589,0, 310, False, 11
2590,0, 310, False, 11
2591,0, 310, False, 11
2592,0, 310, False, 11
2593,0, 310, False, 1
2594,0, 310, False, 1
2595,0, 310, False, 1
2596,0, 310, False, 1
2597,0, 310, False, 1
2598,0, 310, False, 1
2599,0, 310, False, 1
2600,0, 310, False, 1
2601,0, 310, False, 1
2602,0, 310, False, 1
2603,0, 310, False, 1
2604,0, 310, False, 1
2605,30, 340, False, 1
2606,0, 340, False, 1
2607,0, 340, False, 1
2608,0, 340, False, 1
2609,0, 340, False, 1
2610,0, 340, False, 11
2611,0, 340, False, 11
2612,0, 340, False, 11
2613,0, 340, False, 11
2614,0, 340, False, 11
2615,0, 340, False, 1
2616,0, 340, False, 0
2617,0, 340, False, 0
2618,0, 340, False, 0
2619,0, 340, False, 0
2620,0, 340, False, 0
2621,0, 340, False, 0
2622,0, 340, False, 0
2623,0, 340, False, 0
2624,0, 340, False, 11
2625,0, 340, False, 11
2626,0, 340, False, 11
2627,0, 340, False, 3
2628,0, 340, False, 0
2629,0, 340, False, 0
2630,0, 340, False, 0
2631,0, 340, False, 0
2632,0, 340, False, 1
2633,0, 340, False, 11
2634,0, 340, False, 11
2635,0, 340, False, 11
2636,0, 340, False, 0
2637,0, 340, False, 0
2638,0, 340, False, 0
2639,0, 340, False, 0
2640,0, 340, False, 3
2641,0, 340, False, 11
2642,0, 340, False, 11
2643,0, 340, False, 11
2644,0, 340, False, 11
2645,0, 340, False, 3
2646,0, 340, False, 3
2647,0, 340, False, 3
2648,0, 340, False, 3
2649,0, 340, False, 3
2650,0, 340, False, 3
2651,0, 340, False, 0
2652,0, 340, False, 0
2653,0, 340, False, 0
2654,0, 340, False, 0
2655,0, 340, False, 0
2656,0, 340, False, 11
2657,0, 340, False, 11
2658,0, 340, False, 11
2659,0, 340, False, 11
2660,0, 340, False, 3
2661,0, 340, False, 0
2662,0, 340, False, 0
2663,0, 340, False, 0
2664,0, 340, False, 0
2665,0, 340, False, 0
2666,0, 340, False, 11
2667,0, 340, False, 11
2668,0, 340, False, 3
2669,0, 340, False, 3
2670,0, 340, False, 0
2671,0, 340, False, 0
2672,0, 340, False, 0
2673,0, 340, False, 3
2674,0, 340, False, 3
2675,0, 340, False, 11
2676,0, 340, False, 11
2677,0, 340, False, 11
2678,0, 340, False, 0
2679,0, 340, False, 0
2680,0, 340, False, 0
2681,0, 340, False, 3
2682,0, 340, False, 3
2683,0, 340, False, 3
2684,0, 340, False, 11
2685,0, 340, False, 11
2686,0, 340, False, 1
2687,0, 340, False, 0
2688,0, 340, False, 0
2689,0, 340, False, 3
2690,0, 340, False, 3
2691,0, 340, False, 3
2692,0, 340, False, 3
2693,0, 340, False, 11
2694,0, 340, False, 11
2695,0, 340, False, 11
2696,0, 340, False, 0
2697,0, 340, False, 0
2698,0, 340, False, 3
2699,0, 340, False, 3
2700,0, 340, False, 3
2701,0, 340, False, 11
2702,0, 340, False, 11
2703,0, 340, False, 11
2704,0, 340, False, 0
2705,0, 340, False, 0
2706,0, 340, False, 0
2707,0, 340, False, 0
2708,0, 340, False, 1
2709,0, 340, False, 1
2710,0, 340, False, 1
2711,0, 340, False, 1
2712,0, 340, False, 0
2713,0, 340, False, 3
2714,0, 340, False, 3
2715,0, 340, False, 3
2716,0, 340, False, 3
2717,0, 340, False, 3
2718,0, 340, False, 11
2719,0, 340, False, 11
2720,0, 340, False, 3
2721,0, 340, False, 3
2722,0, 340, False, 0
2723,0, 340, False, 0
2724,0, 340, False, 0
2725,0, 340, False, 1
2726,0, 340, False, 11
2727,0, 340, False, 11
2728,0, 340, False, 3
2729,0, 340, False, 3
2730,0, 340, False, 3
2731,0, 340, False, 0
2732,0, 340, False, 0
2733,0, 340, False, 0
2734,0, 340, False, 0
2735,0, 340, False, 1
2736,0, 340, False, 11
2737,0, 340, False, 11
2738,0, 340, False, 3
2739,0, 340, False, 3
2740,0, 340, False, 0
2741,0, 340, False, 0
2742,0, 340, False, 11
2743,0, 340, False, 11
2744,0, 340, False, 11
2745,0, 340, False, 11
2746,0, 340, False, 0
2747,0, 340, False, 0
2748,0, 340, False, 0
2749,0, 340, False, 0
2750,0, 340, False, 0
2751,0, 340, False, 11
2752,0, 340, False, 11
2753,0, 340, False, 11
2754,0, 340, False, 3
2755,0, 340, False, 3
2756,0, 340, False, 3
2757,0, 340, False, 0
2758,0, 340, False, 0
2759,0, 340, False, 0
2760,0, 340, False, 1
2761,0, 340, False, 1
2762,0, 340, False, 3
2763,0, 340, False, 3
2764,0, 340, False, 3
2765,0, 340, False, 3
2766,0, 340, False, 0
2767,0, 340, False, 0
2768,0, 340, False, 1
2769,0, 340, False, 1
2770,0, 340, False, 1
2771,0, 340, False, 11
2772,0, 340, False, 3
2773,0, 340, False, 3
2774,0, 340, False, 3
2775,0, 340, False, 3
2776,0, 340, False, 3
2777,0, 340, False, 3
2778,0, 340, False, 3
2779,0, 340, False, 11
2780,0, 340, False, 11
2781,0, 340, False, 3
2782,0, 340, False, 3
2783,0, 340, False, 0
2784,0, 340, False, 0
2785,0, 340, False, 0
2786,0, 340, False, 1
2787,0, 340, False, 1
2788,0, 340, False, 1
2789,0, 340, False, 0
2790,0, 340, False, 0
2791,0, 340, False, 0
2792,0, 340, False, 0
2793,10, 350, False, 0
2794,0, 350, False, 0
2795,0, 350, False, 1
2796,0, 350, False, 11
2797,0, 350, False, 3
2798,0, 350, False, 3
2799,0, 350, False, 3
2800,0, 350, False, 3
2801,0, 350, False, 3
2802,0, 350, False, 3
2803,0, 350, False, 3
2804,0, 350, False, 11
2805,0, 350, False, 11
2806,0, 350, False, 3
2807,0, 350, False, 3
2808,0, 350, False, 3
2809,0, 350, False, 0
2810,0, 350, False, 0
2811,0, 350, False, 0
2812,0, 350, False, 1
2813,0, 350, False, 1
2814,0, 350, False, 11
2815,0, 350, False, 11
2816,0, 350, False, 3
2817,0, 350, False, 3
2818,0, 350, False, 3
2819,15, 365, False, 0
2820,0, 365, False, 0
2821,0, 365, True, 0
