db traj id : 323
frame,reward,score,terminal, action
0,0, 0, False, 0
1,0, 0, False, 0
2,0, 0, False, 0
3,0, 0, False, 0
4,0, 0, False, 0
5,0, 0, False, 0
6,0, 0, False, 0
7,0, 0, False, 0
8,0, 0, False, 0
9,0, 0, False, 0
10,0, 0, False, 0
11,0, 0, False, 0
12,0, 0, False, 0
13,0, 0, False, 0
14,0, 0, False, 0
15,0, 0, False, 0
16,0, 0, False, 0
17,0, 0, False, 0
18,0, 0, False, 0
19,0, 0, False, 0
20,0, 0, False, 0
21,0, 0, False, 0
22,0, 0, False, 0
23,0, 0, False, 0
24,0, 0, False, 0
25,0, 0, False, 0
26,0, 0, False, 0
27,0, 0, False, 0
28,0, 0, False, 0
29,0, 0, False, 0
30,0, 0, False, 0
31,0, 0, False, 0
32,0, 0, False, 3
33,0, 0, False, 3
34,0, 0, False, 3
35,0, 0, False, 3
36,0, 0, False, 3
37,0, 0, False, 0
38,0, 0, False, 0
39,0, 0, False, 0
40,0, 0, False, 0
41,0, 0, False, 0
42,0, 0, False, 0
43,0, 0, False, 0
44,0, 0, False, 0
45,0, 0, False, 0
46,0, 0, False, 0
47,0, 0, False, 0
48,0, 0, False, 0
49,0, 0, False, 0
50,0, 0, False, 0
51,0, 0, False, 0
52,0, 0, False, 0
53,0, 0, False, 0
54,0, 0, False, 0
55,0, 0, False, 0
56,0, 0, False, 0
57,0, 0, False, 0
58,0, 0, False, 3
59,0, 0, False, 3
60,0, 0, False, 3
61,0, 0, False, 3
62,0, 0, False, 3
63,0, 0, False, 3
64,0, 0, False, 3
65,0, 0, False, 3
66,0, 0, False, 3
67,0, 0, False, 3
68,0, 0, False, 3
69,0, 0, False, 3
70,0, 0, False, 0
71,0, 0, False, 0
72,0, 0, False, 0
73,0, 0, False, 0
74,0, 0, False, 0
75,0, 0, False, 0
76,0, 0, False, 0
77,0, 0, False, 0
78,0, 0, False, 0
79,0, 0, False, 0
80,0, 0, False, 0
81,0, 0, False, 0
82,0, 0, False, 0
83,0, 0, False, 0
84,0, 0, False, 0
85,0, 0, False, 0
86,0, 0, False, 0
87,0, 0, False, 0
88,0, 0, False, 0
89,0, 0, False, 0
90,0, 0, False, 0
91,0, 0, False, 0
92,0, 0, False, 0
93,0, 0, False, 0
94,0, 0, False, 0
95,0, 0, False, 0
96,0, 0, False, 0
97,0, 0, False, 0
98,0, 0, False, 0
99,0, 0, False, 0
100,0, 0, False, 0
101,0, 0, False, 0
102,0, 0, False, 3
103,0, 0, False, 3
104,0, 0, False, 3
105,0, 0, False, 3
106,0, 0, False, 3
107,0, 0, False, 3
108,0, 0, False, 3
109,0, 0, False, 3
110,0, 0, False, 3
111,0, 0, False, 3
112,0, 0, False, 3
113,0, 0, False, 3
114,0, 0, False, 3
115,0, 0, False, 11
116,0, 0, False, 1
117,0, 0, False, 1
118,0, 0, False, 1
119,0, 0, False, 1
120,0, 0, False, 0
121,0, 0, False, 0
122,0, 0, False, 0
123,0, 0, False, 0
124,0, 0, False, 0
125,0, 0, False, 0
126,0, 0, False, 0
127,0, 0, False, 0
128,0, 0, False, 0
129,0, 0, False, 0
130,0, 0, False, 0
131,0, 0, False, 3
132,0, 0, False, 3
133,0, 0, False, 3
134,0, 0, False, 3
135,0, 0, False, 3
136,0, 0, False, 3
137,0, 0, False, 3
138,0, 0, False, 3
139,0, 0, False, 3
140,0, 0, False, 3
141,0, 0, False, 3
142,0, 0, False, 3
143,0, 0, False, 3
144,0, 0, False, 3
145,0, 0, False, 3
146,0, 0, False, 3
147,0, 0, False, 3
148,0, 0, False, 3
149,0, 0, False, 3
150,0, 0, False, 3
151,0, 0, False, 3
152,0, 0, False, 3
153,0, 0, False, 3
154,0, 0, False, 3
155,0, 0, False, 3
156,0, 0, False, 3
157,0, 0, False, 3
158,0, 0, False, 3
159,0, 0, False, 3
160,0, 0, False, 3
161,0, 0, False, 3
162,0, 0, False, 3
163,0, 0, False, 3
164,0, 0, False, 3
165,0, 0, False, 3
166,0, 0, False, 3
167,0, 0, False, 3
168,0, 0, False, 3
169,0, 0, False, 3
170,0, 0, False, 3
171,0, 0, False, 3
172,0, 0, False, 3
173,0, 0, False, 3
174,0, 0, False, 3
175,0, 0, False, 3
176,0, 0, False, 11
177,0, 0, False, 11
178,0, 0, False, 11
179,0, 0, False, 11
180,0, 0, False, 3
181,0, 0, False, 3
182,0, 0, False, 3
183,0, 0, False, 3
184,0, 0, False, 3
185,0, 0, False, 3
186,0, 0, False, 3
187,0, 0, False, 3
188,0, 0, False, 3
189,0, 0, False, 3
190,0, 0, False, 3
191,0, 0, False, 3
192,0, 0, False, 3
193,0, 0, False, 3
194,0, 0, False, 3
195,0, 0, False, 0
196,0, 0, False, 0
197,0, 0, False, 0
198,0, 0, False, 0
199,0, 0, False, 0
200,0, 0, False, 4
201,0, 0, False, 4
202,5, 5, False, 4
203,0, 5, False, 4
204,0, 5, False, 4
205,0, 5, False, 4
206,0, 5, False, 4
207,0, 5, False, 4
208,0, 5, False, 4
209,0, 5, False, 4
210,0, 5, False, 4
211,0, 5, False, 4
212,0, 5, False, 12
213,0, 5, False, 12
214,0, 5, False, 12
215,0, 5, False, 0
216,0, 5, False, 0
217,0, 5, False, 0
218,0, 5, False, 0
219,0, 5, False, 0
220,0, 5, False, 0
221,0, 5, False, 0
222,0, 5, False, 0
223,0, 5, False, 0
224,0, 5, False, 0
225,0, 5, False, 0
226,0, 5, False, 0
227,0, 5, False, 0
228,0, 5, False, 0
229,0, 5, False, 0
230,0, 5, False, 0
231,0, 5, False, 0
232,0, 5, False, 0
233,0, 5, False, 0
234,0, 5, False, 0
235,0, 5, False, 1
236,0, 5, False, 1
237,0, 5, False, 1
238,0, 5, False, 1
239,0, 5, False, 1
240,0, 5, False, 0
241,0, 5, False, 0
242,0, 5, False, 0
243,0, 5, False, 0
244,0, 5, False, 0
245,0, 5, False, 1
246,10, 15, False, 1
247,0, 15, False, 1
248,0, 15, False, 0
249,0, 15, False, 0
250,0, 15, False, 0
251,0, 15, False, 3
252,0, 15, False, 3
253,0, 15, False, 3
254,0, 15, False, 3
255,0, 15, False, 3
256,0, 15, False, 3
257,0, 15, False, 3
258,0, 15, False, 3
259,0, 15, False, 3
260,0, 15, False, 3
261,0, 15, False, 3
262,0, 15, False, 3
263,0, 15, False, 3
264,0, 15, False, 3
265,0, 15, False, 3
266,0, 15, False, 3
267,0, 15, False, 3
268,0, 15, False, 3
269,0, 15, False, 3
270,0, 15, False, 3
271,0, 15, False, 3
272,0, 15, False, 3
273,0, 15, False, 3
274,0, 15, False, 3
275,0, 15, False, 3
276,0, 15, False, 3
277,0, 15, False, 3
278,0, 15, False, 3
279,0, 15, False, 3
280,0, 15, False, 3
281,0, 15, False, 3
282,0, 15, False, 3
283,0, 15, False, 3
284,0, 15, False, 3
285,0, 15, False, 3
286,0, 15, False, 3
287,0, 15, False, 3
288,0, 15, False, 3
289,0, 15, False, 3
290,15, 30, False, 3
291,0, 30, False, 3
292,0, 30, False, 3
293,0, 30, False, 3
294,0, 30, False, 3
295,0, 30, False, 3
296,0, 30, False, 3
297,0, 30, False, 3
298,0, 30, False, 3
299,0, 30, False, 3
300,0, 30, False, 3
301,0, 30, False, 0
302,0, 30, False, 0
303,0, 30, False, 0
304,0, 30, False, 1
305,0, 30, False, 1
306,0, 30, False, 1
307,0, 30, False, 1
308,0, 30, False, 1
309,0, 30, False, 0
310,0, 30, False, 0
311,0, 30, False, 0
312,0, 30, False, 0
313,0, 30, False, 0
314,0, 30, False, 0
315,0, 30, False, 0
316,0, 30, False, 0
317,0, 30, False, 0
318,0, 30, False, 0
319,0, 30, False, 0
320,0, 30, False, 0
321,0, 30, False, 0
322,0, 30, False, 0
323,0, 30, False, 4
324,0, 30, False, 4
325,0, 30, False, 4
326,0, 30, False, 4
327,0, 30, False, 4
328,0, 30, False, 0
329,0, 30, False, 0
330,0, 30, False, 0
331,0, 30, False, 0
332,0, 30, False, 0
333,0, 30, False, 0
334,0, 30, False, 0
335,0, 30, False, 0
336,0, 30, False, 0
337,0, 30, False, 0
338,0, 30, False, 0
339,0, 30, False, 3
340,0, 30, False, 3
341,0, 30, False, 3
342,0, 30, False, 3
343,0, 30, False, 3
344,0, 30, False, 0
345,0, 30, False, 0
346,0, 30, False, 0
347,0, 30, False, 0
348,0, 30, False, 0
349,0, 30, False, 0
350,0, 30, False, 0
351,0, 30, False, 0
352,0, 30, False, 0
353,0, 30, False, 0
354,0, 30, False, 0
355,0, 30, False, 0
356,0, 30, False, 0
357,0, 30, False, 0
358,0, 30, False, 0
359,0, 30, False, 0
360,0, 30, False, 0
361,0, 30, False, 0
362,0, 30, False, 0
363,0, 30, False, 0
364,0, 30, False, 0
365,0, 30, False, 0
366,0, 30, False, 0
367,0, 30, False, 0
368,0, 30, False, 0
369,0, 30, False, 0
370,0, 30, False, 1
371,0, 30, False, 1
372,0, 30, False, 1
373,0, 30, False, 1
374,0, 30, False, 1
375,0, 30, False, 0
376,0, 30, False, 0
377,0, 30, False, 0
378,0, 30, False, 0
379,0, 30, False, 0
380,0, 30, False, 0
381,0, 30, False, 1
382,0, 30, False, 1
383,0, 30, False, 1
384,0, 30, False, 1
385,0, 30, False, 1
386,0, 30, False, 0
387,0, 30, False, 0
388,0, 30, False, 0
389,0, 30, False, 0
390,0, 30, False, 0
391,0, 30, False, 0
392,0, 30, False, 0
393,0, 30, False, 0
394,0, 30, False, 0
395,0, 30, False, 0
396,0, 30, False, 4
397,0, 30, False, 4
398,0, 30, False, 4
399,0, 30, False, 0
400,0, 30, False, 0
401,0, 30, False, 0
402,0, 30, False, 0
403,0, 30, False, 1
404,0, 30, False, 1
405,0, 30, False, 1
406,0, 30, False, 1
407,0, 30, False, 0
408,0, 30, False, 0
409,0, 30, False, 0
410,0, 30, False, 0
411,0, 30, False, 1
412,0, 30, False, 1
413,0, 30, False, 1
414,0, 30, False, 0
415,0, 30, False, 0
416,0, 30, False, 3
417,0, 30, False, 3
418,0, 30, False, 3
419,0, 30, False, 3
420,0, 30, False, 3
421,0, 30, False, 3
422,0, 30, False, 3
423,0, 30, False, 3
424,0, 30, False, 3
425,0, 30, False, 3
426,0, 30, False, 3
427,0, 30, False, 3
428,5, 35, False, 3
429,0, 35, False, 0
430,0, 35, False, 0
431,0, 35, False, 0
432,0, 35, False, 0
433,0, 35, False, 0
434,0, 35, False, 0
435,0, 35, False, 0
436,0, 35, False, 0
437,0, 35, False, 0
438,0, 35, False, 0
439,0, 35, False, 1
440,0, 35, False, 1
441,0, 35, False, 1
442,0, 35, False, 1
443,0, 35, False, 1
444,0, 35, False, 0
445,0, 35, False, 0
446,0, 35, False, 0
447,0, 35, False, 0
448,0, 35, False, 0
449,0, 35, False, 0
450,0, 35, False, 0
451,0, 35, False, 0
452,0, 35, False, 0
453,0, 35, False, 0
454,0, 35, False, 0
455,0, 35, False, 0
456,0, 35, False, 0
457,0, 35, False, 0
458,0, 35, False, 0
459,0, 35, False, 0
460,0, 35, False, 0
461,0, 35, False, 0
462,0, 35, False, 0
463,0, 35, False, 0
464,0, 35, False, 0
465,0, 35, False, 4
466,0, 35, False, 4
467,0, 35, False, 4
468,0, 35, False, 4
469,0, 35, False, 4
470,0, 35, False, 4
471,0, 35, False, 0
472,0, 35, False, 0
473,0, 35, False, 0
474,0, 35, False, 0
475,0, 35, False, 0
476,0, 35, False, 4
477,0, 35, False, 4
478,0, 35, False, 4
479,0, 35, False, 4
480,0, 35, False, 0
481,0, 35, False, 0
482,0, 35, False, 0
483,0, 35, False, 0
484,0, 35, False, 0
485,0, 35, False, 1
486,0, 35, False, 1
487,0, 35, False, 1
488,0, 35, False, 1
489,0, 35, False, 1
490,0, 35, False, 0
491,0, 35, False, 0
492,0, 35, False, 3
493,0, 35, False, 3
494,0, 35, False, 3
495,0, 35, False, 3
496,0, 35, False, 3
497,0, 35, False, 3
498,0, 35, False, 3
499,0, 35, False, 3
500,0, 35, False, 3
501,0, 35, False, 3
502,0, 35, False, 3
503,0, 35, False, 3
504,0, 35, False, 3
505,0, 35, False, 3
506,0, 35, False, 3
507,0, 35, False, 3
508,0, 35, False, 3
509,0, 35, False, 0
510,0, 35, False, 0
511,0, 35, False, 0
512,0, 35, False, 0
513,0, 35, False, 0
514,0, 35, False, 3
515,0, 35, False, 3
516,0, 35, False, 3
517,0, 35, False, 3
518,0, 35, False, 3
519,0, 35, False, 0
520,0, 35, False, 0
521,0, 35, False, 0
522,0, 35, False, 3
523,0, 35, False, 3
524,0, 35, False, 3
525,0, 35, False, 0
526,0, 35, False, 0
527,0, 35, False, 0
528,0, 35, False, 0
529,0, 35, False, 0
530,0, 35, False, 3
531,0, 35, False, 3
532,0, 35, False, 3
533,0, 35, False, 3
534,0, 35, False, 3
535,0, 35, False, 3
536,0, 35, False, 3
537,0, 35, False, 3
538,0, 35, False, 3
539,0, 35, False, 3
540,0, 35, False, 3
541,0, 35, False, 0
542,0, 35, False, 0
543,0, 35, False, 0
544,0, 35, False, 1
545,0, 35, False, 1
546,0, 35, False, 1
547,0, 35, False, 1
548,0, 35, False, 0
549,0, 35, False, 0
550,0, 35, False, 0
551,0, 35, False, 0
552,0, 35, False, 0
553,0, 35, False, 0
554,0, 35, False, 0
555,0, 35, False, 0
556,0, 35, False, 0
557,0, 35, False, 0
558,0, 35, False, 0
559,0, 35, False, 0
560,0, 35, False, 0
561,0, 35, False, 0
562,0, 35, False, 0
563,0, 35, False, 4
564,0, 35, False, 4
565,0, 35, False, 4
566,0, 35, False, 4
567,0, 35, False, 0
568,0, 35, False, 0
569,0, 35, False, 0
570,0, 35, False, 0
571,0, 35, False, 0
572,0, 35, False, 0
573,0, 35, False, 0
574,0, 35, False, 0
575,0, 35, False, 0
576,0, 35, False, 0
577,0, 35, False, 0
578,0, 35, False, 1
579,0, 35, False, 1
580,0, 35, False, 1
581,0, 35, False, 1
582,0, 35, False, 1
583,0, 35, False, 0
584,0, 35, False, 0
585,0, 35, False, 0
586,0, 35, False, 4
587,0, 35, False, 4
588,0, 35, False, 4
589,0, 35, False, 4
590,0, 35, False, 4
591,0, 35, False, 4
592,0, 35, False, 4
593,0, 35, False, 4
594,0, 35, False, 4
595,0, 35, False, 4
596,0, 35, False, 4
597,0, 35, False, 4
598,0, 35, False, 4
599,0, 35, False, 4
600,0, 35, False, 4
601,0, 35, False, 4
602,0, 35, False, 4
603,0, 35, False, 4
604,5, 40, False, 4
605,0, 40, False, 4
606,0, 40, False, 4
607,0, 40, False, 4
608,0, 40, False, 4
609,0, 40, False, 4
610,0, 40, False, 4
611,0, 40, False, 0
612,0, 40, False, 0
613,0, 40, False, 0
614,0, 40, False, 0
615,0, 40, False, 1
616,0, 40, False, 1
617,0, 40, False, 1
618,0, 40, False, 1
619,0, 40, False, 1
620,0, 40, False, 0
621,0, 40, False, 0
622,0, 40, False, 0
623,0, 40, False, 1
624,0, 40, False, 1
625,0, 40, False, 1
626,0, 40, False, 0
627,0, 40, False, 0
628,0, 40, False, 0
629,0, 40, False, 0
630,0, 40, False, 0
631,0, 40, False, 0
632,0, 40, False, 0
633,0, 40, False, 1
634,0, 40, False, 1
635,0, 40, False, 1
636,0, 40, False, 1
637,0, 40, False, 0
638,0, 40, False, 0
639,0, 40, False, 1
640,0, 40, False, 1
641,0, 40, False, 1
642,0, 40, False, 0
643,0, 40, False, 0
644,0, 40, False, 0
645,0, 40, False, 0
646,0, 40, False, 1
647,0, 40, False, 1
648,10, 50, False, 1
649,0, 50, False, 0
650,0, 50, False, 0
651,0, 50, False, 1
652,0, 50, False, 1
653,0, 50, False, 1
654,0, 50, False, 1
655,0, 50, False, 0
656,0, 50, False, 0
657,0, 50, False, 1
658,0, 50, False, 1
659,0, 50, False, 1
660,0, 50, False, 0
661,0, 50, False, 0
662,0, 50, False, 0
663,0, 50, False, 1
664,0, 50, False, 1
665,0, 50, False, 0
666,0, 50, False, 0
667,0, 50, False, 1
668,0, 50, False, 1
669,0, 50, False, 1
670,0, 50, False, 0
671,0, 50, False, 0
672,0, 50, False, 0
673,0, 50, False, 0
674,0, 50, False, 3
675,0, 50, False, 3
676,0, 50, False, 3
677,0, 50, False, 3
678,0, 50, False, 3
679,0, 50, False, 3
680,0, 50, False, 3
681,0, 50, False, 3
682,0, 50, False, 3
683,0, 50, False, 3
684,0, 50, False, 3
685,0, 50, False, 3
686,0, 50, False, 3
687,0, 50, False, 3
688,0, 50, False, 3
689,0, 50, False, 3
690,0, 50, False, 3
691,0, 50, False, 3
692,0, 50, False, 3
693,0, 50, False, 3
694,0, 50, False, 0
695,0, 50, False, 0
696,15, 65, False, 0
697,0, 65, False, 0
698,0, 65, False, 0
699,0, 65, False, 0
700,0, 65, False, 0
701,0, 65, False, 0
702,0, 65, False, 0
703,0, 65, False, 0
704,0, 65, False, 0
705,0, 65, False, 0
706,0, 65, False, 0
707,0, 65, False, 0
708,0, 65, False, 0
709,0, 65, False, 0
710,0, 65, False, 4
711,0, 65, False, 4
712,0, 65, False, 4
713,0, 65, False, 4
714,0, 65, False, 4
715,0, 65, False, 0
716,0, 65, False, 0
717,0, 65, False, 0
718,0, 65, False, 0
719,0, 65, False, 0
720,0, 65, False, 0
721,0, 65, False, 0
722,0, 65, False, 0
723,0, 65, False, 0
724,0, 65, False, 0
725,0, 65, False, 0
726,0, 65, False, 0
727,0, 65, False, 0
728,0, 65, False, 0
729,0, 65, False, 0
730,0, 65, False, 0
731,0, 65, False, 4
732,0, 65, False, 4
733,0, 65, False, 4
734,0, 65, False, 4
735,0, 65, False, 4
736,0, 65, False, 4
737,0, 65, False, 4
738,0, 65, False, 4
739,0, 65, False, 4
740,0, 65, False, 0
741,0, 65, False, 0
742,0, 65, False, 0
743,0, 65, False, 0
744,0, 65, False, 0
745,0, 65, False, 1
746,0, 65, False, 1
747,0, 65, False, 1
748,0, 65, False, 1
749,0, 65, False, 1
750,0, 65, False, 0
751,0, 65, False, 0
752,0, 65, False, 1
753,0, 65, False, 1
754,0, 65, False, 1
755,0, 65, False, 1
756,0, 65, False, 0
757,0, 65, False, 1
758,0, 65, False, 1
759,0, 65, False, 1
760,0, 65, False, 1
761,0, 65, False, 0
762,0, 65, False, 0
763,0, 65, False, 0
764,0, 65, False, 1
765,0, 65, False, 1
766,0, 65, False, 1
767,0, 65, False, 0
768,0, 65, False, 0
769,0, 65, False, 0
770,0, 65, False, 1
771,0, 65, False, 1
772,0, 65, False, 1
773,0, 65, False, 0
774,0, 65, False, 0
775,0, 65, False, 1
776,0, 65, False, 1
777,0, 65, False, 1
778,0, 65, False, 1
779,0, 65, False, 0
780,0, 65, False, 0
781,0, 65, False, 0
782,0, 65, False, 1
783,0, 65, False, 1
784,0, 65, False, 1
785,0, 65, False, 1
786,0, 65, False, 0
787,0, 65, False, 0
788,0, 65, False, 1
789,0, 65, False, 1
790,0, 65, False, 1
791,0, 65, False, 1
792,0, 65, False, 0
793,0, 65, False, 0
794,0, 65, False, 0
795,0, 65, False, 1
796,0, 65, False, 1
797,0, 65, False, 1
798,20, 85, False, 1
799,0, 85, False, 0
800,0, 85, False, 0
801,0, 85, False, 1
802,0, 85, False, 1
803,0, 85, False, 0
804,0, 85, False, 0
805,0, 85, False, 0
806,0, 85, False, 1
807,0, 85, False, 1
808,0, 85, False, 1
809,0, 85, False, 1
810,0, 85, False, 0
811,0, 85, False, 0
812,0, 85, False, 1
813,0, 85, False, 1
814,0, 85, False, 1
815,0, 85, False, 0
816,0, 85, False, 0
817,0, 85, False, 1
818,0, 85, False, 1
819,0, 85, False, 1
820,0, 85, False, 1
821,0, 85, False, 0
822,0, 85, False, 0
823,0, 85, False, 4
824,0, 85, False, 4
825,0, 85, False, 4
826,0, 85, False, 4
827,0, 85, False, 4
828,0, 85, False, 4
829,0, 85, False, 4
830,0, 85, False, 4
831,0, 85, False, 4
832,0, 85, False, 4
833,0, 85, False, 4
834,0, 85, False, 4
835,0, 85, False, 4
836,0, 85, False, 4
837,0, 85, False, 4
838,0, 85, False, 4
839,0, 85, False, 4
840,0, 85, False, 4
841,0, 85, False, 4
842,0, 85, False, 4
843,0, 85, False, 4
844,0, 85, False, 4
845,0, 85, False, 4
846,0, 85, False, 4
847,0, 85, False, 4
848,0, 85, False, 4
849,0, 85, False, 4
850,0, 85, False, 4
851,0, 85, False, 4
852,0, 85, False, 4
853,0, 85, False, 4
854,0, 85, False, 4
855,0, 85, False, 4
856,0, 85, False, 4
857,0, 85, False, 4
858,0, 85, False, 4
859,0, 85, False, 4
860,0, 85, False, 4
861,0, 85, False, 4
862,0, 85, False, 4
863,0, 85, False, 4
864,25, 110, False, 4
865,0, 110, False, 4
866,0, 110, False, 4
867,0, 110, False, 4
868,0, 110, False, 4
869,0, 110, False, 4
870,0, 110, False, 4
871,0, 110, False, 4
872,0, 110, False, 4
873,0, 110, False, 4
874,0, 110, False, 4
875,0, 110, False, 4
876,0, 110, False, 0
877,0, 110, False, 0
878,0, 110, False, 0
879,0, 110, False, 0
880,0, 110, False, 1
881,0, 110, False, 1
882,0, 110, False, 1
883,0, 110, False, 1
884,0, 110, False, 0
885,0, 110, False, 0
886,0, 110, False, 1
887,0, 110, False, 1
888,0, 110, False, 1
889,0, 110, False, 0
890,0, 110, False, 0
891,0, 110, False, 1
892,0, 110, False, 1
893,0, 110, False, 1
894,0, 110, False, 0
895,0, 110, False, 0
896,0, 110, False, 1
897,0, 110, False, 1
898,0, 110, False, 1
899,0, 110, False, 1
900,0, 110, False, 0
901,0, 110, False, 0
902,0, 110, False, 1
903,0, 110, False, 1
904,0, 110, False, 1
905,0, 110, False, 1
906,5, 115, False, 0
907,0, 115, False, 0
908,0, 115, False, 0
909,0, 115, False, 1
910,0, 115, False, 1
911,0, 115, False, 1
912,0, 115, False, 1
913,0, 115, False, 0
914,0, 115, False, 0
915,0, 115, False, 1
916,0, 115, False, 1
917,0, 115, False, 1
918,0, 115, False, 1
919,0, 115, False, 1
920,0, 115, False, 1
921,0, 115, False, 1
922,0, 115, False, 1
923,0, 115, False, 1
924,0, 115, False, 1
925,0, 115, False, 1
926,0, 115, False, 0
927,0, 115, False, 0
928,0, 115, False, 1
929,0, 115, False, 1
930,0, 115, False, 1
931,0, 115, False, 1
932,0, 115, False, 1
933,0, 115, False, 0
934,0, 115, False, 0
935,0, 115, False, 1
936,0, 115, False, 1
937,0, 115, False, 1
938,0, 115, False, 0
939,0, 115, False, 0
940,0, 115, False, 1
941,0, 115, False, 1
942,10, 125, False, 1
943,0, 125, False, 1
944,0, 125, False, 0
945,0, 125, False, 0
946,0, 125, False, 0
947,0, 125, False, 1
948,0, 125, False, 1
949,0, 125, False, 0
950,0, 125, False, 0
951,0, 125, False, 0
952,0, 125, False, 1
953,0, 125, False, 1
954,0, 125, False, 1
955,0, 125, False, 1
956,0, 125, False, 0
957,0, 125, False, 0
958,0, 125, False, 1
959,0, 125, False, 1
960,0, 125, False, 1
961,0, 125, False, 1
962,0, 125, False, 0
963,0, 125, False, 0
964,0, 125, False, 1
965,0, 125, False, 1
966,0, 125, False, 1
967,0, 125, False, 1
968,0, 125, False, 1
969,0, 125, False, 1
970,0, 125, False, 1
971,0, 125, False, 1
972,0, 125, False, 1
973,0, 125, False, 1
974,0, 125, False, 1
975,0, 125, False, 0
976,0, 125, False, 0
977,0, 125, False, 1
978,0, 125, False, 1
979,0, 125, False, 1
980,0, 125, False, 1
981,0, 125, False, 0
982,15, 140, False, 0
983,0, 140, False, 0
984,0, 140, False, 1
985,0, 140, False, 1
986,0, 140, False, 1
987,0, 140, False, 1
988,0, 140, False, 0
989,0, 140, False, 1
990,0, 140, False, 1
991,0, 140, False, 1
992,0, 140, False, 1
993,0, 140, False, 1
994,0, 140, False, 1
995,0, 140, False, 1
996,0, 140, False, 1
997,0, 140, False, 1
998,0, 140, False, 1
999,0, 140, False, 0
1000,0, 140, False, 0
1001,0, 140, False, 0
1002,0, 140, False, 1
1003,0, 140, False, 1
1004,0, 140, False, 1
1005,0, 140, False, 1
1006,0, 140, False, 0
1007,0, 140, False, 0
1008,0, 140, False, 0
1009,0, 140, False, 0
1010,0, 140, False, 4
1011,0, 140, False, 4
1012,0, 140, False, 4
1013,0, 140, False, 4
1014,0, 140, False, 4
1015,0, 140, False, 4
1016,0, 140, False, 4
1017,0, 140, False, 4
1018,0, 140, False, 4
1019,0, 140, False, 4
1020,0, 140, False, 4
1021,0, 140, False, 4
1022,0, 140, False, 4
1023,0, 140, False, 4
1024,0, 140, False, 4
1025,0, 140, False, 4
1026,0, 140, False, 4
1027,0, 140, False, 4
1028,0, 140, False, 4
1029,0, 140, False, 4
1030,0, 140, False, 4
1031,0, 140, False, 4
1032,20, 160, False, 4
1033,0, 160, False, 4
1034,0, 160, False, 4
1035,0, 160, False, 4
1036,0, 160, False, 4
1037,0, 160, False, 4
1038,0, 160, False, 4
1039,0, 160, False, 4
1040,0, 160, False, 4
1041,0, 160, False, 0
1042,0, 160, False, 0
1043,0, 160, False, 0
1044,0, 160, False, 0
1045,0, 160, False, 0
1046,0, 160, False, 0
1047,0, 160, False, 0
1048,0, 160, False, 4
1049,0, 160, False, 4
1050,0, 160, False, 0
1051,0, 160, False, 0
1052,0, 160, False, 0
1053,0, 160, False, 0
1054,0, 160, False, 1
1055,0, 160, False, 1
1056,0, 160, False, 1
1057,0, 160, False, 1
1058,0, 160, False, 0
1059,0, 160, False, 0
1060,0, 160, False, 1
1061,0, 160, False, 1
1062,0, 160, False, 1
1063,0, 160, False, 0
1064,0, 160, False, 0
1065,0, 160, False, 1
1066,0, 160, False, 1
1067,0, 160, False, 1
1068,0, 160, False, 0
1069,0, 160, False, 0
1070,0, 160, False, 1
1071,0, 160, False, 1
1072,0, 160, False, 1
1073,0, 160, False, 1
1074,0, 160, False, 1
1075,0, 160, False, 0
1076,5, 165, False, 0
1077,0, 165, False, 1
1078,0, 165, False, 1
1079,0, 165, False, 1
1080,0, 165, False, 0
1081,0, 165, False, 0
1082,0, 165, False, 1
1083,0, 165, False, 1
1084,0, 165, False, 1
1085,0, 165, False, 0
1086,0, 165, False, 0
1087,0, 165, False, 0
1088,0, 165, False, 1
1089,0, 165, False, 1
1090,0, 165, False, 1
1091,0, 165, False, 0
1092,0, 165, False, 0
1093,0, 165, False, 1
1094,0, 165, False, 1
1095,0, 165, False, 1
1096,0, 165, False, 0
1097,0, 165, False, 0
1098,0, 165, False, 1
1099,0, 165, False, 1
1100,0, 165, False, 1
1101,0, 165, False, 1
1102,0, 165, False, 1
1103,0, 165, False, 0
1104,0, 165, False, 0
1105,0, 165, False, 1
1106,0, 165, False, 1
1107,0, 165, False, 1
1108,10, 175, False, 1
1109,0, 175, False, 1
1110,0, 175, False, 0
1111,0, 175, False, 0
1112,0, 175, False, 0
1113,0, 175, False, 0
1114,0, 175, False, 0
1115,0, 175, False, 0
1116,0, 175, False, 3
1117,0, 175, False, 3
1118,0, 175, False, 3
1119,0, 175, False, 3
1120,0, 175, False, 3
1121,0, 175, False, 3
1122,0, 175, False, 3
1123,0, 175, False, 3
1124,0, 175, False, 3
1125,0, 175, False, 3
1126,0, 175, False, 3
1127,0, 175, False, 3
1128,0, 175, False, 3
1129,0, 175, False, 3
1130,0, 175, False, 3
1131,0, 175, False, 3
1132,0, 175, False, 3
1133,0, 175, False, 3
1134,0, 175, False, 3
1135,0, 175, False, 3
1136,0, 175, False, 3
1137,0, 175, False, 3
1138,0, 175, False, 3
1139,0, 175, False, 3
1140,0, 175, False, 3
1141,0, 175, False, 3
1142,0, 175, False, 3
1143,0, 175, False, 3
1144,0, 175, False, 3
1145,0, 175, False, 3
1146,0, 175, False, 3
1147,0, 175, False, 3
1148,0, 175, False, 3
1149,0, 175, False, 3
1150,0, 175, False, 3
1151,0, 175, False, 3
1152,0, 175, False, 3
1153,0, 175, False, 3
1154,0, 175, False, 3
1155,0, 175, False, 3
1156,0, 175, False, 3
1157,0, 175, False, 3
1158,0, 175, False, 3
1159,0, 175, False, 3
1160,0, 175, False, 3
1161,0, 175, False, 3
1162,0, 175, False, 3
1163,0, 175, False, 3
1164,0, 175, False, 3
1165,0, 175, False, 3
1166,0, 175, False, 3
1167,0, 175, False, 3
1168,0, 175, False, 3
1169,0, 175, False, 3
1170,0, 175, False, 3
1171,0, 175, False, 3
1172,0, 175, False, 3
1173,0, 175, False, 3
1174,0, 175, False, 3
1175,0, 175, False, 3
1176,0, 175, False, 3
1177,0, 175, False, 3
1178,0, 175, False, 3
1179,0, 175, False, 3
1180,0, 175, False, 3
1181,0, 175, False, 3
1182,0, 175, False, 3
1183,0, 175, False, 3
1184,0, 175, False, 3
1185,0, 175, False, 3
1186,0, 175, False, 3
1187,0, 175, False, 3
1188,0, 175, False, 3
1189,0, 175, False, 3
1190,0, 175, False, 3
1191,0, 175, False, 3
1192,0, 175, False, 3
1193,0, 175, False, 3
1194,0, 175, False, 3
1195,0, 175, False, 3
1196,0, 175, False, 3
1197,0, 175, False, 3
1198,0, 175, False, 3
1199,0, 175, False, 3
1200,0, 175, False, 3
1201,0, 175, False, 3
1202,0, 175, False, 3
1203,0, 175, False, 3
1204,0, 175, False, 3
1205,0, 175, False, 3
1206,0, 175, False, 3
1207,0, 175, False, 3
1208,0, 175, False, 3
1209,0, 175, False, 3
1210,0, 175, False, 3
1211,0, 175, False, 3
1212,0, 175, False, 3
1213,0, 175, False, 3
1214,0, 175, False, 3
1215,0, 175, False, 3
1216,0, 175, False, 3
1217,0, 175, False, 3
1218,0, 175, False, 3
1219,0, 175, False, 11
1220,0, 175, False, 11
1221,0, 175, False, 11
1222,0, 175, False, 11
1223,0, 175, False, 3
1224,0, 175, False, 3
1225,0, 175, False, 3
1226,0, 175, False, 3
1227,0, 175, False, 3
1228,0, 175, False, 3
1229,0, 175, False, 3
1230,0, 175, False, 3
1231,0, 175, False, 3
1232,0, 175, False, 3
1233,0, 175, False, 3
1234,0, 175, False, 3
1235,0, 175, False, 3
1236,0, 175, False, 3
1237,0, 175, False, 3
1238,0, 175, False, 3
1239,0, 175, False, 3
1240,0, 175, False, 3
1241,0, 175, False, 3
1242,0, 175, False, 3
1243,0, 175, False, 3
1244,0, 175, False, 3
1245,0, 175, False, 3
1246,0, 175, False, 3
1247,0, 175, False, 3
1248,0, 175, False, 11
1249,0, 175, False, 11
1250,0, 175, False, 11
1251,0, 175, False, 3
1252,0, 175, False, 3
1253,0, 175, False, 11
1254,0, 175, False, 11
1255,0, 175, False, 11
1256,0, 175, False, 11
1257,0, 175, False, 3
1258,0, 175, False, 3
1259,0, 175, False, 0
1260,0, 175, False, 0
1261,0, 175, False, 0
1262,0, 175, False, 4
1263,0, 175, False, 4
1264,0, 175, False, 4
1265,0, 175, False, 4
1266,0, 175, False, 4
1267,0, 175, False, 4
1268,0, 175, False, 4
1269,0, 175, False, 4
1270,0, 175, False, 4
1271,0, 175, False, 4
1272,0, 175, False, 4
1273,0, 175, False, 4
1274,0, 175, False, 12
1275,0, 175, False, 12
1276,0, 175, False, 1
1277,0, 175, False, 0
1278,0, 175, False, 0
1279,0, 175, False, 0
1280,0, 175, False, 0
1281,0, 175, False, 1
1282,0, 175, False, 1
1283,0, 175, False, 1
1284,0, 175, False, 0
1285,0, 175, False, 0
1286,0, 175, False, 0
1287,0, 175, False, 0
1288,0, 175, False, 3
1289,0, 175, False, 3
1290,0, 175, False, 3
1291,0, 175, False, 3
1292,0, 175, False, 3
1293,0, 175, False, 3
1294,0, 175, False, 3
1295,0, 175, False, 3
1296,0, 175, False, 0
1297,0, 175, False, 0
1298,0, 175, False, 0
1299,0, 175, False, 0
1300,0, 175, False, 0
1301,0, 175, False, 0
1302,0, 175, False, 0
1303,0, 175, False, 0
1304,0, 175, False, 4
1305,0, 175, False, 4
1306,0, 175, False, 4
1307,0, 175, False, 4
1308,0, 175, False, 4
1309,0, 175, False, 4
1310,0, 175, False, 4
1311,0, 175, False, 4
1312,0, 175, False, 4
1313,0, 175, False, 4
1314,0, 175, False, 4
1315,0, 175, False, 4
1316,0, 175, False, 4
1317,0, 175, False, 4
1318,0, 175, False, 4
1319,0, 175, False, 4
1320,0, 175, False, 4
1321,0, 175, False, 4
1322,0, 175, False, 4
1323,0, 175, False, 4
1324,0, 175, False, 0
1325,0, 175, False, 0
1326,0, 175, False, 0
1327,0, 175, False, 0
1328,0, 175, False, 0
1329,0, 175, False, 0
1330,0, 175, False, 0
1331,0, 175, False, 0
1332,0, 175, False, 0
1333,0, 175, False, 0
1334,0, 175, False, 0
1335,0, 175, False, 0
1336,0, 175, False, 0
1337,0, 175, False, 0
1338,0, 175, False, 4
1339,0, 175, False, 4
1340,0, 175, False, 4
1341,0, 175, False, 4
1342,0, 175, False, 4
1343,0, 175, False, 4
1344,0, 175, False, 4
1345,0, 175, False, 0
1346,0, 175, False, 0
1347,0, 175, False, 0
1348,0, 175, False, 0
1349,0, 175, False, 0
1350,0, 175, False, 0
1351,0, 175, False, 0
1352,0, 175, False, 1
1353,0, 175, False, 1
1354,0, 175, False, 1
1355,0, 175, False, 0
1356,0, 175, False, 1
1357,0, 175, False, 1
1358,0, 175, False, 1
1359,0, 175, False, 1
1360,0, 175, False, 0
1361,0, 175, False, 0
1362,0, 175, False, 0
1363,0, 175, False, 1
1364,0, 175, False, 1
1365,0, 175, False, 1
1366,0, 175, False, 1
1367,0, 175, False, 0
1368,0, 175, False, 0
1369,0, 175, False, 1
1370,0, 175, False, 1
1371,0, 175, False, 1
1372,0, 175, False, 1
1373,0, 175, False, 0
1374,0, 175, False, 0
1375,0, 175, False, 1
1376,0, 175, False, 1
1377,0, 175, False, 1
1378,0, 175, False, 0
1379,0, 175, False, 0
1380,0, 175, False, 1
1381,0, 175, False, 1
1382,0, 175, False, 0
1383,0, 175, False, 0
1384,0, 175, False, 1
1385,0, 175, False, 1
1386,0, 175, False, 1
1387,0, 175, False, 11
1388,0, 175, False, 3
1389,0, 175, False, 3
1390,0, 175, False, 3
1391,0, 175, False, 3
1392,0, 175, False, 3
1393,0, 175, False, 3
1394,0, 175, False, 3
1395,0, 175, False, 3
1396,0, 175, False, 3
1397,0, 175, False, 3
1398,0, 175, False, 3
1399,0, 175, False, 3
1400,0, 175, False, 3
1401,0, 175, False, 3
1402,0, 175, False, 3
1403,0, 175, False, 3
1404,0, 175, False, 3
1405,0, 175, False, 3
1406,0, 175, False, 3
1407,0, 175, False, 3
1408,0, 175, False, 3
1409,0, 175, False, 3
1410,0, 175, False, 3
1411,0, 175, False, 3
1412,0, 175, False, 3
1413,0, 175, False, 3
1414,0, 175, False, 0
1415,0, 175, False, 0
1416,0, 175, False, 0
1417,0, 175, False, 1
1418,0, 175, False, 1
1419,0, 175, False, 1
1420,0, 175, False, 0
1421,0, 175, False, 0
1422,0, 175, False, 1
1423,0, 175, False, 1
1424,0, 175, False, 1
1425,0, 175, False, 0
1426,0, 175, False, 0
1427,0, 175, False, 1
1428,0, 175, False, 1
1429,0, 175, False, 1
1430,0, 175, False, 0
1431,0, 175, False, 0
1432,0, 175, False, 1
1433,0, 175, False, 1
1434,0, 175, False, 1
1435,0, 175, False, 0
1436,0, 175, False, 0
1437,0, 175, False, 1
1438,0, 175, False, 1
1439,0, 175, False, 0
1440,0, 175, False, 0
1441,0, 175, False, 0
1442,0, 175, False, 0
1443,0, 175, False, 3
1444,0, 175, False, 3
1445,0, 175, False, 1
1446,0, 175, False, 1
1447,0, 175, False, 1
1448,0, 175, False, 1
1449,0, 175, False, 0
1450,0, 175, False, 0
1451,0, 175, False, 1
1452,5, 180, False, 1
1453,0, 180, False, 1
1454,0, 180, False, 1
1455,0, 180, False, 1
1456,0, 180, False, 1
1457,0, 180, False, 12
1458,0, 180, False, 12
1459,0, 180, False, 4
1460,0, 180, False, 4
1461,0, 180, False, 4
1462,0, 180, False, 4
1463,0, 180, False, 4
1464,0, 180, False, 4
1465,0, 180, False, 4
1466,0, 180, False, 4
1467,0, 180, False, 4
1468,0, 180, False, 4
1469,0, 180, False, 4
1470,0, 180, False, 4
1471,0, 180, False, 4
1472,0, 180, False, 4
1473,0, 180, False, 4
1474,0, 180, False, 4
1475,0, 180, False, 4
1476,0, 180, False, 4
1477,0, 180, False, 4
1478,10, 190, False, 0
1479,0, 190, False, 0
1480,0, 190, False, 0
1481,0, 190, False, 0
1482,0, 190, False, 0
1483,0, 190, False, 0
1484,0, 190, False, 0
1485,0, 190, False, 0
1486,0, 190, False, 0
1487,0, 190, False, 0
1488,0, 190, False, 4
1489,0, 190, False, 4
1490,0, 190, False, 4
1491,0, 190, False, 4
1492,0, 190, False, 4
1493,0, 190, False, 4
1494,0, 190, False, 4
1495,0, 190, False, 4
1496,0, 190, False, 4
1497,0, 190, False, 4
1498,0, 190, False, 0
1499,0, 190, False, 0
1500,0, 190, False, 0
1501,0, 190, False, 0
1502,0, 190, False, 0
1503,0, 190, False, 1
1504,0, 190, False, 1
1505,0, 190, False, 1
1506,0, 190, False, 1
1507,0, 190, False, 0
1508,0, 190, False, 0
1509,0, 190, False, 1
1510,0, 190, False, 1
1511,0, 190, False, 1
1512,0, 190, False, 11
1513,0, 190, False, 3
1514,0, 190, False, 3
1515,0, 190, False, 3
1516,0, 190, False, 3
1517,0, 190, False, 3
1518,0, 190, False, 3
1519,0, 190, False, 3
1520,0, 190, False, 3
1521,0, 190, False, 3
1522,0, 190, False, 3
1523,0, 190, False, 3
1524,0, 190, False, 3
1525,0, 190, False, 3
1526,10, 200, False, 3
1527,0, 200, False, 3
1528,0, 200, False, 3
1529,0, 200, False, 3
1530,0, 200, False, 3
1531,0, 200, False, 3
1532,0, 200, False, 3
1533,0, 200, False, 3
1534,0, 200, False, 3
1535,0, 200, False, 3
1536,0, 200, False, 3
1537,0, 200, False, 3
1538,0, 200, False, 3
1539,0, 200, False, 3
1540,0, 200, False, 3
1541,0, 200, False, 3
1542,0, 200, False, 3
1543,0, 200, False, 3
1544,0, 200, False, 0
1545,0, 200, False, 0
1546,0, 200, False, 0
1547,0, 200, False, 0
1548,0, 200, False, 0
1549,0, 200, False, 0
1550,0, 200, False, 0
1551,0, 200, False, 3
1552,0, 200, False, 3
1553,0, 200, False, 3
1554,0, 200, False, 3
1555,0, 200, False, 3
1556,0, 200, False, 3
1557,0, 200, False, 3
1558,0, 200, False, 3
1559,0, 200, False, 3
1560,0, 200, False, 3
1561,0, 200, False, 3
1562,0, 200, False, 3
1563,0, 200, False, 3
1564,0, 200, False, 3
1565,0, 200, False, 3
1566,0, 200, False, 3
1567,0, 200, False, 3
1568,0, 200, False, 3
1569,0, 200, False, 3
1570,0, 200, False, 3
1571,0, 200, False, 3
1572,0, 200, False, 3
1573,0, 200, False, 3
1574,0, 200, False, 3
1575,0, 200, False, 3
1576,0, 200, False, 3
1577,0, 200, False, 3
1578,0, 200, False, 0
1579,0, 200, False, 0
1580,0, 200, False, 0
1581,0, 200, False, 0
1582,0, 200, False, 1
1583,0, 200, False, 1
1584,0, 200, False, 1
1585,0, 200, False, 0
1586,0, 200, False, 0
1587,0, 200, False, 1
1588,0, 200, False, 1
1589,0, 200, False, 1
1590,0, 200, False, 1
1591,0, 200, False, 0
1592,0, 200, False, 0
1593,0, 200, False, 1
1594,0, 200, False, 1
1595,0, 200, False, 1
1596,0, 200, False, 0
1597,0, 200, False, 0
1598,0, 200, False, 1
1599,0, 200, False, 1
1600,0, 200, False, 1
1601,0, 200, False, 0
1602,0, 200, False, 0
1603,0, 200, False, 0
1604,0, 200, False, 1
1605,0, 200, False, 1
1606,0, 200, False, 1
1607,0, 200, False, 1
1608,0, 200, False, 0
1609,0, 200, False, 0
1610,0, 200, False, 0
1611,0, 200, False, 1
1612,0, 200, False, 1
1613,0, 200, False, 1
1614,0, 200, False, 0
1615,0, 200, False, 0
1616,0, 200, False, 0
1617,0, 200, False, 1
1618,0, 200, False, 1
1619,0, 200, False, 1
1620,0, 200, False, 1
1621,0, 200, False, 4
1622,0, 200, False, 4
1623,0, 200, False, 4
1624,0, 200, False, 4
1625,0, 200, False, 4
1626,0, 200, False, 4
1627,0, 200, False, 4
1628,0, 200, False, 0
1629,0, 200, False, 0
1630,0, 200, False, 0
1631,0, 200, False, 0
1632,0, 200, False, 1
1633,0, 200, False, 1
1634,0, 200, False, 1
1635,0, 200, False, 1
1636,0, 200, False, 0
1637,0, 200, False, 0
1638,0, 200, False, 0
1639,0, 200, False, 1
1640,0, 200, False, 1
1641,0, 200, False, 1
1642,0, 200, False, 1
1643,0, 200, False, 1
1644,0, 200, False, 0
1645,0, 200, False, 1
1646,0, 200, False, 1
1647,0, 200, False, 1
1648,0, 200, False, 0
1649,0, 200, False, 0
1650,0, 200, False, 0
1651,0, 200, False, 1
1652,0, 200, False, 1
1653,0, 200, False, 1
1654,0, 200, False, 1
1655,0, 200, False, 0
1656,0, 200, False, 0
1657,0, 200, False, 0
1658,0, 200, False, 1
1659,0, 200, False, 1
1660,0, 200, False, 1
1661,0, 200, False, 1
1662,0, 200, False, 1
1663,0, 200, False, 1
1664,0, 200, False, 0
1665,0, 200, False, 0
1666,0, 200, False, 1
1667,0, 200, False, 1
1668,0, 200, False, 1
1669,0, 200, False, 1
1670,0, 200, False, 1
1671,0, 200, False, 0
1672,0, 200, False, 0
1673,0, 200, False, 1
1674,0, 200, False, 1
1675,0, 200, False, 1
1676,0, 200, False, 1
1677,0, 200, False, 0
1678,0, 200, False, 0
1679,0, 200, False, 1
1680,0, 200, False, 1
1681,0, 200, False, 1
1682,0, 200, False, 1
1683,0, 200, False, 0
1684,0, 200, False, 0
1685,0, 200, False, 1
1686,0, 200, False, 1
1687,0, 200, False, 1
1688,0, 200, False, 1
1689,0, 200, False, 1
1690,0, 200, False, 0
1691,0, 200, False, 0
1692,0, 200, False, 1
1693,0, 200, False, 1
1694,0, 200, False, 1
1695,0, 200, False, 1
1696,0, 200, False, 0
1697,0, 200, False, 0
1698,0, 200, False, 0
1699,0, 200, False, 0
1700,0, 200, False, 0
1701,0, 200, False, 0
1702,0, 200, False, 0
1703,0, 200, False, 0
1704,0, 200, False, 0
1705,0, 200, False, 0
1706,0, 200, False, 0
1707,0, 200, False, 0
1708,0, 200, False, 0
1709,0, 200, False, 0
1710,0, 200, False, 0
1711,0, 200, False, 4
1712,0, 200, False, 4
1713,0, 200, False, 4
1714,0, 200, False, 4
1715,0, 200, False, 4
1716,0, 200, False, 4
1717,0, 200, False, 4
1718,0, 200, False, 4
1719,0, 200, False, 4
1720,0, 200, False, 4
1721,0, 200, False, 4
1722,0, 200, False, 4
1723,0, 200, False, 0
1724,0, 200, False, 0
1725,0, 200, False, 0
1726,0, 200, False, 0
1727,0, 200, False, 0
1728,0, 200, False, 0
1729,0, 200, False, 0
1730,0, 200, False, 0
1731,0, 200, False, 0
1732,0, 200, False, 0
1733,0, 200, False, 0
1734,0, 200, False, 0
1735,0, 200, False, 3
1736,0, 200, False, 3
1737,0, 200, False, 3
1738,0, 200, False, 3
1739,0, 200, False, 3
1740,0, 200, False, 3
1741,0, 200, False, 3
1742,0, 200, False, 3
1743,0, 200, False, 3
1744,0, 200, False, 3
1745,0, 200, False, 3
1746,0, 200, False, 3
1747,0, 200, False, 3
1748,0, 200, False, 0
1749,0, 200, False, 0
1750,0, 200, False, 0
1751,0, 200, False, 0
1752,0, 200, False, 0
1753,0, 200, False, 0
1754,0, 200, False, 0
1755,0, 200, False, 0
1756,0, 200, False, 0
1757,0, 200, False, 0
1758,0, 200, False, 0
1759,0, 200, False, 0
1760,0, 200, False, 1
1761,0, 200, False, 1
1762,0, 200, False, 1
1763,0, 200, False, 1
1764,0, 200, False, 0
1765,0, 200, False, 0
1766,0, 200, False, 1
1767,0, 200, False, 1
1768,0, 200, False, 1
1769,0, 200, False, 1
1770,0, 200, False, 0
1771,0, 200, False, 0
1772,0, 200, False, 0
1773,0, 200, False, 1
1774,0, 200, False, 1
1775,0, 200, False, 1
1776,0, 200, False, 0
1777,0, 200, False, 0
1778,0, 200, False, 0
1779,0, 200, False, 0
1780,0, 200, False, 0
1781,0, 200, False, 0
1782,0, 200, False, 1
1783,0, 200, False, 1
1784,0, 200, False, 1
1785,0, 200, False, 1
1786,0, 200, False, 1
1787,0, 200, False, 0
1788,0, 200, False, 0
1789,0, 200, False, 0
1790,0, 200, False, 1
1791,0, 200, False, 1
1792,15, 215, False, 1
1793,0, 215, False, 1
1794,0, 215, False, 1
1795,0, 215, False, 1
1796,0, 215, False, 1
1797,0, 215, False, 0
1798,0, 215, False, 0
1799,0, 215, False, 0
1800,0, 215, False, 0
1801,0, 215, False, 0
1802,0, 215, False, 0
1803,0, 215, False, 0
1804,0, 215, False, 0
1805,0, 215, False, 0
1806,0, 215, False, 1
1807,0, 215, False, 1
1808,0, 215, False, 1
1809,0, 215, False, 1
1810,0, 215, False, 1
1811,0, 215, False, 1
1812,0, 215, False, 1
1813,0, 215, False, 0
1814,0, 215, False, 0
1815,0, 215, False, 0
1816,0, 215, False, 0
1817,0, 215, False, 0
1818,0, 215, False, 0
1819,0, 215, False, 1
1820,0, 215, False, 1
1821,0, 215, False, 1
1822,0, 215, False, 1
1823,0, 215, False, 1
1824,0, 215, False, 1
1825,0, 215, False, 1
1826,0, 215, False, 1
1827,0, 215, False, 1
1828,0, 215, False, 1
1829,0, 215, False, 0
1830,0, 215, False, 0
1831,0, 215, False, 1
1832,20, 235, False, 1
1833,0, 235, False, 1
1834,0, 235, False, 1
1835,0, 235, False, 1
1836,0, 235, False, 1
1837,0, 235, False, 1
1838,0, 235, False, 0
1839,0, 235, False, 0
1840,0, 235, False, 0
1841,0, 235, False, 1
1842,0, 235, False, 1
1843,0, 235, False, 1
1844,0, 235, False, 1
1845,0, 235, False, 1
1846,0, 235, False, 1
1847,0, 235, False, 0
1848,0, 235, False, 0
1849,0, 235, False, 4
1850,0, 235, False, 4
1851,0, 235, False, 4
1852,0, 235, False, 4
1853,0, 235, False, 4
1854,0, 235, False, 4
1855,0, 235, False, 4
1856,0, 235, False, 4
1857,0, 235, False, 4
1858,0, 235, False, 4
1859,0, 235, False, 4
1860,0, 235, False, 4
1861,0, 235, False, 4
1862,0, 235, False, 4
1863,0, 235, False, 4
1864,0, 235, False, 4
1865,0, 235, False, 4
1866,0, 235, False, 4
1867,0, 235, False, 4
1868,0, 235, False, 4
1869,0, 235, False, 4
1870,0, 235, False, 4
1871,0, 235, False, 4
1872,0, 235, False, 4
1873,0, 235, False, 4
1874,0, 235, False, 4
1875,0, 235, False, 4
1876,0, 235, False, 4
1877,0, 235, False, 4
1878,0, 235, False, 4
1879,0, 235, False, 4
1880,0, 235, False, 4
1881,0, 235, False, 4
1882,0, 235, False, 4
1883,0, 235, False, 4
1884,0, 235, False, 1
1885,0, 235, False, 1
1886,0, 235, False, 1
1887,0, 235, False, 1
1888,0, 235, False, 1
1889,0, 235, False, 1
1890,0, 235, False, 1
1891,0, 235, False, 1
1892,0, 235, False, 1
1893,0, 235, False, 0
1894,0, 235, False, 0
1895,0, 235, False, 1
1896,0, 235, False, 1
1897,0, 235, False, 1
1898,0, 235, False, 12
1899,0, 235, False, 4
1900,0, 235, False, 4
1901,0, 235, False, 4
1902,0, 235, False, 4
1903,0, 235, False, 4
1904,0, 235, False, 4
1905,0, 235, False, 4
1906,0, 235, False, 12
1907,0, 235, False, 12
1908,0, 235, False, 12
1909,0, 235, False, 12
1910,0, 235, False, 12
1911,0, 235, False, 4
1912,0, 235, False, 4
1913,0, 235, False, 4
1914,0, 235, False, 4
1915,0, 235, False, 4
1916,0, 235, False, 4
1917,0, 235, False, 4
1918,0, 235, False, 4
1919,0, 235, False, 4
1920,0, 235, False, 4
1921,0, 235, False, 0
1922,0, 235, False, 0
1923,0, 235, False, 0
1924,0, 235, False, 3
1925,0, 235, False, 3
1926,0, 235, False, 3
1927,0, 235, False, 3
1928,0, 235, False, 3
1929,0, 235, False, 3
1930,0, 235, False, 3
1931,0, 235, False, 3
1932,0, 235, False, 3
1933,0, 235, False, 3
1934,0, 235, False, 3
1935,0, 235, False, 3
1936,0, 235, False, 3
1937,0, 235, False, 3
1938,0, 235, False, 3
1939,0, 235, False, 0
1940,0, 235, False, 1
1941,0, 235, False, 1
1942,0, 235, False, 1
1943,0, 235, False, 1
1944,0, 235, False, 1
1945,0, 235, False, 1
1946,0, 235, False, 1
1947,0, 235, False, 1
1948,0, 235, False, 0
1949,0, 235, False, 12
1950,0, 235, False, 12
1951,0, 235, False, 12
1952,0, 235, False, 12
1953,0, 235, False, 12
1954,0, 235, False, 12
1955,0, 235, False, 12
1956,0, 235, False, 4
1957,0, 235, False, 4
1958,0, 235, False, 4
1959,0, 235, False, 4
1960,0, 235, False, 4
1961,0, 235, False, 12
1962,0, 235, False, 12
1963,0, 235, False, 12
1964,0, 235, False, 12
1965,0, 235, False, 12
1966,0, 235, False, 4
1967,0, 235, False, 4
1968,0, 235, False, 12
1969,0, 235, False, 12
1970,0, 235, False, 12
1971,0, 235, False, 4
1972,0, 235, False, 4
1973,0, 235, False, 4
1974,0, 235, False, 4
1975,0, 235, False, 4
1976,0, 235, False, 4
1977,0, 235, False, 4
1978,0, 235, False, 0
1979,0, 235, False, 0
1980,0, 235, False, 0
1981,0, 235, False, 0
1982,0, 235, False, 0
1983,0, 235, False, 0
1984,0, 235, False, 3
1985,0, 235, False, 3
1986,25, 260, False, 3
1987,0, 260, False, 3
1988,0, 260, False, 3
1989,0, 260, False, 3
1990,0, 260, False, 3
1991,0, 260, False, 3
1992,0, 260, False, 0
1993,0, 260, False, 0
1994,0, 260, False, 0
1995,0, 260, False, 0
1996,0, 260, False, 0
1997,0, 260, False, 0
1998,0, 260, False, 0
1999,0, 260, False, 0
2000,0, 260, False, 0
2001,0, 260, False, 0
2002,0, 260, False, 0
2003,0, 260, False, 0
2004,0, 260, False, 0
2005,0, 260, False, 0
2006,0, 260, False, 0
2007,0, 260, False, 0
2008,0, 260, False, 3
2009,0, 260, False, 3
2010,0, 260, False, 3
2011,0, 260, False, 3
2012,0, 260, False, 3
2013,0, 260, False, 3
2014,0, 260, False, 3
2015,0, 260, False, 3
2016,0, 260, False, 3
2017,0, 260, False, 3
2018,0, 260, False, 3
2019,0, 260, False, 3
2020,0, 260, False, 0
2021,0, 260, False, 0
2022,0, 260, False, 0
2023,0, 260, False, 0
2024,0, 260, False, 3
2025,0, 260, False, 3
2026,0, 260, False, 3
2027,0, 260, False, 3
2028,0, 260, False, 3
2029,0, 260, False, 3
2030,0, 260, False, 3
2031,0, 260, False, 3
2032,0, 260, False, 3
2033,0, 260, False, 3
2034,0, 260, False, 3
2035,0, 260, False, 3
2036,0, 260, False, 0
2037,0, 260, False, 3
2038,0, 260, False, 3
2039,0, 260, False, 3
2040,0, 260, False, 3
2041,0, 260, False, 3
2042,0, 260, False, 0
2043,0, 260, False, 0
2044,0, 260, False, 1
2045,0, 260, False, 1
2046,0, 260, False, 1
2047,0, 260, False, 1
2048,0, 260, False, 0
2049,0, 260, False, 0
2050,0, 260, False, 1
2051,0, 260, False, 1
2052,0, 260, False, 1
2053,0, 260, False, 1
2054,0, 260, False, 0
2055,0, 260, False, 0
2056,0, 260, False, 3
2057,0, 260, False, 11
2058,0, 260, False, 11
2059,0, 260, False, 11
2060,0, 260, False, 3
2061,0, 260, False, 3
2062,0, 260, False, 3
2063,0, 260, False, 3
2064,0, 260, False, 3
2065,0, 260, False, 3
2066,0, 260, False, 3
2067,0, 260, False, 3
2068,0, 260, False, 3
2069,0, 260, False, 3
2070,15, 275, False, 3
2071,0, 275, False, 3
2072,0, 275, False, 3
2073,0, 275, False, 0
2074,0, 275, False, 0
2075,0, 275, False, 0
2076,0, 275, False, 0
2077,0, 275, False, 0
2078,0, 275, False, 0
2079,0, 275, False, 0
2080,0, 275, False, 0
2081,0, 275, False, 0
2082,0, 275, False, 3
2083,0, 275, False, 3
2084,0, 275, False, 3
2085,0, 275, False, 3
2086,0, 275, False, 0
2087,0, 275, False, 3
2088,0, 275, False, 3
2089,0, 275, False, 3
2090,0, 275, False, 3
2091,0, 275, False, 3
2092,0, 275, False, 3
2093,0, 275, False, 3
2094,0, 275, False, 3
2095,0, 275, False, 3
2096,0, 275, False, 3
2097,0, 275, False, 3
2098,0, 275, False, 3
2099,0, 275, False, 3
2100,0, 275, False, 0
2101,0, 275, False, 0
2102,0, 275, False, 0
2103,0, 275, False, 3
2104,0, 275, False, 3
2105,0, 275, False, 3
2106,0, 275, False, 3
2107,0, 275, False, 3
2108,0, 275, False, 3
2109,0, 275, False, 3
2110,0, 275, False, 3
2111,0, 275, False, 3
2112,0, 275, False, 3
2113,0, 275, False, 3
2114,0, 275, False, 0
2115,0, 275, False, 0
2116,0, 275, False, 0
2117,0, 275, False, 0
2118,0, 275, False, 0
2119,0, 275, False, 1
2120,0, 275, False, 1
2121,0, 275, False, 1
2122,0, 275, False, 1
2123,0, 275, False, 0
2124,0, 275, False, 0
2125,0, 275, False, 11
2126,0, 275, False, 1
2127,0, 275, False, 1
2128,0, 275, False, 1
2129,0, 275, False, 1
2130,0, 275, False, 3
2131,0, 275, False, 3
2132,0, 275, False, 3
2133,0, 275, False, 3
2134,0, 275, False, 3
2135,0, 275, False, 3
2136,0, 275, False, 3
2137,0, 275, False, 3
2138,0, 275, False, 3
2139,0, 275, False, 3
2140,0, 275, False, 3
2141,0, 275, False, 3
2142,0, 275, False, 3
2143,0, 275, False, 0
2144,0, 275, False, 0
2145,0, 275, False, 0
2146,0, 275, False, 0
2147,0, 275, False, 1
2148,0, 275, False, 1
2149,0, 275, False, 1
2150,0, 275, False, 1
2151,0, 275, False, 1
2152,0, 275, False, 1
2153,0, 275, False, 0
2154,0, 275, False, 0
2155,0, 275, False, 1
2156,0, 275, False, 1
2157,0, 275, False, 1
2158,0, 275, False, 1
2159,0, 275, False, 0
2160,0, 275, False, 0
2161,0, 275, False, 1
2162,0, 275, False, 1
2163,0, 275, False, 1
2164,0, 275, False, 0
2165,0, 275, False, 0
2166,0, 275, False, 1
2167,0, 275, False, 1
2168,0, 275, False, 1
2169,0, 275, False, 0
2170,0, 275, False, 0
2171,0, 275, False, 0
2172,0, 275, False, 0
2173,0, 275, False, 0
2174,0, 275, False, 0
2175,0, 275, False, 0
2176,0, 275, False, 0
2177,0, 275, False, 1
2178,0, 275, False, 12
2179,0, 275, False, 12
2180,0, 275, False, 12
2181,0, 275, False, 4
2182,0, 275, False, 4
2183,0, 275, False, 4
2184,0, 275, False, 4
2185,0, 275, False, 4
2186,0, 275, False, 4
2187,0, 275, False, 4
2188,0, 275, False, 4
2189,0, 275, False, 4
2190,0, 275, False, 4
2191,0, 275, False, 4
2192,0, 275, False, 0
2193,0, 275, False, 0
2194,0, 275, False, 0
2195,0, 275, False, 0
2196,0, 275, False, 0
2197,0, 275, False, 0
2198,0, 275, False, 0
2199,0, 275, False, 0
2200,0, 275, False, 0
2201,0, 275, False, 0
2202,0, 275, False, 3
2203,0, 275, False, 3
2204,0, 275, False, 3
2205,0, 275, False, 3
2206,0, 275, False, 3
2207,0, 275, False, 3
2208,0, 275, False, 3
2209,0, 275, False, 3
2210,0, 275, False, 0
2211,0, 275, False, 0
2212,0, 275, False, 0
2213,0, 275, False, 0
2214,0, 275, False, 0
2215,0, 275, False, 0
2216,0, 275, False, 0
2217,0, 275, False, 0
2218,0, 275, False, 0
2219,0, 275, False, 0
2220,0, 275, False, 0
2221,0, 275, False, 0
2222,0, 275, False, 1
2223,0, 275, False, 1
2224,0, 275, False, 1
2225,0, 275, False, 1
2226,0, 275, False, 0
2227,0, 275, False, 0
2228,0, 275, False, 1
2229,0, 275, False, 1
2230,0, 275, False, 1
2231,0, 275, False, 1
2232,0, 275, False, 0
2233,0, 275, False, 0
2234,0, 275, False, 1
2235,0, 275, False, 1
2236,0, 275, False, 1
2237,0, 275, False, 0
2238,0, 275, False, 1
2239,0, 275, False, 1
2240,0, 275, False, 1
2241,0, 275, False, 1
2242,0, 275, False, 0
2243,0, 275, False, 0
2244,0, 275, False, 0
2245,0, 275, False, 1
2246,0, 275, False, 1
2247,0, 275, False, 1
2248,0, 275, False, 1
2249,0, 275, False, 0
2250,0, 275, False, 0
2251,0, 275, False, 1
2252,20, 295, False, 1
2253,0, 295, False, 1
2254,0, 295, False, 1
2255,0, 295, False, 0
2256,0, 295, False, 0
2257,0, 295, False, 1
2258,0, 295, False, 1
2259,0, 295, False, 0
2260,0, 295, False, 0
2261,0, 295, False, 1
2262,0, 295, False, 1
2263,0, 295, False, 1
2264,0, 295, False, 0
2265,0, 295, False, 0
2266,0, 295, False, 1
2267,0, 295, False, 1
2268,0, 295, False, 0
2269,0, 295, False, 0
2270,0, 295, False, 0
2271,0, 295, False, 0
2272,0, 295, False, 0
2273,0, 295, False, 4
2274,0, 295, False, 4
2275,0, 295, False, 4
2276,0, 295, False, 4
2277,0, 295, False, 4
2278,0, 295, False, 4
2279,0, 295, False, 4
2280,0, 295, False, 4
2281,0, 295, False, 4
2282,0, 295, False, 4
2283,0, 295, False, 4
2284,0, 295, False, 4
2285,0, 295, False, 4
2286,0, 295, False, 4
2287,0, 295, False, 4
2288,0, 295, False, 4
2289,0, 295, False, 4
2290,0, 295, False, 4
2291,0, 295, False, 4
2292,0, 295, False, 4
2293,0, 295, False, 4
2294,0, 295, False, 4
2295,0, 295, False, 4
2296,0, 295, False, 4
2297,0, 295, False, 4
2298,0, 295, False, 4
2299,0, 295, False, 4
2300,0, 295, False, 4
2301,0, 295, False, 4
2302,0, 295, False, 4
2303,0, 295, False, 4
2304,0, 295, False, 4
2305,0, 295, False, 4
2306,0, 295, False, 4
2307,0, 295, False, 4
2308,0, 295, False, 4
2309,0, 295, False, 4
2310,0, 295, False, 4
2311,0, 295, False, 4
2312,0, 295, False, 4
2313,0, 295, False, 4
2314,0, 295, False, 4
2315,0, 295, False, 4
2316,0, 295, False, 4
2317,0, 295, False, 4
2318,0, 295, False, 4
2319,0, 295, False, 4
2320,0, 295, False, 4
2321,0, 295, False, 4
2322,0, 295, False, 4
2323,0, 295, False, 4
2324,0, 295, False, 4
2325,0, 295, False, 4
2326,0, 295, False, 4
2327,0, 295, False, 4
2328,0, 295, False, 4
2329,0, 295, False, 4
2330,0, 295, False, 4
2331,0, 295, False, 4
2332,0, 295, False, 4
2333,0, 295, False, 4
2334,0, 295, False, 4
2335,0, 295, False, 4
2336,0, 295, False, 4
2337,0, 295, False, 4
2338,0, 295, False, 4
2339,0, 295, False, 4
2340,0, 295, False, 4
2341,0, 295, False, 4
2342,0, 295, False, 4
2343,0, 295, False, 4
2344,0, 295, False, 4
2345,0, 295, False, 4
2346,0, 295, False, 4
2347,0, 295, False, 4
2348,0, 295, False, 4
2349,0, 295, False, 4
2350,0, 295, False, 4
2351,0, 295, False, 4
2352,0, 295, False, 4
2353,0, 295, False, 4
2354,0, 295, False, 4
2355,0, 295, False, 4
2356,0, 295, False, 4
2357,0, 295, False, 4
2358,0, 295, False, 4
2359,0, 295, False, 4
2360,0, 295, False, 4
2361,0, 295, False, 4
2362,0, 295, False, 4
2363,0, 295, False, 4
2364,0, 295, False, 4
2365,0, 295, False, 1
2366,0, 295, False, 1
2367,0, 295, False, 1
2368,0, 295, False, 0
2369,0, 295, False, 0
2370,0, 295, False, 0
2371,0, 295, False, 1
2372,0, 295, False, 1
2373,0, 295, False, 1
2374,0, 295, False, 1
2375,0, 295, False, 0
2376,0, 295, False, 0
2377,0, 295, False, 0
2378,0, 295, False, 0
2379,0, 295, False, 0
2380,0, 295, False, 0
2381,0, 295, False, 4
2382,0, 295, False, 4
2383,0, 295, False, 4
2384,0, 295, False, 4
2385,0, 295, False, 4
2386,0, 295, False, 4
2387,0, 295, False, 4
2388,0, 295, False, 4
2389,0, 295, False, 4
2390,0, 295, False, 4
2391,0, 295, False, 4
2392,20, 315, False, 4
2393,0, 315, False, 4
2394,0, 315, False, 4
2395,0, 315, False, 4
2396,0, 315, False, 4
2397,0, 315, False, 4
2398,0, 315, False, 4
2399,0, 315, False, 4
2400,0, 315, False, 4
2401,0, 315, False, 4
2402,0, 315, False, 4
2403,0, 315, False, 4
2404,0, 315, False, 4
2405,0, 315, False, 4
2406,0, 315, False, 4
2407,0, 315, False, 4
2408,0, 315, False, 4
2409,0, 315, False, 4
2410,0, 315, False, 4
2411,0, 315, False, 4
2412,0, 315, False, 4
2413,0, 315, False, 4
2414,0, 315, False, 4
2415,0, 315, False, 4
2416,0, 315, False, 4
2417,0, 315, False, 4
2418,0, 315, False, 4
2419,0, 315, False, 4
2420,0, 315, False, 4
2421,0, 315, False, 4
2422,0, 315, False, 4
2423,0, 315, False, 4
2424,0, 315, False, 4
2425,0, 315, False, 4
2426,0, 315, False, 4
2427,0, 315, False, 4
2428,0, 315, False, 4
2429,0, 315, False, 4
2430,0, 315, False, 4
2431,0, 315, False, 4
2432,0, 315, False, 4
2433,0, 315, False, 4
2434,0, 315, False, 4
2435,0, 315, False, 4
2436,0, 315, False, 4
2437,0, 315, False, 4
2438,0, 315, False, 4
2439,0, 315, False, 4
2440,0, 315, False, 4
2441,0, 315, False, 4
2442,0, 315, False, 4
2443,0, 315, False, 4
2444,0, 315, False, 4
2445,0, 315, False, 0
2446,0, 315, False, 0
2447,0, 315, False, 0
2448,0, 315, False, 0
2449,0, 315, False, 0
2450,0, 315, False, 0
2451,0, 315, False, 4
2452,0, 315, False, 4
2453,0, 315, False, 4
2454,0, 315, False, 4
2455,0, 315, False, 4
2456,0, 315, False, 4
2457,0, 315, False, 0
2458,0, 315, False, 0
2459,0, 315, False, 0
2460,0, 315, False, 0
2461,0, 315, False, 0
2462,0, 315, False, 0
2463,0, 315, False, 0
2464,0, 315, False, 0
2465,0, 315, False, 0
2466,0, 315, False, 1
2467,0, 315, False, 1
2468,0, 315, False, 1
2469,0, 315, False, 1
2470,0, 315, False, 0
2471,0, 315, False, 0
2472,0, 315, False, 1
2473,0, 315, False, 1
2474,0, 315, False, 1
2475,0, 315, False, 0
2476,0, 315, False, 0
2477,0, 315, False, 0
2478,0, 315, False, 0
2479,0, 315, False, 0
2480,0, 315, False, 0
2481,0, 315, False, 0
2482,0, 315, False, 0
2483,0, 315, False, 0
2484,0, 315, False, 0
2485,0, 315, False, 0
2486,0, 315, False, 0
2487,0, 315, False, 0
2488,0, 315, False, 0
2489,0, 315, False, 0
2490,0, 315, False, 0
2491,0, 315, False, 1
2492,0, 315, False, 1
2493,0, 315, False, 1
2494,0, 315, False, 1
2495,0, 315, False, 0
2496,0, 315, False, 0
2497,0, 315, False, 0
2498,0, 315, False, 0
2499,0, 315, False, 0
2500,0, 315, False, 0
2501,0, 315, False, 1
2502,0, 315, False, 1
2503,0, 315, False, 1
2504,0, 315, False, 0
2505,0, 315, False, 0
2506,0, 315, False, 0
2507,0, 315, False, 0
2508,0, 315, False, 1
2509,0, 315, False, 1
2510,0, 315, False, 1
2511,0, 315, False, 0
2512,0, 315, False, 0
2513,0, 315, False, 0
2514,0, 315, False, 0
2515,0, 315, False, 0
2516,0, 315, False, 0
2517,0, 315, False, 0
2518,0, 315, False, 0
2519,0, 315, False, 0
2520,0, 315, False, 0
2521,0, 315, False, 1
2522,0, 315, False, 1
2523,0, 315, False, 1
2524,0, 315, False, 1
2525,0, 315, False, 0
2526,0, 315, False, 0
2527,0, 315, False, 0
2528,0, 315, False, 1
2529,0, 315, False, 1
2530,0, 315, False, 1
2531,0, 315, False, 1
2532,0, 315, False, 1
2533,0, 315, False, 0
2534,0, 315, False, 0
2535,0, 315, False, 0
2536,0, 315, False, 0
2537,0, 315, False, 0
2538,0, 315, False, 3
2539,0, 315, False, 3
2540,0, 315, False, 3
2541,0, 315, False, 3
2542,0, 315, False, 3
2543,0, 315, False, 3
2544,0, 315, False, 3
2545,0, 315, False, 0
2546,0, 315, False, 0
2547,0, 315, False, 0
2548,0, 315, False, 0
2549,0, 315, False, 0
2550,0, 315, False, 0
2551,0, 315, False, 1
2552,0, 315, False, 1
2553,0, 315, False, 1
2554,0, 315, False, 1
2555,0, 315, False, 1
2556,0, 315, False, 0
2557,0, 315, False, 0
2558,0, 315, False, 1
2559,0, 315, False, 1
2560,0, 315, False, 1
2561,0, 315, False, 0
2562,0, 315, False, 0
2563,0, 315, False, 1
2564,0, 315, False, 1
2565,0, 315, False, 1
2566,0, 315, False, 0
2567,0, 315, False, 4
2568,0, 315, False, 4
2569,0, 315, False, 4
2570,0, 315, False, 4
2571,0, 315, False, 4
2572,0, 315, False, 4
2573,0, 315, False, 4
2574,0, 315, False, 4
2575,0, 315, False, 4
2576,0, 315, False, 4
2577,0, 315, False, 4
2578,0, 315, False, 4
2579,0, 315, False, 4
2580,0, 315, False, 4
2581,0, 315, False, 4
2582,25, 340, False, 4
2583,0, 340, False, 4
2584,0, 340, False, 4
2585,0, 340, False, 4
2586,0, 340, False, 4
2587,0, 340, False, 0
2588,0, 340, False, 0
2589,0, 340, False, 0
2590,0, 340, False, 1
2591,0, 340, False, 1
2592,0, 340, False, 1
2593,0, 340, False, 1
2594,0, 340, False, 0
2595,0, 340, False, 1
2596,0, 340, False, 1
2597,0, 340, False, 1
2598,0, 340, False, 0
2599,0, 340, False, 0
2600,0, 340, False, 4
2601,0, 340, False, 4
2602,0, 340, False, 4
2603,0, 340, False, 4
2604,0, 340, False, 4
2605,0, 340, False, 4
2606,0, 340, False, 4
2607,0, 340, False, 4
2608,0, 340, False, 4
2609,0, 340, False, 4
2610,0, 340, False, 4
2611,0, 340, False, 4
2612,0, 340, False, 4
2613,0, 340, False, 12
2614,0, 340, False, 1
2615,0, 340, False, 1
2616,0, 340, False, 1
2617,0, 340, False, 0
2618,0, 340, False, 0
2619,0, 340, False, 1
2620,0, 340, False, 1
2621,0, 340, False, 0
2622,0, 340, False, 0
2623,0, 340, False, 0
2624,0, 340, False, 1
2625,0, 340, False, 1
2626,0, 340, False, 1
2627,0, 340, False, 0
2628,0, 340, False, 0
2629,0, 340, False, 1
2630,0, 340, False, 1
2631,0, 340, False, 1
2632,0, 340, False, 0
2633,0, 340, False, 0
2634,0, 340, False, 1
2635,0, 340, False, 1
2636,0, 340, False, 0
2637,0, 340, False, 0
2638,0, 340, False, 0
2639,0, 340, False, 1
2640,0, 340, False, 1
2641,0, 340, False, 1
2642,0, 340, False, 1
2643,0, 340, False, 0
2644,0, 340, False, 0
2645,0, 340, False, 1
2646,0, 340, False, 1
2647,0, 340, False, 0
2648,0, 340, False, 0
2649,0, 340, False, 1
2650,0, 340, False, 1
2651,0, 340, False, 1
2652,0, 340, False, 0
2653,0, 340, False, 0
2654,0, 340, False, 0
2655,0, 340, False, 1
2656,0, 340, False, 0
2657,0, 340, False, 0
2658,0, 340, False, 0
2659,0, 340, False, 1
2660,0, 340, False, 1
2661,0, 340, False, 0
2662,0, 340, False, 0
2663,0, 340, False, 0
2664,0, 340, False, 1
2665,0, 340, False, 1
2666,0, 340, False, 0
2667,0, 340, False, 0
2668,0, 340, False, 0
2669,0, 340, False, 1
2670,0, 340, False, 1
2671,0, 340, False, 0
2672,0, 340, False, 0
2673,0, 340, False, 0
2674,0, 340, False, 1
2675,0, 340, False, 1
2676,0, 340, False, 1
2677,0, 340, False, 1
2678,0, 340, False, 1
2679,0, 340, False, 0
2680,0, 340, False, 0
2681,0, 340, False, 1
2682,0, 340, False, 1
2683,0, 340, False, 1
2684,0, 340, False, 0
2685,0, 340, False, 0
2686,0, 340, False, 1
2687,0, 340, False, 1
2688,15, 355, False, 1
2689,0, 355, False, 0
2690,0, 355, False, 0
2691,0, 355, False, 1
2692,0, 355, False, 1
2693,0, 355, False, 1
2694,0, 355, False, 1
2695,0, 355, False, 1
2696,0, 355, False, 0
2697,0, 355, False, 0
2698,0, 355, False, 1
2699,0, 355, False, 1
2700,0, 355, False, 1
2701,0, 355, False, 0
2702,0, 355, False, 0
2703,0, 355, False, 1
2704,0, 355, False, 1
2705,0, 355, False, 1
2706,0, 355, False, 1
2707,0, 355, False, 0
2708,0, 355, False, 1
2709,0, 355, False, 1
2710,0, 355, False, 1
2711,0, 355, False, 1
2712,0, 355, False, 1
2713,0, 355, False, 0
2714,20, 375, False, 0
2715,0, 375, False, 0
2716,0, 375, False, 3
2717,0, 375, False, 3
2718,0, 375, False, 3
2719,0, 375, False, 3
2720,0, 375, False, 3
2721,0, 375, False, 3
2722,0, 375, False, 3
2723,0, 375, False, 3
2724,0, 375, False, 3
2725,0, 375, False, 3
2726,0, 375, False, 3
2727,0, 375, False, 11
2728,0, 375, False, 11
2729,0, 375, False, 11
2730,0, 375, False, 11
2731,0, 375, False, 0
2732,0, 375, False, 0
2733,0, 375, False, 1
2734,0, 375, False, 1
2735,0, 375, False, 1
2736,0, 375, False, 0
2737,0, 375, False, 0
2738,0, 375, False, 0
2739,0, 375, False, 0
2740,0, 375, False, 0
2741,0, 375, False, 0
2742,0, 375, False, 1
2743,0, 375, False, 1
2744,0, 375, False, 1
2745,0, 375, False, 1
2746,0, 375, False, 1
2747,0, 375, False, 3
2748,0, 375, False, 3
2749,0, 375, False, 3
2750,0, 375, False, 3
2751,0, 375, False, 3
2752,0, 375, False, 3
2753,0, 375, False, 11
2754,0, 375, False, 11
2755,0, 375, False, 1
2756,0, 375, False, 1
2757,0, 375, False, 0
2758,0, 375, False, 0
2759,0, 375, False, 0
2760,25, 400, False, 1
2761,0, 400, False, 1
2762,0, 400, False, 1
2763,0, 400, False, 0
2764,0, 400, False, 0
2765,0, 400, False, 0
2766,0, 400, False, 0
2767,0, 400, False, 0
2768,0, 400, False, 0
2769,0, 400, False, 0
2770,0, 400, False, 0
2771,0, 400, False, 1
2772,0, 400, False, 1
2773,0, 400, False, 1
2774,0, 400, False, 1
2775,0, 400, False, 0
2776,0, 400, False, 0
2777,0, 400, False, 0
2778,0, 400, False, 0
2779,0, 400, False, 0
2780,0, 400, False, 0
2781,0, 400, False, 0
2782,0, 400, False, 0
2783,0, 400, False, 0
2784,0, 400, False, 0
2785,0, 400, False, 0
2786,0, 400, False, 0
2787,0, 400, False, 0
2788,0, 400, False, 0
2789,0, 400, False, 0
2790,0, 400, False, 0
2791,0, 400, False, 0
2792,0, 400, False, 0
2793,0, 400, False, 4
2794,0, 400, False, 4
2795,0, 400, False, 4
2796,0, 400, False, 4
2797,0, 400, False, 4
2798,0, 400, False, 0
2799,0, 400, False, 0
2800,0, 400, False, 0
2801,0, 400, False, 0
2802,30, 430, False, 0
2803,0, 430, False, 0
2804,0, 430, False, 0
2805,0, 430, False, 0
2806,0, 430, False, 0
2807,0, 430, False, 0
2808,0, 430, False, 0
2809,0, 430, False, 0
2810,0, 430, False, 0
2811,0, 430, False, 0
2812,0, 430, False, 0
2813,0, 430, False, 0
2814,0, 430, False, 0
2815,0, 430, False, 0
2816,0, 430, False, 0
2817,0, 430, False, 0
2818,0, 430, False, 0
2819,0, 430, False, 0
2820,0, 430, False, 0
2821,0, 430, False, 0
2822,0, 430, False, 0
2823,0, 430, False, 0
2824,0, 430, False, 0
2825,0, 430, False, 0
2826,0, 430, False, 0
2827,0, 430, False, 0
2828,0, 430, False, 0
2829,0, 430, False, 0
2830,0, 430, False, 0
2831,0, 430, False, 3
2832,0, 430, False, 3
2833,0, 430, False, 3
2834,0, 430, False, 3
2835,0, 430, False, 3
2836,0, 430, False, 3
2837,0, 430, False, 3
2838,0, 430, False, 3
2839,0, 430, False, 3
2840,0, 430, False, 3
2841,0, 430, False, 3
2842,0, 430, False, 3
2843,0, 430, False, 3
2844,0, 430, False, 3
2845,0, 430, False, 3
2846,0, 430, False, 3
2847,0, 430, False, 3
2848,0, 430, False, 3
2849,0, 430, False, 3
2850,0, 430, False, 3
2851,0, 430, False, 3
2852,0, 430, False, 3
2853,0, 430, False, 3
2854,0, 430, False, 3
2855,0, 430, False, 3
2856,0, 430, False, 3
2857,0, 430, False, 3
2858,0, 430, False, 3
2859,0, 430, False, 11
2860,0, 430, False, 11
2861,0, 430, False, 11
2862,0, 430, False, 11
2863,0, 430, False, 3
2864,0, 430, False, 3
2865,0, 430, False, 11
2866,0, 430, False, 11
2867,0, 430, False, 11
2868,0, 430, False, 3
2869,0, 430, False, 3
2870,0, 430, False, 3
2871,0, 430, False, 3
2872,0, 430, False, 3
2873,0, 430, False, 3
2874,0, 430, False, 3
2875,0, 430, False, 3
2876,0, 430, False, 3
2877,0, 430, False, 3
2878,0, 430, False, 3
2879,0, 430, False, 11
2880,0, 430, False, 11
2881,0, 430, False, 11
2882,0, 430, False, 11
2883,0, 430, False, 3
2884,0, 430, False, 3
2885,0, 430, False, 11
2886,0, 430, False, 11
2887,0, 430, False, 11
2888,0, 430, False, 11
2889,0, 430, False, 11
2890,0, 430, False, 3
2891,0, 430, False, 3
2892,0, 430, False, 3
2893,0, 430, False, 3
2894,0, 430, False, 3
2895,0, 430, False, 3
2896,0, 430, False, 3
2897,0, 430, False, 3
2898,0, 430, False, 3
2899,0, 430, False, 3
2900,0, 430, False, 0
2901,0, 430, False, 3
2902,0, 430, False, 3
2903,0, 430, False, 3
2904,0, 430, False, 3
2905,0, 430, False, 3
2906,0, 430, False, 0
2907,0, 430, False, 0
2908,0, 430, False, 0
2909,0, 430, False, 0
2910,0, 430, False, 0
2911,0, 430, False, 4
2912,0, 430, False, 4
2913,0, 430, False, 4
2914,0, 430, False, 4
2915,0, 430, False, 4
2916,0, 430, False, 4
2917,0, 430, False, 4
2918,0, 430, False, 4
2919,0, 430, False, 4
2920,0, 430, False, 4
2921,0, 430, False, 4
2922,0, 430, False, 4
2923,0, 430, False, 4
2924,0, 430, False, 4
2925,0, 430, False, 4
2926,0, 430, False, 4
2927,0, 430, False, 4
2928,0, 430, False, 4
2929,0, 430, False, 4
2930,0, 430, False, 4
2931,0, 430, False, 4
2932,0, 430, False, 4
2933,0, 430, False, 4
2934,0, 430, False, 4
2935,0, 430, False, 4
2936,0, 430, False, 4
2937,0, 430, False, 4
2938,0, 430, False, 4
2939,0, 430, False, 4
2940,0, 430, False, 4
2941,0, 430, False, 4
2942,0, 430, False, 4
2943,0, 430, False, 4
2944,0, 430, False, 4
2945,0, 430, False, 4
2946,0, 430, False, 4
2947,0, 430, False, 4
2948,0, 430, False, 4
2949,0, 430, False, 4
2950,0, 430, False, 4
2951,0, 430, False, 4
2952,0, 430, False, 4
2953,0, 430, False, 4
2954,0, 430, False, 4
2955,0, 430, False, 4
2956,0, 430, False, 4
2957,0, 430, False, 12
2958,0, 430, False, 12
2959,0, 430, False, 12
2960,0, 430, False, 12
2961,0, 430, False, 4
2962,0, 430, False, 4
2963,0, 430, False, 4
2964,0, 430, False, 4
2965,0, 430, False, 4
2966,0, 430, False, 4
2967,0, 430, False, 4
2968,0, 430, False, 4
2969,0, 430, False, 4
2970,0, 430, False, 4
2971,0, 430, False, 4
2972,0, 430, False, 4
2973,0, 430, False, 4
2974,0, 430, False, 12
2975,0, 430, False, 12
2976,0, 430, False, 12
2977,0, 430, False, 12
2978,0, 430, False, 4
2979,0, 430, False, 4
2980,0, 430, False, 4
2981,0, 430, False, 4
2982,0, 430, False, 4
2983,0, 430, False, 4
2984,0, 430, False, 4
2985,0, 430, False, 4
2986,0, 430, False, 4
2987,0, 430, False, 4
2988,0, 430, False, 4
2989,0, 430, False, 4
2990,0, 430, False, 4
2991,0, 430, False, 4
2992,0, 430, False, 4
2993,0, 430, False, 4
2994,0, 430, False, 0
2995,0, 430, False, 0
2996,0, 430, False, 0
2997,0, 430, False, 0
2998,0, 430, False, 0
2999,0, 430, False, 0
3000,0, 430, False, 3
3001,0, 430, False, 3
3002,0, 430, False, 3
3003,0, 430, False, 3
3004,0, 430, False, 3
3005,0, 430, False, 3
3006,0, 430, False, 0
3007,0, 430, False, 0
3008,0, 430, False, 1
3009,0, 430, False, 1
3010,0, 430, False, 1
3011,0, 430, False, 0
3012,0, 430, False, 0
3013,0, 430, False, 0
3014,0, 430, False, 1
3015,0, 430, False, 1
3016,0, 430, False, 0
3017,0, 430, False, 0
3018,0, 430, False, 0
3019,0, 430, False, 0
3020,0, 430, False, 0
3021,0, 430, False, 0
3022,0, 430, False, 1
3023,0, 430, False, 1
3024,0, 430, False, 1
3025,0, 430, False, 0
3026,0, 430, False, 0
3027,0, 430, False, 0
3028,0, 430, False, 0
3029,0, 430, False, 0
3030,0, 430, False, 0
3031,0, 430, False, 0
3032,0, 430, False, 0
3033,0, 430, False, 0
3034,0, 430, False, 0
3035,0, 430, False, 0
3036,0, 430, False, 0
3037,0, 430, False, 0
3038,0, 430, False, 0
3039,0, 430, False, 0
3040,0, 430, False, 0
3041,0, 430, False, 0
3042,0, 430, False, 0
3043,0, 430, False, 0
3044,0, 430, False, 0
3045,0, 430, False, 0
3046,0, 430, False, 3
3047,0, 430, False, 3
3048,0, 430, False, 3
3049,0, 430, False, 3
3050,0, 430, False, 3
3051,0, 430, False, 3
3052,0, 430, False, 3
3053,0, 430, False, 3
3054,0, 430, False, 3
3055,0, 430, False, 3
3056,0, 430, False, 3
3057,0, 430, False, 3
3058,0, 430, False, 3
3059,0, 430, False, 3
3060,0, 430, False, 3
3061,0, 430, False, 3
3062,0, 430, False, 3
3063,0, 430, False, 3
3064,0, 430, False, 3
3065,0, 430, False, 3
3066,0, 430, False, 3
3067,0, 430, False, 3
3068,0, 430, False, 3
3069,0, 430, False, 3
3070,0, 430, False, 3
3071,0, 430, False, 3
3072,0, 430, False, 3
3073,0, 430, False, 3
3074,0, 430, False, 3
3075,0, 430, False, 3
3076,0, 430, False, 3
3077,0, 430, False, 3
3078,0, 430, False, 3
3079,0, 430, False, 3
3080,0, 430, False, 3
3081,0, 430, False, 3
3082,0, 430, False, 3
3083,0, 430, False, 3
3084,0, 430, False, 3
3085,0, 430, False, 3
3086,0, 430, False, 3
3087,0, 430, False, 3
3088,0, 430, False, 3
3089,0, 430, False, 3
3090,0, 430, False, 3
3091,0, 430, False, 3
3092,0, 430, False, 3
3093,0, 430, False, 3
3094,0, 430, False, 3
3095,0, 430, False, 3
3096,0, 430, False, 3
3097,0, 430, False, 3
3098,0, 430, False, 3
3099,0, 430, False, 3
3100,0, 430, False, 3
3101,0, 430, False, 3
3102,0, 430, False, 3
3103,0, 430, False, 0
3104,0, 430, False, 0
3105,0, 430, False, 0
3106,0, 430, False, 0
3107,0, 430, False, 0
3108,0, 430, False, 0
3109,0, 430, False, 0
3110,0, 430, False, 0
3111,0, 430, False, 0
3112,0, 430, False, 0
3113,0, 430, False, 0
3114,0, 430, False, 0
3115,0, 430, False, 1
3116,0, 430, False, 1
3117,0, 430, False, 1
3118,0, 430, False, 1
3119,0, 430, False, 1
3120,0, 430, False, 1
3121,0, 430, False, 0
3122,0, 430, False, 0
3123,0, 430, False, 0
3124,0, 430, False, 0
3125,0, 430, False, 0
3126,0, 430, False, 0
3127,0, 430, False, 0
3128,0, 430, False, 0
3129,0, 430, False, 3
3130,0, 430, False, 3
3131,0, 430, False, 3
3132,0, 430, False, 3
3133,0, 430, False, 3
3134,0, 430, False, 3
3135,0, 430, False, 3
3136,0, 430, False, 3
3137,0, 430, False, 3
3138,0, 430, False, 3
3139,0, 430, False, 3
3140,0, 430, False, 3
3141,0, 430, False, 3
3142,0, 430, False, 3
3143,0, 430, False, 3
3144,30, 460, False, 3
3145,0, 460, False, 3
3146,0, 460, False, 3
3147,0, 460, False, 3
3148,0, 460, False, 3
3149,0, 460, False, 3
3150,0, 460, False, 3
3151,0, 460, False, 3
3152,0, 460, False, 3
3153,0, 460, False, 3
3154,0, 460, False, 3
3155,0, 460, False, 3
3156,0, 460, False, 3
3157,0, 460, False, 3
3158,0, 460, False, 3
3159,0, 460, False, 3
3160,0, 460, False, 3
3161,0, 460, False, 0
3162,0, 460, False, 0
3163,0, 460, False, 0
3164,0, 460, False, 0
3165,0, 460, False, 0
3166,0, 460, False, 0
3167,0, 460, False, 0
3168,0, 460, False, 0
3169,0, 460, False, 1
3170,0, 460, False, 1
3171,0, 460, False, 1
3172,0, 460, False, 1
3173,0, 460, False, 0
3174,0, 460, False, 0
3175,0, 460, False, 0
3176,0, 460, False, 0
3177,0, 460, False, 0
3178,0, 460, False, 3
3179,0, 460, False, 3
3180,0, 460, False, 3
3181,0, 460, False, 3
3182,0, 460, False, 3
3183,0, 460, False, 3
3184,0, 460, False, 3
3185,0, 460, False, 3
3186,0, 460, False, 3
3187,0, 460, False, 3
3188,0, 460, False, 3
3189,0, 460, False, 3
3190,0, 460, False, 3
3191,0, 460, False, 3
3192,0, 460, False, 3
3193,0, 460, False, 3
3194,0, 460, False, 3
3195,0, 460, False, 3
3196,0, 460, False, 3
3197,0, 460, False, 3
3198,0, 460, False, 3
3199,0, 460, False, 3
3200,0, 460, False, 3
3201,0, 460, False, 3
3202,0, 460, False, 3
3203,0, 460, False, 3
3204,0, 460, False, 3
3205,0, 460, False, 3
3206,0, 460, False, 3
3207,0, 460, False, 3
3208,0, 460, False, 3
3209,0, 460, False, 3
3210,0, 460, False, 3
3211,0, 460, False, 3
3212,0, 460, False, 3
3213,0, 460, False, 3
3214,0, 460, False, 3
3215,0, 460, False, 3
3216,0, 460, False, 3
3217,0, 460, False, 3
3218,0, 460, False, 3
3219,0, 460, False, 3
3220,0, 460, False, 3
3221,0, 460, False, 3
3222,0, 460, False, 3
3223,0, 460, False, 3
3224,0, 460, False, 3
3225,0, 460, False, 3
3226,0, 460, False, 3
3227,0, 460, False, 3
3228,0, 460, False, 3
3229,0, 460, False, 3
3230,0, 460, False, 3
3231,0, 460, False, 3
3232,0, 460, False, 3
3233,0, 460, False, 3
3234,0, 460, False, 3
3235,0, 460, False, 3
3236,0, 460, False, 3
3237,0, 460, False, 3
3238,0, 460, False, 3
3239,0, 460, False, 3
3240,0, 460, False, 3
3241,0, 460, False, 3
3242,0, 460, False, 3
3243,0, 460, False, 3
3244,0, 460, False, 3
3245,0, 460, False, 3
3246,0, 460, False, 3
3247,0, 460, False, 3
3248,0, 460, False, 3
3249,0, 460, False, 3
3250,0, 460, False, 3
3251,0, 460, False, 0
3252,0, 460, False, 0
3253,0, 460, False, 0
3254,0, 460, False, 1
3255,0, 460, False, 1
3256,0, 460, False, 1
3257,0, 460, False, 1
3258,0, 460, False, 1
3259,0, 460, False, 1
3260,0, 460, False, 1
3261,0, 460, False, 1
3262,0, 460, False, 1
3263,0, 460, False, 1
3264,0, 460, False, 0
3265,0, 460, False, 0
3266,0, 460, False, 0
3267,0, 460, False, 0
3268,0, 460, False, 0
3269,0, 460, False, 0
3270,0, 460, False, 0
3271,0, 460, False, 0
3272,0, 460, False, 0
3273,0, 460, False, 0
3274,0, 460, False, 0
3275,0, 460, False, 0
3276,0, 460, False, 0
3277,0, 460, False, 0
3278,0, 460, False, 0
3279,0, 460, False, 0
3280,0, 460, False, 0
3281,0, 460, False, 0
3282,0, 460, False, 0
3283,0, 460, False, 0
3284,0, 460, False, 0
3285,0, 460, False, 0
3286,0, 460, False, 0
3287,0, 460, False, 0
3288,0, 460, False, 0
3289,0, 460, False, 0
3290,0, 460, False, 0
3291,0, 460, False, 0
3292,0, 460, False, 1
3293,0, 460, False, 1
3294,0, 460, False, 1
3295,0, 460, False, 0
3296,0, 460, False, 0
3297,0, 460, False, 0
3298,0, 460, False, 0
3299,0, 460, False, 0
3300,0, 460, False, 0
3301,0, 460, False, 0
3302,0, 460, False, 0
3303,0, 460, False, 1
3304,0, 460, False, 1
3305,0, 460, False, 1
3306,0, 460, False, 1
3307,0, 460, False, 1
3308,0, 460, False, 0
3309,0, 460, False, 0
3310,0, 460, False, 1
3311,0, 460, False, 1
3312,0, 460, False, 1
3313,0, 460, False, 1
3314,0, 460, False, 0
3315,0, 460, False, 0
3316,0, 460, False, 1
3317,0, 460, False, 1
3318,0, 460, False, 1
3319,0, 460, False, 1
3320,0, 460, False, 0
3321,0, 460, False, 0
3322,0, 460, False, 0
3323,0, 460, False, 1
3324,0, 460, False, 1
3325,0, 460, False, 1
3326,0, 460, False, 1
3327,0, 460, False, 1
3328,0, 460, False, 0
3329,0, 460, False, 0
3330,0, 460, False, 4
3331,0, 460, False, 4
3332,0, 460, False, 4
3333,0, 460, False, 4
3334,0, 460, False, 4
3335,0, 460, False, 4
3336,0, 460, False, 4
3337,0, 460, False, 4
3338,0, 460, False, 4
3339,0, 460, False, 4
3340,0, 460, False, 4
3341,0, 460, False, 4
3342,0, 460, False, 4
3343,0, 460, False, 4
3344,0, 460, False, 4
3345,0, 460, False, 4
3346,0, 460, False, 4
3347,0, 460, False, 4
3348,0, 460, False, 4
3349,0, 460, False, 4
3350,0, 460, False, 4
3351,0, 460, False, 4
3352,0, 460, False, 4
3353,0, 460, False, 4
3354,0, 460, False, 4
3355,0, 460, False, 4
3356,0, 460, False, 4
3357,0, 460, False, 4
3358,0, 460, False, 4
3359,0, 460, False, 4
3360,0, 460, False, 4
3361,0, 460, False, 4
3362,0, 460, False, 0
3363,0, 460, False, 0
3364,0, 460, False, 0
3365,0, 460, False, 0
3366,0, 460, False, 0
3367,0, 460, False, 0
3368,0, 460, False, 0
3369,0, 460, False, 0
3370,0, 460, False, 0
3371,0, 460, False, 1
3372,0, 460, False, 1
3373,0, 460, False, 1
3374,0, 460, False, 1
3375,0, 460, False, 1
3376,0, 460, False, 0
3377,0, 460, False, 0
3378,0, 460, False, 0
3379,0, 460, False, 0
3380,0, 460, False, 0
3381,0, 460, False, 4
3382,0, 460, False, 4
3383,0, 460, False, 4
3384,0, 460, False, 4
3385,0, 460, False, 4
3386,0, 460, False, 4
3387,0, 460, False, 4
3388,0, 460, False, 4
3389,0, 460, False, 4
3390,0, 460, False, 4
3391,0, 460, False, 4
3392,0, 460, False, 4
3393,0, 460, False, 4
3394,0, 460, False, 4
3395,0, 460, False, 4
3396,0, 460, False, 4
3397,0, 460, False, 4
3398,0, 460, False, 4
3399,0, 460, False, 4
3400,0, 460, False, 4
3401,0, 460, False, 4
3402,0, 460, False, 4
3403,0, 460, False, 4
3404,0, 460, False, 4
3405,0, 460, False, 4
3406,0, 460, False, 4
3407,0, 460, False, 4
3408,0, 460, False, 4
3409,0, 460, False, 4
3410,0, 460, False, 4
3411,0, 460, False, 4
3412,0, 460, False, 4
3413,0, 460, False, 4
3414,0, 460, False, 4
3415,0, 460, False, 4
3416,0, 460, False, 4
3417,0, 460, False, 4
3418,0, 460, False, 4
3419,0, 460, False, 4
3420,0, 460, False, 4
3421,0, 460, False, 4
3422,0, 460, False, 4
3423,0, 460, False, 4
3424,0, 460, False, 4
3425,0, 460, False, 4
3426,0, 460, False, 4
3427,0, 460, False, 4
3428,0, 460, False, 4
3429,0, 460, False, 4
3430,0, 460, False, 4
3431,0, 460, False, 4
3432,0, 460, False, 4
3433,0, 460, False, 4
3434,0, 460, False, 4
3435,0, 460, False, 4
3436,0, 460, False, 4
3437,0, 460, False, 4
3438,0, 460, False, 4
3439,0, 460, False, 4
3440,0, 460, False, 4
3441,0, 460, False, 4
3442,0, 460, False, 4
3443,0, 460, False, 4
3444,0, 460, False, 4
3445,0, 460, False, 4
3446,0, 460, False, 4
3447,0, 460, False, 4
3448,0, 460, False, 4
3449,0, 460, False, 4
3450,0, 460, False, 4
3451,0, 460, False, 4
3452,0, 460, False, 4
3453,0, 460, False, 4
3454,0, 460, False, 4
3455,0, 460, False, 4
3456,0, 460, False, 4
3457,0, 460, False, 4
3458,0, 460, False, 4
3459,0, 460, False, 4
3460,0, 460, False, 3
3461,0, 460, False, 3
3462,0, 460, False, 3
3463,0, 460, False, 3
3464,0, 460, False, 3
3465,0, 460, False, 3
3466,0, 460, False, 3
3467,0, 460, False, 3
3468,0, 460, False, 3
3469,0, 460, False, 3
3470,0, 460, False, 3
3471,0, 460, False, 3
3472,0, 460, False, 3
3473,0, 460, False, 3
3474,0, 460, False, 3
3475,0, 460, False, 3
3476,0, 460, False, 3
3477,0, 460, False, 3
3478,0, 460, False, 3
3479,0, 460, False, 3
3480,0, 460, False, 3
3481,0, 460, False, 3
3482,0, 460, False, 3
3483,0, 460, False, 3
3484,0, 460, False, 3
3485,0, 460, False, 3
3486,0, 460, False, 3
3487,0, 460, False, 3
3488,0, 460, False, 3
3489,0, 460, False, 3
3490,0, 460, False, 3
3491,0, 460, False, 3
3492,0, 460, False, 3
3493,0, 460, False, 3
3494,0, 460, False, 3
3495,0, 460, False, 3
3496,0, 460, False, 3
3497,0, 460, False, 3
3498,0, 460, False, 3
3499,0, 460, False, 3
3500,0, 460, False, 3
3501,0, 460, False, 3
3502,0, 460, False, 3
3503,0, 460, False, 3
3504,0, 460, False, 3
3505,0, 460, False, 3
3506,0, 460, False, 3
3507,0, 460, False, 3
3508,0, 460, False, 3
3509,0, 460, False, 3
3510,0, 460, False, 3
3511,0, 460, False, 3
3512,0, 460, False, 3
3513,0, 460, False, 3
3514,0, 460, False, 3
3515,0, 460, False, 0
3516,0, 460, False, 1
3517,0, 460, False, 1
3518,0, 460, False, 1
3519,0, 460, False, 1
3520,0, 460, False, 0
3521,0, 460, False, 0
3522,0, 460, False, 0
3523,0, 460, False, 1
3524,0, 460, False, 1
3525,0, 460, False, 1
3526,0, 460, False, 1
3527,0, 460, False, 0
3528,0, 460, False, 0
3529,0, 460, False, 0
3530,0, 460, False, 0
3531,0, 460, False, 0
3532,0, 460, False, 0
3533,0, 460, False, 4
3534,0, 460, False, 4
3535,0, 460, False, 4
3536,25, 485, False, 4
3537,0, 485, False, 4
3538,0, 485, False, 4
3539,0, 485, False, 4
3540,0, 485, False, 4
3541,0, 485, False, 4
3542,0, 485, False, 4
3543,0, 485, False, 4
3544,0, 485, False, 4
3545,0, 485, False, 4
3546,0, 485, False, 4
3547,0, 485, False, 4
3548,0, 485, False, 4
3549,0, 485, False, 4
3550,0, 485, False, 4
3551,0, 485, False, 4
3552,0, 485, False, 4
3553,0, 485, False, 0
3554,0, 485, False, 0
3555,0, 485, False, 0
3556,0, 485, False, 0
3557,0, 485, False, 0
3558,0, 485, False, 0
3559,0, 485, False, 0
3560,0, 485, False, 0
3561,0, 485, False, 0
3562,0, 485, False, 3
3563,0, 485, False, 3
3564,0, 485, False, 3
3565,0, 485, False, 3
3566,0, 485, False, 3
3567,0, 485, False, 3
3568,0, 485, False, 3
3569,0, 485, False, 3
3570,0, 485, False, 3
3571,0, 485, False, 3
3572,0, 485, False, 3
3573,0, 485, False, 3
3574,0, 485, False, 0
3575,0, 485, False, 3
3576,0, 485, False, 3
3577,0, 485, False, 3
3578,0, 485, False, 3
3579,0, 485, False, 3
3580,0, 485, False, 3
3581,0, 485, False, 3
3582,0, 485, False, 3
3583,0, 485, False, 0
3584,0, 485, False, 0
3585,0, 485, False, 0
3586,0, 485, False, 0
3587,0, 485, False, 0
3588,0, 485, False, 4
3589,0, 485, False, 4
3590,0, 485, False, 4
3591,0, 485, False, 4
3592,0, 485, False, 4
3593,0, 485, False, 4
3594,0, 485, False, 4
3595,0, 485, False, 4
3596,0, 485, False, 4
3597,0, 485, False, 4
3598,0, 485, False, 4
3599,0, 485, False, 4
3600,0, 485, False, 4
3601,0, 485, False, 4
3602,0, 485, False, 4
3603,0, 485, False, 4
3604,0, 485, False, 4
3605,0, 485, False, 0
3606,0, 485, False, 0
3607,0, 485, False, 1
3608,0, 485, False, 1
3609,0, 485, False, 1
3610,0, 485, False, 1
3611,0, 485, False, 0
3612,0, 485, False, 0
3613,0, 485, False, 0
3614,0, 485, False, 0
3615,0, 485, False, 0
3616,0, 485, False, 0
3617,0, 485, False, 0
3618,0, 485, False, 0
3619,0, 485, False, 4
3620,0, 485, False, 4
3621,0, 485, False, 4
3622,0, 485, False, 4
3623,0, 485, False, 4
3624,0, 485, False, 4
3625,0, 485, False, 4
3626,0, 485, False, 4
3627,0, 485, False, 4
3628,0, 485, False, 4
3629,0, 485, False, 4
3630,0, 485, False, 4
3631,0, 485, False, 4
3632,0, 485, False, 4
3633,0, 485, False, 4
3634,0, 485, False, 4
3635,0, 485, False, 4
3636,0, 485, False, 4
3637,0, 485, False, 4
3638,0, 485, False, 4
3639,0, 485, False, 4
3640,0, 485, False, 4
3641,0, 485, False, 4
3642,0, 485, False, 4
3643,0, 485, False, 4
3644,0, 485, False, 4
3645,0, 485, False, 4
3646,0, 485, False, 4
3647,0, 485, False, 4
3648,0, 485, False, 4
3649,0, 485, False, 4
3650,0, 485, False, 4
3651,0, 485, False, 4
3652,0, 485, False, 4
3653,0, 485, False, 4
3654,0, 485, False, 4
3655,0, 485, False, 4
3656,0, 485, False, 4
3657,0, 485, False, 0
3658,0, 485, False, 0
3659,0, 485, False, 1
3660,0, 485, False, 1
3661,0, 485, False, 1
3662,0, 485, False, 1
3663,0, 485, False, 1
3664,0, 485, False, 0
3665,0, 485, False, 0
3666,0, 485, False, 1
3667,0, 485, False, 1
3668,0, 485, False, 1
3669,0, 485, False, 1
3670,0, 485, False, 0
3671,0, 485, False, 0
3672,0, 485, False, 1
3673,0, 485, False, 1
3674,0, 485, False, 1
3675,0, 485, False, 1
3676,0, 485, False, 1
3677,0, 485, False, 0
3678,0, 485, False, 0
3679,0, 485, False, 0
3680,0, 485, False, 3
3681,0, 485, False, 3
3682,0, 485, False, 3
3683,0, 485, False, 3
3684,0, 485, False, 3
3685,0, 485, False, 3
3686,0, 485, False, 3
3687,0, 485, False, 3
3688,0, 485, False, 3
3689,0, 485, False, 3
3690,0, 485, False, 0
3691,0, 485, False, 0
3692,0, 485, False, 3
3693,0, 485, False, 3
3694,0, 485, False, 3
3695,0, 485, False, 3
3696,0, 485, False, 3
3697,0, 485, False, 3
3698,0, 485, False, 11
3699,0, 485, False, 11
3700,0, 485, False, 1
3701,0, 485, False, 1
3702,0, 485, False, 0
3703,0, 485, False, 0
3704,0, 485, False, 0
3705,0, 485, False, 0
3706,0, 485, False, 0
3707,0, 485, False, 0
3708,0, 485, False, 0
3709,0, 485, False, 0
3710,25, 510, False, 3
3711,0, 510, False, 3
3712,0, 510, False, 3
3713,0, 510, False, 3
3714,0, 510, False, 3
3715,0, 510, False, 0
3716,0, 510, False, 0
3717,0, 510, False, 0
3718,0, 510, False, 0
3719,0, 510, False, 0
3720,0, 510, False, 0
3721,0, 510, False, 0
3722,0, 510, False, 0
3723,0, 510, False, 0
3724,0, 510, False, 0
3725,0, 510, False, 0
3726,0, 510, False, 0
3727,0, 510, False, 1
3728,0, 510, False, 1
3729,0, 510, False, 1
3730,0, 510, False, 1
3731,0, 510, False, 1
3732,0, 510, False, 0
3733,0, 510, False, 0
3734,0, 510, False, 0
3735,0, 510, False, 0
3736,0, 510, False, 0
3737,0, 510, False, 0
3738,0, 510, False, 0
3739,0, 510, False, 0
3740,0, 510, False, 4
3741,0, 510, False, 4
3742,0, 510, False, 4
3743,0, 510, False, 4
3744,0, 510, False, 4
3745,0, 510, False, 4
3746,30, 540, False, 4
3747,0, 540, False, 4
3748,0, 540, False, 4
3749,0, 540, False, 4
3750,0, 540, False, 4
3751,0, 540, False, 4
3752,0, 540, False, 4
3753,0, 540, False, 4
3754,0, 540, False, 4
3755,0, 540, False, 4
3756,0, 540, False, 4
3757,0, 540, False, 0
3758,0, 540, False, 0
3759,0, 540, False, 1
3760,0, 540, False, 1
3761,0, 540, False, 1
3762,0, 540, False, 1
3763,0, 540, False, 1
3764,0, 540, False, 0
3765,0, 540, False, 0
3766,0, 540, False, 0
3767,0, 540, False, 0
3768,0, 540, False, 0
3769,0, 540, False, 0
3770,0, 540, False, 0
3771,0, 540, False, 0
3772,0, 540, False, 0
3773,0, 540, False, 0
3774,0, 540, False, 0
3775,0, 540, False, 4
3776,0, 540, False, 4
3777,0, 540, False, 4
3778,0, 540, False, 4
3779,0, 540, False, 4
3780,0, 540, False, 4
3781,0, 540, False, 4
3782,0, 540, False, 4
3783,0, 540, False, 4
3784,0, 540, False, 4
3785,0, 540, False, 4
3786,0, 540, False, 0
3787,0, 540, False, 0
3788,0, 540, False, 0
3789,0, 540, False, 0
3790,0, 540, False, 0
3791,0, 540, False, 0
3792,0, 540, False, 0
3793,0, 540, False, 0
3794,0, 540, False, 0
3795,0, 540, False, 0
3796,0, 540, False, 0
3797,0, 540, False, 0
3798,0, 540, False, 4
3799,0, 540, False, 4
3800,0, 540, False, 4
3801,0, 540, False, 4
3802,0, 540, False, 0
3803,0, 540, False, 0
3804,0, 540, False, 3
3805,0, 540, False, 3
3806,0, 540, False, 3
3807,0, 540, False, 3
3808,0, 540, False, 3
3809,0, 540, False, 3
3810,0, 540, False, 3
3811,0, 540, False, 3
3812,0, 540, False, 3
3813,0, 540, False, 3
3814,0, 540, False, 3
3815,0, 540, False, 3
3816,0, 540, False, 0
3817,0, 540, False, 0
3818,0, 540, False, 3
3819,0, 540, False, 3
3820,0, 540, False, 3
3821,0, 540, False, 3
3822,0, 540, False, 3
3823,0, 540, False, 3
3824,0, 540, False, 3
3825,0, 540, False, 3
3826,0, 540, False, 3
3827,0, 540, False, 3
3828,0, 540, False, 3
3829,0, 540, False, 3
3830,0, 540, False, 3
3831,0, 540, False, 3
3832,0, 540, False, 3
3833,0, 540, False, 3
3834,0, 540, False, 3
3835,0, 540, False, 3
3836,0, 540, False, 3
3837,0, 540, False, 3
3838,0, 540, False, 3
3839,0, 540, False, 3
3840,0, 540, False, 3
3841,0, 540, False, 3
3842,0, 540, False, 0
3843,0, 540, False, 0
3844,0, 540, False, 1
3845,0, 540, False, 1
3846,0, 540, False, 1
3847,0, 540, False, 1
3848,0, 540, False, 1
3849,0, 540, False, 0
3850,0, 540, False, 0
3851,0, 540, False, 0
3852,0, 540, False, 0
3853,0, 540, False, 0
3854,0, 540, False, 0
3855,0, 540, False, 0
3856,0, 540, False, 0
3857,0, 540, False, 0
3858,0, 540, False, 0
3859,0, 540, False, 0
3860,0, 540, False, 0
3861,0, 540, False, 0
3862,0, 540, False, 0
3863,0, 540, False, 0
3864,0, 540, False, 0
3865,0, 540, False, 0
3866,0, 540, False, 0
3867,0, 540, False, 0
3868,0, 540, False, 0
3869,0, 540, False, 0
3870,0, 540, False, 0
3871,0, 540, False, 0
3872,0, 540, False, 0
3873,0, 540, False, 0
3874,0, 540, False, 0
3875,0, 540, False, 0
3876,0, 540, False, 0
3877,0, 540, False, 0
3878,0, 540, False, 0
3879,0, 540, False, 0
3880,0, 540, False, 0
3881,0, 540, False, 1
3882,0, 540, False, 1
3883,0, 540, False, 1
3884,0, 540, False, 1
3885,0, 540, False, 0
3886,0, 540, False, 0
3887,0, 540, False, 1
3888,0, 540, False, 1
3889,0, 540, False, 1
3890,0, 540, False, 1
3891,0, 540, False, 1
3892,0, 540, False, 0
3893,0, 540, False, 0
3894,0, 540, False, 0
3895,0, 540, False, 0
3896,0, 540, False, 0
3897,0, 540, False, 0
3898,0, 540, False, 0
3899,0, 540, False, 0
3900,0, 540, False, 0
3901,0, 540, False, 0
3902,0, 540, False, 3
3903,0, 540, False, 3
3904,0, 540, False, 3
3905,0, 540, False, 3
3906,0, 540, False, 3
3907,0, 540, False, 3
3908,0, 540, False, 3
3909,0, 540, False, 3
3910,0, 540, False, 3
3911,0, 540, False, 3
3912,0, 540, False, 0
3913,0, 540, False, 0
3914,0, 540, False, 0
3915,0, 540, False, 4
3916,0, 540, False, 4
3917,0, 540, False, 4
3918,0, 540, False, 4
3919,0, 540, False, 4
3920,0, 540, False, 4
3921,0, 540, False, 4
3922,0, 540, False, 4
3923,0, 540, False, 4
3924,0, 540, False, 4
3925,0, 540, False, 4
3926,0, 540, False, 4
3927,0, 540, False, 4
3928,0, 540, False, 4
3929,0, 540, False, 4
3930,0, 540, False, 4
3931,0, 540, False, 4
3932,0, 540, False, 4
3933,0, 540, False, 4
3934,0, 540, False, 4
3935,0, 540, False, 4
3936,0, 540, False, 4
3937,0, 540, False, 4
3938,0, 540, False, 4
3939,0, 540, False, 4
3940,0, 540, False, 4
3941,0, 540, False, 4
3942,0, 540, False, 4
3943,0, 540, False, 4
3944,0, 540, False, 4
3945,0, 540, False, 4
3946,0, 540, False, 4
3947,0, 540, False, 4
3948,0, 540, False, 4
3949,0, 540, False, 4
3950,0, 540, False, 4
3951,0, 540, False, 0
3952,0, 540, False, 0
3953,0, 540, False, 0
3954,0, 540, False, 0
3955,0, 540, False, 0
3956,0, 540, False, 1
3957,0, 540, False, 1
3958,0, 540, False, 1
3959,0, 540, False, 1
3960,0, 540, False, 0
3961,0, 540, False, 0
3962,0, 540, False, 0
3963,0, 540, False, 0
3964,0, 540, False, 0
3965,0, 540, False, 0
3966,0, 540, False, 0
3967,0, 540, False, 0
3968,30, 570, False, 3
3969,0, 570, False, 3
3970,0, 570, False, 3
3971,0, 570, False, 3
3972,0, 570, False, 3
3973,0, 570, False, 3
3974,0, 570, False, 3
3975,0, 570, False, 3
3976,0, 570, False, 3
3977,0, 570, False, 3
3978,0, 570, False, 3
3979,0, 570, False, 3
3980,0, 570, False, 3
3981,0, 570, False, 3
3982,0, 570, False, 3
3983,0, 570, False, 3
3984,0, 570, False, 3
3985,0, 570, False, 3
3986,0, 570, False, 3
3987,0, 570, False, 3
3988,0, 570, False, 3
3989,0, 570, False, 3
3990,0, 570, False, 3
3991,0, 570, False, 3
3992,0, 570, False, 3
3993,0, 570, False, 3
3994,0, 570, False, 3
3995,0, 570, False, 3
3996,0, 570, False, 3
3997,0, 570, False, 3
3998,0, 570, False, 3
3999,0, 570, False, 3
4000,0, 570, False, 3
4001,0, 570, False, 3
4002,0, 570, False, 3
4003,0, 570, False, 3
4004,0, 570, False, 3
4005,0, 570, False, 3
4006,0, 570, False, 0
4007,0, 570, False, 0
4008,0, 570, False, 0
4009,0, 570, False, 0
4010,0, 570, False, 0
4011,0, 570, False, 0
4012,0, 570, False, 0
4013,0, 570, False, 0
4014,0, 570, False, 0
4015,0, 570, False, 0
4016,0, 570, False, 0
4017,0, 570, False, 0
4018,0, 570, False, 0
4019,0, 570, False, 0
4020,0, 570, False, 0
4021,0, 570, False, 0
4022,0, 570, False, 0
4023,0, 570, False, 0
4024,0, 570, False, 0
4025,0, 570, False, 0
4026,0, 570, False, 0
4027,0, 570, False, 0
4028,0, 570, False, 0
4029,0, 570, False, 0
4030,0, 570, False, 0
4031,0, 570, False, 1
4032,0, 570, False, 1
4033,0, 570, False, 1
4034,0, 570, False, 1
4035,0, 570, False, 0
4036,0, 570, False, 0
4037,0, 570, False, 0
4038,0, 570, False, 0
4039,0, 570, False, 0
4040,0, 570, False, 0
4041,0, 570, False, 0
4042,0, 570, False, 0
4043,0, 570, False, 0
4044,0, 570, False, 0
4045,0, 570, False, 0
4046,0, 570, False, 0
4047,0, 570, False, 0
4048,0, 570, False, 0
4049,0, 570, False, 0
4050,0, 570, False, 0
4051,0, 570, False, 0
4052,0, 570, False, 0
4053,0, 570, False, 0
4054,0, 570, False, 1
4055,0, 570, False, 1
4056,0, 570, False, 1
4057,0, 570, False, 1
4058,0, 570, False, 1
4059,0, 570, False, 0
4060,0, 570, False, 0
4061,0, 570, False, 0
4062,0, 570, False, 0
4063,0, 570, False, 0
4064,0, 570, False, 0
4065,0, 570, False, 0
4066,0, 570, False, 1
4067,0, 570, False, 1
4068,0, 570, False, 1
4069,0, 570, False, 1
4070,0, 570, False, 0
4071,0, 570, False, 0
4072,0, 570, False, 0
4073,0, 570, False, 0
4074,0, 570, False, 0
4075,0, 570, False, 0
4076,0, 570, False, 0
4077,0, 570, False, 0
4078,0, 570, False, 0
4079,0, 570, False, 0
4080,0, 570, False, 0
4081,0, 570, False, 0
4082,0, 570, False, 0
4083,0, 570, False, 0
4084,0, 570, False, 0
4085,0, 570, False, 0
4086,0, 570, False, 0
4087,0, 570, False, 0
4088,0, 570, False, 0
4089,0, 570, False, 0
4090,0, 570, False, 0
4091,0, 570, False, 0
4092,0, 570, False, 0
4093,0, 570, False, 0
4094,0, 570, False, 0
4095,0, 570, False, 0
4096,0, 570, False, 0
4097,0, 570, False, 0
4098,0, 570, False, 0
4099,0, 570, False, 0
4100,0, 570, False, 0
4101,0, 570, False, 0
4102,0, 570, False, 0
4103,0, 570, False, 0
4104,0, 570, False, 0
4105,0, 570, False, 0
4106,0, 570, False, 0
4107,0, 570, False, 0
4108,0, 570, False, 0
4109,0, 570, False, 0
4110,0, 570, False, 0
4111,0, 570, False, 0
4112,0, 570, False, 0
4113,0, 570, False, 0
4114,0, 570, False, 0
4115,0, 570, False, 0
4116,0, 570, False, 0
4117,0, 570, False, 0
4118,0, 570, False, 0
4119,0, 570, False, 0
4120,0, 570, False, 0
4121,0, 570, False, 0
4122,0, 570, False, 0
4123,0, 570, False, 0
4124,0, 570, False, 0
4125,0, 570, False, 0
4126,0, 570, False, 0
4127,0, 570, False, 0
4128,0, 570, False, 0
4129,0, 570, False, 0
4130,0, 570, False, 0
4131,0, 570, False, 0
4132,0, 570, False, 0
4133,0, 570, True, 0
