db traj id : 326
frame,reward,score,terminal, action
0,0, 0, False, 0
1,0, 0, False, 0
2,0, 0, False, 0
3,0, 0, False, 0
4,0, 0, False, 0
5,0, 0, False, 0
6,0, 0, False, 0
7,0, 0, False, 0
8,0, 0, False, 0
9,0, 0, False, 0
10,0, 0, False, 0
11,0, 0, False, 0
12,0, 0, False, 0
13,0, 0, False, 0
14,0, 0, False, 0
15,0, 0, False, 0
16,0, 0, False, 0
17,0, 0, False, 0
18,0, 0, False, 0
19,0, 0, False, 0
20,0, 0, False, 0
21,0, 0, False, 0
22,0, 0, False, 0
23,0, 0, False, 0
24,0, 0, False, 3
25,0, 0, False, 3
26,0, 0, False, 3
27,0, 0, False, 3
28,0, 0, False, 3
29,0, 0, False, 3
30,0, 0, False, 3
31,0, 0, False, 3
32,0, 0, False, 3
33,0, 0, False, 3
34,0, 0, False, 3
35,0, 0, False, 3
36,0, 0, False, 3
37,0, 0, False, 3
38,0, 0, False, 3
39,0, 0, False, 3
40,0, 0, False, 0
41,0, 0, False, 0
42,0, 0, False, 0
43,0, 0, False, 4
44,0, 0, False, 4
45,0, 0, False, 4
46,0, 0, False, 4
47,0, 0, False, 4
48,0, 0, False, 4
49,0, 0, False, 4
50,0, 0, False, 4
51,0, 0, False, 4
52,0, 0, False, 4
53,0, 0, False, 0
54,0, 0, False, 0
55,0, 0, False, 0
56,0, 0, False, 0
57,0, 0, False, 0
58,0, 0, False, 0
59,0, 0, False, 0
60,0, 0, False, 0
61,0, 0, False, 0
62,0, 0, False, 0
63,0, 0, False, 0
64,0, 0, False, 0
65,0, 0, False, 0
66,0, 0, False, 0
67,0, 0, False, 0
68,0, 0, False, 0
69,0, 0, False, 0
70,0, 0, False, 0
71,0, 0, False, 0
72,0, 0, False, 0
73,0, 0, False, 4
74,0, 0, False, 4
75,0, 0, False, 4
76,0, 0, False, 4
77,0, 0, False, 4
78,0, 0, False, 4
79,0, 0, False, 0
80,0, 0, False, 3
81,0, 0, False, 3
82,0, 0, False, 3
83,0, 0, False, 3
84,0, 0, False, 3
85,0, 0, False, 0
86,0, 0, False, 0
87,0, 0, False, 0
88,0, 0, False, 0
89,0, 0, False, 3
90,0, 0, False, 3
91,0, 0, False, 3
92,0, 0, False, 3
93,0, 0, False, 0
94,0, 0, False, 0
95,0, 0, False, 0
96,0, 0, False, 0
97,0, 0, False, 0
98,0, 0, False, 3
99,0, 0, False, 3
100,0, 0, False, 3
101,0, 0, False, 3
102,0, 0, False, 3
103,0, 0, False, 3
104,0, 0, False, 3
105,0, 0, False, 3
106,0, 0, False, 3
107,0, 0, False, 3
108,0, 0, False, 0
109,0, 0, False, 0
110,0, 0, False, 0
111,0, 0, False, 0
112,0, 0, False, 0
113,0, 0, False, 1
114,0, 0, False, 1
115,0, 0, False, 1
116,0, 0, False, 0
117,0, 0, False, 0
118,0, 0, False, 0
119,0, 0, False, 0
120,0, 0, False, 0
121,0, 0, False, 0
122,0, 0, False, 0
123,0, 0, False, 0
124,0, 0, False, 0
125,0, 0, False, 0
126,0, 0, False, 0
127,0, 0, False, 0
128,0, 0, False, 0
129,0, 0, False, 4
130,0, 0, False, 4
131,0, 0, False, 4
132,0, 0, False, 0
133,0, 0, False, 0
134,0, 0, False, 0
135,0, 0, False, 0
136,0, 0, False, 0
137,0, 0, False, 0
138,0, 0, False, 0
139,0, 0, False, 0
140,0, 0, False, 0
141,0, 0, False, 0
142,0, 0, False, 0
143,0, 0, False, 0
144,0, 0, False, 0
145,0, 0, False, 0
146,0, 0, False, 0
147,0, 0, False, 0
148,0, 0, False, 0
149,0, 0, False, 0
150,0, 0, False, 0
151,0, 0, False, 0
152,0, 0, False, 0
153,0, 0, False, 0
154,0, 0, False, 0
155,0, 0, False, 0
156,0, 0, False, 0
157,0, 0, False, 0
158,0, 0, False, 0
159,0, 0, False, 0
160,0, 0, False, 0
161,0, 0, False, 0
162,0, 0, False, 0
163,0, 0, False, 3
164,0, 0, False, 3
165,0, 0, False, 3
166,0, 0, False, 3
167,0, 0, False, 0
168,0, 0, False, 4
169,0, 0, False, 4
170,0, 0, False, 4
171,0, 0, False, 4
172,0, 0, False, 4
173,0, 0, False, 4
174,0, 0, False, 4
175,0, 0, False, 4
176,0, 0, False, 4
177,0, 0, False, 4
178,0, 0, False, 4
179,0, 0, False, 4
180,0, 0, False, 4
181,0, 0, False, 4
182,0, 0, False, 4
183,0, 0, False, 4
184,0, 0, False, 4
185,0, 0, False, 4
186,0, 0, False, 4
187,0, 0, False, 4
188,0, 0, False, 4
189,0, 0, False, 4
190,0, 0, False, 4
191,0, 0, False, 4
192,0, 0, False, 4
193,0, 0, False, 4
194,0, 0, False, 4
195,0, 0, False, 4
196,0, 0, False, 4
197,0, 0, False, 4
198,0, 0, False, 4
199,0, 0, False, 4
200,0, 0, False, 12
201,0, 0, False, 12
202,0, 0, False, 12
203,0, 0, False, 4
204,0, 0, False, 4
205,0, 0, False, 4
206,0, 0, False, 12
207,0, 0, False, 12
208,0, 0, False, 1
209,0, 0, False, 1
210,0, 0, False, 3
211,0, 0, False, 3
212,0, 0, False, 3
213,0, 0, False, 3
214,0, 0, False, 3
215,0, 0, False, 3
216,0, 0, False, 3
217,0, 0, False, 3
218,0, 0, False, 3
219,0, 0, False, 3
220,0, 0, False, 3
221,0, 0, False, 3
222,0, 0, False, 3
223,0, 0, False, 3
224,0, 0, False, 3
225,0, 0, False, 3
226,0, 0, False, 3
227,0, 0, False, 3
228,0, 0, False, 3
229,0, 0, False, 3
230,0, 0, False, 3
231,0, 0, False, 3
232,0, 0, False, 3
233,0, 0, False, 3
234,0, 0, False, 3
235,0, 0, False, 3
236,0, 0, False, 3
237,0, 0, False, 3
238,0, 0, False, 3
239,0, 0, False, 3
240,0, 0, False, 3
241,0, 0, False, 3
242,0, 0, False, 3
243,0, 0, False, 3
244,0, 0, False, 3
245,0, 0, False, 3
246,0, 0, False, 3
247,0, 0, False, 3
248,0, 0, False, 3
249,0, 0, False, 3
250,0, 0, False, 11
251,0, 0, False, 11
252,0, 0, False, 11
253,0, 0, False, 11
254,0, 0, False, 3
255,0, 0, False, 3
256,0, 0, False, 3
257,0, 0, False, 3
258,0, 0, False, 3
259,0, 0, False, 3
260,0, 0, False, 3
261,0, 0, False, 3
262,0, 0, False, 11
263,0, 0, False, 11
264,0, 0, False, 11
265,0, 0, False, 3
266,0, 0, False, 3
267,0, 0, False, 3
268,0, 0, False, 3
269,0, 0, False, 0
270,0, 0, False, 0
271,0, 0, False, 0
272,0, 0, False, 0
273,0, 0, False, 0
274,0, 0, False, 0
275,0, 0, False, 0
276,0, 0, False, 1
277,0, 0, False, 1
278,0, 0, False, 1
279,0, 0, False, 1
280,0, 0, False, 1
281,0, 0, False, 1
282,0, 0, False, 0
283,0, 0, False, 0
284,0, 0, False, 0
285,0, 0, False, 0
286,0, 0, False, 0
287,0, 0, False, 0
288,0, 0, False, 0
289,0, 0, False, 0
290,0, 0, False, 0
291,0, 0, False, 0
292,0, 0, False, 0
293,0, 0, False, 0
294,0, 0, False, 0
295,0, 0, False, 0
296,0, 0, False, 0
297,0, 0, False, 0
298,0, 0, False, 0
299,0, 0, False, 0
300,0, 0, False, 0
301,0, 0, False, 0
302,0, 0, False, 0
303,0, 0, False, 0
304,0, 0, False, 0
305,0, 0, False, 0
306,0, 0, False, 0
307,0, 0, False, 0
308,0, 0, False, 0
309,0, 0, False, 0
310,0, 0, False, 0
311,0, 0, False, 0
312,0, 0, False, 0
313,0, 0, False, 0
314,0, 0, False, 0
315,0, 0, False, 0
316,0, 0, False, 0
317,0, 0, False, 0
318,0, 0, False, 0
319,0, 0, False, 2
320,0, 0, False, 2
321,0, 0, False, 2
322,0, 0, False, 2
323,0, 0, False, 2
324,0, 0, False, 2
325,0, 0, False, 2
326,0, 0, False, 2
327,0, 0, False, 2
328,0, 0, False, 2
329,0, 0, False, 2
330,0, 0, False, 2
331,0, 0, False, 2
332,0, 0, False, 0
333,0, 0, False, 0
334,0, 0, False, 0
335,0, 0, False, 0
336,0, 0, False, 0
337,0, 0, False, 0
338,0, 0, False, 0
339,0, 0, False, 3
340,0, 0, False, 3
341,0, 0, False, 3
342,0, 0, False, 3
343,0, 0, False, 0
344,0, 0, False, 0
345,0, 0, False, 0
346,0, 0, False, 0
347,0, 0, False, 0
348,0, 0, False, 0
349,0, 0, False, 0
350,0, 0, False, 0
351,0, 0, False, 0
352,0, 0, False, 0
353,0, 0, False, 0
354,0, 0, False, 0
355,0, 0, False, 0
356,0, 0, False, 0
357,0, 0, False, 0
358,0, 0, False, 0
359,0, 0, False, 0
360,0, 0, False, 0
361,0, 0, False, 0
362,0, 0, False, 3
363,0, 0, False, 3
364,0, 0, False, 3
365,0, 0, False, 3
366,0, 0, False, 3
367,0, 0, False, 3
368,0, 0, False, 3
369,0, 0, False, 3
370,0, 0, False, 3
371,0, 0, False, 3
372,0, 0, False, 3
373,0, 0, False, 3
374,0, 0, False, 3
375,0, 0, False, 3
376,0, 0, False, 3
377,0, 0, False, 3
378,0, 0, False, 3
379,0, 0, False, 3
380,0, 0, False, 3
381,0, 0, False, 3
382,0, 0, False, 3
383,0, 0, False, 3
384,0, 0, False, 3
385,0, 0, False, 3
386,0, 0, False, 3
387,0, 0, False, 3
388,0, 0, False, 3
389,0, 0, False, 3
390,0, 0, False, 3
391,0, 0, False, 3
392,0, 0, False, 3
393,0, 0, False, 3
394,0, 0, False, 3
395,0, 0, False, 3
396,0, 0, False, 3
397,0, 0, False, 3
398,0, 0, False, 3
399,0, 0, False, 3
400,0, 0, False, 0
401,0, 0, False, 0
402,0, 0, False, 0
403,0, 0, False, 0
404,0, 0, False, 0
405,0, 0, False, 1
406,0, 0, False, 1
407,0, 0, False, 0
408,0, 0, False, 0
409,0, 0, False, 0
410,0, 0, False, 1
411,0, 0, False, 1
412,0, 0, False, 1
413,0, 0, False, 0
414,0, 0, False, 0
415,0, 0, False, 0
416,0, 0, False, 0
417,0, 0, False, 0
418,0, 0, False, 0
419,0, 0, False, 0
420,0, 0, False, 0
421,0, 0, False, 0
422,0, 0, False, 0
423,0, 0, False, 0
424,0, 0, False, 0
425,0, 0, False, 0
426,0, 0, False, 0
427,0, 0, False, 0
428,0, 0, False, 0
429,0, 0, False, 0
430,0, 0, False, 0
431,0, 0, False, 0
432,0, 0, False, 0
433,0, 0, False, 0
434,0, 0, False, 0
435,0, 0, False, 0
436,0, 0, False, 0
437,0, 0, False, 0
438,0, 0, False, 0
439,0, 0, False, 0
440,0, 0, False, 0
441,0, 0, False, 0
442,0, 0, False, 0
443,0, 0, False, 0
444,0, 0, False, 0
445,0, 0, False, 1
446,0, 0, False, 1
447,0, 0, False, 1
448,0, 0, False, 1
449,0, 0, False, 1
450,0, 0, False, 0
451,15, 15, False, 0
452,0, 15, False, 0
453,0, 15, False, 0
454,0, 15, False, 0
455,0, 15, False, 0
456,0, 15, False, 0
457,0, 15, False, 0
458,0, 15, False, 0
459,0, 15, False, 0
460,0, 15, False, 0
461,0, 15, False, 0
462,0, 15, False, 0
463,0, 15, False, 0
464,0, 15, False, 1
465,0, 15, False, 1
466,0, 15, False, 1
467,0, 15, False, 1
468,0, 15, False, 1
469,0, 15, False, 0
470,0, 15, False, 0
471,0, 15, False, 0
472,0, 15, False, 0
473,0, 15, False, 0
474,0, 15, False, 0
475,0, 15, False, 0
476,0, 15, False, 0
477,0, 15, False, 0
478,0, 15, False, 0
479,0, 15, False, 0
480,0, 15, False, 0
481,0, 15, False, 0
482,0, 15, False, 0
483,0, 15, False, 0
484,0, 15, False, 0
485,0, 15, False, 0
486,0, 15, False, 0
487,0, 15, False, 0
488,0, 15, False, 0
489,0, 15, False, 0
490,0, 15, False, 0
491,5, 20, False, 0
492,0, 20, False, 0
493,0, 20, False, 0
494,0, 20, False, 0
495,0, 20, False, 1
496,0, 20, False, 1
497,0, 20, False, 1
498,0, 20, False, 1
499,0, 20, False, 1
500,0, 20, False, 1
501,0, 20, False, 0
502,0, 20, False, 0
503,0, 20, False, 0
504,0, 20, False, 0
505,0, 20, False, 0
506,0, 20, False, 0
507,0, 20, False, 3
508,0, 20, False, 3
509,0, 20, False, 3
510,0, 20, False, 3
511,0, 20, False, 3
512,0, 20, False, 3
513,0, 20, False, 3
514,0, 20, False, 3
515,0, 20, False, 3
516,0, 20, False, 3
517,0, 20, False, 3
518,0, 20, False, 3
519,0, 20, False, 3
520,0, 20, False, 3
521,0, 20, False, 0
522,0, 20, False, 0
523,0, 20, False, 0
524,0, 20, False, 0
525,0, 20, False, 0
526,0, 20, False, 0
527,0, 20, False, 0
528,0, 20, False, 0
529,10, 30, False, 0
530,0, 30, False, 0
531,0, 30, False, 0
532,0, 30, False, 0
533,0, 30, False, 4
534,0, 30, False, 4
535,0, 30, False, 4
536,0, 30, False, 4
537,0, 30, False, 4
538,0, 30, False, 0
539,0, 30, False, 0
540,0, 30, False, 0
541,0, 30, False, 0
542,0, 30, False, 0
543,0, 30, False, 0
544,0, 30, False, 0
545,0, 30, False, 3
546,0, 30, False, 3
547,0, 30, False, 3
548,0, 30, False, 3
549,0, 30, False, 3
550,0, 30, False, 3
551,0, 30, False, 3
552,0, 30, False, 3
553,0, 30, False, 3
554,0, 30, False, 3
555,0, 30, False, 3
556,0, 30, False, 3
557,0, 30, False, 0
558,0, 30, False, 4
559,0, 30, False, 4
560,0, 30, False, 4
561,0, 30, False, 4
562,0, 30, False, 4
563,0, 30, False, 4
564,0, 30, False, 4
565,0, 30, False, 4
566,0, 30, False, 4
567,0, 30, False, 4
568,0, 30, False, 4
569,0, 30, False, 4
570,0, 30, False, 4
571,0, 30, False, 4
572,0, 30, False, 4
573,0, 30, False, 4
574,0, 30, False, 1
575,0, 30, False, 1
576,0, 30, False, 1
577,0, 30, False, 1
578,0, 30, False, 0
579,0, 30, False, 0
580,0, 30, False, 0
581,0, 30, False, 0
582,0, 30, False, 0
583,0, 30, False, 0
584,0, 30, False, 0
585,0, 30, False, 0
586,0, 30, False, 0
587,0, 30, False, 0
588,0, 30, False, 0
589,0, 30, False, 0
590,0, 30, False, 0
591,0, 30, False, 0
592,0, 30, False, 1
593,0, 30, False, 1
594,0, 30, False, 1
595,0, 30, False, 1
596,0, 30, False, 1
597,0, 30, False, 0
598,0, 30, False, 0
599,0, 30, False, 0
600,0, 30, False, 0
601,0, 30, False, 0
602,0, 30, False, 0
603,0, 30, False, 0
604,0, 30, False, 0
605,0, 30, False, 0
606,0, 30, False, 0
607,0, 30, False, 0
608,0, 30, False, 1
609,0, 30, False, 1
610,0, 30, False, 1
611,0, 30, False, 1
612,0, 30, False, 0
613,0, 30, False, 0
614,0, 30, False, 0
615,0, 30, False, 0
616,0, 30, False, 0
617,0, 30, False, 0
618,0, 30, False, 0
619,0, 30, False, 0
620,0, 30, False, 0
621,0, 30, False, 0
622,0, 30, False, 0
623,0, 30, False, 0
624,0, 30, False, 0
625,0, 30, False, 0
626,0, 30, False, 0
627,20, 50, False, 0
628,0, 50, False, 0
629,0, 50, False, 0
630,0, 50, False, 0
631,0, 50, False, 0
632,0, 50, False, 1
633,0, 50, False, 1
634,0, 50, False, 1
635,0, 50, False, 0
636,0, 50, False, 0
637,0, 50, False, 0
638,0, 50, False, 0
639,0, 50, False, 0
640,0, 50, False, 0
641,0, 50, False, 0
642,0, 50, False, 0
643,0, 50, False, 0
644,0, 50, False, 0
645,0, 50, False, 0
646,0, 50, False, 0
647,0, 50, False, 0
648,0, 50, False, 0
649,0, 50, False, 0
650,0, 50, False, 0
651,0, 50, False, 0
652,0, 50, False, 0
653,0, 50, False, 0
654,0, 50, False, 0
655,0, 50, False, 0
656,0, 50, False, 0
657,0, 50, False, 0
658,0, 50, False, 0
659,0, 50, False, 0
660,0, 50, False, 0
661,0, 50, False, 0
662,0, 50, False, 0
663,0, 50, False, 0
664,0, 50, False, 0
665,0, 50, False, 0
666,0, 50, False, 0
667,0, 50, False, 0
668,0, 50, False, 0
669,0, 50, False, 3
670,0, 50, False, 3
671,0, 50, False, 3
672,0, 50, False, 3
673,0, 50, False, 3
674,0, 50, False, 0
675,0, 50, False, 0
676,0, 50, False, 0
677,0, 50, False, 0
678,0, 50, False, 0
679,0, 50, False, 0
680,0, 50, False, 0
681,0, 50, False, 0
682,0, 50, False, 0
683,0, 50, False, 0
684,0, 50, False, 0
685,0, 50, False, 0
686,0, 50, False, 0
687,0, 50, False, 0
688,0, 50, False, 0
689,0, 50, False, 0
690,0, 50, False, 0
691,0, 50, False, 0
692,0, 50, False, 0
693,25, 75, False, 0
694,0, 75, False, 0
695,0, 75, False, 0
696,0, 75, False, 0
697,0, 75, False, 0
698,0, 75, False, 1
699,0, 75, False, 1
700,0, 75, False, 1
701,0, 75, False, 0
702,0, 75, False, 0
703,0, 75, False, 0
704,0, 75, False, 0
705,0, 75, False, 0
706,0, 75, False, 0
707,0, 75, False, 0
708,0, 75, False, 0
709,0, 75, False, 0
710,0, 75, False, 0
711,0, 75, False, 0
712,0, 75, False, 0
713,0, 75, False, 0
714,0, 75, False, 0
715,0, 75, False, 0
716,0, 75, False, 0
717,0, 75, False, 0
718,0, 75, False, 0
719,0, 75, False, 0
720,0, 75, False, 0
721,0, 75, False, 0
722,0, 75, False, 0
723,0, 75, False, 0
724,0, 75, False, 0
725,0, 75, False, 0
726,0, 75, False, 0
727,0, 75, False, 0
728,0, 75, False, 0
729,0, 75, False, 0
730,0, 75, False, 0
731,0, 75, False, 0
732,0, 75, False, 0
733,0, 75, False, 0
734,0, 75, False, 0
735,0, 75, False, 0
736,0, 75, False, 0
737,0, 75, False, 0
738,0, 75, False, 0
739,0, 75, False, 0
740,0, 75, False, 0
741,0, 75, False, 0
742,0, 75, False, 0
743,0, 75, False, 0
744,0, 75, False, 0
745,0, 75, False, 0
746,0, 75, False, 0
747,0, 75, False, 0
748,0, 75, False, 3
749,0, 75, False, 3
750,0, 75, False, 3
751,0, 75, False, 3
752,0, 75, False, 3
753,0, 75, False, 0
754,0, 75, False, 0
755,0, 75, False, 0
756,0, 75, False, 0
757,0, 75, False, 1
758,0, 75, False, 1
759,0, 75, False, 0
760,0, 75, False, 0
761,0, 75, False, 0
762,0, 75, False, 0
763,0, 75, False, 0
764,0, 75, False, 0
765,0, 75, False, 0
766,0, 75, False, 0
767,0, 75, False, 0
768,0, 75, False, 0
769,30, 105, False, 0
770,0, 105, False, 0
771,0, 105, False, 0
772,0, 105, False, 0
773,0, 105, False, 0
774,0, 105, False, 0
775,0, 105, False, 0
776,0, 105, False, 0
777,0, 105, False, 0
778,0, 105, False, 0
779,0, 105, False, 0
780,0, 105, False, 0
781,0, 105, False, 1
782,0, 105, False, 1
783,0, 105, False, 1
784,0, 105, False, 1
785,0, 105, False, 1
786,0, 105, False, 1
787,0, 105, False, 0
788,0, 105, False, 0
789,0, 105, False, 0
790,0, 105, False, 0
791,0, 105, False, 0
792,0, 105, False, 0
793,0, 105, False, 0
794,0, 105, False, 0
795,0, 105, False, 0
796,0, 105, False, 3
797,0, 105, False, 3
798,0, 105, False, 3
799,0, 105, False, 3
800,0, 105, False, 3
801,0, 105, False, 3
802,0, 105, False, 3
803,0, 105, False, 3
804,0, 105, False, 3
805,0, 105, False, 3
806,0, 105, False, 3
807,0, 105, False, 3
808,0, 105, False, 3
809,0, 105, False, 3
810,0, 105, False, 3
811,0, 105, False, 3
812,0, 105, False, 3
813,0, 105, False, 3
814,0, 105, False, 3
815,0, 105, False, 3
816,0, 105, False, 3
817,0, 105, False, 3
818,0, 105, False, 3
819,0, 105, False, 3
820,0, 105, False, 3
821,0, 105, False, 3
822,0, 105, False, 0
823,0, 105, False, 0
824,0, 105, False, 0
825,0, 105, False, 0
826,0, 105, False, 0
827,0, 105, False, 0
828,0, 105, False, 0
829,0, 105, False, 3
830,0, 105, False, 3
831,0, 105, False, 3
832,0, 105, False, 3
833,0, 105, False, 3
834,0, 105, False, 3
835,0, 105, False, 3
836,0, 105, False, 3
837,0, 105, False, 3
838,0, 105, False, 3
839,0, 105, False, 3
840,0, 105, False, 3
841,0, 105, False, 3
842,0, 105, False, 3
843,0, 105, False, 3
844,0, 105, False, 3
845,0, 105, False, 3
846,0, 105, False, 3
847,0, 105, False, 3
848,0, 105, False, 3
849,0, 105, False, 3
850,0, 105, False, 3
851,0, 105, False, 3
852,0, 105, False, 3
853,0, 105, False, 3
854,0, 105, False, 3
855,0, 105, False, 3
856,0, 105, False, 3
857,0, 105, False, 3
858,0, 105, False, 3
859,0, 105, False, 3
860,0, 105, False, 3
861,0, 105, False, 3
862,0, 105, False, 3
863,0, 105, False, 3
864,0, 105, False, 3
865,0, 105, False, 3
866,0, 105, False, 0
867,0, 105, False, 0
868,0, 105, False, 0
869,0, 105, False, 0
870,0, 105, False, 0
871,0, 105, False, 0
872,0, 105, False, 0
873,0, 105, False, 0
874,0, 105, False, 4
875,0, 105, False, 0
876,0, 105, False, 0
877,0, 105, False, 0
878,0, 105, False, 0
879,0, 105, False, 0
880,0, 105, False, 0
881,0, 105, False, 0
882,0, 105, False, 3
883,0, 105, False, 3
884,0, 105, False, 3
885,0, 105, False, 3
886,0, 105, False, 3
887,0, 105, False, 3
888,0, 105, False, 3
889,0, 105, False, 3
890,0, 105, False, 3
891,0, 105, False, 3
892,0, 105, False, 1
893,0, 105, False, 1
894,0, 105, False, 1
895,0, 105, False, 1
896,0, 105, False, 0
897,0, 105, False, 0
898,0, 105, False, 0
899,0, 105, False, 0
900,0, 105, False, 0
901,0, 105, False, 0
902,0, 105, False, 0
903,0, 105, False, 0
904,0, 105, False, 0
905,0, 105, False, 0
906,0, 105, False, 0
907,0, 105, False, 0
908,0, 105, False, 0
909,0, 105, False, 0
910,0, 105, False, 0
911,0, 105, False, 0
912,0, 105, False, 0
913,0, 105, False, 0
914,0, 105, False, 0
915,0, 105, False, 1
916,0, 105, False, 1
917,0, 105, False, 1
918,0, 105, False, 1
919,0, 105, False, 0
920,0, 105, False, 0
921,0, 105, False, 0
922,0, 105, False, 0
923,0, 105, False, 4
924,0, 105, False, 4
925,0, 105, False, 4
926,0, 105, False, 4
927,0, 105, False, 4
928,0, 105, False, 4
929,0, 105, False, 4
930,0, 105, False, 4
931,0, 105, False, 4
932,0, 105, False, 4
933,0, 105, False, 4
934,0, 105, False, 4
935,0, 105, False, 4
936,0, 105, False, 4
937,0, 105, False, 4
938,0, 105, False, 4
939,0, 105, False, 4
940,0, 105, False, 4
941,0, 105, False, 4
942,0, 105, False, 4
943,0, 105, False, 4
944,0, 105, False, 4
945,0, 105, False, 4
946,0, 105, False, 4
947,0, 105, False, 4
948,0, 105, False, 4
949,0, 105, False, 4
950,0, 105, False, 4
951,0, 105, False, 4
952,0, 105, False, 4
953,0, 105, False, 4
954,0, 105, False, 4
955,0, 105, False, 4
956,0, 105, False, 4
957,0, 105, False, 4
958,0, 105, False, 4
959,0, 105, False, 4
960,0, 105, False, 4
961,30, 135, False, 4
962,0, 135, False, 4
963,0, 135, False, 4
964,0, 135, False, 4
965,0, 135, False, 4
966,0, 135, False, 4
967,0, 135, False, 4
968,0, 135, False, 4
969,0, 135, False, 4
970,0, 135, False, 4
971,0, 135, False, 4
972,0, 135, False, 4
973,0, 135, False, 4
974,0, 135, False, 4
975,0, 135, False, 4
976,0, 135, False, 4
977,0, 135, False, 4
978,0, 135, False, 4
979,0, 135, False, 4
980,0, 135, False, 4
981,0, 135, False, 4
982,0, 135, False, 4
983,0, 135, False, 4
984,0, 135, False, 4
985,0, 135, False, 4
986,0, 135, False, 4
987,0, 135, False, 4
988,0, 135, False, 4
989,0, 135, False, 4
990,0, 135, False, 4
991,0, 135, False, 12
992,0, 135, False, 12
993,0, 135, False, 1
994,0, 135, False, 0
995,0, 135, False, 0
996,0, 135, False, 0
997,0, 135, False, 0
998,0, 135, False, 1
999,0, 135, False, 1
1000,0, 135, False, 1
1001,0, 135, False, 1
1002,0, 135, False, 0
1003,0, 135, False, 0
1004,0, 135, False, 0
1005,0, 135, False, 0
1006,0, 135, False, 0
1007,0, 135, False, 0
1008,0, 135, False, 0
1009,0, 135, False, 0
1010,0, 135, False, 0
1011,0, 135, False, 0
1012,0, 135, False, 1
1013,5, 140, False, 1
1014,0, 140, False, 1
1015,0, 140, False, 0
1016,0, 140, False, 0
1017,0, 140, False, 0
1018,0, 140, False, 0
1019,0, 140, False, 1
1020,0, 140, False, 1
1021,0, 140, False, 1
1022,0, 140, False, 1
1023,0, 140, False, 0
1024,0, 140, False, 0
1025,0, 140, False, 0
1026,0, 140, False, 1
1027,0, 140, False, 1
1028,0, 140, False, 1
1029,0, 140, False, 1
1030,0, 140, False, 0
1031,0, 140, False, 0
1032,0, 140, False, 0
1033,0, 140, False, 0
1034,0, 140, False, 0
1035,0, 140, False, 1
1036,0, 140, False, 1
1037,0, 140, False, 1
1038,0, 140, False, 0
1039,0, 140, False, 0
1040,0, 140, False, 0
1041,0, 140, False, 0
1042,0, 140, False, 0
1043,10, 150, False, 0
1044,0, 150, False, 0
1045,0, 150, False, 0
1046,0, 150, False, 0
1047,0, 150, False, 1
1048,0, 150, False, 1
1049,0, 150, False, 1
1050,0, 150, False, 1
1051,0, 150, False, 0
1052,0, 150, False, 0
1053,0, 150, False, 0
1054,0, 150, False, 1
1055,0, 150, False, 1
1056,0, 150, False, 1
1057,0, 150, False, 1
1058,0, 150, False, 0
1059,0, 150, False, 0
1060,0, 150, False, 0
1061,0, 150, False, 4
1062,0, 150, False, 4
1063,0, 150, False, 4
1064,0, 150, False, 4
1065,0, 150, False, 4
1066,0, 150, False, 4
1067,0, 150, False, 4
1068,0, 150, False, 4
1069,0, 150, False, 4
1070,0, 150, False, 4
1071,0, 150, False, 4
1072,0, 150, False, 4
1073,0, 150, False, 4
1074,0, 150, False, 4
1075,0, 150, False, 4
1076,0, 150, False, 4
1077,0, 150, False, 4
1078,0, 150, False, 4
1079,0, 150, False, 4
1080,0, 150, False, 4
1081,0, 150, False, 4
1082,0, 150, False, 4
1083,0, 150, False, 4
1084,0, 150, False, 4
1085,15, 165, False, 4
1086,0, 165, False, 4
1087,0, 165, False, 4
1088,0, 165, False, 4
1089,0, 165, False, 4
1090,0, 165, False, 4
1091,0, 165, False, 4
1092,0, 165, False, 4
1093,0, 165, False, 4
1094,0, 165, False, 4
1095,0, 165, False, 4
1096,0, 165, False, 4
1097,0, 165, False, 4
1098,0, 165, False, 4
1099,0, 165, False, 4
1100,0, 165, False, 12
1101,0, 165, False, 12
1102,0, 165, False, 12
1103,0, 165, False, 12
1104,0, 165, False, 4
1105,0, 165, False, 0
1106,0, 165, False, 0
1107,0, 165, False, 1
1108,0, 165, False, 1
1109,0, 165, False, 1
1110,0, 165, False, 1
1111,0, 165, False, 0
1112,0, 165, False, 0
1113,0, 165, False, 0
1114,0, 165, False, 1
1115,0, 165, False, 1
1116,0, 165, False, 1
1117,0, 165, False, 0
1118,0, 165, False, 0
1119,5, 170, False, 0
1120,0, 170, False, 0
1121,0, 170, False, 1
1122,0, 170, False, 1
1123,0, 170, False, 0
1124,0, 170, False, 0
1125,0, 170, False, 0
1126,0, 170, False, 0
1127,0, 170, False, 1
1128,0, 170, False, 1
1129,0, 170, False, 1
1130,0, 170, False, 0
1131,0, 170, False, 0
1132,0, 170, False, 0
1133,0, 170, False, 0
1134,0, 170, False, 1
1135,0, 170, False, 1
1136,0, 170, False, 1
1137,0, 170, False, 1
1138,0, 170, False, 0
1139,0, 170, False, 0
1140,0, 170, False, 0
1141,0, 170, False, 0
1142,0, 170, False, 0
1143,0, 170, False, 0
1144,0, 170, False, 0
1145,0, 170, False, 0
1146,0, 170, False, 1
1147,0, 170, False, 1
1148,0, 170, False, 1
1149,0, 170, False, 1
1150,0, 170, False, 0
1151,10, 180, False, 0
1152,0, 180, False, 0
1153,0, 180, False, 0
1154,0, 180, False, 0
1155,0, 180, False, 1
1156,0, 180, False, 1
1157,0, 180, False, 1
1158,0, 180, False, 0
1159,0, 180, False, 0
1160,0, 180, False, 0
1161,0, 180, False, 0
1162,0, 180, False, 0
1163,0, 180, False, 0
1164,0, 180, False, 1
1165,0, 180, False, 1
1166,0, 180, False, 1
1167,0, 180, False, 1
1168,0, 180, False, 0
1169,0, 180, False, 0
1170,0, 180, False, 4
1171,0, 180, False, 4
1172,0, 180, False, 4
1173,0, 180, False, 4
1174,0, 180, False, 4
1175,0, 180, False, 12
1176,0, 180, False, 12
1177,0, 180, False, 12
1178,0, 180, False, 0
1179,0, 180, False, 0
1180,0, 180, False, 0
1181,0, 180, False, 0
1182,0, 180, False, 0
1183,0, 180, False, 1
1184,0, 180, False, 1
1185,0, 180, False, 1
1186,0, 180, False, 0
1187,0, 180, False, 0
1188,0, 180, False, 0
1189,0, 180, False, 0
1190,0, 180, False, 1
1191,0, 180, False, 1
1192,0, 180, False, 1
1193,0, 180, False, 0
1194,0, 180, False, 0
1195,15, 195, False, 0
1196,0, 195, False, 1
1197,0, 195, False, 1
1198,0, 195, False, 1
1199,0, 195, False, 0
1200,0, 195, False, 0
1201,0, 195, False, 0
1202,0, 195, False, 1
1203,0, 195, False, 1
1204,0, 195, False, 0
1205,0, 195, False, 0
1206,0, 195, False, 0
1207,0, 195, False, 1
1208,0, 195, False, 1
1209,0, 195, False, 1
1210,0, 195, False, 0
1211,0, 195, False, 0
1212,0, 195, False, 0
1213,0, 195, False, 1
1214,0, 195, False, 1
1215,0, 195, False, 1
1216,0, 195, False, 0
1217,0, 195, False, 0
1218,0, 195, False, 0
1219,0, 195, False, 0
1220,0, 195, False, 1
1221,0, 195, False, 1
1222,0, 195, False, 1
1223,0, 195, False, 0
1224,0, 195, False, 0
1225,0, 195, False, 0
1226,0, 195, False, 0
1227,0, 195, False, 1
1228,0, 195, False, 1
1229,0, 195, False, 0
1230,0, 195, False, 0
1231,0, 195, False, 0
1232,0, 195, False, 1
1233,0, 195, False, 1
1234,0, 195, False, 1
1235,0, 195, False, 0
1236,0, 195, False, 0
1237,0, 195, False, 0
1238,0, 195, False, 1
1239,0, 195, False, 1
1240,0, 195, False, 0
1241,0, 195, False, 0
1242,0, 195, False, 0
1243,20, 215, False, 0
1244,0, 215, False, 1
1245,0, 215, False, 1
1246,0, 215, False, 0
1247,0, 215, False, 0
1248,0, 215, False, 0
1249,0, 215, False, 1
1250,0, 215, False, 1
1251,0, 215, False, 3
1252,0, 215, False, 3
1253,0, 215, False, 3
1254,0, 215, False, 3
1255,0, 215, False, 3
1256,0, 215, False, 3
1257,0, 215, False, 3
1258,0, 215, False, 3
1259,0, 215, False, 3
1260,0, 215, False, 3
1261,0, 215, False, 3
1262,0, 215, False, 3
1263,0, 215, False, 3
1264,0, 215, False, 3
1265,0, 215, False, 3
1266,0, 215, False, 3
1267,0, 215, False, 3
1268,0, 215, False, 3
1269,0, 215, False, 3
1270,0, 215, False, 3
1271,0, 215, False, 3
1272,0, 215, False, 3
1273,0, 215, False, 3
1274,0, 215, False, 3
1275,0, 215, False, 3
1276,0, 215, False, 3
1277,0, 215, False, 3
1278,0, 215, False, 3
1279,0, 215, False, 3
1280,0, 215, False, 3
1281,0, 215, False, 3
1282,0, 215, False, 3
1283,0, 215, False, 3
1284,0, 215, False, 3
1285,0, 215, False, 3
1286,0, 215, False, 3
1287,0, 215, False, 3
1288,0, 215, False, 3
1289,0, 215, False, 3
1290,0, 215, False, 0
1291,0, 215, False, 0
1292,0, 215, False, 4
1293,0, 215, False, 4
1294,0, 215, False, 4
1295,0, 215, False, 4
1296,0, 215, False, 4
1297,0, 215, False, 4
1298,0, 215, False, 4
1299,25, 240, False, 4
1300,0, 240, False, 4
1301,0, 240, False, 4
1302,0, 240, False, 4
1303,0, 240, False, 4
1304,0, 240, False, 4
1305,0, 240, False, 4
1306,0, 240, False, 4
1307,0, 240, False, 4
1308,0, 240, False, 4
1309,0, 240, False, 4
1310,0, 240, False, 4
1311,0, 240, False, 4
1312,0, 240, False, 4
1313,0, 240, False, 4
1314,0, 240, False, 4
1315,0, 240, False, 4
1316,0, 240, False, 4
1317,0, 240, False, 4
1318,0, 240, False, 4
1319,0, 240, False, 4
1320,0, 240, False, 4
1321,0, 240, False, 4
1322,0, 240, False, 4
1323,0, 240, False, 4
1324,0, 240, False, 4
1325,0, 240, False, 4
1326,0, 240, False, 4
1327,0, 240, False, 4
1328,0, 240, False, 4
1329,0, 240, False, 4
1330,0, 240, False, 4
1331,0, 240, False, 4
1332,0, 240, False, 4
1333,0, 240, False, 12
1334,0, 240, False, 1
1335,0, 240, False, 1
1336,0, 240, False, 0
1337,0, 240, False, 0
1338,0, 240, False, 0
1339,0, 240, False, 3
1340,0, 240, False, 11
1341,0, 240, False, 11
1342,0, 240, False, 11
1343,0, 240, False, 3
1344,0, 240, False, 3
1345,0, 240, False, 3
1346,0, 240, False, 3
1347,0, 240, False, 11
1348,0, 240, False, 11
1349,0, 240, False, 3
1350,0, 240, False, 0
1351,0, 240, False, 0
1352,0, 240, False, 0
1353,0, 240, False, 0
1354,0, 240, False, 1
1355,0, 240, False, 1
1356,0, 240, False, 1
1357,0, 240, False, 0
1358,0, 240, False, 0
1359,0, 240, False, 0
1360,0, 240, False, 0
1361,0, 240, False, 1
1362,0, 240, False, 12
1363,0, 240, False, 4
1364,0, 240, False, 4
1365,0, 240, False, 4
1366,0, 240, False, 0
1367,0, 240, False, 0
1368,0, 240, False, 0
1369,0, 240, False, 0
1370,0, 240, False, 0
1371,0, 240, False, 0
1372,0, 240, False, 0
1373,0, 240, False, 0
1374,0, 240, False, 0
1375,0, 240, False, 0
1376,0, 240, False, 1
1377,0, 240, False, 1
1378,0, 240, False, 0
1379,0, 240, False, 0
1380,0, 240, False, 0
1381,0, 240, False, 0
1382,0, 240, False, 1
1383,0, 240, False, 1
1384,0, 240, False, 1
1385,0, 240, False, 0
1386,0, 240, False, 0
1387,0, 240, False, 0
1388,0, 240, False, 1
1389,0, 240, False, 1
1390,0, 240, False, 1
1391,0, 240, False, 1
1392,0, 240, False, 0
1393,0, 240, False, 0
1394,0, 240, False, 0
1395,0, 240, False, 0
1396,0, 240, False, 0
1397,0, 240, False, 0
1398,0, 240, False, 0
1399,0, 240, False, 0
1400,0, 240, False, 1
1401,0, 240, False, 1
1402,0, 240, False, 0
1403,0, 240, False, 0
1404,0, 240, False, 0
1405,0, 240, False, 0
1406,0, 240, False, 1
1407,0, 240, False, 1
1408,0, 240, False, 0
1409,0, 240, False, 0
1410,0, 240, False, 0
1411,0, 240, False, 1
1412,0, 240, False, 0
1413,0, 240, False, 0
1414,0, 240, False, 0
1415,0, 240, False, 3
1416,0, 240, False, 3
1417,0, 240, False, 3
1418,0, 240, False, 3
1419,0, 240, False, 3
1420,0, 240, False, 1
1421,0, 240, False, 1
1422,0, 240, False, 1
1423,0, 240, False, 0
1424,0, 240, False, 0
1425,0, 240, False, 0
1426,0, 240, False, 1
1427,0, 240, False, 1
1428,0, 240, False, 1
1429,0, 240, False, 0
1430,0, 240, False, 0
1431,0, 240, False, 0
1432,0, 240, False, 0
1433,0, 240, False, 0
1434,0, 240, False, 0
1435,0, 240, False, 0
1436,0, 240, False, 0
1437,0, 240, False, 0
1438,0, 240, False, 0
1439,0, 240, False, 0
1440,0, 240, False, 1
1441,0, 240, False, 1
1442,0, 240, False, 1
1443,0, 240, False, 1
1444,0, 240, False, 0
1445,0, 240, False, 0
1446,0, 240, False, 0
1447,0, 240, False, 0
1448,0, 240, False, 0
1449,0, 240, False, 0
1450,0, 240, False, 0
1451,0, 240, False, 0
1452,0, 240, False, 0
1453,0, 240, False, 0
1454,0, 240, False, 0
1455,0, 240, False, 0
1456,0, 240, False, 0
1457,0, 240, False, 0
1458,0, 240, False, 0
1459,0, 240, False, 0
1460,0, 240, False, 0
1461,0, 240, False, 0
1462,0, 240, False, 0
1463,0, 240, False, 0
1464,0, 240, False, 0
1465,0, 240, False, 0
1466,0, 240, False, 0
1467,0, 240, False, 0
1468,0, 240, False, 0
1469,0, 240, False, 0
1470,0, 240, False, 0
1471,0, 240, False, 0
1472,0, 240, False, 0
1473,0, 240, False, 0
1474,0, 240, False, 0
1475,0, 240, False, 0
1476,0, 240, False, 0
1477,0, 240, False, 0
1478,0, 240, False, 0
1479,0, 240, False, 0
1480,0, 240, False, 0
1481,0, 240, False, 0
1482,0, 240, False, 0
1483,0, 240, False, 0
1484,0, 240, False, 0
1485,0, 240, False, 0
1486,0, 240, False, 3
1487,0, 240, False, 3
1488,0, 240, False, 3
1489,0, 240, False, 3
1490,0, 240, False, 3
1491,0, 240, False, 3
1492,0, 240, False, 3
1493,0, 240, False, 0
1494,0, 240, False, 0
1495,0, 240, False, 4
1496,0, 240, False, 4
1497,0, 240, False, 4
1498,0, 240, False, 4
1499,0, 240, False, 4
1500,0, 240, False, 4
1501,0, 240, False, 4
1502,0, 240, False, 4
1503,0, 240, False, 4
1504,0, 240, False, 4
1505,0, 240, False, 4
1506,0, 240, False, 4
1507,0, 240, False, 4
1508,0, 240, False, 4
1509,0, 240, False, 1
1510,0, 240, False, 1
1511,0, 240, False, 11
1512,0, 240, False, 11
1513,0, 240, False, 3
1514,0, 240, False, 3
1515,0, 240, False, 3
1516,0, 240, False, 3
1517,0, 240, False, 11
1518,0, 240, False, 11
1519,0, 240, False, 3
1520,0, 240, False, 3
1521,0, 240, False, 3
1522,0, 240, False, 3
1523,0, 240, False, 3
1524,0, 240, False, 3
1525,0, 240, False, 3
1526,0, 240, False, 3
1527,0, 240, False, 3
1528,0, 240, False, 3
1529,0, 240, False, 3
1530,0, 240, False, 0
1531,0, 240, False, 0
1532,0, 240, False, 0
1533,0, 240, False, 0
1534,0, 240, False, 0
1535,0, 240, False, 0
1536,0, 240, False, 0
1537,0, 240, False, 0
1538,0, 240, False, 0
1539,0, 240, False, 0
1540,0, 240, False, 0
1541,0, 240, False, 0
1542,0, 240, False, 0
1543,0, 240, False, 0
1544,0, 240, False, 0
1545,0, 240, False, 0
1546,0, 240, False, 0
1547,0, 240, False, 0
1548,0, 240, False, 0
1549,0, 240, False, 0
1550,0, 240, False, 0
1551,20, 260, False, 0
1552,0, 260, False, 0
1553,0, 260, False, 0
1554,0, 260, False, 0
1555,0, 260, False, 0
1556,0, 260, False, 0
1557,0, 260, False, 0
1558,0, 260, False, 0
1559,0, 260, False, 0
1560,0, 260, False, 4
1561,0, 260, False, 4
1562,0, 260, False, 4
1563,0, 260, False, 4
1564,0, 260, False, 4
1565,0, 260, False, 4
1566,0, 260, False, 4
1567,0, 260, False, 4
1568,0, 260, False, 4
1569,0, 260, False, 4
1570,0, 260, False, 4
1571,0, 260, False, 4
1572,0, 260, False, 0
1573,0, 260, False, 1
1574,0, 260, False, 1
1575,0, 260, False, 1
1576,0, 260, False, 11
1577,0, 260, False, 3
1578,0, 260, False, 3
1579,0, 260, False, 3
1580,0, 260, False, 3
1581,0, 260, False, 3
1582,0, 260, False, 0
1583,0, 260, False, 0
1584,0, 260, False, 0
1585,0, 260, False, 0
1586,0, 260, False, 0
1587,0, 260, False, 3
1588,0, 260, False, 3
1589,0, 260, False, 3
1590,0, 260, False, 3
1591,0, 260, False, 3
1592,0, 260, False, 3
1593,0, 260, False, 3
1594,0, 260, False, 3
1595,0, 260, False, 0
1596,0, 260, False, 0
1597,0, 260, False, 0
1598,0, 260, False, 0
1599,0, 260, False, 0
1600,0, 260, False, 0
1601,0, 260, False, 0
1602,0, 260, False, 0
1603,0, 260, False, 0
1604,0, 260, False, 0
1605,0, 260, False, 0
1606,0, 260, False, 0
1607,0, 260, False, 0
1608,0, 260, False, 0
1609,0, 260, False, 0
1610,0, 260, False, 0
1611,0, 260, False, 0
1612,0, 260, False, 0
1613,0, 260, False, 0
1614,0, 260, False, 0
1615,0, 260, False, 0
1616,0, 260, False, 0
1617,0, 260, False, 0
1618,0, 260, False, 0
1619,0, 260, False, 0
1620,0, 260, False, 1
1621,0, 260, False, 1
1622,0, 260, False, 1
1623,0, 260, False, 1
1624,0, 260, False, 0
1625,0, 260, False, 0
1626,0, 260, False, 0
1627,0, 260, False, 0
1628,0, 260, False, 0
1629,0, 260, False, 0
1630,0, 260, False, 0
1631,0, 260, False, 0
1632,0, 260, False, 0
1633,0, 260, False, 0
1634,0, 260, False, 0
1635,0, 260, False, 0
1636,0, 260, False, 0
1637,0, 260, False, 0
1638,0, 260, False, 0
1639,0, 260, False, 0
1640,0, 260, False, 0
1641,0, 260, False, 3
1642,0, 260, False, 3
1643,0, 260, False, 3
1644,0, 260, False, 3
1645,0, 260, False, 3
1646,0, 260, False, 3
1647,0, 260, False, 3
1648,0, 260, False, 3
1649,0, 260, False, 3
1650,0, 260, False, 3
1651,0, 260, False, 3
1652,0, 260, False, 3
1653,0, 260, False, 3
1654,0, 260, False, 3
1655,0, 260, False, 3
1656,0, 260, False, 3
1657,0, 260, False, 3
1658,0, 260, False, 3
1659,0, 260, False, 3
1660,0, 260, False, 3
1661,0, 260, False, 3
1662,0, 260, False, 3
1663,0, 260, False, 3
1664,0, 260, False, 3
1665,0, 260, False, 3
1666,0, 260, False, 3
1667,0, 260, False, 3
1668,0, 260, False, 3
1669,0, 260, False, 3
1670,0, 260, False, 3
1671,0, 260, False, 3
1672,0, 260, False, 3
1673,0, 260, False, 3
1674,0, 260, False, 3
1675,0, 260, False, 3
1676,0, 260, False, 3
1677,0, 260, False, 3
1678,0, 260, False, 3
1679,0, 260, False, 3
1680,0, 260, False, 3
1681,0, 260, False, 3
1682,0, 260, False, 3
1683,0, 260, False, 3
1684,0, 260, False, 3
1685,0, 260, False, 3
1686,0, 260, False, 3
1687,0, 260, False, 3
1688,0, 260, False, 3
1689,0, 260, False, 0
1690,0, 260, False, 0
1691,0, 260, False, 0
1692,0, 260, False, 4
1693,0, 260, False, 4
1694,0, 260, False, 4
1695,0, 260, False, 4
1696,0, 260, False, 4
1697,0, 260, False, 4
1698,0, 260, False, 4
1699,0, 260, False, 4
1700,0, 260, False, 4
1701,0, 260, False, 4
1702,0, 260, False, 4
1703,0, 260, False, 4
1704,0, 260, False, 4
1705,0, 260, False, 4
1706,0, 260, False, 4
1707,0, 260, False, 4
1708,0, 260, False, 4
1709,0, 260, False, 4
1710,0, 260, False, 4
1711,0, 260, False, 4
1712,0, 260, False, 4
1713,0, 260, False, 0
1714,0, 260, False, 0
1715,0, 260, False, 0
1716,0, 260, False, 0
1717,0, 260, False, 0
1718,0, 260, False, 0
1719,0, 260, False, 0
1720,0, 260, False, 3
1721,0, 260, False, 3
1722,0, 260, False, 3
1723,0, 260, False, 0
1724,0, 260, False, 0
1725,0, 260, False, 0
1726,0, 260, False, 0
1727,0, 260, False, 0
1728,0, 260, False, 0
1729,0, 260, False, 0
1730,0, 260, False, 0
1731,0, 260, False, 0
1732,0, 260, False, 0
1733,0, 260, False, 0
1734,0, 260, False, 0
1735,0, 260, False, 0
1736,0, 260, False, 4
1737,0, 260, False, 4
1738,0, 260, False, 4
1739,0, 260, False, 0
1740,0, 260, False, 0
1741,0, 260, False, 0
1742,0, 260, False, 0
1743,0, 260, False, 3
1744,0, 260, False, 3
1745,0, 260, False, 3
1746,0, 260, False, 0
1747,0, 260, False, 0
1748,0, 260, False, 0
1749,0, 260, False, 1
1750,0, 260, False, 1
1751,0, 260, False, 1
1752,0, 260, False, 1
1753,0, 260, False, 1
1754,0, 260, False, 0
1755,0, 260, False, 0
1756,0, 260, False, 0
1757,0, 260, False, 0
1758,0, 260, False, 0
1759,0, 260, False, 0
1760,0, 260, False, 0
1761,0, 260, False, 0
1762,0, 260, False, 0
1763,0, 260, False, 0
1764,0, 260, False, 1
1765,0, 260, False, 1
1766,0, 260, False, 1
1767,0, 260, False, 0
1768,0, 260, False, 0
1769,0, 260, False, 0
1770,0, 260, False, 0
1771,0, 260, False, 1
1772,0, 260, False, 1
1773,0, 260, False, 1
1774,0, 260, False, 1
1775,0, 260, False, 0
1776,0, 260, False, 0
1777,0, 260, False, 0
1778,0, 260, False, 1
1779,0, 260, False, 1
1780,0, 260, False, 1
1781,0, 260, False, 0
1782,0, 260, False, 0
1783,0, 260, False, 0
1784,0, 260, False, 0
1785,0, 260, False, 1
1786,0, 260, False, 1
1787,0, 260, False, 0
1788,0, 260, False, 0
1789,0, 260, False, 0
1790,0, 260, False, 0
1791,0, 260, False, 0
1792,0, 260, False, 0
1793,0, 260, False, 1
1794,0, 260, False, 1
1795,0, 260, False, 1
1796,0, 260, False, 1
1797,0, 260, False, 0
1798,0, 260, False, 0
1799,0, 260, False, 0
1800,0, 260, False, 0
1801,0, 260, False, 1
1802,0, 260, False, 1
1803,0, 260, False, 1
1804,0, 260, False, 0
1805,0, 260, False, 0
1806,0, 260, False, 0
1807,0, 260, False, 0
1808,0, 260, False, 0
1809,0, 260, False, 3
1810,0, 260, False, 3
1811,0, 260, False, 3
1812,0, 260, False, 3
1813,0, 260, False, 3
1814,0, 260, False, 3
1815,0, 260, False, 3
1816,0, 260, False, 3
1817,0, 260, False, 3
1818,0, 260, False, 3
1819,0, 260, False, 3
1820,0, 260, False, 3
1821,0, 260, False, 3
1822,0, 260, False, 3
1823,0, 260, False, 3
1824,0, 260, False, 3
1825,0, 260, False, 3
1826,0, 260, False, 3
1827,0, 260, False, 3
1828,0, 260, False, 3
1829,0, 260, False, 3
1830,0, 260, False, 3
1831,0, 260, False, 3
1832,0, 260, False, 3
1833,0, 260, False, 3
1834,0, 260, False, 3
1835,0, 260, False, 3
1836,0, 260, False, 3
1837,0, 260, False, 3
1838,0, 260, False, 3
1839,0, 260, False, 3
1840,0, 260, False, 3
1841,0, 260, False, 3
1842,0, 260, False, 3
1843,0, 260, False, 0
1844,0, 260, False, 1
1845,0, 260, False, 1
1846,0, 260, False, 1
1847,0, 260, False, 1
1848,0, 260, False, 0
1849,0, 260, False, 0
1850,0, 260, False, 0
1851,0, 260, False, 0
1852,0, 260, False, 0
1853,0, 260, False, 0
1854,0, 260, False, 0
1855,0, 260, False, 0
1856,0, 260, False, 0
1857,5, 265, False, 0
1858,0, 265, False, 0
1859,0, 265, False, 0
1860,0, 265, False, 1
1861,0, 265, False, 1
1862,0, 265, False, 1
1863,0, 265, False, 0
1864,0, 265, False, 0
1865,0, 265, False, 0
1866,0, 265, False, 0
1867,0, 265, False, 0
1868,0, 265, False, 1
1869,0, 265, False, 1
1870,0, 265, False, 1
1871,0, 265, False, 1
1872,0, 265, False, 0
1873,0, 265, False, 0
1874,0, 265, False, 0
1875,0, 265, False, 0
1876,0, 265, False, 0
1877,0, 265, False, 1
1878,0, 265, False, 1
1879,10, 275, False, 1
1880,0, 275, False, 0
1881,0, 275, False, 0
1882,0, 275, False, 0
1883,0, 275, False, 0
1884,0, 275, False, 0
1885,0, 275, False, 1
1886,0, 275, False, 1
1887,0, 275, False, 1
1888,0, 275, False, 0
1889,0, 275, False, 0
1890,0, 275, False, 0
1891,0, 275, False, 1
1892,0, 275, False, 1
1893,0, 275, False, 1
1894,0, 275, False, 1
1895,0, 275, False, 0
1896,0, 275, False, 0
1897,0, 275, False, 0
1898,0, 275, False, 0
1899,0, 275, False, 0
1900,0, 275, False, 0
1901,0, 275, False, 0
1902,0, 275, False, 0
1903,0, 275, False, 0
1904,0, 275, False, 0
1905,0, 275, False, 0
1906,0, 275, False, 0
1907,0, 275, False, 1
1908,0, 275, False, 1
1909,0, 275, False, 1
1910,0, 275, False, 1
1911,0, 275, False, 0
1912,0, 275, False, 0
1913,0, 275, False, 0
1914,0, 275, False, 0
1915,15, 290, False, 1
1916,0, 290, False, 1
1917,0, 290, False, 0
1918,0, 290, False, 0
1919,0, 290, False, 0
1920,0, 290, False, 4
1921,0, 290, False, 4
1922,0, 290, False, 4
1923,0, 290, False, 4
1924,0, 290, False, 4
1925,0, 290, False, 4
1926,0, 290, False, 0
1927,0, 290, False, 0
1928,0, 290, False, 1
1929,0, 290, False, 1
1930,0, 290, False, 1
1931,0, 290, False, 0
1932,0, 290, False, 4
1933,0, 290, False, 4
1934,0, 290, False, 4
1935,0, 290, False, 4
1936,0, 290, False, 4
1937,0, 290, False, 4
1938,0, 290, False, 4
1939,0, 290, False, 12
1940,0, 290, False, 12
1941,0, 290, False, 12
1942,0, 290, False, 4
1943,0, 290, False, 0
1944,0, 290, False, 0
1945,0, 290, False, 0
1946,0, 290, False, 0
1947,0, 290, False, 1
1948,0, 290, False, 1
1949,0, 290, False, 1
1950,0, 290, False, 1
1951,0, 290, False, 0
1952,0, 290, False, 0
1953,0, 290, False, 0
1954,0, 290, False, 0
1955,0, 290, False, 0
1956,0, 290, False, 0
1957,0, 290, False, 0
1958,0, 290, False, 1
1959,0, 290, False, 1
1960,0, 290, False, 1
1961,0, 290, False, 1
1962,0, 290, False, 0
1963,0, 290, False, 0
1964,0, 290, False, 0
1965,0, 290, False, 1
1966,0, 290, False, 1
1967,0, 290, False, 1
1968,0, 290, False, 1
1969,0, 290, False, 0
1970,0, 290, False, 0
1971,0, 290, False, 0
1972,0, 290, False, 0
1973,0, 290, False, 1
1974,0, 290, False, 1
1975,0, 290, False, 1
1976,0, 290, False, 0
1977,0, 290, False, 0
1978,0, 290, False, 0
1979,0, 290, False, 1
1980,0, 290, False, 1
1981,0, 290, False, 1
1982,0, 290, False, 0
1983,0, 290, False, 4
1984,0, 290, False, 4
1985,0, 290, False, 4
1986,0, 290, False, 4
1987,0, 290, False, 0
1988,0, 290, False, 0
1989,0, 290, False, 1
1990,0, 290, False, 1
1991,0, 290, False, 1
1992,0, 290, False, 1
1993,0, 290, False, 4
1994,0, 290, False, 4
1995,0, 290, False, 4
1996,0, 290, False, 12
1997,0, 290, False, 12
1998,0, 290, False, 12
1999,0, 290, False, 12
2000,0, 290, False, 4
2001,0, 290, False, 4
2002,0, 290, False, 1
2003,0, 290, False, 1
2004,0, 290, False, 1
2005,0, 290, False, 1
2006,0, 290, False, 0
2007,0, 290, False, 0
2008,0, 290, False, 0
2009,0, 290, False, 0
2010,0, 290, False, 0
2011,0, 290, False, 0
2012,0, 290, False, 0
2013,0, 290, False, 0
2014,0, 290, False, 0
2015,0, 290, False, 0
2016,0, 290, False, 0
2017,0, 290, False, 0
2018,0, 290, False, 0
2019,0, 290, False, 0
2020,0, 290, False, 0
2021,0, 290, False, 1
2022,0, 290, False, 1
2023,0, 290, False, 1
2024,0, 290, False, 0
2025,0, 290, False, 0
2026,0, 290, False, 0
2027,0, 290, False, 0
2028,0, 290, False, 0
2029,0, 290, False, 1
2030,0, 290, False, 1
2031,0, 290, False, 1
2032,0, 290, False, 0
2033,0, 290, False, 0
2034,0, 290, False, 0
2035,0, 290, False, 0
2036,0, 290, False, 4
2037,0, 290, False, 4
2038,0, 290, False, 4
2039,20, 310, False, 4
2040,0, 310, False, 4
2041,0, 310, False, 4
2042,0, 310, False, 4
2043,0, 310, False, 4
2044,0, 310, False, 0
2045,0, 310, False, 0
2046,0, 310, False, 0
2047,0, 310, False, 0
2048,0, 310, False, 0
2049,0, 310, False, 0
2050,0, 310, False, 0
2051,0, 310, False, 0
2052,0, 310, False, 0
2053,0, 310, False, 0
2054,0, 310, False, 1
2055,0, 310, False, 1
2056,0, 310, False, 1
2057,0, 310, False, 0
2058,0, 310, False, 0
2059,0, 310, False, 0
2060,0, 310, False, 0
2061,0, 310, False, 0
2062,0, 310, False, 1
2063,0, 310, False, 1
2064,0, 310, False, 1
2065,0, 310, False, 1
2066,0, 310, False, 0
2067,0, 310, False, 0
2068,0, 310, False, 0
2069,0, 310, False, 0
2070,0, 310, False, 0
2071,0, 310, False, 4
2072,0, 310, False, 4
2073,0, 310, False, 4
2074,0, 310, False, 4
2075,0, 310, False, 4
2076,0, 310, False, 0
2077,0, 310, False, 0
2078,0, 310, False, 0
2079,0, 310, False, 0
2080,0, 310, False, 0
2081,0, 310, False, 0
2082,0, 310, False, 0
2083,0, 310, False, 0
2084,0, 310, False, 0
2085,0, 310, False, 0
2086,0, 310, False, 0
2087,0, 310, False, 0
2088,0, 310, False, 3
2089,0, 310, False, 3
2090,0, 310, False, 3
2091,0, 310, False, 3
2092,0, 310, False, 3
2093,0, 310, False, 3
2094,0, 310, False, 3
2095,0, 310, False, 3
2096,0, 310, False, 3
2097,0, 310, False, 3
2098,0, 310, False, 3
2099,0, 310, False, 3
2100,0, 310, False, 3
2101,0, 310, False, 3
2102,0, 310, False, 3
2103,0, 310, False, 3
2104,0, 310, False, 3
2105,0, 310, False, 3
2106,0, 310, False, 3
2107,0, 310, False, 3
2108,0, 310, False, 3
2109,0, 310, False, 3
2110,0, 310, False, 3
2111,0, 310, False, 1
2112,0, 310, False, 1
2113,0, 310, False, 1
2114,0, 310, False, 1
2115,0, 310, False, 0
2116,0, 310, False, 0
2117,0, 310, False, 0
2118,0, 310, False, 0
2119,0, 310, False, 1
2120,0, 310, False, 1
2121,0, 310, False, 11
2122,0, 310, False, 11
2123,0, 310, False, 3
2124,0, 310, False, 3
2125,0, 310, False, 3
2126,0, 310, False, 11
2127,0, 310, False, 11
2128,0, 310, False, 11
2129,0, 310, False, 3
2130,0, 310, False, 3
2131,0, 310, False, 3
2132,0, 310, False, 3
2133,0, 310, False, 3
2134,0, 310, False, 3
2135,0, 310, False, 3
2136,0, 310, False, 3
2137,0, 310, False, 3
2138,0, 310, False, 3
2139,0, 310, False, 3
2140,0, 310, False, 3
2141,0, 310, False, 3
2142,0, 310, False, 3
2143,0, 310, False, 3
2144,0, 310, False, 3
2145,0, 310, False, 3
2146,0, 310, False, 3
2147,0, 310, False, 3
2148,0, 310, False, 3
2149,0, 310, False, 3
2150,0, 310, False, 3
2151,0, 310, False, 3
2152,0, 310, False, 3
2153,0, 310, False, 3
2154,0, 310, False, 3
2155,0, 310, False, 3
2156,0, 310, False, 3
2157,0, 310, False, 0
2158,0, 310, False, 0
2159,0, 310, False, 0
2160,0, 310, False, 0
2161,0, 310, False, 0
2162,0, 310, False, 0
2163,0, 310, False, 0
2164,0, 310, False, 0
2165,0, 310, False, 0
2166,0, 310, False, 0
2167,0, 310, False, 0
2168,0, 310, False, 0
2169,0, 310, False, 0
2170,0, 310, False, 0
2171,0, 310, False, 0
2172,0, 310, False, 0
2173,0, 310, False, 0
2174,0, 310, False, 0
2175,0, 310, False, 0
2176,0, 310, False, 0
2177,0, 310, False, 0
2178,0, 310, False, 0
2179,0, 310, False, 0
2180,0, 310, False, 0
2181,0, 310, False, 0
2182,0, 310, False, 0
2183,0, 310, False, 0
2184,0, 310, False, 0
2185,0, 310, False, 0
2186,0, 310, False, 0
2187,0, 310, False, 0
2188,0, 310, False, 0
2189,0, 310, False, 0
2190,0, 310, False, 0
2191,0, 310, False, 0
2192,0, 310, False, 0
2193,0, 310, False, 0
2194,0, 310, False, 3
2195,0, 310, False, 3
2196,0, 310, False, 3
2197,0, 310, False, 3
2198,0, 310, False, 3
2199,0, 310, False, 3
2200,0, 310, False, 3
2201,0, 310, False, 0
2202,0, 310, False, 0
2203,0, 310, False, 0
2204,0, 310, False, 0
2205,0, 310, False, 0
2206,0, 310, False, 0
2207,0, 310, False, 0
2208,0, 310, False, 0
2209,0, 310, False, 0
2210,0, 310, False, 0
2211,0, 310, False, 0
2212,0, 310, False, 0
2213,0, 310, False, 0
2214,0, 310, False, 0
2215,0, 310, False, 0
2216,0, 310, False, 0
2217,0, 310, False, 0
2218,0, 310, False, 0
2219,0, 310, False, 0
2220,0, 310, False, 0
2221,0, 310, False, 0
2222,0, 310, False, 0
2223,0, 310, False, 0
2224,0, 310, False, 0
2225,0, 310, False, 0
2226,0, 310, False, 0
2227,0, 310, False, 0
2228,0, 310, False, 0
2229,0, 310, False, 0
2230,0, 310, False, 0
2231,0, 310, False, 0
2232,0, 310, False, 0
2233,0, 310, False, 0
2234,0, 310, False, 0
2235,0, 310, False, 0
2236,0, 310, False, 0
2237,0, 310, False, 0
2238,0, 310, False, 0
2239,0, 310, False, 0
2240,0, 310, False, 0
2241,0, 310, False, 0
2242,0, 310, False, 0
2243,0, 310, False, 0
2244,0, 310, False, 0
2245,0, 310, False, 0
2246,0, 310, False, 0
2247,0, 310, False, 0
2248,0, 310, False, 0
2249,0, 310, False, 0
2250,0, 310, False, 0
2251,0, 310, False, 0
2252,0, 310, False, 0
2253,0, 310, False, 0
2254,0, 310, False, 0
2255,0, 310, False, 0
2256,0, 310, False, 0
2257,0, 310, False, 0
2258,0, 310, False, 0
2259,0, 310, False, 0
2260,0, 310, False, 0
2261,0, 310, False, 0
2262,0, 310, False, 0
2263,0, 310, False, 0
2264,0, 310, False, 0
2265,0, 310, False, 0
2266,0, 310, False, 0
2267,0, 310, False, 0
2268,0, 310, False, 0
2269,0, 310, False, 0
2270,0, 310, False, 0
2271,0, 310, False, 0
2272,0, 310, False, 0
2273,0, 310, False, 0
2274,0, 310, False, 0
2275,0, 310, False, 0
2276,0, 310, False, 0
2277,0, 310, False, 0
2278,0, 310, False, 0
2279,0, 310, False, 0
2280,0, 310, False, 0
2281,0, 310, False, 0
2282,0, 310, False, 0
2283,0, 310, False, 0
2284,0, 310, False, 0
2285,0, 310, False, 0
2286,0, 310, False, 0
2287,0, 310, False, 0
2288,0, 310, False, 0
2289,0, 310, False, 0
2290,0, 310, False, 0
2291,0, 310, False, 0
2292,0, 310, False, 0
2293,0, 310, False, 0
2294,0, 310, False, 0
2295,0, 310, False, 0
2296,0, 310, False, 0
2297,0, 310, False, 0
2298,0, 310, False, 0
2299,0, 310, False, 0
2300,0, 310, False, 0
2301,0, 310, False, 0
2302,0, 310, False, 0
2303,0, 310, False, 0
2304,0, 310, False, 0
2305,0, 310, False, 0
2306,0, 310, False, 0
2307,0, 310, False, 0
2308,0, 310, False, 0
2309,0, 310, False, 0
2310,0, 310, False, 0
2311,0, 310, False, 0
2312,0, 310, False, 0
2313,0, 310, False, 0
2314,0, 310, False, 0
2315,0, 310, False, 0
2316,0, 310, False, 0
2317,0, 310, False, 0
2318,0, 310, False, 0
2319,0, 310, False, 0
2320,0, 310, False, 0
2321,0, 310, False, 0
2322,0, 310, False, 0
2323,0, 310, False, 0
2324,0, 310, False, 0
2325,0, 310, False, 0
2326,0, 310, False, 0
2327,0, 310, False, 0
2328,0, 310, False, 0
2329,0, 310, False, 0
2330,0, 310, False, 0
2331,0, 310, False, 0
2332,0, 310, False, 4
2333,0, 310, False, 4
2334,0, 310, False, 4
2335,0, 310, False, 4
2336,0, 310, False, 4
2337,0, 310, False, 4
2338,0, 310, False, 0
2339,0, 310, False, 0
2340,0, 310, False, 0
2341,0, 310, False, 0
2342,0, 310, False, 0
2343,0, 310, False, 0
2344,0, 310, False, 4
2345,0, 310, False, 4
2346,0, 310, False, 4
2347,0, 310, False, 4
2348,0, 310, False, 0
2349,0, 310, False, 0
2350,0, 310, False, 0
2351,0, 310, False, 0
2352,0, 310, False, 0
2353,0, 310, False, 0
2354,0, 310, False, 1
2355,0, 310, False, 1
2356,0, 310, False, 1
2357,0, 310, False, 1
2358,0, 310, False, 1
2359,0, 310, False, 1
2360,0, 310, False, 0
2361,0, 310, False, 0
2362,0, 310, False, 0
2363,5, 315, False, 0
2364,0, 315, False, 0
2365,0, 315, False, 3
2366,0, 315, False, 3
2367,0, 315, False, 3
2368,0, 315, False, 3
2369,0, 315, False, 3
2370,0, 315, False, 3
2371,0, 315, False, 3
2372,0, 315, False, 3
2373,0, 315, False, 3
2374,0, 315, False, 3
2375,0, 315, False, 0
2376,0, 315, False, 0
2377,0, 315, False, 0
2378,0, 315, False, 0
2379,0, 315, False, 4
2380,0, 315, False, 4
2381,0, 315, False, 4
2382,0, 315, False, 4
2383,0, 315, False, 4
2384,0, 315, False, 4
2385,0, 315, False, 4
2386,0, 315, False, 4
2387,0, 315, False, 4
2388,0, 315, False, 4
2389,0, 315, False, 4
2390,0, 315, False, 4
2391,0, 315, False, 1
2392,0, 315, False, 1
2393,0, 315, False, 1
2394,0, 315, False, 0
2395,0, 315, False, 0
2396,0, 315, False, 0
2397,0, 315, False, 0
2398,0, 315, False, 0
2399,0, 315, False, 0
2400,0, 315, False, 0
2401,0, 315, False, 0
2402,0, 315, False, 0
2403,0, 315, False, 0
2404,0, 315, False, 0
2405,10, 325, False, 0
2406,0, 325, False, 0
2407,0, 325, False, 1
2408,0, 325, False, 1
2409,0, 325, False, 1
2410,0, 325, False, 1
2411,0, 325, False, 0
2412,0, 325, False, 0
2413,0, 325, False, 0
2414,0, 325, False, 0
2415,0, 325, False, 1
2416,0, 325, False, 1
2417,0, 325, False, 1
2418,0, 325, False, 0
2419,0, 325, False, 0
2420,0, 325, False, 0
2421,0, 325, False, 0
2422,0, 325, False, 0
2423,0, 325, False, 0
2424,0, 325, False, 0
2425,0, 325, False, 0
2426,0, 325, False, 0
2427,0, 325, False, 0
2428,0, 325, False, 0
2429,0, 325, False, 0
2430,0, 325, False, 0
2431,15, 340, False, 0
2432,0, 340, False, 0
2433,0, 340, False, 0
2434,0, 340, False, 0
2435,0, 340, False, 0
2436,0, 340, False, 0
2437,0, 340, False, 0
2438,0, 340, False, 0
2439,0, 340, False, 0
2440,0, 340, False, 0
2441,0, 340, False, 0
2442,0, 340, False, 0
2443,0, 340, False, 0
2444,0, 340, False, 0
2445,0, 340, False, 0
2446,0, 340, False, 0
2447,0, 340, False, 0
2448,0, 340, False, 0
2449,0, 340, False, 0
2450,0, 340, False, 0
2451,0, 340, False, 0
2452,0, 340, False, 3
2453,0, 340, False, 3
2454,0, 340, False, 3
2455,0, 340, False, 3
2456,0, 340, False, 0
2457,0, 340, False, 0
2458,0, 340, False, 0
2459,0, 340, False, 0
2460,0, 340, False, 0
2461,0, 340, False, 0
2462,0, 340, False, 0
2463,0, 340, False, 0
2464,0, 340, False, 0
2465,0, 340, False, 0
2466,0, 340, False, 0
2467,0, 340, False, 3
2468,0, 340, False, 3
2469,0, 340, False, 3
2470,0, 340, False, 3
2471,0, 340, False, 3
2472,0, 340, False, 3
2473,0, 340, False, 3
2474,0, 340, False, 3
2475,0, 340, False, 3
2476,0, 340, False, 3
2477,0, 340, False, 3
2478,0, 340, False, 3
2479,0, 340, False, 3
2480,0, 340, False, 3
2481,0, 340, False, 3
2482,0, 340, False, 3
2483,0, 340, False, 3
2484,0, 340, False, 3
2485,0, 340, False, 3
2486,0, 340, False, 3
2487,0, 340, False, 3
2488,0, 340, False, 3
2489,0, 340, False, 3
2490,0, 340, False, 3
2491,0, 340, False, 3
2492,0, 340, False, 3
2493,0, 340, False, 3
2494,0, 340, False, 3
2495,0, 340, False, 3
2496,0, 340, False, 3
2497,0, 340, False, 3
2498,0, 340, False, 3
2499,0, 340, False, 3
2500,0, 340, False, 3
2501,0, 340, False, 3
2502,0, 340, False, 3
2503,0, 340, False, 3
2504,0, 340, False, 3
2505,0, 340, False, 3
2506,0, 340, False, 3
2507,0, 340, False, 3
2508,0, 340, False, 3
2509,0, 340, False, 3
2510,0, 340, False, 3
2511,0, 340, False, 3
2512,0, 340, False, 3
2513,0, 340, False, 3
2514,0, 340, False, 3
2515,0, 340, False, 11
2516,0, 340, False, 11
2517,0, 340, False, 11
2518,0, 340, False, 11
2519,0, 340, False, 3
2520,0, 340, False, 3
2521,0, 340, False, 3
2522,0, 340, False, 3
2523,0, 340, False, 3
2524,0, 340, False, 3
2525,0, 340, False, 3
2526,0, 340, False, 3
2527,0, 340, False, 3
2528,0, 340, False, 3
2529,0, 340, False, 3
2530,0, 340, False, 3
2531,0, 340, False, 3
2532,0, 340, False, 3
2533,0, 340, False, 3
2534,0, 340, False, 3
2535,0, 340, False, 3
2536,0, 340, False, 3
2537,0, 340, False, 3
2538,0, 340, False, 3
2539,0, 340, False, 3
2540,0, 340, False, 3
2541,0, 340, False, 3
2542,0, 340, False, 3
2543,0, 340, False, 3
2544,0, 340, False, 3
2545,0, 340, False, 3
2546,0, 340, False, 3
2547,0, 340, False, 3
2548,0, 340, False, 3
2549,0, 340, False, 3
2550,0, 340, False, 3
2551,0, 340, False, 3
2552,0, 340, False, 3
2553,0, 340, False, 3
2554,0, 340, True, 3
