db traj id : 26
frame,reward,score,terminal, action
0,0, 0, False, 0
1,0, 0, False, 0
2,0, 0, False, 0
3,0, 0, False, 0
4,0, 0, False, 0
5,0, 0, False, 0
6,0, 0, False, 0
7,0, 0, False, 0
8,0, 0, False, 0
9,0, 0, False, 0
10,0, 0, False, 0
11,0, 0, False, 0
12,0, 0, False, 0
13,0, 0, False, 0
14,0, 0, False, 0
15,0, 0, False, 0
16,0, 0, False, 0
17,0, 0, False, 0
18,0, 0, False, 0
19,0, 0, False, 0
20,0, 0, False, 0
21,0, 0, False, 0
22,0, 0, False, 0
23,0, 0, False, 0
24,0, 0, False, 0
25,0, 0, False, 0
26,0, 0, False, 0
27,0, 0, False, 0
28,0, 0, False, 0
29,0, 0, False, 0
30,0, 0, False, 0
31,0, 0, False, 0
32,0, 0, False, 0
33,0, 0, False, 0
34,0, 0, False, 0
35,0, 0, False, 0
36,0, 0, False, 0
37,0, 0, False, 0
38,0, 0, False, 0
39,0, 0, False, 0
40,0, 0, False, 0
41,0, 0, False, 0
42,0, 0, False, 0
43,0, 0, False, 0
44,0, 0, False, 0
45,0, 0, False, 0
46,0, 0, False, 0
47,0, 0, False, 0
48,0, 0, False, 0
49,0, 0, False, 0
50,0, 0, False, 0
51,0, 0, False, 0
52,0, 0, False, 0
53,0, 0, False, 0
54,0, 0, False, 0
55,0, 0, False, 0
56,0, 0, False, 0
57,0, 0, False, 0
58,0, 0, False, 0
59,0, 0, False, 0
60,0, 0, False, 0
61,0, 0, False, 0
62,0, 0, False, 0
63,0, 0, False, 0
64,0, 0, False, 0
65,0, 0, False, 0
66,0, 0, False, 0
67,0, 0, False, 0
68,0, 0, False, 0
69,0, 0, False, 0
70,0, 0, False, 0
71,0, 0, False, 0
72,0, 0, False, 0
73,0, 0, False, 0
74,0, 0, False, 0
75,0, 0, False, 0
76,0, 0, False, 0
77,0, 0, False, 0
78,0, 0, False, 0
79,0, 0, False, 0
80,0, 0, False, 0
81,0, 0, False, 0
82,0, 0, False, 0
83,0, 0, False, 0
84,0, 0, False, 0
85,0, 0, False, 0
86,0, 0, False, 0
87,0, 0, False, 0
88,0, 0, False, 0
89,0, 0, False, 0
90,0, 0, False, 0
91,0, 0, False, 0
92,0, 0, False, 0
93,0, 0, False, 0
94,0, 0, False, 0
95,0, 0, False, 0
96,0, 0, False, 0
97,0, 0, False, 0
98,0, 0, False, 0
99,0, 0, False, 0
100,0, 0, False, 0
101,0, 0, False, 0
102,0, 0, False, 0
103,0, 0, False, 0
104,0, 0, False, 0
105,0, 0, False, 0
106,0, 0, False, 0
107,0, 0, False, 0
108,0, 0, False, 0
109,0, 0, False, 0
110,0, 0, False, 0
111,0, 0, False, 0
112,0, 0, False, 0
113,0, 0, False, 0
114,0, 0, False, 3
115,0, 0, False, 3
116,0, 0, False, 3
117,0, 0, False, 3
118,0, 0, False, 3
119,0, 0, False, 3
120,0, 0, False, 3
121,0, 0, False, 3
122,0, 0, False, 3
123,0, 0, False, 3
124,0, 0, False, 3
125,0, 0, False, 3
126,0, 0, False, 3
127,0, 0, False, 3
128,0, 0, False, 3
129,0, 0, False, 3
130,0, 0, False, 3
131,0, 0, False, 3
132,0, 0, False, 3
133,0, 0, False, 3
134,0, 0, False, 3
135,0, 0, False, 3
136,0, 0, False, 3
137,0, 0, False, 3
138,0, 0, False, 3
139,0, 0, False, 3
140,0, 0, False, 3
141,0, 0, False, 3
142,0, 0, False, 3
143,0, 0, False, 3
144,0, 0, False, 3
145,0, 0, False, 3
146,0, 0, False, 3
147,0, 0, False, 3
148,0, 0, False, 3
149,0, 0, False, 0
150,0, 0, False, 0
151,0, 0, False, 0
152,0, 0, False, 0
153,0, 0, False, 0
154,0, 0, False, 0
155,0, 0, False, 0
156,0, 0, False, 0
157,0, 0, False, 0
158,0, 0, False, 0
159,0, 0, False, 1
160,0, 0, False, 1
161,0, 0, False, 1
162,0, 0, False, 1
163,0, 0, False, 1
164,0, 0, False, 1
165,0, 0, False, 1
166,0, 0, False, 1
167,0, 0, False, 1
168,0, 0, False, 1
169,0, 0, False, 1
170,0, 0, False, 1
171,0, 0, False, 1
172,0, 0, False, 1
173,0, 0, False, 0
174,0, 0, False, 0
175,0, 0, False, 0
176,0, 0, False, 0
177,0, 0, False, 0
178,0, 0, False, 0
179,0, 0, False, 0
180,0, 0, False, 0
181,0, 0, False, 0
182,0, 0, False, 0
183,0, 0, False, 0
184,0, 0, False, 0
185,0, 0, False, 0
186,0, 0, False, 0
187,0, 0, False, 0
188,0, 0, False, 0
189,0, 0, False, 0
190,0, 0, False, 3
191,0, 0, False, 3
192,0, 0, False, 3
193,0, 0, False, 3
194,0, 0, False, 3
195,0, 0, False, 3
196,0, 0, False, 3
197,0, 0, False, 3
198,0, 0, False, 3
199,0, 0, False, 3
200,0, 0, False, 3
201,0, 0, False, 3
202,0, 0, False, 3
203,0, 0, False, 3
204,0, 0, False, 11
205,0, 0, False, 1
206,0, 0, False, 1
207,0, 0, False, 1
208,0, 0, False, 1
209,0, 0, False, 1
210,0, 0, False, 1
211,0, 0, False, 1
212,0, 0, False, 1
213,0, 0, False, 1
214,0, 0, False, 0
215,0, 0, False, 0
216,0, 0, False, 0
217,0, 0, False, 0
218,0, 0, False, 0
219,0, 0, False, 1
220,0, 0, False, 1
221,0, 0, False, 1
222,0, 0, False, 1
223,0, 0, False, 1
224,0, 0, False, 1
225,0, 0, False, 1
226,0, 0, False, 1
227,0, 0, False, 1
228,0, 0, False, 1
229,0, 0, False, 1
230,0, 0, False, 0
231,0, 0, False, 0
232,0, 0, False, 0
233,0, 0, False, 1
234,0, 0, False, 1
235,0, 0, False, 1
236,0, 0, False, 1
237,0, 0, False, 1
238,0, 0, False, 1
239,0, 0, False, 1
240,0, 0, False, 1
241,0, 0, False, 1
242,0, 0, False, 1
243,0, 0, False, 1
244,0, 0, False, 0
245,0, 0, False, 0
246,0, 0, False, 0
247,0, 0, False, 0
248,0, 0, False, 0
249,0, 0, False, 0
250,0, 0, False, 0
251,0, 0, False, 0
252,0, 0, False, 0
253,0, 0, False, 3
254,0, 0, False, 3
255,0, 0, False, 3
256,0, 0, False, 3
257,0, 0, False, 3
258,0, 0, False, 3
259,0, 0, False, 3
260,0, 0, False, 3
261,0, 0, False, 3
262,0, 0, False, 3
263,0, 0, False, 0
264,0, 0, False, 0
265,0, 0, False, 0
266,0, 0, False, 0
267,0, 0, False, 0
268,0, 0, False, 0
269,0, 0, False, 0
270,0, 0, False, 0
271,0, 0, False, 0
272,0, 0, False, 0
273,0, 0, False, 0
274,0, 0, False, 0
275,0, 0, False, 0
276,0, 0, False, 0
277,0, 0, False, 0
278,0, 0, False, 0
279,0, 0, False, 0
280,0, 0, False, 0
281,0, 0, False, 0
282,0, 0, False, 0
283,0, 0, False, 0
284,0, 0, False, 0
285,0, 0, False, 0
286,0, 0, False, 0
287,0, 0, False, 0
288,0, 0, False, 0
289,0, 0, False, 0
290,0, 0, False, 0
291,0, 0, False, 0
292,0, 0, False, 0
293,0, 0, False, 0
294,0, 0, False, 0
295,0, 0, False, 0
296,0, 0, False, 0
297,0, 0, False, 0
298,0, 0, False, 0
299,0, 0, False, 0
300,0, 0, False, 0
301,0, 0, False, 0
302,0, 0, False, 0
303,0, 0, False, 0
304,0, 0, False, 0
305,0, 0, False, 0
306,0, 0, False, 0
307,0, 0, False, 0
308,0, 0, False, 0
309,0, 0, False, 0
310,0, 0, False, 0
311,0, 0, False, 0
312,0, 0, False, 0
313,0, 0, False, 0
314,0, 0, False, 0
315,0, 0, False, 0
316,0, 0, False, 0
317,0, 0, False, 0
318,0, 0, False, 0
319,0, 0, False, 0
320,0, 0, False, 1
321,0, 0, False, 1
322,0, 0, False, 1
323,0, 0, False, 1
324,0, 0, False, 1
325,0, 0, False, 1
326,0, 0, False, 1
327,0, 0, False, 1
328,0, 0, False, 1
329,0, 0, False, 1
330,0, 0, False, 1
331,0, 0, False, 1
332,0, 0, False, 0
333,0, 0, False, 0
334,0, 0, False, 0
335,0, 0, False, 0
336,0, 0, False, 0
337,0, 0, False, 0
338,0, 0, False, 0
339,0, 0, False, 0
340,0, 0, False, 0
341,0, 0, False, 0
342,0, 0, False, 0
343,0, 0, False, 0
344,0, 0, False, 0
345,0, 0, False, 0
346,0, 0, False, 0
347,0, 0, False, 0
348,0, 0, False, 0
349,0, 0, False, 0
350,0, 0, False, 0
351,0, 0, False, 0
352,0, 0, False, 0
353,0, 0, False, 0
354,0, 0, False, 0
355,0, 0, False, 0
356,0, 0, False, 0
357,0, 0, False, 0
358,0, 0, False, 0
359,0, 0, False, 0
360,0, 0, False, 0
361,0, 0, False, 0
362,0, 0, False, 0
363,0, 0, False, 0
364,0, 0, False, 0
365,0, 0, False, 0
366,0, 0, False, 0
367,0, 0, False, 0
368,0, 0, False, 0
369,0, 0, False, 0
370,0, 0, False, 0
371,0, 0, False, 0
372,0, 0, False, 0
373,0, 0, False, 0
374,0, 0, False, 0
375,0, 0, False, 0
376,0, 0, False, 0
377,0, 0, False, 0
378,0, 0, False, 0
379,0, 0, False, 0
380,0, 0, False, 0
381,0, 0, False, 0
382,0, 0, False, 0
383,0, 0, False, 0
384,0, 0, False, 0
385,0, 0, False, 0
386,0, 0, False, 0
387,0, 0, False, 1
388,0, 0, False, 1
389,0, 0, False, 1
390,0, 0, False, 1
391,0, 0, False, 1
392,0, 0, False, 1
393,0, 0, False, 1
394,0, 0, False, 1
395,0, 0, False, 1
396,0, 0, False, 1
397,0, 0, False, 0
398,0, 0, False, 0
399,0, 0, False, 0
400,0, 0, False, 0
401,0, 0, False, 0
402,0, 0, False, 0
403,0, 0, False, 0
404,0, 0, False, 0
405,0, 0, False, 0
406,0, 0, False, 0
407,0, 0, False, 0
408,0, 0, False, 0
409,0, 0, False, 0
410,0, 0, False, 0
411,0, 0, False, 1
412,0, 0, False, 1
413,0, 0, False, 1
414,0, 0, False, 1
415,0, 0, False, 1
416,0, 0, False, 1
417,0, 0, False, 1
418,0, 0, False, 1
419,0, 0, False, 1
420,0, 0, False, 1
421,0, 0, False, 1
422,0, 0, False, 0
423,0, 0, False, 0
424,0, 0, False, 0
425,0, 0, False, 0
426,0, 0, False, 0
427,0, 0, False, 0
428,0, 0, False, 0
429,0, 0, False, 0
430,0, 0, False, 0
431,0, 0, False, 0
432,0, 0, False, 0
433,0, 0, False, 0
434,0, 0, False, 0
435,0, 0, False, 0
436,0, 0, False, 0
437,0, 0, False, 0
438,0, 0, False, 0
439,0, 0, False, 0
440,0, 0, False, 0
441,0, 0, False, 0
442,0, 0, False, 0
443,0, 0, False, 0
444,0, 0, False, 0
445,0, 0, False, 0
446,0, 0, False, 0
447,0, 0, False, 0
448,0, 0, False, 0
449,0, 0, False, 0
450,0, 0, False, 0
451,0, 0, False, 0
452,0, 0, False, 0
453,0, 0, False, 0
454,0, 0, False, 0
455,0, 0, False, 0
456,0, 0, False, 0
457,0, 0, False, 0
458,0, 0, False, 0
459,15, 15, False, 0
460,0, 15, False, 0
461,0, 15, False, 0
462,0, 15, False, 0
463,0, 15, False, 0
464,0, 15, False, 0
465,0, 15, False, 0
466,0, 15, False, 0
467,0, 15, False, 0
468,0, 15, False, 0
469,0, 15, False, 0
470,0, 15, False, 0
471,0, 15, False, 1
472,0, 15, False, 1
473,0, 15, False, 1
474,0, 15, False, 1
475,0, 15, False, 1
476,0, 15, False, 1
477,0, 15, False, 1
478,0, 15, False, 1
479,0, 15, False, 1
480,0, 15, False, 1
481,0, 15, False, 1
482,0, 15, False, 1
483,0, 15, False, 0
484,0, 15, False, 0
485,0, 15, False, 0
486,0, 15, False, 0
487,0, 15, False, 0
488,0, 15, False, 0
489,0, 15, False, 0
490,0, 15, False, 0
491,0, 15, False, 0
492,0, 15, False, 0
493,0, 15, False, 0
494,0, 15, False, 0
495,0, 15, False, 0
496,0, 15, False, 0
497,0, 15, False, 0
498,0, 15, False, 0
499,5, 20, False, 0
500,0, 20, False, 0
501,0, 20, False, 0
502,0, 20, False, 0
503,0, 20, False, 0
504,0, 20, False, 0
505,0, 20, False, 0
506,0, 20, False, 0
507,0, 20, False, 0
508,0, 20, False, 0
509,0, 20, False, 0
510,0, 20, False, 0
511,0, 20, False, 0
512,0, 20, False, 0
513,0, 20, False, 0
514,0, 20, False, 0
515,0, 20, False, 0
516,0, 20, False, 0
517,0, 20, False, 1
518,0, 20, False, 1
519,0, 20, False, 1
520,0, 20, False, 1
521,0, 20, False, 1
522,0, 20, False, 1
523,0, 20, False, 1
524,0, 20, False, 1
525,0, 20, False, 1
526,0, 20, False, 1
527,0, 20, False, 0
528,0, 20, False, 0
529,0, 20, False, 0
530,0, 20, False, 0
531,0, 20, False, 0
532,0, 20, False, 0
533,0, 20, False, 3
534,0, 20, False, 3
535,0, 20, False, 3
536,0, 20, False, 3
537,0, 20, False, 3
538,0, 20, False, 3
539,0, 20, False, 3
540,0, 20, False, 3
541,0, 20, False, 3
542,0, 20, False, 3
543,0, 20, False, 3
544,0, 20, False, 3
545,0, 20, False, 3
546,0, 20, False, 3
547,0, 20, False, 3
548,0, 20, False, 0
549,0, 20, False, 0
550,0, 20, False, 0
551,10, 30, False, 0
552,0, 30, False, 0
553,0, 30, False, 0
554,0, 30, False, 0
555,0, 30, False, 0
556,0, 30, False, 0
557,0, 30, False, 0
558,0, 30, False, 0
559,0, 30, False, 0
560,0, 30, False, 0
561,0, 30, False, 0
562,0, 30, False, 0
563,0, 30, False, 0
564,0, 30, False, 0
565,0, 30, False, 0
566,0, 30, False, 0
567,0, 30, False, 0
568,0, 30, False, 0
569,0, 30, False, 0
570,0, 30, False, 0
571,0, 30, False, 0
572,0, 30, False, 0
573,0, 30, False, 0
574,0, 30, False, 0
575,0, 30, False, 0
576,0, 30, False, 0
577,0, 30, False, 0
578,0, 30, False, 0
579,0, 30, False, 0
580,0, 30, False, 0
581,0, 30, False, 0
582,0, 30, False, 0
583,0, 30, False, 0
584,0, 30, False, 0
585,0, 30, False, 0
586,0, 30, False, 0
587,0, 30, False, 0
588,0, 30, False, 4
589,0, 30, False, 4
590,0, 30, False, 4
591,0, 30, False, 4
592,0, 30, False, 4
593,0, 30, False, 4
594,0, 30, False, 4
595,0, 30, False, 4
596,0, 30, False, 0
597,0, 30, False, 0
598,0, 30, False, 0
599,0, 30, False, 0
600,0, 30, False, 0
601,0, 30, False, 1
602,0, 30, False, 1
603,0, 30, False, 1
604,0, 30, False, 1
605,0, 30, False, 1
606,0, 30, False, 1
607,0, 30, False, 1
608,0, 30, False, 1
609,0, 30, False, 1
610,0, 30, False, 0
611,0, 30, False, 0
612,0, 30, False, 0
613,0, 30, False, 0
614,0, 30, False, 0
615,0, 30, False, 3
616,0, 30, False, 3
617,0, 30, False, 3
618,0, 30, False, 3
619,0, 30, False, 3
620,0, 30, False, 3
621,0, 30, False, 3
622,0, 30, False, 3
623,0, 30, False, 3
624,0, 30, False, 0
625,0, 30, False, 0
626,0, 30, False, 0
627,0, 30, False, 0
628,0, 30, False, 0
629,0, 30, False, 0
630,0, 30, False, 0
631,0, 30, False, 0
632,0, 30, False, 0
633,0, 30, False, 0
634,0, 30, False, 0
635,0, 30, False, 0
636,0, 30, False, 0
637,0, 30, False, 0
638,0, 30, False, 0
639,0, 30, False, 0
640,0, 30, False, 0
641,0, 30, False, 0
642,0, 30, False, 0
643,0, 30, False, 0
644,0, 30, False, 0
645,0, 30, False, 0
646,0, 30, False, 0
647,0, 30, False, 0
648,0, 30, False, 0
649,0, 30, False, 0
650,0, 30, False, 0
651,0, 30, False, 0
652,0, 30, False, 0
653,20, 50, False, 0
654,0, 50, False, 0
655,0, 50, False, 0
656,0, 50, False, 0
657,0, 50, False, 0
658,0, 50, False, 0
659,0, 50, False, 0
660,0, 50, False, 0
661,0, 50, False, 0
662,0, 50, False, 0
663,0, 50, False, 0
664,0, 50, False, 0
665,0, 50, False, 0
666,0, 50, False, 0
667,0, 50, False, 0
668,0, 50, False, 0
669,0, 50, False, 0
670,0, 50, False, 0
671,0, 50, False, 0
672,0, 50, False, 0
673,0, 50, False, 0
674,0, 50, False, 0
675,0, 50, False, 0
676,0, 50, False, 0
677,0, 50, False, 0
678,0, 50, False, 1
679,0, 50, False, 1
680,0, 50, False, 1
681,0, 50, False, 1
682,0, 50, False, 1
683,0, 50, False, 1
684,0, 50, False, 1
685,0, 50, False, 1
686,0, 50, False, 1
687,0, 50, False, 1
688,0, 50, False, 1
689,0, 50, False, 0
690,0, 50, False, 0
691,0, 50, False, 0
692,0, 50, False, 0
693,0, 50, False, 0
694,0, 50, False, 0
695,0, 50, False, 0
696,0, 50, False, 0
697,0, 50, False, 0
698,0, 50, False, 0
699,0, 50, False, 0
700,0, 50, False, 0
701,0, 50, False, 0
702,0, 50, False, 0
703,0, 50, False, 0
704,0, 50, False, 0
705,0, 50, False, 0
706,0, 50, False, 0
707,0, 50, False, 0
708,0, 50, False, 0
709,0, 50, False, 0
710,0, 50, False, 0
711,0, 50, False, 0
712,0, 50, False, 0
713,0, 50, False, 0
714,0, 50, False, 0
715,0, 50, False, 0
716,0, 50, False, 0
717,0, 50, False, 0
718,0, 50, False, 0
719,0, 50, False, 0
720,0, 50, False, 0
721,0, 50, False, 0
722,0, 50, False, 0
723,0, 50, False, 0
724,0, 50, False, 0
725,0, 50, False, 0
726,0, 50, False, 0
727,0, 50, False, 0
728,0, 50, False, 0
729,0, 50, False, 0
730,0, 50, False, 0
731,0, 50, False, 0
732,0, 50, False, 0
733,0, 50, False, 0
734,0, 50, False, 0
735,0, 50, False, 0
736,0, 50, False, 0
737,0, 50, False, 0
738,0, 50, False, 0
739,0, 50, False, 0
740,0, 50, False, 0
741,0, 50, False, 0
742,0, 50, False, 0
743,0, 50, False, 0
744,0, 50, False, 0
745,0, 50, False, 0
746,0, 50, False, 0
747,30, 80, False, 0
748,0, 80, False, 0
749,0, 80, False, 0
750,0, 80, False, 0
751,0, 80, False, 0
752,0, 80, False, 0
753,0, 80, False, 0
754,0, 80, False, 0
755,0, 80, False, 0
756,0, 80, False, 0
757,0, 80, False, 0
758,0, 80, False, 0
759,0, 80, False, 0
760,0, 80, False, 0
761,0, 80, False, 0
762,0, 80, False, 0
763,0, 80, False, 0
764,0, 80, False, 4
765,0, 80, False, 4
766,0, 80, False, 4
767,0, 80, False, 4
768,0, 80, False, 4
769,0, 80, False, 4
770,0, 80, False, 4
771,0, 80, False, 4
772,0, 80, False, 4
773,0, 80, False, 4
774,0, 80, False, 0
775,0, 80, False, 0
776,0, 80, False, 0
777,0, 80, False, 0
778,0, 80, False, 0
779,0, 80, False, 0
780,0, 80, False, 0
781,0, 80, False, 0
782,0, 80, False, 0
783,0, 80, False, 0
784,0, 80, False, 0
785,0, 80, False, 0
786,0, 80, False, 0
787,0, 80, False, 0
788,0, 80, False, 0
789,0, 80, False, 0
790,0, 80, False, 0
791,0, 80, False, 0
792,0, 80, False, 0
793,0, 80, False, 0
794,0, 80, False, 0
795,0, 80, False, 0
796,0, 80, False, 0
797,0, 80, False, 0
798,0, 80, False, 0
799,0, 80, False, 0
800,0, 80, False, 0
801,0, 80, False, 3
802,0, 80, False, 3
803,0, 80, False, 3
804,0, 80, False, 3
805,0, 80, False, 3
806,0, 80, False, 3
807,0, 80, False, 3
808,0, 80, False, 3
809,0, 80, False, 3
810,0, 80, False, 3
811,0, 80, False, 3
812,0, 80, False, 3
813,0, 80, False, 3
814,0, 80, False, 3
815,0, 80, False, 3
816,0, 80, False, 3
817,0, 80, False, 3
818,0, 80, False, 3
819,0, 80, False, 0
820,0, 80, False, 0
821,0, 80, False, 1
822,0, 80, False, 1
823,0, 80, False, 1
824,0, 80, False, 1
825,0, 80, False, 1
826,0, 80, False, 1
827,0, 80, False, 1
828,0, 80, False, 1
829,0, 80, False, 0
830,0, 80, False, 0
831,0, 80, False, 0
832,0, 80, False, 0
833,0, 80, False, 0
834,0, 80, False, 0
835,0, 80, False, 0
836,0, 80, False, 0
837,0, 80, False, 0
838,0, 80, False, 0
839,0, 80, False, 0
840,0, 80, False, 0
841,0, 80, False, 0
842,0, 80, False, 0
843,0, 80, False, 0
844,0, 80, False, 0
845,0, 80, False, 0
846,0, 80, False, 0
847,0, 80, False, 0
848,0, 80, False, 0
849,0, 80, False, 0
850,0, 80, False, 0
851,0, 80, False, 0
852,0, 80, False, 0
853,0, 80, False, 0
854,0, 80, False, 0
855,0, 80, False, 0
856,0, 80, False, 0
857,0, 80, False, 0
858,0, 80, False, 0
859,0, 80, False, 0
860,0, 80, False, 0
861,0, 80, False, 0
862,0, 80, False, 0
863,0, 80, False, 0
864,0, 80, False, 0
865,0, 80, False, 0
866,0, 80, False, 0
867,0, 80, False, 3
868,0, 80, False, 3
869,0, 80, False, 3
870,0, 80, False, 3
871,0, 80, False, 3
872,0, 80, False, 3
873,0, 80, False, 3
874,0, 80, False, 3
875,0, 80, False, 3
876,0, 80, False, 3
877,0, 80, False, 3
878,0, 80, False, 3
879,0, 80, False, 3
880,0, 80, False, 3
881,0, 80, False, 3
882,0, 80, False, 3
883,25, 105, False, 3
884,0, 105, False, 3
885,0, 105, False, 3
886,0, 105, False, 3
887,0, 105, False, 3
888,0, 105, False, 3
889,0, 105, False, 0
890,0, 105, False, 0
891,0, 105, False, 0
892,0, 105, False, 0
893,0, 105, False, 0
894,0, 105, False, 0
895,0, 105, False, 0
896,0, 105, False, 0
897,0, 105, False, 0
898,0, 105, False, 0
899,0, 105, False, 0
900,0, 105, False, 0
901,0, 105, False, 0
902,0, 105, False, 0
903,0, 105, False, 0
904,0, 105, False, 0
905,0, 105, False, 0
906,0, 105, False, 0
907,0, 105, False, 0
908,0, 105, False, 0
909,0, 105, False, 0
910,0, 105, False, 0
911,0, 105, False, 0
912,0, 105, False, 0
913,0, 105, False, 0
914,0, 105, False, 0
915,0, 105, False, 0
916,0, 105, False, 0
917,0, 105, False, 0
918,0, 105, False, 0
919,0, 105, False, 1
920,0, 105, False, 1
921,0, 105, False, 1
922,0, 105, False, 1
923,0, 105, False, 1
924,0, 105, False, 1
925,0, 105, False, 1
926,0, 105, False, 1
927,0, 105, False, 1
928,0, 105, False, 1
929,0, 105, False, 1
930,0, 105, False, 0
931,0, 105, False, 0
932,0, 105, False, 0
933,0, 105, False, 0
934,0, 105, False, 0
935,0, 105, False, 0
936,0, 105, False, 0
937,0, 105, False, 0
938,0, 105, False, 0
939,0, 105, False, 0
940,0, 105, False, 0
941,0, 105, False, 0
942,0, 105, False, 0
943,0, 105, False, 0
944,0, 105, False, 3
945,0, 105, False, 3
946,0, 105, False, 3
947,0, 105, False, 3
948,0, 105, False, 3
949,0, 105, False, 3
950,0, 105, False, 3
951,0, 105, False, 3
952,0, 105, False, 3
953,0, 105, False, 3
954,0, 105, False, 3
955,0, 105, False, 3
956,0, 105, False, 3
957,0, 105, False, 3
958,0, 105, False, 3
959,0, 105, False, 0
960,0, 105, False, 0
961,0, 105, False, 1
962,0, 105, False, 1
963,0, 105, False, 1
964,0, 105, False, 1
965,0, 105, False, 1
966,0, 105, False, 1
967,0, 105, False, 1
968,0, 105, False, 1
969,0, 105, False, 1
970,0, 105, False, 1
971,0, 105, False, 1
972,0, 105, False, 1
973,0, 105, False, 0
974,0, 105, False, 0
975,0, 105, False, 0
976,0, 105, False, 0
977,0, 105, False, 0
978,0, 105, False, 0
979,0, 105, False, 0
980,0, 105, False, 0
981,0, 105, False, 0
982,0, 105, False, 0
983,5, 110, False, 0
984,0, 110, False, 0
985,0, 110, False, 0
986,0, 110, False, 0
987,0, 110, False, 0
988,0, 110, False, 0
989,0, 110, False, 0
990,0, 110, False, 0
991,0, 110, False, 0
992,0, 110, False, 0
993,0, 110, False, 0
994,0, 110, False, 0
995,0, 110, False, 0
996,0, 110, False, 0
997,0, 110, False, 0
998,0, 110, False, 0
999,0, 110, False, 1
1000,0, 110, False, 1
1001,0, 110, False, 1
1002,0, 110, False, 1
1003,0, 110, False, 1
1004,0, 110, False, 1
1005,0, 110, False, 1
1006,0, 110, False, 1
1007,0, 110, False, 1
1008,0, 110, False, 1
1009,0, 110, False, 1
1010,0, 110, False, 1
1011,0, 110, False, 0
1012,0, 110, False, 0
1013,0, 110, False, 0
1014,0, 110, False, 0
1015,0, 110, False, 0
1016,0, 110, False, 0
1017,0, 110, False, 0
1018,0, 110, False, 0
1019,0, 110, False, 0
1020,0, 110, False, 0
1021,0, 110, False, 0
1022,0, 110, False, 0
1023,0, 110, False, 0
1024,0, 110, False, 3
1025,0, 110, False, 3
1026,0, 110, False, 3
1027,0, 110, False, 3
1028,0, 110, False, 3
1029,10, 120, False, 3
1030,0, 120, False, 3
1031,0, 120, False, 3
1032,0, 120, False, 3
1033,0, 120, False, 3
1034,0, 120, False, 3
1035,0, 120, False, 3
1036,0, 120, False, 3
1037,0, 120, False, 3
1038,0, 120, False, 3
1039,0, 120, False, 3
1040,0, 120, False, 3
1041,0, 120, False, 3
1042,0, 120, False, 3
1043,0, 120, False, 3
1044,0, 120, False, 3
1045,0, 120, False, 3
1046,0, 120, False, 3
1047,0, 120, False, 3
1048,0, 120, False, 3
1049,0, 120, False, 3
1050,0, 120, False, 3
1051,0, 120, False, 0
1052,0, 120, False, 0
1053,0, 120, False, 0
1054,0, 120, False, 0
1055,0, 120, False, 0
1056,0, 120, False, 0
1057,0, 120, False, 0
1058,0, 120, False, 0
1059,0, 120, False, 0
1060,0, 120, False, 4
1061,0, 120, False, 4
1062,0, 120, False, 4
1063,0, 120, False, 4
1064,0, 120, False, 4
1065,0, 120, False, 4
1066,0, 120, False, 4
1067,0, 120, False, 4
1068,0, 120, False, 4
1069,0, 120, False, 0
1070,0, 120, False, 0
1071,0, 120, False, 0
1072,0, 120, False, 0
1073,0, 120, False, 0
1074,0, 120, False, 0
1075,0, 120, False, 1
1076,0, 120, False, 1
1077,0, 120, False, 1
1078,0, 120, False, 1
1079,0, 120, False, 1
1080,0, 120, False, 1
1081,0, 120, False, 1
1082,0, 120, False, 1
1083,0, 120, False, 1
1084,0, 120, False, 1
1085,0, 120, False, 1
1086,0, 120, False, 0
1087,0, 120, False, 0
1088,0, 120, False, 0
1089,0, 120, False, 0
1090,0, 120, False, 0
1091,0, 120, False, 0
1092,0, 120, False, 0
1093,0, 120, False, 0
1094,0, 120, False, 0
1095,0, 120, False, 0
1096,0, 120, False, 0
1097,0, 120, False, 0
1098,0, 120, False, 0
1099,5, 125, False, 0
1100,0, 125, False, 0
1101,0, 125, False, 1
1102,0, 125, False, 1
1103,0, 125, False, 1
1104,0, 125, False, 1
1105,0, 125, False, 1
1106,0, 125, False, 1
1107,0, 125, False, 1
1108,0, 125, False, 1
1109,0, 125, False, 1
1110,0, 125, False, 1
1111,0, 125, False, 0
1112,0, 125, False, 0
1113,0, 125, False, 0
1114,0, 125, False, 0
1115,0, 125, False, 0
1116,0, 125, False, 0
1117,0, 125, False, 1
1118,0, 125, False, 1
1119,0, 125, False, 1
1120,0, 125, False, 1
1121,0, 125, False, 1
1122,0, 125, False, 1
1123,0, 125, False, 1
1124,0, 125, False, 1
1125,0, 125, False, 1
1126,0, 125, False, 1
1127,0, 125, False, 1
1128,0, 125, False, 1
1129,0, 125, False, 1
1130,0, 125, False, 0
1131,0, 125, False, 0
1132,0, 125, False, 0
1133,10, 135, False, 0
1134,0, 135, False, 0
1135,0, 135, False, 0
1136,0, 135, False, 0
1137,0, 135, False, 3
1138,0, 135, False, 3
1139,0, 135, False, 3
1140,0, 135, False, 3
1141,0, 135, False, 3
1142,0, 135, False, 3
1143,0, 135, False, 3
1144,0, 135, False, 3
1145,0, 135, False, 3
1146,0, 135, False, 3
1147,0, 135, False, 3
1148,0, 135, False, 3
1149,0, 135, False, 3
1150,0, 135, False, 3
1151,0, 135, False, 3
1152,0, 135, False, 0
1153,0, 135, False, 0
1154,0, 135, False, 0
1155,0, 135, False, 0
1156,0, 135, False, 0
1157,0, 135, False, 0
1158,0, 135, False, 0
1159,0, 135, False, 0
1160,0, 135, False, 0
1161,0, 135, False, 0
1162,0, 135, False, 0
1163,0, 135, False, 0
1164,0, 135, False, 0
1165,0, 135, False, 0
1166,0, 135, False, 0
1167,0, 135, False, 3
1168,0, 135, False, 3
1169,0, 135, False, 3
1170,0, 135, False, 3
1171,0, 135, False, 3
1172,0, 135, False, 3
1173,0, 135, False, 3
1174,0, 135, False, 3
1175,0, 135, False, 3
1176,0, 135, False, 0
1177,0, 135, False, 0
1178,0, 135, False, 0
1179,0, 135, False, 0
1180,0, 135, False, 0
1181,0, 135, False, 0
1182,0, 135, False, 0
1183,0, 135, False, 0
1184,0, 135, False, 0
1185,0, 135, False, 0
1186,0, 135, False, 0
1187,0, 135, False, 0
1188,0, 135, False, 0
1189,0, 135, False, 0
1190,0, 135, False, 0
1191,0, 135, False, 0
1192,0, 135, False, 0
1193,0, 135, False, 0
1194,0, 135, False, 0
1195,0, 135, False, 0
1196,0, 135, False, 4
1197,0, 135, False, 4
1198,0, 135, False, 4
1199,0, 135, False, 4
1200,0, 135, False, 4
1201,0, 135, False, 4
1202,0, 135, False, 4
1203,0, 135, False, 4
1204,0, 135, False, 4
1205,0, 135, False, 4
1206,0, 135, False, 4
1207,0, 135, False, 0
1208,0, 135, False, 0
1209,0, 135, False, 0
1210,0, 135, False, 0
1211,0, 135, False, 0
1212,0, 135, False, 1
1213,0, 135, False, 1
1214,0, 135, False, 1
1215,0, 135, False, 1
1216,0, 135, False, 1
1217,0, 135, False, 1
1218,0, 135, False, 1
1219,0, 135, False, 1
1220,0, 135, False, 0
1221,0, 135, False, 0
1222,0, 135, False, 0
1223,0, 135, False, 0
1224,0, 135, False, 0
1225,0, 135, False, 0
1226,0, 135, False, 0
1227,0, 135, False, 0
1228,0, 135, False, 0
1229,0, 135, False, 0
1230,0, 135, False, 0
1231,0, 135, False, 0
1232,0, 135, False, 0
1233,0, 135, False, 0
1234,0, 135, False, 0
1235,0, 135, False, 0
1236,0, 135, False, 0
1237,0, 135, False, 0
1238,0, 135, False, 0
1239,0, 135, False, 0
1240,0, 135, False, 0
1241,0, 135, False, 0
1242,0, 135, False, 0
1243,0, 135, False, 0
1244,0, 135, False, 0
1245,0, 135, False, 0
1246,0, 135, False, 0
1247,0, 135, False, 0
1248,0, 135, False, 0
1249,0, 135, False, 0
1250,0, 135, False, 0
1251,0, 135, False, 0
1252,0, 135, False, 0
1253,0, 135, False, 0
1254,0, 135, False, 0
1255,0, 135, False, 0
1256,0, 135, False, 0
1257,0, 135, False, 0
1258,0, 135, False, 0
1259,20, 155, False, 0
1260,0, 155, False, 0
1261,0, 155, False, 0
1262,0, 155, False, 0
1263,0, 155, False, 0
1264,0, 155, False, 0
1265,0, 155, False, 0
1266,0, 155, False, 0
1267,0, 155, False, 0
1268,0, 155, False, 0
1269,0, 155, False, 0
1270,0, 155, False, 0
1271,0, 155, False, 0
1272,0, 155, False, 0
1273,0, 155, False, 0
1274,0, 155, False, 0
1275,0, 155, False, 1
1276,0, 155, False, 1
1277,0, 155, False, 1
1278,0, 155, False, 1
1279,0, 155, False, 1
1280,0, 155, False, 1
1281,0, 155, False, 1
1282,0, 155, False, 1
1283,0, 155, False, 1
1284,0, 155, False, 1
1285,0, 155, False, 1
1286,0, 155, False, 1
1287,0, 155, False, 0
1288,0, 155, False, 0
1289,0, 155, False, 0
1290,0, 155, False, 0
1291,0, 155, False, 0
1292,0, 155, False, 0
1293,0, 155, False, 0
1294,0, 155, False, 0
1295,0, 155, False, 0
1296,0, 155, False, 0
1297,5, 160, False, 0
1298,0, 160, False, 0
1299,0, 160, False, 0
1300,0, 160, False, 0
1301,0, 160, False, 0
1302,0, 160, False, 0
1303,0, 160, False, 0
1304,0, 160, False, 0
1305,0, 160, False, 0
1306,0, 160, False, 0
1307,0, 160, False, 0
1308,0, 160, False, 0
1309,0, 160, False, 0
1310,0, 160, False, 0
1311,0, 160, False, 1
1312,0, 160, False, 1
1313,0, 160, False, 1
1314,0, 160, False, 1
1315,0, 160, False, 1
1316,0, 160, False, 1
1317,0, 160, False, 1
1318,0, 160, False, 1
1319,0, 160, False, 1
1320,0, 160, False, 1
1321,0, 160, False, 1
1322,0, 160, False, 0
1323,0, 160, False, 0
1324,0, 160, False, 0
1325,0, 160, False, 0
1326,0, 160, False, 0
1327,0, 160, False, 0
1328,0, 160, False, 0
1329,0, 160, False, 0
1330,0, 160, False, 0
1331,0, 160, False, 0
1332,0, 160, False, 0
1333,0, 160, False, 0
1334,0, 160, False, 0
1335,0, 160, False, 0
1336,0, 160, False, 0
1337,0, 160, False, 0
1338,0, 160, False, 0
1339,0, 160, False, 0
1340,0, 160, False, 0
1341,10, 170, False, 0
1342,0, 170, False, 0
1343,0, 170, False, 0
1344,0, 170, False, 0
1345,0, 170, False, 0
1346,0, 170, False, 0
1347,0, 170, False, 0
1348,0, 170, False, 1
1349,0, 170, False, 1
1350,0, 170, False, 1
1351,0, 170, False, 1
1352,0, 170, False, 1
1353,0, 170, False, 1
1354,0, 170, False, 1
1355,0, 170, False, 1
1356,0, 170, False, 1
1357,0, 170, False, 1
1358,0, 170, False, 1
1359,0, 170, False, 0
1360,0, 170, False, 0
1361,0, 170, False, 0
1362,0, 170, False, 0
1363,0, 170, False, 0
1364,0, 170, False, 0
1365,0, 170, False, 0
1366,0, 170, False, 0
1367,0, 170, False, 0
1368,0, 170, False, 0
1369,0, 170, False, 0
1370,0, 170, False, 0
1371,0, 170, False, 0
1372,0, 170, False, 0
1373,0, 170, False, 0
1374,0, 170, False, 0
1375,0, 170, False, 0
1376,0, 170, False, 0
1377,0, 170, False, 0
1378,0, 170, False, 0
1379,0, 170, False, 0
1380,0, 170, False, 0
1381,0, 170, False, 0
1382,0, 170, False, 0
1383,0, 170, False, 0
1384,0, 170, False, 0
1385,0, 170, False, 0
1386,0, 170, False, 0
1387,15, 185, False, 0
1388,0, 185, False, 0
1389,0, 185, False, 0
1390,0, 185, False, 0
1391,0, 185, False, 0
1392,0, 185, False, 0
1393,0, 185, False, 0
1394,0, 185, False, 0
1395,0, 185, False, 0
1396,0, 185, False, 0
1397,0, 185, False, 0
1398,0, 185, False, 0
1399,0, 185, False, 0
1400,0, 185, False, 0
1401,0, 185, False, 0
1402,0, 185, False, 0
1403,0, 185, False, 1
1404,0, 185, False, 1
1405,0, 185, False, 1
1406,0, 185, False, 1
1407,0, 185, False, 1
1408,0, 185, False, 1
1409,0, 185, False, 1
1410,0, 185, False, 1
1411,0, 185, False, 1
1412,0, 185, False, 0
1413,0, 185, False, 0
1414,0, 185, False, 0
1415,0, 185, False, 0
1416,0, 185, False, 0
1417,0, 185, False, 4
1418,0, 185, False, 4
1419,0, 185, False, 4
1420,0, 185, False, 4
1421,0, 185, False, 4
1422,0, 185, False, 4
1423,0, 185, False, 4
1424,0, 185, False, 4
1425,0, 185, False, 4
1426,0, 185, False, 0
1427,0, 185, False, 0
1428,0, 185, False, 0
1429,0, 185, False, 0
1430,0, 185, False, 0
1431,0, 185, False, 0
1432,0, 185, False, 0
1433,0, 185, False, 0
1434,0, 185, False, 4
1435,0, 185, False, 4
1436,0, 185, False, 4
1437,0, 185, False, 4
1438,0, 185, False, 4
1439,0, 185, False, 4
1440,0, 185, False, 4
1441,0, 185, False, 4
1442,0, 185, False, 4
1443,0, 185, False, 4
1444,0, 185, False, 4
1445,0, 185, False, 4
1446,0, 185, False, 4
1447,0, 185, False, 4
1448,0, 185, False, 4
1449,0, 185, False, 4
1450,0, 185, False, 4
1451,0, 185, False, 4
1452,0, 185, False, 4
1453,0, 185, False, 4
1454,0, 185, False, 4
1455,0, 185, False, 4
1456,0, 185, False, 0
1457,0, 185, False, 0
1458,0, 185, False, 0
1459,0, 185, False, 0
1460,0, 185, False, 0
1461,0, 185, False, 0
1462,0, 185, False, 0
1463,25, 210, False, 0
1464,0, 210, False, 0
1465,0, 210, False, 0
1466,0, 210, False, 0
1467,0, 210, False, 0
1468,0, 210, False, 0
1469,0, 210, False, 0
1470,0, 210, False, 0
1471,0, 210, False, 0
1472,0, 210, False, 0
1473,0, 210, False, 0
1474,0, 210, False, 0
1475,0, 210, False, 0
1476,0, 210, False, 1
1477,0, 210, False, 1
1478,0, 210, False, 1
1479,0, 210, False, 1
1480,0, 210, False, 1
1481,0, 210, False, 1
1482,0, 210, False, 1
1483,0, 210, False, 1
1484,0, 210, False, 1
1485,0, 210, False, 1
1486,0, 210, False, 1
1487,0, 210, False, 1
1488,0, 210, False, 1
1489,0, 210, False, 0
1490,0, 210, False, 0
1491,0, 210, False, 0
1492,0, 210, False, 0
1493,0, 210, False, 0
1494,0, 210, False, 0
1495,0, 210, False, 0
1496,0, 210, False, 0
1497,0, 210, False, 0
1498,0, 210, False, 0
1499,0, 210, False, 0
1500,0, 210, False, 0
1501,0, 210, False, 0
1502,0, 210, False, 0
1503,0, 210, False, 0
1504,0, 210, False, 0
1505,0, 210, False, 0
1506,0, 210, False, 0
1507,0, 210, False, 0
1508,0, 210, False, 0
1509,0, 210, False, 0
1510,0, 210, False, 0
1511,0, 210, False, 0
1512,0, 210, False, 0
1513,0, 210, False, 0
1514,0, 210, False, 0
1515,0, 210, False, 0
1516,0, 210, False, 0
1517,0, 210, False, 0
1518,0, 210, False, 0
1519,0, 210, False, 0
1520,0, 210, False, 0
1521,0, 210, False, 0
1522,0, 210, False, 0
1523,0, 210, False, 0
1524,0, 210, False, 0
1525,0, 210, False, 0
1526,0, 210, False, 0
1527,0, 210, False, 0
1528,0, 210, False, 0
1529,0, 210, False, 0
1530,0, 210, False, 0
1531,0, 210, False, 0
1532,0, 210, False, 0
1533,0, 210, False, 0
1534,0, 210, False, 0
1535,0, 210, False, 0
1536,0, 210, False, 0
1537,0, 210, False, 0
1538,0, 210, False, 0
1539,0, 210, False, 0
1540,0, 210, False, 0
1541,0, 210, False, 0
1542,0, 210, False, 0
1543,0, 210, False, 0
1544,0, 210, False, 0
1545,0, 210, False, 0
1546,0, 210, False, 0
1547,0, 210, False, 0
1548,0, 210, False, 0
1549,0, 210, False, 0
1550,0, 210, False, 0
1551,0, 210, False, 0
1552,0, 210, False, 0
1553,0, 210, False, 0
1554,0, 210, False, 4
1555,0, 210, False, 4
1556,0, 210, False, 4
1557,0, 210, False, 4
1558,0, 210, False, 4
1559,0, 210, False, 4
1560,0, 210, False, 4
1561,0, 210, False, 4
1562,0, 210, False, 4
1563,0, 210, False, 4
1564,0, 210, False, 4
1565,0, 210, False, 4
1566,0, 210, False, 4
1567,0, 210, False, 4
1568,0, 210, False, 4
1569,0, 210, False, 4
1570,0, 210, False, 4
1571,0, 210, False, 4
1572,0, 210, False, 4
1573,0, 210, False, 4
1574,0, 210, False, 4
1575,0, 210, False, 4
1576,0, 210, False, 4
1577,0, 210, False, 4
1578,0, 210, False, 4
1579,0, 210, False, 4
1580,0, 210, False, 4
1581,0, 210, False, 0
1582,0, 210, False, 0
1583,0, 210, False, 0
1584,0, 210, False, 0
1585,0, 210, False, 0
1586,0, 210, False, 0
1587,0, 210, False, 0
1588,0, 210, False, 0
1589,0, 210, False, 0
1590,0, 210, False, 0
1591,0, 210, False, 0
1592,0, 210, False, 1
1593,0, 210, False, 1
1594,0, 210, False, 1
1595,0, 210, False, 1
1596,0, 210, False, 1
1597,0, 210, False, 1
1598,0, 210, False, 1
1599,0, 210, False, 1
1600,0, 210, False, 1
1601,0, 210, False, 1
1602,0, 210, False, 1
1603,0, 210, False, 0
1604,0, 210, False, 0
1605,0, 210, False, 0
1606,0, 210, False, 0
1607,0, 210, False, 0
1608,0, 210, False, 0
1609,0, 210, False, 0
1610,0, 210, False, 0
1611,0, 210, False, 0
1612,0, 210, False, 0
1613,0, 210, False, 0
1614,0, 210, False, 0
1615,0, 210, False, 0
1616,0, 210, False, 0
1617,0, 210, False, 0
1618,0, 210, False, 0
1619,0, 210, False, 0
1620,0, 210, False, 0
1621,0, 210, False, 0
1622,0, 210, False, 0
1623,0, 210, False, 0
1624,0, 210, False, 0
1625,0, 210, False, 0
1626,0, 210, False, 0
1627,0, 210, False, 0
1628,0, 210, False, 0
1629,0, 210, False, 0
1630,0, 210, False, 0
1631,0, 210, False, 0
1632,0, 210, False, 0
1633,0, 210, False, 0
1634,0, 210, False, 3
1635,0, 210, False, 3
1636,0, 210, False, 3
1637,0, 210, False, 3
1638,0, 210, False, 3
1639,0, 210, False, 3
1640,0, 210, False, 3
1641,0, 210, False, 3
1642,0, 210, False, 3
1643,0, 210, False, 3
1644,0, 210, False, 3
1645,0, 210, False, 3
1646,0, 210, False, 3
1647,0, 210, False, 3
1648,0, 210, False, 3
1649,0, 210, False, 3
1650,0, 210, False, 3
1651,0, 210, False, 3
1652,0, 210, False, 3
1653,0, 210, False, 3
1654,0, 210, False, 0
1655,0, 210, False, 0
1656,0, 210, False, 0
1657,0, 210, False, 0
1658,0, 210, False, 0
1659,0, 210, False, 0
1660,0, 210, False, 0
1661,0, 210, False, 0
1662,0, 210, False, 0
1663,0, 210, False, 4
1664,0, 210, False, 4
1665,0, 210, False, 4
1666,0, 210, False, 4
1667,0, 210, False, 4
1668,0, 210, False, 4
1669,0, 210, False, 4
1670,0, 210, False, 12
1671,0, 210, False, 12
1672,0, 210, False, 12
1673,0, 210, False, 1
1674,0, 210, False, 1
1675,0, 210, False, 1
1676,0, 210, False, 1
1677,0, 210, False, 1
1678,0, 210, False, 1
1679,0, 210, False, 1
1680,0, 210, False, 0
1681,0, 210, False, 0
1682,0, 210, False, 0
1683,0, 210, False, 0
1684,0, 210, False, 0
1685,0, 210, False, 0
1686,0, 210, False, 0
1687,0, 210, False, 0
1688,0, 210, False, 0
1689,0, 210, False, 0
1690,0, 210, False, 0
1691,0, 210, False, 0
1692,0, 210, False, 0
1693,0, 210, False, 0
1694,0, 210, False, 0
1695,0, 210, False, 0
1696,0, 210, False, 0
1697,0, 210, False, 0
1698,0, 210, False, 0
1699,0, 210, False, 0
1700,0, 210, False, 0
1701,0, 210, False, 0
1702,0, 210, False, 0
1703,0, 210, False, 0
1704,0, 210, False, 0
1705,0, 210, False, 0
1706,0, 210, False, 0
1707,0, 210, False, 0
1708,0, 210, False, 0
1709,0, 210, False, 0
1710,0, 210, False, 0
1711,0, 210, False, 0
1712,0, 210, False, 0
1713,0, 210, False, 0
1714,0, 210, False, 0
1715,0, 210, False, 0
1716,0, 210, False, 0
1717,0, 210, False, 0
1718,0, 210, False, 0
1719,0, 210, False, 3
1720,0, 210, False, 3
1721,0, 210, False, 3
1722,0, 210, False, 3
1723,0, 210, False, 3
1724,0, 210, False, 3
1725,0, 210, False, 3
1726,0, 210, False, 3
1727,0, 210, False, 3
1728,0, 210, False, 3
1729,0, 210, False, 0
1730,0, 210, False, 0
1731,0, 210, False, 0
1732,0, 210, False, 0
1733,0, 210, False, 0
1734,0, 210, False, 0
1735,0, 210, False, 0
1736,0, 210, False, 0
1737,0, 210, False, 0
1738,0, 210, False, 3
1739,0, 210, False, 3
1740,0, 210, False, 3
1741,0, 210, False, 3
1742,0, 210, False, 0
1743,0, 210, False, 0
1744,0, 210, False, 0
1745,0, 210, False, 0
1746,0, 210, False, 0
1747,0, 210, False, 0
1748,0, 210, False, 0
1749,0, 210, False, 0
1750,0, 210, False, 0
1751,0, 210, False, 0
1752,0, 210, False, 0
1753,0, 210, False, 0
1754,0, 210, False, 0
1755,0, 210, False, 0
1756,0, 210, False, 0
1757,0, 210, False, 0
1758,0, 210, False, 0
1759,0, 210, False, 0
1760,0, 210, False, 1
1761,0, 210, False, 1
1762,0, 210, False, 1
1763,0, 210, False, 1
1764,0, 210, False, 1
1765,0, 210, False, 1
1766,0, 210, False, 1
1767,0, 210, False, 1
1768,0, 210, False, 1
1769,0, 210, False, 0
1770,0, 210, False, 0
1771,0, 210, False, 0
1772,0, 210, False, 0
1773,0, 210, False, 0
1774,0, 210, False, 0
1775,0, 210, False, 0
1776,0, 210, False, 0
1777,0, 210, False, 0
1778,0, 210, False, 0
1779,0, 210, False, 0
1780,0, 210, False, 0
1781,0, 210, False, 0
1782,0, 210, False, 0
1783,0, 210, False, 0
1784,0, 210, False, 0
1785,0, 210, False, 0
1786,0, 210, False, 0
1787,0, 210, False, 0
1788,0, 210, False, 0
1789,0, 210, False, 0
1790,0, 210, False, 0
1791,0, 210, False, 0
1792,0, 210, False, 0
1793,15, 225, False, 0
1794,0, 225, False, 0
1795,0, 225, False, 0
1796,0, 225, False, 0
1797,0, 225, False, 0
1798,0, 225, False, 0
1799,0, 225, False, 4
1800,0, 225, False, 4
1801,0, 225, False, 4
1802,0, 225, False, 4
1803,0, 225, False, 4
1804,0, 225, False, 4
1805,0, 225, False, 4
1806,0, 225, False, 4
1807,0, 225, False, 4
1808,0, 225, False, 4
1809,0, 225, False, 4
1810,0, 225, False, 0
1811,0, 225, False, 0
1812,0, 225, False, 0
1813,0, 225, False, 0
1814,0, 225, False, 0
1815,0, 225, False, 0
1816,0, 225, False, 0
1817,0, 225, False, 0
1818,0, 225, False, 0
1819,0, 225, False, 0
1820,0, 225, False, 0
1821,0, 225, False, 0
1822,0, 225, False, 0
1823,0, 225, False, 0
1824,0, 225, False, 0
1825,0, 225, False, 0
1826,0, 225, False, 0
1827,0, 225, False, 0
1828,0, 225, False, 0
1829,0, 225, False, 0
1830,0, 225, False, 0
1831,0, 225, False, 0
1832,0, 225, False, 0
1833,0, 225, False, 0
1834,0, 225, False, 0
1835,0, 225, False, 0
1836,0, 225, False, 0
1837,0, 225, False, 0
1838,0, 225, False, 3
1839,0, 225, False, 3
1840,0, 225, False, 3
1841,0, 225, False, 3
1842,0, 225, False, 3
1843,0, 225, False, 3
1844,0, 225, False, 3
1845,0, 225, False, 3
1846,0, 225, False, 3
1847,0, 225, False, 0
1848,0, 225, False, 0
1849,0, 225, False, 0
1850,0, 225, False, 0
1851,0, 225, False, 0
1852,0, 225, False, 0
1853,0, 225, False, 0
1854,0, 225, False, 1
1855,0, 225, False, 1
1856,0, 225, False, 1
1857,0, 225, False, 1
1858,0, 225, False, 1
1859,0, 225, False, 1
1860,0, 225, False, 1
1861,0, 225, False, 1
1862,0, 225, False, 1
1863,0, 225, False, 1
1864,0, 225, False, 1
1865,0, 225, False, 1
1866,0, 225, False, 0
1867,0, 225, False, 0
1868,0, 225, False, 0
1869,0, 225, False, 0
1870,0, 225, False, 0
1871,0, 225, False, 0
1872,0, 225, False, 0
1873,0, 225, False, 0
1874,0, 225, False, 0
1875,0, 225, False, 0
1876,0, 225, False, 0
1877,0, 225, False, 0
1878,0, 225, False, 0
1879,0, 225, False, 0
1880,0, 225, False, 0
1881,0, 225, False, 0
1882,0, 225, False, 0
1883,0, 225, False, 0
1884,0, 225, False, 0
1885,0, 225, False, 0
1886,0, 225, False, 0
1887,0, 225, False, 0
1888,0, 225, False, 0
1889,15, 240, False, 0
1890,0, 240, False, 0
1891,0, 240, False, 0
1892,0, 240, False, 0
1893,0, 240, False, 0
1894,0, 240, False, 0
1895,0, 240, False, 0
1896,0, 240, False, 0
1897,0, 240, False, 0
1898,0, 240, False, 0
1899,0, 240, False, 0
1900,0, 240, False, 0
1901,0, 240, False, 0
1902,0, 240, False, 1
1903,0, 240, False, 1
1904,0, 240, False, 1
1905,0, 240, False, 1
1906,0, 240, False, 1
1907,0, 240, False, 1
1908,0, 240, False, 1
1909,0, 240, False, 1
1910,0, 240, False, 1
1911,0, 240, False, 1
1912,0, 240, False, 0
1913,0, 240, False, 0
1914,0, 240, False, 0
1915,0, 240, False, 0
1916,0, 240, False, 0
1917,0, 240, False, 0
1918,0, 240, False, 0
1919,0, 240, False, 0
1920,0, 240, False, 0
1921,0, 240, False, 0
1922,0, 240, False, 0
1923,0, 240, False, 0
1924,0, 240, False, 0
1925,0, 240, False, 0
1926,0, 240, False, 0
1927,0, 240, False, 0
1928,0, 240, False, 0
1929,0, 240, False, 0
1930,0, 240, False, 0
1931,0, 240, False, 0
1932,0, 240, False, 0
1933,0, 240, False, 0
1934,0, 240, False, 0
1935,0, 240, False, 0
1936,0, 240, False, 0
1937,0, 240, False, 0
1938,0, 240, False, 0
1939,20, 260, False, 0
1940,0, 260, False, 0
1941,0, 260, False, 0
1942,0, 260, False, 0
1943,0, 260, False, 0
1944,0, 260, False, 0
1945,0, 260, False, 0
1946,0, 260, False, 0
1947,0, 260, False, 0
1948,0, 260, False, 0
1949,0, 260, False, 4
1950,0, 260, False, 4
1951,0, 260, False, 4
1952,0, 260, False, 4
1953,0, 260, False, 4
1954,0, 260, False, 4
1955,0, 260, False, 4
1956,0, 260, False, 4
1957,0, 260, False, 4
1958,0, 260, False, 4
1959,0, 260, False, 4
1960,0, 260, False, 4
1961,0, 260, False, 4
1962,0, 260, False, 4
1963,0, 260, False, 4
1964,0, 260, False, 4
1965,0, 260, False, 4
1966,0, 260, False, 4
1967,0, 260, False, 4
1968,0, 260, False, 4
1969,0, 260, False, 4
1970,0, 260, False, 4
1971,0, 260, False, 4
1972,0, 260, False, 0
1973,0, 260, False, 0
1974,0, 260, False, 0
1975,0, 260, False, 0
1976,0, 260, False, 0
1977,0, 260, False, 0
1978,0, 260, False, 1
1979,0, 260, False, 1
1980,0, 260, False, 1
1981,0, 260, False, 1
1982,0, 260, False, 1
1983,0, 260, False, 1
1984,0, 260, False, 1
1985,0, 260, False, 1
1986,0, 260, False, 1
1987,0, 260, False, 1
1988,0, 260, False, 1
1989,0, 260, False, 1
1990,0, 260, False, 1
1991,0, 260, False, 0
1992,0, 260, False, 0
1993,0, 260, False, 0
1994,0, 260, False, 0
1995,0, 260, False, 0
1996,0, 260, False, 0
1997,0, 260, False, 0
1998,0, 260, False, 0
1999,0, 260, False, 0
2000,0, 260, False, 0
2001,0, 260, False, 0
2002,0, 260, False, 0
2003,0, 260, False, 0
2004,0, 260, False, 0
2005,0, 260, False, 0
2006,0, 260, False, 0
2007,0, 260, False, 0
2008,0, 260, False, 0
2009,0, 260, False, 0
2010,0, 260, False, 0
2011,0, 260, False, 0
2012,0, 260, False, 0
2013,0, 260, False, 0
2014,0, 260, False, 0
2015,0, 260, False, 0
2016,0, 260, False, 0
2017,0, 260, False, 0
2018,0, 260, False, 0
2019,0, 260, False, 0
2020,0, 260, False, 4
2021,0, 260, False, 4
2022,0, 260, False, 4
2023,25, 285, False, 4
2024,0, 285, False, 4
2025,0, 285, False, 4
2026,0, 285, False, 4
2027,0, 285, False, 4
2028,0, 285, False, 4
2029,0, 285, False, 4
2030,0, 285, False, 4
2031,0, 285, False, 4
2032,0, 285, False, 4
2033,0, 285, False, 4
2034,0, 285, False, 4
2035,0, 285, False, 4
2036,0, 285, False, 0
2037,0, 285, False, 0
2038,0, 285, False, 0
2039,0, 285, False, 0
2040,0, 285, False, 0
2041,0, 285, False, 0
2042,0, 285, False, 0
2043,0, 285, False, 0
2044,0, 285, False, 0
2045,0, 285, False, 1
2046,0, 285, False, 1
2047,0, 285, False, 1
2048,0, 285, False, 1
2049,0, 285, False, 1
2050,0, 285, False, 1
2051,0, 285, False, 1
2052,0, 285, False, 1
2053,0, 285, False, 1
2054,0, 285, False, 1
2055,0, 285, False, 1
2056,0, 285, False, 1
2057,0, 285, False, 0
2058,0, 285, False, 0
2059,0, 285, False, 0
2060,0, 285, False, 0
2061,0, 285, False, 0
2062,0, 285, False, 0
2063,0, 285, False, 0
2064,0, 285, False, 0
2065,0, 285, False, 0
2066,0, 285, False, 0
2067,0, 285, False, 0
2068,0, 285, False, 0
2069,0, 285, False, 0
2070,0, 285, False, 0
2071,0, 285, False, 0
2072,0, 285, False, 0
2073,0, 285, False, 0
2074,0, 285, False, 0
2075,0, 285, False, 0
2076,0, 285, False, 0
2077,0, 285, False, 0
2078,0, 285, False, 0
2079,0, 285, False, 0
2080,0, 285, False, 0
2081,0, 285, False, 0
2082,0, 285, False, 0
2083,0, 285, False, 0
2084,0, 285, False, 0
2085,0, 285, False, 0
2086,0, 285, False, 0
2087,0, 285, False, 0
2088,0, 285, False, 0
2089,0, 285, False, 0
2090,0, 285, False, 0
2091,0, 285, False, 3
2092,0, 285, False, 3
2093,0, 285, False, 3
2094,0, 285, False, 3
2095,0, 285, False, 3
2096,0, 285, False, 3
2097,0, 285, False, 3
2098,0, 285, False, 3
2099,0, 285, False, 3
2100,0, 285, False, 3
2101,30, 315, False, 3
2102,0, 315, False, 3
2103,0, 315, False, 3
2104,0, 315, False, 3
2105,0, 315, False, 3
2106,0, 315, False, 3
2107,0, 315, False, 3
2108,0, 315, False, 3
2109,0, 315, False, 3
2110,0, 315, False, 3
2111,0, 315, False, 3
2112,0, 315, False, 3
2113,0, 315, False, 3
2114,0, 315, False, 3
2115,0, 315, False, 3
2116,0, 315, False, 3
2117,0, 315, False, 3
2118,0, 315, False, 3
2119,0, 315, False, 3
2120,0, 315, False, 3
2121,0, 315, False, 3
2122,0, 315, False, 3
2123,0, 315, False, 3
2124,0, 315, False, 3
2125,0, 315, False, 3
2126,0, 315, False, 3
2127,0, 315, False, 3
2128,0, 315, False, 3
2129,0, 315, False, 3
2130,0, 315, False, 3
2131,0, 315, False, 3
2132,0, 315, False, 3
2133,0, 315, False, 3
2134,0, 315, False, 3
2135,0, 315, False, 3
2136,0, 315, False, 3
2137,0, 315, False, 3
2138,0, 315, False, 3
2139,0, 315, False, 3
2140,0, 315, False, 3
2141,0, 315, False, 3
2142,0, 315, False, 0
2143,0, 315, False, 0
2144,0, 315, False, 0
2145,0, 315, False, 0
2146,0, 315, False, 0
2147,0, 315, False, 0
2148,0, 315, False, 0
2149,0, 315, False, 0
2150,0, 315, False, 0
2151,0, 315, False, 3
2152,0, 315, False, 3
2153,0, 315, False, 3
2154,0, 315, False, 3
2155,0, 315, False, 3
2156,0, 315, False, 3
2157,0, 315, False, 3
2158,0, 315, False, 3
2159,0, 315, False, 3
2160,0, 315, False, 3
2161,0, 315, False, 3
2162,0, 315, False, 3
2163,0, 315, False, 3
2164,0, 315, False, 3
2165,0, 315, False, 3
2166,0, 315, False, 3
2167,0, 315, False, 3
2168,0, 315, False, 3
2169,0, 315, False, 3
2170,0, 315, False, 3
2171,0, 315, False, 3
2172,0, 315, False, 3
2173,0, 315, False, 3
2174,0, 315, False, 3
2175,0, 315, False, 3
2176,0, 315, False, 3
2177,0, 315, False, 3
2178,0, 315, False, 3
2179,0, 315, False, 3
2180,0, 315, False, 3
2181,0, 315, False, 0
2182,0, 315, False, 0
2183,0, 315, False, 0
2184,0, 315, False, 1
2185,0, 315, False, 1
2186,0, 315, False, 1
2187,0, 315, False, 1
2188,0, 315, False, 1
2189,0, 315, False, 1
2190,0, 315, False, 1
2191,0, 315, False, 1
2192,0, 315, False, 1
2193,5, 320, False, 1
2194,0, 320, False, 1
2195,0, 320, False, 1
2196,0, 320, False, 0
2197,0, 320, False, 0
2198,0, 320, False, 0
2199,0, 320, False, 0
2200,0, 320, False, 0
2201,0, 320, False, 0
2202,0, 320, False, 0
2203,0, 320, False, 0
2204,0, 320, False, 0
2205,0, 320, False, 0
2206,0, 320, False, 0
2207,0, 320, False, 0
2208,0, 320, False, 0
2209,10, 330, False, 0
2210,0, 330, False, 0
2211,0, 330, False, 1
2212,0, 330, False, 1
2213,0, 330, False, 1
2214,0, 330, False, 1
2215,0, 330, False, 1
2216,0, 330, False, 1
2217,0, 330, False, 1
2218,0, 330, False, 1
2219,0, 330, False, 1
2220,0, 330, False, 1
2221,0, 330, False, 1
2222,0, 330, False, 0
2223,0, 330, False, 0
2224,0, 330, False, 0
2225,0, 330, False, 0
2226,0, 330, False, 0
2227,0, 330, False, 1
2228,0, 330, False, 1
2229,0, 330, False, 1
2230,0, 330, False, 1
2231,0, 330, False, 1
2232,0, 330, False, 1
2233,0, 330, False, 1
2234,0, 330, False, 0
2235,15, 345, False, 0
2236,0, 345, False, 0
2237,0, 345, False, 0
2238,0, 345, False, 0
2239,0, 345, False, 1
2240,0, 345, False, 1
2241,0, 345, False, 1
2242,0, 345, False, 1
2243,0, 345, False, 1
2244,0, 345, False, 1
2245,0, 345, False, 1
2246,0, 345, False, 1
2247,0, 345, False, 1
2248,0, 345, False, 1
2249,0, 345, False, 0
2250,0, 345, False, 0
2251,0, 345, False, 0
2252,0, 345, False, 0
2253,0, 345, False, 1
2254,0, 345, False, 1
2255,0, 345, False, 1
2256,0, 345, False, 1
2257,0, 345, False, 1
2258,0, 345, False, 1
2259,0, 345, False, 11
2260,0, 345, False, 11
2261,0, 345, False, 11
2262,0, 345, False, 11
2263,0, 345, False, 3
2264,0, 345, False, 3
2265,0, 345, False, 3
2266,0, 345, False, 3
2267,0, 345, False, 3
2268,0, 345, False, 3
2269,0, 345, False, 3
2270,0, 345, False, 3
2271,0, 345, False, 3
2272,0, 345, False, 3
2273,0, 345, False, 3
2274,0, 345, False, 3
2275,0, 345, False, 3
2276,0, 345, False, 3
2277,0, 345, False, 3
2278,0, 345, False, 3
2279,0, 345, False, 3
2280,0, 345, False, 3
2281,0, 345, False, 3
2282,0, 345, False, 3
2283,0, 345, False, 3
2284,0, 345, False, 3
2285,0, 345, False, 0
2286,0, 345, False, 0
2287,0, 345, False, 0
2288,0, 345, False, 1
2289,0, 345, False, 1
2290,0, 345, False, 1
2291,0, 345, False, 1
2292,0, 345, False, 1
2293,0, 345, False, 1
2294,0, 345, False, 1
2295,0, 345, False, 1
2296,0, 345, False, 1
2297,0, 345, False, 1
2298,0, 345, False, 0
2299,0, 345, False, 0
2300,0, 345, False, 0
2301,0, 345, False, 0
2302,0, 345, False, 1
2303,0, 345, False, 1
2304,0, 345, False, 1
2305,0, 345, False, 1
2306,0, 345, False, 1
2307,0, 345, False, 1
2308,0, 345, False, 1
2309,0, 345, False, 0
2310,0, 345, False, 0
2311,0, 345, False, 0
2312,0, 345, False, 1
2313,0, 345, False, 1
2314,0, 345, False, 1
2315,0, 345, False, 1
2316,0, 345, False, 1
2317,0, 345, False, 11
2318,0, 345, False, 11
2319,0, 345, False, 11
2320,0, 345, False, 11
2321,0, 345, False, 3
2322,0, 345, False, 3
2323,0, 345, False, 3
2324,0, 345, False, 11
2325,0, 345, False, 11
2326,0, 345, False, 11
2327,0, 345, False, 11
2328,0, 345, False, 11
2329,0, 345, False, 11
2330,0, 345, False, 11
2331,0, 345, False, 11
2332,0, 345, False, 1
2333,0, 345, False, 0
2334,0, 345, False, 0
2335,0, 345, False, 0
2336,0, 345, False, 0
2337,0, 345, False, 0
2338,0, 345, False, 0
2339,0, 345, False, 0
2340,0, 345, False, 0
2341,0, 345, False, 0
2342,0, 345, False, 0
2343,0, 345, False, 1
2344,0, 345, False, 1
2345,0, 345, False, 1
2346,0, 345, False, 1
2347,0, 345, False, 1
2348,0, 345, False, 1
2349,0, 345, False, 1
2350,0, 345, False, 0
2351,0, 345, False, 0
2352,0, 345, False, 0
2353,0, 345, False, 0
2354,0, 345, False, 1
2355,20, 365, False, 1
2356,0, 365, False, 1
2357,0, 365, False, 1
2358,0, 365, False, 1
2359,0, 365, False, 11
2360,0, 365, False, 11
2361,0, 365, False, 3
2362,0, 365, False, 3
2363,0, 365, False, 3
2364,0, 365, False, 3
2365,0, 365, False, 3
2366,0, 365, False, 3
2367,0, 365, False, 3
2368,0, 365, False, 3
2369,0, 365, False, 11
2370,0, 365, False, 11
2371,0, 365, False, 11
2372,0, 365, False, 11
2373,0, 365, False, 11
2374,0, 365, False, 11
2375,0, 365, False, 11
2376,0, 365, False, 11
2377,0, 365, False, 11
2378,0, 365, False, 1
2379,0, 365, False, 3
2380,0, 365, False, 3
2381,0, 365, False, 3
2382,0, 365, False, 3
2383,0, 365, False, 3
2384,0, 365, False, 3
2385,0, 365, False, 11
2386,0, 365, False, 11
2387,0, 365, False, 11
2388,0, 365, False, 11
2389,0, 365, False, 11
2390,0, 365, False, 11
2391,0, 365, False, 11
2392,0, 365, False, 11
2393,0, 365, False, 3
2394,0, 365, False, 3
2395,0, 365, False, 3
2396,0, 365, False, 3
2397,0, 365, False, 3
2398,0, 365, False, 3
2399,25, 390, False, 3
2400,0, 390, False, 3
2401,0, 390, False, 3
2402,0, 390, False, 3
2403,0, 390, False, 3
2404,0, 390, False, 3
2405,0, 390, False, 3
2406,0, 390, False, 3
2407,0, 390, False, 3
2408,0, 390, False, 3
2409,0, 390, False, 3
2410,0, 390, False, 3
2411,0, 390, False, 3
2412,0, 390, False, 3
2413,0, 390, False, 3
2414,0, 390, False, 3
2415,0, 390, False, 3
2416,0, 390, False, 0
2417,0, 390, False, 0
2418,0, 390, False, 0
2419,0, 390, False, 0
2420,0, 390, False, 0
2421,0, 390, False, 0
2422,0, 390, False, 0
2423,0, 390, False, 0
2424,0, 390, False, 3
2425,0, 390, False, 3
2426,0, 390, False, 3
2427,0, 390, False, 3
2428,0, 390, False, 3
2429,0, 390, False, 3
2430,0, 390, False, 3
2431,0, 390, False, 3
2432,0, 390, False, 3
2433,0, 390, False, 3
2434,0, 390, False, 3
2435,0, 390, False, 3
2436,0, 390, False, 3
2437,0, 390, False, 3
2438,0, 390, False, 3
2439,0, 390, False, 3
2440,0, 390, False, 3
2441,0, 390, False, 3
2442,0, 390, False, 3
2443,0, 390, False, 3
2444,0, 390, False, 3
2445,0, 390, False, 3
2446,0, 390, False, 3
2447,0, 390, False, 3
2448,0, 390, False, 3
2449,0, 390, False, 3
2450,0, 390, False, 3
2451,0, 390, False, 3
2452,0, 390, False, 3
2453,0, 390, False, 3
2454,0, 390, False, 3
2455,0, 390, False, 3
2456,0, 390, False, 3
2457,0, 390, False, 3
2458,0, 390, False, 3
2459,0, 390, False, 3
2460,0, 390, False, 3
2461,0, 390, False, 3
2462,0, 390, False, 3
2463,0, 390, False, 0
2464,0, 390, False, 0
2465,0, 390, False, 4
2466,0, 390, False, 4
2467,0, 390, False, 4
2468,0, 390, False, 4
2469,0, 390, False, 4
2470,0, 390, False, 4
2471,0, 390, False, 4
2472,0, 390, False, 4
2473,0, 390, False, 4
2474,0, 390, False, 4
2475,0, 390, False, 4
2476,0, 390, False, 0
2477,0, 390, False, 0
2478,0, 390, False, 0
2479,0, 390, False, 0
2480,0, 390, False, 0
2481,0, 390, False, 0
2482,0, 390, False, 0
2483,0, 390, False, 0
2484,0, 390, False, 0
2485,0, 390, False, 0
2486,0, 390, False, 1
2487,0, 390, False, 1
2488,0, 390, False, 1
2489,0, 390, False, 1
2490,0, 390, False, 1
2491,0, 390, False, 1
2492,0, 390, False, 1
2493,0, 390, False, 1
2494,0, 390, False, 1
2495,0, 390, False, 1
2496,0, 390, False, 1
2497,0, 390, False, 0
2498,0, 390, False, 0
2499,0, 390, False, 0
2500,0, 390, False, 0
2501,0, 390, False, 0
2502,0, 390, False, 0
2503,0, 390, False, 0
2504,0, 390, False, 0
2505,0, 390, False, 0
2506,0, 390, True, 0
