db traj id : 459
frame,reward,score,terminal, action
0,0, 0, False, 0
1,0, 0, False, 0
2,0, 0, False, 0
3,0, 0, False, 0
4,0, 0, False, 0
5,0, 0, False, 0
6,0, 0, False, 0
7,0, 0, False, 0
8,0, 0, False, 0
9,0, 0, False, 0
10,0, 0, False, 3
11,0, 0, False, 3
12,0, 0, False, 3
13,0, 0, False, 3
14,0, 0, False, 3
15,0, 0, False, 3
16,0, 0, False, 3
17,0, 0, False, 3
18,0, 0, False, 3
19,0, 0, False, 3
20,0, 0, False, 3
21,0, 0, False, 3
22,0, 0, False, 3
23,0, 0, False, 3
24,0, 0, False, 3
25,0, 0, False, 3
26,0, 0, False, 3
27,0, 0, False, 3
28,0, 0, False, 3
29,0, 0, False, 3
30,0, 0, False, 3
31,0, 0, False, 3
32,0, 0, False, 3
33,0, 0, False, 3
34,0, 0, False, 3
35,0, 0, False, 3
36,0, 0, False, 3
37,0, 0, False, 3
38,0, 0, False, 0
39,0, 0, False, 0
40,0, 0, False, 0
41,0, 0, False, 0
42,0, 0, False, 0
43,0, 0, False, 0
44,0, 0, False, 0
45,0, 0, False, 0
46,0, 0, False, 0
47,0, 0, False, 0
48,0, 0, False, 0
49,0, 0, False, 0
50,0, 0, False, 0
51,0, 0, False, 0
52,0, 0, False, 0
53,0, 0, False, 0
54,0, 0, False, 0
55,0, 0, False, 0
56,0, 0, False, 0
57,0, 0, False, 0
58,0, 0, False, 0
59,0, 0, False, 0
60,0, 0, False, 0
61,0, 0, False, 0
62,0, 0, False, 0
63,0, 0, False, 0
64,0, 0, False, 0
65,0, 0, False, 3
66,0, 0, False, 3
67,0, 0, False, 3
68,0, 0, False, 3
69,0, 0, False, 3
70,0, 0, False, 3
71,0, 0, False, 3
72,0, 0, False, 3
73,0, 0, False, 3
74,0, 0, False, 3
75,0, 0, False, 3
76,0, 0, False, 3
77,0, 0, False, 3
78,0, 0, False, 3
79,0, 0, False, 3
80,0, 0, False, 3
81,0, 0, False, 3
82,0, 0, False, 3
83,0, 0, False, 3
84,0, 0, False, 3
85,0, 0, False, 3
86,0, 0, False, 3
87,0, 0, False, 3
88,0, 0, False, 3
89,0, 0, False, 3
90,0, 0, False, 3
91,0, 0, False, 3
92,0, 0, False, 3
93,0, 0, False, 0
94,0, 0, False, 0
95,0, 0, False, 0
96,0, 0, False, 0
97,0, 0, False, 0
98,0, 0, False, 0
99,0, 0, False, 0
100,0, 0, False, 0
101,0, 0, False, 0
102,0, 0, False, 0
103,0, 0, False, 0
104,0, 0, False, 0
105,0, 0, False, 0
106,0, 0, False, 3
107,0, 0, False, 3
108,0, 0, False, 3
109,0, 0, False, 3
110,0, 0, False, 3
111,0, 0, False, 3
112,0, 0, False, 3
113,0, 0, False, 3
114,0, 0, False, 3
115,0, 0, False, 3
116,0, 0, False, 3
117,0, 0, False, 3
118,0, 0, False, 3
119,0, 0, False, 3
120,0, 0, False, 3
121,0, 0, False, 3
122,0, 0, False, 3
123,0, 0, False, 3
124,0, 0, False, 3
125,0, 0, False, 3
126,0, 0, False, 3
127,0, 0, False, 3
128,0, 0, False, 3
129,0, 0, False, 3
130,0, 0, False, 3
131,0, 0, False, 3
132,0, 0, False, 0
133,0, 0, False, 0
134,0, 0, False, 0
135,0, 0, False, 0
136,0, 0, False, 0
137,0, 0, False, 0
138,0, 0, False, 0
139,0, 0, False, 0
140,0, 0, False, 0
141,0, 0, False, 0
142,0, 0, False, 0
143,0, 0, False, 0
144,0, 0, False, 0
145,0, 0, False, 0
146,0, 0, False, 3
147,0, 0, False, 3
148,0, 0, False, 3
149,0, 0, False, 3
150,0, 0, False, 3
151,0, 0, False, 3
152,0, 0, False, 3
153,0, 0, False, 3
154,0, 0, False, 3
155,0, 0, False, 3
156,0, 0, False, 3
157,0, 0, False, 3
158,0, 0, False, 3
159,0, 0, False, 3
160,0, 0, False, 3
161,0, 0, False, 3
162,0, 0, False, 3
163,0, 0, False, 3
164,0, 0, False, 3
165,0, 0, False, 3
166,0, 0, False, 3
167,0, 0, False, 3
168,0, 0, False, 3
169,0, 0, False, 3
170,0, 0, False, 3
171,0, 0, False, 3
172,0, 0, False, 3
173,0, 0, False, 3
174,0, 0, False, 3
175,0, 0, False, 3
176,0, 0, False, 3
177,0, 0, False, 3
178,0, 0, False, 3
179,0, 0, False, 3
180,0, 0, False, 3
181,0, 0, False, 3
182,0, 0, False, 0
183,0, 0, False, 2
184,0, 0, False, 2
185,0, 0, False, 2
186,0, 0, False, 2
187,0, 0, False, 2
188,0, 0, False, 2
189,0, 0, False, 0
190,0, 0, False, 0
191,0, 0, False, 0
192,0, 0, False, 0
193,0, 0, False, 4
194,0, 0, False, 4
195,0, 0, False, 4
196,0, 0, False, 4
197,0, 0, False, 4
198,0, 0, False, 4
199,0, 0, False, 4
200,0, 0, False, 4
201,0, 0, False, 4
202,0, 0, False, 4
203,0, 0, False, 4
204,0, 0, False, 4
205,0, 0, False, 4
206,0, 0, False, 4
207,0, 0, False, 4
208,0, 0, False, 4
209,0, 0, False, 4
210,0, 0, False, 4
211,0, 0, False, 4
212,0, 0, False, 4
213,0, 0, False, 4
214,0, 0, False, 4
215,0, 0, False, 4
216,0, 0, False, 4
217,0, 0, False, 4
218,0, 0, False, 4
219,0, 0, False, 4
220,0, 0, False, 4
221,0, 0, False, 4
222,0, 0, False, 4
223,0, 0, False, 4
224,0, 0, False, 4
225,0, 0, False, 4
226,0, 0, False, 4
227,0, 0, False, 4
228,0, 0, False, 4
229,0, 0, False, 4
230,0, 0, False, 4
231,0, 0, False, 4
232,0, 0, False, 4
233,0, 0, False, 4
234,0, 0, False, 4
235,0, 0, False, 4
236,0, 0, False, 4
237,0, 0, False, 12
238,0, 0, False, 12
239,0, 0, False, 12
240,0, 0, False, 12
241,0, 0, False, 12
242,0, 0, False, 12
243,0, 0, False, 12
244,0, 0, False, 12
245,0, 0, False, 12
246,0, 0, False, 12
247,0, 0, False, 12
248,0, 0, False, 12
249,0, 0, False, 12
250,0, 0, False, 4
251,0, 0, False, 4
252,0, 0, False, 4
253,0, 0, False, 4
254,0, 0, False, 4
255,0, 0, False, 4
256,0, 0, False, 4
257,0, 0, False, 4
258,0, 0, False, 4
259,0, 0, False, 4
260,0, 0, False, 4
261,0, 0, False, 4
262,0, 0, False, 4
263,0, 0, False, 4
264,0, 0, False, 4
265,0, 0, False, 4
266,0, 0, False, 4
267,0, 0, False, 4
268,0, 0, False, 4
269,0, 0, False, 4
270,0, 0, False, 4
271,0, 0, False, 4
272,0, 0, False, 4
273,0, 0, False, 4
274,0, 0, False, 12
275,0, 0, False, 12
276,0, 0, False, 12
277,0, 0, False, 12
278,0, 0, False, 12
279,0, 0, False, 4
280,0, 0, False, 4
281,0, 0, False, 4
282,0, 0, False, 4
283,0, 0, False, 4
284,0, 0, False, 4
285,0, 0, False, 12
286,0, 0, False, 12
287,0, 0, False, 12
288,0, 0, False, 12
289,0, 0, False, 4
290,0, 0, False, 4
291,0, 0, False, 4
292,0, 0, False, 4
293,0, 0, False, 0
294,0, 0, False, 0
295,0, 0, False, 0
296,0, 0, False, 0
297,0, 0, False, 0
298,0, 0, False, 0
299,0, 0, False, 0
300,0, 0, False, 0
301,0, 0, False, 4
302,0, 0, False, 4
303,0, 0, False, 4
304,0, 0, False, 4
305,0, 0, False, 4
306,0, 0, False, 4
307,0, 0, False, 4
308,0, 0, False, 4
309,0, 0, False, 4
310,0, 0, False, 4
311,0, 0, False, 4
312,0, 0, False, 4
313,0, 0, False, 4
314,0, 0, False, 4
315,0, 0, False, 4
316,0, 0, False, 4
317,0, 0, False, 4
318,0, 0, False, 4
319,0, 0, False, 0
320,0, 0, False, 0
321,0, 0, False, 0
322,0, 0, False, 0
323,0, 0, False, 0
324,0, 0, False, 0
325,0, 0, False, 0
326,0, 0, False, 0
327,0, 0, False, 0
328,0, 0, False, 0
329,0, 0, False, 4
330,0, 0, False, 4
331,0, 0, False, 4
332,0, 0, False, 4
333,0, 0, False, 4
334,0, 0, False, 4
335,0, 0, False, 4
336,0, 0, False, 4
337,0, 0, False, 4
338,0, 0, False, 4
339,0, 0, False, 4
340,0, 0, False, 4
341,0, 0, False, 4
342,0, 0, False, 0
343,0, 0, False, 0
344,0, 0, False, 0
345,0, 0, False, 0
346,0, 0, False, 3
347,0, 0, False, 3
348,0, 0, False, 3
349,0, 0, False, 3
350,0, 0, False, 3
351,0, 0, False, 3
352,0, 0, False, 3
353,0, 0, False, 3
354,0, 0, False, 3
355,0, 0, False, 3
356,0, 0, False, 3
357,0, 0, False, 3
358,0, 0, False, 3
359,0, 0, False, 3
360,0, 0, False, 3
361,0, 0, False, 3
362,0, 0, False, 3
363,0, 0, False, 3
364,0, 0, False, 3
365,0, 0, False, 3
366,0, 0, False, 3
367,0, 0, False, 3
368,0, 0, False, 3
369,0, 0, False, 3
370,0, 0, False, 3
371,0, 0, False, 3
372,0, 0, False, 3
373,0, 0, False, 3
374,0, 0, False, 3
375,0, 0, False, 3
376,0, 0, False, 3
377,0, 0, False, 3
378,0, 0, False, 3
379,0, 0, False, 3
380,0, 0, False, 3
381,0, 0, False, 3
382,0, 0, False, 3
383,0, 0, False, 3
384,0, 0, False, 3
385,0, 0, False, 3
386,0, 0, False, 3
387,0, 0, False, 0
388,0, 0, False, 0
389,0, 0, False, 0
390,0, 0, False, 1
391,0, 0, False, 1
392,0, 0, False, 1
393,0, 0, False, 1
394,0, 0, False, 1
395,0, 0, False, 0
396,0, 0, False, 0
397,0, 0, False, 0
398,0, 0, False, 0
399,0, 0, False, 0
400,0, 0, False, 0
401,0, 0, False, 0
402,0, 0, False, 1
403,0, 0, False, 1
404,0, 0, False, 1
405,0, 0, False, 1
406,0, 0, False, 0
407,0, 0, False, 0
408,0, 0, False, 0
409,0, 0, False, 0
410,0, 0, False, 0
411,0, 0, False, 0
412,0, 0, False, 0
413,0, 0, False, 0
414,0, 0, False, 1
415,0, 0, False, 1
416,0, 0, False, 1
417,0, 0, False, 1
418,0, 0, False, 1
419,0, 0, False, 0
420,0, 0, False, 0
421,0, 0, False, 0
422,0, 0, False, 0
423,0, 0, False, 0
424,0, 0, False, 0
425,0, 0, False, 0
426,0, 0, False, 4
427,0, 0, False, 12
428,0, 0, False, 12
429,0, 0, False, 4
430,0, 0, False, 4
431,0, 0, False, 4
432,0, 0, False, 4
433,0, 0, False, 0
434,0, 0, False, 0
435,0, 0, False, 0
436,0, 0, False, 0
437,0, 0, False, 0
438,0, 0, False, 0
439,0, 0, False, 1
440,0, 0, False, 1
441,0, 0, False, 1
442,0, 0, False, 0
443,0, 0, False, 0
444,0, 0, False, 0
445,0, 0, False, 0
446,0, 0, False, 0
447,0, 0, False, 0
448,0, 0, False, 0
449,0, 0, False, 1
450,0, 0, False, 1
451,0, 0, False, 1
452,0, 0, False, 0
453,0, 0, False, 0
454,0, 0, False, 0
455,0, 0, False, 0
456,0, 0, False, 0
457,0, 0, False, 0
458,0, 0, False, 0
459,0, 0, False, 0
460,0, 0, False, 0
461,0, 0, False, 1
462,0, 0, False, 1
463,0, 0, False, 1
464,0, 0, False, 1
465,0, 0, False, 1
466,0, 0, False, 0
467,0, 0, False, 0
468,0, 0, False, 0
469,0, 0, False, 0
470,0, 0, False, 0
471,0, 0, False, 0
472,0, 0, False, 1
473,0, 0, False, 1
474,0, 0, False, 1
475,0, 0, False, 1
476,0, 0, False, 1
477,0, 0, False, 1
478,0, 0, False, 0
479,0, 0, False, 0
480,0, 0, False, 0
481,0, 0, False, 0
482,0, 0, False, 0
483,0, 0, False, 0
484,0, 0, False, 1
485,0, 0, False, 1
486,0, 0, False, 1
487,0, 0, False, 1
488,0, 0, False, 1
489,0, 0, False, 0
490,0, 0, False, 0
491,0, 0, False, 0
492,0, 0, False, 0
493,0, 0, False, 0
494,0, 0, False, 0
495,0, 0, False, 0
496,0, 0, False, 0
497,0, 0, False, 0
498,0, 0, False, 0
499,0, 0, False, 1
500,5, 5, False, 1
501,0, 5, False, 1
502,0, 5, False, 0
503,0, 5, False, 0
504,0, 5, False, 0
505,0, 5, False, 0
506,0, 5, False, 0
507,0, 5, False, 0
508,0, 5, False, 0
509,0, 5, False, 3
510,0, 5, False, 3
511,0, 5, False, 3
512,0, 5, False, 3
513,0, 5, False, 3
514,0, 5, False, 3
515,0, 5, False, 3
516,0, 5, False, 3
517,0, 5, False, 3
518,0, 5, False, 3
519,0, 5, False, 3
520,0, 5, False, 3
521,0, 5, False, 0
522,0, 5, False, 1
523,0, 5, False, 1
524,0, 5, False, 1
525,0, 5, False, 0
526,0, 5, False, 0
527,0, 5, False, 0
528,0, 5, False, 0
529,0, 5, False, 0
530,0, 5, False, 0
531,0, 5, False, 0
532,0, 5, False, 0
533,0, 5, False, 0
534,10, 15, False, 1
535,0, 15, False, 1
536,0, 15, False, 1
537,0, 15, False, 1
538,0, 15, False, 1
539,0, 15, False, 0
540,0, 15, False, 0
541,0, 15, False, 0
542,0, 15, False, 0
543,0, 15, False, 0
544,0, 15, False, 1
545,0, 15, False, 1
546,0, 15, False, 1
547,0, 15, False, 1
548,0, 15, False, 1
549,0, 15, False, 0
550,0, 15, False, 0
551,0, 15, False, 0
552,0, 15, False, 0
553,0, 15, False, 0
554,0, 15, False, 0
555,0, 15, False, 1
556,0, 15, False, 1
557,0, 15, False, 1
558,0, 15, False, 1
559,0, 15, False, 1
560,0, 15, False, 0
561,0, 15, False, 0
562,0, 15, False, 0
563,0, 15, False, 0
564,0, 15, False, 0
565,0, 15, False, 0
566,0, 15, False, 1
567,0, 15, False, 1
568,0, 15, False, 1
569,0, 15, False, 1
570,0, 15, False, 1
571,0, 15, False, 1
572,0, 15, False, 0
573,0, 15, False, 0
574,0, 15, False, 0
575,0, 15, False, 0
576,0, 15, False, 0
577,0, 15, False, 0
578,0, 15, False, 0
579,0, 15, False, 12
580,0, 15, False, 12
581,0, 15, False, 12
582,0, 15, False, 12
583,0, 15, False, 4
584,0, 15, False, 4
585,0, 15, False, 4
586,0, 15, False, 4
587,0, 15, False, 0
588,0, 15, False, 0
589,0, 15, False, 1
590,0, 15, False, 1
591,0, 15, False, 1
592,0, 15, False, 1
593,0, 15, False, 1
594,0, 15, False, 1
595,0, 15, False, 0
596,0, 15, False, 0
597,0, 15, False, 0
598,0, 15, False, 0
599,0, 15, False, 0
600,0, 15, False, 0
601,0, 15, False, 1
602,0, 15, False, 1
603,0, 15, False, 1
604,0, 15, False, 1
605,0, 15, False, 1
606,0, 15, False, 1
607,0, 15, False, 0
608,0, 15, False, 0
609,0, 15, False, 0
610,30, 45, False, 0
611,0, 45, False, 0
612,0, 45, False, 0
613,0, 45, False, 1
614,0, 45, False, 1
615,0, 45, False, 1
616,0, 45, False, 1
617,0, 45, False, 1
618,0, 45, False, 1
619,0, 45, False, 0
620,0, 45, False, 0
621,0, 45, False, 0
622,0, 45, False, 0
623,0, 45, False, 0
624,0, 45, False, 0
625,0, 45, False, 1
626,0, 45, False, 1
627,0, 45, False, 1
628,0, 45, False, 1
629,0, 45, False, 1
630,0, 45, False, 1
631,0, 45, False, 0
632,0, 45, False, 0
633,0, 45, False, 0
634,0, 45, False, 0
635,0, 45, False, 0
636,0, 45, False, 0
637,0, 45, False, 0
638,0, 45, False, 1
639,0, 45, False, 1
640,0, 45, False, 1
641,0, 45, False, 1
642,0, 45, False, 1
643,0, 45, False, 0
644,0, 45, False, 0
645,0, 45, False, 0
646,0, 45, False, 0
647,0, 45, False, 0
648,0, 45, False, 0
649,0, 45, False, 0
650,0, 45, False, 1
651,0, 45, False, 1
652,0, 45, False, 1
653,0, 45, False, 1
654,0, 45, False, 1
655,0, 45, False, 1
656,15, 60, False, 0
657,0, 60, False, 0
658,0, 60, False, 0
659,0, 60, False, 0
660,0, 60, False, 0
661,0, 60, False, 0
662,0, 60, False, 0
663,0, 60, False, 1
664,0, 60, False, 1
665,0, 60, False, 1
666,0, 60, False, 1
667,0, 60, False, 1
668,0, 60, False, 0
669,0, 60, False, 0
670,0, 60, False, 0
671,0, 60, False, 0
672,0, 60, False, 0
673,0, 60, False, 0
674,0, 60, False, 0
675,0, 60, False, 0
676,0, 60, False, 1
677,0, 60, False, 1
678,0, 60, False, 1
679,0, 60, False, 1
680,0, 60, False, 1
681,0, 60, False, 3
682,0, 60, False, 3
683,0, 60, False, 3
684,0, 60, False, 3
685,0, 60, False, 3
686,0, 60, False, 3
687,0, 60, False, 3
688,0, 60, False, 0
689,0, 60, False, 0
690,0, 60, False, 1
691,0, 60, False, 1
692,0, 60, False, 1
693,0, 60, False, 1
694,0, 60, False, 1
695,0, 60, False, 1
696,0, 60, False, 0
697,0, 60, False, 0
698,0, 60, False, 0
699,0, 60, False, 0
700,0, 60, False, 0
701,0, 60, False, 0
702,0, 60, False, 0
703,0, 60, False, 1
704,0, 60, False, 1
705,0, 60, False, 1
706,0, 60, False, 1
707,0, 60, False, 1
708,0, 60, False, 0
709,0, 60, False, 0
710,0, 60, False, 0
711,0, 60, False, 0
712,0, 60, False, 0
713,0, 60, False, 0
714,0, 60, False, 0
715,0, 60, False, 1
716,20, 80, False, 1
717,0, 80, False, 1
718,0, 80, False, 1
719,0, 80, False, 1
720,0, 80, False, 0
721,0, 80, False, 0
722,0, 80, False, 0
723,0, 80, False, 0
724,0, 80, False, 0
725,0, 80, False, 0
726,0, 80, False, 0
727,0, 80, False, 1
728,0, 80, False, 1
729,0, 80, False, 11
730,0, 80, False, 11
731,0, 80, False, 3
732,0, 80, False, 3
733,0, 80, False, 3
734,0, 80, False, 3
735,0, 80, False, 3
736,0, 80, False, 3
737,0, 80, False, 3
738,0, 80, False, 3
739,0, 80, False, 3
740,0, 80, False, 3
741,0, 80, False, 3
742,0, 80, False, 3
743,0, 80, False, 3
744,0, 80, False, 3
745,0, 80, False, 0
746,0, 80, False, 0
747,0, 80, False, 0
748,0, 80, False, 0
749,0, 80, False, 0
750,0, 80, False, 3
751,0, 80, False, 3
752,0, 80, False, 3
753,0, 80, False, 3
754,0, 80, False, 3
755,0, 80, False, 3
756,0, 80, False, 3
757,0, 80, False, 3
758,0, 80, False, 3
759,0, 80, False, 3
760,0, 80, False, 3
761,0, 80, False, 3
762,0, 80, False, 3
763,0, 80, False, 3
764,0, 80, False, 3
765,0, 80, False, 3
766,0, 80, False, 3
767,0, 80, False, 3
768,0, 80, False, 3
769,0, 80, False, 3
770,0, 80, False, 3
771,0, 80, False, 3
772,0, 80, False, 3
773,0, 80, False, 3
774,0, 80, False, 3
775,0, 80, False, 3
776,0, 80, False, 3
777,0, 80, False, 3
778,25, 105, False, 3
779,0, 105, False, 3
780,0, 105, False, 3
781,0, 105, False, 3
782,0, 105, False, 3
783,0, 105, False, 3
784,0, 105, False, 3
785,0, 105, False, 3
786,0, 105, False, 3
787,0, 105, False, 3
788,0, 105, False, 3
789,0, 105, False, 3
790,0, 105, False, 3
791,0, 105, False, 3
792,0, 105, False, 3
793,0, 105, False, 3
794,0, 105, False, 3
795,0, 105, False, 3
796,0, 105, False, 3
797,0, 105, False, 3
798,0, 105, False, 3
799,0, 105, False, 3
800,0, 105, False, 3
801,0, 105, False, 3
802,0, 105, False, 3
803,0, 105, False, 11
804,0, 105, False, 11
805,0, 105, False, 1
806,0, 105, False, 1
807,0, 105, False, 1
808,0, 105, False, 1
809,0, 105, False, 0
810,0, 105, False, 0
811,0, 105, False, 0
812,0, 105, False, 0
813,0, 105, False, 0
814,0, 105, False, 1
815,0, 105, False, 1
816,0, 105, False, 1
817,0, 105, False, 1
818,0, 105, False, 1
819,0, 105, False, 1
820,0, 105, False, 1
821,0, 105, False, 0
822,0, 105, False, 0
823,0, 105, False, 0
824,0, 105, False, 1
825,0, 105, False, 1
826,0, 105, False, 1
827,0, 105, False, 1
828,5, 110, False, 1
829,0, 110, False, 1
830,0, 110, False, 1
831,0, 110, False, 1
832,0, 110, False, 0
833,0, 110, False, 0
834,0, 110, False, 0
835,0, 110, False, 0
836,0, 110, False, 0
837,0, 110, False, 1
838,0, 110, False, 1
839,0, 110, False, 1
840,0, 110, False, 1
841,0, 110, False, 1
842,0, 110, False, 0
843,0, 110, False, 0
844,0, 110, False, 0
845,0, 110, False, 0
846,0, 110, False, 0
847,0, 110, False, 0
848,0, 110, False, 3
849,0, 110, False, 3
850,0, 110, False, 3
851,0, 110, False, 3
852,0, 110, False, 3
853,0, 110, False, 3
854,0, 110, False, 3
855,0, 110, False, 3
856,0, 110, False, 3
857,0, 110, False, 3
858,0, 110, False, 3
859,0, 110, False, 3
860,0, 110, False, 3
861,0, 110, False, 3
862,0, 110, False, 3
863,0, 110, False, 3
864,10, 120, False, 3
865,0, 120, False, 3
866,0, 120, False, 3
867,0, 120, False, 3
868,0, 120, False, 3
869,0, 120, False, 3
870,0, 120, False, 3
871,0, 120, False, 3
872,0, 120, False, 3
873,0, 120, False, 3
874,0, 120, False, 3
875,0, 120, False, 3
876,0, 120, False, 3
877,0, 120, False, 3
878,0, 120, False, 3
879,0, 120, False, 3
880,0, 120, False, 3
881,0, 120, False, 3
882,0, 120, False, 3
883,0, 120, False, 3
884,0, 120, False, 3
885,0, 120, False, 3
886,0, 120, False, 3
887,0, 120, False, 3
888,0, 120, False, 3
889,0, 120, False, 3
890,0, 120, False, 3
891,0, 120, False, 3
892,0, 120, False, 3
893,0, 120, False, 3
894,0, 120, False, 3
895,0, 120, False, 3
896,0, 120, False, 3
897,0, 120, False, 3
898,0, 120, False, 3
899,0, 120, False, 0
900,0, 120, False, 1
901,0, 120, False, 1
902,0, 120, False, 1
903,0, 120, False, 1
904,0, 120, False, 1
905,0, 120, False, 1
906,0, 120, False, 0
907,0, 120, False, 0
908,0, 120, False, 0
909,0, 120, False, 0
910,0, 120, False, 0
911,0, 120, False, 1
912,0, 120, False, 1
913,0, 120, False, 1
914,0, 120, False, 1
915,0, 120, False, 1
916,0, 120, False, 0
917,0, 120, False, 0
918,0, 120, False, 0
919,0, 120, False, 0
920,0, 120, False, 0
921,0, 120, False, 0
922,0, 120, False, 0
923,0, 120, False, 1
924,0, 120, False, 1
925,0, 120, False, 1
926,0, 120, False, 1
927,0, 120, False, 1
928,0, 120, False, 0
929,0, 120, False, 0
930,0, 120, False, 0
931,0, 120, False, 0
932,0, 120, False, 0
933,0, 120, False, 0
934,0, 120, False, 0
935,0, 120, False, 0
936,0, 120, False, 0
937,0, 120, False, 1
938,0, 120, False, 1
939,0, 120, False, 1
940,0, 120, False, 1
941,0, 120, False, 4
942,0, 120, False, 4
943,0, 120, False, 4
944,0, 120, False, 0
945,0, 120, False, 0
946,0, 120, False, 0
947,0, 120, False, 0
948,0, 120, False, 0
949,0, 120, False, 1
950,0, 120, False, 1
951,0, 120, False, 1
952,0, 120, False, 1
953,0, 120, False, 1
954,0, 120, False, 0
955,0, 120, False, 0
956,0, 120, False, 0
957,0, 120, False, 0
958,0, 120, False, 0
959,0, 120, False, 0
960,0, 120, False, 1
961,0, 120, False, 1
962,25, 145, False, 1
963,0, 145, False, 1
964,0, 145, False, 1
965,0, 145, False, 1
966,0, 145, False, 0
967,0, 145, False, 0
968,0, 145, False, 0
969,0, 145, False, 0
970,0, 145, False, 0
971,0, 145, False, 0
972,0, 145, False, 1
973,0, 145, False, 1
974,0, 145, False, 1
975,0, 145, False, 1
976,0, 145, False, 1
977,0, 145, False, 0
978,0, 145, False, 0
979,0, 145, False, 0
980,0, 145, False, 0
981,0, 145, False, 0
982,0, 145, False, 0
983,0, 145, False, 0
984,5, 150, False, 0
985,0, 150, False, 1
986,0, 150, False, 1
987,0, 150, False, 1
988,0, 150, False, 1
989,0, 150, False, 1
990,0, 150, False, 0
991,0, 150, False, 0
992,0, 150, False, 0
993,0, 150, False, 0
994,0, 150, False, 0
995,0, 150, False, 0
996,0, 150, False, 0
997,0, 150, False, 1
998,0, 150, False, 1
999,0, 150, False, 1
1000,0, 150, False, 1
1001,0, 150, False, 1
1002,0, 150, False, 0
1003,0, 150, False, 0
1004,0, 150, False, 0
1005,0, 150, False, 0
1006,0, 150, False, 0
1007,0, 150, False, 0
1008,0, 150, False, 1
1009,0, 150, False, 1
1010,0, 150, False, 1
1011,0, 150, False, 1
1012,0, 150, False, 1
1013,0, 150, False, 1
1014,10, 160, False, 0
1015,0, 160, False, 0
1016,0, 160, False, 0
1017,0, 160, False, 0
1018,0, 160, False, 0
1019,0, 160, False, 0
1020,0, 160, False, 0
1021,0, 160, False, 1
1022,0, 160, False, 1
1023,0, 160, False, 1
1024,0, 160, False, 1
1025,0, 160, False, 1
1026,0, 160, False, 0
1027,0, 160, False, 0
1028,0, 160, False, 0
1029,0, 160, False, 0
1030,0, 160, False, 0
1031,0, 160, False, 0
1032,0, 160, False, 0
1033,0, 160, False, 4
1034,0, 160, False, 4
1035,0, 160, False, 4
1036,0, 160, False, 4
1037,0, 160, False, 4
1038,0, 160, False, 4
1039,0, 160, False, 4
1040,0, 160, False, 4
1041,0, 160, False, 4
1042,0, 160, False, 4
1043,0, 160, False, 4
1044,0, 160, False, 4
1045,0, 160, False, 4
1046,0, 160, False, 4
1047,0, 160, False, 4
1048,0, 160, False, 4
1049,0, 160, False, 4
1050,0, 160, False, 4
1051,0, 160, False, 4
1052,0, 160, False, 4
1053,0, 160, False, 4
1054,0, 160, False, 4
1055,0, 160, False, 4
1056,0, 160, False, 4
1057,0, 160, False, 4
1058,0, 160, False, 4
1059,0, 160, False, 4
1060,0, 160, False, 4
1061,0, 160, False, 4
1062,0, 160, False, 4
1063,0, 160, False, 4
1064,0, 160, False, 4
1065,0, 160, False, 4
1066,0, 160, False, 4
1067,0, 160, False, 4
1068,0, 160, False, 4
1069,0, 160, False, 4
1070,0, 160, False, 4
1071,0, 160, False, 4
1072,0, 160, False, 4
1073,0, 160, False, 4
1074,0, 160, False, 4
1075,0, 160, False, 4
1076,0, 160, False, 4
1077,0, 160, False, 4
1078,0, 160, False, 4
1079,0, 160, False, 4
1080,0, 160, False, 4
1081,0, 160, False, 4
1082,0, 160, False, 4
1083,0, 160, False, 4
1084,0, 160, False, 4
1085,0, 160, False, 4
1086,0, 160, False, 4
1087,0, 160, False, 4
1088,0, 160, False, 4
1089,0, 160, False, 4
1090,0, 160, False, 12
1091,0, 160, False, 12
1092,0, 160, False, 1
1093,0, 160, False, 1
1094,0, 160, False, 1
1095,0, 160, False, 0
1096,0, 160, False, 0
1097,0, 160, False, 0
1098,0, 160, False, 0
1099,0, 160, False, 0
1100,0, 160, False, 0
1101,0, 160, False, 1
1102,0, 160, False, 1
1103,0, 160, False, 1
1104,0, 160, False, 1
1105,0, 160, False, 1
1106,0, 160, False, 0
1107,0, 160, False, 0
1108,0, 160, False, 0
1109,0, 160, False, 0
1110,0, 160, False, 0
1111,0, 160, False, 1
1112,0, 160, False, 1
1113,0, 160, False, 1
1114,0, 160, False, 1
1115,0, 160, False, 1
1116,0, 160, False, 1
1117,0, 160, False, 0
1118,0, 160, False, 0
1119,0, 160, False, 0
1120,0, 160, False, 0
1121,0, 160, False, 4
1122,0, 160, False, 4
1123,0, 160, False, 4
1124,0, 160, False, 4
1125,0, 160, False, 4
1126,0, 160, False, 4
1127,0, 160, False, 4
1128,0, 160, False, 4
1129,0, 160, False, 4
1130,0, 160, False, 4
1131,0, 160, False, 4
1132,0, 160, False, 4
1133,0, 160, False, 4
1134,0, 160, False, 4
1135,0, 160, False, 4
1136,0, 160, False, 4
1137,0, 160, False, 4
1138,0, 160, False, 4
1139,0, 160, False, 4
1140,0, 160, False, 4
1141,0, 160, False, 4
1142,0, 160, False, 4
1143,0, 160, False, 4
1144,0, 160, False, 4
1145,0, 160, False, 4
1146,0, 160, False, 4
1147,0, 160, False, 4
1148,0, 160, False, 4
1149,0, 160, False, 4
1150,0, 160, False, 4
1151,0, 160, False, 4
1152,0, 160, False, 4
1153,0, 160, False, 4
1154,0, 160, False, 4
1155,0, 160, False, 4
1156,0, 160, False, 4
1157,0, 160, False, 4
1158,0, 160, False, 4
1159,0, 160, False, 4
1160,0, 160, False, 4
1161,0, 160, False, 4
1162,0, 160, False, 4
1163,0, 160, False, 4
1164,0, 160, False, 4
1165,0, 160, False, 4
1166,0, 160, False, 4
1167,0, 160, False, 4
1168,0, 160, False, 4
1169,0, 160, False, 4
1170,0, 160, False, 4
1171,0, 160, False, 4
1172,0, 160, False, 4
1173,0, 160, False, 0
1174,0, 160, False, 0
1175,0, 160, False, 0
1176,0, 160, False, 0
1177,0, 160, False, 0
1178,0, 160, False, 0
1179,0, 160, False, 0
1180,0, 160, False, 0
1181,0, 160, False, 0
1182,0, 160, False, 0
1183,0, 160, False, 3
1184,0, 160, False, 3
1185,0, 160, False, 3
1186,0, 160, False, 3
1187,0, 160, False, 3
1188,0, 160, False, 3
1189,0, 160, False, 3
1190,0, 160, False, 3
1191,0, 160, False, 3
1192,0, 160, False, 0
1193,0, 160, False, 0
1194,0, 160, False, 0
1195,0, 160, False, 0
1196,0, 160, False, 0
1197,0, 160, False, 0
1198,0, 160, False, 0
1199,0, 160, False, 0
1200,0, 160, False, 0
1201,0, 160, False, 0
1202,0, 160, False, 0
1203,0, 160, False, 0
1204,0, 160, False, 0
1205,0, 160, False, 1
1206,0, 160, False, 1
1207,0, 160, False, 1
1208,0, 160, False, 1
1209,0, 160, False, 1
1210,0, 160, False, 0
1211,0, 160, False, 0
1212,0, 160, False, 0
1213,0, 160, False, 0
1214,0, 160, False, 0
1215,0, 160, False, 0
1216,0, 160, False, 1
1217,0, 160, False, 1
1218,0, 160, False, 1
1219,0, 160, False, 1
1220,0, 160, False, 0
1221,0, 160, False, 0
1222,0, 160, False, 0
1223,0, 160, False, 0
1224,0, 160, False, 0
1225,0, 160, False, 4
1226,0, 160, False, 4
1227,0, 160, False, 4
1228,0, 160, False, 4
1229,0, 160, False, 4
1230,0, 160, False, 4
1231,0, 160, False, 4
1232,0, 160, False, 4
1233,0, 160, False, 4
1234,0, 160, False, 4
1235,0, 160, False, 4
1236,0, 160, False, 4
1237,0, 160, False, 4
1238,0, 160, False, 4
1239,0, 160, False, 4
1240,0, 160, False, 0
1241,0, 160, False, 0
1242,0, 160, False, 0
1243,0, 160, False, 0
1244,0, 160, False, 0
1245,0, 160, False, 0
1246,0, 160, False, 0
1247,0, 160, False, 0
1248,0, 160, False, 0
1249,0, 160, False, 0
1250,0, 160, False, 0
1251,0, 160, False, 0
1252,0, 160, False, 0
1253,0, 160, False, 0
1254,0, 160, False, 0
1255,0, 160, False, 0
1256,0, 160, False, 0
1257,0, 160, False, 0
1258,0, 160, False, 0
1259,0, 160, False, 0
1260,0, 160, False, 0
1261,0, 160, False, 0
1262,0, 160, False, 0
1263,0, 160, False, 0
1264,0, 160, False, 0
1265,0, 160, False, 3
1266,0, 160, False, 3
1267,0, 160, False, 3
1268,0, 160, False, 3
1269,0, 160, False, 3
1270,0, 160, False, 3
1271,0, 160, False, 3
1272,0, 160, False, 3
1273,0, 160, False, 3
1274,0, 160, False, 3
1275,0, 160, False, 3
1276,0, 160, False, 3
1277,0, 160, False, 3
1278,0, 160, False, 3
1279,0, 160, False, 3
1280,0, 160, False, 3
1281,0, 160, False, 3
1282,0, 160, False, 0
1283,0, 160, False, 0
1284,0, 160, False, 0
1285,0, 160, False, 0
1286,0, 160, False, 0
1287,0, 160, False, 0
1288,0, 160, False, 0
1289,0, 160, False, 0
1290,0, 160, False, 0
1291,0, 160, False, 0
1292,0, 160, False, 0
1293,0, 160, False, 0
1294,0, 160, False, 0
1295,0, 160, False, 0
1296,0, 160, False, 3
1297,0, 160, False, 3
1298,0, 160, False, 3
1299,0, 160, False, 3
1300,0, 160, False, 3
1301,0, 160, False, 0
1302,0, 160, False, 0
1303,0, 160, False, 0
1304,0, 160, False, 0
1305,0, 160, False, 0
1306,0, 160, False, 0
1307,0, 160, False, 0
1308,0, 160, False, 0
1309,0, 160, False, 0
1310,0, 160, False, 1
1311,0, 160, False, 1
1312,0, 160, False, 1
1313,0, 160, False, 1
1314,0, 160, False, 1
1315,0, 160, False, 1
1316,0, 160, False, 0
1317,0, 160, False, 0
1318,0, 160, False, 0
1319,0, 160, False, 0
1320,0, 160, False, 0
1321,0, 160, False, 0
1322,0, 160, False, 1
1323,0, 160, False, 1
1324,0, 160, False, 1
1325,0, 160, False, 1
1326,0, 160, False, 1
1327,0, 160, False, 0
1328,0, 160, False, 0
1329,0, 160, False, 0
1330,0, 160, False, 4
1331,0, 160, False, 4
1332,0, 160, False, 4
1333,0, 160, False, 4
1334,5, 165, False, 4
1335,0, 165, False, 4
1336,0, 165, False, 4
1337,0, 165, False, 4
1338,0, 165, False, 4
1339,0, 165, False, 4
1340,0, 165, False, 4
1341,0, 165, False, 4
1342,0, 165, False, 4
1343,0, 165, False, 4
1344,0, 165, False, 4
1345,0, 165, False, 4
1346,0, 165, False, 4
1347,0, 165, False, 4
1348,0, 165, False, 4
1349,0, 165, False, 4
1350,0, 165, False, 4
1351,0, 165, False, 4
1352,0, 165, False, 0
1353,0, 165, False, 0
1354,0, 165, False, 0
1355,0, 165, False, 0
1356,0, 165, False, 0
1357,0, 165, False, 0
1358,0, 165, False, 0
1359,0, 165, False, 0
1360,0, 165, False, 0
1361,0, 165, False, 0
1362,0, 165, False, 0
1363,0, 165, False, 0
1364,0, 165, False, 0
1365,0, 165, False, 0
1366,0, 165, False, 3
1367,0, 165, False, 3
1368,0, 165, False, 3
1369,0, 165, False, 3
1370,0, 165, False, 3
1371,0, 165, False, 3
1372,0, 165, False, 3
1373,0, 165, False, 3
1374,0, 165, False, 3
1375,0, 165, False, 3
1376,0, 165, False, 3
1377,0, 165, False, 3
1378,0, 165, False, 3
1379,0, 165, False, 3
1380,0, 165, False, 1
1381,0, 165, False, 1
1382,0, 165, False, 1
1383,0, 165, False, 1
1384,0, 165, False, 1
1385,0, 165, False, 1
1386,0, 165, False, 0
1387,0, 165, False, 0
1388,0, 165, False, 0
1389,0, 165, False, 0
1390,0, 165, False, 1
1391,0, 165, False, 1
1392,0, 165, False, 1
1393,0, 165, False, 1
1394,0, 165, False, 1
1395,0, 165, False, 1
1396,0, 165, False, 1
1397,0, 165, False, 0
1398,0, 165, False, 0
1399,0, 165, False, 0
1400,0, 165, False, 0
1401,0, 165, False, 0
1402,0, 165, False, 0
1403,0, 165, False, 0
1404,0, 165, False, 1
1405,0, 165, False, 1
1406,0, 165, False, 1
1407,0, 165, False, 1
1408,0, 165, False, 1
1409,0, 165, False, 1
1410,10, 175, False, 0
1411,0, 175, False, 0
1412,0, 175, False, 0
1413,0, 175, False, 0
1414,0, 175, False, 0
1415,0, 175, False, 0
1416,0, 175, False, 0
1417,0, 175, False, 1
1418,0, 175, False, 1
1419,0, 175, False, 1
1420,0, 175, False, 1
1421,0, 175, False, 1
1422,0, 175, False, 1
1423,0, 175, False, 0
1424,0, 175, False, 0
1425,0, 175, False, 0
1426,0, 175, False, 0
1427,0, 175, False, 0
1428,0, 175, False, 0
1429,0, 175, False, 1
1430,0, 175, False, 1
1431,0, 175, False, 1
1432,0, 175, False, 1
1433,0, 175, False, 1
1434,0, 175, False, 0
1435,0, 175, False, 0
1436,0, 175, False, 0
1437,0, 175, False, 0
1438,0, 175, False, 0
1439,0, 175, False, 0
1440,0, 175, False, 1
1441,0, 175, False, 1
1442,0, 175, False, 1
1443,0, 175, False, 1
1444,0, 175, False, 1
1445,0, 175, False, 0
1446,0, 175, False, 0
1447,0, 175, False, 0
1448,0, 175, False, 0
1449,0, 175, False, 0
1450,0, 175, False, 0
1451,0, 175, False, 1
1452,0, 175, False, 1
1453,0, 175, False, 1
1454,0, 175, False, 1
1455,0, 175, False, 1
1456,15, 190, False, 1
1457,0, 190, False, 0
1458,0, 190, False, 0
1459,0, 190, False, 0
1460,0, 190, False, 4
1461,0, 190, False, 4
1462,0, 190, False, 4
1463,0, 190, False, 4
1464,0, 190, False, 4
1465,0, 190, False, 4
1466,0, 190, False, 4
1467,0, 190, False, 1
1468,0, 190, False, 1
1469,0, 190, False, 1
1470,0, 190, False, 1
1471,0, 190, False, 1
1472,0, 190, False, 1
1473,0, 190, False, 0
1474,0, 190, False, 0
1475,0, 190, False, 0
1476,0, 190, False, 0
1477,0, 190, False, 1
1478,0, 190, False, 1
1479,0, 190, False, 1
1480,0, 190, False, 1
1481,0, 190, False, 1
1482,0, 190, False, 1
1483,0, 190, False, 0
1484,0, 190, False, 0
1485,0, 190, False, 0
1486,0, 190, False, 0
1487,0, 190, False, 0
1488,0, 190, False, 1
1489,0, 190, False, 1
1490,0, 190, False, 1
1491,0, 190, False, 1
1492,0, 190, False, 1
1493,0, 190, False, 1
1494,0, 190, False, 0
1495,0, 190, False, 0
1496,0, 190, False, 0
1497,0, 190, False, 0
1498,0, 190, False, 0
1499,0, 190, False, 0
1500,0, 190, False, 1
1501,0, 190, False, 1
1502,0, 190, False, 1
1503,0, 190, False, 1
1504,0, 190, False, 1
1505,0, 190, False, 4
1506,0, 190, False, 4
1507,0, 190, False, 4
1508,0, 190, False, 4
1509,0, 190, False, 4
1510,0, 190, False, 4
1511,0, 190, False, 4
1512,0, 190, False, 4
1513,0, 190, False, 4
1514,20, 210, False, 4
1515,0, 210, False, 4
1516,0, 210, False, 4
1517,0, 210, False, 4
1518,0, 210, False, 0
1519,0, 210, False, 0
1520,0, 210, False, 0
1521,0, 210, False, 0
1522,0, 210, False, 0
1523,0, 210, False, 0
1524,0, 210, False, 0
1525,0, 210, False, 0
1526,0, 210, False, 0
1527,0, 210, False, 0
1528,0, 210, False, 0
1529,0, 210, False, 0
1530,0, 210, False, 0
1531,0, 210, False, 0
1532,0, 210, False, 0
1533,0, 210, False, 0
1534,0, 210, False, 0
1535,0, 210, False, 0
1536,0, 210, False, 0
1537,0, 210, False, 0
1538,0, 210, False, 1
1539,0, 210, False, 1
1540,0, 210, False, 1
1541,0, 210, False, 1
1542,0, 210, False, 1
1543,0, 210, False, 0
1544,0, 210, False, 0
1545,0, 210, False, 0
1546,0, 210, False, 0
1547,0, 210, False, 0
1548,0, 210, False, 0
1549,0, 210, False, 1
1550,0, 210, False, 1
1551,0, 210, False, 1
1552,0, 210, False, 1
1553,0, 210, False, 0
1554,0, 210, False, 0
1555,0, 210, False, 0
1556,0, 210, False, 0
1557,0, 210, False, 0
1558,0, 210, False, 0
1559,0, 210, False, 0
1560,0, 210, False, 1
1561,0, 210, False, 1
1562,0, 210, False, 1
1563,0, 210, False, 1
1564,0, 210, False, 1
1565,0, 210, False, 1
1566,0, 210, False, 1
1567,0, 210, False, 0
1568,0, 210, False, 0
1569,0, 210, False, 0
1570,0, 210, False, 0
1571,0, 210, False, 0
1572,0, 210, False, 0
1573,0, 210, False, 1
1574,0, 210, False, 1
1575,0, 210, False, 1
1576,0, 210, False, 1
1577,0, 210, False, 1
1578,0, 210, False, 1
1579,0, 210, False, 1
1580,0, 210, False, 1
1581,0, 210, False, 0
1582,0, 210, False, 0
1583,0, 210, False, 0
1584,0, 210, False, 0
1585,0, 210, False, 0
1586,0, 210, False, 4
1587,0, 210, False, 4
1588,0, 210, False, 4
1589,0, 210, False, 4
1590,0, 210, False, 1
1591,0, 210, False, 1
1592,0, 210, False, 1
1593,0, 210, False, 1
1594,25, 235, False, 1
1595,0, 235, False, 0
1596,0, 235, False, 0
1597,0, 235, False, 0
1598,0, 235, False, 0
1599,0, 235, False, 0
1600,0, 235, False, 0
1601,0, 235, False, 0
1602,0, 235, False, 0
1603,0, 235, False, 1
1604,0, 235, False, 1
1605,0, 235, False, 1
1606,0, 235, False, 1
1607,0, 235, False, 1
1608,0, 235, False, 0
1609,0, 235, False, 0
1610,0, 235, False, 0
1611,0, 235, False, 0
1612,0, 235, False, 0
1613,0, 235, False, 0
1614,0, 235, False, 1
1615,0, 235, False, 1
1616,0, 235, False, 1
1617,0, 235, False, 1
1618,0, 235, False, 1
1619,0, 235, False, 1
1620,0, 235, False, 0
1621,0, 235, False, 0
1622,0, 235, False, 0
1623,0, 235, False, 0
1624,0, 235, False, 0
1625,0, 235, False, 0
1626,0, 235, False, 1
1627,0, 235, False, 1
1628,0, 235, False, 1
1629,0, 235, False, 1
1630,0, 235, False, 0
1631,0, 235, False, 0
1632,0, 235, False, 0
1633,0, 235, False, 0
1634,0, 235, False, 0
1635,0, 235, False, 0
1636,0, 235, False, 0
1637,0, 235, False, 4
1638,0, 235, False, 4
1639,0, 235, False, 4
1640,0, 235, False, 4
1641,0, 235, False, 4
1642,0, 235, False, 4
1643,0, 235, False, 4
1644,0, 235, False, 4
1645,0, 235, False, 4
1646,0, 235, False, 4
1647,0, 235, False, 4
1648,0, 235, False, 4
1649,0, 235, False, 4
1650,0, 235, False, 4
1651,0, 235, False, 4
1652,0, 235, False, 4
1653,0, 235, False, 4
1654,0, 235, False, 4
1655,0, 235, False, 4
1656,0, 235, False, 4
1657,0, 235, False, 4
1658,0, 235, False, 4
1659,0, 235, False, 4
1660,0, 235, False, 4
1661,0, 235, False, 4
1662,30, 265, False, 4
1663,0, 265, False, 4
1664,0, 265, False, 4
1665,0, 265, False, 4
1666,0, 265, False, 4
1667,0, 265, False, 4
1668,0, 265, False, 4
1669,0, 265, False, 4
1670,0, 265, False, 4
1671,0, 265, False, 4
1672,0, 265, False, 4
1673,0, 265, False, 4
1674,0, 265, False, 4
1675,0, 265, False, 4
1676,0, 265, False, 4
1677,0, 265, False, 4
1678,0, 265, False, 4
1679,0, 265, False, 4
1680,0, 265, False, 4
1681,0, 265, False, 4
1682,0, 265, False, 4
1683,0, 265, False, 0
1684,0, 265, False, 0
1685,0, 265, False, 1
1686,0, 265, False, 1
1687,0, 265, False, 1
1688,0, 265, False, 1
1689,0, 265, False, 1
1690,0, 265, False, 0
1691,0, 265, False, 0
1692,0, 265, False, 0
1693,0, 265, False, 0
1694,0, 265, False, 0
1695,0, 265, False, 1
1696,0, 265, False, 1
1697,0, 265, False, 1
1698,0, 265, False, 1
1699,0, 265, False, 1
1700,0, 265, False, 0
1701,0, 265, False, 0
1702,0, 265, False, 0
1703,0, 265, False, 0
1704,0, 265, False, 0
1705,0, 265, False, 1
1706,0, 265, False, 1
1707,0, 265, False, 1
1708,0, 265, False, 1
1709,0, 265, False, 1
1710,0, 265, False, 1
1711,0, 265, False, 1
1712,0, 265, False, 0
1713,0, 265, False, 0
1714,0, 265, False, 0
1715,0, 265, False, 0
1716,0, 265, False, 0
1717,0, 265, False, 1
1718,0, 265, False, 1
1719,0, 265, False, 1
1720,0, 265, False, 1
1721,0, 265, False, 1
1722,0, 265, False, 1
1723,0, 265, False, 0
1724,0, 265, False, 0
1725,0, 265, False, 0
1726,0, 265, False, 0
1727,0, 265, False, 0
1728,0, 265, False, 1
1729,0, 265, False, 1
1730,20, 285, False, 1
1731,0, 285, False, 1
1732,0, 285, False, 1
1733,0, 285, False, 1
1734,0, 285, False, 0
1735,0, 285, False, 0
1736,0, 285, False, 0
1737,0, 285, False, 0
1738,0, 285, False, 1
1739,0, 285, False, 1
1740,0, 285, False, 1
1741,0, 285, False, 1
1742,0, 285, False, 1
1743,0, 285, False, 1
1744,0, 285, False, 0
1745,0, 285, False, 0
1746,5, 290, False, 0
1747,0, 290, False, 0
1748,0, 290, False, 1
1749,0, 290, False, 1
1750,0, 290, False, 1
1751,0, 290, False, 1
1752,0, 290, False, 1
1753,0, 290, False, 1
1754,0, 290, False, 1
1755,0, 290, False, 0
1756,0, 290, False, 0
1757,0, 290, False, 0
1758,0, 290, False, 0
1759,0, 290, False, 0
1760,0, 290, False, 1
1761,0, 290, False, 1
1762,0, 290, False, 1
1763,0, 290, False, 1
1764,0, 290, False, 1
1765,0, 290, False, 1
1766,0, 290, False, 0
1767,0, 290, False, 0
1768,0, 290, False, 0
1769,0, 290, False, 0
1770,0, 290, False, 0
1771,0, 290, False, 1
1772,10, 300, False, 1
1773,0, 300, False, 1
1774,0, 300, False, 1
1775,0, 300, False, 1
1776,0, 300, False, 1
1777,0, 300, False, 0
1778,0, 300, False, 0
1779,0, 300, False, 0
1780,0, 300, False, 0
1781,0, 300, False, 0
1782,0, 300, False, 0
1783,0, 300, False, 1
1784,0, 300, False, 1
1785,0, 300, False, 1
1786,0, 300, False, 1
1787,0, 300, False, 1
1788,0, 300, False, 0
1789,0, 300, False, 0
1790,0, 300, False, 0
1791,0, 300, False, 0
1792,0, 300, False, 0
1793,0, 300, False, 0
1794,0, 300, False, 0
1795,0, 300, False, 0
1796,0, 300, False, 0
1797,0, 300, False, 0
1798,0, 300, False, 0
1799,0, 300, False, 0
1800,0, 300, False, 0
1801,0, 300, False, 0
1802,0, 300, False, 3
1803,0, 300, False, 3
1804,0, 300, False, 3
1805,0, 300, False, 3
1806,15, 315, False, 3
1807,0, 315, False, 3
1808,0, 315, False, 3
1809,0, 315, False, 3
1810,0, 315, False, 3
1811,0, 315, False, 3
1812,0, 315, False, 3
1813,0, 315, False, 3
1814,0, 315, False, 3
1815,0, 315, False, 3
1816,0, 315, False, 3
1817,0, 315, False, 3
1818,0, 315, False, 3
1819,0, 315, False, 3
1820,0, 315, False, 3
1821,0, 315, False, 3
1822,0, 315, False, 3
1823,0, 315, False, 3
1824,0, 315, False, 3
1825,0, 315, False, 3
1826,0, 315, False, 3
1827,0, 315, False, 3
1828,0, 315, False, 3
1829,0, 315, False, 3
1830,0, 315, False, 3
1831,0, 315, False, 3
1832,0, 315, False, 3
1833,0, 315, False, 3
1834,0, 315, False, 3
1835,0, 315, False, 3
1836,0, 315, False, 3
1837,0, 315, False, 3
1838,0, 315, False, 0
1839,0, 315, False, 0
1840,0, 315, False, 1
1841,0, 315, False, 1
1842,0, 315, False, 1
1843,0, 315, False, 1
1844,0, 315, False, 1
1845,0, 315, False, 1
1846,0, 315, False, 1
1847,0, 315, False, 0
1848,0, 315, False, 0
1849,0, 315, False, 0
1850,0, 315, False, 0
1851,0, 315, False, 0
1852,0, 315, False, 0
1853,0, 315, False, 0
1854,0, 315, False, 0
1855,0, 315, False, 0
1856,0, 315, False, 0
1857,0, 315, False, 0
1858,0, 315, False, 0
1859,0, 315, False, 0
1860,0, 315, False, 0
1861,0, 315, False, 0
1862,0, 315, False, 0
1863,0, 315, False, 0
1864,0, 315, False, 0
1865,0, 315, False, 0
1866,0, 315, False, 0
1867,0, 315, False, 0
1868,0, 315, False, 4
1869,0, 315, False, 4
1870,0, 315, False, 4
1871,0, 315, False, 4
1872,0, 315, False, 4
1873,0, 315, False, 4
1874,0, 315, False, 0
1875,0, 315, False, 0
1876,0, 315, False, 0
1877,0, 315, False, 1
1878,0, 315, False, 1
1879,0, 315, False, 1
1880,0, 315, False, 1
1881,0, 315, False, 1
1882,0, 315, False, 0
1883,0, 315, False, 0
1884,0, 315, False, 0
1885,0, 315, False, 0
1886,0, 315, False, 0
1887,0, 315, False, 0
1888,0, 315, False, 0
1889,0, 315, False, 0
1890,0, 315, False, 1
1891,0, 315, False, 1
1892,0, 315, False, 1
1893,0, 315, False, 0
1894,0, 315, False, 0
1895,0, 315, False, 0
1896,0, 315, False, 0
1897,0, 315, False, 0
1898,0, 315, False, 0
1899,0, 315, False, 0
1900,0, 315, False, 0
1901,0, 315, False, 0
1902,0, 315, False, 0
1903,0, 315, False, 0
1904,0, 315, False, 1
1905,0, 315, False, 1
1906,0, 315, False, 1
1907,0, 315, False, 1
1908,0, 315, False, 1
1909,0, 315, False, 0
1910,0, 315, False, 0
1911,0, 315, False, 0
1912,0, 315, False, 0
1913,0, 315, False, 0
1914,0, 315, False, 0
1915,0, 315, False, 0
1916,0, 315, False, 0
1917,0, 315, False, 0
1918,0, 315, False, 0
1919,0, 315, False, 0
1920,0, 315, False, 0
1921,0, 315, False, 3
1922,0, 315, False, 3
1923,0, 315, False, 3
1924,0, 315, False, 3
1925,0, 315, False, 3
1926,0, 315, False, 3
1927,0, 315, False, 3
1928,0, 315, False, 3
1929,0, 315, False, 3
1930,0, 315, False, 3
1931,0, 315, False, 3
1932,0, 315, False, 3
1933,0, 315, False, 3
1934,0, 315, False, 1
1935,0, 315, False, 1
1936,0, 315, False, 1
1937,0, 315, False, 1
1938,0, 315, False, 1
1939,0, 315, False, 1
1940,0, 315, False, 0
1941,0, 315, False, 0
1942,0, 315, False, 0
1943,0, 315, False, 0
1944,0, 315, False, 0
1945,0, 315, False, 0
1946,0, 315, False, 0
1947,0, 315, False, 0
1948,0, 315, False, 0
1949,0, 315, False, 0
1950,0, 315, False, 0
1951,0, 315, False, 0
1952,0, 315, False, 4
1953,0, 315, False, 4
1954,0, 315, False, 4
1955,0, 315, False, 4
1956,0, 315, False, 4
1957,0, 315, False, 4
1958,0, 315, False, 4
1959,0, 315, False, 4
1960,0, 315, False, 4
1961,0, 315, False, 4
1962,0, 315, False, 4
1963,0, 315, False, 4
1964,0, 315, False, 4
1965,0, 315, False, 4
1966,0, 315, False, 4
1967,0, 315, False, 4
1968,0, 315, False, 4
1969,0, 315, False, 4
1970,0, 315, False, 4
1971,0, 315, False, 4
1972,0, 315, False, 4
1973,0, 315, False, 4
1974,0, 315, False, 4
1975,0, 315, False, 4
1976,0, 315, False, 4
1977,0, 315, False, 12
1978,0, 315, False, 12
1979,0, 315, False, 12
1980,0, 315, False, 12
1981,0, 315, False, 12
1982,0, 315, False, 12
1983,0, 315, False, 4
1984,0, 315, False, 4
1985,0, 315, False, 4
1986,0, 315, False, 4
1987,0, 315, False, 4
1988,0, 315, False, 4
1989,0, 315, False, 12
1990,0, 315, False, 12
1991,0, 315, False, 12
1992,0, 315, False, 12
1993,0, 315, False, 12
1994,0, 315, False, 12
1995,0, 315, False, 4
1996,0, 315, False, 4
1997,0, 315, False, 0
1998,0, 315, False, 0
1999,0, 315, False, 0
2000,0, 315, False, 0
2001,0, 315, False, 1
2002,0, 315, False, 1
2003,0, 315, False, 1
2004,0, 315, False, 1
2005,0, 315, False, 1
2006,0, 315, False, 1
2007,0, 315, False, 0
2008,0, 315, False, 0
2009,0, 315, False, 0
2010,0, 315, False, 0
2011,0, 315, False, 0
2012,0, 315, False, 0
2013,0, 315, False, 1
2014,0, 315, False, 1
2015,0, 315, False, 1
2016,0, 315, False, 1
2017,0, 315, False, 1
2018,0, 315, False, 1
2019,0, 315, False, 0
2020,0, 315, False, 0
2021,0, 315, False, 0
2022,0, 315, False, 0
2023,0, 315, False, 0
2024,0, 315, False, 0
2025,0, 315, False, 1
2026,0, 315, False, 1
2027,0, 315, False, 1
2028,0, 315, False, 1
2029,0, 315, False, 1
2030,0, 315, False, 1
2031,0, 315, False, 1
2032,0, 315, False, 0
2033,0, 315, False, 0
2034,0, 315, False, 0
2035,0, 315, False, 0
2036,0, 315, False, 0
2037,0, 315, False, 0
2038,0, 315, False, 1
2039,0, 315, False, 1
2040,0, 315, False, 1
2041,0, 315, False, 1
2042,0, 315, False, 1
2043,0, 315, False, 1
2044,0, 315, False, 1
2045,0, 315, False, 0
2046,0, 315, False, 0
2047,0, 315, False, 0
2048,0, 315, False, 0
2049,0, 315, False, 0
2050,0, 315, False, 0
2051,0, 315, False, 0
2052,0, 315, False, 1
2053,0, 315, False, 1
2054,0, 315, False, 1
2055,0, 315, False, 1
2056,0, 315, False, 1
2057,0, 315, False, 1
2058,0, 315, False, 0
2059,0, 315, False, 0
2060,0, 315, False, 0
2061,0, 315, False, 0
2062,0, 315, False, 0
2063,0, 315, False, 0
2064,0, 315, False, 0
2065,0, 315, False, 0
2066,0, 315, False, 1
2067,0, 315, False, 1
2068,0, 315, False, 1
2069,0, 315, False, 12
2070,0, 315, False, 12
2071,0, 315, False, 12
2072,25, 340, False, 4
2073,0, 340, False, 4
2074,0, 340, False, 4
2075,0, 340, False, 4
2076,0, 340, False, 4
2077,0, 340, False, 0
2078,0, 340, False, 0
2079,0, 340, False, 0
2080,0, 340, False, 1
2081,0, 340, False, 1
2082,0, 340, False, 1
2083,0, 340, False, 1
2084,0, 340, False, 1
2085,0, 340, False, 0
2086,0, 340, False, 0
2087,0, 340, False, 0
2088,0, 340, False, 0
2089,0, 340, False, 0
2090,0, 340, False, 0
2091,0, 340, False, 0
2092,0, 340, False, 12
2093,0, 340, False, 12
2094,0, 340, False, 12
2095,0, 340, False, 12
2096,0, 340, False, 12
2097,0, 340, False, 4
2098,0, 340, False, 4
2099,0, 340, False, 4
2100,0, 340, False, 0
2101,0, 340, False, 0
2102,0, 340, False, 0
2103,0, 340, False, 0
2104,0, 340, False, 1
2105,0, 340, False, 1
2106,0, 340, False, 1
2107,0, 340, False, 1
2108,0, 340, False, 1
2109,0, 340, False, 1
2110,0, 340, False, 0
2111,0, 340, False, 0
2112,0, 340, False, 0
2113,0, 340, False, 0
2114,0, 340, False, 0
2115,0, 340, False, 0
2116,0, 340, False, 0
2117,0, 340, False, 0
2118,0, 340, False, 0
2119,0, 340, False, 0
2120,0, 340, False, 0
2121,0, 340, False, 0
2122,0, 340, False, 0
2123,0, 340, False, 0
2124,0, 340, False, 0
2125,0, 340, False, 0
2126,0, 340, False, 0
2127,0, 340, False, 0
2128,0, 340, False, 0
2129,0, 340, False, 0
2130,0, 340, False, 3
2131,0, 340, False, 3
2132,0, 340, False, 3
2133,0, 340, False, 3
2134,0, 340, False, 3
2135,0, 340, False, 3
2136,0, 340, False, 3
2137,0, 340, False, 3
2138,0, 340, False, 3
2139,0, 340, False, 3
2140,0, 340, False, 3
2141,0, 340, False, 3
2142,0, 340, False, 3
2143,0, 340, False, 3
2144,0, 340, False, 3
2145,0, 340, False, 3
2146,0, 340, False, 3
2147,0, 340, False, 3
2148,0, 340, False, 3
2149,0, 340, False, 3
2150,0, 340, False, 3
2151,0, 340, False, 3
2152,0, 340, False, 3
2153,0, 340, False, 3
2154,0, 340, False, 3
2155,0, 340, False, 3
2156,0, 340, False, 3
2157,0, 340, False, 3
2158,0, 340, False, 3
2159,0, 340, False, 3
2160,0, 340, False, 3
2161,0, 340, False, 3
2162,0, 340, False, 3
2163,0, 340, False, 3
2164,0, 340, False, 3
2165,0, 340, False, 3
2166,0, 340, False, 3
2167,0, 340, False, 3
2168,0, 340, False, 3
2169,0, 340, False, 3
2170,0, 340, False, 3
2171,0, 340, False, 3
2172,0, 340, False, 3
2173,0, 340, False, 3
2174,0, 340, False, 3
2175,0, 340, False, 3
2176,0, 340, False, 3
2177,0, 340, False, 3
2178,0, 340, False, 3
2179,0, 340, False, 3
2180,0, 340, False, 3
2181,0, 340, False, 3
2182,0, 340, False, 3
2183,0, 340, False, 3
2184,0, 340, False, 0
2185,0, 340, False, 0
2186,0, 340, False, 0
2187,0, 340, False, 0
2188,0, 340, False, 0
2189,0, 340, False, 0
2190,0, 340, False, 0
2191,0, 340, False, 0
2192,0, 340, False, 0
2193,0, 340, False, 3
2194,0, 340, False, 3
2195,0, 340, False, 3
2196,0, 340, False, 3
2197,0, 340, False, 3
2198,0, 340, False, 3
2199,0, 340, False, 3
2200,0, 340, False, 3
2201,0, 340, False, 3
2202,0, 340, False, 3
2203,0, 340, False, 3
2204,0, 340, False, 3
2205,0, 340, False, 3
2206,0, 340, False, 3
2207,0, 340, False, 3
2208,0, 340, False, 3
2209,0, 340, False, 3
2210,0, 340, False, 3
2211,0, 340, False, 11
2212,0, 340, False, 11
2213,0, 340, False, 1
2214,0, 340, False, 1
2215,0, 340, False, 1
2216,0, 340, False, 0
2217,0, 340, False, 0
2218,0, 340, False, 0
2219,0, 340, False, 0
2220,0, 340, False, 0
2221,0, 340, False, 0
2222,0, 340, False, 1
2223,0, 340, False, 1
2224,0, 340, False, 1
2225,0, 340, False, 1
2226,0, 340, False, 1
2227,0, 340, False, 0
2228,0, 340, False, 0
2229,0, 340, False, 0
2230,0, 340, False, 0
2231,0, 340, False, 4
2232,0, 340, False, 4
2233,0, 340, False, 4
2234,0, 340, False, 4
2235,0, 340, False, 4
2236,15, 355, False, 4
2237,0, 355, False, 4
2238,0, 355, False, 4
2239,0, 355, False, 4
2240,0, 355, False, 4
2241,0, 355, False, 4
2242,0, 355, False, 4
2243,0, 355, False, 4
2244,0, 355, False, 4
2245,0, 355, False, 4
2246,0, 355, False, 4
2247,0, 355, False, 4
2248,0, 355, False, 4
2249,0, 355, False, 4
2250,0, 355, False, 4
2251,0, 355, False, 4
2252,0, 355, False, 4
2253,0, 355, False, 4
2254,0, 355, False, 4
2255,0, 355, False, 4
2256,0, 355, False, 4
2257,0, 355, False, 4
2258,0, 355, False, 4
2259,0, 355, False, 4
2260,0, 355, False, 4
2261,0, 355, False, 4
2262,0, 355, False, 4
2263,0, 355, False, 4
2264,0, 355, False, 4
2265,0, 355, False, 4
2266,0, 355, False, 4
2267,0, 355, False, 4
2268,0, 355, False, 4
2269,0, 355, False, 4
2270,0, 355, False, 4
2271,0, 355, False, 4
2272,0, 355, False, 4
2273,0, 355, False, 4
2274,0, 355, False, 4
2275,0, 355, False, 4
2276,0, 355, False, 4
2277,0, 355, False, 4
2278,0, 355, False, 4
2279,0, 355, False, 4
2280,0, 355, False, 4
2281,0, 355, False, 4
2282,0, 355, False, 4
2283,0, 355, False, 4
2284,0, 355, False, 4
2285,0, 355, False, 4
2286,0, 355, False, 4
2287,0, 355, False, 4
2288,0, 355, False, 4
2289,0, 355, False, 4
2290,0, 355, False, 4
2291,0, 355, False, 4
2292,0, 355, False, 4
2293,0, 355, False, 4
2294,0, 355, False, 4
2295,0, 355, False, 4
2296,0, 355, False, 4
2297,0, 355, False, 4
2298,0, 355, False, 4
2299,0, 355, False, 4
2300,0, 355, False, 1
2301,0, 355, False, 1
2302,0, 355, False, 1
2303,0, 355, False, 1
2304,0, 355, False, 1
2305,0, 355, False, 0
2306,0, 355, False, 0
2307,0, 355, False, 0
2308,0, 355, False, 0
2309,0, 355, False, 0
2310,0, 355, False, 0
2311,0, 355, False, 0
2312,0, 355, False, 0
2313,0, 355, False, 0
2314,0, 355, False, 0
2315,0, 355, False, 0
2316,0, 355, False, 0
2317,0, 355, False, 0
2318,0, 355, False, 0
2319,0, 355, False, 0
2320,0, 355, False, 0
2321,0, 355, False, 0
2322,0, 355, False, 0
2323,0, 355, False, 0
2324,0, 355, False, 0
2325,0, 355, False, 0
2326,0, 355, False, 0
2327,0, 355, False, 0
2328,0, 355, False, 0
2329,0, 355, False, 0
2330,0, 355, False, 0
2331,0, 355, False, 0
2332,0, 355, False, 0
2333,0, 355, False, 0
2334,0, 355, False, 0
2335,0, 355, False, 0
2336,0, 355, False, 0
2337,0, 355, False, 0
2338,0, 355, False, 3
2339,0, 355, False, 3
2340,0, 355, False, 3
2341,0, 355, False, 3
2342,0, 355, False, 3
2343,0, 355, False, 3
2344,0, 355, False, 3
2345,0, 355, False, 3
2346,0, 355, False, 3
2347,0, 355, False, 3
2348,0, 355, False, 3
2349,0, 355, False, 3
2350,30, 385, False, 3
2351,0, 385, False, 3
2352,0, 385, False, 3
2353,0, 385, False, 3
2354,0, 385, False, 3
2355,0, 385, False, 3
2356,0, 385, False, 3
2357,0, 385, False, 3
2358,0, 385, False, 3
2359,0, 385, False, 3
2360,0, 385, False, 3
2361,0, 385, False, 3
2362,0, 385, False, 3
2363,0, 385, False, 3
2364,0, 385, False, 3
2365,0, 385, False, 3
2366,0, 385, False, 3
2367,0, 385, False, 3
2368,0, 385, False, 3
2369,0, 385, False, 3
2370,0, 385, False, 3
2371,0, 385, False, 3
2372,0, 385, False, 3
2373,0, 385, False, 3
2374,0, 385, False, 3
2375,0, 385, False, 3
2376,0, 385, False, 3
2377,0, 385, False, 3
2378,0, 385, False, 3
2379,0, 385, False, 3
2380,0, 385, False, 3
2381,0, 385, False, 3
2382,0, 385, False, 3
2383,0, 385, False, 3
2384,0, 385, False, 3
2385,0, 385, False, 3
2386,0, 385, False, 3
2387,0, 385, False, 3
2388,0, 385, False, 3
2389,0, 385, False, 3
2390,0, 385, False, 3
2391,0, 385, False, 3
2392,0, 385, False, 3
2393,0, 385, False, 3
2394,0, 385, False, 3
2395,0, 385, False, 3
2396,0, 385, False, 3
2397,0, 385, False, 3
2398,0, 385, False, 3
2399,0, 385, False, 3
2400,0, 385, False, 3
2401,0, 385, False, 3
2402,0, 385, False, 3
2403,0, 385, False, 3
2404,0, 385, False, 3
2405,0, 385, False, 3
2406,0, 385, False, 3
2407,0, 385, False, 3
2408,0, 385, False, 3
2409,0, 385, False, 3
2410,0, 385, False, 3
2411,0, 385, False, 3
2412,0, 385, False, 3
2413,0, 385, False, 3
2414,0, 385, False, 3
2415,0, 385, False, 3
2416,0, 385, False, 3
2417,0, 385, False, 3
2418,0, 385, False, 3
2419,0, 385, False, 3
2420,0, 385, False, 3
2421,0, 385, False, 3
2422,0, 385, False, 3
2423,0, 385, False, 11
2424,0, 385, False, 11
2425,0, 385, False, 11
2426,0, 385, False, 11
2427,0, 385, False, 11
2428,0, 385, False, 11
2429,0, 385, False, 3
2430,0, 385, False, 3
2431,0, 385, False, 3
2432,0, 385, False, 3
2433,0, 385, False, 3
2434,0, 385, False, 3
2435,0, 385, False, 3
2436,0, 385, False, 3
2437,0, 385, False, 11
2438,0, 385, False, 11
2439,0, 385, False, 11
2440,0, 385, False, 11
2441,0, 385, False, 11
2442,0, 385, False, 3
2443,0, 385, False, 3
2444,0, 385, False, 3
2445,0, 385, False, 3
2446,0, 385, False, 3
2447,0, 385, False, 3
2448,0, 385, False, 3
2449,0, 385, False, 11
2450,0, 385, False, 11
2451,0, 385, False, 11
2452,0, 385, False, 11
2453,0, 385, False, 11
2454,0, 385, False, 3
2455,0, 385, False, 3
2456,0, 385, False, 3
2457,0, 385, False, 3
2458,0, 385, False, 3
2459,0, 385, False, 3
2460,0, 385, False, 11
2461,0, 385, False, 11
2462,0, 385, False, 11
2463,0, 385, False, 11
2464,0, 385, False, 11
2465,0, 385, False, 11
2466,0, 385, False, 3
2467,0, 385, False, 3
2468,0, 385, False, 3
2469,0, 385, False, 3
2470,0, 385, False, 3
2471,0, 385, False, 3
2472,0, 385, False, 11
2473,0, 385, False, 11
2474,0, 385, False, 11
2475,0, 385, False, 11
2476,0, 385, False, 11
2477,0, 385, False, 11
2478,0, 385, False, 3
2479,0, 385, False, 3
2480,0, 385, False, 3
2481,0, 385, False, 3
2482,0, 385, False, 3
2483,0, 385, False, 3
2484,0, 385, False, 11
2485,0, 385, False, 11
2486,0, 385, False, 11
2487,0, 385, False, 11
2488,0, 385, False, 11
2489,0, 385, False, 11
2490,0, 385, False, 11
2491,0, 385, False, 3
2492,0, 385, False, 3
2493,0, 385, False, 3
2494,0, 385, False, 3
2495,0, 385, False, 3
2496,0, 385, False, 3
2497,0, 385, False, 3
2498,0, 385, False, 3
2499,0, 385, False, 3
2500,0, 385, False, 3
2501,0, 385, False, 3
2502,0, 385, False, 3
2503,0, 385, False, 3
2504,0, 385, False, 3
2505,0, 385, False, 3
2506,0, 385, False, 3
2507,0, 385, False, 3
2508,0, 385, False, 3
2509,0, 385, False, 3
2510,0, 385, False, 3
2511,0, 385, False, 3
2512,0, 385, False, 3
2513,0, 385, False, 3
2514,0, 385, False, 3
2515,0, 385, False, 3
2516,0, 385, False, 3
2517,0, 385, False, 3
2518,0, 385, False, 3
2519,0, 385, True, 3
