db traj id : 102
frame,reward,score,terminal, action
0,0, 0, False, 0
1,0, 0, False, 0
2,0, 0, False, 0
3,0, 0, False, 0
4,0, 0, False, 0
5,0, 0, False, 0
6,0, 0, False, 0
7,0, 0, False, 0
8,0, 0, False, 0
9,0, 0, False, 0
10,0, 0, False, 0
11,0, 0, False, 0
12,0, 0, False, 0
13,0, 0, False, 0
14,0, 0, False, 0
15,0, 0, False, 0
16,0, 0, False, 0
17,0, 0, False, 0
18,0, 0, False, 0
19,0, 0, False, 0
20,0, 0, False, 0
21,0, 0, False, 0
22,0, 0, False, 0
23,0, 0, False, 0
24,0, 0, False, 0
25,0, 0, False, 0
26,0, 0, False, 0
27,0, 0, False, 0
28,0, 0, False, 0
29,0, 0, False, 0
30,0, 0, False, 0
31,0, 0, False, 0
32,0, 0, False, 0
33,0, 0, False, 0
34,0, 0, False, 0
35,0, 0, False, 0
36,0, 0, False, 0
37,0, 0, False, 0
38,0, 0, False, 0
39,0, 0, False, 0
40,0, 0, False, 0
41,0, 0, False, 0
42,0, 0, False, 0
43,0, 0, False, 0
44,0, 0, False, 0
45,0, 0, False, 0
46,0, 0, False, 0
47,0, 0, False, 0
48,0, 0, False, 0
49,0, 0, False, 0
50,0, 0, False, 0
51,0, 0, False, 0
52,0, 0, False, 0
53,0, 0, False, 0
54,0, 0, False, 0
55,0, 0, False, 0
56,0, 0, False, 0
57,0, 0, False, 0
58,0, 0, False, 0
59,0, 0, False, 0
60,0, 0, False, 0
61,0, 0, False, 0
62,0, 0, False, 0
63,0, 0, False, 0
64,0, 0, False, 0
65,0, 0, False, 0
66,0, 0, False, 0
67,0, 0, False, 0
68,0, 0, False, 0
69,0, 0, False, 0
70,0, 0, False, 0
71,0, 0, False, 0
72,0, 0, False, 0
73,0, 0, False, 0
74,0, 0, False, 0
75,0, 0, False, 0
76,0, 0, False, 0
77,0, 0, False, 0
78,0, 0, False, 0
79,0, 0, False, 0
80,0, 0, False, 0
81,0, 0, False, 0
82,0, 0, False, 0
83,0, 0, False, 0
84,0, 0, False, 0
85,0, 0, False, 0
86,0, 0, False, 0
87,0, 0, False, 0
88,0, 0, False, 0
89,0, 0, False, 0
90,0, 0, False, 0
91,0, 0, False, 0
92,0, 0, False, 0
93,0, 0, False, 0
94,0, 0, False, 0
95,0, 0, False, 0
96,0, 0, False, 0
97,0, 0, False, 0
98,0, 0, False, 0
99,0, 0, False, 0
100,0, 0, False, 0
101,0, 0, False, 0
102,0, 0, False, 0
103,0, 0, False, 0
104,0, 0, False, 0
105,0, 0, False, 2
106,0, 0, False, 2
107,0, 0, False, 2
108,0, 0, False, 2
109,0, 0, False, 2
110,0, 0, False, 2
111,0, 0, False, 2
112,0, 0, False, 2
113,0, 0, False, 2
114,0, 0, False, 2
115,0, 0, False, 2
116,0, 0, False, 2
117,0, 0, False, 2
118,0, 0, False, 0
119,0, 0, False, 0
120,0, 0, False, 0
121,0, 0, False, 0
122,0, 0, False, 0
123,0, 0, False, 0
124,0, 0, False, 0
125,0, 0, False, 0
126,0, 0, False, 0
127,0, 0, False, 0
128,0, 0, False, 0
129,0, 0, False, 0
130,0, 0, False, 0
131,0, 0, False, 3
132,0, 0, False, 3
133,0, 0, False, 3
134,0, 0, False, 3
135,0, 0, False, 3
136,0, 0, False, 3
137,0, 0, False, 3
138,0, 0, False, 3
139,0, 0, False, 3
140,0, 0, False, 3
141,0, 0, False, 3
142,0, 0, False, 3
143,0, 0, False, 3
144,0, 0, False, 3
145,0, 0, False, 3
146,0, 0, False, 0
147,0, 0, False, 0
148,0, 0, False, 0
149,0, 0, False, 0
150,0, 0, False, 0
151,0, 0, False, 0
152,0, 0, False, 0
153,0, 0, False, 0
154,0, 0, False, 0
155,0, 0, False, 0
156,0, 0, False, 0
157,0, 0, False, 4
158,0, 0, False, 4
159,0, 0, False, 4
160,0, 0, False, 4
161,0, 0, False, 4
162,0, 0, False, 4
163,0, 0, False, 4
164,0, 0, False, 4
165,0, 0, False, 4
166,0, 0, False, 4
167,0, 0, False, 4
168,0, 0, False, 4
169,0, 0, False, 4
170,0, 0, False, 4
171,0, 0, False, 4
172,0, 0, False, 4
173,0, 0, False, 4
174,0, 0, False, 4
175,0, 0, False, 4
176,0, 0, False, 4
177,0, 0, False, 7
178,0, 0, False, 7
179,0, 0, False, 2
180,0, 0, False, 2
181,0, 0, False, 2
182,0, 0, False, 2
183,0, 0, False, 2
184,0, 0, False, 2
185,0, 0, False, 2
186,0, 0, False, 2
187,0, 0, False, 2
188,0, 0, False, 3
189,0, 0, False, 3
190,0, 0, False, 3
191,0, 0, False, 3
192,0, 0, False, 3
193,0, 0, False, 3
194,0, 0, False, 3
195,0, 0, False, 3
196,0, 0, False, 3
197,0, 0, False, 3
198,0, 0, False, 3
199,0, 0, False, 3
200,0, 0, False, 3
201,0, 0, False, 3
202,0, 0, False, 3
203,0, 0, False, 3
204,0, 0, False, 3
205,0, 0, False, 3
206,0, 0, False, 3
207,0, 0, False, 3
208,0, 0, False, 3
209,0, 0, False, 3
210,0, 0, False, 3
211,0, 0, False, 3
212,0, 0, False, 3
213,0, 0, False, 3
214,0, 0, False, 3
215,0, 0, False, 3
216,0, 0, False, 3
217,0, 0, False, 3
218,0, 0, False, 3
219,0, 0, False, 3
220,0, 0, False, 3
221,0, 0, False, 3
222,0, 0, False, 3
223,0, 0, False, 3
224,0, 0, False, 3
225,0, 0, False, 3
226,0, 0, False, 3
227,0, 0, False, 3
228,0, 0, False, 1
229,0, 0, False, 1
230,0, 0, False, 1
231,0, 0, False, 1
232,0, 0, False, 1
233,0, 0, False, 1
234,0, 0, False, 1
235,0, 0, False, 1
236,0, 0, False, 1
237,0, 0, False, 1
238,0, 0, False, 1
239,0, 0, False, 11
240,0, 0, False, 11
241,0, 0, False, 11
242,0, 0, False, 3
243,0, 0, False, 3
244,0, 0, False, 3
245,0, 0, False, 3
246,0, 0, False, 3
247,0, 0, False, 3
248,0, 0, False, 3
249,0, 0, False, 3
250,0, 0, False, 11
251,0, 0, False, 11
252,0, 0, False, 11
253,5, 5, False, 11
254,0, 5, False, 11
255,0, 5, False, 3
256,0, 5, False, 3
257,0, 5, False, 3
258,0, 5, False, 3
259,0, 5, False, 3
260,0, 5, False, 3
261,0, 5, False, 11
262,0, 5, False, 11
263,0, 5, False, 11
264,0, 5, False, 11
265,0, 5, False, 11
266,0, 5, False, 11
267,0, 5, False, 3
268,0, 5, False, 3
269,0, 5, False, 3
270,0, 5, False, 3
271,0, 5, False, 3
272,0, 5, False, 3
273,0, 5, False, 11
274,0, 5, False, 11
275,0, 5, False, 11
276,0, 5, False, 11
277,0, 5, False, 11
278,0, 5, False, 11
279,0, 5, False, 3
280,0, 5, False, 3
281,0, 5, False, 3
282,0, 5, False, 3
283,0, 5, False, 11
284,0, 5, False, 11
285,0, 5, False, 11
286,0, 5, False, 11
287,0, 5, False, 11
288,0, 5, False, 11
289,10, 15, False, 11
290,0, 15, False, 3
291,0, 15, False, 3
292,0, 15, False, 3
293,0, 15, False, 3
294,0, 15, False, 0
295,0, 15, False, 1
296,0, 15, False, 12
297,0, 15, False, 12
298,0, 15, False, 12
299,0, 15, False, 12
300,0, 15, False, 12
301,0, 15, False, 12
302,0, 15, False, 4
303,0, 15, False, 4
304,0, 15, False, 4
305,0, 15, False, 4
306,0, 15, False, 4
307,0, 15, False, 12
308,0, 15, False, 12
309,0, 15, False, 12
310,0, 15, False, 12
311,0, 15, False, 12
312,0, 15, False, 12
313,0, 15, False, 12
314,0, 15, False, 4
315,0, 15, False, 4
316,0, 15, False, 4
317,0, 15, False, 4
318,0, 15, False, 4
319,0, 15, False, 12
320,0, 15, False, 12
321,0, 15, False, 12
322,0, 15, False, 12
323,0, 15, False, 12
324,0, 15, False, 12
325,0, 15, False, 12
326,0, 15, False, 4
327,0, 15, False, 4
328,0, 15, False, 4
329,0, 15, False, 4
330,0, 15, False, 12
331,0, 15, False, 12
332,0, 15, False, 12
333,0, 15, False, 12
334,0, 15, False, 12
335,0, 15, False, 12
336,0, 15, False, 12
337,0, 15, False, 0
338,0, 15, False, 0
339,0, 15, False, 3
340,0, 15, False, 3
341,0, 15, False, 3
342,0, 15, False, 11
343,0, 15, False, 11
344,0, 15, False, 11
345,0, 15, False, 11
346,0, 15, False, 11
347,0, 15, False, 11
348,0, 15, False, 11
349,0, 15, False, 11
350,0, 15, False, 3
351,0, 15, False, 3
352,0, 15, False, 3
353,0, 15, False, 3
354,0, 15, False, 3
355,0, 15, False, 11
356,0, 15, False, 11
357,0, 15, False, 11
358,0, 15, False, 11
359,0, 15, False, 11
360,0, 15, False, 11
361,0, 15, False, 11
362,0, 15, False, 3
363,0, 15, False, 0
364,0, 15, False, 0
365,0, 15, False, 0
366,0, 15, False, 0
367,0, 15, False, 0
368,0, 15, False, 0
369,0, 15, False, 4
370,0, 15, False, 4
371,0, 15, False, 4
372,0, 15, False, 4
373,0, 15, False, 4
374,0, 15, False, 4
375,0, 15, False, 4
376,0, 15, False, 4
377,0, 15, False, 12
378,0, 15, False, 12
379,0, 15, False, 12
380,0, 15, False, 12
381,0, 15, False, 12
382,0, 15, False, 1
383,0, 15, False, 1
384,0, 15, False, 1
385,0, 15, False, 0
386,0, 15, False, 0
387,0, 15, False, 0
388,0, 15, False, 0
389,0, 15, False, 0
390,0, 15, False, 3
391,0, 15, False, 11
392,0, 15, False, 11
393,0, 15, False, 11
394,0, 15, False, 11
395,0, 15, False, 11
396,0, 15, False, 11
397,0, 15, False, 0
398,0, 15, False, 0
399,0, 15, False, 0
400,0, 15, False, 0
401,0, 15, False, 0
402,0, 15, False, 0
403,0, 15, False, 4
404,0, 15, False, 4
405,0, 15, False, 4
406,0, 15, False, 4
407,0, 15, False, 4
408,0, 15, False, 4
409,0, 15, False, 4
410,0, 15, False, 4
411,0, 15, False, 4
412,0, 15, False, 4
413,0, 15, False, 4
414,0, 15, False, 4
415,0, 15, False, 4
416,0, 15, False, 4
417,0, 15, False, 4
418,0, 15, False, 4
419,0, 15, False, 4
420,0, 15, False, 4
421,0, 15, False, 4
422,0, 15, False, 4
423,0, 15, False, 4
424,0, 15, False, 4
425,0, 15, False, 12
426,0, 15, False, 12
427,0, 15, False, 12
428,0, 15, False, 12
429,0, 15, False, 12
430,0, 15, False, 12
431,0, 15, False, 12
432,0, 15, False, 1
433,0, 15, False, 0
434,0, 15, False, 0
435,0, 15, False, 0
436,0, 15, False, 0
437,0, 15, False, 0
438,0, 15, False, 0
439,0, 15, False, 1
440,0, 15, False, 1
441,0, 15, False, 1
442,0, 15, False, 1
443,0, 15, False, 1
444,0, 15, False, 1
445,0, 15, False, 1
446,0, 15, False, 1
447,0, 15, False, 0
448,0, 15, False, 0
449,0, 15, False, 0
450,0, 15, False, 0
451,0, 15, False, 0
452,0, 15, False, 1
453,0, 15, False, 1
454,0, 15, False, 1
455,0, 15, False, 1
456,0, 15, False, 1
457,0, 15, False, 1
458,0, 15, False, 1
459,0, 15, False, 1
460,0, 15, False, 0
461,0, 15, False, 0
462,0, 15, False, 0
463,0, 15, False, 0
464,0, 15, False, 1
465,0, 15, False, 1
466,0, 15, False, 1
467,0, 15, False, 1
468,0, 15, False, 1
469,0, 15, False, 1
470,0, 15, False, 1
471,0, 15, False, 1
472,0, 15, False, 1
473,0, 15, False, 0
474,0, 15, False, 0
475,0, 15, False, 0
476,0, 15, False, 0
477,0, 15, False, 1
478,0, 15, False, 1
479,0, 15, False, 1
480,0, 15, False, 1
481,0, 15, False, 1
482,0, 15, False, 1
483,0, 15, False, 1
484,0, 15, False, 1
485,0, 15, False, 0
486,0, 15, False, 0
487,0, 15, False, 0
488,0, 15, False, 0
489,0, 15, False, 0
490,0, 15, False, 1
491,0, 15, False, 1
492,0, 15, False, 1
493,0, 15, False, 1
494,0, 15, False, 1
495,0, 15, False, 1
496,0, 15, False, 0
497,0, 15, False, 0
498,0, 15, False, 0
499,0, 15, False, 0
500,0, 15, False, 0
501,0, 15, False, 0
502,0, 15, False, 1
503,0, 15, False, 1
504,0, 15, False, 1
505,0, 15, False, 1
506,0, 15, False, 1
507,0, 15, False, 1
508,0, 15, False, 1
509,0, 15, False, 1
510,0, 15, False, 0
511,0, 15, False, 0
512,0, 15, False, 0
513,0, 15, False, 0
514,0, 15, False, 1
515,0, 15, False, 1
516,0, 15, False, 1
517,0, 15, False, 1
518,0, 15, False, 1
519,0, 15, False, 1
520,0, 15, False, 1
521,0, 15, False, 1
522,0, 15, False, 1
523,0, 15, False, 1
524,0, 15, False, 1
525,0, 15, False, 1
526,0, 15, False, 1
527,0, 15, False, 1
528,0, 15, False, 1
529,0, 15, False, 1
530,0, 15, False, 1
531,0, 15, False, 1
532,0, 15, False, 1
533,0, 15, False, 1
534,0, 15, False, 1
535,0, 15, False, 1
536,0, 15, False, 1
537,0, 15, False, 1
538,0, 15, False, 1
539,0, 15, False, 1
540,0, 15, False, 1
541,0, 15, False, 1
542,0, 15, False, 1
543,0, 15, False, 1
544,0, 15, False, 1
545,0, 15, False, 1
546,0, 15, False, 1
547,0, 15, False, 1
548,0, 15, False, 1
549,0, 15, False, 1
550,0, 15, False, 1
551,0, 15, False, 1
552,0, 15, False, 1
553,0, 15, False, 1
554,0, 15, False, 0
555,0, 15, False, 0
556,0, 15, False, 0
557,0, 15, False, 0
558,0, 15, False, 0
559,0, 15, False, 0
560,0, 15, False, 0
561,0, 15, False, 1
562,0, 15, False, 1
563,0, 15, False, 1
564,0, 15, False, 1
565,0, 15, False, 1
566,0, 15, False, 1
567,0, 15, False, 1
568,0, 15, False, 1
569,0, 15, False, 1
570,0, 15, False, 1
571,0, 15, False, 1
572,0, 15, False, 1
573,0, 15, False, 1
574,0, 15, False, 1
575,5, 20, False, 1
576,0, 20, False, 1
577,0, 20, False, 1
578,0, 20, False, 1
579,0, 20, False, 1
580,0, 20, False, 1
581,0, 20, False, 1
582,0, 20, False, 1
583,0, 20, False, 1
584,0, 20, False, 1
585,0, 20, False, 1
586,0, 20, False, 1
587,0, 20, False, 1
588,0, 20, False, 1
589,0, 20, False, 1
590,0, 20, False, 1
591,0, 20, False, 1
592,0, 20, False, 1
593,0, 20, False, 1
594,0, 20, False, 1
595,0, 20, False, 1
596,0, 20, False, 1
597,0, 20, False, 1
598,0, 20, False, 1
599,0, 20, False, 1
600,0, 20, False, 1
601,0, 20, False, 1
602,0, 20, False, 1
603,0, 20, False, 1
604,0, 20, False, 1
605,0, 20, False, 1
606,0, 20, False, 1
607,0, 20, False, 1
608,0, 20, False, 1
609,10, 30, False, 1
610,0, 30, False, 1
611,0, 30, False, 1
612,0, 30, False, 1
613,0, 30, False, 1
614,0, 30, False, 1
615,0, 30, False, 1
616,0, 30, False, 1
617,0, 30, False, 1
618,0, 30, False, 1
619,0, 30, False, 1
620,0, 30, False, 1
621,0, 30, False, 1
622,0, 30, False, 1
623,0, 30, False, 1
624,0, 30, False, 1
625,0, 30, False, 1
626,0, 30, False, 1
627,0, 30, False, 1
628,0, 30, False, 1
629,0, 30, False, 1
630,0, 30, False, 1
631,0, 30, False, 1
632,0, 30, False, 1
633,0, 30, False, 1
634,0, 30, False, 1
635,0, 30, False, 1
636,0, 30, False, 1
637,0, 30, False, 1
638,0, 30, False, 1
639,0, 30, False, 1
640,0, 30, False, 1
641,0, 30, False, 1
642,0, 30, False, 1
643,0, 30, False, 1
644,0, 30, False, 1
645,0, 30, False, 1
646,0, 30, False, 1
647,0, 30, False, 1
648,0, 30, False, 1
649,0, 30, False, 1
650,0, 30, False, 1
651,0, 30, False, 1
652,0, 30, False, 1
653,15, 45, False, 1
654,0, 45, False, 1
655,0, 45, False, 1
656,0, 45, False, 1
657,0, 45, False, 1
658,0, 45, False, 1
659,0, 45, False, 1
660,0, 45, False, 1
661,0, 45, False, 1
662,0, 45, False, 1
663,0, 45, False, 1
664,0, 45, False, 1
665,0, 45, False, 1
666,0, 45, False, 1
667,0, 45, False, 1
668,0, 45, False, 1
669,0, 45, False, 1
670,0, 45, False, 1
671,0, 45, False, 1
672,0, 45, False, 1
673,0, 45, False, 1
674,0, 45, False, 1
675,0, 45, False, 1
676,0, 45, False, 1
677,0, 45, False, 1
678,0, 45, False, 1
679,0, 45, False, 1
680,0, 45, False, 1
681,0, 45, False, 1
682,0, 45, False, 1
683,0, 45, False, 1
684,0, 45, False, 1
685,0, 45, False, 1
686,0, 45, False, 1
687,0, 45, False, 1
688,0, 45, False, 1
689,0, 45, False, 1
690,0, 45, False, 1
691,0, 45, False, 1
692,0, 45, False, 1
693,0, 45, False, 1
694,0, 45, False, 1
695,0, 45, False, 1
696,0, 45, False, 1
697,0, 45, False, 1
698,0, 45, False, 1
699,0, 45, False, 1
700,0, 45, False, 1
701,0, 45, False, 1
702,0, 45, False, 1
703,0, 45, False, 1
704,0, 45, False, 1
705,0, 45, False, 1
706,0, 45, False, 1
707,20, 65, False, 1
708,0, 65, False, 1
709,0, 65, False, 1
710,0, 65, False, 1
711,0, 65, False, 1
712,0, 65, False, 1
713,0, 65, False, 1
714,0, 65, False, 1
715,0, 65, False, 1
716,0, 65, False, 1
717,0, 65, False, 1
718,0, 65, False, 12
719,0, 65, False, 12
720,0, 65, False, 12
721,0, 65, False, 12
722,0, 65, False, 12
723,0, 65, False, 12
724,0, 65, False, 12
725,0, 65, False, 12
726,0, 65, False, 12
727,0, 65, False, 12
728,0, 65, False, 12
729,0, 65, False, 12
730,0, 65, False, 12
731,0, 65, False, 12
732,0, 65, False, 12
733,0, 65, False, 12
734,0, 65, False, 1
735,0, 65, False, 1
736,0, 65, False, 1
737,0, 65, False, 1
738,0, 65, False, 1
739,0, 65, False, 1
740,0, 65, False, 1
741,0, 65, False, 1
742,0, 65, False, 1
743,0, 65, False, 1
744,0, 65, False, 1
745,0, 65, False, 1
746,0, 65, False, 1
747,0, 65, False, 1
748,0, 65, False, 1
749,0, 65, False, 1
750,0, 65, False, 1
751,0, 65, False, 1
752,0, 65, False, 1
753,0, 65, False, 1
754,0, 65, False, 1
755,0, 65, False, 1
756,0, 65, False, 1
757,0, 65, False, 1
758,0, 65, False, 1
759,0, 65, False, 1
760,0, 65, False, 1
761,0, 65, False, 1
762,0, 65, False, 1
763,0, 65, False, 1
764,0, 65, False, 1
765,0, 65, False, 1
766,0, 65, False, 1
767,0, 65, False, 1
768,0, 65, False, 1
769,0, 65, False, 1
770,0, 65, False, 1
771,25, 90, False, 1
772,0, 90, False, 1
773,0, 90, False, 1
774,0, 90, False, 1
775,0, 90, False, 1
776,0, 90, False, 1
777,0, 90, False, 1
778,0, 90, False, 1
779,0, 90, False, 1
780,0, 90, False, 1
781,0, 90, False, 1
782,0, 90, False, 1
783,0, 90, False, 1
784,0, 90, False, 1
785,0, 90, False, 1
786,0, 90, False, 1
787,0, 90, False, 1
788,0, 90, False, 1
789,0, 90, False, 1
790,0, 90, False, 1
791,0, 90, False, 1
792,0, 90, False, 1
793,0, 90, False, 1
794,0, 90, False, 1
795,0, 90, False, 1
796,0, 90, False, 1
797,0, 90, False, 1
798,0, 90, False, 1
799,0, 90, False, 1
800,0, 90, False, 1
801,0, 90, False, 1
802,0, 90, False, 1
803,0, 90, False, 1
804,0, 90, False, 1
805,0, 90, False, 1
806,0, 90, False, 1
807,0, 90, False, 1
808,0, 90, False, 1
809,10, 100, False, 1
810,0, 100, False, 1
811,0, 100, False, 1
812,0, 100, False, 1
813,0, 100, False, 1
814,0, 100, False, 1
815,0, 100, False, 1
816,0, 100, False, 1
817,0, 100, False, 1
818,0, 100, False, 1
819,0, 100, False, 1
820,0, 100, False, 1
821,0, 100, False, 1
822,0, 100, False, 1
823,0, 100, False, 1
824,0, 100, False, 1
825,0, 100, False, 1
826,0, 100, False, 1
827,0, 100, False, 1
828,0, 100, False, 1
829,0, 100, False, 1
830,0, 100, False, 1
831,0, 100, False, 1
832,0, 100, False, 1
833,0, 100, False, 1
834,0, 100, False, 1
835,0, 100, False, 1
836,0, 100, False, 1
837,5, 105, False, 1
838,0, 105, False, 1
839,0, 105, False, 1
840,0, 105, False, 1
841,0, 105, False, 1
842,0, 105, False, 1
843,0, 105, False, 1
844,0, 105, False, 1
845,0, 105, False, 1
846,0, 105, False, 1
847,0, 105, False, 1
848,0, 105, False, 1
849,0, 105, False, 1
850,0, 105, False, 1
851,0, 105, False, 1
852,0, 105, False, 1
853,0, 105, False, 1
854,0, 105, False, 1
855,0, 105, False, 1
856,0, 105, False, 1
857,0, 105, False, 1
858,0, 105, False, 1
859,0, 105, False, 1
860,0, 105, False, 1
861,0, 105, False, 1
862,0, 105, False, 1
863,0, 105, False, 1
864,0, 105, False, 1
865,0, 105, False, 1
866,0, 105, False, 1
867,0, 105, False, 1
868,0, 105, False, 1
869,0, 105, False, 1
870,0, 105, False, 1
871,0, 105, False, 1
872,0, 105, False, 1
873,0, 105, False, 1
874,0, 105, False, 1
875,0, 105, False, 1
876,0, 105, False, 1
877,0, 105, False, 1
878,0, 105, False, 1
879,0, 105, False, 1
880,0, 105, False, 1
881,15, 120, False, 1
882,0, 120, False, 1
883,0, 120, False, 1
884,0, 120, False, 1
885,0, 120, False, 1
886,0, 120, False, 11
887,0, 120, False, 11
888,0, 120, False, 11
889,0, 120, False, 11
890,0, 120, False, 11
891,0, 120, False, 11
892,0, 120, False, 11
893,0, 120, False, 11
894,0, 120, False, 11
895,0, 120, False, 11
896,0, 120, False, 11
897,0, 120, False, 11
898,0, 120, False, 11
899,0, 120, False, 11
900,0, 120, False, 11
901,0, 120, False, 11
902,0, 120, False, 11
903,0, 120, False, 11
904,0, 120, False, 11
905,0, 120, False, 1
906,0, 120, False, 1
907,0, 120, False, 1
908,0, 120, False, 1
909,0, 120, False, 1
910,0, 120, False, 1
911,0, 120, False, 1
912,0, 120, False, 1
913,0, 120, False, 1
914,0, 120, False, 1
915,0, 120, False, 1
916,0, 120, False, 1
917,0, 120, False, 1
918,0, 120, False, 1
919,0, 120, False, 1
920,0, 120, False, 1
921,0, 120, False, 1
922,0, 120, False, 11
923,0, 120, False, 11
924,0, 120, False, 11
925,0, 120, False, 11
926,0, 120, False, 11
927,0, 120, False, 11
928,0, 120, False, 11
929,0, 120, False, 11
930,0, 120, False, 11
931,0, 120, False, 11
932,0, 120, False, 11
933,0, 120, False, 11
934,0, 120, False, 11
935,20, 140, False, 11
936,0, 140, False, 11
937,0, 140, False, 11
938,0, 140, False, 11
939,0, 140, False, 11
940,0, 140, False, 11
941,0, 140, False, 11
942,0, 140, False, 11
943,0, 140, False, 11
944,0, 140, False, 11
945,0, 140, False, 11
946,0, 140, False, 11
947,0, 140, False, 11
948,0, 140, False, 11
949,0, 140, False, 11
950,0, 140, False, 11
951,0, 140, False, 11
952,0, 140, False, 11
953,0, 140, False, 11
954,0, 140, False, 11
955,0, 140, False, 11
956,0, 140, False, 11
957,0, 140, False, 11
958,0, 140, False, 11
959,0, 140, False, 11
960,0, 140, False, 11
961,0, 140, False, 11
962,0, 140, False, 11
963,0, 140, False, 11
964,0, 140, False, 11
965,0, 140, False, 11
966,0, 140, False, 11
967,0, 140, False, 11
968,0, 140, False, 11
969,0, 140, False, 11
970,0, 140, False, 11
971,0, 140, False, 11
972,0, 140, False, 11
973,0, 140, False, 11
974,0, 140, False, 11
975,0, 140, False, 11
976,0, 140, False, 11
977,0, 140, False, 11
978,0, 140, False, 11
979,0, 140, False, 11
980,0, 140, False, 11
981,0, 140, False, 11
982,0, 140, False, 11
983,0, 140, False, 11
984,0, 140, False, 11
985,0, 140, False, 11
986,0, 140, False, 11
987,0, 140, False, 11
988,0, 140, False, 11
989,0, 140, False, 11
990,0, 140, False, 11
991,0, 140, False, 11
992,0, 140, False, 11
993,0, 140, False, 11
994,0, 140, False, 11
995,0, 140, False, 11
996,0, 140, False, 11
997,0, 140, False, 11
998,0, 140, False, 11
999,0, 140, False, 11
1000,0, 140, False, 11
1001,30, 170, False, 11
1002,0, 170, False, 11
1003,0, 170, False, 11
1004,0, 170, False, 11
1005,0, 170, False, 11
1006,0, 170, False, 11
1007,0, 170, False, 11
1008,0, 170, False, 11
1009,0, 170, False, 11
1010,0, 170, False, 1
1011,0, 170, False, 1
1012,0, 170, False, 1
1013,0, 170, False, 1
1014,0, 170, False, 1
1015,0, 170, False, 1
1016,0, 170, False, 1
1017,0, 170, False, 1
1018,0, 170, False, 1
1019,0, 170, False, 1
1020,0, 170, False, 1
1021,5, 175, False, 1
1022,0, 175, False, 1
1023,0, 175, False, 1
1024,0, 175, False, 1
1025,0, 175, False, 1
1026,0, 175, False, 1
1027,0, 175, False, 1
1028,0, 175, False, 1
1029,0, 175, False, 1
1030,0, 175, False, 1
1031,0, 175, False, 1
1032,0, 175, False, 1
1033,0, 175, False, 1
1034,0, 175, False, 1
1035,0, 175, False, 1
1036,0, 175, False, 1
1037,0, 175, False, 1
1038,0, 175, False, 1
1039,0, 175, False, 1
1040,0, 175, False, 1
1041,0, 175, False, 1
1042,0, 175, False, 1
1043,0, 175, False, 1
1044,0, 175, False, 1
1045,0, 175, False, 1
1046,0, 175, False, 1
1047,0, 175, False, 1
1048,0, 175, False, 1
1049,0, 175, False, 1
1050,0, 175, False, 1
1051,0, 175, False, 1
1052,0, 175, False, 1
1053,0, 175, False, 1
1054,0, 175, False, 1
1055,0, 175, False, 1
1056,0, 175, False, 1
1057,0, 175, False, 1
1058,0, 175, False, 1
1059,0, 175, False, 1
1060,0, 175, False, 1
1061,0, 175, False, 1
1062,0, 175, False, 1
1063,0, 175, False, 1
1064,0, 175, False, 1
1065,0, 175, False, 1
1066,0, 175, False, 1
1067,0, 175, False, 1
1068,0, 175, False, 1
1069,0, 175, False, 1
1070,0, 175, False, 1
1071,0, 175, False, 1
1072,0, 175, False, 1
1073,0, 175, False, 1
1074,0, 175, False, 11
1075,0, 175, False, 11
1076,0, 175, False, 11
1077,0, 175, False, 11
1078,0, 175, False, 11
1079,0, 175, False, 11
1080,0, 175, False, 11
1081,0, 175, False, 11
1082,0, 175, False, 11
1083,0, 175, False, 11
1084,0, 175, False, 11
1085,0, 175, False, 11
1086,0, 175, False, 11
1087,0, 175, False, 11
1088,0, 175, False, 11
1089,0, 175, False, 1
1090,0, 175, False, 1
1091,0, 175, False, 1
1092,0, 175, False, 1
1093,0, 175, False, 1
1094,0, 175, False, 1
1095,0, 175, False, 1
1096,0, 175, False, 1
1097,0, 175, False, 1
1098,0, 175, False, 1
1099,0, 175, False, 1
1100,0, 175, False, 1
1101,0, 175, False, 1
1102,0, 175, False, 1
1103,0, 175, False, 1
1104,0, 175, False, 1
1105,0, 175, False, 1
1106,0, 175, False, 1
1107,0, 175, False, 1
1108,0, 175, False, 1
1109,0, 175, False, 1
1110,0, 175, False, 1
1111,0, 175, False, 1
1112,0, 175, False, 1
1113,0, 175, False, 1
1114,0, 175, False, 1
1115,0, 175, False, 1
1116,0, 175, False, 1
1117,0, 175, False, 1
1118,0, 175, False, 1
1119,0, 175, False, 1
1120,0, 175, False, 1
1121,0, 175, False, 1
1122,0, 175, False, 1
1123,0, 175, False, 1
1124,0, 175, False, 1
1125,0, 175, False, 1
1126,0, 175, False, 1
1127,0, 175, False, 1
1128,0, 175, False, 1
1129,0, 175, False, 1
1130,0, 175, False, 1
1131,0, 175, False, 1
1132,0, 175, False, 1
1133,0, 175, False, 1
1134,0, 175, False, 1
1135,0, 175, False, 1
1136,0, 175, False, 1
1137,0, 175, False, 1
1138,0, 175, False, 11
1139,0, 175, False, 11
1140,0, 175, False, 11
1141,0, 175, False, 11
1142,0, 175, False, 11
1143,0, 175, False, 11
1144,0, 175, False, 11
1145,0, 175, False, 11
1146,0, 175, False, 11
1147,0, 175, False, 11
1148,0, 175, False, 11
1149,0, 175, False, 11
1150,0, 175, False, 11
1151,0, 175, False, 11
1152,0, 175, False, 11
1153,0, 175, False, 11
1154,0, 175, False, 11
1155,0, 175, False, 1
1156,0, 175, False, 1
1157,0, 175, False, 1
1158,0, 175, False, 1
1159,0, 175, False, 1
1160,0, 175, False, 1
1161,0, 175, False, 1
1162,0, 175, False, 1
1163,0, 175, False, 1
1164,0, 175, False, 1
1165,0, 175, False, 1
1166,0, 175, False, 1
1167,0, 175, False, 1
1168,0, 175, False, 1
1169,0, 175, False, 1
1170,0, 175, False, 1
1171,0, 175, False, 1
1172,0, 175, False, 1
1173,0, 175, False, 1
1174,0, 175, False, 1
1175,0, 175, False, 1
1176,0, 175, False, 1
1177,0, 175, False, 1
1178,0, 175, False, 1
1179,0, 175, False, 1
1180,0, 175, False, 1
1181,0, 175, False, 1
1182,0, 175, False, 1
1183,0, 175, False, 1
1184,0, 175, False, 1
1185,0, 175, False, 1
1186,0, 175, False, 1
1187,0, 175, False, 1
1188,0, 175, False, 1
1189,0, 175, False, 1
1190,0, 175, False, 1
1191,0, 175, False, 11
1192,0, 175, False, 11
1193,0, 175, False, 11
1194,0, 175, False, 11
1195,0, 175, False, 11
1196,0, 175, False, 11
1197,0, 175, False, 11
1198,0, 175, False, 11
1199,0, 175, False, 11
1200,0, 175, False, 11
1201,0, 175, False, 11
1202,0, 175, False, 11
1203,0, 175, False, 1
1204,0, 175, False, 1
1205,0, 175, False, 1
1206,0, 175, False, 1
1207,0, 175, False, 1
1208,0, 175, False, 1
1209,0, 175, False, 1
1210,0, 175, False, 1
1211,0, 175, False, 1
1212,0, 175, False, 1
1213,0, 175, False, 1
1214,0, 175, False, 1
1215,0, 175, False, 1
1216,0, 175, False, 1
1217,0, 175, False, 1
1218,0, 175, False, 1
1219,0, 175, False, 1
1220,0, 175, False, 1
1221,0, 175, False, 1
1222,0, 175, False, 1
1223,0, 175, False, 11
1224,0, 175, False, 11
1225,0, 175, False, 11
1226,0, 175, False, 11
1227,0, 175, False, 11
1228,0, 175, False, 11
1229,0, 175, False, 11
1230,0, 175, False, 11
1231,0, 175, False, 11
1232,0, 175, False, 11
1233,0, 175, False, 1
1234,0, 175, False, 1
1235,0, 175, False, 1
1236,0, 175, False, 1
1237,0, 175, False, 0
1238,0, 175, False, 0
1239,0, 175, False, 0
1240,0, 175, False, 0
1241,0, 175, False, 0
1242,0, 175, False, 0
1243,0, 175, False, 0
1244,0, 175, False, 0
1245,0, 175, False, 0
1246,0, 175, False, 0
1247,0, 175, False, 0
1248,0, 175, False, 0
1249,0, 175, False, 0
1250,0, 175, False, 0
1251,0, 175, False, 0
1252,0, 175, False, 0
1253,0, 175, False, 0
1254,0, 175, False, 0
1255,0, 175, False, 0
1256,0, 175, False, 0
1257,5, 180, False, 0
1258,0, 180, False, 0
1259,0, 180, False, 0
1260,0, 180, False, 0
1261,0, 180, False, 0
1262,0, 180, False, 0
1263,0, 180, False, 0
1264,0, 180, False, 0
1265,0, 180, False, 0
1266,0, 180, False, 0
1267,0, 180, False, 0
1268,0, 180, False, 0
1269,0, 180, False, 0
1270,0, 180, False, 0
1271,0, 180, False, 0
1272,0, 180, False, 0
1273,0, 180, False, 0
1274,0, 180, False, 0
1275,0, 180, False, 0
1276,0, 180, False, 0
1277,0, 180, False, 0
1278,0, 180, False, 0
1279,0, 180, False, 0
1280,0, 180, False, 0
1281,0, 180, False, 0
1282,0, 180, False, 0
1283,0, 180, False, 0
1284,0, 180, False, 0
1285,0, 180, False, 0
1286,0, 180, False, 0
1287,0, 180, False, 0
1288,0, 180, False, 0
1289,0, 180, False, 0
1290,0, 180, False, 0
1291,0, 180, False, 0
1292,0, 180, False, 0
1293,0, 180, False, 1
1294,0, 180, False, 1
1295,0, 180, False, 1
1296,0, 180, False, 1
1297,0, 180, False, 1
1298,0, 180, False, 1
1299,0, 180, False, 1
1300,0, 180, False, 1
1301,0, 180, False, 1
1302,0, 180, False, 1
1303,0, 180, False, 1
1304,0, 180, False, 1
1305,0, 180, False, 1
1306,0, 180, False, 1
1307,0, 180, False, 1
1308,0, 180, False, 1
1309,0, 180, False, 1
1310,0, 180, False, 1
1311,0, 180, False, 1
1312,0, 180, False, 1
1313,0, 180, False, 1
1314,0, 180, False, 1
1315,0, 180, False, 1
1316,0, 180, False, 1
1317,0, 180, False, 1
1318,0, 180, False, 1
1319,0, 180, False, 1
1320,0, 180, False, 1
1321,0, 180, False, 1
1322,0, 180, False, 1
1323,10, 190, False, 1
1324,0, 190, False, 1
1325,0, 190, False, 1
1326,0, 190, False, 1
1327,0, 190, False, 1
1328,0, 190, False, 1
1329,0, 190, False, 1
1330,0, 190, False, 1
1331,0, 190, False, 1
1332,0, 190, False, 1
1333,0, 190, False, 1
1334,0, 190, False, 1
1335,0, 190, False, 1
1336,0, 190, False, 1
1337,0, 190, False, 1
1338,0, 190, False, 1
1339,0, 190, False, 1
1340,0, 190, False, 1
1341,0, 190, False, 1
1342,0, 190, False, 1
1343,0, 190, False, 1
1344,0, 190, False, 1
1345,0, 190, False, 1
1346,0, 190, False, 1
1347,0, 190, False, 1
1348,0, 190, False, 1
1349,0, 190, False, 1
1350,0, 190, False, 1
1351,0, 190, False, 1
1352,0, 190, False, 1
1353,0, 190, False, 1
1354,0, 190, False, 1
1355,0, 190, False, 1
1356,0, 190, False, 1
1357,0, 190, False, 1
1358,0, 190, False, 1
1359,0, 190, False, 1
1360,0, 190, False, 1
1361,15, 205, False, 1
1362,0, 205, False, 1
1363,0, 205, False, 1
1364,0, 205, False, 1
1365,0, 205, False, 1
1366,0, 205, False, 1
1367,0, 205, False, 1
1368,0, 205, False, 1
1369,0, 205, False, 1
1370,0, 205, False, 1
1371,0, 205, False, 1
1372,0, 205, False, 1
1373,0, 205, False, 12
1374,0, 205, False, 12
1375,0, 205, False, 4
1376,0, 205, False, 4
1377,0, 205, False, 4
1378,0, 205, False, 4
1379,0, 205, False, 4
1380,0, 205, False, 4
1381,0, 205, False, 4
1382,0, 205, False, 4
1383,0, 205, False, 4
1384,0, 205, False, 4
1385,0, 205, False, 4
1386,0, 205, False, 4
1387,0, 205, False, 4
1388,0, 205, False, 4
1389,0, 205, False, 4
1390,0, 205, False, 4
1391,0, 205, False, 4
1392,0, 205, False, 4
1393,0, 205, False, 4
1394,0, 205, False, 4
1395,0, 205, False, 4
1396,0, 205, False, 4
1397,0, 205, False, 4
1398,0, 205, False, 4
1399,0, 205, False, 4
1400,0, 205, False, 12
1401,0, 205, False, 12
1402,0, 205, False, 12
1403,0, 205, False, 12
1404,0, 205, False, 1
1405,0, 205, False, 1
1406,0, 205, False, 1
1407,0, 205, False, 1
1408,0, 205, False, 1
1409,0, 205, False, 1
1410,0, 205, False, 1
1411,0, 205, False, 1
1412,0, 205, False, 1
1413,0, 205, False, 1
1414,0, 205, False, 1
1415,0, 205, False, 1
1416,0, 205, False, 1
1417,0, 205, False, 1
1418,0, 205, False, 1
1419,0, 205, False, 1
1420,0, 205, False, 12
1421,0, 205, False, 12
1422,0, 205, False, 12
1423,0, 205, False, 12
1424,0, 205, False, 12
1425,0, 205, False, 12
1426,0, 205, False, 12
1427,0, 205, False, 12
1428,0, 205, False, 12
1429,0, 205, False, 12
1430,0, 205, False, 12
1431,0, 205, False, 12
1432,0, 205, False, 12
1433,0, 205, False, 12
1434,0, 205, False, 12
1435,0, 205, False, 12
1436,0, 205, False, 12
1437,0, 205, False, 12
1438,0, 205, False, 12
1439,0, 205, False, 12
1440,0, 205, False, 12
1441,0, 205, False, 12
1442,0, 205, False, 12
1443,0, 205, False, 12
1444,0, 205, False, 12
1445,0, 205, False, 12
1446,0, 205, False, 12
1447,0, 205, False, 12
1448,0, 205, False, 12
1449,0, 205, False, 12
1450,0, 205, False, 12
1451,0, 205, False, 1
1452,0, 205, False, 1
1453,0, 205, False, 1
1454,0, 205, False, 1
1455,0, 205, False, 1
1456,0, 205, False, 1
1457,0, 205, False, 1
1458,0, 205, False, 1
1459,0, 205, False, 1
1460,0, 205, False, 1
1461,0, 205, False, 1
1462,0, 205, False, 1
1463,0, 205, False, 0
1464,0, 205, False, 0
1465,5, 210, False, 0
1466,0, 210, False, 0
1467,0, 210, False, 0
1468,0, 210, False, 0
1469,0, 210, False, 0
1470,0, 210, False, 0
1471,0, 210, False, 0
1472,0, 210, False, 1
1473,0, 210, False, 1
1474,0, 210, False, 1
1475,0, 210, False, 1
1476,0, 210, False, 1
1477,0, 210, False, 1
1478,0, 210, False, 1
1479,0, 210, False, 1
1480,0, 210, False, 1
1481,0, 210, False, 1
1482,0, 210, False, 12
1483,0, 210, False, 12
1484,0, 210, False, 12
1485,0, 210, False, 12
1486,0, 210, False, 12
1487,0, 210, False, 12
1488,0, 210, False, 12
1489,0, 210, False, 12
1490,0, 210, False, 12
1491,0, 210, False, 12
1492,0, 210, False, 12
1493,0, 210, False, 12
1494,0, 210, False, 12
1495,0, 210, False, 12
1496,0, 210, False, 12
1497,0, 210, False, 12
1498,0, 210, False, 12
1499,0, 210, False, 12
1500,0, 210, False, 12
1501,10, 220, False, 12
1502,0, 220, False, 12
1503,0, 220, False, 12
1504,0, 220, False, 12
1505,0, 220, False, 1
1506,0, 220, False, 1
1507,0, 220, False, 1
1508,0, 220, False, 1
1509,0, 220, False, 1
1510,0, 220, False, 11
1511,0, 220, False, 11
1512,0, 220, False, 11
1513,0, 220, False, 11
1514,0, 220, False, 11
1515,0, 220, False, 11
1516,0, 220, False, 11
1517,0, 220, False, 11
1518,0, 220, False, 11
1519,0, 220, False, 11
1520,0, 220, False, 11
1521,0, 220, False, 11
1522,0, 220, False, 11
1523,0, 220, False, 11
1524,0, 220, False, 11
1525,0, 220, False, 11
1526,0, 220, False, 11
1527,0, 220, False, 11
1528,0, 220, False, 11
1529,0, 220, False, 11
1530,0, 220, False, 11
1531,0, 220, False, 11
1532,0, 220, False, 1
1533,0, 220, False, 1
1534,0, 220, False, 1
1535,0, 220, False, 1
1536,0, 220, False, 1
1537,0, 220, False, 12
1538,0, 220, False, 12
1539,0, 220, False, 12
1540,0, 220, False, 12
1541,0, 220, False, 12
1542,0, 220, False, 12
1543,0, 220, False, 12
1544,0, 220, False, 12
1545,0, 220, False, 12
1546,0, 220, False, 12
1547,0, 220, False, 12
1548,0, 220, False, 12
1549,0, 220, False, 12
1550,0, 220, False, 12
1551,0, 220, False, 12
1552,0, 220, False, 12
1553,0, 220, False, 12
1554,0, 220, False, 12
1555,0, 220, False, 12
1556,0, 220, False, 1
1557,0, 220, False, 1
1558,0, 220, False, 1
1559,0, 220, False, 1
1560,0, 220, False, 1
1561,0, 220, False, 1
1562,0, 220, False, 1
1563,0, 220, False, 1
1564,0, 220, False, 1
1565,0, 220, False, 1
1566,0, 220, False, 1
1567,0, 220, False, 1
1568,0, 220, False, 1
1569,0, 220, False, 1
1570,0, 220, False, 1
1571,0, 220, False, 1
1572,0, 220, False, 11
1573,0, 220, False, 11
1574,0, 220, False, 11
1575,0, 220, False, 11
1576,0, 220, False, 11
1577,0, 220, False, 11
1578,0, 220, False, 11
1579,0, 220, False, 11
1580,0, 220, False, 11
1581,0, 220, False, 11
1582,0, 220, False, 11
1583,0, 220, False, 11
1584,0, 220, False, 11
1585,0, 220, False, 11
1586,0, 220, False, 11
1587,30, 250, False, 11
1588,0, 250, False, 11
1589,0, 250, False, 11
1590,0, 250, False, 11
1591,0, 250, False, 11
1592,0, 250, False, 11
1593,0, 250, False, 11
1594,0, 250, False, 11
1595,0, 250, False, 11
1596,0, 250, False, 11
1597,0, 250, False, 11
1598,0, 250, False, 1
1599,0, 250, False, 1
1600,0, 250, False, 1
1601,0, 250, False, 1
1602,0, 250, False, 1
1603,0, 250, False, 1
1604,0, 250, False, 1
1605,0, 250, False, 1
1606,0, 250, False, 1
1607,0, 250, False, 1
1608,0, 250, False, 1
1609,0, 250, False, 1
1610,0, 250, False, 1
1611,0, 250, False, 1
1612,0, 250, False, 1
1613,0, 250, False, 1
1614,0, 250, False, 1
1615,0, 250, False, 1
1616,0, 250, False, 1
1617,0, 250, False, 1
1618,0, 250, False, 1
1619,0, 250, False, 1
1620,0, 250, False, 1
1621,0, 250, False, 1
1622,0, 250, False, 1
1623,0, 250, False, 1
1624,0, 250, False, 1
1625,0, 250, False, 1
1626,0, 250, False, 1
1627,0, 250, False, 1
1628,0, 250, False, 1
1629,0, 250, False, 1
1630,0, 250, False, 1
1631,0, 250, False, 1
1632,0, 250, False, 1
1633,0, 250, False, 1
1634,0, 250, False, 1
1635,0, 250, False, 1
1636,0, 250, False, 12
1637,0, 250, False, 12
1638,0, 250, False, 12
1639,0, 250, False, 12
1640,0, 250, False, 12
1641,0, 250, False, 12
1642,0, 250, False, 12
1643,0, 250, False, 1
1644,0, 250, False, 1
1645,0, 250, False, 1
1646,0, 250, False, 1
1647,0, 250, False, 1
1648,0, 250, False, 1
1649,0, 250, False, 1
1650,0, 250, False, 1
1651,0, 250, False, 1
1652,0, 250, False, 1
1653,0, 250, False, 1
1654,0, 250, False, 1
1655,0, 250, False, 1
1656,0, 250, False, 1
1657,0, 250, False, 1
1658,0, 250, False, 1
1659,0, 250, False, 1
1660,0, 250, False, 1
1661,0, 250, False, 1
1662,0, 250, False, 1
1663,0, 250, False, 1
1664,0, 250, False, 1
1665,0, 250, False, 1
1666,0, 250, False, 1
1667,0, 250, False, 1
1668,0, 250, False, 1
1669,0, 250, False, 1
1670,0, 250, False, 1
1671,0, 250, False, 1
1672,0, 250, False, 1
1673,0, 250, False, 1
1674,0, 250, False, 1
1675,0, 250, False, 1
1676,0, 250, False, 1
1677,0, 250, False, 1
1678,0, 250, False, 1
1679,0, 250, False, 1
1680,0, 250, False, 1
1681,0, 250, False, 0
1682,0, 250, False, 0
1683,0, 250, False, 0
1684,0, 250, False, 0
1685,0, 250, False, 0
1686,0, 250, False, 0
1687,0, 250, False, 0
1688,0, 250, False, 0
1689,0, 250, False, 0
1690,0, 250, False, 0
1691,0, 250, False, 0
1692,0, 250, False, 0
1693,0, 250, False, 0
1694,0, 250, False, 0
1695,0, 250, False, 0
1696,0, 250, False, 0
1697,0, 250, False, 0
1698,0, 250, False, 0
1699,0, 250, False, 0
1700,0, 250, False, 0
1701,0, 250, False, 0
1702,0, 250, False, 0
1703,0, 250, False, 0
1704,0, 250, False, 0
1705,0, 250, False, 0
1706,0, 250, False, 0
1707,0, 250, False, 0
1708,0, 250, False, 0
1709,0, 250, False, 0
1710,0, 250, False, 0
1711,0, 250, False, 0
1712,0, 250, False, 0
1713,0, 250, False, 0
1714,0, 250, False, 0
1715,0, 250, False, 0
1716,0, 250, False, 0
1717,0, 250, False, 0
1718,0, 250, False, 0
1719,0, 250, False, 0
1720,0, 250, False, 0
1721,0, 250, False, 0
1722,0, 250, False, 0
1723,0, 250, False, 0
1724,0, 250, False, 0
1725,0, 250, False, 0
1726,0, 250, False, 0
1727,0, 250, False, 0
1728,0, 250, False, 0
1729,0, 250, False, 0
1730,0, 250, False, 0
1731,0, 250, False, 0
1732,0, 250, False, 0
1733,0, 250, False, 0
1734,0, 250, False, 0
1735,0, 250, False, 0
1736,0, 250, False, 0
1737,0, 250, False, 0
1738,0, 250, False, 0
1739,0, 250, False, 0
1740,0, 250, False, 0
1741,0, 250, False, 0
1742,0, 250, False, 0
1743,0, 250, False, 0
1744,0, 250, False, 0
1745,0, 250, False, 0
1746,0, 250, False, 0
1747,0, 250, False, 0
1748,0, 250, False, 0
1749,0, 250, False, 0
1750,0, 250, False, 0
1751,0, 250, False, 0
1752,0, 250, False, 0
1753,0, 250, False, 0
1754,0, 250, False, 0
1755,0, 250, False, 0
1756,0, 250, False, 0
1757,0, 250, False, 0
1758,0, 250, False, 0
1759,0, 250, False, 0
1760,0, 250, False, 0
1761,0, 250, False, 0
1762,0, 250, False, 0
1763,0, 250, False, 0
1764,0, 250, False, 0
1765,0, 250, False, 0
1766,0, 250, False, 0
1767,0, 250, False, 0
1768,0, 250, False, 0
1769,0, 250, False, 0
1770,0, 250, False, 0
1771,0, 250, False, 0
1772,0, 250, False, 0
1773,0, 250, False, 0
1774,0, 250, False, 0
1775,0, 250, False, 0
1776,0, 250, False, 0
1777,0, 250, False, 0
1778,0, 250, False, 0
1779,0, 250, False, 0
1780,0, 250, False, 0
1781,0, 250, False, 0
1782,0, 250, False, 0
1783,0, 250, False, 0
1784,0, 250, False, 0
1785,0, 250, False, 0
1786,0, 250, False, 0
1787,0, 250, False, 0
1788,0, 250, False, 0
1789,0, 250, False, 0
1790,0, 250, False, 0
1791,0, 250, False, 0
1792,0, 250, False, 0
1793,0, 250, False, 0
1794,0, 250, False, 0
1795,0, 250, False, 0
1796,0, 250, False, 0
1797,0, 250, False, 0
1798,0, 250, False, 0
1799,0, 250, False, 0
1800,0, 250, False, 0
1801,0, 250, False, 0
1802,0, 250, False, 0
1803,0, 250, False, 0
1804,0, 250, False, 0
1805,0, 250, False, 0
1806,0, 250, False, 0
1807,0, 250, False, 0
1808,0, 250, False, 0
1809,0, 250, False, 0
1810,0, 250, False, 0
1811,0, 250, False, 0
1812,0, 250, False, 0
1813,0, 250, False, 3
1814,0, 250, False, 3
1815,0, 250, False, 3
1816,0, 250, False, 3
1817,0, 250, False, 3
1818,0, 250, False, 3
1819,0, 250, False, 3
1820,0, 250, False, 3
1821,0, 250, False, 3
1822,0, 250, False, 3
1823,0, 250, False, 3
1824,0, 250, False, 3
1825,0, 250, False, 3
1826,0, 250, False, 3
1827,0, 250, False, 3
1828,0, 250, False, 3
1829,0, 250, False, 3
1830,0, 250, False, 11
1831,0, 250, False, 11
1832,0, 250, False, 11
1833,0, 250, False, 11
1834,0, 250, False, 11
1835,0, 250, False, 11
1836,0, 250, False, 11
1837,0, 250, False, 11
1838,0, 250, False, 11
1839,0, 250, False, 11
1840,0, 250, False, 1
1841,0, 250, False, 1
1842,0, 250, False, 1
1843,0, 250, False, 1
1844,0, 250, False, 1
1845,0, 250, False, 1
1846,0, 250, False, 1
1847,0, 250, False, 1
1848,0, 250, False, 1
1849,0, 250, False, 1
1850,0, 250, False, 1
1851,0, 250, False, 1
1852,0, 250, False, 1
1853,0, 250, False, 1
1854,0, 250, False, 1
1855,0, 250, False, 1
1856,0, 250, False, 1
1857,0, 250, False, 1
1858,0, 250, False, 1
1859,0, 250, False, 1
1860,0, 250, False, 1
1861,0, 250, False, 1
1862,0, 250, False, 1
1863,0, 250, False, 11
1864,0, 250, False, 11
1865,0, 250, False, 11
1866,0, 250, False, 11
1867,0, 250, False, 11
1868,0, 250, False, 11
1869,0, 250, False, 11
1870,0, 250, False, 11
1871,0, 250, False, 11
1872,0, 250, False, 11
1873,0, 250, False, 11
1874,0, 250, False, 11
1875,0, 250, False, 11
1876,0, 250, False, 11
1877,0, 250, False, 11
1878,0, 250, False, 11
1879,0, 250, False, 11
1880,0, 250, False, 11
1881,0, 250, False, 11
1882,0, 250, False, 11
1883,0, 250, False, 11
1884,0, 250, False, 11
1885,0, 250, False, 11
1886,0, 250, False, 11
1887,0, 250, False, 11
1888,0, 250, False, 11
1889,0, 250, False, 11
1890,0, 250, False, 11
1891,0, 250, False, 11
1892,0, 250, False, 11
1893,0, 250, False, 11
1894,0, 250, False, 11
1895,0, 250, False, 11
1896,0, 250, False, 11
1897,0, 250, False, 11
1898,0, 250, False, 11
1899,0, 250, False, 11
1900,0, 250, False, 11
1901,0, 250, False, 11
1902,0, 250, False, 11
1903,0, 250, False, 11
1904,0, 250, False, 11
1905,0, 250, False, 11
1906,0, 250, False, 11
1907,0, 250, False, 11
1908,0, 250, False, 11
1909,0, 250, False, 11
1910,0, 250, False, 11
1911,0, 250, False, 11
1912,0, 250, False, 11
1913,0, 250, False, 11
1914,0, 250, False, 11
1915,0, 250, False, 1
1916,0, 250, False, 1
1917,0, 250, False, 1
1918,0, 250, False, 1
1919,0, 250, False, 1
1920,0, 250, False, 1
1921,0, 250, False, 1
1922,0, 250, False, 1
1923,0, 250, False, 1
1924,0, 250, False, 1
1925,0, 250, False, 1
1926,0, 250, False, 1
1927,0, 250, False, 1
1928,0, 250, False, 1
1929,0, 250, False, 1
1930,0, 250, False, 1
1931,0, 250, False, 1
1932,0, 250, False, 1
1933,0, 250, False, 1
1934,0, 250, False, 1
1935,0, 250, False, 1
1936,0, 250, False, 1
1937,0, 250, False, 1
1938,0, 250, False, 1
1939,0, 250, False, 1
1940,0, 250, False, 1
1941,0, 250, False, 11
1942,0, 250, False, 11
1943,0, 250, False, 11
1944,0, 250, False, 11
1945,0, 250, False, 11
1946,0, 250, False, 11
1947,0, 250, False, 11
1948,0, 250, False, 11
1949,0, 250, False, 11
1950,0, 250, False, 11
1951,0, 250, False, 11
1952,0, 250, False, 11
1953,0, 250, False, 11
1954,0, 250, False, 11
1955,0, 250, False, 11
1956,0, 250, False, 11
1957,0, 250, False, 11
1958,0, 250, False, 11
1959,0, 250, False, 11
1960,0, 250, False, 11
1961,0, 250, False, 11
1962,0, 250, False, 11
1963,0, 250, False, 11
1964,0, 250, False, 11
1965,0, 250, False, 11
1966,0, 250, False, 11
1967,0, 250, False, 11
1968,0, 250, False, 11
1969,0, 250, False, 11
1970,0, 250, False, 11
1971,0, 250, False, 11
1972,0, 250, False, 11
1973,0, 250, False, 11
1974,0, 250, False, 11
1975,0, 250, False, 11
1976,0, 250, False, 11
1977,0, 250, False, 11
1978,0, 250, False, 11
1979,0, 250, False, 11
1980,0, 250, False, 11
1981,0, 250, False, 11
1982,0, 250, False, 11
1983,15, 265, False, 11
1984,0, 265, False, 1
1985,0, 265, False, 1
1986,0, 265, False, 1
1987,0, 265, False, 1
1988,0, 265, False, 1
1989,0, 265, False, 1
1990,0, 265, False, 1
1991,0, 265, False, 1
1992,0, 265, False, 1
1993,0, 265, False, 1
1994,0, 265, False, 1
1995,0, 265, False, 1
1996,0, 265, False, 1
1997,0, 265, False, 1
1998,0, 265, False, 1
1999,0, 265, False, 1
2000,0, 265, False, 1
2001,0, 265, False, 1
2002,0, 265, False, 1
2003,10, 275, False, 1
2004,0, 275, False, 1
2005,0, 275, False, 1
2006,0, 275, False, 1
2007,0, 275, False, 1
2008,0, 275, False, 1
2009,0, 275, False, 1
2010,0, 275, False, 1
2011,0, 275, False, 1
2012,0, 275, False, 1
2013,0, 275, False, 1
2014,0, 275, False, 1
2015,0, 275, False, 1
2016,0, 275, False, 1
2017,0, 275, False, 1
2018,0, 275, False, 1
2019,0, 275, False, 1
2020,0, 275, False, 1
2021,0, 275, False, 1
2022,0, 275, False, 1
2023,0, 275, False, 1
2024,0, 275, False, 1
2025,0, 275, False, 1
2026,0, 275, False, 1
2027,0, 275, False, 1
2028,0, 275, False, 1
2029,0, 275, False, 1
2030,0, 275, False, 1
2031,0, 275, False, 11
2032,0, 275, False, 11
2033,0, 275, False, 11
2034,0, 275, False, 11
2035,15, 290, False, 11
2036,0, 290, False, 11
2037,0, 290, False, 11
2038,0, 290, False, 11
2039,0, 290, False, 11
2040,0, 290, False, 11
2041,0, 290, False, 11
2042,0, 290, False, 11
2043,0, 290, False, 11
2044,0, 290, False, 11
2045,0, 290, False, 11
2046,0, 290, False, 1
2047,0, 290, False, 1
2048,0, 290, False, 1
2049,0, 290, False, 1
2050,0, 290, False, 1
2051,0, 290, False, 1
2052,0, 290, False, 1
2053,0, 290, False, 1
2054,0, 290, False, 1
2055,0, 290, False, 1
2056,0, 290, False, 1
2057,0, 290, False, 1
2058,0, 290, False, 1
2059,0, 290, False, 1
2060,0, 290, False, 1
2061,0, 290, False, 1
2062,0, 290, False, 1
2063,0, 290, False, 1
2064,0, 290, False, 1
2065,0, 290, False, 1
2066,0, 290, False, 1
2067,0, 290, False, 1
2068,0, 290, False, 1
2069,0, 290, False, 1
2070,0, 290, False, 1
2071,0, 290, False, 1
2072,0, 290, False, 1
2073,0, 290, False, 1
2074,0, 290, False, 1
2075,0, 290, False, 1
2076,0, 290, False, 1
2077,0, 290, False, 1
2078,0, 290, False, 1
2079,0, 290, False, 1
2080,0, 290, False, 1
2081,25, 315, False, 1
2082,0, 315, False, 1
2083,0, 315, False, 1
2084,0, 315, False, 1
2085,0, 315, False, 1
2086,0, 315, False, 1
2087,0, 315, False, 1
2088,0, 315, False, 1
2089,0, 315, False, 1
2090,0, 315, False, 1
2091,0, 315, False, 1
2092,0, 315, False, 1
2093,0, 315, False, 1
2094,0, 315, False, 1
2095,0, 315, False, 1
2096,0, 315, False, 1
2097,0, 315, False, 1
2098,0, 315, False, 1
2099,0, 315, False, 1
2100,0, 315, False, 1
2101,0, 315, False, 1
2102,0, 315, False, 1
2103,0, 315, False, 1
2104,0, 315, False, 1
2105,0, 315, False, 1
2106,0, 315, False, 1
2107,0, 315, False, 1
2108,0, 315, False, 1
2109,0, 315, False, 1
2110,0, 315, False, 1
2111,0, 315, False, 1
2112,0, 315, False, 1
2113,0, 315, False, 1
2114,0, 315, False, 1
2115,0, 315, False, 1
2116,0, 315, False, 1
2117,0, 315, False, 1
2118,0, 315, False, 1
2119,0, 315, False, 1
2120,0, 315, False, 1
2121,0, 315, False, 1
2122,0, 315, False, 1
2123,0, 315, False, 1
2124,0, 315, False, 1
2125,0, 315, False, 1
2126,0, 315, False, 1
2127,0, 315, False, 1
2128,0, 315, False, 1
2129,0, 315, False, 1
2130,0, 315, False, 1
2131,0, 315, False, 1
2132,0, 315, False, 1
2133,0, 315, False, 1
2134,0, 315, False, 1
2135,0, 315, False, 1
2136,0, 315, False, 1
2137,0, 315, False, 1
2138,0, 315, False, 1
2139,0, 315, False, 1
2140,0, 315, False, 1
2141,0, 315, False, 1
2142,0, 315, False, 1
2143,0, 315, False, 1
2144,0, 315, False, 1
2145,0, 315, False, 1
2146,0, 315, False, 1
2147,0, 315, False, 1
2148,0, 315, False, 1
2149,0, 315, False, 1
2150,0, 315, False, 1
2151,0, 315, False, 1
2152,0, 315, False, 11
2153,0, 315, False, 11
2154,0, 315, False, 11
2155,0, 315, False, 11
2156,0, 315, False, 11
2157,0, 315, False, 11
2158,0, 315, False, 11
2159,0, 315, False, 11
2160,0, 315, False, 11
2161,0, 315, False, 11
2162,0, 315, False, 1
2163,0, 315, False, 1
2164,0, 315, False, 1
2165,0, 315, False, 1
2166,0, 315, False, 1
2167,0, 315, False, 1
2168,0, 315, False, 1
2169,0, 315, False, 1
2170,0, 315, False, 1
2171,0, 315, False, 1
2172,0, 315, False, 1
2173,0, 315, False, 1
2174,0, 315, False, 1
2175,0, 315, False, 1
2176,0, 315, False, 1
2177,0, 315, False, 1
2178,0, 315, False, 1
2179,0, 315, False, 1
2180,0, 315, False, 12
2181,0, 315, False, 12
2182,0, 315, False, 12
2183,0, 315, False, 12
2184,0, 315, False, 12
2185,0, 315, False, 12
2186,0, 315, False, 12
2187,0, 315, False, 1
2188,0, 315, False, 1
2189,0, 315, False, 1
2190,0, 315, False, 1
2191,0, 315, False, 1
2192,0, 315, False, 1
2193,0, 315, False, 1
2194,0, 315, False, 1
2195,0, 315, False, 1
2196,0, 315, False, 1
2197,0, 315, False, 1
2198,0, 315, False, 1
2199,0, 315, False, 1
2200,0, 315, False, 1
2201,0, 315, False, 1
2202,0, 315, False, 1
2203,0, 315, False, 1
2204,0, 315, False, 1
2205,0, 315, False, 1
2206,0, 315, False, 1
2207,0, 315, False, 1
2208,0, 315, False, 1
2209,0, 315, False, 1
2210,0, 315, False, 1
2211,0, 315, False, 1
2212,0, 315, False, 1
2213,0, 315, False, 1
2214,0, 315, False, 1
2215,0, 315, False, 1
2216,0, 315, False, 1
2217,0, 315, False, 1
2218,0, 315, False, 1
2219,0, 315, False, 1
2220,0, 315, False, 1
2221,0, 315, False, 1
2222,0, 315, False, 1
2223,0, 315, False, 1
2224,0, 315, False, 1
2225,0, 315, False, 11
2226,0, 315, False, 11
2227,0, 315, False, 11
2228,0, 315, False, 11
2229,0, 315, False, 11
2230,0, 315, False, 11
2231,0, 315, False, 11
2232,0, 315, False, 1
2233,0, 315, False, 1
2234,0, 315, False, 1
2235,0, 315, False, 1
2236,0, 315, False, 1
2237,0, 315, False, 1
2238,0, 315, False, 1
2239,0, 315, False, 1
2240,0, 315, False, 1
2241,0, 315, False, 1
2242,0, 315, False, 1
2243,0, 315, False, 1
2244,0, 315, False, 1
2245,0, 315, False, 1
2246,0, 315, False, 1
2247,0, 315, False, 1
2248,0, 315, False, 1
2249,0, 315, False, 1
2250,0, 315, False, 1
2251,0, 315, False, 12
2252,0, 315, False, 12
2253,0, 315, False, 12
2254,0, 315, False, 12
2255,0, 315, False, 12
2256,0, 315, False, 12
2257,0, 315, False, 12
2258,0, 315, False, 12
2259,0, 315, False, 1
2260,0, 315, False, 1
2261,0, 315, False, 1
2262,0, 315, False, 1
2263,0, 315, False, 1
2264,0, 315, False, 1
2265,0, 315, False, 1
2266,0, 315, False, 1
2267,0, 315, False, 1
2268,0, 315, False, 1
2269,0, 315, False, 1
2270,0, 315, False, 1
2271,0, 315, False, 1
2272,0, 315, False, 1
2273,0, 315, False, 1
2274,0, 315, False, 1
2275,0, 315, False, 1
2276,0, 315, False, 1
2277,0, 315, False, 1
2278,0, 315, False, 1
2279,0, 315, False, 1
2280,0, 315, False, 1
2281,0, 315, False, 1
2282,0, 315, False, 1
2283,0, 315, False, 1
2284,0, 315, False, 1
2285,0, 315, False, 1
2286,0, 315, False, 1
2287,0, 315, False, 1
2288,0, 315, False, 1
2289,0, 315, False, 1
2290,0, 315, False, 1
2291,0, 315, False, 1
2292,0, 315, False, 1
2293,0, 315, False, 1
2294,0, 315, False, 1
2295,0, 315, False, 1
2296,0, 315, False, 1
2297,0, 315, False, 1
2298,0, 315, False, 1
2299,0, 315, False, 1
2300,0, 315, False, 1
2301,0, 315, False, 1
2302,0, 315, False, 1
2303,0, 315, False, 1
2304,0, 315, False, 1
2305,0, 315, False, 1
2306,0, 315, False, 12
2307,0, 315, False, 12
2308,0, 315, False, 12
2309,0, 315, False, 12
2310,0, 315, False, 12
2311,0, 315, False, 12
2312,0, 315, False, 12
2313,0, 315, False, 12
2314,0, 315, False, 1
2315,0, 315, False, 1
2316,0, 315, False, 1
2317,0, 315, False, 1
2318,0, 315, False, 1
2319,0, 315, False, 1
2320,0, 315, False, 1
2321,0, 315, False, 1
2322,0, 315, False, 1
2323,0, 315, False, 1
2324,0, 315, False, 1
2325,0, 315, False, 1
2326,0, 315, False, 1
2327,0, 315, False, 1
2328,0, 315, False, 1
2329,0, 315, False, 1
2330,0, 315, False, 1
2331,0, 315, False, 1
2332,0, 315, False, 1
2333,0, 315, False, 1
2334,0, 315, False, 1
2335,0, 315, False, 1
2336,0, 315, False, 1
2337,0, 315, False, 1
2338,0, 315, False, 1
2339,0, 315, False, 1
2340,0, 315, False, 1
2341,0, 315, False, 1
2342,0, 315, False, 1
2343,0, 315, False, 1
2344,0, 315, False, 1
2345,0, 315, False, 1
2346,0, 315, False, 11
2347,0, 315, False, 11
2348,0, 315, False, 11
2349,0, 315, False, 11
2350,0, 315, False, 11
2351,0, 315, False, 11
2352,0, 315, False, 11
2353,0, 315, False, 11
2354,0, 315, False, 11
2355,0, 315, False, 1
2356,0, 315, False, 1
2357,0, 315, False, 1
2358,0, 315, False, 1
2359,0, 315, False, 1
2360,0, 315, False, 1
2361,20, 335, False, 1
2362,0, 335, False, 1
2363,0, 335, False, 1
2364,0, 335, False, 1
2365,0, 335, False, 1
2366,0, 335, False, 1
2367,0, 335, False, 1
2368,0, 335, False, 1
2369,0, 335, False, 1
2370,0, 335, False, 1
2371,0, 335, False, 1
2372,0, 335, False, 1
2373,0, 335, False, 1
2374,0, 335, False, 1
2375,0, 335, False, 1
2376,0, 335, False, 1
2377,0, 335, False, 1
2378,0, 335, False, 1
2379,0, 335, False, 1
2380,0, 335, False, 1
2381,0, 335, False, 1
2382,0, 335, False, 1
2383,0, 335, False, 1
2384,0, 335, False, 1
2385,0, 335, False, 1
2386,0, 335, False, 1
2387,0, 335, False, 1
2388,0, 335, False, 1
2389,0, 335, False, 1
2390,0, 335, False, 1
2391,0, 335, False, 1
2392,0, 335, False, 1
2393,0, 335, False, 1
2394,0, 335, False, 1
2395,0, 335, False, 1
2396,0, 335, False, 1
2397,0, 335, False, 1
2398,0, 335, False, 1
2399,0, 335, False, 1
2400,0, 335, False, 1
2401,0, 335, False, 1
2402,0, 335, False, 1
2403,0, 335, False, 0
2404,0, 335, False, 0
2405,0, 335, False, 0
2406,0, 335, False, 0
2407,0, 335, False, 0
2408,0, 335, False, 0
2409,0, 335, False, 0
2410,0, 335, False, 0
2411,0, 335, False, 0
2412,0, 335, False, 0
2413,0, 335, False, 0
2414,0, 335, False, 0
2415,0, 335, False, 0
2416,0, 335, False, 0
2417,0, 335, False, 0
2418,0, 335, False, 0
2419,0, 335, False, 0
2420,0, 335, False, 0
2421,0, 335, False, 0
2422,0, 335, False, 0
2423,0, 335, False, 0
2424,0, 335, False, 0
2425,0, 335, False, 0
2426,0, 335, False, 0
2427,0, 335, False, 0
2428,0, 335, False, 0
2429,0, 335, False, 0
2430,0, 335, False, 0
2431,0, 335, False, 0
2432,0, 335, False, 0
2433,0, 335, False, 0
2434,0, 335, False, 0
2435,0, 335, False, 0
2436,0, 335, False, 0
2437,0, 335, False, 0
2438,0, 335, False, 0
2439,0, 335, False, 0
2440,0, 335, False, 0
2441,0, 335, False, 0
2442,0, 335, False, 0
2443,0, 335, False, 0
2444,0, 335, False, 0
2445,0, 335, False, 0
2446,0, 335, False, 0
2447,0, 335, False, 0
2448,0, 335, False, 0
2449,0, 335, False, 0
2450,0, 335, False, 0
2451,0, 335, False, 0
2452,0, 335, False, 0
2453,0, 335, False, 0
2454,0, 335, False, 0
2455,0, 335, False, 0
2456,0, 335, False, 0
2457,0, 335, False, 0
2458,0, 335, False, 0
2459,0, 335, False, 0
2460,0, 335, False, 0
2461,0, 335, False, 0
2462,0, 335, False, 0
2463,0, 335, False, 0
2464,0, 335, False, 0
2465,0, 335, False, 0
2466,0, 335, False, 0
2467,0, 335, False, 0
2468,0, 335, False, 0
2469,0, 335, False, 0
2470,0, 335, False, 0
2471,0, 335, False, 0
2472,0, 335, False, 0
2473,0, 335, False, 0
2474,0, 335, False, 0
2475,0, 335, False, 0
2476,0, 335, False, 0
2477,0, 335, False, 0
2478,0, 335, False, 0
2479,0, 335, False, 0
2480,0, 335, False, 0
2481,0, 335, False, 0
2482,0, 335, False, 0
2483,0, 335, False, 0
2484,0, 335, False, 0
2485,0, 335, False, 0
2486,0, 335, False, 0
2487,0, 335, False, 0
2488,0, 335, False, 4
2489,0, 335, False, 4
2490,0, 335, False, 4
2491,0, 335, False, 4
2492,0, 335, False, 4
2493,0, 335, False, 4
2494,0, 335, False, 4
2495,0, 335, False, 4
2496,0, 335, False, 4
2497,0, 335, False, 4
2498,0, 335, False, 4
2499,0, 335, False, 4
2500,0, 335, False, 4
2501,0, 335, False, 4
2502,0, 335, False, 4
2503,0, 335, False, 4
2504,0, 335, False, 4
2505,0, 335, False, 4
2506,0, 335, False, 4
2507,0, 335, False, 4
2508,0, 335, False, 4
2509,0, 335, False, 4
2510,0, 335, False, 4
2511,0, 335, False, 0
2512,0, 335, False, 0
2513,0, 335, False, 0
2514,0, 335, False, 0
2515,0, 335, False, 0
2516,0, 335, False, 0
2517,0, 335, False, 0
2518,0, 335, False, 0
2519,0, 335, False, 0
2520,0, 335, False, 0
2521,0, 335, False, 0
2522,0, 335, False, 0
2523,0, 335, False, 0
2524,0, 335, False, 0
2525,0, 335, False, 0
2526,0, 335, False, 0
2527,0, 335, False, 0
2528,0, 335, False, 0
2529,0, 335, False, 0
2530,0, 335, False, 0
2531,0, 335, False, 3
2532,0, 335, False, 3
2533,0, 335, False, 3
2534,0, 335, False, 3
2535,0, 335, False, 3
2536,0, 335, False, 3
2537,0, 335, False, 3
2538,0, 335, False, 3
2539,0, 335, False, 3
2540,0, 335, False, 3
2541,0, 335, False, 3
2542,0, 335, False, 3
2543,0, 335, False, 3
2544,0, 335, False, 3
2545,0, 335, False, 3
2546,0, 335, False, 3
2547,0, 335, False, 1
2548,0, 335, False, 1
2549,0, 335, False, 1
2550,0, 335, False, 1
2551,0, 335, False, 1
2552,0, 335, False, 1
2553,0, 335, False, 1
2554,0, 335, False, 1
2555,0, 335, False, 1
2556,0, 335, False, 1
2557,0, 335, False, 1
2558,0, 335, False, 1
2559,0, 335, False, 1
2560,0, 335, False, 1
2561,0, 335, False, 1
2562,0, 335, False, 1
2563,0, 335, False, 1
2564,0, 335, False, 1
2565,0, 335, False, 1
2566,0, 335, False, 1
2567,0, 335, False, 1
2568,0, 335, False, 1
2569,0, 335, False, 1
2570,0, 335, False, 1
2571,0, 335, False, 1
2572,0, 335, False, 1
2573,0, 335, False, 1
2574,0, 335, False, 1
2575,0, 335, False, 1
2576,0, 335, False, 1
2577,0, 335, False, 1
2578,0, 335, False, 1
2579,0, 335, False, 1
2580,0, 335, False, 1
2581,0, 335, False, 1
2582,0, 335, False, 1
2583,0, 335, False, 1
2584,0, 335, False, 1
2585,0, 335, False, 1
2586,0, 335, False, 1
2587,0, 335, False, 1
2588,0, 335, False, 1
2589,0, 335, False, 1
2590,0, 335, False, 1
2591,0, 335, False, 1
2592,0, 335, False, 1
2593,0, 335, False, 1
2594,0, 335, False, 1
2595,0, 335, False, 1
2596,0, 335, False, 1
2597,0, 335, False, 1
2598,0, 335, False, 1
2599,0, 335, False, 1
2600,0, 335, False, 1
2601,0, 335, False, 1
2602,0, 335, False, 1
2603,0, 335, False, 1
2604,0, 335, False, 1
2605,0, 335, False, 1
2606,0, 335, False, 1
2607,0, 335, False, 1
2608,0, 335, False, 1
2609,0, 335, False, 1
2610,0, 335, False, 1
2611,0, 335, False, 1
2612,0, 335, False, 1
2613,0, 335, False, 1
2614,0, 335, False, 1
2615,0, 335, False, 1
2616,0, 335, False, 1
2617,0, 335, False, 1
2618,0, 335, False, 1
2619,0, 335, False, 1
2620,0, 335, False, 1
2621,0, 335, False, 1
2622,0, 335, False, 1
2623,0, 335, False, 1
2624,0, 335, False, 1
2625,0, 335, False, 1
2626,0, 335, False, 1
2627,0, 335, False, 1
2628,0, 335, False, 1
2629,0, 335, False, 1
2630,0, 335, False, 1
2631,0, 335, False, 1
2632,0, 335, False, 1
2633,0, 335, False, 1
2634,0, 335, False, 1
2635,0, 335, False, 1
2636,0, 335, False, 1
2637,0, 335, False, 1
2638,0, 335, False, 1
2639,0, 335, False, 1
2640,0, 335, False, 1
2641,0, 335, False, 1
2642,0, 335, False, 1
2643,0, 335, False, 1
2644,0, 335, False, 1
2645,0, 335, False, 1
2646,0, 335, False, 1
2647,0, 335, False, 1
2648,0, 335, False, 1
2649,0, 335, False, 1
2650,0, 335, False, 1
2651,0, 335, False, 1
2652,0, 335, False, 1
2653,30, 365, False, 1
2654,0, 365, False, 1
2655,0, 365, False, 1
2656,0, 365, False, 1
2657,0, 365, False, 1
2658,0, 365, False, 1
2659,0, 365, False, 1
2660,0, 365, False, 1
2661,0, 365, False, 1
2662,0, 365, False, 1
2663,0, 365, False, 1
2664,0, 365, False, 1
2665,0, 365, False, 1
2666,0, 365, False, 1
2667,0, 365, False, 1
2668,0, 365, False, 1
2669,0, 365, False, 1
2670,0, 365, False, 1
2671,0, 365, False, 1
2672,0, 365, False, 1
2673,0, 365, False, 1
2674,0, 365, False, 1
2675,0, 365, False, 1
2676,0, 365, False, 1
2677,0, 365, False, 1
2678,0, 365, False, 1
2679,0, 365, False, 1
2680,0, 365, False, 1
2681,0, 365, False, 1
2682,0, 365, False, 1
2683,0, 365, False, 1
2684,0, 365, False, 1
2685,0, 365, False, 1
2686,0, 365, False, 1
2687,0, 365, False, 1
2688,0, 365, False, 1
2689,0, 365, False, 1
2690,0, 365, False, 1
2691,0, 365, False, 1
2692,0, 365, False, 1
2693,0, 365, False, 1
2694,0, 365, False, 1
2695,25, 390, False, 1
2696,0, 390, False, 1
2697,0, 390, False, 1
2698,0, 390, False, 1
2699,0, 390, False, 1
2700,0, 390, False, 1
2701,0, 390, False, 1
2702,0, 390, False, 1
2703,0, 390, False, 1
2704,0, 390, False, 1
2705,0, 390, False, 1
2706,0, 390, False, 1
2707,0, 390, False, 1
2708,0, 390, False, 1
2709,0, 390, False, 1
2710,0, 390, False, 1
2711,0, 390, False, 1
2712,0, 390, False, 1
2713,0, 390, False, 1
2714,0, 390, False, 1
2715,0, 390, False, 1
2716,0, 390, False, 1
2717,0, 390, False, 1
2718,0, 390, False, 1
2719,0, 390, False, 1
2720,0, 390, False, 1
2721,0, 390, False, 1
2722,0, 390, False, 1
2723,0, 390, False, 1
2724,0, 390, False, 1
2725,0, 390, False, 11
2726,0, 390, False, 11
2727,0, 390, False, 11
2728,0, 390, False, 11
2729,0, 390, False, 11
2730,0, 390, False, 11
2731,0, 390, False, 11
2732,0, 390, False, 11
2733,0, 390, False, 11
2734,0, 390, False, 11
2735,0, 390, False, 11
2736,0, 390, False, 11
2737,0, 390, False, 11
2738,0, 390, False, 11
2739,0, 390, False, 11
2740,0, 390, False, 11
2741,0, 390, False, 11
2742,0, 390, False, 11
2743,0, 390, False, 11
2744,0, 390, False, 11
2745,0, 390, False, 11
2746,0, 390, False, 11
2747,0, 390, False, 11
2748,0, 390, False, 11
2749,0, 390, False, 11
2750,0, 390, False, 11
2751,0, 390, False, 11
2752,0, 390, False, 11
2753,0, 390, False, 11
2754,0, 390, False, 11
2755,0, 390, False, 11
2756,0, 390, False, 11
2757,0, 390, False, 11
2758,0, 390, False, 11
2759,0, 390, False, 1
2760,0, 390, False, 1
2761,0, 390, False, 1
2762,0, 390, False, 1
2763,0, 390, False, 1
2764,0, 390, False, 1
2765,0, 390, False, 1
2766,0, 390, False, 1
2767,0, 390, False, 1
2768,0, 390, False, 1
2769,0, 390, False, 1
2770,0, 390, False, 1
2771,0, 390, False, 1
2772,0, 390, False, 1
2773,0, 390, False, 1
2774,0, 390, False, 1
2775,0, 390, False, 1
2776,0, 390, False, 1
2777,0, 390, False, 1
2778,0, 390, False, 1
2779,0, 390, False, 1
2780,0, 390, False, 1
2781,0, 390, False, 1
2782,0, 390, False, 1
2783,0, 390, False, 1
2784,0, 390, False, 1
2785,0, 390, False, 1
2786,0, 390, False, 1
2787,0, 390, False, 1
2788,0, 390, False, 1
2789,0, 390, False, 1
2790,0, 390, False, 1
2791,0, 390, False, 11
2792,0, 390, False, 11
2793,0, 390, False, 11
2794,0, 390, False, 11
2795,0, 390, False, 11
2796,0, 390, False, 11
2797,0, 390, False, 11
2798,0, 390, False, 11
2799,0, 390, False, 11
2800,0, 390, False, 11
2801,0, 390, False, 11
2802,0, 390, False, 11
2803,0, 390, False, 11
2804,0, 390, False, 11
2805,0, 390, False, 11
2806,0, 390, False, 11
2807,0, 390, False, 11
2808,0, 390, False, 11
2809,0, 390, False, 11
2810,0, 390, False, 11
2811,0, 390, False, 11
2812,0, 390, False, 11
2813,0, 390, False, 11
2814,0, 390, False, 11
2815,0, 390, False, 11
2816,0, 390, False, 11
2817,0, 390, False, 11
2818,0, 390, False, 11
2819,0, 390, False, 1
2820,0, 390, False, 1
2821,0, 390, False, 1
2822,0, 390, False, 1
2823,0, 390, False, 1
2824,0, 390, False, 1
2825,0, 390, False, 1
2826,0, 390, False, 1
2827,0, 390, False, 1
2828,0, 390, False, 1
2829,0, 390, False, 1
2830,0, 390, False, 1
2831,0, 390, False, 1
2832,0, 390, False, 1
2833,0, 390, False, 1
2834,0, 390, False, 1
2835,0, 390, False, 1
2836,0, 390, False, 1
2837,0, 390, False, 1
2838,0, 390, False, 1
2839,0, 390, False, 1
2840,0, 390, False, 1
2841,0, 390, False, 1
2842,0, 390, False, 1
2843,0, 390, False, 1
2844,0, 390, False, 1
2845,0, 390, False, 1
2846,0, 390, False, 1
2847,0, 390, False, 1
2848,0, 390, False, 1
2849,0, 390, False, 1
2850,0, 390, False, 1
2851,0, 390, False, 1
2852,0, 390, False, 1
2853,0, 390, False, 1
2854,0, 390, False, 1
2855,0, 390, False, 1
2856,0, 390, False, 1
2857,0, 390, False, 1
2858,0, 390, False, 1
2859,0, 390, False, 1
2860,0, 390, False, 1
2861,0, 390, False, 1
2862,0, 390, False, 1
2863,0, 390, False, 1
2864,0, 390, False, 1
2865,0, 390, False, 1
2866,0, 390, False, 1
2867,0, 390, False, 1
2868,0, 390, False, 1
2869,0, 390, False, 1
2870,0, 390, False, 1
2871,0, 390, False, 1
2872,0, 390, False, 1
2873,0, 390, False, 1
2874,0, 390, False, 1
2875,0, 390, False, 1
2876,0, 390, False, 1
2877,0, 390, False, 1
2878,0, 390, False, 1
2879,0, 390, False, 1
2880,0, 390, False, 1
2881,0, 390, False, 1
2882,0, 390, False, 1
2883,0, 390, False, 1
2884,0, 390, False, 1
2885,0, 390, False, 1
2886,0, 390, False, 1
2887,0, 390, False, 1
2888,0, 390, False, 1
2889,0, 390, False, 1
2890,0, 390, False, 1
2891,0, 390, False, 1
2892,0, 390, False, 1
2893,0, 390, False, 1
2894,0, 390, False, 1
2895,0, 390, False, 1
2896,0, 390, False, 1
2897,0, 390, False, 1
2898,0, 390, False, 1
2899,0, 390, False, 1
2900,0, 390, False, 1
2901,0, 390, False, 1
2902,0, 390, False, 1
2903,0, 390, False, 1
2904,0, 390, False, 1
2905,0, 390, False, 1
2906,0, 390, False, 1
2907,0, 390, False, 1
2908,0, 390, False, 1
2909,0, 390, False, 1
2910,0, 390, False, 1
2911,0, 390, False, 1
2912,0, 390, False, 1
2913,0, 390, False, 1
2914,0, 390, False, 1
2915,0, 390, False, 1
2916,0, 390, False, 1
2917,0, 390, False, 1
2918,0, 390, False, 1
2919,0, 390, False, 1
2920,0, 390, False, 1
2921,0, 390, False, 1
2922,0, 390, False, 1
2923,0, 390, False, 1
2924,0, 390, False, 1
2925,0, 390, False, 1
2926,0, 390, False, 1
2927,0, 390, False, 1
2928,0, 390, False, 1
2929,0, 390, False, 1
2930,0, 390, False, 1
2931,0, 390, False, 1
2932,0, 390, False, 1
2933,0, 390, False, 1
2934,0, 390, False, 1
2935,0, 390, False, 1
2936,0, 390, False, 1
2937,0, 390, False, 1
2938,0, 390, False, 1
2939,0, 390, False, 1
2940,0, 390, False, 1
2941,0, 390, False, 1
2942,0, 390, False, 1
2943,0, 390, False, 1
2944,0, 390, False, 1
2945,0, 390, False, 1
2946,0, 390, False, 1
2947,0, 390, False, 1
2948,0, 390, False, 1
2949,0, 390, False, 1
2950,0, 390, False, 1
2951,0, 390, False, 1
2952,0, 390, False, 1
2953,0, 390, False, 12
2954,0, 390, False, 12
2955,0, 390, False, 12
2956,0, 390, False, 12
2957,0, 390, False, 12
2958,0, 390, False, 12
2959,0, 390, False, 12
2960,0, 390, False, 12
2961,0, 390, False, 12
2962,0, 390, False, 12
2963,0, 390, False, 12
2964,0, 390, False, 12
2965,0, 390, False, 12
2966,0, 390, False, 12
2967,0, 390, False, 12
2968,0, 390, False, 12
2969,0, 390, False, 12
2970,0, 390, False, 12
2971,0, 390, False, 12
2972,0, 390, False, 12
2973,0, 390, False, 12
2974,0, 390, False, 12
2975,0, 390, False, 1
2976,0, 390, False, 1
2977,0, 390, False, 1
2978,0, 390, False, 1
2979,0, 390, False, 1
2980,0, 390, False, 1
2981,0, 390, False, 1
2982,0, 390, False, 1
2983,0, 390, False, 1
2984,0, 390, False, 1
2985,0, 390, False, 1
2986,0, 390, False, 1
2987,0, 390, False, 1
2988,0, 390, False, 1
2989,0, 390, False, 1
2990,0, 390, False, 1
2991,0, 390, False, 1
2992,0, 390, False, 12
2993,0, 390, False, 12
2994,0, 390, False, 12
2995,0, 390, False, 12
2996,0, 390, False, 12
2997,0, 390, False, 12
2998,0, 390, False, 12
2999,0, 390, False, 12
3000,0, 390, False, 12
3001,0, 390, False, 12
3002,0, 390, False, 12
3003,0, 390, False, 12
3004,0, 390, False, 12
3005,0, 390, False, 12
3006,0, 390, False, 12
3007,0, 390, False, 12
3008,0, 390, False, 12
3009,0, 390, False, 12
3010,0, 390, False, 1
3011,20, 410, False, 1
3012,0, 410, False, 1
3013,0, 410, False, 1
3014,0, 410, False, 1
3015,0, 410, False, 1
3016,0, 410, False, 1
3017,0, 410, False, 1
3018,0, 410, False, 1
3019,0, 410, False, 1
3020,0, 410, False, 1
3021,0, 410, False, 1
3022,0, 410, False, 1
3023,0, 410, False, 1
3024,0, 410, False, 1
3025,0, 410, False, 1
3026,0, 410, False, 1
3027,0, 410, False, 1
3028,0, 410, False, 1
3029,0, 410, False, 1
3030,0, 410, False, 1
3031,0, 410, False, 1
3032,0, 410, False, 1
3033,0, 410, False, 1
3034,0, 410, False, 1
3035,0, 410, False, 1
3036,0, 410, False, 1
3037,0, 410, False, 1
3038,0, 410, False, 1
3039,0, 410, False, 1
3040,0, 410, False, 1
3041,0, 410, False, 1
3042,0, 410, False, 1
3043,0, 410, False, 1
3044,0, 410, False, 1
3045,0, 410, False, 1
3046,0, 410, False, 1
3047,25, 435, False, 1
3048,0, 435, False, 1
3049,0, 435, False, 1
3050,0, 435, False, 1
3051,0, 435, False, 1
3052,0, 435, False, 1
3053,0, 435, False, 1
3054,0, 435, False, 1
3055,0, 435, False, 1
3056,0, 435, False, 1
3057,0, 435, False, 1
3058,0, 435, False, 1
3059,0, 435, False, 1
3060,0, 435, False, 1
3061,0, 435, False, 1
3062,0, 435, False, 1
3063,0, 435, False, 1
3064,0, 435, False, 1
3065,0, 435, False, 1
3066,0, 435, False, 1
3067,0, 435, False, 12
3068,0, 435, False, 12
3069,0, 435, False, 12
3070,0, 435, False, 12
3071,0, 435, False, 12
3072,0, 435, False, 12
3073,0, 435, False, 12
3074,0, 435, False, 12
3075,0, 435, False, 12
3076,0, 435, False, 12
3077,0, 435, False, 12
3078,0, 435, False, 1
3079,0, 435, False, 1
3080,0, 435, False, 1
3081,0, 435, False, 1
3082,0, 435, False, 1
3083,0, 435, False, 1
3084,0, 435, False, 1
3085,0, 435, False, 1
3086,0, 435, False, 1
3087,0, 435, False, 1
3088,0, 435, False, 1
3089,0, 435, False, 1
3090,0, 435, False, 1
3091,0, 435, False, 1
3092,0, 435, False, 1
3093,30, 465, False, 1
3094,0, 465, False, 1
3095,0, 465, False, 1
3096,0, 465, False, 1
3097,0, 465, False, 1
3098,0, 465, False, 1
3099,0, 465, False, 1
3100,0, 465, False, 1
3101,0, 465, False, 1
3102,0, 465, False, 1
3103,0, 465, False, 1
3104,0, 465, False, 1
3105,0, 465, False, 1
3106,0, 465, False, 1
3107,0, 465, False, 1
3108,0, 465, False, 1
3109,0, 465, False, 1
3110,0, 465, False, 1
3111,0, 465, False, 1
3112,0, 465, False, 1
3113,0, 465, False, 1
3114,0, 465, False, 1
3115,0, 465, False, 1
3116,0, 465, False, 1
3117,0, 465, False, 1
3118,0, 465, False, 1
3119,0, 465, False, 1
3120,0, 465, False, 1
3121,0, 465, False, 1
3122,0, 465, False, 1
3123,0, 465, False, 1
3124,0, 465, False, 1
3125,0, 465, False, 1
3126,0, 465, False, 12
3127,0, 465, False, 12
3128,0, 465, False, 12
3129,0, 465, False, 12
3130,0, 465, False, 12
3131,0, 465, False, 12
3132,0, 465, False, 12
3133,0, 465, False, 12
3134,0, 465, False, 12
3135,0, 465, False, 12
3136,0, 465, False, 12
3137,0, 465, False, 12
3138,0, 465, False, 12
3139,0, 465, False, 12
3140,0, 465, False, 12
3141,0, 465, False, 1
3142,0, 465, False, 1
3143,0, 465, False, 1
3144,0, 465, False, 1
3145,0, 465, False, 1
3146,0, 465, False, 1
3147,0, 465, False, 1
3148,0, 465, False, 1
3149,0, 465, False, 1
3150,0, 465, False, 1
3151,0, 465, False, 1
3152,0, 465, False, 1
3153,0, 465, False, 1
3154,0, 465, False, 1
3155,0, 465, False, 1
3156,0, 465, False, 1
3157,0, 465, False, 1
3158,0, 465, False, 1
3159,0, 465, False, 1
3160,0, 465, False, 1
3161,0, 465, False, 1
3162,0, 465, False, 1
3163,0, 465, False, 1
3164,0, 465, False, 1
3165,0, 465, False, 1
3166,0, 465, False, 1
3167,0, 465, False, 1
3168,0, 465, False, 1
3169,0, 465, False, 1
3170,0, 465, False, 1
3171,0, 465, False, 1
3172,0, 465, False, 1
3173,0, 465, False, 1
3174,0, 465, False, 1
3175,0, 465, False, 1
3176,0, 465, False, 1
3177,0, 465, False, 1
3178,0, 465, False, 1
3179,0, 465, False, 1
3180,0, 465, False, 1
3181,0, 465, False, 1
3182,0, 465, False, 1
3183,0, 465, False, 11
3184,0, 465, False, 11
3185,0, 465, False, 11
3186,0, 465, False, 11
3187,0, 465, False, 11
3188,0, 465, False, 11
3189,0, 465, False, 11
3190,0, 465, False, 11
3191,0, 465, False, 11
3192,0, 465, False, 11
3193,0, 465, False, 1
3194,0, 465, False, 1
3195,0, 465, False, 1
3196,0, 465, False, 1
3197,0, 465, False, 1
3198,0, 465, False, 1
3199,0, 465, False, 1
3200,0, 465, False, 1
3201,0, 465, False, 1
3202,0, 465, False, 12
3203,0, 465, False, 12
3204,0, 465, False, 12
3205,0, 465, False, 12
3206,0, 465, False, 12
3207,0, 465, False, 12
3208,0, 465, False, 12
3209,0, 465, False, 12
3210,0, 465, False, 12
3211,0, 465, False, 12
3212,0, 465, False, 12
3213,0, 465, False, 12
3214,0, 465, False, 1
3215,0, 465, False, 1
3216,0, 465, False, 1
3217,0, 465, False, 1
3218,0, 465, False, 1
3219,0, 465, False, 1
3220,0, 465, False, 1
3221,0, 465, False, 1
3222,0, 465, False, 1
3223,0, 465, False, 1
3224,0, 465, False, 1
3225,0, 465, False, 1
3226,0, 465, False, 1
3227,0, 465, False, 1
3228,0, 465, False, 1
3229,0, 465, False, 1
3230,0, 465, False, 1
3231,0, 465, False, 1
3232,0, 465, False, 1
3233,0, 465, False, 1
3234,0, 465, False, 1
3235,20, 485, False, 1
3236,0, 485, False, 1
3237,0, 485, False, 1
3238,0, 485, False, 1
3239,0, 485, False, 1
3240,0, 485, False, 1
3241,0, 485, False, 1
3242,0, 485, False, 1
3243,0, 485, False, 1
3244,0, 485, False, 1
3245,0, 485, False, 1
3246,0, 485, False, 1
3247,0, 485, False, 1
3248,0, 485, False, 1
3249,0, 485, False, 1
3250,0, 485, False, 1
3251,0, 485, False, 1
3252,0, 485, False, 1
3253,0, 485, False, 1
3254,0, 485, False, 1
3255,0, 485, False, 1
3256,0, 485, False, 1
3257,0, 485, False, 1
3258,0, 485, False, 1
3259,0, 485, False, 1
3260,0, 485, False, 12
3261,0, 485, False, 12
3262,0, 485, False, 12
3263,0, 485, False, 12
3264,0, 485, False, 12
3265,0, 485, False, 12
3266,0, 485, False, 12
3267,0, 485, False, 12
3268,0, 485, False, 12
3269,0, 485, False, 12
3270,0, 485, False, 12
3271,0, 485, False, 12
3272,0, 485, False, 12
3273,0, 485, False, 12
3274,0, 485, False, 12
3275,0, 485, False, 12
3276,0, 485, False, 12
3277,0, 485, False, 12
3278,0, 485, False, 12
3279,0, 485, False, 12
3280,0, 485, False, 12
3281,0, 485, False, 12
3282,0, 485, False, 12
3283,0, 485, False, 12
3284,0, 485, False, 12
3285,0, 485, False, 12
3286,0, 485, False, 12
3287,0, 485, False, 1
3288,0, 485, False, 1
3289,0, 485, False, 1
3290,0, 485, False, 1
3291,0, 485, False, 1
3292,0, 485, False, 1
3293,0, 485, False, 1
3294,0, 485, False, 1
3295,0, 485, False, 1
3296,0, 485, False, 1
3297,0, 485, False, 1
3298,0, 485, False, 1
3299,0, 485, False, 1
3300,0, 485, False, 12
3301,0, 485, False, 12
3302,0, 485, False, 12
3303,0, 485, False, 12
3304,0, 485, False, 12
3305,0, 485, False, 12
3306,0, 485, False, 12
3307,0, 485, False, 12
3308,0, 485, False, 12
3309,0, 485, False, 12
3310,0, 485, False, 12
3311,0, 485, False, 12
3312,0, 485, False, 12
3313,0, 485, False, 12
3314,0, 485, False, 12
3315,0, 485, False, 12
3316,0, 485, False, 12
3317,0, 485, False, 12
3318,0, 485, False, 12
3319,0, 485, False, 12
3320,0, 485, False, 12
3321,0, 485, False, 12
3322,0, 485, False, 12
3323,0, 485, False, 12
3324,0, 485, False, 12
3325,0, 485, False, 12
3326,0, 485, False, 12
3327,0, 485, False, 12
3328,0, 485, False, 12
3329,0, 485, False, 12
3330,0, 485, False, 12
3331,0, 485, False, 12
3332,0, 485, False, 12
3333,0, 485, False, 12
3334,0, 485, False, 12
3335,0, 485, False, 12
3336,0, 485, False, 12
3337,0, 485, False, 12
3338,0, 485, False, 12
3339,0, 485, False, 12
3340,0, 485, False, 12
3341,0, 485, False, 12
3342,0, 485, False, 12
3343,0, 485, False, 12
3344,0, 485, False, 12
3345,0, 485, False, 12
3346,0, 485, False, 12
3347,0, 485, False, 12
3348,0, 485, False, 12
3349,0, 485, False, 12
3350,0, 485, False, 12
3351,0, 485, False, 12
3352,0, 485, False, 12
3353,0, 485, False, 12
3354,0, 485, False, 12
3355,0, 485, False, 12
3356,0, 485, False, 12
3357,0, 485, False, 12
3358,0, 485, False, 12
3359,0, 485, False, 12
3360,0, 485, False, 12
3361,0, 485, False, 12
3362,0, 485, False, 12
3363,0, 485, False, 12
3364,0, 485, False, 1
3365,0, 485, False, 1
3366,0, 485, False, 1
3367,0, 485, False, 1
3368,0, 485, False, 1
3369,0, 485, False, 1
3370,0, 485, False, 1
3371,0, 485, False, 1
3372,0, 485, False, 1
3373,0, 485, False, 1
3374,0, 485, False, 1
3375,0, 485, False, 1
3376,0, 485, False, 1
3377,0, 485, False, 1
3378,0, 485, False, 0
3379,0, 485, False, 0
3380,0, 485, False, 0
3381,0, 485, False, 0
3382,0, 485, False, 0
3383,0, 485, False, 0
3384,0, 485, False, 0
3385,0, 485, False, 0
3386,0, 485, False, 0
3387,0, 485, False, 0
3388,0, 485, False, 0
3389,0, 485, False, 0
3390,0, 485, False, 0
3391,0, 485, False, 0
3392,0, 485, False, 0
3393,0, 485, False, 0
3394,0, 485, False, 0
3395,0, 485, False, 0
3396,0, 485, False, 0
3397,0, 485, False, 0
3398,0, 485, False, 0
3399,0, 485, False, 0
3400,0, 485, False, 0
3401,0, 485, False, 0
3402,0, 485, False, 0
3403,0, 485, False, 0
3404,0, 485, False, 0
3405,0, 485, False, 0
3406,0, 485, False, 0
3407,0, 485, False, 0
3408,0, 485, False, 0
3409,0, 485, False, 0
3410,0, 485, False, 0
3411,0, 485, False, 0
3412,0, 485, False, 0
3413,0, 485, False, 0
3414,0, 485, False, 0
3415,0, 485, False, 0
3416,0, 485, False, 0
3417,0, 485, False, 0
3418,0, 485, False, 0
3419,0, 485, False, 0
3420,0, 485, False, 0
3421,0, 485, False, 0
3422,0, 485, False, 0
3423,0, 485, False, 0
3424,0, 485, False, 0
3425,0, 485, False, 0
3426,0, 485, False, 0
3427,0, 485, False, 0
3428,0, 485, False, 0
3429,0, 485, False, 0
3430,0, 485, False, 0
3431,0, 485, False, 0
3432,0, 485, False, 0
3433,0, 485, False, 0
3434,0, 485, False, 0
3435,0, 485, False, 0
3436,0, 485, False, 0
3437,0, 485, False, 0
3438,0, 485, False, 0
3439,0, 485, False, 0
3440,0, 485, False, 0
3441,0, 485, False, 0
3442,0, 485, False, 0
3443,0, 485, False, 0
3444,0, 485, False, 0
3445,0, 485, False, 0
3446,0, 485, False, 0
3447,0, 485, False, 0
3448,0, 485, False, 0
3449,0, 485, False, 0
3450,0, 485, False, 0
3451,0, 485, False, 0
3452,0, 485, False, 0
3453,0, 485, False, 0
3454,0, 485, False, 0
3455,0, 485, False, 0
3456,0, 485, False, 0
3457,0, 485, False, 0
3458,0, 485, False, 0
3459,0, 485, False, 0
3460,0, 485, False, 0
3461,0, 485, False, 0
3462,0, 485, False, 0
3463,0, 485, False, 0
3464,0, 485, True, 0
